2022	2	16	6	0
	288	11	45.000000	70.750000	9.879606e+04	1.020670e-04
	54	39	-13.500000	63.750000	9.752319e+04	2.922368e-04
	118	53	2.500000	60.250000	9.802727e+04	1.415275e-04
	65	67	-10.750000	56.750000	9.728081e+04	3.101116e-04
	171	120	15.750000	43.500000	1.014436e+05	1.956684e-05
	280	121	43.000000	43.250000	1.020914e+05	1.368128e-05
2022	2	16	5	3
	48	38	-15.000000	64.000000	9.741828e+04	2.870514e-04
	122	51	3.500000	60.750000	9.797788e+04	1.415830e-04
	73	66	-8.750000	57.000000	9.722372e+04	2.538019e-04
	280	121	43.000000	43.250000	1.021787e+05	1.740701e-05
	173	122	16.250000	43.000000	1.014154e+05	3.257367e-05
2022	2	16	4	6
	39	37	-17.250000	64.250000	9.770531e+04	2.031502e-04
	83	66	-6.250000	57.000000	9.745618e+04	2.769441e-04
	99	67	-2.250000	56.750000	9.745618e+04	2.081340e-04
	279	121	42.750000	43.250000	1.023256e+05	8.596052e-06
2022	2	16	2	9
	49	64	-14.750000	57.500000	9.769840e+04	9.908284e-05
	111	66	0.750000	57.000000	9.746405e+04	2.219280e-04
2022	2	16	4	12
	67	55	-10.250000	59.750000	9.755511e+04	7.749289e-05
	121	65	3.250000	57.250000	9.734341e+04	2.199139e-04
	62	69	-11.500000	56.250000	9.740774e+04	2.471195e-04
	183	138	18.750000	39.000000	1.012536e+05	1.826365e-04
2022	2	16	4	15
	129	65	5.250000	57.250000	9.710198e+04	2.182142e-04
	151	67	10.750000	56.750000	9.710749e+04	2.377725e-04
	76	68	-8.000000	56.500000	9.699126e+04	2.899837e-04
	185	136	19.250000	39.500000	1.010324e+05	1.805736e-04
2022	2	16	3	18
	135	66	6.750000	57.000000	9.686386e+04	1.704126e-04
	93	68	-3.750000	56.500000	9.701705e+04	2.962054e-04
	185	134	19.250000	40.000000	1.010304e+05	1.628922e-04
2022	2	16	5	21
	173	63	16.250000	57.750000	9.654238e+04	2.252680e-04
	147	66	9.750000	57.000000	9.650557e+04	1.777506e-04
	137	117	7.250000	44.250000	1.012331e+05	6.085634e-05
	278	120	42.500000	43.500000	1.022122e+05	-4.330969e-05
	185	134	19.250000	40.000000	1.011235e+05	1.285859e-04
2022	2	17	6	0
	288	10	45.000000	71.000000	9.903481e+04	1.179637e-04
	179	60	17.750000	58.500000	9.606487e+04	2.503360e-04
	169	71	15.250000	55.750000	9.609491e+04	2.531225e-04
	137	117	7.250000	44.250000	1.010593e+05	7.569690e-05
	278	121	42.500000	43.250000	1.020803e+05	-4.897106e-05
	184	134	19.000000	40.000000	1.011863e+05	1.147690e-04
2022	2	17	6	3
	288	12	45.000000	70.500000	9.908813e+04	9.536081e-05
	183	58	18.750000	59.000000	9.567780e+04	2.393311e-04
	137	113	7.250000	45.250000	1.007105e+05	1.467562e-06
	0	115	-27.000000	44.750000	1.006156e+05	1.581385e-04
	279	121	42.750000	43.250000	1.018371e+05	-3.004980e-05
	183	135	18.750000	39.750000	1.011595e+05	1.082667e-04
2022	2	17	5	6
	288	13	45.000000	70.250000	9.917087e+04	7.302193e-05
	186	59	19.500000	58.750000	9.553609e+04	2.274183e-04
	0	113	-27.000000	45.250000	1.001202e+05	1.704658e-04
	138	117	7.500000	44.250000	1.007253e+05	9.957263e-05
	279	121	42.750000	43.250000	1.016770e+05	-1.168749e-05
2022	2	17	3	9
	199	56	22.750000	59.500000	9.547239e+04	1.718956e-04
	11	107	-24.250000	46.750000	9.985237e+04	3.018040e-04
	278	120	42.500000	43.500000	1.017069e+05	-2.177679e-05
2022	2	17	3	12
	203	54	23.750000	60.000000	9.543999e+04	1.769446e-04
	22	101	-21.500000	48.250000	9.953073e+04	2.732056e-04
	273	119	41.250000	43.750000	1.014304e+05	-3.810032e-05
2022	2	17	4	15
	207	53	24.750000	60.250000	9.560766e+04	1.614557e-04
	25	54	-20.750000	60.000000	9.935788e+04	1.202536e-04
	32	95	-19.000000	49.750000	9.909238e+04	3.239505e-04
	158	107	12.500000	46.750000	1.001691e+05	-1.142376e-05
2022	2	17	4	18
	211	49	25.750000	61.250000	9.578208e+04	2.161213e-04
	26	52	-20.500000	60.500000	9.908357e+04	1.473868e-04
	41	90	-16.750000	51.000000	9.855275e+04	4.028137e-04
	166	125	14.500000	42.250000	1.009065e+05	-3.079723e-05
2022	2	17	4	21
	213	45	26.250000	62.250000	9.586607e+04	1.956408e-04
	22	49	-21.500000	61.250000	9.882784e+04	1.772568e-04
	43	56	-16.250000	59.500000	9.887408e+04	1.486591e-04
	55	82	-13.250000	53.000000	9.805039e+04	3.154437e-04
2022	2	18	4	0
	214	43	26.500000	62.750000	9.598670e+04	1.808382e-04
	18	48	-22.500000	61.500000	9.860292e+04	2.321482e-04
	42	54	-16.500000	60.000000	9.858908e+04	1.839714e-04
	62	79	-11.500000	53.750000	9.737990e+04	4.869356e-04
2022	2	18	4	3
	215	42	26.750000	63.000000	9.603908e+04	1.374338e-04
	16	48	-23.000000	61.500000	9.843102e+04	2.741702e-04
	42	53	-16.500000	60.250000	9.828018e+04	2.198714e-04
	71	73	-9.250000	55.250000	9.672970e+04	5.211621e-04
2022	2	18	5	6
	219	42	27.750000	63.000000	9.618959e+04	1.253495e-04
	15	47	-23.250000	61.750000	9.849660e+04	2.080593e-04
	43	53	-16.250000	60.250000	9.813721e+04	2.366310e-04
	79	71	-7.250000	55.750000	9.616144e+04	6.013004e-04
	140	107	8.000000	46.750000	1.011587e+05	-9.086439e-05
2022	2	18	4	9
	227	37	29.750000	64.250000	9.637188e+04	5.221250e-05
	13	46	-23.750000	62.000000	9.871081e+04	1.572064e-04
	45	53	-15.750000	60.250000	9.818754e+04	2.876254e-04
	99	66	-2.250000	57.000000	9.608909e+04	4.355643e-04
2022	2	18	7	12
	135	30	6.750000	66.000000	9.786023e+04	7.063397e-05
	235	35	31.750000	64.750000	9.653750e+04	4.214814e-05
	11	46	-24.250000	62.000000	9.879858e+04	1.512916e-04
	49	54	-14.750000	60.000000	9.831714e+04	2.584788e-04
	104	65	-1.000000	57.250000	9.602020e+04	4.520817e-04
	243	128	33.750000	41.500000	1.006962e+05	-4.523661e-05
	231	136	30.750000	39.500000	1.007022e+05	4.477746e-06
2022	2	18	8	15
	245	28	34.250000	66.500000	9.663045e+04	1.059354e-04
	138	33	7.500000	65.250000	9.769226e+04	9.038090e-05
	9	44	-24.750000	62.500000	9.878002e+04	1.318430e-04
	54	54	-13.500000	60.000000	9.840962e+04	2.376780e-04
	119	63	2.750000	57.750000	9.617151e+04	3.261555e-04
	102	129	-1.500000	41.250000	1.011801e+05	-1.467243e-07
	233	136	31.250000	39.500000	1.007909e+05	1.843780e-05
	257	162	37.250000	33.000000	1.006683e+05	-1.345584e-05
2022	2	18	6	18
	248	27	35.000000	66.750000	9.664162e+04	1.121712e-04
	5	42	-25.750000	63.000000	9.860638e+04	1.378725e-04
	58	54	-12.500000	60.000000	9.846577e+04	2.731655e-04
	0	57	-27.000000	59.250000	9.848748e+04	1.004660e-04
	134	63	6.500000	57.750000	9.628208e+04	2.147145e-04
	107	130	-0.250000	41.000000	1.012135e+05	7.069018e-05
2022	2	18	6	21
	252	23	36.000000	67.750000	9.665625e+04	1.125914e-04
	147	34	9.750000	65.000000	9.745225e+04	7.114041e-05
	1	53	-26.750000	60.250000	9.842504e+04	1.036783e-04
	64	55	-11.000000	59.750000	9.859144e+04	2.764043e-04
	151	59	10.750000	58.750000	9.636937e+04	3.067067e-04
	107	131	-0.250000	40.750000	1.013620e+05	9.115236e-05
2022	2	19	7	0
	253	17	36.250000	69.250000	9.659397e+04	1.697912e-04
	149	32	10.250000	65.500000	9.747521e+04	8.961112e-05
	5	51	-25.750000	60.750000	9.846734e+04	1.360814e-04
	72	55	-9.000000	59.750000	9.868707e+04	2.714782e-04
	24	57	-21.000000	59.250000	9.846734e+04	1.615821e-04
	155	61	11.750000	58.250000	9.664115e+04	2.392790e-04
	105	135	-0.750000	39.750000	1.013929e+05	5.590134e-05
2022	2	19	5	3
	249	16	35.250000	69.500000	9.653829e+04	1.847334e-04
	80	55	-7.000000	59.750000	9.867590e+04	2.320239e-04
	43	60	-16.250000	58.500000	9.848701e+04	2.146292e-04
	181	60	18.250000	58.500000	9.675251e+04	1.956512e-04
	108	139	0.000000	38.750000	1.012836e+05	9.000636e-05
2022	2	19	7	6
	247	17	34.750000	69.250000	9.659177e+04	1.316519e-04
	90	55	-4.500000	59.750000	9.857745e+04	2.400147e-04
	196	56	22.000000	59.500000	9.689516e+04	1.338670e-04
	48	60	-15.000000	58.500000	9.842488e+04	2.630647e-04
	65	63	-10.750000	57.750000	9.842488e+04	1.946277e-04
	121	139	3.250000	38.750000	1.013127e+05	-1.394242e-05
	106	141	-0.500000	38.250000	1.013127e+05	6.205327e-05
2022	2	19	10	9
	242	18	33.500000	69.000000	9.672860e+04	1.662983e-04
	208	54	25.000000	60.000000	9.711331e+04	8.302947e-05
	99	55	-2.250000	59.750000	9.840255e+04	2.217434e-04
	52	61	-14.000000	58.250000	9.872261e+04	2.523875e-04
	73	63	-8.750000	57.750000	9.872261e+04	2.205565e-04
	136	116	7.000000	44.500000	1.016139e+05	9.056868e-05
	123	138	3.750000	39.000000	1.014870e+05	7.977013e-06
	112	139	1.000000	38.750000	1.014870e+05	1.134374e-04
	251	162	35.750000	33.000000	1.006995e+05	-4.290902e-05
	261	162	38.250000	33.000000	1.006995e+05	6.069331e-05
2022	2	19	10	12
	265	15	39.250000	69.750000	9.685049e+04	1.070531e-04
	223	51	28.750000	60.750000	9.730158e+04	9.679453e-05
	224	51	29.000000	60.750000	9.730158e+04	1.011076e-04
	225	51	29.250000	60.750000	9.730158e+04	1.035910e-04
	108	54	0.000000	60.000000	9.843274e+04	1.752975e-04
	56	62	-13.000000	58.000000	9.896766e+04	2.000503e-04
	83	62	-6.250000	58.000000	9.889578e+04	1.982489e-04
	126	136	4.500000	39.500000	1.015312e+05	4.574835e-05
	249	159	35.250000	33.750000	1.005054e+05	4.203850e-05
	261	162	38.250000	33.000000	1.005054e+05	8.608004e-05
2022	2	19	4	15
	270	13	40.500000	70.250000	9.690381e+04	1.126482e-04
	0	57	-27.000000	59.250000	9.680330e+04	1.519628e-04
	132	136	6.000000	39.500000	1.015464e+05	4.984405e-05
	265	162	39.250000	33.000000	1.006331e+05	1.452910e-04
2022	2	19	5	18
	273	13	41.250000	70.250000	9.691561e+04	1.358498e-04
	151	34	10.750000	65.000000	9.813910e+04	1.189588e-04
	0	53	-27.000000	60.250000	9.595210e+04	2.020824e-04
	136	135	7.000000	39.750000	1.016238e+05	5.338856e-05
	258	162	37.500000	33.000000	1.008173e+05	1.040875e-04
2022	2	19	6	21
	277	12	42.250000	70.500000	9.694219e+04	1.215732e-04
	151	35	10.750000	64.750000	9.824983e+04	1.062314e-04
	0	48	-27.000000	61.500000	9.537157e+04	1.634779e-04
	147	135	9.750000	39.750000	1.018178e+05	5.405752e-05
	271	162	40.750000	33.000000	1.009801e+05	1.178784e-05
	281	162	43.250000	33.000000	1.009801e+05	1.880400e-05
2022	2	20	7	0
	279	10	42.750000	71.000000	9.695351e+04	1.414611e-04
	65	25	-10.750000	67.250000	9.888524e+04	1.529333e-04
	0	46	-27.000000	62.000000	9.532093e+04	1.571729e-04
	0	55	-27.000000	59.750000	9.532093e+04	6.591381e-05
	143	64	8.750000	57.500000	9.907052e+04	1.196002e-04
	147	135	9.750000	39.750000	1.018310e+05	1.269676e-05
	278	162	42.500000	33.000000	1.009758e+05	1.418418e-05
