2022	2	14	7	0
	4	6	-26.000000	72.000000	9.972664e+04	-2.211079e-05
	217	9	27.250000	71.250000	9.838734e+04	1.119532e-04
	193	12	21.250000	70.500000	9.838734e+04	1.295415e-04
	1	17	-26.750000	69.250000	9.972664e+04	-5.834012e-06
	221	21	28.250000	68.250000	9.839820e+04	6.529218e-05
	113	62	1.250000	58.000000	9.848405e+04	7.740764e-05
	105	71	-0.750000	55.750000	9.848405e+04	8.759976e-05
2022	2	14	5	3
	56	5	-13.000000	72.250000	1.001432e+05	1.184159e-04
	212	9	26.000000	71.250000	9.814183e+04	2.310576e-04
	227	22	29.750000	68.000000	9.824972e+04	1.031012e-04
	113	62	1.250000	58.000000	9.841874e+04	9.158475e-05
	108	71	0.000000	55.750000	9.841874e+04	8.372907e-05
2022	2	14	3	6
	60	4	-12.000000	72.500000	1.001121e+05	1.016982e-04
	217	8	27.250000	71.500000	9.803344e+04	2.464280e-04
	114	70	1.500000	56.000000	9.840538e+04	9.337710e-05
2022	2	14	4	9
	63	3	-11.250000	72.750000	1.001654e+05	6.615334e-05
	235	8	31.750000	71.500000	9.804847e+04	1.709040e-04
	0	52	-27.000000	60.500000	9.793573e+04	1.401654e-04
	123	69	3.750000	56.250000	9.839736e+04	1.366108e-04
2022	2	14	6	12
	6	7	-25.500000	71.750000	1.000099e+05	2.494834e-05
	232	7	31.000000	71.750000	9.803945e+04	1.712893e-04
	222	15	28.500000	69.750000	9.803945e+04	2.043705e-04
	0	48	-27.000000	61.500000	9.750750e+04	1.747412e-04
	128	65	5.000000	57.250000	9.836613e+04	1.655417e-04
	128	66	5.000000	57.000000	9.836613e+04	1.629938e-04
2022	2	14	4	15
	6	7	-25.500000	71.750000	9.989433e+04	3.612870e-05
	237	8	32.250000	71.500000	9.809957e+04	1.026169e-04
	0	44	-27.000000	62.500000	9.710599e+04	1.348287e-04
	133	62	6.250000	58.000000	9.830300e+04	1.826445e-04
2022	2	14	5	18
	250	6	35.500000	72.000000	9.814083e+04	1.245443e-04
	6	7	-25.500000	71.750000	9.984188e+04	3.458483e-05
	288	13	45.000000	70.250000	9.900680e+04	6.327696e-05
	0	40	-27.000000	63.500000	9.696036e+04	1.276887e-04
	135	61	6.750000	58.250000	9.843895e+04	2.093951e-04
2022	2	14	4	21
	250	6	35.500000	72.000000	9.811995e+04	1.262242e-04
	27	39	-20.250000	63.750000	9.724095e+04	4.894609e-06
	138	60	7.500000	58.500000	9.850877e+04	2.091004e-04
	138	121	7.500000	43.250000	1.011107e+05	1.222194e-04
2022	2	15	7	0
	6	7	-25.500000	71.750000	9.969458e+04	7.127383e-05
	246	8	34.500000	71.500000	9.815720e+04	1.778785e-04
	0	37	-27.000000	64.250000	9.722508e+04	1.026924e-04
	33	45	-18.750000	62.250000	9.753706e+04	2.321363e-04
	126	53	4.500000	60.250000	9.852179e+04	1.022509e-04
	143	58	8.750000	59.000000	9.852179e+04	2.319800e-04
	145	118	9.250000	44.000000	1.010818e+05	1.377965e-04
2022	2	15	5	3
	269	10	40.250000	71.000000	9.818976e+04	1.473665e-04
	28	41	-20.000000	63.250000	9.748145e+04	2.279903e-04
	126	53	4.500000	60.250000	9.846183e+04	7.193207e-05
	147	56	9.750000	59.500000	9.846183e+04	2.998829e-04
	147	119	9.750000	43.750000	1.009577e+05	9.603296e-05
2022	2	15	6	6
	272	10	41.000000	71.000000	9.825506e+04	1.539845e-04
	273	10	41.250000	71.000000	9.825506e+04	1.457358e-04
	126	49	4.500000	61.250000	9.854049e+04	1.085842e-04
	151	53	10.750000	60.250000	9.849290e+04	2.949860e-04
	158	113	12.500000	45.250000	1.010035e+05	1.224554e-04
	146	117	9.500000	44.250000	1.010035e+05	8.688011e-05
2022	2	15	7	9
	277	9	42.250000	71.250000	9.838851e+04	1.660420e-04
	2	10	-26.500000	71.000000	9.895152e+04	7.901650e-06
	27	34	-20.250000	65.000000	9.737773e+04	9.696129e-05
	125	49	4.250000	61.250000	9.857456e+04	1.544227e-04
	153	50	11.250000	61.000000	9.851077e+04	2.660311e-04
	0	81	-27.000000	53.250000	9.848070e+04	1.073435e-04
	157	111	12.250000	45.750000	1.010778e+05	1.106701e-04
2022	2	15	9	12
	6	7	-25.500000	71.750000	9.957082e+04	2.470975e-05
	280	9	43.000000	71.250000	9.848788e+04	2.270339e-04
	0	35	-27.000000	64.750000	9.753489e+04	-1.243051e-05
	36	35	-18.000000	64.750000	9.783152e+04	1.756704e-04
	156	48	12.000000	61.500000	9.852045e+04	1.980305e-04
	126	49	4.500000	61.250000	9.860412e+04	1.525354e-04
	7	77	-25.250000	54.250000	9.812847e+04	2.473929e-04
	161	111	13.250000	45.750000	1.010145e+05	1.007149e-04
	155	162	11.750000	33.000000	1.016256e+05	7.404197e-05
2022	2	15	9	15
	282	8	43.500000	71.500000	9.857206e+04	2.258994e-04
	139	41	7.750000	63.250000	9.861030e+04	9.503150e-05
	159	47	12.750000	61.750000	9.861030e+04	1.461009e-04
	127	48	4.750000	61.500000	9.861030e+04	1.583576e-04
	144	51	9.000000	60.750000	9.861030e+04	5.461503e-05
	20	73	-22.000000	55.250000	9.788630e+04	2.503922e-04
	153	110	11.250000	46.000000	1.010688e+05	3.522605e-05
	148	156	10.000000	34.500000	1.014700e+05	7.302302e-06
	160	162	13.000000	33.000000	1.014700e+05	4.233623e-06
2022	2	15	7	18
	285	8	44.250000	71.500000	9.866024e+04	1.855835e-04
	40	35	-17.000000	64.750000	9.801841e+04	1.885326e-04
	138	40	7.500000	63.500000	9.861616e+04	1.300603e-04
	167	45	14.750000	62.250000	9.868162e+04	1.441855e-04
	126	66	4.500000	57.000000	9.865623e+04	2.052318e-04
	27	70	-20.250000	56.000000	9.772712e+04	2.374843e-04
	162	162	13.500000	33.000000	1.014551e+05	-2.362748e-06
2022	2	15	5	21
	288	8	45.000000	71.500000	9.876730e+04	1.104248e-04
	138	39	7.500000	63.750000	9.866125e+04	1.324637e-04
	128	65	5.000000	57.250000	9.862634e+04	1.839645e-04
	0	70	-27.000000	56.000000	9.742316e+04	1.212788e-04
	165	159	14.250000	33.750000	1.015757e+05	3.527863e-05
2022	2	16	4	0
	137	38	7.250000	64.000000	9.867144e+04	1.638845e-04
	7	65	-25.250000	57.250000	9.694499e+04	2.231495e-04
	133	65	6.250000	57.250000	9.869883e+04	2.032191e-04
	166	158	14.500000	34.000000	1.015429e+05	9.612843e-05
2022	2	16	5	3
	288	7	45.000000	71.750000	9.894501e+04	1.098111e-04
	135	38	6.750000	64.000000	9.864438e+04	1.845222e-04
	15	61	-23.250000	58.250000	9.646432e+04	2.436093e-04
	140	65	8.000000	57.250000	9.876814e+04	1.861647e-04
	169	156	15.250000	34.500000	1.014010e+05	1.060508e-04
2022	2	16	4	6
	133	37	6.250000	64.250000	9.858776e+04	1.969298e-04
	23	58	-21.250000	59.000000	9.598164e+04	2.500096e-04
	137	116	7.250000	44.500000	1.013141e+05	8.154982e-05
	173	154	16.250000	35.000000	1.014070e+05	1.146190e-04
2022	2	16	3	9
	28	56	-20.000000	59.500000	9.574748e+04	2.881816e-04
	137	117	7.250000	44.250000	1.014145e+05	1.046057e-04
	176	152	17.000000	35.500000	1.013998e+05	1.332189e-04
2022	2	16	4	12
	44	53	-16.000000	60.250000	9.558364e+04	2.287457e-04
	137	117	7.250000	44.250000	1.013931e+05	1.034553e-04
	173	142	16.250000	38.000000	1.011912e+05	4.750619e-05
	179	150	17.750000	36.000000	1.011912e+05	1.344889e-04
2022	2	16	4	15
	48	50	-15.000000	61.000000	9.546490e+04	2.790576e-04
	76	51	-8.000000	60.750000	9.548677e+04	2.744080e-04
	137	117	7.250000	44.250000	1.013128e+05	7.742950e-05
	180	147	18.000000	36.750000	1.010140e+05	1.635596e-04
2022	2	16	6	18
	0	36	-27.000000	64.500000	9.760520e+04	1.483325e-05
	72	49	-9.000000	61.250000	9.520201e+04	2.792286e-04
	280	121	43.000000	43.250000	1.019606e+05	-1.211167e-05
	184	145	19.000000	37.250000	1.009477e+05	1.894226e-04
	287	153	44.750000	35.250000	1.015466e+05	1.701877e-05
	272	160	41.000000	33.500000	1.016019e+05	-1.096980e-05
2022	2	16	7	21
	281	2	43.250000	73.000000	9.894618e+04	1.794365e-04
	95	48	-3.250000	61.500000	9.543667e+04	2.723543e-04
	67	51	-10.250000	60.750000	9.531475e+04	3.229009e-04
	150	109	10.500000	46.250000	1.008406e+05	8.666910e-06
	137	117	7.250000	44.250000	1.012567e+05	5.498514e-05
	281	121	43.250000	43.250000	1.017995e+05	-2.073390e-05
	183	144	18.750000	37.500000	1.009188e+05	2.100177e-04
2022	2	17	7	0
	281	3	43.250000	72.750000	9.891678e+04	2.246377e-04
	91	48	-4.250000	61.500000	9.535082e+04	2.817437e-04
	69	54	-9.750000	60.000000	9.536118e+04	3.366592e-04
	143	61	8.750000	58.250000	9.642323e+04	2.578075e-04
	137	117	7.250000	44.250000	1.013310e+05	7.215275e-05
	281	121	43.250000	43.250000	1.017594e+05	-1.512475e-05
	182	144	18.500000	37.500000	1.008881e+05	2.071816e-04
2022	2	17	7	3
	283	4	43.750000	72.500000	9.887637e+04	2.176172e-04
	89	50	-4.750000	61.000000	9.544051e+04	2.886605e-04
	151	60	10.750000	58.500000	9.649238e+04	2.593739e-04
	138	117	7.500000	44.250000	1.010960e+05	6.668265e-05
	281	121	43.250000	43.250000	1.016739e+05	-1.516886e-05
	181	148	18.250000	36.500000	1.008086e+05	2.114276e-04
	195	148	21.750000	36.500000	1.008086e+05	6.823507e-05
2022	2	17	8	6
	284	3	44.000000	72.750000	9.883645e+04	1.703985e-04
	111	51	0.750000	60.750000	9.568068e+04	1.751843e-04
	90	53	-4.500000	60.250000	9.568068e+04	3.021572e-04
	166	60	14.500000	58.500000	9.646432e+04	2.441273e-04
	137	117	7.250000	44.250000	1.012498e+05	8.684483e-05
	281	121	43.250000	43.250000	1.016675e+05	-1.331726e-05
	274	149	41.500000	36.250000	1.016345e+05	2.296959e-05
	182	153	18.500000	35.250000	1.008640e+05	1.970877e-04
2022	2	17	8	9
	284	2	44.000000	73.000000	9.886701e+04	1.866645e-04
	117	51	2.250000	60.750000	9.589430e+04	1.835313e-04
	176	59	17.000000	58.750000	9.630181e+04	2.583840e-04
	0	113	-27.000000	45.250000	1.016385e+05	7.695144e-05
	288	123	45.000000	42.750000	1.015475e+05	2.663043e-05
	6	124	-25.500000	42.500000	1.016385e+05	9.867262e-05
	288	153	45.000000	35.250000	1.015217e+05	1.844566e-05
	184	156	19.000000	34.500000	1.009759e+05	1.832259e-04
2022	2	17	7	12
	284	1	44.000000	73.250000	9.888855e+04	1.484359e-04
	122	52	3.500000	60.500000	9.610941e+04	1.812026e-04
	181	58	18.250000	59.000000	9.611342e+04	2.669039e-04
	4	113	-26.000000	45.250000	1.014502e+05	1.165561e-04
	15	119	-23.250000	43.750000	1.014502e+05	8.369247e-05
	279	120	42.750000	43.500000	1.012789e+05	-1.398983e-06
	186	157	19.500000	34.250000	1.009198e+05	1.822680e-04
2022	2	17	6	15
	287	1	44.750000	73.250000	9.892079e+04	1.065013e-04
	135	45	6.750000	62.250000	9.648553e+04	-1.069964e-04
	125	52	4.250000	60.500000	9.648553e+04	1.740124e-04
	185	57	19.250000	59.250000	9.612010e+04	2.944366e-04
	18	115	-22.500000	44.750000	1.011361e+05	5.798375e-05
	187	160	19.750000	33.500000	1.009395e+05	1.659006e-04
2022	2	17	5	18
	137	35	7.250000	64.750000	9.677563e+04	1.821451e-04
	190	58	20.500000	59.000000	9.615968e+04	2.830180e-04
	23	60	-21.250000	58.500000	9.958785e+04	1.971587e-04
	27	109	-20.250000	46.250000	1.007693e+05	1.245249e-04
	188	161	20.000000	33.250000	1.010594e+05	1.167204e-04
2022	2	17	3	21
	138	34	7.500000	65.000000	9.690891e+04	2.117203e-04
	196	58	22.000000	59.000000	9.623166e+04	2.478664e-04
	34	104	-18.500000	47.500000	1.005320e+05	2.037007e-04
2022	2	18	3	0
	140	33	8.000000	65.250000	9.707059e+04	2.200685e-04
	201	59	23.250000	58.750000	9.641472e+04	2.439731e-04
	42	99	-16.500000	48.750000	1.002155e+05	2.741005e-04
2022	2	18	4	3
	140	32	8.000000	65.500000	9.717681e+04	2.344151e-04
	207	59	24.750000	58.750000	9.663551e+04	2.265818e-04
	52	95	-14.000000	49.750000	9.994393e+04	2.706007e-04
	156	109	12.000000	46.250000	1.011955e+05	4.012770e-05
2022	2	18	5	6
	141	31	8.250000	65.750000	9.720988e+04	2.418802e-04
	212	48	26.000000	61.500000	9.693781e+04	7.119533e-05
	62	50	-11.500000	61.000000	9.889858e+04	1.296031e-04
	212	60	26.000000	58.500000	9.692645e+04	2.229930e-04
	64	89	-11.000000	51.250000	9.956530e+04	2.528283e-04
2022	2	18	6	9
	143	30	8.750000	66.000000	9.727334e+04	2.499975e-04
	214	46	26.500000	62.000000	9.734198e+04	7.842280e-05
	57	50	-12.750000	61.000000	9.893231e+04	9.691853e-05
	218	60	27.500000	58.500000	9.726967e+04	1.669541e-04
	74	86	-8.500000	52.000000	9.947812e+04	2.987610e-04
	152	111	11.000000	45.750000	1.017365e+05	7.597673e-05
2022	2	18	3	12
	6	7	-25.500000	71.750000	1.004411e+05	-4.457703e-05
	145	30	9.250000	66.000000	9.734616e+04	2.515479e-04
	88	81	-5.000000	53.250000	9.910367e+04	3.273997e-04
2022	2	18	3	15
	149	29	10.250000	66.250000	9.732695e+04	2.813521e-04
	241	47	33.250000	61.750000	9.775652e+04	-2.042279e-05
	100	79	-2.000000	53.750000	9.874576e+04	3.998825e-04
2022	2	18	6	18
	151	28	10.750000	66.500000	9.731961e+04	3.091837e-04
	265	40	39.250000	63.500000	9.777690e+04	1.299530e-04
	32	48	-19.000000	61.500000	9.894367e+04	1.898860e-04
	115	75	1.750000	54.750000	9.830817e+04	4.209254e-04
	119	125	2.750000	42.250000	1.015520e+05	8.258156e-05
	22	150	-21.500000	36.000000	1.016617e+05	1.887757e-04
2022	2	18	6	21
	151	26	10.750000	67.000000	9.725998e+04	2.570316e-04
	267	36	39.750000	64.500000	9.779427e+04	1.229953e-04
	27	45	-20.250000	62.250000	9.853799e+04	1.580611e-04
	131	73	5.750000	55.250000	9.800688e+04	3.841805e-04
	254	134	36.500000	40.000000	1.008570e+05	-2.117824e-05
	22	152	-21.500000	35.500000	1.017447e+05	2.188224e-04
2022	2	19	7	0
	152	25	11.000000	67.250000	9.731059e+04	2.404068e-04
	266	33	39.500000	65.250000	9.785590e+04	1.338839e-04
	19	43	-22.250000	62.750000	9.835227e+04	1.016563e-04
	143	73	8.750000	55.250000	9.806968e+04	4.051293e-04
	282	121	43.500000	43.250000	1.006063e+05	1.608880e-05
	235	150	31.750000	36.000000	1.011708e+05	9.213996e-05
	22	152	-21.500000	35.500000	1.017186e+05	2.140107e-04
2022	2	19	11	3
	2	6	-26.500000	72.000000	1.003670e+05	-2.192387e-06
	132	17	6.000000	69.250000	9.728938e+04	7.350826e-05
	154	24	11.500000	67.500000	9.728938e+04	2.231867e-04
	267	32	39.750000	65.500000	9.786876e+04	1.085516e-04
	11	40	-24.250000	63.500000	9.828763e+04	1.199375e-04
	2	48	-26.500000	61.500000	9.828763e+04	9.513891e-05
	27	52	-20.250000	60.500000	9.830099e+04	1.242313e-04
	166	71	14.500000	55.750000	9.796696e+04	2.141356e-04
	247	148	34.750000	36.500000	1.010175e+05	6.096533e-05
	237	151	32.250000	35.750000	1.010175e+05	1.263149e-04
	22	153	-21.500000	35.250000	1.016482e+05	2.295263e-04
2022	2	19	10	6
	6	7	-25.500000	71.750000	1.002494e+05	1.086383e-05
	153	23	11.250000	67.750000	9.736303e+04	2.150523e-04
	269	31	40.250000	65.750000	9.797080e+04	7.882457e-05
	1	45	-26.750000	62.250000	9.806567e+04	7.005432e-05
	179	70	17.750000	56.000000	9.793323e+04	2.515695e-04
	152	106	11.000000	47.000000	1.010531e+05	-7.426701e-05
	137	117	7.250000	44.250000	1.015486e+05	1.419618e-04
	279	120	42.750000	43.500000	1.013235e+05	-7.781060e-05
	21	152	-21.750000	35.500000	1.015254e+05	2.279708e-04
	238	153	32.500000	35.250000	1.012094e+05	1.550340e-04
2022	2	19	7	9
	113	14	1.250000	70.000000	9.774767e+04	1.685812e-04
	153	22	11.250000	68.000000	9.744588e+04	2.249222e-04
	191	70	20.750000	56.000000	9.796763e+04	2.389049e-04
	137	117	7.250000	44.250000	1.016044e+05	1.187398e-04
	19	152	-22.250000	35.500000	1.016832e+05	2.569542e-04
	238	156	32.500000	34.500000	1.012587e+05	1.756147e-04
	254	157	36.500000	34.250000	1.012776e+05	-3.317557e-05
2022	2	19	8	12
	113	16	1.250000	69.500000	9.775234e+04	1.990424e-04
	155	21	11.750000	68.250000	9.758967e+04	2.209283e-04
	0	57	-27.000000	59.250000	9.747894e+04	1.025036e-04
	210	70	25.500000	56.000000	9.806116e+04	1.613509e-04
	157	107	12.250000	46.750000	1.013856e+05	2.075187e-06
	137	117	7.250000	44.250000	1.016154e+05	1.140967e-04
	18	153	-22.500000	35.250000	1.017834e+05	2.406420e-04
	257	162	37.250000	33.000000	1.011045e+05	-3.284894e-06
2022	2	19	10	15
	140	15	8.000000	69.750000	9.772930e+04	7.777758e-05
	117	19	2.250000	68.750000	9.772930e+04	2.757254e-04
	159	20	12.750000	68.500000	9.775435e+04	2.148135e-04
	267	30	39.750000	66.000000	9.810692e+04	4.195496e-05
	0	54	-27.000000	60.000000	9.684111e+04	1.358623e-04
	223	70	28.750000	56.000000	9.814466e+04	1.682120e-04
	153	108	11.250000	46.500000	1.016390e+05	1.155274e-05
	135	120	6.750000	43.500000	1.015720e+05	1.323600e-04
	15	152	-23.250000	35.500000	1.017524e+05	2.454151e-04
	258	162	37.500000	33.000000	1.011052e+05	6.335923e-06
2022	2	19	7	18
	161	18	13.250000	69.000000	9.778926e+04	1.952102e-04
	124	19	4.000000	68.750000	9.773565e+04	2.681338e-04
	267	30	39.750000	66.000000	9.814701e+04	5.499920e-05
	0	52	-27.000000	60.500000	9.620545e+04	1.641479e-04
	234	70	31.500000	56.000000	9.823770e+04	1.499718e-04
	138	122	7.500000	43.000000	1.017657e+05	1.016750e-04
	13	152	-23.750000	35.500000	1.018010e+05	2.243264e-04
2022	2	19	8	21
	163	16	13.750000	69.500000	9.778591e+04	2.095773e-04
	131	19	5.750000	68.750000	9.778591e+04	2.512017e-04
	268	30	40.000000	66.000000	9.827093e+04	5.435615e-05
	5	48	-25.750000	61.500000	9.580077e+04	3.515796e-04
	245	70	34.250000	56.000000	9.831002e+04	9.764828e-05
	140	123	8.000000	42.750000	1.019600e+05	8.860444e-05
	176	138	17.000000	39.000000	1.020181e+05	2.932432e-05
	10	152	-24.500000	35.500000	1.019169e+05	2.316192e-04
2022	2	20	6	0
	166	13	14.500000	70.250000	9.779945e+04	2.308540e-04
	136	19	7.000000	68.750000	9.779560e+04	2.279885e-04
	35	36	-18.250000	64.500000	9.552302e+04	-2.877492e-05
	9	45	-24.750000	62.250000	9.545103e+04	4.388063e-04
	255	69	36.750000	56.250000	9.832455e+04	9.461471e-05
	7	154	-25.250000	35.000000	1.019951e+05	2.324723e-04
