2022	2	14	9	0
	4	6	-26.000000	72.000000	9.973059e+04	-1.430125e-05
	221	10	28.250000	71.000000	9.840367e+04	1.316042e-04
	193	11	21.250000	70.750000	9.840367e+04	1.520304e-04
	193	12	21.250000	70.500000	9.840367e+04	1.413150e-04
	194	12	21.500000	70.500000	9.840367e+04	1.227572e-04
	1	17	-26.750000	69.250000	9.973059e+04	4.771127e-07
	218	25	27.500000	67.250000	9.852881e+04	1.064516e-04
	105	71	-0.750000	55.750000	9.847163e+04	9.138959e-05
	106	71	-0.500000	55.750000	9.847163e+04	7.268171e-05
2022	2	14	5	3
	210	9	25.500000	71.250000	9.810152e+04	2.019736e-04
	233	20	31.250000	68.500000	9.817016e+04	5.988538e-05
	117	64	2.250000	57.500000	9.849115e+04	1.015462e-04
	118	64	2.500000	57.500000	9.849115e+04	9.695701e-05
	109	71	0.250000	55.750000	9.849115e+04	7.469578e-05
2022	2	14	3	6
	217	8	27.250000	71.500000	9.792707e+04	2.385454e-04
	118	68	2.500000	56.500000	9.850296e+04	6.843305e-05
	122	121	3.500000	43.250000	1.008743e+05	2.111682e-04
2022	2	14	3	9
	217	9	27.250000	71.250000	9.795035e+04	3.274161e-04
	0	51	-27.000000	60.750000	9.803663e+04	1.166925e-04
	120	68	3.000000	56.500000	9.855860e+04	6.022751e-05
2022	2	14	4	12
	6	7	-25.500000	71.750000	9.995023e+04	3.333817e-05
	223	9	28.750000	71.250000	9.802499e+04	2.147080e-04
	0	48	-27.000000	61.500000	9.763673e+04	1.356565e-04
	132	64	6.000000	57.500000	9.852402e+04	1.434028e-04
2022	2	14	5	15
	6	7	-25.500000	71.750000	9.984716e+04	2.667633e-05
	242	12	33.500000	70.500000	9.805770e+04	1.900991e-04
	0	44	-27.000000	62.500000	9.731934e+04	1.229670e-04
	128	54	5.000000	60.000000	9.852641e+04	5.368001e-05
	137	62	7.250000	58.000000	9.852641e+04	1.607943e-04
2022	2	14	4	18
	251	12	35.750000	70.500000	9.805649e+04	1.889205e-04
	0	39	-27.000000	63.750000	9.712110e+04	1.135734e-04
	150	57	10.500000	59.250000	9.862845e+04	2.256786e-04
	131	63	5.750000	57.750000	9.862845e+04	2.256566e-04
2022	2	14	7	21
	256	11	37.000000	70.750000	9.806146e+04	1.874940e-04
	27	39	-20.250000	63.750000	9.729041e+04	1.025886e-05
	127	51	4.750000	60.750000	9.868905e+04	1.050237e-04
	127	53	4.750000	60.250000	9.868905e+04	8.498623e-05
	127	54	4.750000	60.000000	9.868905e+04	8.035244e-05
	136	62	7.000000	58.000000	9.868905e+04	2.521894e-04
	138	121	7.500000	43.250000	1.011054e+05	1.353444e-04
2022	2	15	8	0
	243	4	33.750000	72.500000	9.809724e+04	1.048988e-04
	6	7	-25.500000	71.750000	9.967477e+04	5.261870e-05
	260	10	38.000000	71.000000	9.809724e+04	1.885480e-04
	0	36	-27.000000	64.500000	9.732277e+04	1.282640e-04
	28	38	-20.000000	64.000000	9.732362e+04	-2.069283e-05
	125	51	4.250000	60.750000	9.875308e+04	1.658813e-04
	142	61	8.500000	58.250000	9.871388e+04	2.231597e-04
	139	121	7.750000	43.250000	1.011143e+05	1.004300e-04
2022	2	15	8	3
	263	10	38.750000	71.000000	9.816246e+04	1.998895e-04
	264	10	39.000000	71.000000	9.816246e+04	2.062945e-04
	23	39	-21.250000	63.750000	9.731541e+04	1.733988e-04
	45	47	-15.750000	61.750000	9.780330e+04	2.404837e-04
	125	51	4.250000	60.750000	9.880358e+04	1.355216e-04
	148	59	10.000000	58.750000	9.870018e+04	2.087707e-04
	171	103	15.750000	47.750000	1.010370e+05	4.992664e-05
	146	118	9.500000	44.000000	1.010036e+05	1.396204e-04
2022	2	15	7	6
	271	10	40.750000	71.000000	9.826227e+04	2.240604e-04
	242	12	33.500000	70.500000	9.826227e+04	1.752184e-04
	41	43	-16.750000	62.750000	9.771839e+04	2.643414e-04
	125	50	4.250000	61.000000	9.882652e+04	1.389353e-04
	155	56	11.750000	59.500000	9.875085e+04	2.044915e-04
	0	87	-27.000000	51.750000	9.923447e+04	1.421505e-04
	146	117	9.500000	44.250000	1.010229e+05	1.482766e-04
2022	2	15	7	9
	273	9	41.250000	71.250000	9.838450e+04	2.173884e-04
	35	39	-18.250000	63.750000	9.773243e+04	2.140087e-04
	64	48	-11.000000	61.500000	9.799589e+04	2.888001e-04
	124	48	4.000000	61.500000	9.884962e+04	1.616347e-04
	158	51	12.500000	60.750000	9.885220e+04	1.837323e-04
	0	82	-27.000000	53.000000	9.841120e+04	1.118623e-04
	155	117	11.750000	44.250000	1.011503e+05	9.527507e-05
2022	2	15	7	12
	275	8	41.750000	71.500000	9.849971e+04	2.207053e-04
	36	35	-18.000000	64.750000	9.782676e+04	1.851384e-04
	62	45	-11.500000	62.250000	9.810032e+04	3.020857e-04
	163	50	13.750000	61.000000	9.887634e+04	1.362602e-04
	6	79	-25.500000	53.750000	9.809313e+04	2.620208e-04
	159	113	12.750000	45.250000	1.011306e+05	1.069663e-04
	153	162	11.250000	33.000000	1.016033e+05	5.649865e-05
2022	2	15	7	15
	278	9	42.500000	71.250000	9.857606e+04	2.180149e-04
	58	41	-12.500000	63.250000	9.806163e+04	2.634996e-04
	174	48	16.500000	61.500000	9.889979e+04	7.526103e-05
	101	56	-1.750000	59.500000	9.848533e+04	1.498847e-04
	14	76	-23.500000	54.500000	9.767867e+04	2.728435e-04
	160	111	13.000000	45.750000	1.011441e+05	1.072417e-04
	157	162	12.250000	33.000000	1.015173e+05	1.174103e-04
2022	2	15	7	18
	283	9	43.750000	71.250000	9.866491e+04	2.389237e-04
	51	37	-14.250000	64.250000	9.800668e+04	2.400959e-04
	181	45	18.250000	62.250000	9.891742e+04	1.087865e-04
	104	55	-1.000000	59.750000	9.845743e+04	1.637572e-04
	120	59	3.000000	58.750000	9.845743e+04	1.572195e-04
	21	74	-21.750000	55.000000	9.739655e+04	2.728924e-04
	162	160	13.500000	33.500000	1.015829e+05	6.104925e-05
2022	2	15	6	21
	288	8	45.000000	71.500000	9.877533e+04	1.274998e-04
	42	33	-16.500000	65.250000	9.795874e+04	2.176352e-04
	184	44	19.000000	62.500000	9.889482e+04	1.552723e-04
	111	55	0.750000	59.750000	9.846256e+04	1.557259e-04
	33	70	-18.750000	56.000000	9.706152e+04	2.873547e-04
	164	158	14.000000	34.000000	1.016553e+05	7.031515e-05
2022	2	16	3	0
	186	43	19.500000	62.750000	9.890458e+04	1.555343e-04
	114	55	1.500000	59.750000	9.841873e+04	1.564337e-04
	46	67	-15.500000	56.750000	9.658561e+04	3.722768e-04
2022	2	16	4	3
	191	41	20.750000	63.250000	9.891331e+04	1.466966e-04
	55	66	-13.250000	57.000000	9.623620e+04	4.483201e-04
	278	121	42.500000	43.250000	1.022271e+05	1.482510e-06
	169	151	15.250000	35.750000	1.014713e+05	8.125677e-05
2022	2	16	8	6
	286	4	44.500000	72.500000	9.885356e+04	1.414147e-04
	195	38	21.750000	64.000000	9.894944e+04	1.517668e-04
	75	65	-8.250000	57.250000	9.631410e+04	3.745980e-04
	91	65	-4.250000	57.250000	9.631410e+04	2.356692e-04
	279	121	42.750000	43.250000	1.022635e+05	-6.464252e-06
	174	136	16.500000	39.500000	1.014454e+05	1.111544e-04
	171	148	15.750000	36.500000	1.014321e+05	1.064122e-04
	171	149	15.750000	36.250000	1.014321e+05	1.135831e-04
2022	2	16	6	9
	281	4	43.250000	72.500000	9.888592e+04	2.173311e-04
	198	36	22.500000	64.500000	9.895063e+04	1.450954e-04
	84	64	-6.000000	57.500000	9.648838e+04	3.534249e-04
	136	116	7.000000	44.500000	1.012273e+05	6.513522e-05
	175	136	16.750000	39.500000	1.014069e+05	1.252125e-04
	175	146	16.750000	37.000000	1.014069e+05	9.472691e-05
2022	2	16	5	12
	280	5	43.000000	72.250000	9.892238e+04	2.077440e-04
	199	34	22.750000	65.000000	9.893386e+04	1.435341e-04
	112	63	1.000000	57.750000	9.642914e+04	3.005504e-04
	175	136	16.750000	39.500000	1.012845e+05	1.336019e-04
	176	146	17.000000	37.000000	1.012845e+05	1.634852e-04
2022	2	16	5	15
	281	5	43.250000	72.250000	9.891896e+04	1.785539e-04
	200	33	23.000000	65.250000	9.863923e+04	1.345088e-04
	54	62	-13.500000	58.000000	9.810203e+04	1.726743e-04
	119	63	2.750000	57.750000	9.632129e+04	2.610869e-04
	178	142	17.500000	38.000000	1.011181e+05	1.764897e-04
2022	2	16	4	18
	278	3	42.500000	72.750000	9.890424e+04	1.481885e-04
	57	62	-12.750000	58.000000	9.813490e+04	1.871788e-04
	123	64	3.750000	57.500000	9.637641e+04	2.856342e-04
	179	140	17.750000	38.500000	1.011470e+05	1.758284e-04
2022	2	16	6	21
	274	2	41.500000	73.000000	9.891708e+04	1.299745e-04
	61	63	-11.750000	57.750000	9.822135e+04	2.027279e-04
	144	66	9.000000	57.000000	9.640688e+04	2.457085e-04
	137	117	7.250000	44.250000	1.009418e+05	8.306172e-05
	278	120	42.500000	43.500000	1.020804e+05	-2.707538e-05
	178	138	17.500000	39.000000	1.012169e+05	2.029780e-04
2022	2	17	7	0
	264	3	39.000000	72.750000	9.892923e+04	1.477131e-04
	179	62	17.750000	58.000000	9.641408e+04	1.680328e-04
	67	65	-10.250000	57.250000	9.833982e+04	1.955162e-04
	155	65	11.750000	57.250000	9.636648e+04	2.196917e-04
	137	117	7.250000	44.250000	1.008305e+05	8.616380e-05
	278	120	42.500000	43.500000	1.021028e+05	-2.418090e-05
	178	137	17.500000	39.250000	1.012224e+05	1.746358e-04
2022	2	17	4	3
	264	4	39.000000	72.500000	9.890150e+04	1.574947e-04
	186	59	19.500000	58.750000	9.632437e+04	2.089953e-04
	138	117	7.500000	44.250000	1.007399e+05	8.176306e-05
	177	135	17.250000	39.750000	1.011683e+05	8.667128e-05
2022	2	17	3	6
	258	3	37.500000	72.750000	9.889072e+04	1.307004e-04
	189	58	20.250000	59.000000	9.615985e+04	2.299166e-04
	138	117	7.500000	44.250000	1.005234e+05	8.540638e-05
2022	2	17	7	9
	255	2	36.750000	73.000000	9.894207e+04	1.232330e-04
	136	40	7.000000	63.500000	9.776752e+04	7.932073e-05
	137	40	7.250000	63.500000	9.776752e+04	7.140631e-05
	192	57	21.000000	59.250000	9.609737e+04	2.608111e-04
	11	100	-24.250000	48.500000	1.000451e+05	1.762615e-04
	5	108	-25.750000	46.500000	1.000451e+05	2.087807e-04
	278	120	42.500000	43.500000	1.016204e+05	-2.220744e-05
2022	2	17	3	12
	198	55	22.500000	59.750000	9.605680e+04	2.498583e-04
	20	95	-22.000000	49.750000	9.968864e+04	2.648704e-04
	278	120	42.500000	43.500000	1.014057e+05	-7.872961e-06
2022	2	17	4	15
	43	44	-16.250000	62.500000	9.920040e+04	2.047381e-04
	202	54	23.500000	60.000000	9.613503e+04	2.357518e-04
	28	91	-20.000000	50.750000	9.926374e+04	2.854867e-04
	154	109	11.500000	46.250000	1.000327e+05	8.150154e-05
2022	2	17	4	18
	142	39	8.500000	63.750000	9.825285e+04	5.537480e-05
	45	43	-15.750000	62.750000	9.913501e+04	2.066564e-04
	207	52	24.750000	60.500000	9.624511e+04	1.527877e-04
	37	87	-17.750000	51.750000	9.870155e+04	3.573597e-04
2022	2	17	3	21
	45	43	-15.750000	62.750000	9.906277e+04	1.905102e-04
	210	53	25.500000	60.250000	9.638223e+04	1.295257e-04
	47	82	-15.250000	53.000000	9.794693e+04	4.625706e-04
2022	2	18	4	0
	46	43	-15.500000	62.750000	9.895115e+04	1.890564e-04
	220	48	28.000000	61.500000	9.654863e+04	6.524395e-05
	45	66	-15.750000	57.000000	9.696720e+04	2.600222e-04
	56	76	-13.000000	54.500000	9.696720e+04	5.700726e-04
2022	2	18	4	3
	7	41	-25.250000	63.250000	9.913330e+04	1.302649e-04
	229	42	30.250000	63.000000	9.662721e+04	1.058439e-04
	49	43	-14.750000	62.750000	9.882995e+04	2.339110e-04
	67	72	-10.250000	55.500000	9.648820e+04	5.976729e-04
2022	2	18	6	6
	236	35	32.000000	64.750000	9.664313e+04	1.196005e-04
	237	35	32.250000	64.750000	9.664313e+04	1.077192e-04
	7	40	-25.250000	63.500000	9.908930e+04	1.477100e-04
	50	43	-14.500000	62.750000	9.872877e+04	2.118369e-04
	78	69	-7.500000	56.250000	9.637094e+04	5.866126e-04
	184	128	19.000000	41.500000	1.009036e+05	1.395117e-04
2022	2	18	5	9
	246	30	34.500000	66.000000	9.669038e+04	6.717335e-05
	247	30	34.750000	66.000000	9.669038e+04	6.598115e-05
	8	39	-25.000000	63.750000	9.920400e+04	1.360969e-04
	50	43	-14.500000	62.750000	9.884535e+04	1.890176e-04
	84	68	-6.000000	56.500000	9.666709e+04	4.975581e-04
2022	2	18	4	12
	155	29	11.750000	66.250000	9.851580e+04	1.148807e-04
	250	29	35.500000	66.250000	9.673729e+04	6.234906e-05
	8	37	-25.000000	64.250000	9.926169e+04	1.231257e-04
	98	67	-2.500000	56.750000	9.704783e+04	3.530110e-04
2022	2	18	4	15
	266	20	39.500000	68.500000	9.667429e+04	1.448226e-04
	253	28	36.250000	66.500000	9.667429e+04	7.054189e-05
	4	35	-26.000000	64.750000	9.931681e+04	1.049805e-04
	113	64	1.250000	57.500000	9.708138e+04	2.608195e-04
2022	2	18	7	18
	113	12	1.250000	70.500000	9.857333e+04	3.204446e-04
	270	18	40.500000	69.000000	9.658886e+04	1.410194e-04
	1	34	-26.750000	65.000000	9.931527e+04	9.421622e-05
	142	61	8.500000	58.250000	9.703893e+04	2.039776e-04
	125	63	4.250000	57.750000	9.703893e+04	2.600524e-04
	248	161	35.000000	33.250000	1.008640e+05	-7.572307e-06
	260	162	38.000000	33.000000	1.008640e+05	8.071249e-05
2022	2	18	7	21
	113	13	1.250000	70.250000	9.852693e+04	2.933489e-04
	272	17	41.000000	69.250000	9.653117e+04	1.550431e-04
	273	17	41.250000	69.250000	9.653117e+04	1.538318e-04
	0	32	-27.000000	65.500000	9.938255e+04	1.103456e-04
	37	43	-17.750000	62.750000	9.938957e+04	1.508750e-04
	137	64	7.250000	57.500000	9.716133e+04	2.320552e-04
	260	162	38.000000	33.000000	1.008445e+05	1.381839e-04
2022	2	19	7	0
	113	15	1.250000	69.750000	9.848807e+04	3.610097e-04
	276	15	42.000000	69.750000	9.649094e+04	1.428101e-04
	39	42	-17.250000	63.000000	9.938427e+04	1.597603e-04
	176	59	17.000000	58.750000	9.722091e+04	1.958876e-04
	151	62	10.750000	58.000000	9.717160e+04	2.641168e-04
	116	123	2.000000	42.750000	1.015194e+05	6.161624e-05
	259	161	37.750000	33.250000	1.009197e+05	1.307200e-04
2022	2	19	8	3
	281	13	43.250000	70.250000	9.645653e+04	1.408871e-04
	115	16	1.750000	69.500000	9.844013e+04	3.897566e-04
	38	41	-17.500000	63.250000	9.932588e+04	1.407270e-04
	187	57	19.750000	59.250000	9.735615e+04	1.926971e-04
	165	61	14.250000	58.250000	9.736180e+04	2.361071e-04
	117	124	2.250000	42.500000	1.015129e+05	6.514210e-05
	108	131	0.000000	40.750000	1.015129e+05	2.728374e-05
	261	161	38.250000	33.250000	1.009269e+05	9.476972e-05
2022	2	19	6	6
	287	11	44.750000	70.750000	9.645379e+04	1.030123e-04
	118	17	2.500000	69.250000	9.845862e+04	4.007005e-04
	39	40	-17.250000	63.500000	9.932538e+04	1.318393e-04
	196	56	22.000000	59.500000	9.733920e+04	1.941598e-04
	249	157	35.250000	34.250000	1.011422e+05	4.663718e-05
	262	162	38.500000	33.000000	1.011422e+05	7.001220e-05
2022	2	19	4	9
	288	10	45.000000	71.000000	9.649094e+04	1.281415e-04
	122	18	3.500000	69.000000	9.854525e+04	3.400953e-04
	201	56	23.250000	59.500000	9.743523e+04	1.620625e-04
	264	162	39.000000	33.000000	1.010561e+05	7.176015e-05
2022	2	19	5	12
	288	10	45.000000	71.000000	9.669842e+04	1.576324e-04
	126	19	4.500000	68.750000	9.866988e+04	2.887613e-04
	205	57	24.250000	59.250000	9.758726e+04	1.518790e-04
	136	114	7.000000	45.000000	1.016108e+05	5.755599e-05
	265	162	39.250000	33.000000	1.009173e+05	5.586743e-05
2022	2	19	3	15
	131	19	5.750000	68.750000	9.874006e+04	3.053308e-04
	216	58	27.000000	59.000000	9.771342e+04	1.464548e-04
	26	162	-20.500000	33.000000	1.019664e+05	8.263861e-05
2022	2	19	3	18
	138	20	7.500000	68.500000	9.881556e+04	3.020996e-04
	0	49	-27.000000	61.250000	9.558961e+04	1.029353e-04
	229	57	30.250000	59.250000	9.785791e+04	1.473957e-04
2022	2	19	5	21
	180	0	18.000000	73.500000	9.870086e+04	6.901560e-05
	181	0	18.250000	73.500000	9.870086e+04	7.870555e-05
	147	20	9.750000	68.500000	9.887839e+04	2.610223e-04
	0	44	-27.000000	62.500000	9.487625e+04	2.017578e-04
	238	56	32.500000	59.500000	9.795412e+04	1.570978e-04
2022	2	20	7	0
	184	0	19.000000	73.500000	9.865566e+04	2.414214e-05
	155	19	11.750000	68.750000	9.887651e+04	2.499042e-04
	27	39	-20.250000	63.750000	9.445615e+04	1.223662e-04
	0	40	-27.000000	63.500000	9.443012e+04	2.698945e-04
	251	53	35.750000	60.250000	9.806762e+04	1.351328e-04
	135	135	6.750000	39.750000	1.018895e+05	7.472343e-05
	146	135	9.500000	39.750000	1.018895e+05	8.540547e-06
