2022	2	14	5	0
	5	6	-25.750000	72.000000	9.975284e+04	-3.446290e-05
	215	9	26.750000	71.250000	9.833152e+04	9.296592e-05
	1	17	-26.750000	69.250000	9.975284e+04	1.602880e-05
	221	20	28.250000	68.500000	9.833152e+04	1.057198e-04
	104	71	-1.000000	55.750000	9.838980e+04	1.410216e-04
2022	2	14	3	3
	57	5	-12.750000	72.250000	1.001505e+05	1.140149e-04
	213	9	26.250000	71.250000	9.800110e+04	2.448744e-04
	108	70	0.000000	56.000000	9.831397e+04	1.569329e-04
2022	2	14	4	6
	61	4	-11.750000	72.500000	1.001378e+05	8.917636e-05
	214	9	26.500000	71.250000	9.782813e+04	3.071460e-04
	109	70	0.250000	56.000000	9.837946e+04	1.512965e-04
	120	76	3.000000	54.500000	9.837946e+04	1.897378e-04
2022	2	14	4	9
	66	3	-10.500000	72.750000	1.002145e+05	7.489802e-05
	233	8	31.250000	71.500000	9.780542e+04	1.834635e-04
	0	53	-27.000000	60.250000	9.790052e+04	1.303576e-04
	120	69	3.000000	56.250000	9.835157e+04	1.110614e-04
2022	2	14	3	12
	229	7	30.250000	71.750000	9.774118e+04	1.804563e-04
	1	50	-26.750000	61.000000	9.747234e+04	2.113051e-04
	127	65	4.750000	57.250000	9.826588e+04	1.992263e-04
2022	2	14	3	15
	244	12	34.000000	70.500000	9.782579e+04	2.087556e-04
	3	45	-26.250000	62.250000	9.703068e+04	2.233541e-04
	130	62	5.500000	58.000000	9.813850e+04	2.748128e-04
2022	2	14	5	18
	249	11	35.250000	70.750000	9.780730e+04	1.700497e-04
	288	12	45.000000	70.500000	9.895052e+04	7.583617e-05
	0	42	-27.000000	63.000000	9.678408e+04	1.287334e-04
	132	61	6.000000	58.250000	9.816498e+04	3.136992e-04
	136	121	7.000000	43.250000	1.010654e+05	1.611495e-04
2022	2	14	5	21
	252	11	36.000000	70.750000	9.786402e+04	1.927664e-04
	0	39	-27.000000	63.750000	9.669634e+04	1.744145e-04
	27	39	-20.250000	63.750000	9.669634e+04	3.847447e-05
	135	61	6.750000	58.250000	9.825757e+04	2.664486e-04
	139	120	7.750000	43.500000	1.011176e+05	1.448824e-04
2022	2	15	7	0
	246	5	34.500000	72.250000	9.798669e+04	7.927155e-05
	6	7	-25.500000	71.750000	9.964113e+04	4.662099e-05
	259	12	37.750000	70.500000	9.798669e+04	2.131630e-04
	0	36	-27.000000	64.500000	9.702473e+04	1.094452e-04
	23	42	-21.250000	63.000000	9.702473e+04	1.934456e-04
	141	60	8.250000	58.500000	9.840845e+04	2.626844e-04
	145	118	9.250000	44.000000	1.011358e+05	1.231216e-04
2022	2	15	5	3
	267	11	39.750000	70.750000	9.808711e+04	2.288421e-04
	33	36	-18.750000	64.500000	9.726161e+04	-4.805146e-05
	127	50	4.750000	61.000000	9.848991e+04	1.139892e-04
	146	58	9.500000	59.000000	9.846877e+04	2.760380e-04
	153	117	11.250000	44.250000	1.010698e+05	7.875067e-05
2022	2	15	5	6
	273	9	41.250000	71.250000	9.814900e+04	2.066092e-04
	35	36	-18.250000	64.500000	9.720944e+04	2.752216e-05
	127	48	4.750000	61.500000	9.861823e+04	1.394272e-04
	150	56	10.500000	59.500000	9.849900e+04	2.772244e-04
	157	115	12.250000	44.750000	1.011552e+05	8.125630e-05
2022	2	15	6	9
	279	10	42.750000	71.000000	9.828264e+04	2.065764e-04
	23	35	-21.250000	64.750000	9.714035e+04	1.364636e-04
	126	48	4.500000	61.500000	9.865050e+04	1.836796e-04
	153	53	11.250000	60.250000	9.859316e+04	2.477066e-04
	1	84	-26.750000	52.500000	9.874262e+04	1.134560e-04
	159	113	12.750000	45.250000	1.012483e+05	9.668157e-05
2022	2	15	8	12
	2	6	-26.500000	72.000000	9.967654e+04	3.074604e-05
	281	9	43.250000	71.250000	9.844166e+04	2.279866e-04
	0	32	-27.000000	65.500000	9.728151e+04	1.254868e-05
	25	34	-20.750000	65.000000	9.728151e+04	1.049972e-04
	130	43	5.500000	62.750000	9.859426e+04	1.567129e-04
	157	51	12.250000	60.750000	9.862371e+04	1.878517e-04
	14	80	-23.500000	53.500000	9.852689e+04	2.158797e-04
	158	109	12.500000	46.250000	1.012834e+05	4.890775e-05
2022	2	15	4	15
	283	9	43.750000	71.250000	9.854726e+04	2.174545e-04
	0	40	-27.000000	63.500000	9.732271e+04	1.170587e-05
	163	49	13.750000	61.250000	9.862528e+04	1.921846e-04
	28	77	-20.000000	54.250000	9.821981e+04	2.328722e-04
2022	2	15	6	18
	288	9	45.000000	71.250000	9.865207e+04	1.157175e-04
	127	40	4.750000	63.500000	9.840782e+04	2.446944e-04
	169	48	15.250000	61.500000	9.870330e+04	1.248310e-04
	122	59	3.500000	58.750000	9.829031e+04	1.939649e-04
	38	75	-17.500000	54.750000	9.812455e+04	2.623219e-04
	162	162	13.500000	33.000000	1.015564e+05	3.928670e-05
2022	2	15	5	21
	123	40	3.750000	63.500000	9.835283e+04	2.071475e-04
	175	47	16.750000	61.750000	9.879699e+04	8.241124e-05
	127	58	4.750000	59.000000	9.820571e+04	2.126591e-04
	48	74	-15.000000	55.000000	9.820869e+04	2.102251e-04
	162	162	13.500000	33.000000	1.016879e+05	3.295692e-05
2022	2	16	6	0
	121	40	3.250000	63.500000	9.829282e+04	1.762373e-04
	184	44	19.000000	62.500000	9.883569e+04	1.158750e-04
	130	58	5.500000	59.000000	9.827888e+04	2.005795e-04
	0	69	-27.000000	56.250000	9.689422e+04	1.525562e-04
	56	73	-13.000000	55.250000	9.841518e+04	1.707910e-04
	167	162	14.750000	33.000000	1.016392e+05	-3.424195e-05
2022	2	16	4	3
	119	41	2.750000	63.250000	9.825757e+04	1.634140e-04
	149	57	10.250000	59.250000	9.833230e+04	1.434256e-04
	6	65	-25.500000	57.250000	9.628869e+04	3.773957e-04
	167	160	14.750000	33.500000	1.014565e+05	5.598185e-05
2022	2	16	6	6
	119	40	2.750000	63.500000	9.820368e+04	1.653833e-04
	152	57	11.000000	59.250000	9.830677e+04	1.866716e-04
	14	63	-23.500000	57.750000	9.604913e+04	4.366701e-04
	280	121	43.000000	43.250000	1.021571e+05	9.656349e-06
	168	148	15.000000	36.500000	1.014693e+05	1.192557e-04
	169	159	15.250000	33.750000	1.014693e+05	1.160580e-04
2022	2	16	6	9
	119	40	2.750000	63.500000	9.819725e+04	1.581709e-04
	30	56	-19.500000	59.500000	9.581429e+04	2.393528e-04
	158	57	12.500000	59.250000	9.835423e+04	1.491921e-04
	137	116	7.250000	44.500000	1.013026e+05	9.470995e-05
	169	148	15.250000	36.500000	1.014930e+05	1.172916e-04
	173	158	16.250000	34.000000	1.014930e+05	1.230839e-04
2022	2	16	6	12
	178	50	17.500000	61.000000	9.824880e+04	1.485297e-04
	179	50	17.750000	61.000000	9.824880e+04	1.588634e-04
	28	56	-20.000000	59.500000	9.581288e+04	3.860110e-04
	58	57	-12.500000	59.250000	9.590766e+04	2.574375e-04
	279	120	42.750000	43.500000	1.018890e+05	1.340695e-05
	176	155	17.000000	34.750000	1.012948e+05	1.361269e-04
2022	2	16	5	15
	181	49	18.250000	61.250000	9.807944e+04	1.595344e-04
	53	54	-13.750000	60.000000	9.571402e+04	2.831954e-04
	38	58	-17.500000	59.000000	9.571402e+04	2.945790e-04
	135	120	6.750000	43.500000	1.014352e+05	1.264135e-04
	177	151	17.250000	35.750000	1.011283e+05	1.294711e-04
2022	2	16	6	18
	185	47	19.250000	61.750000	9.798653e+04	1.649127e-04
	65	57	-10.750000	59.250000	9.587069e+04	2.932391e-04
	149	108	10.250000	46.500000	1.007082e+05	-2.555619e-05
	137	117	7.250000	44.250000	1.012909e+05	6.563146e-05
	176	149	17.000000	36.250000	1.010975e+05	1.858253e-04
	267	162	39.750000	33.000000	1.015552e+05	1.737721e-05
2022	2	16	7	21
	284	1	44.000000	73.250000	9.888770e+04	1.688544e-04
	185	47	19.250000	61.750000	9.786997e+04	1.771720e-04
	74	56	-8.500000	59.500000	9.595466e+04	3.309707e-04
	137	117	7.250000	44.250000	1.012677e+05	4.785452e-05
	278	120	42.500000	43.500000	1.018406e+05	-1.413470e-05
	176	147	17.000000	36.750000	1.010731e+05	2.089568e-04
	274	162	41.500000	33.000000	1.014429e+05	4.728064e-05
2022	2	17	10	0
	281	1	43.250000	73.250000	9.890588e+04	1.665250e-04
	186	46	19.500000	62.000000	9.776452e+04	1.725831e-04
	110	53	0.500000	60.250000	9.612888e+04	2.015824e-04
	84	56	-6.000000	59.500000	9.609770e+04	2.945489e-04
	140	64	8.000000	57.500000	9.672988e+04	2.786004e-04
	138	117	7.500000	44.250000	1.011267e+05	7.880347e-05
	281	121	43.250000	43.250000	1.017683e+05	-2.489951e-05
	174	149	16.500000	36.250000	1.009620e+05	2.042678e-04
	190	152	20.500000	35.500000	1.009706e+05	6.112670e-05
	278	162	42.500000	33.000000	1.013808e+05	1.181520e-04
2022	2	17	7	3
	281	2	43.250000	73.000000	9.887298e+04	1.618090e-04
	186	46	19.500000	62.000000	9.760174e+04	1.202289e-04
	187	46	19.750000	62.000000	9.760174e+04	1.286380e-04
	94	56	-3.500000	59.500000	9.621066e+04	2.613138e-04
	151	63	10.750000	57.750000	9.653920e+04	2.898563e-04
	274	149	41.500000	36.250000	1.014117e+05	2.431088e-05
	175	151	16.750000	35.750000	1.008386e+05	2.191611e-04
2022	2	17	9	6
	281	2	43.250000	73.000000	9.888473e+04	1.561891e-04
	121	52	3.250000	60.500000	9.638582e+04	1.588219e-04
	105	56	-0.750000	59.500000	9.638582e+04	2.088091e-04
	158	62	12.500000	58.000000	9.651429e+04	3.202424e-04
	173	66	16.250000	57.000000	9.651429e+04	1.954462e-04
	4	77	-26.000000	54.250000	9.950232e+04	2.066131e-04
	138	117	7.500000	44.250000	1.009169e+05	7.962465e-05
	275	149	41.750000	36.250000	1.014834e+05	1.867701e-05
	175	154	16.750000	35.000000	1.008853e+05	2.169523e-04
2022	2	17	6	9
	281	2	43.250000	73.000000	9.896980e+04	1.431717e-04
	117	57	2.250000	59.250000	9.674507e+04	1.329170e-04
	179	63	17.750000	57.750000	9.657445e+04	2.054925e-04
	11	75	-24.250000	54.750000	9.948619e+04	2.261661e-04
	136	118	7.000000	44.000000	1.013015e+05	8.274164e-05
	176	157	17.000000	34.250000	1.009796e+05	2.338208e-04
2022	2	17	6	12
	280	1	43.000000	73.250000	9.903372e+04	1.281804e-04
	8	35	-25.000000	64.750000	9.906459e+04	1.214043e-04
	129	57	5.250000	59.250000	9.709915e+04	1.010355e-04
	185	62	19.250000	58.000000	9.639288e+04	2.228558e-04
	19	72	-22.250000	55.500000	9.947788e+04	2.777481e-04
	177	160	17.250000	33.500000	1.009156e+05	1.655209e-04
2022	2	17	2	15
	189	62	20.250000	58.000000	9.635417e+04	2.566729e-04
	23	69	-21.250000	56.250000	9.937714e+04	2.606204e-04
2022	2	17	3	18
	1	32	-26.750000	65.500000	9.912976e+04	7.526072e-05
	192	63	21.000000	57.750000	9.637454e+04	3.389216e-04
	26	67	-20.500000	56.750000	9.922173e+04	2.659478e-04
2022	2	17	4	21
	2	31	-26.500000	65.750000	9.917629e+04	8.633731e-05
	202	62	23.500000	58.000000	9.661143e+04	2.140651e-04
	30	65	-19.500000	57.250000	9.912114e+04	2.554404e-04
	46	65	-15.500000	57.250000	9.912114e+04	2.237456e-04
2022	2	18	5	0
	1	30	-26.750000	66.000000	9.921311e+04	8.521903e-05
	39	42	-17.250000	63.000000	9.924412e+04	1.179253e-04
	54	63	-13.500000	57.750000	9.903638e+04	2.021692e-04
	34	64	-18.500000	57.500000	9.903638e+04	2.818250e-04
	207	65	24.750000	57.250000	9.684659e+04	2.379247e-04
2022	2	18	6	3
	156	21	12.000000	68.250000	9.840265e+04	1.376668e-04
	41	43	-16.750000	62.750000	9.915452e+04	1.753694e-04
	61	48	-11.750000	61.500000	9.915452e+04	1.429418e-04
	225	58	29.250000	59.000000	9.694843e+04	1.010377e-04
	36	64	-18.000000	57.500000	9.875422e+04	3.492906e-04
	215	66	26.750000	57.000000	9.694843e+04	1.416391e-04
2022	2	18	10	6
	288	15	45.000000	69.750000	9.806424e+04	5.192118e-05
	264	17	39.000000	69.250000	9.784412e+04	1.032424e-04
	157	22	12.250000	68.000000	9.843226e+04	1.061793e-04
	1	32	-26.750000	65.500000	9.913430e+04	1.239823e-04
	0	43	-27.000000	62.750000	9.913446e+04	2.662610e-05
	42	44	-16.500000	62.500000	9.903748e+04	2.035130e-04
	63	48	-11.250000	61.500000	9.903748e+04	1.286193e-04
	230	56	30.500000	59.500000	9.708943e+04	1.288219e-04
	42	64	-16.500000	57.500000	9.864580e+04	3.989426e-04
	150	111	10.500000	45.750000	1.015420e+05	9.457441e-05
2022	2	18	9	9
	269	16	40.250000	69.500000	9.787248e+04	8.267842e-05
	157	22	12.250000	68.000000	9.848474e+04	1.247365e-04
	0	29	-27.000000	66.250000	9.905926e+04	1.166131e-04
	0	38	-27.000000	64.000000	9.905926e+04	1.886890e-05
	44	46	-16.000000	62.000000	9.903779e+04	2.411139e-04
	66	49	-10.500000	61.250000	9.903779e+04	1.331921e-04
	235	53	31.750000	60.250000	9.720270e+04	1.436317e-04
	49	65	-14.750000	57.250000	9.869782e+04	3.877861e-04
	137	115	7.250000	44.750000	1.017062e+05	2.178380e-05
2022	2	18	5	12
	157	22	12.250000	68.000000	9.854882e+04	1.189795e-04
	49	47	-14.750000	61.750000	9.909591e+04	2.425301e-04
	69	48	-9.750000	61.500000	9.909591e+04	1.878087e-04
	249	48	35.250000	61.500000	9.729780e+04	1.504776e-04
	55	66	-13.250000	57.000000	9.890556e+04	3.558938e-04
2022	2	18	6	15
	164	22	14.000000	68.000000	9.859253e+04	1.176750e-04
	254	44	36.500000	62.500000	9.738585e+04	1.826655e-04
	73	48	-8.750000	61.500000	9.910766e+04	1.725140e-04
	239	51	32.750000	60.750000	9.738585e+04	1.421846e-04
	62	67	-11.500000	56.750000	9.906364e+04	3.435444e-04
	101	78	-1.750000	54.000000	9.952504e+04	1.419332e-04
2022	2	18	6	18
	164	22	14.000000	68.000000	9.863781e+04	1.276436e-04
	257	43	37.250000	62.750000	9.742298e+04	2.302637e-04
	62	50	-11.500000	61.000000	9.912208e+04	2.127781e-04
	0	53	-27.000000	60.250000	9.820697e+04	8.557155e-05
	71	69	-9.250000	56.250000	9.933938e+04	3.318694e-04
	110	75	0.500000	54.750000	9.927499e+04	2.145041e-04
2022	2	18	6	21
	164	23	14.000000	67.750000	9.870502e+04	1.731599e-04
	263	39	38.750000	63.750000	9.752247e+04	2.430814e-04
	0	47	-27.000000	61.750000	9.791869e+04	1.163187e-04
	114	57	1.500000	59.250000	9.917080e+04	1.745775e-04
	80	71	-7.000000	55.750000	9.979154e+04	2.261683e-04
	121	73	3.250000	55.250000	9.899142e+04	2.566375e-04
2022	2	19	4	0
	165	24	14.250000	67.500000	9.877270e+04	1.374996e-04
	267	34	39.750000	65.000000	9.762070e+04	2.510189e-04
	0	43	-27.000000	62.750000	9.784725e+04	1.156977e-04
	130	73	5.500000	55.250000	9.886279e+04	2.612057e-04
2022	2	19	9	3
	165	25	14.250000	67.250000	9.888974e+04	1.267169e-04
	288	25	45.000000	67.250000	9.783957e+04	1.025122e-04
	268	34	40.000000	65.000000	9.764311e+04	2.236102e-04
	1	40	-26.750000	63.500000	9.785838e+04	1.407484e-04
	23	46	-21.250000	62.000000	9.785838e+04	2.389042e-04
	151	72	10.750000	55.500000	9.870063e+04	1.808913e-04
	138	75	7.500000	54.750000	9.870063e+04	2.907708e-04
	52	134	-14.000000	40.000000	1.018218e+05	9.755829e-05
	255	157	36.750000	34.250000	1.010902e+05	1.193882e-05
2022	2	19	8	6
	156	10	12.000000	71.000000	9.885308e+04	1.363825e-04
	272	33	41.000000	65.250000	9.779555e+04	1.735915e-04
	33	45	-18.750000	62.250000	9.806377e+04	2.421200e-04
	162	72	13.500000	55.500000	9.852062e+04	2.190376e-04
	137	117	7.250000	44.250000	1.013824e+05	3.153359e-05
	50	140	-14.500000	38.500000	1.018660e+05	1.171869e-04
	242	157	33.500000	34.250000	1.011336e+05	1.341511e-04
	255	157	36.750000	34.250000	1.011336e+05	9.146569e-06
2022	2	19	9	9
	154	10	11.500000	71.000000	9.887062e+04	1.436229e-04
	155	10	11.750000	71.000000	9.887062e+04	1.326333e-04
	284	27	44.000000	66.750000	9.795426e+04	1.588403e-04
	23	39	-21.250000	63.750000	9.799687e+04	1.169127e-04
	181	73	18.250000	55.250000	9.858924e+04	1.887431e-04
	137	117	7.250000	44.250000	1.015575e+05	8.365653e-05
	51	138	-14.250000	39.000000	1.020645e+05	1.457405e-04
	254	158	36.500000	34.000000	1.010944e+05	-5.282130e-06
	264	162	39.000000	33.000000	1.010944e+05	9.045400e-06
2022	2	19	6	12
	154	11	11.500000	70.750000	9.887423e+04	1.678283e-04
	141	23	8.250000	67.750000	9.890588e+04	2.302463e-04
	288	26	45.000000	67.000000	9.809761e+04	1.000787e-04
	198	74	22.500000	55.000000	9.850997e+04	2.219678e-04
	137	117	7.250000	44.250000	1.015351e+05	8.800210e-05
	265	162	39.250000	33.000000	1.008564e+05	1.940834e-05
2022	2	19	6	15
	157	11	12.250000	70.750000	9.891136e+04	1.691960e-04
	148	23	10.000000	67.750000	9.892906e+04	2.632970e-04
	288	27	45.000000	66.750000	9.830112e+04	1.180528e-04
	0	50	-27.000000	61.000000	9.731660e+04	1.073629e-04
	212	75	26.000000	54.750000	9.852470e+04	2.409678e-04
	137	117	7.250000	44.250000	1.014989e+05	7.873603e-05
2022	2	19	6	18
	161	11	13.250000	70.750000	9.894081e+04	1.834034e-04
	153	23	11.250000	67.750000	9.895209e+04	2.641829e-04
	288	27	45.000000	66.750000	9.850573e+04	1.183280e-04
	0	45	-27.000000	62.250000	9.633302e+04	1.259115e-04
	229	77	30.250000	54.250000	9.854569e+04	2.470598e-04
	265	162	39.250000	33.000000	1.009987e+05	9.158911e-05
2022	2	19	8	21
	167	11	14.750000	70.750000	9.898468e+04	1.976877e-04
	159	24	12.750000	67.500000	9.905064e+04	2.810982e-04
	288	28	45.000000	66.500000	9.869061e+04	7.680424e-05
	0	43	-27.000000	62.750000	9.535571e+04	1.224676e-04
	237	77	32.250000	54.250000	9.845623e+04	2.331204e-04
	238	77	32.500000	54.250000	9.845623e+04	2.365764e-04
	138	122	7.500000	43.000000	1.017046e+05	5.475346e-05
	266	161	39.500000	33.250000	1.010872e+05	1.114228e-04
2022	2	20	11	0
	162	3	13.500000	72.750000	9.904343e+04	6.604761e-05
	171	11	15.750000	70.750000	9.904343e+04	1.661389e-04
	163	24	13.750000	67.500000	9.911112e+04	2.295416e-04
	288	29	45.000000	66.250000	9.887016e+04	7.911852e-05
	258	33	37.500000	65.250000	9.888488e+04	7.603908e-05
	259	33	37.750000	65.250000	9.887940e+04	7.773894e-05
	0	39	-27.000000	63.750000	9.468234e+04	1.125685e-04
	246	76	34.500000	54.500000	9.846344e+04	2.126716e-04
	243	77	33.750000	54.250000	9.846344e+04	2.393422e-04
	139	123	7.750000	42.750000	1.017852e+05	7.838748e-05
	277	162	42.250000	33.000000	1.011314e+05	-1.278597e-05
