2022	2	16	6	0
	288	11	45.000000	70.750000	9.873520e+04	7.591403e-05
	55	39	-13.250000	63.750000	9.774527e+04	2.275921e-04
	120	53	3.000000	60.250000	9.802570e+04	1.659035e-04
	65	67	-10.750000	56.750000	9.745256e+04	2.546462e-04
	171	120	15.750000	43.500000	1.014241e+05	3.139440e-05
	280	121	43.000000	43.250000	1.021023e+05	2.548585e-05
2022	2	16	4	3
	49	38	-14.750000	64.000000	9.763438e+04	2.207252e-04
	122	51	3.500000	60.750000	9.795413e+04	1.501482e-04
	75	67	-8.250000	56.750000	9.744784e+04	2.431326e-04
	280	121	43.000000	43.250000	1.021374e+05	3.188070e-05
2022	2	16	5	6
	122	33	3.500000	65.250000	9.790034e+04	1.965855e-04
	46	38	-15.500000	64.000000	9.767701e+04	1.977323e-04
	123	49	3.750000	61.250000	9.790160e+04	1.188119e-04
	84	66	-6.000000	57.000000	9.768628e+04	2.281472e-04
	99	68	-2.250000	56.500000	9.768628e+04	2.014785e-04
2022	2	16	5	9
	116	34	2.000000	65.000000	9.781431e+04	2.065263e-04
	40	59	-17.000000	58.750000	9.738494e+04	5.975019e-05
	110	67	0.500000	56.750000	9.768912e+04	1.982962e-04
	47	71	-15.250000	55.750000	9.737644e+04	2.362865e-04
	184	131	19.000000	40.750000	1.015024e+05	9.573498e-05
2022	2	16	5	12
	288	10	45.000000	71.000000	9.894454e+04	1.002178e-04
	110	34	0.500000	65.000000	9.761677e+04	1.835643e-04
	63	53	-11.250000	60.250000	9.719981e+04	1.261808e-04
	62	67	-11.500000	56.750000	9.697443e+04	2.792817e-04
	121	67	3.250000	56.750000	9.761173e+04	1.774890e-04
2022	2	16	3	15
	288	10	45.000000	71.000000	9.894690e+04	1.052966e-04
	75	66	-8.250000	57.000000	9.681054e+04	3.097125e-04
	185	137	19.250000	39.250000	1.010452e+05	1.612225e-04
2022	2	16	2	18
	86	66	-5.500000	57.000000	9.698685e+04	3.207712e-04
	185	135	19.250000	39.750000	1.010746e+05	1.247318e-04
2022	2	16	4	21
	288	10	45.000000	71.000000	9.893495e+04	8.418890e-05
	114	66	1.500000	57.000000	9.683995e+04	1.906421e-04
	278	120	42.500000	43.500000	1.021773e+05	-4.218584e-05
	185	135	19.250000	39.750000	1.010921e+05	1.151223e-04
2022	2	17	6	0
	128	40	5.000000	63.500000	9.732013e+04	9.002115e-05
	187	61	19.750000	58.250000	9.669132e+04	2.178718e-04
	123	67	3.750000	56.750000	9.692269e+04	2.052956e-04
	165	67	14.250000	56.750000	9.671696e+04	1.723103e-04
	137	117	7.250000	44.250000	1.010965e+05	7.565429e-05
	185	135	19.250000	39.750000	1.011323e+05	8.833854e-05
2022	2	17	8	3
	288	10	45.000000	71.000000	9.900163e+04	1.002009e-04
	129	40	5.250000	63.500000	9.733130e+04	1.036877e-04
	192	58	21.000000	59.000000	9.633807e+04	2.617097e-04
	179	67	17.750000	56.750000	9.633807e+04	1.416769e-04
	1	114	-26.750000	45.000000	1.007957e+05	1.344047e-04
	137	117	7.250000	44.250000	1.008892e+05	9.686781e-05
	279	121	42.750000	43.250000	1.017962e+05	-3.062558e-05
	184	136	19.000000	39.500000	1.010672e+05	1.002283e-04
2022	2	17	6	6
	288	11	45.000000	70.750000	9.906045e+04	9.585399e-05
	130	40	5.500000	63.500000	9.733303e+04	1.036382e-04
	194	57	21.500000	59.250000	9.614351e+04	2.455004e-04
	195	66	21.750000	57.000000	9.614351e+04	1.623949e-04
	13	108	-23.750000	46.500000	1.001765e+05	2.263711e-04
	279	121	42.750000	43.250000	1.017264e+05	-1.537077e-05
2022	2	17	3	9
	131	39	5.750000	63.750000	9.742834e+04	1.199988e-04
	197	57	22.250000	59.250000	9.608642e+04	2.474446e-04
	24	102	-21.000000	48.000000	9.970358e+04	3.046514e-04
2022	2	17	3	12
	134	39	6.500000	63.750000	9.757572e+04	9.756616e-05
	207	57	24.750000	59.250000	9.605622e+04	1.633994e-04
	34	98	-18.500000	49.000000	9.934230e+04	3.187246e-04
2022	2	17	4	15
	140	39	8.000000	63.750000	9.769808e+04	9.252883e-05
	213	53	26.250000	60.250000	9.609223e+04	2.039521e-04
	36	63	-18.000000	57.750000	9.915451e+04	2.080428e-04
	44	93	-16.000000	50.250000	9.881620e+04	4.069354e-04
2022	2	17	6	18
	288	28	45.000000	66.500000	9.884451e+04	1.024282e-04
	0	34	-27.000000	65.000000	9.917180e+04	1.094243e-05
	145	38	9.250000	64.000000	9.775219e+04	1.102622e-04
	216	51	27.000000	60.750000	9.616490e+04	2.068974e-04
	39	61	-17.250000	58.250000	9.869320e+04	2.246744e-04
	55	89	-13.250000	51.250000	9.833648e+04	4.846062e-04
2022	2	17	5	21
	148	38	10.000000	64.000000	9.785741e+04	1.046057e-04
	220	47	28.000000	61.750000	9.619164e+04	1.952380e-04
	40	60	-17.000000	58.500000	9.822136e+04	2.483877e-04
	65	85	-10.750000	52.250000	9.774354e+04	5.205521e-04
	154	110	11.500000	46.000000	1.010516e+05	4.102070e-05
2022	2	18	4	0
	222	44	28.500000	62.500000	9.621067e+04	1.719315e-04
	56	48	-13.000000	61.500000	9.811865e+04	1.397902e-04
	41	60	-16.750000	58.500000	9.785379e+04	3.567443e-04
	78	79	-7.500000	53.750000	9.730048e+04	4.765622e-04
2022	2	18	4	3
	224	41	29.000000	63.250000	9.620485e+04	1.736263e-04
	48	62	-15.000000	58.000000	9.766473e+04	3.635878e-04
	88	75	-5.000000	54.750000	9.671963e+04	5.517287e-04
	138	117	7.500000	44.250000	1.012146e+05	1.287674e-04
2022	2	18	5	6
	136	25	7.000000	67.250000	9.769069e+04	5.640210e-05
	225	39	29.250000	63.750000	9.619966e+04	1.691413e-04
	72	57	-9.000000	59.250000	9.763344e+04	1.302743e-04
	56	63	-13.000000	57.750000	9.763344e+04	3.351253e-04
	103	72	-1.250000	55.500000	9.642033e+04	4.366177e-04
2022	2	18	6	9
	137	27	7.250000	66.750000	9.758971e+04	6.977560e-05
	227	35	29.750000	64.750000	9.623442e+04	1.169100e-04
	71	57	-9.250000	59.250000	9.785835e+04	1.113810e-04
	64	65	-11.000000	57.250000	9.785835e+04	3.090570e-04
	114	69	1.500000	56.250000	9.619526e+04	3.444148e-04
	266	162	39.500000	33.000000	1.009555e+05	-9.232401e-06
2022	2	18	4	12
	135	29	6.750000	66.250000	9.750509e+04	9.975123e-05
	231	33	30.750000	65.250000	9.630866e+04	1.197372e-04
	71	57	-9.250000	59.250000	9.823111e+04	1.224390e-04
	128	67	5.000000	56.750000	9.628239e+04	2.767236e-04
2022	2	18	5	15
	234	30	31.500000	66.000000	9.635018e+04	9.519092e-05
	136	31	7.000000	65.750000	9.740680e+04	9.482796e-05
	143	66	8.750000	57.000000	9.627626e+04	3.389785e-04
	237	138	32.250000	39.000000	1.008373e+05	2.443355e-05
	258	162	37.500000	33.000000	1.007452e+05	-4.618804e-06
2022	2	18	4	18
	242	28	33.500000	66.500000	9.632250e+04	1.131427e-04
	140	32	8.000000	65.500000	9.733209e+04	1.180890e-04
	155	65	11.750000	57.250000	9.634357e+04	3.478364e-04
	229	149	30.250000	36.250000	1.009582e+05	5.553119e-05
2022	2	18	5	21
	244	16	34.000000	69.500000	9.637047e+04	1.701943e-04
	243	26	33.750000	67.000000	9.637047e+04	1.021121e-04
	144	32	9.000000	65.500000	9.731070e+04	1.343565e-04
	164	67	14.000000	56.750000	9.656943e+04	1.891424e-04
	138	117	7.500000	44.250000	1.011488e+05	1.236856e-04
2022	2	19	6	0
	240	16	33.000000	69.500000	9.631463e+04	1.619853e-04
	148	32	10.000000	65.500000	9.732454e+04	1.914353e-04
	0	52	-27.000000	60.500000	9.747867e+04	1.260189e-04
	182	67	18.500000	56.750000	9.665326e+04	2.114638e-04
	151	109	10.750000	46.250000	1.011660e+05	3.743192e-05
	138	118	7.500000	44.000000	1.012100e+05	1.440690e-04
2022	2	19	7	3
	240	16	33.000000	69.500000	9.624276e+04	1.760051e-04
	150	32	10.500000	65.500000	9.731557e+04	1.685001e-04
	4	52	-26.000000	60.500000	9.762102e+04	2.650834e-04
	31	55	-19.250000	59.750000	9.785410e+04	1.200895e-04
	195	57	21.750000	59.250000	9.681479e+04	1.309553e-04
	192	67	21.000000	56.750000	9.681479e+04	2.022663e-04
	138	117	7.500000	44.250000	1.012596e+05	1.214175e-04
2022	2	19	9	6
	240	16	33.000000	69.500000	9.628962e+04	1.513086e-04
	149	32	10.250000	65.500000	9.741985e+04	1.532783e-04
	28	51	-20.000000	60.750000	9.784027e+04	5.275866e-05
	9	52	-24.750000	60.500000	9.784027e+04	2.298022e-04
	211	53	25.750000	60.250000	9.711394e+04	9.580353e-05
	204	67	24.000000	56.750000	9.712117e+04	2.035550e-04
	205	67	24.250000	56.750000	9.712117e+04	2.265774e-04
	136	117	7.000000	44.250000	1.013373e+05	1.153756e-04
	251	157	35.750000	34.250000	1.011145e+05	-1.557507e-05
2022	2	19	9	9
	242	16	33.500000	69.500000	9.643039e+04	8.091200e-05
	151	34	10.750000	65.000000	9.758924e+04	1.641518e-04
	12	51	-24.000000	60.750000	9.808971e+04	1.574755e-04
	227	51	29.750000	60.750000	9.726933e+04	6.127243e-05
	36	52	-18.000000	60.500000	9.808971e+04	7.472430e-05
	56	57	-13.000000	59.250000	9.820988e+04	2.053267e-04
	135	117	6.750000	44.250000	1.016123e+05	1.081011e-04
	146	120	9.500000	43.500000	1.016123e+05	1.117974e-04
	275	162	41.750000	33.000000	1.011133e+05	7.800305e-05
2022	2	19	5	12
	269	11	40.250000	70.750000	9.659491e+04	9.004934e-05
	247	16	34.750000	69.500000	9.659491e+04	7.652481e-05
	239	49	32.750000	61.250000	9.730566e+04	1.054100e-04
	60	56	-12.000000	59.500000	9.829009e+04	2.162889e-04
	145	124	9.250000	42.500000	1.017168e+05	5.206168e-05
2022	2	19	8	15
	280	7	43.000000	71.750000	9.675156e+04	1.455309e-04
	256	15	37.000000	69.750000	9.675156e+04	1.027193e-04
	247	46	34.750000	62.000000	9.730189e+04	1.519439e-04
	0	47	-27.000000	61.750000	9.769006e+04	2.491406e-05
	64	56	-11.000000	59.500000	9.841088e+04	2.304508e-04
	0	64	-27.000000	57.500000	9.742158e+04	1.400326e-04
	130	72	5.500000	55.500000	9.877609e+04	1.513001e-04
	152	126	11.000000	42.000000	1.017363e+05	2.468432e-05
2022	2	19	10	18
	284	5	44.000000	72.250000	9.678223e+04	1.699557e-04
	240	10	33.000000	71.000000	9.684042e+04	1.571390e-04
	263	14	38.750000	70.000000	9.678223e+04	8.919155e-05
	252	44	36.000000	62.500000	9.733806e+04	1.544504e-04
	68	55	-10.000000	59.750000	9.842362e+04	2.365914e-04
	0	61	-27.000000	58.250000	9.652995e+04	1.664562e-04
	140	71	8.000000	55.750000	9.858530e+04	1.905090e-04
	152	127	11.000000	41.750000	1.018209e+05	5.407455e-05
	279	148	42.750000	36.500000	1.014121e+05	-2.145395e-05
	277	162	42.250000	33.000000	1.012133e+05	8.972473e-05
2022	2	19	10	21
	286	2	44.500000	73.000000	9.678773e+04	1.530394e-04
	241	11	33.250000	70.750000	9.689736e+04	1.405419e-04
	241	12	33.250000	70.500000	9.691026e+04	1.437788e-04
	267	13	39.750000	70.250000	9.679812e+04	7.947964e-05
	0	45	-27.000000	62.250000	9.685914e+04	9.244059e-05
	9	58	-24.750000	59.000000	9.612070e+04	3.011217e-04
	153	70	11.250000	56.000000	9.853844e+04	1.783174e-04
	273	150	41.250000	36.000000	1.013072e+05	-2.784071e-06
	83	162	-6.250000	33.000000	1.021413e+05	-4.665571e-05
	282	162	43.500000	33.000000	1.011756e+05	1.724934e-04
2022	2	20	11	0
	286	0	44.500000	73.500000	9.684295e+04	1.149668e-04
	269	13	40.250000	70.250000	9.689548e+04	1.038821e-04
	241	14	33.250000	70.000000	9.704756e+04	1.975171e-04
	0	43	-27.000000	62.750000	9.710371e+04	1.316028e-04
	24	55	-21.000000	59.750000	9.573521e+04	2.739163e-04
	163	71	13.750000	55.750000	9.853906e+04	1.968886e-04
	136	116	7.000000	44.500000	1.021147e+05	5.429305e-05
	275	149	41.750000	36.250000	1.012377e+05	1.715966e-05
	70	162	-9.500000	33.000000	1.021226e+05	4.823042e-06
	83	162	-6.250000	33.000000	1.021226e+05	-5.062101e-05
	283	162	43.750000	33.000000	1.011345e+05	1.493672e-04
