2022	2	14	7	0
	3	6	-26.250000	72.000000	9.974657e+04	-1.192336e-05
	217	9	27.250000	71.250000	9.835580e+04	9.666642e-05
	194	12	21.500000	70.500000	9.835580e+04	9.618814e-05
	1	17	-26.750000	69.250000	9.974657e+04	-3.669946e-06
	221	20	28.250000	68.500000	9.835580e+04	7.157234e-05
	114	62	1.500000	58.000000	9.847205e+04	8.186476e-05
	106	71	-0.500000	55.750000	9.847205e+04	8.730682e-05
2022	2	14	6	3
	57	5	-12.750000	72.250000	1.001542e+05	9.027938e-05
	58	5	-12.500000	72.250000	1.001542e+05	9.693416e-05
	210	9	25.500000	71.250000	9.809777e+04	2.087921e-04
	227	22	29.750000	68.000000	9.825115e+04	8.521382e-05
	116	62	2.000000	58.000000	9.841957e+04	9.117372e-05
	108	70	0.000000	56.000000	9.841957e+04	1.383296e-04
2022	2	14	2	6
	217	8	27.250000	71.500000	9.798575e+04	2.183484e-04
	110	70	0.500000	56.000000	9.846281e+04	1.519015e-04
2022	2	14	4	9
	68	2	-10.000000	73.000000	1.002069e+05	6.811145e-05
	224	8	29.000000	71.500000	9.801974e+04	1.960542e-04
	0	52	-27.000000	60.500000	9.803886e+04	1.410906e-04
	120	68	3.000000	56.500000	9.853551e+04	3.389830e-05
2022	2	14	4	12
	73	1	-8.750000	73.250000	1.002127e+05	3.773767e-05
	226	9	29.500000	71.250000	9.803917e+04	2.181206e-04
	0	49	-27.000000	61.250000	9.765642e+04	1.414883e-04
	131	64	5.750000	57.500000	9.851295e+04	1.732125e-04
2022	2	14	4	15
	237	7	32.250000	71.750000	9.802069e+04	1.066945e-04
	6	45	-25.500000	62.250000	9.726020e+04	2.685032e-04
	134	62	6.500000	58.000000	9.844980e+04	1.700752e-04
	150	103	10.500000	47.750000	1.004586e+05	-4.721745e-05
2022	2	14	5	18
	254	12	36.500000	70.500000	9.804230e+04	1.677781e-04
	288	13	45.000000	70.250000	9.898014e+04	8.258881e-05
	0	40	-27.000000	63.500000	9.701470e+04	1.420708e-04
	133	61	6.250000	58.250000	9.859222e+04	1.633609e-04
	134	116	6.500000	44.500000	1.009667e+05	5.968241e-05
2022	2	14	7	21
	248	4	35.000000	72.500000	9.794940e+04	1.176372e-04
	261	11	38.250000	70.750000	9.794940e+04	1.474058e-04
	288	11	45.000000	70.750000	9.868936e+04	5.245291e-05
	0	37	-27.000000	64.250000	9.694530e+04	1.752929e-04
	26	46	-20.500000	62.000000	9.723091e+04	1.947729e-04
	128	53	5.000000	60.250000	9.864659e+04	5.224271e-05
	142	120	8.500000	43.500000	1.011179e+05	1.303411e-04
2022	2	15	7	0
	243	5	33.750000	72.250000	9.798183e+04	1.477682e-04
	6	7	-25.500000	71.750000	9.957283e+04	4.708193e-05
	265	10	39.250000	71.000000	9.798183e+04	1.979891e-04
	0	34	-27.000000	65.000000	9.733212e+04	1.373495e-04
	125	51	4.250000	60.750000	9.862480e+04	1.267925e-04
	137	61	7.250000	58.250000	9.862480e+04	1.923547e-04
	145	117	9.250000	44.250000	1.010961e+05	1.360670e-04
2022	2	15	9	3
	6	7	-25.500000	71.750000	9.946394e+04	4.223373e-05
	269	10	40.250000	71.000000	9.803275e+04	2.357047e-04
	269	11	40.250000	70.750000	9.803275e+04	2.435124e-04
	125	51	4.250000	60.750000	9.855822e+04	7.721480e-05
	151	51	10.750000	60.750000	9.857561e+04	2.592852e-04
	142	60	8.500000	58.500000	9.856621e+04	1.951602e-04
	171	103	15.750000	47.750000	1.009493e+05	7.429472e-05
	146	118	9.500000	44.000000	1.009681e+05	9.657278e-05
	148	162	10.000000	33.000000	1.014414e+05	-2.642952e-06
2022	2	15	8	6
	276	10	42.000000	71.000000	9.806831e+04	2.096627e-04
	28	38	-20.000000	64.000000	9.732648e+04	1.007270e-04
	46	47	-15.500000	61.750000	9.760112e+04	2.698536e-04
	152	49	11.000000	61.250000	9.854506e+04	2.200674e-04
	124	50	4.000000	61.000000	9.849289e+04	1.348541e-04
	146	58	9.500000	59.000000	9.852062e+04	1.911771e-04
	0	85	-27.000000	52.250000	9.893595e+04	1.254463e-04
	155	115	11.750000	44.750000	1.010043e+05	1.115147e-04
2022	2	15	7	9
	278	8	42.500000	71.500000	9.816733e+04	2.367660e-04
	40	42	-17.000000	63.000000	9.748534e+04	2.452178e-04
	154	47	11.500000	61.750000	9.852281e+04	1.473406e-04
	124	49	4.000000	61.250000	9.843241e+04	1.417557e-04
	152	56	11.000000	59.500000	9.861807e+04	1.775679e-04
	5	82	-25.750000	53.000000	9.854036e+04	2.196437e-04
	158	113	12.500000	45.250000	1.010930e+05	1.034092e-04
2022	2	15	7	12
	280	7	43.000000	71.750000	9.829345e+04	2.201398e-04
	33	37	-18.750000	64.250000	9.758122e+04	1.807444e-04
	0	38	-27.000000	64.000000	9.753720e+04	-9.969503e-06
	141	42	8.250000	63.000000	9.841769e+04	6.726854e-05
	125	48	4.250000	61.500000	9.841769e+04	1.747612e-04
	18	79	-22.500000	53.750000	9.836834e+04	2.250279e-04
	158	111	12.500000	45.750000	1.010723e+05	9.496314e-05
2022	2	15	8	15
	280	7	43.000000	71.750000	9.840845e+04	2.242802e-04
	34	35	-18.500000	64.750000	9.761835e+04	1.371343e-04
	142	39	8.500000	63.750000	9.835800e+04	1.440361e-04
	143	39	8.750000	63.750000	9.835800e+04	1.450083e-04
	60	45	-12.000000	62.250000	9.810434e+04	1.899109e-04
	33	76	-18.750000	54.500000	9.807191e+04	2.439097e-04
	160	111	13.000000	45.750000	1.011270e+05	9.943146e-05
	163	162	13.750000	33.000000	1.014806e+05	-2.309951e-05
2022	2	15	5	18
	283	8	43.750000	71.500000	9.856198e+04	2.286842e-04
	140	38	8.000000	64.000000	9.829377e+04	1.956841e-04
	0	40	-27.000000	63.500000	9.741437e+04	9.784043e-06
	44	75	-16.000000	54.750000	9.802601e+04	2.475370e-04
	165	162	14.250000	33.000000	1.015654e+05	-6.733220e-06
2022	2	15	5	21
	286	6	44.500000	72.000000	9.869923e+04	1.863205e-04
	138	37	7.500000	64.250000	9.822577e+04	2.479660e-04
	48	38	-15.000000	64.000000	9.803635e+04	2.176521e-04
	128	60	5.000000	58.500000	9.841800e+04	1.889726e-04
	62	74	-11.500000	55.000000	9.808445e+04	2.356923e-04
2022	2	16	3	0
	283	6	43.750000	72.000000	9.880091e+04	2.566042e-04
	136	36	7.000000	64.500000	9.816028e+04	2.397733e-04
	71	74	-9.250000	55.000000	9.822295e+04	2.409721e-04
2022	2	16	6	3
	283	6	43.750000	72.000000	9.887987e+04	1.974437e-04
	134	36	6.500000	64.500000	9.808335e+04	2.261658e-04
	147	59	9.750000	58.750000	9.836427e+04	1.940417e-04
	1	70	-26.750000	56.000000	9.687573e+04	1.637984e-04
	87	74	-5.250000	55.000000	9.829095e+04	1.670527e-04
	279	121	42.750000	43.250000	1.020756e+05	1.371912e-05
2022	2	16	7	6
	283	7	43.750000	71.750000	9.891856e+04	1.928754e-04
	131	36	5.750000	64.500000	9.800799e+04	2.280718e-04
	154	57	11.500000	59.250000	9.831131e+04	2.060826e-04
	11	65	-24.250000	57.250000	9.636796e+04	3.683206e-04
	111	77	0.750000	54.250000	9.834656e+04	1.753587e-04
	280	121	43.000000	43.250000	1.021662e+05	2.024972e-05
	176	125	17.000000	42.250000	1.013369e+05	1.407729e-04
2022	2	16	9	9
	286	6	44.500000	72.000000	9.891324e+04	1.556017e-04
	129	35	5.250000	64.750000	9.795269e+04	2.361672e-04
	0	40	-27.000000	63.500000	9.742705e+04	3.635442e-05
	145	42	9.250000	63.000000	9.795269e+04	-6.973110e-05
	162	55	13.500000	59.750000	9.825130e+04	2.195420e-04
	18	64	-22.500000	57.500000	9.599289e+04	4.847847e-04
	125	77	4.250000	54.250000	9.837351e+04	1.829950e-04
	137	116	7.250000	44.500000	1.012901e+05	6.816065e-05
	183	134	18.750000	40.000000	1.012650e+05	1.593524e-04
2022	2	16	8	12
	285	4	44.250000	72.500000	9.892045e+04	1.819847e-04
	128	35	5.000000	64.750000	9.787905e+04	2.268727e-04
	0	39	-27.000000	63.750000	9.753908e+04	4.513527e-05
	168	53	15.000000	60.250000	9.820399e+04	1.853747e-04
	30	64	-19.500000	57.500000	9.595717e+04	3.032386e-04
	140	78	8.000000	54.000000	9.843539e+04	2.223367e-04
	137	116	7.250000	44.500000	1.011471e+05	6.954242e-05
	184	132	19.000000	40.500000	1.011040e+05	1.234923e-04
2022	2	16	8	15
	283	4	43.750000	72.500000	9.886796e+04	1.765640e-04
	124	35	4.000000	64.750000	9.774870e+04	1.888142e-04
	125	35	4.250000	64.750000	9.774870e+04	1.920697e-04
	174	51	16.500000	60.750000	9.812691e+04	2.062130e-04
	46	63	-15.500000	57.750000	9.594683e+04	2.788350e-04
	154	79	11.500000	53.750000	9.850715e+04	2.121673e-04
	182	129	18.500000	41.250000	1.010206e+05	1.450405e-04
	271	161	40.750000	33.250000	1.014758e+05	1.324197e-05
2022	2	16	8	18
	281	3	43.250000	72.750000	9.878853e+04	1.967675e-04
	122	36	3.500000	64.500000	9.757573e+04	1.883156e-04
	179	49	17.750000	61.250000	9.801050e+04	1.414716e-04
	38	56	-17.500000	59.500000	9.602516e+04	3.867976e-04
	60	62	-12.000000	58.000000	9.600855e+04	3.321229e-04
	61	62	-11.750000	58.000000	9.600855e+04	3.362528e-04
	180	129	18.000000	41.250000	1.010642e+05	1.725365e-04
	286	152	44.500000	35.500000	1.015086e+05	3.487649e-06
2022	2	16	6	21
	278	3	42.500000	72.750000	9.877317e+04	2.038333e-04
	119	36	2.750000	64.500000	9.742769e+04	1.695841e-04
	182	47	18.500000	61.750000	9.789691e+04	1.695671e-04
	72	61	-9.000000	58.250000	9.610710e+04	3.246099e-04
	138	117	7.500000	44.250000	1.009467e+05	6.087110e-05
	286	152	44.500000	35.500000	1.014573e+05	-9.792602e-07
2022	2	17	5	0
	275	2	41.750000	73.000000	9.874827e+04	1.743136e-04
	184	46	19.000000	62.000000	9.775184e+04	1.571571e-04
	85	60	-5.750000	58.500000	9.630388e+04	2.961493e-04
	138	117	7.500000	44.250000	1.008461e+05	8.764255e-05
	286	152	44.500000	35.500000	1.014236e+05	2.086510e-05
2022	2	17	4	3
	272	2	41.000000	73.000000	9.870361e+04	1.545066e-04
	100	60	-2.000000	58.500000	9.647324e+04	2.354202e-04
	285	149	44.250000	36.250000	1.014392e+05	6.460735e-06
	286	152	44.500000	35.500000	1.014392e+05	7.917272e-06
2022	2	17	4	6
	272	3	41.000000	72.750000	9.865630e+04	1.771552e-04
	113	61	1.250000	58.250000	9.656161e+04	2.250289e-04
	138	117	7.500000	44.250000	1.007826e+05	8.578184e-05
	285	149	44.250000	36.250000	1.015168e+05	-6.956298e-06
2022	2	17	4	9
	272	2	41.000000	73.000000	9.864956e+04	1.778041e-04
	126	61	4.500000	58.250000	9.680069e+04	1.838008e-04
	149	61	10.250000	58.250000	9.680351e+04	1.076651e-04
	279	120	42.750000	43.500000	1.013463e+05	-3.301483e-06
2022	2	17	4	12
	272	2	41.000000	73.000000	9.865395e+04	1.730142e-04
	138	64	7.500000	57.500000	9.708270e+04	1.900238e-04
	197	71	22.250000	55.750000	9.719832e+04	2.363379e-04
	256	162	37.000000	33.000000	1.010551e+05	3.153855e-05
2022	2	17	3	15
	270	1	40.500000	73.250000	9.863060e+04	1.565264e-04
	160	61	13.000000	58.250000	9.727384e+04	7.204599e-05
	206	69	24.500000	56.250000	9.716275e+04	2.249461e-04
2022	2	17	2	18
	270	1	40.500000	73.250000	9.862591e+04	1.554165e-04
	214	66	26.500000	57.000000	9.711277e+04	1.834073e-04
2022	2	17	2	21
	270	2	40.500000	73.000000	9.862920e+04	1.506861e-04
	221	63	28.250000	57.750000	9.708943e+04	1.941462e-04
2022	2	18	1	0
	225	61	29.250000	58.250000	9.698572e+04	2.196462e-04
2022	2	18	4	3
	137	29	7.250000	66.250000	9.804293e+04	5.979551e-05
	137	30	7.250000	66.000000	9.804293e+04	6.505545e-05
	230	58	30.500000	59.000000	9.694812e+04	2.401608e-04
	147	111	9.750000	45.750000	1.012010e+05	2.097816e-05
2022	2	18	4	6
	137	30	7.250000	66.000000	9.799687e+04	6.781321e-05
	233	55	31.250000	59.750000	9.697397e+04	2.341779e-04
	151	111	10.750000	45.750000	1.012404e+05	6.174060e-05
	138	117	7.500000	44.250000	1.012404e+05	1.099883e-04
2022	2	18	3	9
	134	30	6.500000	66.000000	9.802005e+04	4.765123e-05
	235	51	31.750000	60.750000	9.700702e+04	2.025612e-04
	137	117	7.250000	44.250000	1.013181e+05	9.335955e-05
2022	2	18	4	12
	6	7	-25.500000	71.750000	1.002113e+05	-2.626360e-05
	137	31	7.250000	65.750000	9.803870e+04	9.429564e-05
	237	46	32.250000	62.000000	9.707752e+04	1.438047e-04
	136	92	7.000000	50.500000	1.001456e+05	1.062682e-04
2022	2	18	5	15
	6	7	-25.500000	71.750000	1.002059e+05	-2.078958e-05
	136	33	7.000000	65.250000	9.804763e+04	9.807966e-05
	241	38	33.250000	64.000000	9.707173e+04	1.177103e-04
	0	55	-27.000000	59.750000	9.832933e+04	1.121653e-04
	147	92	9.750000	50.500000	1.000009e+05	1.220542e-04
2022	2	18	5	18
	6	7	-25.500000	71.750000	1.001967e+05	-1.115978e-05
	138	32	7.500000	65.500000	9.811876e+04	1.113010e-04
	244	33	34.000000	65.250000	9.702817e+04	1.106694e-04
	4	52	-26.000000	60.500000	9.821448e+04	1.342917e-04
	161	93	13.250000	50.250000	9.989620e+04	1.579295e-04
2022	2	18	6	21
	244	29	34.000000	66.250000	9.698070e+04	1.804518e-04
	140	35	8.000000	64.750000	9.815762e+04	1.062488e-04
	22	41	-21.500000	63.250000	9.815198e+04	5.281860e-05
	9	50	-24.750000	61.000000	9.815198e+04	1.366326e-04
	169	94	15.250000	50.000000	9.980219e+04	1.601387e-04
	285	122	44.250000	43.000000	1.005326e+05	1.269082e-05
2022	2	19	6	0
	243	28	33.750000	66.500000	9.696660e+04	1.837897e-04
	141	36	8.250000	64.500000	9.825601e+04	1.149350e-04
	15	49	-23.250000	61.250000	9.807427e+04	1.661292e-04
	189	95	20.250000	49.750000	9.982835e+04	7.972807e-05
	138	117	7.500000	44.250000	1.008411e+05	1.325101e-04
	102	134	-1.500000	40.000000	1.013631e+05	4.267757e-05
2022	2	19	8	3
	243	26	33.750000	67.000000	9.703616e+04	1.873297e-04
	147	36	9.750000	64.500000	9.834828e+04	7.913215e-05
	15	47	-23.250000	61.750000	9.798951e+04	1.759867e-04
	203	97	23.750000	49.250000	9.997688e+04	6.288857e-05
	138	117	7.500000	44.250000	1.008527e+05	1.115710e-04
	107	139	-0.250000	38.750000	1.012846e+05	7.393007e-05
	118	142	2.500000	38.000000	1.012846e+05	-1.221405e-05
	261	155	38.250000	34.750000	1.009114e+05	-5.001015e-07
2022	2	19	6	6
	255	17	36.750000	69.250000	9.719863e+04	1.547241e-04
	243	25	33.750000	67.250000	9.719863e+04	1.648223e-04
	30	45	-19.500000	62.250000	9.778066e+04	2.459677e-04
	150	109	10.500000	46.250000	1.007663e+05	4.509548e-05
	135	119	6.750000	43.750000	1.008701e+05	1.120342e-04
	121	140	3.250000	38.500000	1.012760e+05	2.305783e-05
2022	2	19	8	9
	255	17	36.750000	69.250000	9.732162e+04	1.548384e-04
	240	24	33.000000	67.500000	9.732162e+04	1.655127e-04
	8	41	-25.000000	63.250000	9.755976e+04	1.337898e-04
	26	43	-20.500000	62.750000	9.755976e+04	2.399598e-04
	71	53	-9.250000	60.250000	9.842521e+04	2.203061e-04
	150	109	10.500000	46.250000	1.010070e+05	3.522124e-05
	136	117	7.000000	44.250000	1.009641e+05	9.636182e-05
	272	162	41.000000	33.000000	1.009462e+05	4.981614e-05
2022	2	19	5	12
	255	17	36.750000	69.250000	9.748017e+04	1.582496e-04
	23	41	-21.250000	63.250000	9.743865e+04	2.085493e-04
	73	51	-8.750000	60.750000	9.852156e+04	2.103270e-04
	136	117	7.000000	44.250000	1.010239e+05	9.947859e-05
	269	162	40.250000	33.000000	1.007924e+05	5.766185e-05
2022	2	19	7	15
	257	17	37.250000	69.250000	9.764718e+04	1.715077e-04
	16	39	-23.000000	63.750000	9.737191e+04	1.574756e-04
	74	49	-8.500000	61.250000	9.852203e+04	1.957767e-04
	0	59	-27.000000	58.750000	9.727430e+04	9.908724e-05
	134	119	6.500000	43.750000	1.009763e+05	1.295451e-04
	267	162	39.750000	33.000000	1.009041e+05	4.893645e-05
	277	162	42.250000	33.000000	1.009041e+05	9.610732e-05
2022	2	19	6	18
	277	7	42.250000	71.750000	9.778709e+04	9.064931e-05
	258	17	37.500000	69.250000	9.778709e+04	1.751938e-04
	0	56	-27.000000	59.500000	9.651680e+04	1.429960e-04
	139	122	7.750000	43.000000	1.011422e+05	9.139452e-05
	264	162	39.000000	33.000000	1.011301e+05	2.453413e-05
	281	162	43.250000	33.000000	1.010601e+05	1.023697e-04
2022	2	19	6	21
	282	5	43.500000	72.250000	9.797180e+04	8.608586e-05
	137	15	7.250000	69.750000	9.901179e+04	1.521496e-04
	259	18	37.750000	69.000000	9.791133e+04	1.704557e-04
	1	54	-26.750000	60.000000	9.571950e+04	3.034258e-04
	150	125	10.500000	42.250000	1.013051e+05	9.330973e-05
	282	162	43.500000	33.000000	1.010084e+05	1.236809e-04
2022	2	20	8	0
	284	5	44.000000	72.250000	9.808774e+04	5.862464e-05
	138	14	7.500000	70.000000	9.889820e+04	2.326199e-04
	260	18	38.000000	69.000000	9.796193e+04	1.743887e-04
	10	52	-24.500000	60.500000	9.526750e+04	4.064190e-04
	204	139	24.000000	38.750000	1.014402e+05	5.258649e-05
	285	153	44.250000	35.250000	1.008929e+05	-5.156487e-05
	262	156	38.500000	34.500000	1.012584e+05	-5.298194e-05
	282	162	43.500000	33.000000	1.008929e+05	1.215008e-04
