2022	2	10	8	0
	162	7	13.500000	71.750000	9.681147e+04	9.573233e-05
	148	23	10.000000	67.750000	9.648990e+04	4.705976e-04
	61	56	-11.750000	59.500000	9.842144e+04	5.412850e-04
	152	106	11.000000	47.000000	1.022453e+05	-4.516668e-05
	139	110	7.750000	46.000000	1.022453e+05	-7.608644e-05
	38	150	-17.500000	36.000000	1.020487e+05	5.297008e-05
	247	152	34.750000	35.500000	1.007572e+05	9.661317e-05
	40	161	-17.000000	33.250000	1.020487e+05	-5.140476e-05
2022	2	10	7	6
	8	6	-25.000000	72.000000	1.003340e+05	-2.878013e-05
	165	13	14.250000	70.250000	9.674551e+04	7.893689e-05
	166	13	14.500000	70.250000	9.674551e+04	8.128052e-05
	168	23	15.000000	67.750000	9.674551e+04	2.617164e-04
	76	59	-8.000000	58.750000	9.886186e+04	5.316325e-04
	152	106	11.000000	47.000000	1.021313e+05	-4.381880e-05
	249	150	35.250000	36.000000	1.010319e+05	8.041781e-05
2022	2	10	8	12
	212	0	26.000000	73.500000	9.736421e+04	3.789554e-06
	208	8	25.000000	71.500000	9.730795e+04	2.881097e-05
	175	10	16.750000	71.000000	9.730795e+04	2.065769e-04
	15	21	-23.250000	68.250000	1.001562e+05	1.111317e-04
	195	28	21.750000	66.500000	9.717666e+04	2.375752e-04
	93	64	-3.750000	57.500000	9.983501e+04	4.279419e-04
	137	117	7.250000	44.250000	1.022797e+05	1.127846e-04
	268	156	40.000000	34.500000	1.010494e+05	4.162688e-05
2022	2	10	6	18
	220	0	28.000000	73.500000	9.761455e+04	4.933121e-05
	212	8	26.000000	71.500000	9.745188e+04	2.341106e-05
	184	9	19.000000	71.250000	9.745188e+04	2.046990e-04
	36	18	-18.000000	69.000000	9.976294e+04	9.735989e-05
	212	27	26.000000	66.750000	9.764806e+04	2.790247e-04
	108	69	0.000000	56.250000	1.003260e+05	3.580441e-04
2022	2	11	6	0
	220	0	28.000000	73.500000	9.786153e+04	4.300011e-06
	190	11	20.500000	70.750000	9.777998e+04	2.263652e-04
	51	17	-14.250000	69.250000	9.944452e+04	2.101476e-04
	0	71	-27.000000	55.750000	9.971679e+04	1.314588e-04
	120	76	3.000000	54.500000	1.009266e+05	3.045218e-04
	137	117	7.250000	44.250000	1.021918e+05	9.721034e-05
2022	2	11	3	6
	211	0	25.750000	73.500000	9.810218e+04	6.712103e-06
	75	17	-8.250000	69.250000	9.929491e+04	2.091472e-04
	130	83	5.500000	52.750000	1.015554e+05	2.607781e-04
2022	2	11	4	12
	227	0	29.750000	73.500000	9.840310e+04	-1.191846e-05
	96	18	-3.000000	69.000000	9.919059e+04	2.006814e-04
	22	57	-21.500000	59.250000	9.915625e+04	1.069143e-04
	135	119	6.750000	43.750000	1.020272e+05	1.320214e-04
2022	2	11	5	18
	238	0	32.500000	73.500000	9.856284e+04	-2.473647e-05
	144	21	9.000000	68.250000	9.894805e+04	1.520539e-04
	29	53	-19.750000	60.250000	9.879084e+04	1.892362e-04
	18	64	-22.500000	57.500000	9.881445e+04	1.087503e-04
	136	123	7.000000	42.750000	1.020982e+05	7.039525e-05
2022	2	12	6	0
	249	0	35.250000	73.500000	9.866167e+04	5.495203e-05
	241	8	33.250000	71.500000	9.866167e+04	7.717697e-05
	151	21	10.750000	68.250000	9.861509e+04	2.819514e-04
	47	50	-15.250000	61.000000	9.849920e+04	1.323093e-04
	25	54	-20.750000	60.000000	9.849920e+04	2.305325e-04
	37	61	-17.750000	58.250000	9.849920e+04	7.191669e-05
2022	2	12	5	6
	161	0	13.250000	73.500000	9.840816e+04	1.144886e-04
	256	0	37.000000	73.500000	9.874491e+04	7.727360e-05
	165	24	14.250000	67.500000	9.902728e+04	2.210815e-04
	43	50	-16.250000	61.000000	9.828194e+04	2.125697e-04
	28	58	-20.000000	59.000000	9.828194e+04	1.708623e-04
2022	2	12	2	12
	179	0	17.750000	73.500000	9.837255e+04	2.184444e-04
	61	53	-11.750000	60.250000	9.824885e+04	1.630124e-04
2022	2	12	3	18
	195	2	21.750000	73.000000	9.833356e+04	3.336507e-04
	9	6	-24.750000	72.000000	1.005127e+05	-2.066789e-05
	72	53	-9.000000	60.250000	9.808364e+04	1.694128e-04
2022	2	13	2	0
	152	0	11.000000	73.500000	9.873227e+04	2.009153e-05
	213	1	26.250000	73.250000	9.853249e+04	2.749501e-04
2022	2	13	4	6
	227	0	29.750000	73.500000	9.859066e+04	1.613686e-04
	228	0	30.000000	73.500000	9.859066e+04	1.905079e-04
	163	5	13.750000	72.250000	9.855209e+04	2.330063e-04
	137	31	7.250000	65.750000	9.740425e+04	2.352854e-04
2022	2	13	1	12
	152	29	11.000000	66.250000	9.725653e+04	2.708159e-04
2022	2	13	1	18
	159	30	12.750000	66.000000	9.738297e+04	2.577991e-04
2022	2	14	3	0
	6	14	-25.500000	70.000000	9.949088e+04	7.228668e-05
	208	19	25.000000	68.750000	9.757220e+04	3.857819e-05
	179	25	17.750000	67.250000	9.755829e+04	1.022298e-04
2022	2	14	4	6
	210	7	25.500000	71.750000	9.746641e+04	1.144620e-04
	264	137	39.000000	39.250000	1.017252e+05	-1.995344e-05
	280	142	43.000000	38.000000	1.017493e+05	-3.424845e-05
	285	149	44.250000	36.250000	1.017493e+05	4.652421e-06
2022	2	14	2	12
	203	4	23.750000	72.500000	9.722998e+04	1.910004e-04
	278	120	42.500000	43.500000	1.017743e+05	5.997140e-05
2022	2	14	3	18
	6	7	-25.500000	71.750000	9.947087e+04	-2.107014e-05
	207	9	24.750000	71.250000	9.707446e+04	1.387328e-04
	278	120	42.500000	43.500000	1.020217e+05	3.570798e-05
2022	2	15	6	0
	207	3	24.750000	72.750000	9.712651e+04	3.706339e-04
	249	12	35.250000	70.500000	9.715559e+04	4.384437e-05
	0	30	-27.000000	66.000000	9.749445e+04	1.073074e-04
	25	32	-20.750000	65.500000	9.749445e+04	1.340813e-04
	145	117	9.250000	44.250000	1.011025e+05	1.218643e-04
	280	121	43.000000	43.250000	1.021652e+05	2.918539e-05
2022	2	15	4	6
	251	7	35.750000	71.750000	9.709659e+04	1.363958e-04
	223	9	28.750000	71.250000	9.709659e+04	2.200973e-04
	2	71	-26.500000	55.750000	9.704559e+04	1.332454e-04
	281	122	43.250000	43.000000	1.023975e+05	1.624446e-05
2022	2	15	3	12
	257	6	37.250000	72.000000	9.714674e+04	1.345293e-04
	254	15	36.500000	69.750000	9.714674e+04	1.687089e-04
	16	65	-23.000000	57.250000	9.557175e+04	3.063002e-04
2022	2	15	3	18
	266	6	39.500000	72.000000	9.730015e+04	2.736047e-04
	46	53	-15.500000	60.250000	9.450230e+04	1.467180e-04
	280	121	43.000000	43.250000	1.025623e+05	1.282045e-05
2022	2	16	2	0
	57	43	-12.750000	62.750000	9.382629e+04	3.936230e-04
	280	121	43.000000	43.250000	1.024893e+05	6.131494e-06
2022	2	16	3	6
	288	0	45.000000	73.500000	9.788281e+04	-2.464415e-05
	73	39	-8.750000	63.750000	9.383240e+04	2.122095e-04
	281	121	43.250000	43.250000	1.025456e+05	9.041877e-06
2022	2	16	3	12
	84	33	-6.000000	65.250000	9.410930e+04	2.376454e-04
	278	120	42.500000	43.500000	1.022270e+05	-4.179516e-06
	163	154	13.750000	35.000000	1.017193e+05	9.005731e-05
2022	2	16	4	18
	0	10	-27.000000	71.000000	9.531319e+04	-9.715878e-05
	74	26	-8.500000	67.000000	9.424184e+04	3.021997e-04
	0	114	-27.000000	45.000000	1.010064e+05	1.333295e-04
	281	121	43.250000	43.250000	1.021792e+05	-9.797815e-06
2022	2	17	6	0
	64	23	-11.000000	67.750000	9.422456e+04	2.907446e-04
	0	30	-27.000000	66.000000	9.557007e+04	4.917931e-05
	264	54	39.000000	60.000000	1.005591e+05	1.181011e-04
	265	54	39.250000	60.000000	1.005591e+05	1.175846e-04
	24	104	-21.000000	47.500000	1.002447e+05	2.119977e-04
	137	117	7.250000	44.250000	1.019621e+05	1.358346e-04
2022	2	17	7	6
	40	21	-17.000000	68.250000	9.426270e+04	3.624268e-04
	0	25	-27.000000	67.250000	9.564951e+04	1.048731e-04
	183	42	18.750000	63.000000	9.829141e+04	1.180603e-04
	282	53	43.500000	60.250000	1.004645e+05	9.291721e-05
	50	93	-14.500000	50.250000	9.908502e+04	2.442117e-04
	150	109	10.500000	46.250000	1.018616e+05	1.790634e-05
	137	117	7.250000	44.250000	1.018517e+05	9.198103e-05
2022	2	17	4	12
	1	30	-26.750000	66.000000	9.464012e+04	2.998540e-04
	191	39	20.750000	63.750000	9.868422e+04	1.560096e-04
	79	82	-7.250000	53.000000	9.802674e+04	4.112113e-04
	154	109	11.500000	46.250000	1.020141e+05	1.307687e-05
2022	2	17	3	18
	0	35	-27.000000	64.750000	9.518738e+04	-9.316067e-07
	104	73	-1.000000	55.250000	9.704727e+04	5.053406e-04
	138	117	7.500000	44.250000	1.018805e+05	9.468458e-05
2022	2	18	3	0
	10	36	-24.500000	64.500000	9.611438e+04	7.275107e-05
	127	69	4.750000	56.250000	9.678239e+04	4.633699e-04
	137	117	7.250000	44.250000	1.018215e+05	7.779670e-05
2022	2	18	5	6
	208	4	25.000000	72.500000	9.831038e+04	1.132682e-04
	29	44	-19.750000	62.500000	9.555742e+04	1.336484e-04
	6	52	-25.500000	60.500000	9.543267e+04	3.891391e-04
	144	65	9.000000	57.250000	9.657651e+04	4.688653e-04
	263	106	38.750000	47.000000	1.008282e+05	2.121476e-04
2022	2	18	6	12
	217	4	27.250000	72.500000	9.828383e+04	1.567882e-04
	137	15	7.250000	69.750000	9.810008e+04	1.925948e-04
	38	49	-17.500000	61.250000	9.519729e+04	4.888022e-04
	157	63	12.250000	57.750000	9.686289e+04	4.232074e-04
	270	103	40.500000	47.750000	1.010604e+05	1.627169e-04
	285	122	44.250000	43.000000	1.010041e+05	1.964825e-05
2022	2	18	7	18
	228	2	30.000000	73.000000	9.822799e+04	1.222630e-04
	143	13	8.750000	70.250000	9.825117e+04	1.727289e-04
	123	29	3.750000	66.250000	9.806910e+04	1.811090e-04
	54	44	-13.500000	62.500000	9.472441e+04	5.168761e-04
	174	62	16.500000	58.000000	9.759875e+04	3.015351e-04
	152	109	11.000000	46.250000	1.016822e+05	5.126083e-05
	281	147	43.250000	36.750000	1.012739e+05	7.359498e-05
2022	2	19	8	0
	227	0	29.750000	73.500000	9.825559e+04	8.238367e-05
	120	26	3.000000	67.000000	9.792917e+04	1.781261e-04
	121	26	3.250000	67.000000	9.792917e+04	1.775848e-04
	0	39	-27.000000	63.750000	9.809776e+04	5.407787e-05
	60	40	-12.000000	63.500000	9.489869e+04	5.201038e-04
	194	62	21.500000	58.000000	9.788134e+04	2.519116e-04
	138	118	7.500000	44.000000	1.018186e+05	1.637859e-04
	286	152	44.500000	35.500000	1.010831e+05	4.438946e-05
2022	2	19	8	6
	229	2	30.250000	73.000000	9.833736e+04	1.112074e-04
	120	22	3.000000	68.000000	9.775427e+04	2.004766e-04
	288	24	45.000000	67.500000	9.940322e+04	1.466420e-06
	44	38	-16.000000	64.000000	9.512733e+04	-1.870879e-04
	62	41	-11.500000	63.250000	9.512733e+04	5.156387e-04
	210	63	25.500000	57.750000	9.822230e+04	2.394591e-04
	148	120	10.000000	43.500000	1.019219e+05	1.053764e-04
	288	155	45.000000	34.750000	1.013626e+05	1.029156e-04
2022	2	19	6	12
	237	2	32.250000	73.000000	9.849266e+04	1.005691e-04
	235	3	31.750000	72.750000	9.849266e+04	1.119404e-04
	122	18	3.500000	69.000000	9.793107e+04	2.355392e-04
	74	44	-8.500000	62.500000	9.580145e+04	4.806968e-04
	230	62	30.500000	58.000000	9.851648e+04	1.097615e-04
	165	126	14.250000	42.000000	1.019556e+05	-1.275878e-05
2022	2	19	4	18
	244	3	34.000000	72.750000	9.857084e+04	1.226106e-04
	130	15	5.500000	69.750000	9.805835e+04	2.211847e-04
	89	47	-4.750000	61.750000	9.659758e+04	4.141028e-04
	245	62	34.250000	58.000000	9.873310e+04	1.105630e-04
2022	2	20	8	0
	251	1	35.750000	73.250000	9.872236e+04	3.843021e-05
	158	5	12.500000	72.250000	9.821935e+04	1.558987e-04
	144	12	9.000000	70.500000	9.821935e+04	1.647866e-04
	288	53	45.000000	60.250000	9.921926e+04	9.935185e-05
	108	54	0.000000	60.000000	9.747000e+04	3.885986e-04
	0	57	-27.000000	59.250000	9.808027e+04	1.237734e-04
	151	59	10.750000	58.750000	9.858686e+04	1.569016e-04
	260	61	38.000000	58.250000	9.891117e+04	9.228232e-05
