2022	2	16	5	0
	288	11	45.000000	70.750000	9.874809e+04	8.830491e-05
	55	39	-13.250000	63.750000	9.743573e+04	3.425360e-04
	118	53	2.500000	60.250000	9.803577e+04	1.638915e-04
	64	68	-11.000000	56.500000	9.720438e+04	3.400389e-04
	172	122	16.000000	43.000000	1.014483e+05	2.149149e-05
2022	2	16	4	3
	50	37	-14.500000	64.250000	9.742913e+04	3.549733e-04
	121	51	3.250000	60.750000	9.795067e+04	1.595089e-04
	76	67	-8.000000	56.750000	9.710230e+04	3.309705e-04
	173	122	16.250000	43.000000	1.014422e+05	3.921546e-05
2022	2	16	1	6
	99	67	-2.250000	56.750000	9.733098e+04	2.334675e-04
2022	2	16	3	9
	124	47	4.000000	61.750000	9.777279e+04	1.438664e-04
	111	66	0.750000	57.000000	9.728191e+04	2.723013e-04
	46	71	-15.500000	55.750000	9.747411e+04	1.896153e-04
2022	2	16	9	12
	108	34	0.000000	65.000000	9.760984e+04	1.833710e-04
	125	46	4.250000	62.000000	9.765530e+04	1.282636e-04
	66	56	-10.500000	59.500000	9.722985e+04	8.610173e-05
	67	56	-10.250000	59.500000	9.722985e+04	8.349925e-05
	119	67	2.750000	56.750000	9.719809e+04	2.607084e-04
	58	69	-12.500000	56.250000	9.693196e+04	3.463350e-04
	75	71	-8.250000	55.750000	9.693196e+04	2.299222e-04
	176	132	17.000000	40.500000	1.011484e+05	2.606747e-05
	183	138	18.750000	39.000000	1.011484e+05	1.896992e-04
2022	2	16	7	15
	104	35	-1.000000	64.750000	9.741985e+04	1.551024e-04
	126	44	4.500000	62.500000	9.745036e+04	1.027466e-04
	132	67	6.000000	56.750000	9.719101e+04	2.454801e-04
	151	67	10.750000	56.750000	9.719101e+04	2.444743e-04
	73	68	-8.750000	56.500000	9.670265e+04	3.394994e-04
	88	68	-5.000000	56.500000	9.670265e+04	2.469405e-04
	184	135	19.000000	39.750000	1.010114e+05	1.443699e-04
2022	2	16	4	18
	156	65	12.000000	57.250000	9.701265e+04	2.298873e-04
	101	68	-1.750000	56.500000	9.686999e+04	2.428463e-04
	280	121	43.000000	43.250000	1.021383e+05	-2.895277e-05
	184	134	19.000000	40.000000	1.011190e+05	1.132198e-04
2022	2	16	5	21
	288	9	45.000000	71.250000	9.889091e+04	1.233876e-04
	161	65	13.250000	57.250000	9.666631e+04	2.257530e-04
	111	68	0.750000	56.500000	9.680692e+04	2.923309e-04
	137	117	7.250000	44.250000	1.011904e+05	6.112770e-05
	184	134	19.000000	40.000000	1.012020e+05	1.184682e-04
2022	2	17	7	0
	288	9	45.000000	71.250000	9.893133e+04	1.267781e-04
	123	39	3.750000	63.750000	9.728348e+04	1.195921e-04
	169	64	15.250000	57.500000	9.640853e+04	2.128085e-04
	120	70	3.000000	56.000000	9.706974e+04	2.855767e-04
	137	116	7.250000	44.500000	1.009689e+05	6.913653e-05
	278	121	42.500000	43.250000	1.020350e+05	-4.299917e-05
	183	133	18.750000	40.250000	1.012448e+05	1.091348e-04
2022	2	17	3	3
	288	10	45.000000	71.000000	9.896073e+04	1.163837e-04
	123	39	3.750000	63.750000	9.734688e+04	1.069177e-04
	181	61	18.250000	58.250000	9.609538e+04	1.912996e-04
2022	2	17	3	6
	288	11	45.000000	70.750000	9.901012e+04	9.396119e-05
	121	38	3.250000	64.000000	9.738934e+04	1.162345e-04
	192	62	21.000000	58.000000	9.594816e+04	1.468108e-04
2022	2	17	4	9
	120	38	3.000000	64.000000	9.752712e+04	1.125702e-04
	197	59	22.250000	58.750000	9.593323e+04	1.212790e-04
	9	117	-24.750000	44.250000	1.005949e+05	2.081419e-04
	189	158	20.250000	34.000000	1.012254e+05	1.007589e-04
2022	2	17	6	12
	117	39	2.250000	63.750000	9.767134e+04	1.173189e-04
	201	58	23.250000	59.000000	9.592458e+04	1.253419e-04
	4	111	-26.000000	45.750000	1.000114e+05	2.855305e-04
	16	112	-23.000000	45.500000	1.000114e+05	2.500276e-04
	272	119	41.000000	43.750000	1.013609e+05	-1.354669e-06
	191	157	20.750000	34.250000	1.010749e+05	8.377999e-05
2022	2	17	4	15
	7	44	-25.250000	62.500000	9.923598e+04	1.885953e-04
	208	55	25.000000	59.750000	9.607494e+04	6.973503e-05
	23	106	-21.250000	47.000000	9.919666e+04	2.555882e-04
	193	159	21.250000	33.750000	1.010564e+05	6.326878e-05
2022	2	17	4	18
	8	42	-25.000000	63.000000	9.919870e+04	1.520228e-04
	212	52	26.000000	60.500000	9.619683e+04	1.056830e-04
	45	98	-15.750000	49.000000	9.867905e+04	2.311073e-04
	30	102	-19.500000	48.000000	9.867905e+04	3.897053e-04
2022	2	17	3	21
	216	50	27.000000	61.000000	9.626289e+04	1.210175e-04
	57	92	-12.750000	50.500000	9.871019e+04	2.185954e-04
	36	98	-18.000000	49.000000	9.846750e+04	4.324818e-04
2022	2	18	4	0
	150	28	10.500000	66.500000	9.810418e+04	1.232964e-05
	1	36	-26.750000	64.500000	9.921978e+04	8.243178e-05
	219	47	27.750000	61.750000	9.633130e+04	1.055947e-04
	43	99	-16.250000	48.750000	9.833334e+04	5.082996e-04
2022	2	18	4	3
	149	27	10.250000	66.750000	9.815152e+04	3.073014e-05
	222	45	28.500000	62.250000	9.642363e+04	9.268724e-05
	58	86	-12.500000	52.000000	9.803105e+04	2.997999e-04
	54	97	-13.500000	49.250000	9.803105e+04	4.907022e-04
2022	2	18	4	6
	148	26	10.000000	67.000000	9.814586e+04	3.010341e-05
	226	42	29.500000	63.000000	9.652288e+04	8.759085e-05
	65	86	-10.750000	52.000000	9.772670e+04	3.236544e-04
	138	116	7.500000	44.500000	1.014225e+05	8.335538e-05
2022	2	18	4	9
	141	29	8.250000	66.250000	9.814712e+04	8.421607e-05
	229	40	30.250000	63.500000	9.667308e+04	1.045579e-04
	83	77	-6.250000	54.250000	9.750919e+04	3.054814e-04
	80	86	-7.000000	52.000000	9.750919e+04	1.638546e-04
2022	2	18	4	12
	140	29	8.000000	66.250000	9.819713e+04	6.565341e-05
	240	31	33.000000	65.750000	9.680630e+04	8.832683e-05
	89	74	-4.750000	55.000000	9.714649e+04	3.693712e-04
	279	119	42.750000	43.750000	1.002995e+05	3.873376e-05
2022	2	18	4	15
	243	28	33.750000	66.500000	9.688163e+04	1.467549e-04
	143	30	8.750000	66.000000	9.815121e+04	1.011488e-04
	106	75	-0.500000	54.750000	9.676241e+04	1.536473e-04
	279	119	42.750000	43.750000	1.006215e+05	4.731290e-05
2022	2	18	3	18
	244	27	34.000000	66.750000	9.692237e+04	1.358712e-04
	142	33	8.500000	65.250000	9.800148e+04	9.498871e-05
	117	67	2.250000	56.750000	9.618849e+04	3.078876e-04
2022	2	18	7	21
	251	18	35.750000	69.000000	9.699315e+04	1.831096e-04
	247	26	34.750000	67.000000	9.699315e+04	1.431902e-04
	144	34	9.000000	65.000000	9.783397e+04	1.028612e-04
	13	45	-23.750000	62.250000	9.859741e+04	9.202186e-05
	0	57	-27.000000	59.250000	9.855086e+04	1.091538e-04
	123	66	3.750000	57.000000	9.598843e+04	3.438978e-04
	108	137	0.000000	39.250000	1.014532e+05	4.622935e-05
2022	2	19	4	0
	251	22	35.750000	68.000000	9.703624e+04	1.099784e-04
	148	33	10.000000	65.250000	9.772246e+04	1.144652e-04
	142	63	8.500000	57.750000	9.605606e+04	2.759003e-04
	172	103	16.000000	47.750000	1.004327e+05	9.168767e-05
2022	2	19	5	3
	248	17	35.000000	69.250000	9.698449e+04	2.097590e-04
	148	32	10.000000	65.500000	9.763989e+04	1.298568e-04
	153	61	11.250000	58.250000	9.615830e+04	3.172071e-04
	136	114	7.000000	45.000000	1.013541e+05	7.576428e-05
	247	150	34.750000	36.000000	1.011141e+05	8.342451e-05
2022	2	19	6	6
	247	17	34.750000	69.250000	9.696625e+04	2.372014e-04
	147	31	9.750000	65.750000	9.757713e+04	1.544160e-04
	185	54	19.250000	60.000000	9.643495e+04	2.505259e-04
	167	61	14.750000	58.250000	9.643495e+04	2.170307e-04
	126	136	4.500000	39.500000	1.014323e+05	-6.304289e-07
	246	151	34.500000	35.750000	1.011270e+05	1.143174e-04
2022	2	19	5	9
	246	17	34.500000	69.250000	9.703073e+04	2.262671e-04
	145	31	9.250000	65.750000	9.770374e+04	1.602962e-04
	187	54	19.750000	60.000000	9.649582e+04	2.136567e-04
	137	116	7.250000	44.500000	1.015074e+05	1.388807e-04
	254	157	36.500000	34.250000	1.011806e+05	-1.522459e-05
2022	2	19	6	12
	260	17	38.000000	69.250000	9.710545e+04	9.323690e-05
	144	31	9.000000	65.750000	9.784514e+04	1.433620e-04
	197	53	22.250000	60.250000	9.671932e+04	1.468844e-04
	138	117	7.500000	44.250000	1.014362e+05	1.157790e-04
	244	154	34.000000	35.000000	1.010334e+05	1.537312e-04
	255	156	36.750000	34.500000	1.010334e+05	2.314064e-05
2022	2	19	6	15
	264	15	39.000000	69.750000	9.716962e+04	1.048361e-04
	143	32	8.750000	65.500000	9.798873e+04	1.604848e-04
	206	53	24.500000	60.250000	9.696484e+04	1.273028e-04
	0	59	-27.000000	58.750000	9.658374e+04	1.365387e-04
	138	117	7.500000	44.250000	1.014005e+05	1.131090e-04
	257	162	37.250000	33.000000	1.011076e+05	-7.909402e-06
2022	2	19	9	18
	268	15	40.000000	69.750000	9.718519e+04	1.150748e-04
	243	19	33.750000	68.750000	9.718519e+04	1.921426e-04
	244	19	34.000000	68.750000	9.718519e+04	1.912397e-04
	145	34	9.250000	65.000000	9.811739e+04	1.616737e-04
	226	49	29.500000	61.250000	9.712668e+04	9.761560e-05
	0	54	-27.000000	60.000000	9.559963e+04	1.552452e-04
	152	115	11.000000	44.750000	1.014664e+05	4.648968e-05
	137	120	7.250000	43.500000	1.014664e+05	8.540801e-05
	261	162	38.250000	33.000000	1.014082e+05	-6.183356e-06
2022	2	19	7	21
	269	15	40.250000	69.750000	9.720248e+04	9.249672e-05
	243	20	33.750000	68.500000	9.720248e+04	1.491040e-04
	149	35	10.250000	64.750000	9.825769e+04	1.399543e-04
	239	47	32.750000	61.750000	9.724668e+04	8.631475e-05
	240	47	33.000000	61.750000	9.724668e+04	8.804852e-05
	0	51	-27.000000	60.750000	9.511725e+04	1.912018e-04
	154	115	11.500000	44.750000	1.015774e+05	5.176457e-05
2022	2	20	4	0
	275	14	41.750000	70.000000	9.724495e+04	1.004926e-04
	149	36	10.250000	64.500000	9.840930e+04	1.185541e-04
	249	45	35.250000	62.250000	9.731888e+04	7.627455e-05
	0	49	-27.000000	61.250000	9.501691e+04	1.423737e-04
