2022	2	16	4	0
	58	40	-12.500000	63.500000	9.741496e+04	3.694124e-04
	116	54	2.000000	60.000000	9.797657e+04	2.102191e-04
	66	67	-10.500000	56.750000	9.735309e+04	2.806511e-04
	172	122	16.000000	43.000000	1.014794e+05	3.696511e-05
2022	2	16	5	3
	50	38	-14.500000	64.000000	9.719862e+04	3.871818e-04
	121	53	3.250000	60.250000	9.794738e+04	2.020243e-04
	75	67	-8.250000	56.750000	9.733362e+04	2.643351e-04
	280	121	43.000000	43.250000	1.021350e+05	3.280144e-05
	173	123	16.250000	42.750000	1.014527e+05	4.632434e-05
2022	2	16	5	6
	124	34	4.000000	65.000000	9.794465e+04	1.819883e-04
	44	37	-16.000000	64.250000	9.751667e+04	2.762968e-04
	123	52	3.750000	60.500000	9.790846e+04	1.884303e-04
	84	66	-6.000000	57.000000	9.765335e+04	2.786832e-04
	99	68	-2.250000	56.500000	9.765335e+04	2.113490e-04
2022	2	16	5	9
	37	34	-17.750000	65.000000	9.767084e+04	2.416124e-04
	118	34	2.500000	65.000000	9.784841e+04	1.871598e-04
	108	66	0.000000	57.000000	9.764271e+04	2.126947e-04
	45	68	-15.750000	56.500000	9.739201e+04	2.158046e-04
	183	130	18.750000	41.000000	1.014811e+05	1.119231e-04
2022	2	16	5	12
	112	34	1.000000	65.000000	9.765396e+04	1.995522e-04
	66	54	-10.500000	60.000000	9.732390e+04	1.241045e-04
	118	66	2.500000	57.000000	9.752366e+04	2.140393e-04
	55	67	-13.250000	56.750000	9.705769e+04	2.782183e-04
	183	127	18.750000	41.750000	1.012348e+05	9.166718e-05
2022	2	16	2	15
	77	57	-7.750000	59.250000	9.690338e+04	2.342011e-05
	76	66	-8.000000	57.000000	9.690338e+04	2.223054e-04
2022	2	16	5	18
	0	35	-27.000000	64.750000	9.809638e+04	8.278739e-07
	85	65	-5.750000	57.250000	9.702788e+04	3.330957e-04
	281	121	43.250000	43.250000	1.021592e+05	-2.756431e-05
	185	133	19.250000	40.250000	1.011702e+05	1.208073e-04
	186	135	19.500000	39.750000	1.011702e+05	1.301852e-04
2022	2	16	3	21
	130	69	5.500000	56.250000	9.694563e+04	2.114410e-04
	137	117	7.250000	44.250000	1.011167e+05	6.613576e-05
	278	120	42.500000	43.500000	1.020839e+05	-3.705406e-05
2022	2	17	3	0
	145	68	9.250000	56.500000	9.674100e+04	2.844492e-04
	137	117	7.250000	44.250000	1.008886e+05	6.310458e-05
	279	121	42.750000	43.250000	1.019734e+05	-3.084310e-05
2022	2	17	1	3
	157	68	12.250000	56.500000	9.659657e+04	2.472110e-04
2022	2	17	3	6
	134	40	6.500000	63.500000	9.747334e+04	8.789222e-05
	200	58	23.000000	59.000000	9.649455e+04	1.819914e-04
	187	69	19.750000	56.250000	9.651538e+04	1.481740e-04
2022	2	17	5	9
	136	40	7.000000	63.500000	9.757855e+04	9.670419e-05
	203	56	23.750000	59.500000	9.638920e+04	1.559747e-04
	200	66	23.000000	57.000000	9.638920e+04	1.233222e-04
	6	106	-25.500000	47.000000	1.007040e+05	1.792175e-04
	278	120	42.500000	43.500000	1.015705e+05	-1.701640e-05
2022	2	17	3	12
	140	39	8.000000	63.750000	9.767707e+04	9.260119e-05
	206	63	24.500000	57.750000	9.628004e+04	1.538674e-04
	16	101	-23.000000	48.250000	1.003703e+05	2.516869e-04
2022	2	17	3	15
	143	39	8.750000	63.750000	9.776829e+04	6.509564e-05
	213	55	26.250000	59.750000	9.634891e+04	6.515606e-05
	23	97	-21.250000	49.250000	9.972222e+04	3.092242e-04
2022	2	17	4	18
	144	38	9.000000	64.000000	9.783442e+04	8.332298e-05
	57	50	-12.750000	61.000000	9.875620e+04	1.738228e-04
	216	53	27.000000	60.250000	9.637901e+04	1.147879e-04
	32	93	-19.000000	50.250000	9.915468e+04	3.599544e-04
2022	2	17	5	21
	146	38	9.500000	64.000000	9.793400e+04	7.156609e-05
	221	48	28.250000	61.500000	9.638524e+04	1.234736e-04
	60	51	-12.000000	60.750000	9.872990e+04	1.474724e-04
	40	91	-17.000000	50.750000	9.855902e+04	4.154792e-04
	153	110	11.250000	46.000000	1.010487e+05	7.973948e-05
2022	2	18	3	0
	223	44	28.750000	62.500000	9.637384e+04	1.132826e-04
	64	51	-11.000000	60.750000	9.870557e+04	1.404242e-04
	49	87	-14.750000	51.750000	9.783823e+04	5.094163e-04
2022	2	18	4	3
	224	42	29.000000	63.000000	9.634952e+04	1.092656e-04
	67	50	-10.250000	61.000000	9.857923e+04	1.604964e-04
	51	53	-14.250000	60.250000	9.857923e+04	9.806412e-05
	60	85	-12.000000	52.250000	9.734077e+04	6.045221e-04
2022	2	18	4	6
	225	40	29.250000	63.500000	9.636427e+04	1.579909e-04
	66	50	-10.500000	61.000000	9.834145e+04	1.760581e-04
	69	83	-9.750000	52.750000	9.717931e+04	5.843514e-04
	137	117	7.250000	44.250000	1.012930e+05	6.550568e-05
2022	2	18	3	9
	227	37	29.750000	64.250000	9.640242e+04	1.269924e-04
	64	51	-11.000000	60.750000	9.826346e+04	1.983774e-04
	87	81	-5.250000	53.250000	9.730139e+04	3.757839e-04
2022	2	18	6	12
	231	35	30.750000	64.750000	9.650762e+04	1.339680e-04
	232	35	31.000000	64.750000	9.650762e+04	1.270491e-04
	61	52	-11.750000	60.500000	9.832214e+04	1.788872e-04
	96	78	-3.000000	54.000000	9.740067e+04	3.379389e-04
	274	118	41.500000	44.000000	1.002939e+05	-8.400027e-05
	269	159	40.250000	33.750000	1.007167e+05	6.148669e-05
2022	2	18	5	15
	6	7	-25.500000	71.750000	1.004961e+05	-2.959863e-05
	235	32	31.750000	65.500000	9.657574e+04	1.091338e-04
	19	44	-22.250000	62.500000	9.855977e+04	1.370125e-04
	115	77	1.750000	54.250000	9.742120e+04	2.340980e-04
	275	118	41.750000	44.000000	1.004658e+05	-5.344058e-05
2022	2	18	7	18
	2	6	-26.500000	72.000000	1.005397e+05	1.373839e-05
	238	30	32.500000	66.000000	9.655628e+04	9.538891e-05
	17	42	-22.750000	63.000000	9.835423e+04	1.736636e-04
	0	58	-27.000000	59.000000	9.824248e+04	9.710559e-05
	136	69	7.000000	56.250000	9.735719e+04	2.476558e-04
	279	119	42.750000	43.750000	1.005953e+05	2.155919e-05
	270	155	40.500000	34.750000	1.008445e+05	9.402336e-05
2022	2	18	7	21
	6	7	-25.500000	71.750000	1.005885e+05	-1.584253e-05
	239	28	32.750000	66.500000	9.659551e+04	9.512967e-05
	14	41	-23.500000	63.250000	9.831759e+04	2.277075e-04
	0	55	-27.000000	59.750000	9.808087e+04	1.516970e-04
	141	69	8.250000	56.250000	9.731158e+04	2.136801e-04
	138	117	7.500000	44.250000	1.011380e+05	1.258601e-04
	270	155	40.500000	34.750000	1.008727e+05	9.070263e-05
2022	2	19	7	0
	239	26	32.750000	67.000000	9.665221e+04	1.124716e-04
	152	29	11.000000	66.250000	9.785480e+04	6.238439e-05
	8	41	-25.000000	63.250000	9.827410e+04	2.003285e-04
	9	54	-24.750000	60.000000	9.808345e+04	2.156970e-04
	156	67	12.000000	56.750000	9.735886e+04	1.910429e-04
	137	117	7.250000	44.250000	1.011121e+05	1.237263e-04
	276	162	42.000000	33.000000	1.007360e+05	2.748813e-05
2022	2	19	9	3
	248	17	35.000000	69.250000	9.669280e+04	1.309833e-04
	240	25	33.000000	67.250000	9.669280e+04	1.065314e-04
	152	29	11.000000	66.250000	9.782743e+04	8.220239e-05
	4	40	-26.000000	63.500000	9.847844e+04	1.891360e-04
	8	55	-25.000000	59.750000	9.821967e+04	2.368700e-04
	34	58	-18.500000	59.000000	9.824612e+04	1.607308e-04
	179	66	17.750000	57.000000	9.737118e+04	1.828093e-04
	137	117	7.250000	44.250000	1.010344e+05	1.503881e-04
	275	162	41.750000	33.000000	1.006732e+05	6.254678e-05
2022	2	19	13	6
	247	16	34.750000	69.500000	9.675316e+04	1.690463e-04
	240	24	33.000000	67.500000	9.675316e+04	1.176879e-04
	156	25	12.000000	67.250000	9.785631e+04	1.303050e-04
	0	39	-27.000000	63.750000	9.873993e+04	1.228932e-04
	111	55	0.750000	59.750000	9.863259e+04	1.645092e-04
	27	56	-20.250000	59.500000	9.837155e+04	1.571112e-04
	47	59	-15.250000	58.750000	9.837155e+04	1.660790e-04
	185	66	19.250000	57.000000	9.749949e+04	1.492386e-04
	151	109	10.750000	46.250000	1.011933e+05	1.095925e-05
	137	117	7.250000	44.250000	1.010742e+05	1.475585e-04
	98	146	-2.500000	37.000000	1.014721e+05	3.689235e-05
	261	161	38.250000	33.250000	1.007471e+05	-3.472150e-05
	276	162	42.000000	33.000000	1.007445e+05	1.122727e-04
2022	2	19	9	9
	247	16	34.750000	69.500000	9.685700e+04	1.946223e-04
	241	24	33.250000	67.500000	9.685700e+04	1.033742e-04
	154	27	11.500000	66.750000	9.796395e+04	1.179634e-04
	121	54	3.250000	60.000000	9.870131e+04	1.084363e-04
	61	61	-11.750000	58.250000	9.849257e+04	2.182000e-04
	200	66	23.000000	57.000000	9.776297e+04	9.735925e-05
	137	117	7.250000	44.250000	1.011700e+05	1.546419e-04
	94	146	-3.500000	37.000000	1.016778e+05	3.420124e-05
	276	162	42.000000	33.000000	1.006514e+05	1.285618e-04
2022	2	19	10	12
	249	16	35.250000	69.500000	9.699201e+04	1.072300e-04
	154	28	11.500000	66.500000	9.809911e+04	1.308298e-04
	124	56	4.000000	59.500000	9.879998e+04	1.942811e-04
	125	56	4.250000	59.500000	9.879998e+04	1.829245e-04
	63	61	-11.250000	58.250000	9.875741e+04	2.205411e-04
	215	66	26.750000	57.000000	9.796030e+04	9.976621e-05
	145	110	9.250000	46.000000	1.011478e+05	-1.665310e-05
	136	119	7.000000	43.750000	1.011478e+05	1.741449e-04
	261	156	38.250000	34.500000	1.005237e+05	1.596225e-05
	284	162	44.000000	33.000000	1.003486e+05	1.182356e-04
2022	2	19	11	15
	255	17	36.750000	69.250000	9.715347e+04	1.148138e-04
	152	28	11.000000	66.500000	9.820341e+04	1.185047e-04
	129	58	5.250000	59.000000	9.886886e+04	2.412252e-04
	62	61	-11.500000	58.250000	9.910131e+04	1.918918e-04
	76	64	-8.000000	57.500000	9.910131e+04	1.944636e-04
	225	65	29.250000	57.250000	9.806354e+04	9.994408e-05
	107	74	-0.250000	55.000000	9.924498e+04	1.843959e-04
	136	120	7.000000	43.500000	1.010987e+05	1.559534e-04
	146	126	9.500000	42.000000	1.010987e+05	-3.669888e-05
	268	162	40.000000	33.000000	1.003717e+05	6.520798e-05
	285	162	44.250000	33.000000	1.003524e+05	1.245735e-04
2022	2	19	9	18
	271	5	40.750000	72.250000	9.731948e+04	3.808660e-05
	264	17	39.000000	69.250000	9.731249e+04	1.225282e-04
	151	29	10.750000	66.250000	9.835042e+04	1.183928e-04
	62	61	-11.500000	58.250000	9.939367e+04	1.654764e-04
	233	64	31.250000	57.500000	9.821359e+04	9.585803e-05
	115	74	1.750000	55.000000	9.929334e+04	1.931135e-04
	158	117	12.500000	44.250000	1.012839e+05	1.733619e-05
	145	119	9.250000	43.750000	1.012839e+05	9.798152e-05
	284	162	44.000000	33.000000	1.004231e+05	1.532518e-04
2022	2	19	9	21
	271	6	40.750000	72.000000	9.747487e+04	2.152877e-05
	272	6	41.000000	72.000000	9.747487e+04	2.058496e-05
	271	16	40.750000	69.500000	9.747487e+04	1.122534e-04
	147	31	9.750000	65.750000	9.848649e+04	1.427515e-04
	239	63	32.750000	57.750000	9.833567e+04	1.139187e-04
	132	74	6.000000	55.000000	9.927798e+04	1.267195e-04
	151	125	10.750000	42.250000	1.013473e+05	7.255680e-05
	277	145	42.250000	37.250000	1.009055e+05	4.520635e-05
	284	162	44.000000	33.000000	1.004205e+05	1.116573e-04
2022	2	20	6	0
	274	6	41.500000	72.000000	9.763693e+04	3.225421e-05
	277	15	42.250000	69.750000	9.763693e+04	9.917753e-05
	0	46	-27.000000	62.000000	9.625647e+04	1.348633e-04
	247	63	34.750000	57.750000	9.843966e+04	7.484182e-05
	153	126	11.250000	42.000000	1.013297e+05	6.914659e-05
	285	162	44.250000	33.000000	1.005102e+05	7.234107e-05
