2022	2	10	7	0
	7	6	-25.250000	72.000000	1.001570e+05	-1.296957e-05
	148	23	10.000000	67.750000	9.650060e+04	4.410190e-04
	58	57	-12.500000	59.250000	9.858109e+04	5.130662e-04
	152	106	11.000000	47.000000	1.022236e+05	-3.848743e-05
	139	110	7.750000	46.000000	1.022236e+05	-6.963057e-05
	253	141	36.250000	38.250000	1.007933e+05	7.532333e-05
	247	150	34.750000	36.000000	1.007933e+05	8.269831e-05
2022	2	10	8	6
	8	6	-25.000000	72.000000	1.002870e+05	-8.677856e-06
	179	6	17.750000	72.000000	9.721134e+04	1.253856e-04
	10	14	-24.500000	70.000000	1.002870e+05	2.983907e-05
	166	15	14.500000	69.750000	9.693948e+04	4.907180e-05
	168	23	15.000000	67.750000	9.693948e+04	2.869147e-04
	78	60	-7.500000	58.500000	9.907210e+04	4.874087e-04
	152	106	11.000000	47.000000	1.021883e+05	-4.107556e-05
	249	150	35.250000	36.000000	1.010462e+05	7.651445e-05
2022	2	10	9	12
	212	2	26.000000	73.000000	9.740618e+04	4.973364e-06
	180	5	18.000000	72.250000	9.740618e+04	1.260897e-04
	8	6	-25.000000	72.000000	1.002272e+05	-1.558485e-06
	195	27	21.750000	66.750000	9.757652e+04	2.106643e-04
	95	64	-3.250000	57.500000	1.000553e+05	3.242872e-04
	137	117	7.250000	44.250000	1.022512e+05	1.139455e-04
	283	139	43.750000	38.750000	1.010056e+05	2.700776e-05
	271	147	40.750000	36.750000	1.010626e+05	5.787642e-05
	281	151	43.250000	35.750000	1.010626e+05	8.206124e-05
2022	2	10	8	18
	220	0	28.000000	73.500000	9.765865e+04	1.502685e-05
	191	6	20.750000	72.000000	9.765865e+04	1.668497e-04
	215	13	26.750000	70.250000	9.765865e+04	1.504505e-05
	10	14	-24.500000	70.000000	9.987812e+04	2.746522e-06
	42	17	-16.500000	69.250000	9.987812e+04	1.550145e-04
	111	67	0.750000	56.750000	1.006369e+05	2.843415e-04
	277	151	42.250000	35.750000	1.013627e+05	5.069802e-05
	87	156	-5.250000	34.500000	1.020770e+05	1.584098e-05
2022	2	11	5	0
	224	0	29.000000	73.500000	9.792562e+04	-1.418153e-05
	225	0	29.250000	73.500000	9.792562e+04	-1.590079e-05
	205	9	24.250000	71.250000	9.792562e+04	1.900258e-04
	52	14	-14.000000	70.000000	9.967602e+04	1.834079e-04
	1	73	-26.750000	55.250000	9.983812e+04	1.761657e-04
2022	2	11	3	6
	231	0	30.750000	73.500000	9.818397e+04	-1.301545e-05
	71	15	-9.250000	69.750000	9.963427e+04	1.748133e-04
	3	63	-26.250000	57.750000	9.920383e+04	1.376483e-04
2022	2	11	4	12
	241	0	33.250000	73.500000	9.854052e+04	-9.414143e-07
	86	16	-5.500000	69.500000	9.979931e+04	1.616636e-04
	108	19	0.000000	68.750000	9.979931e+04	9.309972e-05
	135	119	6.750000	43.750000	1.019815e+05	9.988146e-05
2022	2	11	7	18
	253	0	36.250000	73.500000	9.876123e+04	-4.898847e-06
	146	28	9.500000	66.500000	9.935691e+04	2.217214e-04
	16	55	-23.000000	59.750000	9.872340e+04	9.058174e-05
	15	63	-23.250000	57.750000	9.872340e+04	1.217035e-04
	281	83	43.250000	52.750000	1.004564e+05	1.450629e-04
	282	83	43.500000	52.750000	1.004564e+05	1.462937e-04
	136	123	7.000000	42.750000	1.020415e+05	5.446524e-05
2022	2	12	3	0
	154	28	11.500000	66.500000	9.926831e+04	2.780659e-04
	31	53	-19.250000	60.250000	9.856384e+04	1.893684e-04
	135	125	6.750000	42.250000	1.021532e+05	8.145763e-05
2022	2	12	1	6
	38	54	-17.500000	60.000000	9.845172e+04	1.301263e-04
2022	2	12	1	12
	57	54	-12.750000	60.000000	9.851680e+04	1.051676e-04
2022	2	12	2	18
	61	52	-11.750000	60.500000	9.843173e+04	1.387229e-04
	9	92	-24.750000	50.500000	9.940886e+04	1.898492e-04
2022	2	13	4	0
	193	0	21.250000	73.500000	9.934005e+04	1.660842e-05
	247	0	34.750000	73.500000	9.934182e+04	3.992642e-05
	72	55	-9.000000	59.750000	9.855169e+04	1.270543e-04
	33	86	-18.750000	52.000000	9.868380e+04	1.853226e-04
2022	2	13	5	6
	214	0	26.500000	73.500000	9.924950e+04	3.171932e-05
	252	0	36.000000	73.500000	9.924950e+04	7.254245e-05
	95	46	-3.250000	62.000000	9.850190e+04	6.722420e-05
	82	54	-6.500000	60.000000	9.850190e+04	8.416991e-05
	49	83	-14.750000	52.750000	9.797737e+04	1.558613e-04
2022	2	13	3	12
	227	0	29.750000	73.500000	9.936181e+04	3.515538e-05
	94	52	-3.500000	60.500000	9.861755e+04	5.425560e-05
	54	84	-13.500000	52.500000	9.769354e+04	2.855619e-04
2022	2	13	3	18
	237	0	32.250000	73.500000	9.952216e+04	4.236987e-05
	6	14	-25.500000	70.000000	9.945394e+04	2.455547e-05
	74	86	-8.500000	52.000000	9.757162e+04	1.850504e-04
2022	2	14	3	0
	249	0	35.250000	73.500000	9.975855e+04	6.195263e-05
	6	14	-25.500000	70.000000	9.955724e+04	1.688979e-05
	87	79	-5.250000	53.750000	9.762984e+04	1.509192e-04
2022	2	14	9	6
	255	1	36.750000	73.250000	9.993437e+04	1.399435e-04
	179	3	17.750000	72.750000	1.000314e+05	1.223147e-04
	180	3	18.000000	72.750000	1.000314e+05	1.253138e-04
	278	9	42.500000	71.250000	9.993437e+04	3.071457e-05
	205	38	24.250000	64.000000	9.949314e+04	4.673374e-05
	114	63	1.500000	57.750000	9.792641e+04	1.500089e-04
	102	78	-1.500000	54.000000	9.785055e+04	1.640450e-04
	158	105	12.500000	47.250000	1.008615e+05	3.167551e-05
	254	158	36.500000	34.000000	1.017048e+05	-7.367224e-06
2022	2	14	7	12
	261	2	38.250000	73.000000	1.000935e+05	3.277431e-05
	184	4	19.000000	72.500000	1.001811e+05	1.156255e-04
	2	6	-26.500000	72.000000	9.999591e+04	2.075839e-05
	254	10	36.500000	71.000000	1.000935e+05	1.469837e-04
	215	38	26.750000	64.000000	9.974052e+04	3.603364e-05
	121	58	3.250000	59.000000	9.789995e+04	1.998332e-04
	29	69	-19.750000	56.250000	9.891941e+04	1.972689e-04
2022	2	14	6	18
	194	5	21.500000	72.250000	1.002427e+05	1.156097e-04
	6	7	-25.500000	71.750000	9.986870e+04	-7.508531e-06
	286	10	44.500000	71.000000	1.000300e+05	1.376720e-04
	126	55	4.500000	59.750000	9.785937e+04	2.109978e-04
	47	69	-15.250000	56.250000	9.896332e+04	1.978849e-04
	138	121	7.500000	43.250000	1.010336e+05	1.500712e-04
2022	2	15	5	0
	285	10	44.250000	71.000000	9.994652e+04	2.056102e-04
	259	17	37.750000	69.250000	9.994652e+04	2.017090e-05
	27	39	-20.250000	63.750000	9.802010e+04	-5.142294e-06
	129	54	5.250000	60.000000	9.806283e+04	1.460763e-04
	144	121	9.000000	43.250000	1.009484e+05	1.487406e-04
2022	2	15	7	6
	228	1	30.000000	73.250000	1.001543e+05	1.094897e-04
	285	11	44.250000	70.750000	9.996926e+04	1.627488e-04
	288	21	45.000000	68.250000	1.000055e+05	-4.779778e-05
	0	29	-27.000000	66.250000	9.781663e+04	1.161310e-04
	143	43	8.750000	62.750000	9.837312e+04	7.386663e-05
	153	54	11.250000	60.000000	9.837312e+04	1.260463e-04
	149	120	10.250000	43.500000	1.008074e+05	1.664086e-04
2022	2	15	6	12
	238	0	32.500000	73.500000	1.000238e+05	1.960116e-04
	285	14	44.250000	70.000000	1.001729e+05	1.017169e-04
	182	47	18.500000	61.750000	9.866518e+04	1.046059e-04
	159	54	12.750000	60.000000	9.870164e+04	9.166489e-05
	12	57	-24.000000	59.250000	9.602173e+04	3.841670e-04
	154	121	11.500000	43.250000	1.009223e+05	1.305960e-04
2022	2	15	6	18
	245	1	34.250000	73.250000	9.995299e+04	1.943852e-04
	139	38	7.750000	64.000000	9.897370e+04	1.542219e-04
	189	45	20.250000	62.250000	9.884552e+04	1.248524e-04
	28	51	-20.000000	60.750000	9.500560e+04	4.518036e-04
	138	119	7.500000	43.750000	1.009907e+05	1.268950e-04
	176	126	17.000000	42.000000	1.009070e+05	1.349419e-04
2022	2	16	8	0
	253	3	36.250000	72.750000	9.998102e+04	2.139917e-04
	286	3	44.500000	72.750000	9.998102e+04	7.986381e-05
	35	37	-18.250000	64.250000	9.483115e+04	-1.097872e-04
	199	40	22.750000	63.500000	9.893411e+04	8.965514e-05
	46	46	-15.500000	62.000000	9.483115e+04	4.453164e-04
	280	121	43.000000	43.250000	1.016393e+05	2.442391e-05
	177	124	17.250000	42.500000	1.007588e+05	1.383377e-04
	273	130	41.250000	41.000000	1.016393e+05	1.277522e-05
2022	2	16	8	6
	268	4	40.000000	72.500000	9.994299e+04	1.612556e-04
	202	37	23.500000	64.250000	9.886766e+04	8.101788e-05
	203	37	23.750000	64.250000	9.886766e+04	7.744707e-05
	48	41	-15.000000	63.250000	9.500442e+04	4.363822e-04
	113	56	1.250000	59.500000	9.656136e+04	3.491299e-04
	280	121	43.000000	43.250000	1.016177e+05	2.473541e-05
	177	126	17.250000	42.000000	1.007794e+05	1.677611e-04
	273	130	41.250000	41.000000	1.016177e+05	1.396770e-05
2022	2	16	6	12
	275	2	41.750000	73.000000	9.986400e+04	2.119579e-04
	202	33	23.500000	65.250000	9.874221e+04	1.188118e-04
	59	39	-12.250000	63.750000	9.547662e+04	4.015326e-04
	124	49	4.000000	61.250000	9.655078e+04	3.237089e-04
	147	60	9.750000	58.500000	9.728211e+04	2.406750e-04
	179	129	17.750000	41.250000	1.010266e+05	1.505806e-04
2022	2	16	7	18
	278	2	42.500000	73.000000	9.979853e+04	1.607670e-04
	0	30	-27.000000	66.000000	9.745852e+04	1.567921e-04
	205	30	24.250000	66.000000	9.857286e+04	8.839669e-05
	98	37	-2.500000	64.250000	9.615052e+04	1.949715e-04
	64	38	-11.000000	64.000000	9.569675e+04	4.424213e-04
	288	38	45.000000	64.000000	9.995123e+04	-8.681278e-06
	162	56	13.500000	59.500000	9.720488e+04	2.769007e-04
2022	2	17	5	0
	0	31	-27.000000	65.750000	9.825453e+04	6.194219e-05
	288	33	45.000000	65.250000	9.974796e+04	-1.089313e-05
	139	36	7.750000	64.500000	9.721781e+04	1.744765e-04
	72	37	-9.000000	64.250000	9.608681e+04	3.727608e-04
	177	56	17.250000	59.500000	9.725270e+04	2.069170e-04
2022	2	17	4	6
	146	34	9.500000	65.000000	9.741736e+04	1.566222e-04
	81	36	-6.750000	64.500000	9.636339e+04	3.890602e-04
	191	59	20.750000	58.750000	9.733288e+04	1.605463e-04
	285	123	44.250000	42.750000	1.011338e+05	4.783729e-06
2022	2	17	2	12
	89	36	-4.750000	64.500000	9.664977e+04	3.722371e-04
	202	60	23.500000	58.500000	9.754222e+04	1.461245e-04
2022	2	17	3	18
	104	34	-1.000000	65.000000	9.644316e+04	3.994448e-04
	211	53	25.750000	60.250000	9.778743e+04	9.601963e-05
	216	61	27.000000	58.250000	9.778743e+04	1.291550e-04
2022	2	18	2	0
	112	33	1.000000	65.250000	9.617934e+04	4.114080e-04
	218	48	27.500000	61.500000	9.790641e+04	6.555604e-05
2022	2	18	2	6
	123	35	3.750000	64.750000	9.615562e+04	3.121301e-04
	218	47	27.500000	61.750000	9.771432e+04	1.469710e-04
2022	2	18	5	12
	141	35	8.250000	64.750000	9.642847e+04	3.911825e-04
	230	43	30.500000	62.750000	9.752359e+04	4.530008e-05
	231	43	30.750000	62.750000	9.752359e+04	4.400781e-05
	232	43	31.000000	62.750000	9.752359e+04	4.372637e-05
	238	149	32.500000	36.250000	1.003411e+05	1.317640e-05
2022	2	18	5	18
	156	34	12.000000	65.000000	9.690125e+04	3.404648e-04
	240	39	33.000000	63.750000	9.737659e+04	8.122887e-05
	241	39	33.250000	63.750000	9.737659e+04	8.005157e-05
	7	159	-25.250000	33.750000	1.016217e+05	1.621315e-04
	241	160	33.250000	33.500000	1.004164e+05	1.421831e-04
2022	2	19	5	0
	2	6	-26.500000	72.000000	1.001592e+05	-2.225695e-05
	243	35	33.750000	64.750000	9.736266e+04	1.116286e-04
	175	38	16.750000	64.000000	9.769158e+04	1.862492e-04
	4	161	-26.000000	33.250000	1.014833e+05	1.993508e-04
	288	162	45.000000	33.000000	1.005842e+05	1.039945e-04
2022	2	19	9	6
	2	6	-26.500000	72.000000	9.997495e+04	-9.787876e-06
	6	7	-25.500000	71.750000	9.975462e+04	-1.498558e-05
	288	24	45.000000	67.500000	9.804891e+04	-6.182173e-06
	246	33	34.500000	65.250000	9.741383e+04	8.939175e-05
	0	35	-27.000000	64.750000	9.696495e+04	1.639169e-04
	150	109	10.500000	46.250000	1.011450e+05	3.448619e-05
	272	155	41.000000	34.750000	1.008315e+05	-1.845128e-05
	3	161	-26.250000	33.250000	1.012561e+05	1.395942e-04
	288	162	45.000000	33.000000	1.007233e+05	9.314988e-05
2022	2	19	8	12
	264	21	39.000000	68.250000	9.761435e+04	9.342549e-05
	288	21	45.000000	68.250000	9.807106e+04	-8.044110e-05
	0	31	-27.000000	65.750000	9.689047e+04	1.275995e-04
	250	31	35.500000	65.750000	9.761435e+04	9.521498e-05
	29	34	-19.750000	65.000000	9.692752e+04	1.396122e-04
	149	109	10.250000	46.250000	1.013157e+05	4.552463e-06
	135	118	6.750000	44.000000	1.012824e+05	1.130063e-04
	279	119	42.750000	43.750000	1.002944e+05	-4.076108e-05
2022	2	19	6	18
	6	7	-25.500000	71.750000	9.861049e+04	-4.614901e-05
	265	17	39.250000	69.250000	9.772000e+04	1.795978e-04
	288	17	45.000000	69.250000	9.814477e+04	-1.081520e-04
	23	26	-21.250000	67.000000	9.655490e+04	3.634124e-04
	0	39	-27.000000	63.750000	9.647982e+04	5.483845e-05
	137	123	7.250000	42.750000	1.014533e+05	6.861591e-05
2022	2	20	6	0
	6	7	-25.500000	71.750000	9.783173e+04	-1.116990e-04
	288	12	45.000000	70.500000	9.823963e+04	8.013012e-05
	264	15	39.000000	69.750000	9.779390e+04	1.474828e-04
	32	23	-19.000000	67.750000	9.614855e+04	4.179072e-04
	0	36	-27.000000	64.500000	9.606839e+04	6.049961e-05
	135	127	6.750000	41.750000	1.016840e+05	1.503506e-04
