2022	2	10	7	0
	145	8	9.250000	71.500000	9.668283e+04	7.152645e-05
	148	22	10.000000	68.000000	9.650737e+04	4.733045e-04
	59	56	-12.250000	59.500000	9.850584e+04	5.024372e-04
	152	106	11.000000	47.000000	1.022589e+05	-4.296524e-05
	139	110	7.750000	46.000000	1.022589e+05	-7.780721e-05
	38	150	-17.500000	36.000000	1.020375e+05	6.306665e-05
	248	150	35.000000	36.000000	1.008017e+05	1.067171e-04
2022	2	10	8	6
	174	5	16.500000	72.250000	9.725298e+04	1.810819e-04
	8	6	-25.000000	72.000000	1.002974e+05	-3.172919e-06
	4	17	-26.000000	69.250000	1.002974e+05	2.913857e-05
	166	22	14.500000	68.000000	9.674203e+04	4.023917e-04
	2	25	-26.500000	67.250000	1.003808e+05	9.789580e-05
	78	58	-7.500000	59.000000	9.894293e+04	4.818358e-04
	158	106	12.500000	47.000000	1.021800e+05	-4.143037e-05
	249	152	35.250000	35.500000	1.010504e+05	9.824117e-05
2022	2	10	8	12
	184	4	19.000000	72.500000	9.738292e+04	1.170641e-04
	8	6	-25.000000	72.000000	1.003072e+05	-1.036663e-05
	17	21	-22.750000	68.250000	1.002128e+05	1.396746e-04
	188	27	20.000000	66.750000	9.757616e+04	1.668163e-04
	92	62	-4.000000	58.000000	9.987808e+04	4.138181e-04
	137	117	7.250000	44.250000	1.022947e+05	1.280665e-04
	284	139	44.000000	38.750000	1.009377e+05	2.039467e-05
	270	157	40.500000	34.250000	1.010047e+05	2.216144e-05
2022	2	10	7	18
	192	4	21.000000	72.500000	9.753415e+04	1.603503e-04
	8	6	-25.000000	72.000000	1.000748e+05	-4.012814e-05
	10	14	-24.500000	70.000000	9.989331e+04	9.959134e-06
	40	17	-17.000000	69.250000	9.989331e+04	1.398704e-04
	207	30	24.750000	66.000000	9.812150e+04	1.602508e-04
	111	66	0.750000	57.000000	1.004414e+05	3.034543e-04
	87	156	-5.250000	34.500000	1.021048e+05	4.110608e-06
2022	2	11	4	0
	199	5	22.750000	72.250000	9.768460e+04	1.560739e-04
	53	12	-13.750000	70.500000	9.957229e+04	2.257643e-04
	125	72	4.250000	55.500000	1.008595e+05	3.081719e-04
	0	74	-27.000000	55.000000	9.993552e+04	1.601554e-04
2022	2	11	3	6
	205	7	24.250000	71.750000	9.785010e+04	2.086872e-04
	55	12	-13.250000	70.500000	9.948162e+04	2.311413e-04
	1	64	-26.750000	57.500000	9.936302e+04	8.939209e-05
2022	2	11	5	12
	217	8	27.250000	71.500000	9.814514e+04	2.492747e-04
	98	16	-2.500000	69.500000	9.975127e+04	7.423441e-05
	1	60	-26.750000	58.500000	9.895895e+04	9.792624e-05
	0	69	-27.000000	56.250000	9.896110e+04	8.802591e-05
	135	119	6.750000	43.750000	1.021071e+05	5.280212e-05
2022	2	11	6	18
	225	9	29.250000	71.250000	9.838001e+04	3.426172e-04
	149	23	10.250000	67.750000	9.927197e+04	1.447756e-04
	22	55	-21.500000	59.750000	9.884034e+04	1.263337e-04
	18	63	-22.500000	57.750000	9.882100e+04	1.003838e-04
	281	83	43.250000	52.750000	1.004250e+05	1.911416e-04
	133	123	6.250000	42.750000	1.022292e+05	3.974387e-05
2022	2	12	5	0
	244	0	34.000000	73.500000	9.855116e+04	6.791793e-05
	237	14	32.250000	70.000000	9.859513e+04	2.707679e-04
	158	22	12.500000	68.000000	9.903379e+04	2.938618e-04
	19	54	-22.250000	60.000000	9.870944e+04	1.788473e-04
	35	58	-18.250000	59.000000	9.870944e+04	5.972356e-05
2022	2	12	6	6
	247	0	34.750000	73.500000	9.864887e+04	5.809167e-05
	247	16	34.750000	69.500000	9.868110e+04	1.796351e-04
	34	52	-18.500000	60.500000	9.828367e+04	2.642190e-04
	54	55	-13.500000	59.750000	9.828367e+04	1.360918e-04
	234	97	31.500000	49.250000	1.015469e+05	1.859247e-04
	134	110	6.500000	46.000000	1.025282e+05	-6.114929e-06
2022	2	12	3	12
	250	0	35.500000	73.500000	9.885910e+04	5.472944e-06
	63	52	-11.250000	60.500000	9.831572e+04	1.852336e-04
	252	102	36.000000	48.000000	1.014346e+05	1.340400e-04
2022	2	12	4	18
	253	0	36.250000	73.500000	9.895876e+04	-2.725637e-05
	69	51	-9.750000	60.750000	9.819067e+04	1.980352e-04
	277	102	42.250000	48.000000	1.013650e+05	1.114380e-04
	282	121	43.500000	43.250000	1.016696e+05	-1.764710e-05
2022	2	13	4	0
	254	1	36.500000	73.250000	9.910315e+04	1.295894e-04
	76	52	-8.000000	60.500000	9.825398e+04	1.491975e-04
	288	104	45.000000	47.500000	1.013238e+05	1.081341e-04
	288	122	45.000000	43.000000	1.016876e+05	2.502628e-06
2022	2	13	4	6
	197	0	22.250000	73.500000	9.894273e+04	4.651826e-05
	143	1	8.750000	73.250000	9.891186e+04	2.708097e-04
	107	44	-0.250000	62.500000	9.828172e+04	1.119073e-04
	286	129	44.500000	41.250000	1.020698e+05	4.349171e-07
2022	2	13	6	12
	205	0	24.250000	73.500000	9.897830e+04	1.183504e-04
	148	7	10.000000	71.750000	9.903887e+04	2.600349e-04
	6	14	-25.500000	70.000000	9.974482e+04	5.675279e-05
	40	36	-17.000000	64.500000	1.002329e+05	-3.147236e-05
	89	79	-4.750000	53.750000	9.862991e+04	2.272978e-04
	270	120	40.500000	43.500000	1.028181e+05	4.841698e-05
2022	2	13	5	18
	214	0	26.500000	73.500000	9.903730e+04	1.071762e-04
	155	13	11.750000	70.250000	9.910120e+04	2.361933e-04
	165	38	14.250000	64.000000	9.864965e+04	6.559895e-05
	108	73	0.000000	55.250000	9.828152e+04	1.141438e-04
	95	77	-3.250000	54.250000	9.828152e+04	2.210321e-04
2022	2	14	6	0
	222	0	28.500000	73.500000	9.923172e+04	1.589861e-05
	1	17	-26.750000	69.250000	9.979816e+04	4.366662e-05
	157	18	12.250000	69.000000	9.934290e+04	2.573324e-04
	219	30	27.750000	66.000000	9.887024e+04	1.007531e-04
	129	65	5.250000	57.250000	9.810665e+04	2.099835e-04
	113	71	1.250000	55.750000	9.810665e+04	2.196400e-04
2022	2	14	3	6
	154	24	11.500000	67.500000	9.962191e+04	2.376622e-04
	239	29	32.750000	66.250000	9.900409e+04	7.595652e-05
	132	60	6.000000	58.500000	9.778523e+04	2.582040e-04
2022	2	14	5	12
	265	13	39.250000	70.250000	9.881885e+04	1.797707e-04
	151	53	10.750000	60.250000	9.786261e+04	2.054327e-04
	134	56	6.500000	59.500000	9.786261e+04	1.771736e-04
	3	61	-26.250000	58.250000	9.811994e+04	2.114898e-04
	136	120	7.000000	43.500000	1.010096e+05	1.724301e-04
2022	2	14	5	18
	6	7	-25.500000	71.750000	9.990992e+04	2.005583e-05
	276	10	42.000000	71.000000	9.853026e+04	1.819561e-04
	4	54	-26.000000	60.000000	9.761192e+04	2.027281e-04
	133	55	6.250000	59.750000	9.810509e+04	9.154833e-05
	137	119	7.250000	43.750000	1.008044e+05	1.419965e-04
2022	2	15	8	0
	7	6	-25.250000	72.000000	9.978800e+04	1.916585e-05
	288	8	45.000000	71.500000	9.849841e+04	1.551299e-04
	288	9	45.000000	71.250000	9.849841e+04	1.577841e-04
	5	48	-25.750000	61.500000	9.784072e+04	2.843474e-04
	32	54	-19.000000	60.000000	9.785596e+04	1.730739e-04
	33	54	-18.750000	60.000000	9.786827e+04	1.873651e-04
	131	54	5.750000	60.000000	9.843569e+04	1.650352e-04
	155	117	11.750000	44.250000	1.008140e+05	7.112805e-05
2022	2	15	9	6
	235	10	31.750000	71.000000	9.924031e+04	1.001820e-04
	0	40	-27.000000	63.500000	9.818773e+04	1.365005e-04
	17	45	-22.750000	62.250000	9.817562e+04	3.121725e-04
	31	50	-19.250000	61.000000	9.817562e+04	2.348326e-04
	129	55	5.250000	59.750000	9.873659e+04	1.984864e-04
	148	59	10.000000	58.750000	9.873659e+04	1.849286e-04
	67	66	-10.250000	57.000000	9.852401e+04	2.572513e-04
	160	111	13.000000	45.750000	1.008810e+05	9.149348e-05
	161	120	13.250000	43.500000	1.008810e+05	-2.718332e-05
2022	2	15	8	12
	6	7	-25.500000	71.750000	9.981672e+04	3.681096e-05
	281	28	43.250000	66.500000	9.974951e+04	1.230624e-04
	2	35	-26.500000	64.750000	9.843588e+04	1.560502e-04
	20	40	-22.000000	63.500000	9.843588e+04	1.874066e-04
	154	56	11.500000	59.500000	9.912562e+04	1.888130e-04
	131	57	5.750000	59.250000	9.912562e+04	1.237048e-04
	76	68	-8.000000	56.500000	9.877352e+04	2.671262e-04
	101	77	-1.750000	54.250000	9.899021e+04	1.892036e-04
2022	2	15	3	18
	6	7	-25.500000	71.750000	9.992360e+04	6.066338e-05
	112	78	1.000000	54.000000	9.899255e+04	2.298603e-04
	188	112	20.000000	45.500000	1.009600e+05	2.077083e-05
2022	2	16	6	0
	2	6	-26.500000	72.000000	9.970984e+04	3.386258e-05
	195	47	21.750000	61.750000	1.000195e+05	1.095377e-04
	118	87	2.500000	51.750000	9.970672e+04	2.103712e-04
	188	105	20.000000	47.250000	1.006721e+05	1.572187e-04
	139	117	7.750000	44.250000	1.007695e+05	1.507191e-04
	280	121	43.000000	43.250000	1.019195e+05	1.776055e-05
2022	2	16	6	6
	0	34	-27.000000	65.000000	9.589579e+04	1.968918e-04
	240	46	33.000000	62.000000	1.003152e+05	1.505190e-04
	125	95	4.250000	49.750000	1.006165e+05	2.071161e-04
	189	101	20.250000	48.250000	1.005834e+05	1.547161e-04
	138	119	7.500000	43.750000	1.003378e+05	1.194830e-04
	280	121	43.000000	43.250000	1.019240e+05	1.614571e-06
2022	2	16	7	12
	0	39	-27.000000	63.750000	9.538425e+04	3.503869e-05
	288	39	45.000000	63.750000	1.009289e+05	4.537410e-05
	255	43	36.750000	62.750000	1.006016e+05	1.887592e-04
	187	99	19.750000	48.750000	1.009410e+05	1.390051e-04
	212	104	26.000000	47.500000	1.010014e+05	-1.129445e-05
	147	119	9.750000	43.750000	1.002001e+05	1.681464e-04
	279	120	42.750000	43.500000	1.018916e+05	2.700262e-06
2022	2	16	4	18
	0	30	-27.000000	66.000000	9.492312e+04	1.110585e-04
	265	44	39.250000	62.500000	1.009691e+05	1.415064e-04
	281	121	43.250000	43.250000	1.019547e+05	-1.132038e-05
	147	127	9.750000	41.750000	1.001557e+05	2.017505e-04
2022	2	17	4	0
	26	6	-20.500000	72.000000	9.558902e+04	4.408851e-04
	26	19	-20.500000	68.750000	9.557495e+04	2.430485e-04
	281	121	43.250000	43.250000	1.018683e+05	-3.031491e-05
	139	131	7.750000	40.750000	1.003058e+05	2.163179e-04
2022	2	17	5	6
	28	5	-20.000000	72.250000	9.567030e+04	3.004543e-04
	285	123	44.250000	42.750000	1.019981e+05	-4.138197e-05
	131	138	5.750000	39.000000	1.003392e+05	2.154230e-04
	153	161	11.250000	33.250000	1.007931e+05	2.254908e-05
	171	162	15.750000	33.000000	1.007542e+05	5.780872e-05
2022	2	17	7	12
	40	0	-17.000000	73.500000	9.587664e+04	1.125418e-04
	10	6	-24.500000	72.000000	9.587664e+04	-1.125957e-05
	5	44	-25.750000	62.500000	9.672327e+04	2.232999e-04
	125	144	4.250000	37.500000	1.007523e+05	2.913591e-04
	167	161	14.750000	33.250000	1.006114e+05	8.279183e-05
	89	162	-4.750000	33.000000	1.017761e+05	-2.409270e-05
	156	162	12.000000	33.000000	1.006114e+05	1.002759e-04
2022	2	17	4	18
	44	0	-16.000000	73.500000	9.620939e+04	1.046497e-04
	2	31	-26.500000	65.750000	9.592080e+04	1.551067e-04
	165	153	14.250000	35.250000	1.006092e+05	1.169504e-04
	172	162	16.000000	33.000000	1.006092e+05	8.499496e-05
2022	2	18	3	0
	19	0	-22.250000	73.500000	9.636316e+04	3.237402e-05
	0	36	-27.000000	64.500000	9.490984e+04	1.272380e-04
	159	148	12.750000	36.500000	1.007052e+05	9.838861e-05
2022	2	18	4	6
	120	18	3.000000	69.000000	9.717795e+04	2.908264e-04
	8	29	-25.000000	66.250000	9.490945e+04	4.209175e-04
	160	150	13.000000	36.000000	1.004957e+05	1.632645e-04
	78	162	-7.500000	33.000000	1.014820e+05	-1.564890e-05
2022	2	18	7	12
	43	7	-16.250000	71.750000	9.603549e+04	2.882158e-04
	165	9	14.250000	71.250000	9.714552e+04	3.073877e-04
	1	19	-26.750000	68.750000	9.542978e+04	-6.116344e-05
	22	24	-21.500000	67.500000	9.542978e+04	3.262394e-04
	141	154	8.250000	35.000000	1.003433e+05	2.228800e-06
	154	154	11.500000	35.000000	1.003433e+05	1.369111e-04
	83	162	-6.250000	33.000000	1.014477e+05	1.065859e-04
2022	2	18	5	18
	192	4	21.000000	72.500000	9.679577e+04	3.634240e-04
	37	6	-17.750000	72.000000	9.577328e+04	3.108803e-04
	43	18	-16.250000	69.000000	9.576058e+04	4.168498e-04
	142	154	8.500000	35.000000	1.003519e+05	1.175569e-04
	131	155	5.750000	34.750000	1.003519e+05	1.044407e-04
2022	2	19	6	0
	227	3	29.750000	72.750000	9.662323e+04	3.661693e-04
	66	10	-10.500000	71.000000	9.614902e+04	3.219496e-04
	45	33	-15.750000	65.250000	9.676645e+04	2.363350e-04
	0	53	-27.000000	60.250000	9.633913e+04	9.830652e-05
	80	162	-7.000000	33.000000	1.016208e+05	1.743517e-04
	135	162	6.750000	33.000000	1.004943e+05	4.595439e-05
2022	2	19	6	6
	81	4	-6.750000	72.500000	9.630748e+04	2.190488e-04
	254	4	36.500000	72.500000	9.690909e+04	3.356759e-04
	82	19	-6.500000	68.750000	9.629400e+04	3.459774e-04
	0	45	-27.000000	62.250000	9.418591e+04	3.167913e-04
	169	148	15.250000	36.500000	1.006643e+05	1.812552e-04
	74	161	-8.500000	33.250000	1.017220e+05	8.005806e-05
2022	2	19	7	12
	84	0	-6.000000	73.500000	9.578559e+04	8.787389e-05
	111	5	0.750000	72.250000	9.578559e+04	4.172789e-04
	282	9	43.500000	71.250000	9.758144e+04	3.011351e-04
	23	39	-21.250000	63.750000	9.416325e+04	5.088463e-04
	160	147	13.000000	36.750000	1.005659e+05	2.191702e-04
	161	162	13.250000	33.000000	1.008376e+05	5.248082e-06
	288	162	45.000000	33.000000	1.017402e+05	2.390106e-05
2022	2	19	6	18
	120	0	3.000000	73.500000	9.579653e+04	5.049577e-05
	56	25	-13.000000	67.250000	9.461636e+04	5.374140e-04
	54	33	-13.500000	65.250000	9.461636e+04	3.042395e-04
	153	150	11.250000	36.000000	1.007288e+05	1.955677e-04
	85	162	-5.750000	33.000000	1.017105e+05	8.381516e-05
	164	162	14.000000	33.000000	1.009129e+05	1.038401e-04
2022	2	20	3	0
	71	25	-9.250000	67.250000	9.476408e+04	3.123512e-04
	150	156	10.500000	34.500000	1.008931e+05	1.939900e-04
	81	162	-6.750000	33.000000	1.019744e+05	5.112633e-05
