2022	2	14	8	0
	5	6	-25.750000	72.000000	9.976345e+04	-3.413254e-05
	222	10	28.500000	71.000000	9.840282e+04	1.370672e-04
	192	12	21.000000	70.500000	9.840282e+04	1.546715e-04
	193	12	21.250000	70.500000	9.840282e+04	1.404059e-04
	1	17	-26.750000	69.250000	9.976345e+04	7.034460e-06
	219	23	27.750000	67.750000	9.843431e+04	1.146518e-04
	114	62	1.500000	58.000000	9.845452e+04	7.889313e-05
	102	71	-1.500000	55.750000	9.845452e+04	1.674685e-04
2022	2	14	3	3
	213	9	26.250000	71.250000	9.813405e+04	2.010675e-04
	196	17	22.000000	69.250000	9.813405e+04	3.579488e-05
	108	70	0.000000	56.000000	9.839888e+04	1.218373e-04
2022	2	14	2	6
	217	8	27.250000	71.500000	9.797552e+04	2.365507e-04
	105	72	-0.750000	55.500000	9.840265e+04	2.202996e-04
2022	2	14	4	9
	215	9	26.750000	71.250000	9.802791e+04	2.840463e-04
	0	53	-27.000000	60.250000	9.813627e+04	1.051759e-04
	120	69	3.000000	56.250000	9.840812e+04	1.083279e-04
	106	74	-0.500000	55.000000	9.840812e+04	2.572814e-04
2022	2	14	3	12
	236	6	32.000000	72.000000	9.808937e+04	1.394548e-04
	0	48	-27.000000	61.500000	9.777248e+04	1.328639e-04
	129	66	5.250000	57.000000	9.822871e+04	2.154011e-04
2022	2	14	4	15
	234	6	31.500000	72.000000	9.815955e+04	1.162551e-04
	6	7	-25.500000	71.750000	9.991581e+04	3.158972e-05
	3	45	-26.250000	62.250000	9.743969e+04	1.904244e-04
	133	62	6.250000	58.000000	9.805906e+04	2.495964e-04
2022	2	14	4	18
	6	7	-25.500000	71.750000	9.982320e+04	2.896782e-05
	253	14	36.250000	70.000000	9.823351e+04	1.401473e-04
	0	40	-27.000000	63.500000	9.719095e+04	1.277003e-04
	134	60	6.500000	58.500000	9.825148e+04	2.575977e-04
2022	2	14	6	21
	260	13	38.000000	70.250000	9.827853e+04	1.483404e-04
	260	14	38.000000	70.000000	9.827853e+04	1.553312e-04
	0	37	-27.000000	64.250000	9.723152e+04	1.644686e-04
	27	39	-20.250000	63.750000	9.723152e+04	-2.350608e-05
	135	58	6.750000	59.000000	9.837543e+04	2.046421e-04
	139	121	7.750000	43.250000	1.010845e+05	1.410437e-04
2022	2	15	10	0
	248	6	35.000000	72.000000	9.832920e+04	7.678606e-05
	6	7	-25.500000	71.750000	9.976003e+04	6.089797e-05
	266	12	39.500000	70.500000	9.832920e+04	1.799313e-04
	265	13	39.250000	70.250000	9.832920e+04	1.701446e-04
	0	37	-27.000000	64.250000	9.747838e+04	1.077104e-04
	27	39	-20.250000	63.750000	9.747838e+04	3.246420e-05
	128	52	5.000000	60.500000	9.849235e+04	1.126731e-04
	151	52	10.750000	60.500000	9.849235e+04	1.829018e-04
	140	58	8.000000	59.000000	9.849235e+04	2.210572e-04
	145	118	9.250000	44.000000	1.010899e+05	1.564172e-04
2022	2	15	10	3
	6	7	-25.500000	71.750000	9.975438e+04	6.362767e-05
	245	7	34.250000	71.750000	9.838998e+04	9.602609e-05
	269	12	40.250000	70.500000	9.838998e+04	1.802521e-04
	1	35	-26.750000	64.750000	9.744516e+04	1.318524e-04
	2	35	-26.500000	64.750000	9.744516e+04	1.547417e-04
	28	38	-20.000000	64.000000	9.744516e+04	-1.685310e-05
	127	51	4.750000	60.750000	9.845058e+04	1.621442e-04
	145	58	9.250000	59.000000	9.845058e+04	2.216685e-04
	171	103	15.750000	47.750000	1.009871e+05	5.320508e-05
	147	119	9.750000	43.750000	1.009288e+05	1.252537e-04
2022	2	15	8	6
	6	7	-25.500000	71.750000	9.973418e+04	4.981610e-05
	245	11	34.250000	70.750000	9.848242e+04	2.003405e-04
	272	12	41.000000	70.500000	9.848242e+04	1.673190e-04
	0	33	-27.000000	65.250000	9.752820e+04	6.125977e-05
	19	39	-22.250000	63.750000	9.752820e+04	1.692272e-04
	127	49	4.750000	61.250000	9.852265e+04	1.891039e-04
	149	56	10.250000	59.500000	9.844305e+04	2.368445e-04
	146	117	9.500000	44.250000	1.009960e+05	9.973686e-05
2022	2	15	9	9
	276	11	42.000000	70.750000	9.864163e+04	1.434377e-04
	257	16	37.250000	69.500000	9.864163e+04	1.248227e-04
	0	32	-27.000000	65.500000	9.758127e+04	6.072203e-05
	29	37	-19.750000	64.250000	9.763451e+04	6.412766e-05
	127	49	4.750000	61.250000	9.864677e+04	2.021605e-04
	69	54	-9.750000	60.000000	9.815510e+04	2.458890e-04
	153	54	11.250000	60.000000	9.855603e+04	1.945885e-04
	159	115	12.750000	44.750000	1.010596e+05	8.727163e-05
	146	117	9.500000	44.250000	1.010596e+05	1.049358e-04
2022	2	15	8	12
	280	11	43.000000	70.750000	9.878235e+04	2.054170e-04
	0	35	-27.000000	64.750000	9.772267e+04	-4.540650e-05
	35	36	-18.250000	64.500000	9.788513e+04	7.820298e-05
	138	44	7.500000	62.500000	9.862485e+04	1.175293e-05
	157	51	12.250000	60.750000	9.862485e+04	1.658324e-04
	69	52	-9.750000	60.500000	9.825713e+04	2.384298e-04
	2	79	-26.500000	53.750000	9.827545e+04	1.677920e-04
	160	111	13.000000	45.750000	1.010135e+05	1.042146e-04
2022	2	15	8	15
	284	11	44.000000	70.750000	9.887291e+04	1.995764e-04
	0	37	-27.000000	64.250000	9.767833e+04	-3.716992e-05
	138	41	7.500000	63.250000	9.867519e+04	1.016338e-04
	162	49	13.500000	61.250000	9.864488e+04	1.377301e-04
	69	51	-9.750000	60.750000	9.830318e+04	2.276337e-04
	111	63	0.750000	57.750000	9.853601e+04	1.571693e-04
	14	75	-23.500000	54.750000	9.799452e+04	2.214687e-04
	160	111	13.000000	45.750000	1.010130e+05	9.945999e-05
2022	2	15	8	18
	287	10	44.750000	71.000000	9.895217e+04	1.138949e-04
	137	40	7.250000	63.500000	9.876848e+04	1.452227e-04
	171	48	15.750000	61.500000	9.873698e+04	9.174743e-05
	67	50	-10.250000	61.000000	9.832167e+04	2.169532e-04
	115	63	1.750000	57.750000	9.854919e+04	1.635185e-04
	20	73	-22.000000	55.250000	9.785500e+04	2.450230e-04
	160	112	13.000000	45.500000	1.011681e+05	9.951964e-05
	164	162	14.000000	33.000000	1.016945e+05	-2.978346e-05
2022	2	15	7	21
	288	10	45.000000	71.000000	9.901825e+04	9.027397e-05
	0	36	-27.000000	64.500000	9.763468e+04	1.921446e-05
	136	39	7.000000	63.750000	9.878201e+04	1.678150e-04
	183	45	18.750000	62.250000	9.876489e+04	1.562484e-04
	66	48	-10.500000	61.500000	9.827494e+04	2.123523e-04
	123	63	3.750000	57.750000	9.852077e+04	1.568666e-04
	30	69	-19.500000	56.250000	9.770572e+04	2.418870e-04
2022	2	16	6	0
	132	39	6.000000	63.750000	9.873527e+04	1.554995e-04
	189	42	20.250000	63.000000	9.877345e+04	1.699519e-04
	63	46	-11.250000	62.000000	9.816400e+04	1.846224e-04
	128	64	5.000000	57.500000	9.855791e+04	1.514656e-04
	39	66	-17.250000	57.000000	9.759650e+04	2.084961e-04
	0	73	-27.000000	55.250000	9.756021e+04	1.001393e-04
2022	2	16	8	3
	131	39	5.750000	63.750000	9.869949e+04	1.566816e-04
	194	40	21.500000	63.500000	9.880957e+04	1.777604e-04
	58	44	-12.500000	62.500000	9.795686e+04	1.841606e-04
	25	63	-20.750000	57.750000	9.730616e+04	1.350201e-04
	137	65	7.250000	57.250000	9.859523e+04	1.547751e-04
	13	68	-23.750000	56.500000	9.730616e+04	1.926157e-04
	138	116	7.500000	44.500000	1.011378e+05	7.221752e-05
	279	121	42.750000	43.250000	1.021096e+05	1.663552e-05
2022	2	16	5	6
	198	38	22.500000	64.000000	9.888473e+04	1.637670e-04
	27	61	-20.250000	58.250000	9.700726e+04	1.769718e-04
	52	61	-14.000000	58.250000	9.702831e+04	2.402299e-04
	138	117	7.500000	44.250000	1.011534e+05	1.173115e-04
	280	121	43.000000	43.250000	1.021605e+05	1.374784e-05
2022	2	16	4	9
	200	37	23.000000	64.250000	9.904325e+04	1.375619e-04
	58	59	-12.500000	58.750000	9.669089e+04	2.606632e-04
	39	61	-17.250000	58.250000	9.669089e+04	1.714622e-04
	138	118	7.500000	44.000000	1.011279e+05	1.484305e-04
2022	2	16	3	12
	204	35	24.000000	64.750000	9.914442e+04	1.269270e-04
	61	57	-11.750000	59.250000	9.625555e+04	2.703333e-04
	143	119	8.750000	43.750000	1.010861e+05	1.404618e-04
2022	2	16	2	15
	205	34	24.250000	65.000000	9.923533e+04	1.135867e-04
	63	57	-11.250000	59.250000	9.618074e+04	2.745381e-04
2022	2	16	4	18
	287	6	44.750000	72.000000	9.922180e+04	1.504903e-04
	0	33	-27.000000	65.250000	9.800530e+04	9.506474e-05
	88	56	-5.000000	59.500000	9.638652e+04	1.846319e-04
	68	59	-10.000000	58.750000	9.638652e+04	3.059504e-04
2022	2	16	5	21
	285	7	44.250000	71.750000	9.922283e+04	1.197323e-04
	2	33	-26.500000	65.250000	9.817838e+04	1.322069e-04
	90	56	-4.500000	59.500000	9.646766e+04	1.609555e-04
	108	56	0.000000	59.500000	9.646766e+04	1.549198e-04
	150	109	10.500000	46.250000	1.002067e+05	4.870341e-06
2022	2	17	5	0
	286	7	44.500000	71.750000	9.922043e+04	1.517452e-04
	0	30	-27.000000	66.000000	9.848567e+04	1.103900e-04
	127	61	4.750000	58.250000	9.644009e+04	2.003988e-04
	138	117	7.500000	44.250000	1.006275e+05	9.627108e-05
	197	150	22.250000	36.000000	1.010506e+05	1.255881e-04
2022	2	17	7	3
	288	8	45.000000	71.500000	9.922420e+04	1.079379e-04
	0	30	-27.000000	66.000000	9.895303e+04	8.216668e-05
	127	61	4.750000	58.250000	9.642931e+04	1.722978e-04
	144	64	9.000000	57.500000	9.642931e+04	2.057371e-04
	150	109	10.500000	46.250000	9.960887e+04	2.403167e-05
	138	117	7.500000	44.250000	1.003967e+05	1.238396e-04
	199	149	22.750000	36.250000	1.008247e+05	9.495505e-05
2022	2	17	5	6
	285	6	44.250000	72.000000	9.924834e+04	1.440940e-04
	0	28	-27.000000	66.500000	9.925227e+04	1.079532e-04
	148	65	10.000000	57.250000	9.643188e+04	1.893097e-04
	167	68	14.750000	56.500000	9.643188e+04	2.083101e-04
	202	149	23.500000	36.250000	1.008445e+05	6.193343e-05
2022	2	17	4	9
	281	6	43.250000	72.000000	9.930842e+04	1.453060e-04
	156	67	12.000000	56.750000	9.635313e+04	1.508712e-04
	188	69	20.000000	56.250000	9.630058e+04	2.697781e-04
	4	100	-26.000000	48.500000	9.931955e+04	2.218722e-04
2022	2	17	3	12
	189	66	20.250000	57.000000	9.604105e+04	2.503791e-04
	11	94	-24.250000	50.000000	9.884552e+04	3.464138e-04
	279	120	42.750000	43.500000	1.009532e+05	-1.246490e-05
2022	2	17	5	15
	1	44	-26.750000	62.500000	9.943152e+04	6.103901e-05
	34	44	-18.500000	62.500000	9.916137e+04	2.006222e-04
	189	67	20.250000	56.750000	9.614548e+04	3.350726e-04
	17	88	-22.750000	51.500000	9.801216e+04	5.287953e-04
	156	108	12.000000	46.500000	9.977475e+04	3.018723e-05
2022	2	17	5	18
	33	43	-18.750000	62.750000	9.894173e+04	1.678875e-04
	12	47	-24.000000	61.750000	9.894173e+04	-3.377421e-06
	192	70	21.000000	56.000000	9.639866e+04	3.238663e-04
	24	84	-21.000000	52.500000	9.712195e+04	6.250427e-04
	168	124	15.000000	42.500000	1.001120e+05	-1.136972e-05
2022	2	17	7	21
	31	42	-19.250000	63.000000	9.857709e+04	2.115639e-04
	7	44	-25.250000	62.500000	9.857709e+04	9.270111e-05
	205	66	24.250000	57.000000	9.686551e+04	5.455453e-05
	198	73	22.500000	55.250000	9.686551e+04	2.745531e-04
	34	81	-18.500000	53.250000	9.614291e+04	7.429093e-04
	177	124	17.250000	42.500000	1.001949e+05	1.959221e-04
	174	132	16.500000	40.500000	1.001949e+05	-4.133387e-05
2022	2	18	4	0
	27	40	-20.250000	63.500000	9.838775e+04	2.390409e-04
	217	60	27.250000	58.500000	9.721988e+04	8.695030e-05
	45	76	-15.750000	54.500000	9.547355e+04	6.819196e-04
	183	128	18.750000	41.500000	9.999302e+04	2.548459e-04
2022	2	18	5	3
	22	39	-21.500000	63.750000	9.834050e+04	2.072963e-04
	23	39	-21.250000	63.750000	9.834050e+04	1.875488e-04
	221	56	28.250000	59.500000	9.734057e+04	1.178061e-04
	56	72	-13.000000	55.500000	9.496921e+04	5.369162e-04
	207	133	24.750000	40.250000	9.987302e+04	1.729919e-04
2022	2	18	6	6
	16	38	-23.000000	64.000000	9.829805e+04	2.234456e-04
	223	53	28.750000	60.250000	9.744945e+04	1.311028e-04
	91	65	-4.250000	57.250000	9.508630e+04	1.961716e-04
	67	70	-10.250000	56.000000	9.489816e+04	4.886778e-04
	208	135	25.000000	39.750000	9.975541e+04	1.459617e-04
	192	140	21.000000	38.500000	9.965834e+04	2.345061e-04
2022	2	18	6	9
	13	38	-23.750000	64.000000	9.829530e+04	1.645035e-04
	227	49	29.750000	61.250000	9.752272e+04	9.330929e-05
	78	67	-7.500000	56.750000	9.501680e+04	4.441076e-04
	137	116	7.250000	44.500000	1.015153e+05	5.316757e-05
	212	139	26.000000	38.750000	9.959175e+04	2.005354e-04
	203	148	23.750000	36.500000	9.959175e+04	1.656504e-04
2022	2	18	4	12
	8	37	-25.000000	64.250000	9.836139e+04	1.488662e-04
	229	47	30.250000	61.750000	9.760438e+04	1.497910e-04
	87	68	-5.250000	56.500000	9.552627e+04	4.032214e-04
	209	148	25.250000	36.500000	9.947962e+04	2.635608e-04
2022	2	18	4	15
	9	36	-24.750000	64.500000	9.835591e+04	1.603170e-04
	232	41	31.000000	63.250000	9.762389e+04	9.876869e-05
	105	64	-0.750000	57.500000	9.553483e+04	2.520443e-04
	211	149	25.750000	36.250000	9.936988e+04	2.933904e-04
2022	2	18	4	18
	236	36	32.000000	64.500000	9.754617e+04	1.052757e-04
	0	57	-27.000000	59.250000	9.833177e+04	1.020861e-04
	121	63	3.250000	57.750000	9.562556e+04	1.563051e-04
	216	155	27.000000	34.750000	9.941748e+04	2.858803e-04
2022	2	18	4	21
	238	32	32.500000	65.500000	9.739004e+04	1.202879e-04
	0	43	-27.000000	62.750000	9.829480e+04	-2.964213e-05
	132	62	6.000000	58.000000	9.578683e+04	2.064022e-04
	219	159	27.750000	33.750000	9.947397e+04	2.439907e-04
2022	2	19	4	0
	239	28	32.750000	66.500000	9.726541e+04	1.424899e-04
	147	62	9.750000	58.000000	9.599277e+04	2.692001e-04
	225	149	29.250000	36.250000	9.950547e+04	-5.807978e-05
	220	160	28.000000	33.500000	9.950547e+04	1.966001e-04
2022	2	19	6	3
	239	26	32.750000	67.000000	9.717794e+04	1.365294e-04
	25	56	-20.750000	59.500000	9.844322e+04	1.206259e-04
	5	59	-25.750000	58.750000	9.844322e+04	1.924572e-04
	156	61	12.000000	58.250000	9.620881e+04	2.074164e-04
	225	149	29.250000	36.250000	9.971432e+04	-5.208494e-05
	220	162	28.000000	33.000000	9.963284e+04	1.034418e-04
2022	2	19	7	6
	240	25	33.000000	67.250000	9.711956e+04	1.055741e-04
	25	54	-20.750000	60.000000	9.838878e+04	7.837027e-05
	12	59	-24.000000	58.750000	9.836241e+04	1.138335e-04
	169	61	15.250000	58.250000	9.642931e+04	1.630080e-04
	137	117	7.250000	44.250000	1.012461e+05	9.166671e-05
	121	144	3.250000	37.500000	1.013650e+05	3.508404e-05
	224	162	29.000000	33.000000	1.000254e+05	1.071303e-04
2022	2	19	8	9
	228	16	30.000000	69.500000	9.706461e+04	1.089776e-04
	182	58	18.500000	59.000000	9.660016e+04	1.988274e-04
	0	69	-27.000000	56.250000	9.809502e+04	1.042429e-04
	73	70	-8.750000	56.000000	9.895953e+04	1.868797e-04
	150	109	10.500000	46.250000	1.012408e+05	2.943689e-05
	137	117	7.250000	44.250000	1.013475e+05	9.251117e-05
	223	162	28.750000	33.000000	1.003732e+05	9.164636e-05
	285	162	44.250000	33.000000	1.013283e+05	9.514496e-05
2022	2	19	5	12
	227	15	29.750000	69.750000	9.707299e+04	1.109601e-04
	190	57	20.500000	59.250000	9.683795e+04	1.452647e-04
	0	63	-27.000000	57.750000	9.702951e+04	1.210875e-04
	222	162	28.500000	33.000000	1.006987e+05	7.634725e-05
	235	162	31.750000	33.000000	1.006987e+05	6.416408e-05
2022	2	19	5	15
	226	14	29.500000	70.000000	9.709388e+04	1.076099e-04
	199	56	22.750000	59.500000	9.705707e+04	1.422756e-04
	157	107	12.250000	46.750000	1.011926e+05	-2.056400e-06
	135	119	6.750000	43.750000	1.012778e+05	9.024084e-05
	224	162	29.000000	33.000000	1.010496e+05	4.800355e-05
2022	2	19	4	18
	229	11	30.250000	70.750000	9.713326e+04	9.333676e-05
	0	55	-27.000000	59.750000	9.524569e+04	1.173487e-04
	205	55	24.250000	59.750000	9.724230e+04	1.979005e-04
	135	119	6.750000	43.750000	1.014223e+05	1.051944e-04
2022	2	19	5	21
	225	11	29.250000	70.750000	9.717691e+04	9.821926e-05
	0	53	-27.000000	60.250000	9.450220e+04	6.004762e-05
	213	53	26.250000	60.250000	9.741589e+04	1.612561e-04
	0	64	-27.000000	57.500000	9.450220e+04	1.147495e-04
	135	118	6.750000	44.000000	1.015081e+05	1.095996e-04
2022	2	20	4	0
	224	10	29.000000	71.000000	9.724830e+04	1.118174e-04
	231	47	30.750000	61.750000	9.755884e+04	7.814272e-05
	5	52	-25.750000	60.500000	9.447995e+04	2.003030e-04
	11	63	-24.250000	57.750000	9.447995e+04	2.307358e-04
