2022	2	16	6	0
	288	11	45.000000	70.750000	9.881478e+04	8.565527e-05
	55	39	-13.250000	63.750000	9.774149e+04	2.179555e-04
	118	53	2.500000	60.250000	9.805542e+04	1.333930e-04
	66	67	-10.500000	56.750000	9.738635e+04	2.782861e-04
	280	121	43.000000	43.250000	1.021336e+05	3.264843e-05
	172	122	16.000000	43.000000	1.014574e+05	4.206130e-05
2022	2	16	5	3
	48	39	-15.000000	63.750000	9.769006e+04	2.009610e-04
	121	52	3.250000	60.500000	9.798544e+04	1.336126e-04
	77	67	-7.750000	56.750000	9.743306e+04	2.641255e-04
	280	121	43.000000	43.250000	1.021646e+05	2.843988e-05
	174	122	16.500000	43.000000	1.014266e+05	6.182379e-05
2022	2	16	5	6
	122	33	3.500000	65.250000	9.790868e+04	1.893799e-04
	46	38	-15.500000	64.000000	9.760340e+04	2.066176e-04
	123	51	3.750000	60.750000	9.792221e+04	1.479431e-04
	85	66	-5.750000	57.000000	9.765278e+04	2.508878e-04
	100	68	-2.000000	56.500000	9.765278e+04	2.238585e-04
2022	2	16	5	9
	117	34	2.250000	65.000000	9.779559e+04	2.243202e-04
	47	61	-15.250000	58.250000	9.742991e+04	4.746921e-05
	111	66	0.750000	57.000000	9.756030e+04	2.409225e-04
	51	70	-14.250000	56.000000	9.742991e+04	1.473470e-04
	180	137	18.000000	39.250000	1.014529e+05	1.498639e-04
2022	2	16	5	12
	112	34	1.000000	65.000000	9.761598e+04	1.924271e-04
	53	60	-13.750000	58.500000	9.701249e+04	9.573553e-05
	123	66	3.750000	57.000000	9.748827e+04	2.322817e-04
	66	67	-10.500000	56.750000	9.701249e+04	2.593002e-04
	182	138	18.500000	39.000000	1.012407e+05	1.822764e-04
2022	2	16	5	15
	106	35	-0.500000	64.750000	9.746625e+04	1.800080e-04
	78	65	-7.500000	57.250000	9.670045e+04	3.118209e-04
	134	66	6.500000	57.000000	9.730630e+04	2.138654e-04
	136	114	7.000000	45.000000	1.011042e+05	1.341859e-05
	184	136	19.000000	39.500000	1.010505e+05	1.707649e-04
2022	2	16	4	18
	0	31	-27.000000	65.750000	9.816096e+04	8.117379e-05
	93	65	-3.750000	57.250000	9.681841e+04	2.637006e-04
	279	120	42.750000	43.500000	1.021773e+05	-2.206334e-05
	184	135	19.000000	39.750000	1.011268e+05	1.373497e-04
2022	2	16	5	21
	0	29	-27.000000	66.250000	9.839673e+04	1.093971e-04
	108	66	0.000000	57.000000	9.679167e+04	2.579060e-04
	137	117	7.250000	44.250000	1.011112e+05	4.657817e-05
	280	121	43.000000	43.250000	1.021009e+05	-4.669992e-05
	184	135	19.000000	39.750000	1.011433e+05	1.010845e-04
2022	2	17	5	0
	288	9	45.000000	71.250000	9.904945e+04	1.198894e-04
	157	68	12.250000	56.500000	9.655245e+04	2.223500e-04
	137	117	7.250000	44.250000	1.010262e+05	8.245521e-05
	280	121	43.000000	43.250000	1.020159e+05	-4.750824e-05
	184	135	19.000000	39.750000	1.011784e+05	1.060447e-04
2022	2	17	5	3
	288	10	45.000000	71.000000	9.910795e+04	1.259751e-04
	0	30	-27.000000	66.000000	9.898291e+04	6.107365e-05
	130	41	5.500000	63.250000	9.723961e+04	8.250780e-05
	170	67	15.500000	56.750000	9.627484e+04	2.215992e-04
	138	117	7.500000	44.250000	1.008502e+05	7.971239e-05
2022	2	17	4	6
	288	11	45.000000	70.750000	9.917118e+04	1.187777e-04
	133	41	6.250000	63.250000	9.723064e+04	9.283924e-05
	185	65	19.250000	57.250000	9.610262e+04	1.549883e-04
	26	77	-20.500000	54.250000	9.991245e+04	1.979753e-04
2022	2	17	4	9
	117	37	2.250000	64.250000	9.730158e+04	8.254851e-05
	136	40	7.000000	63.500000	9.730158e+04	9.411260e-05
	198	60	22.500000	58.500000	9.593983e+04	1.615871e-04
	35	75	-18.250000	54.750000	1.000502e+05	2.313806e-04
2022	2	17	4	12
	138	40	7.500000	63.500000	9.740538e+04	9.739094e-05
	203	57	23.750000	59.250000	9.588981e+04	1.945182e-04
	45	74	-15.750000	55.000000	1.000556e+05	2.330971e-04
	8	118	-25.000000	44.000000	1.006185e+05	2.803085e-04
2022	2	17	3	15
	140	40	8.000000	63.500000	9.750258e+04	7.998083e-05
	207	54	24.750000	60.000000	9.591152e+04	2.290326e-04
	15	116	-23.250000	44.500000	1.003914e+05	3.228705e-04
2022	2	17	3	18
	142	39	8.500000	63.750000	9.763941e+04	7.114477e-05
	211	52	25.750000	60.500000	9.601973e+04	2.383979e-04
	22	114	-21.500000	45.000000	1.002748e+05	2.962109e-04
2022	2	17	4	21
	212	42	26.000000	63.000000	9.611945e+04	1.880415e-04
	215	51	26.750000	60.750000	9.611945e+04	2.511813e-04
	48	106	-15.000000	47.000000	1.003351e+05	2.278663e-04
	31	112	-19.250000	45.500000	1.003374e+05	2.809569e-04
2022	2	18	3	0
	212	39	26.000000	63.750000	9.609523e+04	1.855233e-04
	220	51	28.000000	60.750000	9.609805e+04	2.540469e-04
	61	101	-11.750000	48.250000	1.001782e+05	2.153354e-04
2022	2	18	5	3
	211	37	25.750000	64.250000	9.607855e+04	1.734024e-04
	45	72	-15.750000	55.500000	9.987077e+04	2.229247e-04
	74	98	-8.500000	49.000000	1.000494e+05	2.056984e-04
	58	102	-12.500000	48.000000	1.000494e+05	2.731504e-04
	153	111	11.250000	45.750000	1.011998e+05	1.173524e-04
2022	2	18	5	6
	211	36	25.750000	64.500000	9.608988e+04	1.716296e-04
	52	70	-14.000000	56.000000	9.956816e+04	2.187941e-04
	86	97	-5.500000	49.250000	9.993902e+04	1.549594e-04
	67	100	-10.250000	48.500000	9.990726e+04	2.582323e-04
	147	111	9.750000	45.750000	1.012655e+05	4.097556e-05
2022	2	18	3	9
	212	35	26.000000	64.750000	9.609570e+04	1.414598e-04
	60	70	-12.000000	56.000000	9.952884e+04	2.588815e-04
	77	99	-7.750000	48.750000	9.997410e+04	2.121855e-04
2022	2	18	6	12
	213	33	26.250000	65.250000	9.615688e+04	1.415967e-04
	69	70	-9.750000	56.000000	9.951955e+04	2.826190e-04
	118	92	2.500000	50.500000	9.996797e+04	1.137872e-04
	287	141	44.750000	38.250000	1.011232e+05	2.129730e-05
	267	158	39.750000	34.000000	1.009890e+05	-1.628805e-06
	258	162	37.500000	33.000000	1.009890e+05	2.804688e-06
2022	2	18	4	15
	214	31	26.500000	65.750000	9.619195e+04	1.505254e-04
	0	57	-27.000000	59.250000	9.871459e+04	9.708503e-05
	78	69	-7.500000	56.250000	9.944076e+04	3.062244e-04
	141	88	8.250000	51.500000	9.966662e+04	1.050465e-04
2022	2	18	5	18
	217	28	27.250000	66.500000	9.618975e+04	1.066031e-04
	0	51	-27.000000	60.750000	9.808311e+04	6.029892e-05
	85	69	-5.750000	56.250000	9.943950e+04	2.759514e-04
	152	88	11.000000	51.500000	9.949990e+04	1.131848e-04
	278	118	42.500000	44.000000	1.005191e+05	1.928332e-05
2022	2	18	3	21
	219	26	27.750000	67.000000	9.621224e+04	7.934881e-05
	7	50	-25.250000	61.000000	9.795492e+04	1.834840e-04
	165	88	14.250000	51.500000	9.942472e+04	1.123620e-04
2022	2	19	3	0
	218	25	27.500000	67.250000	9.619526e+04	1.111836e-04
	11	48	-24.250000	61.500000	9.765908e+04	2.061604e-04
	177	85	17.250000	52.250000	9.921412e+04	1.041151e-04
2022	2	19	5	3
	217	24	27.250000	67.500000	9.620988e+04	1.159950e-04
	12	46	-24.000000	62.000000	9.744061e+04	2.548972e-04
	31	50	-19.250000	61.000000	9.744061e+04	1.902167e-04
	191	84	20.750000	52.500000	9.903608e+04	1.322015e-04
	115	133	1.750000	40.250000	1.013231e+05	7.035478e-05
2022	2	19	7	6
	226	19	29.500000	68.750000	9.626509e+04	7.818269e-05
	8	45	-25.000000	62.250000	9.724165e+04	3.466545e-04
	33	48	-18.750000	61.500000	9.724762e+04	2.289136e-04
	201	83	23.250000	52.750000	9.901216e+04	1.756027e-04
	137	117	7.250000	44.250000	1.011100e+05	1.217677e-04
	273	154	41.250000	35.000000	1.014582e+05	2.801590e-05
	269	162	40.250000	33.000000	1.014582e+05	8.177240e-05
2022	2	19	7	9
	225	18	29.250000	69.000000	9.637786e+04	5.847013e-05
	5	44	-25.750000	62.500000	9.723064e+04	3.271474e-04
	38	48	-17.500000	61.500000	9.790773e+04	2.506426e-04
	40	49	-17.000000	61.250000	9.806691e+04	2.425756e-04
	215	82	26.750000	53.000000	9.898889e+04	1.793812e-04
	137	117	7.250000	44.250000	1.012174e+05	9.824929e-05
	267	148	39.750000	36.500000	1.014562e+05	5.134310e-05
2022	2	19	8	12
	225	18	29.250000	69.000000	9.649613e+04	7.305157e-05
	209	24	25.250000	67.500000	9.649613e+04	9.551056e-05
	0	43	-27.000000	62.750000	9.716662e+04	2.083856e-04
	75	59	-8.250000	58.750000	9.794344e+04	2.840210e-04
	227	79	29.750000	53.750000	9.892755e+04	2.057058e-04
	137	118	7.250000	44.000000	1.012852e+05	1.029830e-04
	268	153	40.000000	35.250000	1.012309e+05	1.639833e-05
	271	162	40.750000	33.000000	1.012309e+05	1.715625e-05
2022	2	19	7	15
	229	17	30.250000	69.250000	9.662527e+04	1.062541e-04
	211	24	25.750000	67.500000	9.662527e+04	1.001263e-04
	78	59	-7.500000	58.750000	9.804898e+04	3.071304e-04
	106	61	-0.500000	58.250000	9.830817e+04	1.927700e-04
	240	77	33.000000	54.250000	9.898244e+04	2.273337e-04
	136	120	7.000000	43.500000	1.012223e+05	1.087274e-04
	272	162	41.000000	33.000000	1.012953e+05	1.144653e-05
2022	2	19	10	18
	242	13	33.500000	70.250000	9.667733e+04	9.914121e-05
	81	59	-6.750000	58.750000	9.834530e+04	2.539685e-04
	0	61	-27.000000	58.250000	9.613911e+04	1.447948e-04
	114	61	1.500000	58.250000	9.841717e+04	1.805836e-04
	251	75	35.750000	54.750000	9.888477e+04	2.722609e-04
	154	116	11.500000	44.500000	1.014700e+05	4.499046e-05
	136	120	7.000000	43.500000	1.014124e+05	1.255301e-04
	147	127	9.750000	41.750000	1.014124e+05	-7.819366e-06
	266	150	39.500000	36.000000	1.015675e+05	9.517530e-05
	280	162	43.000000	33.000000	1.015222e+05	2.352138e-05
2022	2	19	6	21
	243	14	33.750000	70.000000	9.670957e+04	8.133030e-05
	62	30	-11.500000	66.000000	9.856014e+04	8.917445e-05
	0	58	-27.000000	59.000000	9.556865e+04	1.366947e-04
	125	62	4.250000	58.000000	9.844045e+04	1.793143e-04
	263	72	38.750000	55.500000	9.854488e+04	2.499471e-04
	159	117	12.750000	44.250000	1.016326e+05	5.892518e-05
2022	2	20	8	0
	252	12	36.000000	70.500000	9.677547e+04	9.258190e-05
	10	56	-24.500000	59.500000	9.527799e+04	2.199643e-04
	143	65	8.750000	57.250000	9.846719e+04	1.851853e-04
	272	70	41.000000	56.000000	9.839170e+04	2.866478e-04
	168	123	15.000000	42.750000	1.016163e+05	1.575481e-05
	150	126	10.500000	42.000000	1.016675e+05	1.136384e-05
	157	133	12.250000	40.250000	1.016359e+05	3.852857e-05
	85	162	-5.750000	33.000000	1.022901e+05	-1.069062e-05
