2022	2	14	7	0
	2	6	-26.500000	72.000000	9.976380e+04	-6.686543e-06
	217	9	27.250000	71.250000	9.839105e+04	1.107866e-04
	194	12	21.500000	70.500000	9.839105e+04	1.311000e-04
	1	17	-26.750000	69.250000	9.976380e+04	2.003770e-05
	219	23	27.750000	67.750000	9.842724e+04	1.338346e-04
	113	62	1.250000	58.000000	9.852971e+04	6.103086e-05
	106	71	-0.500000	55.750000	9.852971e+04	8.033518e-05
2022	2	14	5	3
	210	9	25.500000	71.250000	9.813881e+04	2.097250e-04
	1	17	-26.750000	69.250000	9.978355e+04	-9.914038e-06
	226	22	29.500000	68.000000	9.831005e+04	1.188297e-04
	120	59	3.000000	58.750000	9.854475e+04	1.132123e-04
	108	70	0.000000	56.000000	9.852485e+04	1.195051e-04
2022	2	14	4	6
	57	3	-12.750000	72.750000	1.001289e+05	8.484753e-05
	217	8	27.250000	71.500000	9.800220e+04	2.620180e-04
	1	17	-26.750000	69.250000	9.971618e+04	-2.974904e-05
	114	69	1.500000	56.250000	9.856621e+04	8.259737e-05
2022	2	14	4	9
	59	2	-12.250000	73.000000	1.002026e+05	3.499452e-05
	215	10	26.750000	71.000000	9.807395e+04	2.981884e-04
	0	52	-27.000000	60.500000	9.785352e+04	1.248439e-04
	120	68	3.000000	56.500000	9.865207e+04	8.776825e-05
2022	2	14	3	12
	235	13	31.750000	70.250000	9.804920e+04	2.524710e-04
	0	48	-27.000000	61.500000	9.742298e+04	1.408633e-04
	129	66	5.250000	57.000000	9.860241e+04	1.763313e-04
2022	2	14	3	15
	244	12	34.000000	70.500000	9.798042e+04	2.183099e-04
	1	43	-26.750000	62.750000	9.701000e+04	1.610182e-04
	134	62	6.500000	58.000000	9.853691e+04	1.955602e-04
2022	2	14	3	18
	251	11	35.750000	70.750000	9.793969e+04	1.902285e-04
	0	38	-27.000000	64.000000	9.685442e+04	1.267227e-04
	134	61	6.500000	58.250000	9.872821e+04	2.016883e-04
2022	2	14	5	21
	254	11	36.500000	70.750000	9.794955e+04	1.620051e-04
	0	39	-27.000000	63.750000	9.697444e+04	7.967502e-05
	29	45	-19.750000	62.250000	9.720819e+04	1.983955e-04
	136	61	7.000000	58.250000	9.881783e+04	2.274622e-04
	138	121	7.500000	43.250000	1.011364e+05	1.071275e-04
2022	2	15	6	0
	6	7	-25.500000	71.750000	9.951031e+04	3.553683e-05
	261	12	38.250000	70.500000	9.802225e+04	2.435822e-04
	20	40	-22.000000	63.500000	9.701784e+04	2.273630e-04
	125	52	4.250000	60.500000	9.885041e+04	7.064709e-05
	142	59	8.500000	58.750000	9.885041e+04	2.379082e-04
	145	118	9.250000	44.000000	1.010965e+05	1.210775e-04
2022	2	15	5	3
	267	11	39.750000	70.750000	9.806361e+04	2.423321e-04
	36	35	-18.000000	64.750000	9.713784e+04	-1.190734e-05
	125	52	4.250000	60.500000	9.880435e+04	5.550331e-05
	145	58	9.250000	59.000000	9.880435e+04	2.797763e-04
	146	118	9.500000	44.000000	1.009808e+05	1.336917e-04
2022	2	15	6	6
	271	10	40.750000	71.000000	9.812048e+04	2.338277e-04
	0	33	-27.000000	65.250000	9.697475e+04	9.466481e-05
	23	35	-21.250000	64.750000	9.697475e+04	1.401701e-04
	123	50	3.750000	61.000000	9.881391e+04	9.470466e-05
	149	56	10.250000	59.500000	9.882613e+04	3.000362e-04
	146	117	9.500000	44.250000	1.009594e+05	1.332209e-04
2022	2	15	6	9
	272	9	41.000000	71.250000	9.821981e+04	2.553244e-04
	0	32	-27.000000	65.500000	9.713643e+04	6.229787e-06
	122	48	3.500000	61.500000	9.871348e+04	1.193046e-04
	153	53	11.250000	60.250000	9.884650e+04	2.642619e-04
	12	82	-24.000000	53.000000	9.865066e+04	2.231041e-04
	155	113	11.750000	45.250000	1.010076e+05	1.285593e-04
2022	2	15	6	12
	272	9	41.000000	71.250000	9.837320e+04	2.284134e-04
	0	29	-27.000000	66.250000	9.721352e+04	1.161429e-04
	0	40	-27.000000	63.500000	9.721352e+04	1.606421e-05
	155	50	11.750000	61.000000	9.872962e+04	1.539611e-04
	22	80	-21.500000	53.500000	9.860350e+04	2.409838e-04
	156	112	12.000000	45.500000	1.010300e+05	1.074225e-04
2022	2	15	7	15
	276	10	42.000000	71.000000	9.849070e+04	2.276244e-04
	0	26	-27.000000	67.000000	9.710118e+04	1.568805e-04
	0	42	-27.000000	63.000000	9.695845e+04	8.399430e-05
	37	78	-17.750000	54.000000	9.844119e+04	2.563213e-04
	141	111	8.250000	45.750000	1.010620e+05	-3.718771e-05
	157	118	12.250000	44.000000	1.011254e+05	2.464459e-05
	162	162	13.500000	33.000000	1.015696e+05	2.613407e-05
2022	2	15	4	18
	281	11	43.250000	70.750000	9.861384e+04	2.852454e-04
	0	40	-27.000000	63.500000	9.686477e+04	1.054948e-04
	50	77	-14.500000	54.250000	9.849884e+04	2.589630e-04
	162	162	13.500000	33.000000	1.016047e+05	5.768297e-06
2022	2	15	4	21
	286	10	44.500000	71.000000	9.874356e+04	2.001324e-04
	121	50	3.250000	61.000000	9.806925e+04	1.649677e-04
	68	76	-10.000000	54.500000	9.868324e+04	1.815279e-04
	165	159	14.250000	33.750000	1.017140e+05	1.883943e-05
2022	2	16	5	0
	287	9	44.750000	71.250000	9.881845e+04	1.456153e-04
	125	48	4.250000	61.500000	9.812738e+04	1.709435e-04
	0	68	-27.000000	56.500000	9.722448e+04	1.142841e-04
	86	78	-5.500000	54.000000	9.898672e+04	1.743001e-04
	169	162	15.250000	33.000000	1.017056e+05	-7.729520e-05
2022	2	16	5	3
	283	8	43.750000	71.500000	9.890368e+04	2.040018e-04
	126	34	4.500000	65.000000	9.815119e+04	1.992379e-04
	119	43	2.750000	62.750000	9.815119e+04	4.033832e-05
	0	62	-27.000000	58.000000	9.621082e+04	1.167425e-04
	94	78	-3.500000	54.000000	9.919744e+04	1.229173e-04
2022	2	16	5	6
	281	9	43.250000	71.250000	9.889554e+04	1.890403e-04
	120	34	3.000000	65.000000	9.807944e+04	2.266385e-04
	146	44	9.500000	62.500000	9.819365e+04	3.779795e-05
	3	60	-26.250000	58.500000	9.569976e+04	3.937871e-04
	120	81	3.000000	53.250000	9.931119e+04	9.823698e-05
2022	2	16	4	9
	281	9	43.250000	71.250000	9.888864e+04	2.222447e-04
	118	35	2.500000	64.750000	9.808163e+04	1.998473e-04
	8	54	-25.000000	60.000000	9.541352e+04	3.828476e-04
	143	76	8.750000	54.500000	9.939735e+04	1.307284e-04
2022	2	16	5	12
	280	8	43.000000	71.500000	9.885559e+04	2.400998e-04
	116	34	2.000000	65.000000	9.807442e+04	1.816676e-04
	188	44	20.000000	62.500000	9.845420e+04	8.255131e-05
	24	49	-21.000000	61.250000	9.520812e+04	2.815478e-04
	48	53	-15.000000	60.250000	9.524635e+04	2.398058e-04
2022	2	16	5	15
	277	8	42.250000	71.500000	9.878070e+04	2.169822e-04
	190	43	20.500000	62.750000	9.840280e+04	7.783900e-05
	45	49	-15.750000	61.250000	9.532782e+04	2.637195e-04
	19	50	-22.250000	61.000000	9.524322e+04	4.674196e-04
	180	139	18.000000	38.750000	1.013142e+05	1.391295e-04
2022	2	16	7	18
	275	8	41.750000	71.500000	9.869766e+04	1.714757e-04
	195	41	21.750000	63.250000	9.838448e+04	5.203903e-05
	0	42	-27.000000	63.000000	9.723388e+04	-5.016434e-06
	41	47	-16.750000	61.750000	9.548935e+04	3.089810e-04
	58	53	-12.500000	60.250000	9.548935e+04	2.508071e-04
	136	116	7.000000	44.500000	1.014275e+05	8.153819e-05
	181	138	18.250000	39.000000	1.013252e+05	1.432148e-04
2022	2	16	8	21
	273	9	41.250000	71.250000	9.861212e+04	1.877563e-04
	218	38	27.500000	64.000000	9.833184e+04	1.186942e-04
	198	39	22.500000	63.750000	9.833184e+04	3.872923e-05
	34	49	-18.500000	61.250000	9.578875e+04	4.143938e-04
	85	49	-5.750000	61.250000	9.581366e+04	2.527785e-04
	150	109	10.500000	46.250000	1.012265e+05	1.792884e-05
	137	117	7.250000	44.250000	1.014126e+05	5.142645e-05
	184	139	19.000000	38.750000	1.013203e+05	1.338219e-04
2022	2	17	7	0
	273	9	41.250000	71.250000	9.852516e+04	1.886612e-04
	220	37	28.000000	64.250000	9.827323e+04	1.197772e-04
	199	39	22.750000	63.750000	9.827323e+04	3.350135e-05
	91	48	-4.250000	61.500000	9.570775e+04	2.505988e-04
	37	50	-17.750000	61.000000	9.628900e+04	4.099457e-04
	54	51	-13.500000	60.750000	9.622477e+04	3.364875e-04
	189	144	20.250000	37.500000	1.012152e+05	1.068949e-04
2022	2	17	6	3
	272	8	41.000000	71.500000	9.843461e+04	1.810222e-04
	96	49	-3.000000	61.250000	9.568973e+04	3.803001e-04
	46	52	-15.500000	60.500000	9.656145e+04	3.808656e-04
	151	58	10.750000	59.000000	9.679598e+04	2.685876e-04
	138	117	7.500000	44.250000	1.013785e+05	1.416527e-05
	189	143	20.250000	37.750000	1.010700e+05	1.035499e-04
2022	2	17	5	6
	270	8	40.500000	71.500000	9.829439e+04	1.834486e-04
	109	47	0.250000	61.750000	9.578091e+04	2.702318e-04
	161	57	13.250000	59.250000	9.677875e+04	2.559014e-04
	138	117	7.500000	44.250000	1.014479e+05	2.911973e-05
	189	143	20.250000	37.750000	1.011795e+05	9.221658e-05
2022	2	17	7	9
	267	8	39.750000	71.500000	9.821825e+04	1.793836e-04
	119	46	2.750000	62.000000	9.599555e+04	1.728874e-04
	137	50	7.250000	61.000000	9.599555e+04	-7.249112e-05
	171	57	15.750000	59.250000	9.689140e+04	2.260348e-04
	135	118	6.750000	44.000000	1.016211e+05	1.259036e-04
	114	125	1.500000	42.250000	1.020164e+05	-3.637783e-05
	188	143	20.000000	37.750000	1.013296e+05	9.322853e-05
2022	2	17	5	12
	264	8	39.000000	71.500000	9.813568e+04	1.825995e-04
	126	43	4.500000	62.750000	9.624169e+04	1.477350e-04
	180	56	18.000000	59.500000	9.696629e+04	2.076689e-04
	135	117	6.750000	44.250000	1.016583e+05	8.433752e-05
	198	150	22.500000	36.000000	1.012633e+05	8.879432e-05
2022	2	17	7	15
	262	8	38.500000	71.500000	9.805092e+04	1.874934e-04
	288	32	45.000000	65.500000	9.790584e+04	7.226923e-05
	0	35	-27.000000	64.750000	9.902510e+04	1.115166e-04
	268	38	40.000000	64.000000	9.765971e+04	1.343762e-04
	131	44	5.750000	62.500000	9.654391e+04	1.168613e-04
	143	52	8.750000	60.500000	9.654391e+04	1.389207e-04
	22	120	-21.500000	43.500000	1.014486e+05	1.223179e-04
2022	2	17	6	18
	260	9	38.000000	71.250000	9.794720e+04	1.812566e-04
	0	35	-27.000000	64.750000	9.915044e+04	1.214452e-04
	277	35	42.250000	64.750000	9.757245e+04	1.377518e-04
	142	38	8.500000	64.000000	9.676199e+04	1.035337e-04
	157	53	12.250000	60.250000	9.685208e+04	2.249967e-04
	26	118	-20.500000	44.000000	1.011751e+05	2.084433e-04
2022	2	17	5	21
	288	32	45.000000	65.500000	9.760191e+04	7.946396e-05
	142	38	8.500000	64.000000	9.692618e+04	1.413494e-04
	218	57	27.500000	59.250000	9.693981e+04	1.991813e-04
	32	117	-19.000000	44.250000	1.011096e+05	2.194363e-04
	116	124	2.000000	42.500000	1.019733e+05	-4.626135e-05
2022	2	18	5	0
	262	11	38.500000	70.750000	9.790631e+04	1.407515e-04
	144	38	9.000000	64.000000	9.708520e+04	1.788478e-04
	221	57	28.250000	59.250000	9.687761e+04	2.108584e-04
	44	112	-16.000000	45.500000	1.010661e+05	1.052570e-04
	116	124	2.000000	42.500000	1.019735e+05	-3.579866e-05
2022	2	18	4	3
	264	12	39.000000	70.500000	9.789848e+04	1.119995e-04
	147	37	9.750000	64.250000	9.721492e+04	1.974092e-04
	228	55	30.000000	59.750000	9.682450e+04	1.718992e-04
	52	110	-14.000000	46.000000	1.010568e+05	1.249456e-04
2022	2	18	4	6
	6	7	-25.500000	71.750000	1.001956e+05	-3.528905e-06
	264	13	39.000000	70.250000	9.799593e+04	1.097448e-04
	151	36	10.750000	64.500000	9.747547e+04	2.534729e-04
	231	55	30.750000	59.750000	9.685662e+04	1.614553e-04
2022	2	18	2	9
	153	36	11.250000	64.500000	9.773852e+04	2.227176e-04
	236	53	32.000000	60.250000	9.685223e+04	1.449688e-04
2022	2	18	4	12
	154	34	11.500000	65.000000	9.799013e+04	1.926388e-04
	288	43	45.000000	62.750000	9.771612e+04	9.571292e-05
	0	46	-27.000000	62.000000	9.866820e+04	1.372377e-04
	252	47	36.000000	61.750000	9.684158e+04	9.985168e-05
2022	2	18	5	15
	148	33	10.000000	65.250000	9.814414e+04	4.787088e-05
	288	40	45.000000	63.500000	9.760065e+04	9.731239e-05
	0	43	-27.000000	62.750000	9.855697e+04	1.213096e-04
	252	47	36.000000	61.750000	9.687527e+04	1.215280e-04
	283	121	43.750000	43.250000	1.003751e+05	-1.495069e-05
2022	2	18	1	18
	253	46	36.250000	62.000000	9.690895e+04	1.459985e-04
2022	2	18	3	21
	0	39	-27.000000	63.750000	9.846657e+04	8.393988e-05
	255	46	36.750000	62.000000	9.697067e+04	1.098875e-04
	0	52	-27.000000	60.500000	9.835941e+04	1.217461e-04
2022	2	19	4	0
	0	38	-27.000000	64.000000	9.857170e+04	3.697074e-05
	258	45	37.500000	62.250000	9.706844e+04	1.012552e-04
	5	50	-25.750000	61.000000	9.831820e+04	1.831747e-04
	107	131	-0.250000	40.750000	1.016106e+05	3.184277e-05
2022	2	19	6	3
	165	17	14.250000	69.250000	9.861290e+04	2.966371e-05
	288	32	45.000000	65.500000	9.752639e+04	9.322316e-05
	261	44	38.250000	62.500000	9.715743e+04	8.294812e-05
	9	48	-24.750000	61.500000	9.827590e+04	1.854944e-04
	158	106	12.500000	47.000000	1.010756e+05	-5.285779e-05
	136	115	7.000000	44.750000	1.013509e+05	8.168180e-05
2022	2	19	6	6
	156	16	12.000000	69.500000	9.866664e+04	9.530122e-05
	288	35	45.000000	64.750000	9.763073e+04	9.477147e-06
	263	44	38.750000	62.500000	9.727963e+04	5.053414e-05
	11	47	-24.250000	61.750000	9.814743e+04	1.820784e-04
	150	109	10.500000	46.250000	1.014831e+05	9.575143e-06
	136	116	7.000000	44.500000	1.015290e+05	1.102231e-04
2022	2	19	7	9
	189	4	20.250000	72.500000	9.876142e+04	8.703542e-05
	155	15	11.750000	69.750000	9.877270e+04	1.599407e-04
	288	35	45.000000	64.750000	9.773586e+04	-3.343333e-06
	270	42	40.500000	63.000000	9.743176e+04	5.654560e-05
	7	44	-25.250000	62.500000	9.789660e+04	1.176235e-04
	0	58	-27.000000	59.000000	9.776609e+04	8.230471e-05
	136	117	7.000000	44.250000	1.016565e+05	1.265107e-04
2022	2	19	7	12
	194	4	21.500000	72.500000	9.879072e+04	9.643473e-05
	154	15	11.500000	69.750000	9.885182e+04	1.965085e-04
	1	42	-26.750000	63.000000	9.724845e+04	6.758243e-05
	273	42	41.250000	63.000000	9.757245e+04	6.838730e-05
	0	54	-27.000000	60.000000	9.716495e+04	1.345732e-04
	156	107	12.000000	46.750000	1.016081e+05	2.294279e-05
	135	114	6.750000	45.000000	1.016388e+05	5.748892e-05
2022	2	19	6	15
	200	4	23.000000	72.500000	9.883725e+04	1.008647e-04
	0	41	-27.000000	63.250000	9.649705e+04	5.185351e-05
	274	41	41.500000	63.250000	9.776641e+04	5.798549e-05
	0	52	-27.000000	60.500000	9.649705e+04	1.376668e-04
	153	107	11.250000	46.750000	1.015926e+05	1.959050e-05
	135	114	6.750000	45.000000	1.015892e+05	6.497002e-05
2022	2	19	5	18
	123	0	3.750000	73.500000	9.922408e+04	5.007363e-05
	206	4	24.500000	72.500000	9.887485e+04	9.965974e-05
	0	40	-27.000000	63.500000	9.649079e+04	2.170846e-05
	277	41	42.250000	63.250000	9.786950e+04	9.769516e-05
	5	49	-25.750000	61.250000	9.598991e+04	3.570410e-04
2022	2	19	5	21
	126	0	4.500000	73.500000	9.920637e+04	5.249913e-05
	214	4	26.500000	72.500000	9.887971e+04	1.046789e-04
	34	37	-18.500000	64.250000	9.572012e+04	-4.951926e-05
	278	41	42.500000	63.250000	9.801270e+04	1.038693e-04
	12	47	-24.000000	61.750000	9.566169e+04	3.829563e-04
2022	2	20	5	0
	132	0	6.000000	73.500000	9.918898e+04	8.777836e-05
	222	3	28.500000	72.750000	9.891152e+04	1.225207e-04
	280	41	43.000000	63.250000	9.816748e+04	1.030877e-04
	279	42	42.750000	63.000000	9.816748e+04	1.033491e-04
	14	44	-23.500000	62.500000	9.532391e+04	3.939527e-04
