2022	2	16	5	0
	288	11	45.000000	70.750000	9.875155e+04	8.826770e-05
	55	39	-13.250000	63.750000	9.743680e+04	3.425474e-04
	118	53	2.500000	60.250000	9.803657e+04	1.639165e-04
	64	68	-11.000000	56.500000	9.720530e+04	3.400139e-04
	172	122	16.000000	43.000000	1.014476e+05	2.156413e-05
2022	2	16	5	3
	50	37	-14.500000	64.250000	9.742439e+04	3.593430e-04
	121	51	3.250000	60.750000	9.795036e+04	1.591792e-04
	76	67	-8.000000	56.750000	9.710171e+04	3.310067e-04
	280	121	43.000000	43.250000	1.021210e+05	2.342070e-05
	173	122	16.250000	43.000000	1.014338e+05	3.867937e-05
2022	2	16	1	6
	99	67	-2.250000	56.750000	9.731492e+04	2.347031e-04
2022	2	16	4	9
	111	66	0.750000	57.000000	9.729212e+04	2.715351e-04
	45	72	-15.750000	55.500000	9.748905e+04	1.975572e-04
	202	125	23.500000	42.250000	1.016085e+05	-7.287454e-05
	180	140	18.000000	38.500000	1.014432e+05	1.659242e-04
2022	2	16	6	12
	110	34	0.500000	65.000000	9.761745e+04	1.692612e-04
	66	56	-10.500000	59.500000	9.725600e+04	8.849663e-05
	120	67	3.000000	56.750000	9.718281e+04	2.547433e-04
	59	69	-12.250000	56.250000	9.700062e+04	3.352470e-04
	75	71	-8.250000	55.750000	9.700062e+04	2.299110e-04
	183	137	18.750000	39.250000	1.011634e+05	1.831804e-04
2022	2	16	8	15
	104	35	-1.000000	64.750000	9.741959e+04	1.557939e-04
	126	44	4.500000	62.500000	9.744207e+04	9.337870e-05
	132	67	6.000000	56.750000	9.718080e+04	2.511919e-04
	150	67	10.500000	56.750000	9.718080e+04	2.357590e-04
	89	68	-4.750000	56.500000	9.674973e+04	2.458979e-04
	74	69	-8.500000	56.250000	9.674973e+04	3.305388e-04
	136	114	7.000000	45.000000	1.011313e+05	1.400195e-06
	185	134	19.250000	40.000000	1.009798e+05	1.339563e-04
2022	2	16	4	18
	155	65	11.750000	57.250000	9.702527e+04	2.135955e-04
	101	68	-1.750000	56.500000	9.688091e+04	2.477323e-04
	280	121	43.000000	43.250000	1.021255e+05	-2.984099e-05
	184	134	19.000000	40.000000	1.010981e+05	1.193818e-04
2022	2	16	5	21
	288	8	45.000000	71.500000	9.891065e+04	1.130990e-04
	159	65	12.750000	57.250000	9.668041e+04	2.135873e-04
	112	68	1.000000	56.500000	9.683951e+04	2.875946e-04
	137	117	7.250000	44.250000	1.011697e+05	5.720205e-05
	183	133	18.750000	40.250000	1.011694e+05	1.318347e-04
2022	2	17	6	0
	288	9	45.000000	71.250000	9.891871e+04	9.925525e-05
	125	40	4.250000	63.500000	9.727274e+04	1.243821e-04
	169	64	15.250000	57.500000	9.643294e+04	2.166452e-04
	122	70	3.500000	56.000000	9.706373e+04	2.860997e-04
	137	116	7.250000	44.500000	1.009512e+05	7.094689e-05
	183	133	18.750000	40.250000	1.012299e+05	1.108617e-04
2022	2	17	3	3
	287	10	44.750000	71.000000	9.896445e+04	1.286574e-04
	125	39	4.250000	63.750000	9.732283e+04	1.144121e-04
	180	62	18.000000	58.000000	9.614049e+04	1.776821e-04
2022	2	17	3	6
	286	11	44.500000	70.750000	9.902120e+04	1.314279e-04
	125	39	4.250000	63.750000	9.735399e+04	1.253348e-04
	193	62	21.250000	58.000000	9.601334e+04	1.599015e-04
2022	2	17	4	9
	125	38	4.250000	64.000000	9.747432e+04	1.181977e-04
	197	59	22.250000	58.750000	9.598171e+04	1.151113e-04
	22	70	-21.500000	56.000000	9.930574e+04	2.369891e-04
	7	118	-25.250000	44.000000	1.006754e+05	1.864023e-04
2022	2	17	6	12
	125	38	4.250000	64.000000	9.760969e+04	1.188841e-04
	201	57	23.250000	59.250000	9.596605e+04	1.336498e-04
	27	68	-20.250000	56.500000	9.930745e+04	2.410002e-04
	16	112	-23.000000	45.500000	1.000311e+05	2.494804e-04
	278	120	42.500000	43.500000	1.013397e+05	-6.519547e-06
	274	135	41.500000	39.750000	1.012164e+05	-4.910903e-06
2022	2	17	6	15
	9	6	-24.750000	72.000000	1.003871e+05	-4.905367e-05
	1	38	-26.750000	64.000000	9.920945e+04	9.928877e-05
	124	39	4.000000	63.750000	9.775141e+04	1.159393e-04
	207	54	24.750000	60.000000	9.609398e+04	8.673448e-05
	34	65	-18.500000	57.250000	9.930760e+04	2.015630e-04
	22	106	-21.500000	47.000000	9.922309e+04	2.416436e-04
2022	2	17	4	18
	129	39	5.250000	63.750000	9.786616e+04	1.129189e-04
	213	51	26.250000	60.750000	9.620640e+04	1.206594e-04
	44	98	-16.000000	49.000000	9.858424e+04	2.388311e-04
	28	102	-20.000000	48.000000	9.858424e+04	3.378809e-04
2022	2	17	3	21
	146	38	9.500000	64.000000	9.798137e+04	3.848696e-05
	217	49	27.250000	61.250000	9.627493e+04	1.179195e-04
	35	100	-18.250000	48.500000	9.844360e+04	4.167005e-04
2022	2	18	5	0
	150	28	10.500000	66.500000	9.809116e+04	1.878203e-05
	148	38	10.000000	64.000000	9.809116e+04	5.491921e-05
	219	46	27.750000	62.000000	9.631541e+04	1.236237e-04
	49	91	-14.750000	50.750000	9.832576e+04	2.849773e-04
	43	99	-16.250000	48.750000	9.832576e+04	4.875644e-04
2022	2	18	6	3
	150	27	10.500000	66.750000	9.814713e+04	1.995365e-05
	221	44	28.250000	62.500000	9.639262e+04	9.992654e-05
	64	61	-11.000000	58.250000	9.885312e+04	1.134442e-04
	58	86	-12.500000	52.000000	9.805455e+04	3.200336e-04
	53	97	-13.750000	49.250000	9.805455e+04	4.992591e-04
	139	115	7.750000	44.750000	1.013370e+05	4.903387e-05
2022	2	18	7	6
	149	26	10.250000	67.000000	9.812480e+04	2.077419e-05
	226	41	29.500000	63.250000	9.648039e+04	8.498054e-05
	226	42	29.500000	63.000000	9.648039e+04	8.739825e-05
	67	61	-10.250000	58.250000	9.858424e+04	1.459125e-04
	66	84	-10.500000	52.500000	9.772598e+04	2.888782e-04
	151	111	10.750000	45.750000	1.014296e+05	5.147790e-05
	139	117	7.750000	44.250000	1.014296e+05	9.144707e-05
2022	2	18	3	9
	142	28	8.500000	66.500000	9.814651e+04	9.519724e-05
	230	39	30.500000	63.750000	9.663126e+04	9.945486e-05
	83	77	-6.250000	54.250000	9.738206e+04	3.226997e-04
2022	2	18	4	12
	6	7	-25.500000	71.750000	1.005202e+05	-3.075220e-05
	140	28	8.000000	66.500000	9.819116e+04	8.966286e-05
	234	36	31.500000	64.500000	9.677903e+04	5.724693e-05
	89	75	-4.750000	54.750000	9.704186e+04	4.369222e-04
2022	2	18	4	15
	6	7	-25.500000	71.750000	1.005146e+05	-2.353296e-05
	245	28	34.250000	66.500000	9.692742e+04	1.146127e-04
	143	30	8.750000	66.000000	9.813193e+04	1.111335e-04
	108	69	0.000000	56.250000	9.672011e+04	2.841351e-04
2022	2	18	5	18
	6	7	-25.500000	71.750000	1.004885e+05	-1.206250e-05
	246	27	34.500000	66.750000	9.699441e+04	1.140408e-04
	145	31	9.250000	65.750000	9.797300e+04	1.168064e-04
	119	66	2.750000	57.000000	9.616127e+04	2.672785e-04
	279	119	42.750000	43.750000	1.006923e+05	3.287395e-05
2022	2	18	5	21
	6	7	-25.500000	71.750000	1.004524e+05	1.426856e-07
	253	24	36.250000	67.500000	9.707675e+04	1.246390e-04
	147	31	9.750000	65.750000	9.782724e+04	1.306556e-04
	0	55	-27.000000	59.750000	9.841291e+04	1.117540e-04
	134	64	6.500000	57.500000	9.601117e+04	2.221717e-04
2022	2	19	5	0
	257	18	37.250000	69.000000	9.704449e+04	1.815515e-04
	147	31	9.750000	65.750000	9.773622e+04	1.305581e-04
	0	51	-27.000000	60.750000	9.835506e+04	8.953706e-05
	146	62	9.500000	58.000000	9.596776e+04	3.601084e-04
	245	149	34.250000	36.250000	1.011097e+05	9.720622e-05
2022	2	19	6	3
	257	17	37.250000	69.250000	9.698867e+04	2.359997e-04
	145	30	9.250000	66.000000	9.766443e+04	1.224389e-04
	153	61	11.250000	58.250000	9.607056e+04	3.592466e-04
	136	114	7.000000	45.000000	1.013589e+05	7.940982e-05
	108	139	0.000000	38.750000	1.013663e+05	3.799438e-05
	248	150	35.000000	36.000000	1.009754e+05	8.636400e-05
2022	2	19	7	6
	257	17	37.250000	69.250000	9.697395e+04	2.199810e-04
	148	29	10.000000	66.250000	9.764861e+04	1.430960e-04
	14	50	-23.500000	61.000000	9.837227e+04	1.197564e-04
	184	54	19.000000	60.000000	9.646953e+04	2.211171e-04
	163	61	13.750000	58.250000	9.646643e+04	3.135509e-04
	137	117	7.250000	44.250000	1.013508e+05	1.435172e-04
	248	150	35.000000	36.000000	1.009804e+05	1.059326e-04
2022	2	19	5	9
	257	17	37.250000	69.250000	9.702605e+04	1.711525e-04
	146	29	9.500000	66.250000	9.777452e+04	1.501774e-04
	186	54	19.500000	60.000000	9.658397e+04	1.890681e-04
	137	117	7.250000	44.250000	1.014572e+05	1.306260e-04
	246	153	34.500000	35.250000	1.010227e+05	1.720499e-04
2022	2	19	6	12
	259	16	37.750000	69.500000	9.709473e+04	1.603744e-04
	143	30	8.750000	66.000000	9.790059e+04	1.300442e-04
	195	54	21.750000	60.000000	9.682741e+04	1.214822e-04
	151	116	10.750000	44.500000	1.014124e+05	5.256295e-06
	137	117	7.250000	44.250000	1.014124e+05	1.044805e-04
	255	156	36.750000	34.500000	1.008959e+05	3.034096e-05
2022	2	19	7	15
	261	16	38.250000	69.500000	9.717273e+04	1.475063e-04
	145	31	9.250000	65.750000	9.804991e+04	1.288081e-04
	205	53	24.250000	60.250000	9.706124e+04	1.290264e-04
	0	58	-27.000000	59.000000	9.667483e+04	9.306146e-05
	135	119	6.750000	43.750000	1.013563e+05	1.167176e-04
	145	126	9.250000	42.000000	1.013563e+05	-1.667329e-05
	243	157	33.750000	34.250000	1.011379e+05	1.725439e-04
2022	2	19	8	18
	261	16	38.250000	69.500000	9.721630e+04	1.564310e-04
	148	32	10.000000	65.500000	9.818233e+04	1.429323e-04
	226	50	29.500000	61.000000	9.717459e+04	9.313539e-05
	0	53	-27.000000	60.250000	9.574137e+04	1.428442e-04
	153	115	11.250000	44.750000	1.014265e+05	3.274663e-05
	136	120	7.000000	43.500000	1.014158e+05	9.808498e-05
	241	160	33.250000	33.500000	1.012786e+05	1.513783e-04
	260	162	38.000000	33.000000	1.013283e+05	-7.076617e-06
2022	2	19	6	21
	6	7	-25.500000	71.750000	9.973650e+04	-8.527220e-06
	259	16	37.750000	69.500000	9.725926e+04	1.893916e-04
	149	34	10.250000	65.000000	9.834018e+04	1.444890e-04
	234	48	31.500000	61.500000	9.726995e+04	9.491813e-05
	0	50	-27.000000	61.000000	9.520440e+04	1.543893e-04
	153	115	11.250000	44.750000	1.015135e+05	4.813875e-05
2022	2	20	6	0
	6	7	-25.500000	71.750000	9.959616e+04	-9.217689e-06
	257	17	37.250000	69.250000	9.729585e+04	2.464936e-04
	150	35	10.500000	64.750000	9.850656e+04	1.243028e-04
	247	46	34.750000	62.000000	9.736485e+04	9.192384e-05
	4	48	-26.000000	61.500000	9.489862e+04	2.819847e-04
	157	117	12.250000	44.250000	1.015377e+05	3.884362e-05
