2022	2	10	7	0
	168	9	15.000000	71.250000	9.683191e+04	7.442047e-05
	148	22	10.000000	68.000000	9.649701e+04	4.468515e-04
	59	56	-12.250000	59.500000	9.850974e+04	4.733601e-04
	152	106	11.000000	47.000000	1.022445e+05	-4.144760e-05
	139	110	7.750000	46.000000	1.022445e+05	-7.425763e-05
	249	150	35.250000	36.000000	1.007652e+05	1.038882e-04
	277	162	42.250000	33.000000	1.008800e+05	9.511894e-05
2022	2	10	7	6
	174	5	16.500000	72.250000	9.713985e+04	2.239802e-04
	8	6	-25.000000	72.000000	1.002634e+05	-9.992262e-06
	4	17	-26.000000	69.250000	1.002634e+05	3.459581e-05
	165	23	14.250000	67.750000	9.681589e+04	3.439685e-04
	78	59	-7.500000	58.750000	9.899940e+04	4.665187e-04
	158	106	12.500000	47.000000	1.021513e+05	-3.039457e-05
	250	151	35.500000	35.750000	1.010213e+05	9.599252e-05
2022	2	10	9	12
	211	0	25.750000	73.500000	9.727741e+04	-4.441672e-05
	177	6	17.250000	72.000000	9.727741e+04	3.091737e-04
	205	8	24.250000	71.500000	9.727741e+04	1.916826e-05
	192	16	21.000000	69.500000	9.727741e+04	-7.583906e-06
	190	28	20.500000	66.500000	9.766174e+04	1.451223e-04
	93	63	-3.750000	57.750000	9.990719e+04	3.874629e-04
	137	117	7.250000	44.250000	1.022333e+05	1.314793e-04
	283	139	43.750000	38.750000	1.010375e+05	1.928218e-05
	280	151	43.000000	35.750000	1.010340e+05	9.197204e-05
2022	2	10	8	18
	214	0	26.500000	73.500000	9.745560e+04	2.090522e-05
	185	6	19.250000	72.000000	9.745560e+04	2.300688e-04
	10	14	-24.500000	70.000000	9.985815e+04	7.576513e-07
	43	17	-16.250000	69.250000	9.985815e+04	1.266388e-04
	111	69	0.750000	56.250000	1.005047e+05	3.313958e-04
	136	119	7.000000	43.750000	1.022441e+05	9.986165e-05
	275	152	41.750000	35.500000	1.013455e+05	6.114688e-05
	90	162	-4.500000	33.000000	1.021206e+05	-5.704293e-05
2022	2	11	6	0
	212	0	26.000000	73.500000	9.766662e+04	-1.329579e-05
	201	8	23.250000	71.500000	9.766662e+04	2.314168e-04
	60	14	-12.000000	70.000000	9.947068e+04	2.073700e-04
	0	72	-27.000000	55.500000	9.981398e+04	1.381303e-04
	126	75	4.500000	54.750000	1.009107e+05	3.027436e-04
	135	119	6.750000	43.750000	1.021968e+05	6.872356e-05
2022	2	11	4	6
	221	0	28.250000	73.500000	9.805702e+04	-3.117249e-05
	215	9	26.750000	71.250000	9.805702e+04	2.331853e-04
	78	12	-7.500000	70.500000	9.933293e+04	1.310557e-04
	138	80	7.500000	53.500000	1.013556e+05	2.266308e-04
2022	2	11	6	12
	230	0	30.500000	73.500000	9.856250e+04	-8.746792e-06
	233	11	31.250000	70.750000	9.856250e+04	2.036091e-04
	93	12	-3.750000	70.500000	9.936263e+04	1.720091e-04
	12	58	-24.000000	59.000000	9.897947e+04	1.777859e-04
	3	70	-26.250000	56.000000	9.901170e+04	1.612926e-04
	135	119	6.750000	43.750000	1.020346e+05	9.537999e-05
2022	2	11	7	18
	241	0	33.250000	73.500000	9.876923e+04	1.764462e-05
	244	13	34.000000	70.250000	9.875066e+04	1.189592e-04
	123	16	3.750000	69.500000	9.933723e+04	8.965714e-05
	28	53	-20.000000	60.250000	9.871530e+04	1.854473e-04
	9	57	-24.750000	59.250000	9.871530e+04	2.228499e-04
	26	64	-20.500000	57.500000	9.871530e+04	1.055683e-04
	24	65	-21.000000	57.250000	9.871530e+04	1.413875e-04
2022	2	12	8	0
	253	0	36.250000	73.500000	9.893257e+04	4.003363e-05
	252	14	36.000000	70.000000	9.888334e+04	1.229463e-04
	153	18	11.250000	69.000000	9.914203e+04	1.624889e-04
	154	18	11.500000	69.000000	9.914203e+04	1.555421e-04
	47	49	-15.250000	61.250000	9.853378e+04	1.519428e-04
	48	49	-15.000000	61.250000	9.854648e+04	1.483372e-04
	24	54	-21.000000	60.000000	9.852909e+04	2.401048e-04
	43	59	-16.250000	58.750000	9.852909e+04	9.676022e-05
2022	2	12	5	6
	259	0	37.750000	73.500000	9.906759e+04	2.142663e-05
	258	15	37.500000	69.750000	9.893941e+04	1.169937e-04
	152	19	11.000000	68.750000	9.901855e+04	2.279582e-04
	44	48	-16.000000	61.500000	9.831865e+04	2.591567e-04
	29	58	-19.750000	59.000000	9.833877e+04	1.728699e-04
2022	2	12	4	12
	265	18	39.250000	69.000000	9.907814e+04	1.155167e-04
	161	20	13.250000	68.500000	9.929209e+04	2.235336e-04
	81	51	-6.750000	60.750000	9.840228e+04	1.516042e-04
	36	55	-18.000000	59.750000	9.847418e+04	2.436292e-04
2022	2	12	4	18
	166	15	14.500000	69.750000	9.920788e+04	2.009141e-04
	273	20	41.250000	68.500000	9.919538e+04	1.297935e-04
	94	47	-3.500000	61.750000	9.825183e+04	1.675130e-04
	24	91	-21.000000	50.750000	9.983391e+04	1.773718e-04
2022	2	13	4	0
	177	14	17.250000	70.000000	9.888216e+04	2.885106e-04
	104	47	-1.000000	61.750000	9.828427e+04	1.692455e-04
	39	88	-17.250000	51.500000	9.932336e+04	2.179290e-04
	157	105	12.250000	47.250000	1.024240e+05	-3.847560e-05
2022	2	13	5	6
	164	0	14.000000	73.500000	9.875145e+04	1.355542e-04
	189	12	20.250000	70.500000	9.863519e+04	1.745617e-04
	115	47	1.750000	61.750000	9.832666e+04	1.641966e-04
	50	88	-14.500000	51.500000	9.874128e+04	2.359265e-04
	286	129	44.500000	41.250000	1.019713e+05	-4.779711e-06
2022	2	13	6	12
	174	5	16.500000	72.250000	9.857950e+04	1.625955e-04
	200	10	23.000000	71.000000	9.857950e+04	1.513118e-04
	168	36	15.000000	64.500000	9.848688e+04	5.476744e-05
	85	84	-5.750000	52.500000	9.876727e+04	1.120075e-04
	63	91	-11.250000	50.750000	9.871803e+04	2.600596e-04
	267	119	39.750000	43.750000	1.027617e+05	9.191829e-05
2022	2	13	4	18
	207	9	24.750000	71.250000	9.858204e+04	1.306338e-04
	210	29	25.500000	66.250000	9.836574e+04	1.135912e-04
	97	80	-2.750000	53.500000	9.845503e+04	7.691794e-05
	82	86	-6.500000	52.000000	9.845503e+04	6.660498e-05
2022	2	14	3	0
	231	28	30.750000	66.500000	9.838274e+04	9.759409e-05
	112	74	1.000000	55.000000	9.827684e+04	1.470111e-04
	103	82	-1.250000	53.000000	9.827684e+04	1.107969e-04
2022	2	14	5	6
	238	9	32.500000	71.250000	9.822682e+04	1.682460e-04
	6	14	-25.500000	70.000000	9.960355e+04	1.711401e-05
	2	43	-26.500000	62.750000	9.905000e+04	8.567140e-05
	127	67	4.750000	56.750000	9.800114e+04	1.751668e-04
	117	75	2.250000	54.750000	9.800114e+04	2.027953e-04
2022	2	14	3	12
	2	6	-26.500000	72.000000	9.986069e+04	5.128054e-06
	238	9	32.500000	71.250000	9.804354e+04	1.693725e-04
	129	65	5.250000	57.250000	9.783232e+04	2.505227e-04
2022	2	14	3	18
	238	11	32.500000	70.750000	9.787530e+04	2.077557e-04
	135	68	6.750000	56.500000	9.804842e+04	2.352882e-04
	145	118	9.250000	44.000000	1.009168e+05	1.470221e-04
2022	2	15	4	0
	248	11	35.000000	70.750000	9.793275e+04	2.312963e-04
	152	67	11.000000	56.750000	9.848688e+04	9.250907e-05
	8	70	-25.000000	56.000000	9.802869e+04	1.748062e-04
	156	118	12.000000	44.000000	1.008845e+05	4.496750e-05
2022	2	15	6	6
	6	7	-25.500000	71.750000	9.870103e+04	-8.811403e-06
	254	13	36.500000	70.250000	9.811857e+04	1.498003e-04
	26	61	-20.500000	58.250000	9.684813e+04	2.949706e-04
	180	61	18.000000	58.250000	9.876825e+04	9.253047e-05
	158	66	12.500000	57.000000	9.877802e+04	9.532989e-05
	160	111	13.000000	45.750000	1.008177e+05	9.354264e-05
2022	2	15	5	12
	253	7	36.250000	71.750000	9.825905e+04	9.614270e-05
	265	14	39.250000	70.000000	9.825905e+04	1.663635e-04
	36	55	-18.000000	59.750000	9.551399e+04	4.613505e-04
	198	55	22.500000	59.750000	9.898338e+04	1.713719e-04
	182	63	18.500000	57.750000	9.898338e+04	8.891431e-05
2022	2	15	6	18
	244	12	34.000000	70.500000	9.835421e+04	9.054620e-05
	268	14	40.000000	70.000000	9.835421e+04	2.340543e-04
	49	52	-14.750000	60.500000	9.525452e+04	4.705474e-04
	203	55	23.750000	59.750000	9.929229e+04	1.653372e-04
	186	114	19.500000	45.000000	1.009131e+05	5.493061e-06
	279	120	42.750000	43.500000	1.017101e+05	1.889503e-05
2022	2	16	5	0
	270	15	40.500000	69.750000	9.852498e+04	1.694285e-04
	0	25	-27.000000	67.250000	9.711406e+04	1.010438e-04
	63	49	-11.250000	61.250000	9.573772e+04	4.577629e-04
	208	55	25.000000	59.750000	9.941656e+04	1.161783e-04
	281	121	43.250000	43.250000	1.017335e+05	6.156346e-06
2022	2	16	6	6
	262	16	38.500000	69.500000	9.865648e+04	2.411409e-04
	263	16	38.750000	69.500000	9.865648e+04	2.420776e-04
	74	45	-8.500000	62.250000	9.558316e+04	4.833920e-04
	217	52	27.250000	60.500000	9.934466e+04	1.469993e-04
	139	120	7.750000	43.500000	1.014330e+05	1.156850e-04
	281	121	43.250000	43.250000	1.018576e+05	-3.824367e-06
2022	2	16	6	12
	0	10	-27.000000	71.000000	9.848454e+04	7.936965e-06
	260	19	38.000000	68.750000	9.889349e+04	1.346609e-04
	0	37	-27.000000	64.250000	9.742532e+04	2.374687e-05
	69	42	-9.750000	63.000000	9.545830e+04	4.889194e-04
	151	65	10.750000	57.250000	9.834933e+04	2.580674e-04
	137	116	7.250000	44.500000	1.014416e+05	3.642245e-05
2022	2	16	6	18
	267	22	39.750000	68.000000	9.915415e+04	1.230425e-04
	71	41	-9.250000	63.250000	9.557359e+04	4.579831e-04
	164	65	14.000000	57.250000	9.860920e+04	1.922671e-04
	105	73	-0.750000	55.250000	9.892691e+04	1.472800e-04
	189	153	20.250000	35.250000	1.012243e+05	1.533558e-04
	197	159	22.250000	33.750000	1.012243e+05	4.864657e-05
2022	2	17	6	0
	275	24	41.750000	67.500000	9.939350e+04	1.060103e-04
	0	31	-27.000000	65.750000	9.850662e+04	3.075347e-05
	78	41	-7.500000	63.250000	9.595382e+04	4.523178e-04
	183	64	18.750000	57.500000	9.837395e+04	1.645525e-04
	135	76	6.750000	54.500000	9.904355e+04	1.626232e-04
	192	154	21.000000	35.000000	1.009815e+05	1.796325e-04
2022	2	17	5	6
	94	42	-3.500000	63.000000	9.633054e+04	3.630063e-04
	189	63	20.250000	57.750000	9.814338e+04	1.795899e-04
	190	63	20.500000	57.750000	9.814338e+04	1.829547e-04
	13	85	-23.750000	52.250000	1.003120e+05	1.487177e-04
	199	156	22.750000	34.500000	1.009643e+05	1.638898e-04
2022	2	17	3	12
	111	43	0.750000	62.750000	9.671195e+04	3.757907e-04
	200	64	23.000000	57.500000	9.822154e+04	1.672147e-04
	1	87	-26.750000	51.750000	1.000481e+05	1.000904e-04
2022	2	17	4	18
	131	41	5.750000	63.250000	9.711269e+04	4.169128e-04
	220	54	28.000000	60.000000	9.847457e+04	1.428546e-04
	212	68	26.000000	56.500000	9.850896e+04	1.380382e-04
	23	76	-21.250000	54.500000	9.954591e+04	1.880097e-04
2022	2	18	5	0
	128	32	5.000000	65.500000	9.790091e+04	1.839974e-04
	151	40	10.750000	63.500000	9.794311e+04	2.567593e-04
	220	51	28.000000	60.750000	9.842084e+04	1.293458e-04
	32	69	-19.000000	56.250000	9.880264e+04	3.217034e-04
	241	93	33.250000	50.250000	9.895094e+04	1.872004e-04
2022	2	18	6	6
	126	29	4.500000	66.250000	9.775143e+04	2.355401e-04
	106	30	-0.500000	66.000000	9.775143e+04	2.300383e-04
	223	49	28.750000	61.250000	9.858165e+04	1.089053e-04
	41	60	-16.750000	58.500000	9.797456e+04	4.213575e-04
	252	103	36.000000	47.750000	9.883995e+04	1.911428e-04
	138	117	7.500000	44.250000	1.017761e+05	6.573273e-05
2022	2	18	8	12
	116	30	2.000000	66.000000	9.747221e+04	3.445784e-04
	1	43	-26.750000	62.750000	9.818012e+04	1.078119e-04
	229	44	30.250000	62.500000	9.873327e+04	3.536262e-05
	51	57	-14.250000	59.250000	9.725064e+04	4.188585e-04
	91	70	-4.250000	56.000000	9.838235e+04	2.568263e-04
	257	106	37.250000	47.000000	9.905723e+04	1.953441e-04
	275	118	41.750000	44.000000	9.920534e+04	1.254535e-05
	275	132	41.750000	40.500000	9.944001e+04	-1.775065e-05
2022	2	18	7	18
	122	34	3.500000	65.000000	9.718401e+04	3.271093e-04
	235	40	31.750000	63.500000	9.873210e+04	4.149990e-05
	56	53	-13.000000	60.250000	9.666602e+04	5.243695e-04
	110	65	0.500000	57.250000	9.747338e+04	3.369762e-04
	258	107	37.500000	46.750000	9.958127e+04	2.685623e-04
	281	140	43.250000	38.500000	1.001002e+05	-5.367710e-06
	268	146	40.000000	37.000000	1.001002e+05	1.457599e-04
2022	2	19	8	0
	134	34	6.500000	65.000000	9.695892e+04	3.568599e-04
	64	51	-11.000000	60.750000	9.688017e+04	4.863495e-04
	163	59	13.750000	58.750000	9.756854e+04	2.138036e-04
	129	66	5.250000	57.000000	9.750738e+04	3.833070e-04
	9	74	-24.750000	55.000000	9.833916e+04	2.921922e-04
	261	109	38.250000	46.250000	1.001860e+05	2.599971e-04
	282	141	43.500000	38.250000	1.000197e+05	5.022351e-07
	273	147	41.250000	36.750000	1.000197e+05	7.922844e-05
2022	2	19	9	6
	8	6	-25.000000	72.000000	1.000752e+05	-1.941225e-05
	147	24	9.750000	67.500000	9.709315e+04	4.161326e-05
	250	27	35.500000	66.750000	9.826531e+04	6.026978e-05
	143	37	8.750000	64.250000	9.701050e+04	3.897571e-04
	75	48	-8.250000	61.500000	9.702047e+04	4.606041e-04
	193	55	21.250000	59.750000	9.711093e+04	2.478610e-04
	30	68	-19.500000	56.500000	9.783310e+04	3.055508e-04
	262	109	38.500000	46.250000	1.009672e+05	2.155768e-04
	275	146	41.750000	37.000000	9.991618e+04	1.424348e-04
2022	2	19	9	12
	6	7	-25.500000	71.750000	1.001970e+05	6.137937e-06
	241	15	33.250000	69.750000	9.804452e+04	5.294241e-05
	154	24	11.500000	67.500000	9.811759e+04	3.292895e-05
	157	39	12.250000	63.750000	9.778680e+04	2.827598e-04
	85	46	-5.750000	62.000000	9.734892e+04	4.414268e-04
	217	51	27.250000	60.750000	9.707420e+04	2.177943e-04
	50	63	-14.500000	57.750000	9.751031e+04	2.998989e-04
	51	63	-14.250000	57.750000	9.751031e+04	2.772832e-04
	279	145	42.750000	37.250000	9.984798e+04	4.260495e-05
2022	2	19	11	18
	6	7	-25.500000	71.750000	9.998417e+04	-2.049444e-06
	227	14	29.750000	70.000000	9.783877e+04	1.055693e-04
	15	43	-23.250000	62.750000	9.783623e+04	1.565772e-04
	92	43	-4.000000	62.750000	9.754177e+04	3.696106e-04
	180	45	18.000000	62.250000	9.842631e+04	2.292716e-04
	237	46	32.250000	62.000000	9.719105e+04	1.638136e-04
	66	59	-10.500000	58.750000	9.765901e+04	2.481610e-04
	153	108	11.250000	46.500000	1.017236e+05	-2.281326e-05
	138	116	7.500000	44.500000	1.018275e+05	9.812480e-05
	280	144	43.000000	37.500000	1.001874e+05	-2.406778e-05
	276	153	42.000000	35.250000	1.001874e+05	1.724623e-04
2022	2	20	8	0
	220	17	28.000000	69.250000	9.777761e+04	9.761296e-05
	288	35	45.000000	64.750000	9.809473e+04	2.232189e-05
	253	39	36.250000	63.750000	9.718440e+04	1.305058e-04
	94	41	-3.500000	63.250000	9.772485e+04	2.832082e-04
	0	63	-27.000000	57.750000	9.588739e+04	1.431368e-04
	138	118	7.500000	44.000000	1.020284e+05	1.236757e-04
	279	143	42.750000	37.750000	1.007054e+05	3.516273e-05
	281	162	43.250000	33.000000	1.003904e+05	2.011472e-04
