2022	2	16	5	0
	288	11	45.000000	70.750000	9.878395e+04	7.893929e-05
	56	39	-13.000000	63.750000	9.742788e+04	3.423228e-04
	119	53	2.750000	60.250000	9.805511e+04	1.667198e-04
	66	68	-10.500000	56.500000	9.738777e+04	3.165062e-04
	172	122	16.000000	43.000000	1.014744e+05	4.299272e-05
2022	2	16	4	3
	51	38	-14.250000	64.000000	9.728491e+04	3.540925e-04
	123	53	3.750000	60.250000	9.796923e+04	1.677560e-04
	79	67	-7.250000	56.750000	9.744895e+04	3.089561e-04
	280	121	43.000000	43.250000	1.021570e+05	2.246415e-05
2022	2	16	5	6
	120	34	3.000000	65.000000	9.782642e+04	2.151053e-04
	44	37	-16.000000	64.250000	9.765294e+04	2.565991e-04
	123	49	3.750000	61.250000	9.785914e+04	1.111322e-04
	42	61	-16.500000	58.250000	9.755605e+04	1.007965e-04
	99	68	-2.250000	56.500000	9.763123e+04	2.048817e-04
2022	2	16	5	9
	116	34	2.000000	65.000000	9.771475e+04	2.127783e-04
	46	59	-15.500000	58.750000	9.727043e+04	9.696896e-05
	111	67	0.750000	56.750000	9.757068e+04	2.134195e-04
	202	125	23.500000	42.250000	1.016619e+05	-6.687790e-05
	182	136	18.500000	39.500000	1.014566e+05	1.209433e-04
2022	2	16	8	12
	111	35	0.750000	64.750000	9.755323e+04	1.602863e-04
	51	58	-14.250000	59.000000	9.705212e+04	1.525673e-04
	65	67	-10.750000	56.750000	9.705212e+04	1.651692e-04
	120	67	3.000000	56.750000	9.744863e+04	2.198577e-04
	279	120	42.750000	43.500000	1.018368e+05	1.128740e-05
	202	125	23.500000	42.250000	1.013892e+05	-6.157811e-05
	184	131	19.000000	40.750000	1.011493e+05	8.253421e-05
	183	140	18.750000	38.500000	1.011493e+05	1.894506e-04
2022	2	16	6	15
	106	35	-0.500000	64.750000	9.739925e+04	1.603477e-04
	62	56	-11.500000	59.500000	9.695650e+04	2.391036e-04
	78	65	-7.500000	57.250000	9.697144e+04	2.586346e-04
	134	68	6.500000	56.500000	9.731274e+04	2.095779e-04
	155	69	11.750000	56.250000	9.731274e+04	2.262060e-04
	185	137	19.250000	39.250000	1.009584e+05	1.874477e-04
2022	2	16	8	18
	62	56	-11.500000	59.500000	9.709459e+04	2.323611e-04
	89	65	-4.750000	57.250000	9.701941e+04	2.411444e-04
	107	68	-0.250000	56.500000	9.701941e+04	2.391215e-04
	169	68	15.250000	56.500000	9.713407e+04	2.151138e-04
	148	108	10.000000	46.500000	1.004439e+05	-5.881986e-05
	281	121	43.250000	43.250000	1.021580e+05	-2.728555e-05
	180	128	18.000000	41.500000	1.009642e+05	9.230114e-05
	184	136	19.000000	39.500000	1.009642e+05	1.518417e-04
2022	2	16	5	21
	288	10	45.000000	71.000000	9.894737e+04	1.245944e-04
	180	66	18.000000	57.000000	9.669400e+04	2.371773e-04
	120	68	3.000000	56.500000	9.682187e+04	2.238716e-04
	137	117	7.250000	44.250000	1.010927e+05	3.132381e-05
	183	136	18.750000	39.500000	1.009804e+05	1.594915e-04
2022	2	17	5	0
	288	11	45.000000	70.750000	9.900997e+04	9.720308e-05
	190	62	20.500000	58.000000	9.633681e+04	2.774993e-04
	132	69	6.000000	56.250000	9.679450e+04	2.935641e-04
	138	117	7.500000	44.250000	1.009170e+05	5.357379e-05
	182	136	18.500000	39.500000	1.009967e+05	1.681783e-04
2022	2	17	5	3
	288	12	45.000000	70.500000	9.906769e+04	9.335495e-05
	195	59	21.750000	58.750000	9.609774e+04	2.904854e-04
	177	69	17.250000	56.250000	9.629419e+04	1.086410e-04
	138	117	7.500000	44.250000	1.008189e+05	7.526421e-05
	181	137	18.250000	39.250000	1.009606e+05	1.631877e-04
2022	2	17	4	6
	200	57	23.000000	59.250000	9.602870e+04	2.713184e-04
	192	67	21.000000	56.750000	9.602870e+04	6.542388e-05
	4	119	-26.000000	43.750000	1.009249e+05	1.698260e-04
	180	139	18.000000	38.750000	1.011271e+05	1.383997e-04
2022	2	17	4	9
	6	52	-25.500000	60.500000	9.920106e+04	1.117462e-04
	204	54	24.000000	60.000000	9.611190e+04	2.457993e-04
	34	72	-18.500000	55.500000	9.937910e+04	1.976227e-04
	17	114	-22.750000	45.000000	1.006502e+05	1.775205e-04
2022	2	17	3	12
	10	53	-24.500000	60.250000	9.917433e+04	1.427019e-04
	208	53	25.000000	60.250000	9.617607e+04	2.296068e-04
	29	107	-19.750000	46.750000	1.002011e+05	1.974437e-04
2022	2	17	3	15
	211	48	25.750000	61.500000	9.623851e+04	2.388299e-04
	19	55	-22.250000	59.750000	9.902680e+04	1.346491e-04
	41	101	-16.750000	48.250000	9.963028e+04	2.318173e-04
2022	2	17	3	18
	213	45	26.250000	62.250000	9.624653e+04	1.409632e-04
	19	53	-22.250000	60.250000	9.891355e+04	1.628566e-04
	51	96	-14.250000	49.500000	9.919068e+04	2.870488e-04
2022	2	17	3	21
	215	43	26.750000	62.750000	9.622750e+04	1.219456e-04
	20	52	-22.000000	60.500000	9.881809e+04	1.682056e-04
	59	93	-12.250000	50.250000	9.859993e+04	3.996222e-04
2022	2	18	3	0
	217	42	27.250000	63.000000	9.622766e+04	1.607021e-04
	64	65	-11.000000	57.250000	9.870028e+04	1.612018e-04
	70	89	-9.500000	51.250000	9.811582e+04	4.521243e-04
2022	2	18	3	3
	220	40	28.000000	63.500000	9.627154e+04	1.651449e-04
	69	65	-9.750000	57.250000	9.835929e+04	1.737473e-04
	88	80	-5.000000	53.500000	9.761456e+04	3.956832e-04
2022	2	18	5	6
	226	37	29.500000	64.250000	9.628428e+04	1.056601e-04
	74	65	-8.500000	57.250000	9.800809e+04	2.657424e-04
	97	77	-2.750000	54.250000	9.704473e+04	4.539845e-04
	251	161	35.750000	33.250000	1.011358e+05	2.307360e-05
	264	162	39.000000	33.000000	1.011358e+05	1.708945e-05
2022	2	18	5	9
	233	34	31.250000	65.000000	9.634090e+04	9.441364e-05
	76	52	-8.000000	60.500000	9.791466e+04	1.797372e-04
	81	66	-6.750000	57.000000	9.790491e+04	3.223203e-04
	112	73	1.000000	55.250000	9.657745e+04	3.885300e-04
	264	162	39.000000	33.000000	1.010419e+05	-2.810650e-05
2022	2	18	5	12
	240	28	33.000000	66.500000	9.638179e+04	1.266022e-04
	126	41	4.500000	63.250000	9.756801e+04	1.156959e-04
	126	69	4.500000	56.250000	9.634751e+04	3.828707e-04
	279	119	42.750000	43.750000	1.003256e+05	2.352614e-05
	271	154	40.750000	35.000000	1.008704e+05	1.122622e-04
2022	2	18	8	15
	240	26	33.000000	67.000000	9.640255e+04	1.106416e-04
	241	26	33.250000	67.000000	9.640255e+04	1.120518e-04
	130	40	5.500000	63.500000	9.743794e+04	1.220263e-04
	0	63	-27.000000	57.750000	9.866033e+04	7.106447e-05
	144	66	9.000000	57.000000	9.604364e+04	3.160156e-04
	276	118	42.000000	44.000000	1.006322e+05	-5.318234e-05
	287	142	44.750000	38.000000	1.012251e+05	1.533896e-06
	272	153	41.000000	35.250000	1.009084e+05	1.101263e-04
2022	2	18	6	18
	241	25	33.250000	67.250000	9.638368e+04	1.162996e-04
	0	57	-27.000000	59.250000	9.801563e+04	1.199280e-04
	157	65	12.250000	57.250000	9.617418e+04	3.327912e-04
	282	121	43.500000	43.250000	1.008354e+05	3.519658e-05
	271	152	40.750000	35.500000	1.010291e+05	9.628651e-05
	265	162	39.250000	33.000000	1.010291e+05	1.195533e-05
2022	2	18	5	21
	241	17	33.250000	69.250000	9.634641e+04	1.538444e-04
	0	53	-27.000000	60.250000	9.770516e+04	1.391948e-04
	179	62	17.750000	58.000000	9.601690e+04	3.162265e-04
	287	140	44.750000	38.500000	1.013242e+05	-8.533767e-07
	271	151	40.750000	35.750000	1.011352e+05	1.100325e-04
2022	2	19	6	0
	238	17	32.500000	69.250000	9.631401e+04	1.764351e-04
	237	18	32.250000	69.000000	9.631401e+04	1.736018e-04
	0	49	-27.000000	61.250000	9.758562e+04	1.101950e-04
	195	61	21.750000	58.250000	9.595823e+04	3.195714e-04
	137	117	7.250000	44.250000	1.014626e+05	1.539140e-04
	266	161	39.500000	33.250000	1.010957e+05	3.642348e-05
2022	2	19	5	3
	236	18	32.000000	69.000000	9.626509e+04	1.810295e-04
	0	46	-27.000000	62.000000	9.759663e+04	1.086420e-04
	203	61	23.750000	58.250000	9.620721e+04	3.070805e-04
	137	117	7.250000	44.250000	1.014431e+05	1.486476e-04
	248	153	35.000000	35.250000	1.010930e+05	1.247601e-04
2022	2	19	5	6
	235	19	31.750000	68.750000	9.629481e+04	1.460569e-04
	31	50	-19.250000	61.000000	9.766914e+04	2.343277e-04
	217	60	27.250000	58.500000	9.661173e+04	2.663613e-04
	137	117	7.250000	44.250000	1.015241e+05	9.429372e-05
	249	153	35.250000	35.250000	1.010972e+05	1.518690e-04
2022	2	19	6	9
	246	15	34.500000	69.750000	9.642536e+04	9.310571e-05
	247	15	34.750000	69.750000	9.642536e+04	9.383939e-05
	29	47	-19.750000	61.750000	9.753136e+04	2.569693e-04
	231	59	30.750000	58.750000	9.698670e+04	1.559730e-04
	135	118	6.750000	44.000000	1.017069e+05	1.007113e-04
	247	153	34.750000	35.250000	1.011532e+05	1.508146e-04
2022	2	19	5	12
	247	15	34.750000	69.750000	9.654442e+04	8.427575e-05
	49	24	-14.750000	67.500000	9.827971e+04	1.543567e-04
	24	45	-21.000000	62.250000	9.739185e+04	2.052054e-04
	247	51	34.750000	60.750000	9.719101e+04	8.362082e-05
	94	145	-3.500000	37.250000	1.019378e+05	2.840638e-05
2022	2	19	6	15
	249	15	35.250000	69.750000	9.665562e+04	8.294947e-05
	250	15	35.500000	69.750000	9.665562e+04	8.707831e-05
	47	25	-15.250000	67.250000	9.816520e+04	1.762126e-04
	18	43	-22.500000	62.750000	9.719022e+04	1.906497e-04
	259	48	37.750000	61.500000	9.731164e+04	8.177043e-05
	243	158	33.750000	34.000000	1.012108e+05	1.392160e-04
2022	2	19	6	18
	257	14	37.250000	70.000000	9.670988e+04	8.529178e-05
	47	25	-15.250000	67.250000	9.807367e+04	1.917297e-04
	8	43	-25.000000	62.750000	9.665358e+04	2.405724e-04
	0	53	-27.000000	60.250000	9.665358e+04	1.053981e-04
	262	157	38.500000	34.250000	1.014282e+05	3.699801e-05
	242	161	33.500000	33.250000	1.013678e+05	1.723159e-04
2022	2	19	4	21
	270	8	40.500000	71.500000	9.673646e+04	1.058082e-04
	0	51	-27.000000	60.750000	9.655527e+04	1.322027e-04
	27	54	-20.250000	60.000000	9.663171e+04	9.948501e-05
	51	59	-14.250000	58.750000	9.716159e+04	1.999740e-04
2022	2	20	8	0
	271	6	40.750000	72.000000	9.675816e+04	1.224272e-04
	272	6	41.000000	72.000000	9.675816e+04	1.249473e-04
	257	16	37.250000	69.500000	9.675816e+04	9.955016e-05
	0	50	-27.000000	61.000000	9.653105e+04	1.596265e-04
	32	51	-19.000000	60.750000	9.669132e+04	9.820587e-05
	59	58	-12.250000	59.000000	9.701108e+04	1.946837e-04
	107	124	-0.250000	42.500000	1.028211e+05	6.981060e-05
	154	136	11.500000	39.500000	1.019727e+05	9.570182e-05
