2022	2	10	5	0
	8	6	-25.000000	72.000000	1.002956e+05	-4.058403e-06
	162	10	13.500000	71.000000	9.656011e+04	4.695764e-05
	148	22	10.000000	68.000000	9.655064e+04	4.149007e-04
	59	56	-12.250000	59.500000	9.872369e+04	4.332845e-04
	151	106	10.750000	47.000000	1.023423e+05	-4.779089e-05
2022	2	10	8	3
	8	7	-25.000000	71.750000	1.003632e+05	-2.063981e-05
	171	7	15.750000	71.750000	9.695402e+04	6.885426e-05
	157	22	12.250000	68.000000	9.665096e+04	3.884986e-04
	68	58	-10.000000	59.000000	9.898340e+04	4.616571e-04
	151	107	10.750000	46.750000	1.022261e+05	-4.021435e-05
	138	111	7.500000	45.750000	1.022261e+05	-4.030940e-05
	268	145	40.000000	37.250000	1.007662e+05	1.092078e-04
	36	151	-18.000000	35.750000	1.020211e+05	5.712619e-05
2022	2	10	6	6
	8	7	-25.000000	71.750000	1.003556e+05	-1.445826e-05
	172	7	16.000000	71.750000	9.720570e+04	7.704147e-05
	163	22	13.750000	68.000000	9.689430e+04	3.268250e-04
	78	59	-7.500000	58.750000	9.918019e+04	4.648123e-04
	151	107	10.750000	46.750000	1.021812e+05	-2.886761e-05
	269	143	40.250000	37.750000	1.009426e+05	7.384276e-05
2022	2	10	6	9
	176	4	17.000000	72.500000	9.732881e+04	9.991442e-05
	177	4	17.250000	72.500000	9.732881e+04	9.508037e-05
	8	7	-25.000000	71.750000	1.002723e+05	-8.927020e-06
	86	61	-5.500000	58.250000	9.961422e+04	4.743301e-04
	150	108	10.500000	46.500000	1.021910e+05	-1.697862e-05
	273	147	41.250000	36.750000	1.010752e+05	8.958341e-05
2022	2	10	10	12
	180	3	18.000000	72.750000	9.741998e+04	1.367739e-04
	41	11	-16.750000	70.750000	1.002471e+05	6.699313e-05
	22	20	-21.500000	68.500000	1.002375e+05	1.054174e-04
	24	20	-21.000000	68.500000	1.002375e+05	9.203074e-05
	188	28	20.000000	66.500000	9.760875e+04	1.416730e-04
	96	63	-3.000000	57.750000	1.001420e+05	2.744207e-04
	137	117	7.250000	44.250000	1.023409e+05	1.213214e-04
	283	140	43.750000	38.500000	1.009640e+05	-2.922099e-06
	269	146	40.250000	37.000000	1.009656e+05	3.949965e-05
	40	155	-17.000000	34.750000	1.022346e+05	3.165260e-05
2022	2	10	7	15
	183	4	18.750000	72.500000	9.746589e+04	1.527894e-04
	41	9	-16.750000	71.250000	9.998180e+04	4.677750e-05
	33	18	-18.750000	69.000000	9.998180e+04	1.051503e-04
	199	28	22.750000	66.500000	9.786012e+04	2.041232e-04
	104	66	-1.000000	57.000000	1.003954e+05	3.241775e-04
	137	117	7.250000	44.250000	1.021886e+05	9.544184e-05
	44	156	-16.000000	34.500000	1.020695e+05	6.203447e-05
2022	2	10	5	18
	187	5	19.750000	72.250000	9.757584e+04	2.139920e-04
	42	16	-16.500000	69.500000	9.975194e+04	1.777569e-04
	112	68	1.000000	56.500000	1.006179e+05	2.425266e-04
	268	146	40.000000	37.000000	1.013650e+05	4.978818e-05
	277	157	42.250000	34.250000	1.013566e+05	1.196943e-05
2022	2	10	6	21
	194	7	21.500000	71.750000	9.771870e+04	2.345014e-04
	51	13	-14.250000	70.250000	9.950941e+04	2.058071e-04
	119	71	2.750000	55.750000	1.008686e+05	2.691725e-04
	0	79	-27.000000	53.750000	1.002247e+05	1.396357e-04
	47	155	-15.250000	34.750000	1.022520e+05	7.467133e-05
	47	156	-15.250000	34.500000	1.022520e+05	9.197935e-05
2022	2	11	5	0
	220	0	28.000000	73.500000	9.781453e+04	-2.868639e-06
	198	6	22.500000	72.000000	9.781453e+04	2.182295e-04
	54	11	-13.500000	70.750000	9.924343e+04	1.935455e-04
	0	71	-27.000000	55.750000	9.971470e+04	1.599307e-04
	127	73	4.750000	55.250000	1.009428e+05	3.199474e-04
2022	2	11	4	3
	202	8	23.500000	71.500000	9.793732e+04	2.484786e-04
	54	10	-13.500000	71.000000	9.912256e+04	2.514246e-04
	0	65	-27.000000	57.250000	9.943268e+04	1.118940e-04
	133	75	6.250000	54.750000	1.010580e+05	3.039729e-04
2022	2	11	3	6
	217	0	27.250000	73.500000	9.812208e+04	-1.541055e-05
	208	9	25.000000	71.250000	9.812208e+04	2.163384e-04
	57	12	-12.750000	70.500000	9.909624e+04	3.034747e-04
2022	2	11	5	9
	221	0	28.250000	73.500000	9.839334e+04	-2.369498e-05
	214	10	26.500000	71.000000	9.839334e+04	1.967387e-04
	63	14	-11.250000	70.000000	9.925258e+04	2.939594e-04
	0	58	-27.000000	59.000000	9.904327e+04	1.064704e-04
	0	69	-27.000000	56.250000	9.904327e+04	6.002867e-05
2022	2	11	5	12
	225	3	29.250000	72.750000	9.852369e+04	-2.268741e-05
	96	10	-3.000000	71.000000	9.920620e+04	1.287413e-04
	2	56	-26.500000	59.500000	9.885788e+04	1.193041e-04
	0	67	-27.000000	56.750000	9.885788e+04	9.900502e-05
	136	118	7.000000	44.000000	1.020044e+05	7.016330e-05
2022	2	11	7	15
	227	4	29.750000	72.500000	9.864182e+04	3.820333e-05
	228	4	30.000000	72.500000	9.864182e+04	1.887123e-05
	108	10	0.000000	71.000000	9.925900e+04	1.188604e-04
	1	55	-26.750000	59.750000	9.876879e+04	1.103220e-04
	8	65	-25.000000	57.250000	9.876879e+04	1.451257e-04
	135	118	6.750000	44.000000	1.019035e+05	7.893473e-05
	94	145	-3.500000	37.250000	1.021478e+05	-1.479365e-05
2022	2	11	7	18
	233	4	31.250000	72.500000	9.869223e+04	1.157149e-05
	119	12	2.750000	70.500000	9.928099e+04	1.345656e-04
	120	12	3.000000	70.500000	9.928099e+04	1.301009e-04
	20	53	-22.000000	60.250000	9.874680e+04	1.028261e-04
	0	55	-27.000000	59.750000	9.874680e+04	9.572707e-05
	16	62	-23.000000	58.000000	9.874680e+04	9.037888e-05
	134	123	6.500000	42.750000	1.021235e+05	8.918291e-05
2022	2	11	4	21
	235	6	31.750000	72.000000	9.873749e+04	1.163267e-04
	141	17	8.250000	69.250000	9.929576e+04	1.260089e-04
	32	52	-19.000000	60.500000	9.871325e+04	1.253324e-04
	216	92	27.000000	50.500000	1.015406e+05	1.670304e-04
2022	2	12	4	0
	239	10	32.750000	71.000000	9.878789e+04	1.401956e-04
	152	19	11.000000	68.750000	9.909046e+04	1.762922e-04
	28	52	-20.000000	60.500000	9.849142e+04	1.666219e-04
	225	93	29.250000	50.250000	1.015202e+05	1.748428e-04
2022	2	12	5	3
	247	5	34.750000	72.250000	9.882914e+04	4.094261e-05
	158	19	12.500000	68.750000	9.914022e+04	1.662142e-04
	28	52	-20.000000	60.500000	9.841550e+04	2.114887e-04
	44	55	-16.000000	59.750000	9.841550e+04	8.309612e-05
	232	94	31.000000	50.000000	1.015651e+05	1.698281e-04
2022	2	12	7	6
	248	6	35.000000	72.000000	9.883781e+04	5.474594e-05
	249	15	35.250000	69.750000	9.883781e+04	8.734520e-05
	160	20	13.000000	68.500000	9.926831e+04	1.431482e-04
	27	53	-20.250000	60.250000	9.835258e+04	2.271533e-04
	50	53	-14.500000	60.250000	9.835258e+04	1.043974e-04
	0	63	-27.000000	57.750000	9.895836e+04	7.405740e-05
	240	96	33.000000	49.500000	1.016377e+05	1.620559e-04
2022	2	12	2	9
	252	16	36.000000	69.500000	9.891678e+04	9.897010e-05
	58	50	-12.500000	61.000000	9.830394e+04	1.232124e-04
2022	2	12	4	12
	194	0	21.500000	73.500000	9.896334e+04	3.795205e-05
	195	0	21.750000	73.500000	9.896334e+04	4.186140e-05
	255	17	36.750000	69.250000	9.893299e+04	1.453890e-04
	63	49	-11.250000	61.250000	9.828436e+04	1.343910e-04
2022	2	12	1	15
	68	48	-10.000000	61.500000	9.814230e+04	1.380447e-04
2022	2	12	2	18
	72	47	-9.000000	61.750000	9.814455e+04	1.573222e-04
	30	96	-19.500000	49.500000	9.998934e+04	1.504323e-04
2022	2	12	2	21
	77	47	-7.750000	61.750000	9.820988e+04	1.650478e-04
	39	95	-17.250000	49.750000	9.972883e+04	1.819419e-04
2022	2	13	3	0
	150	14	10.500000	70.000000	9.902930e+04	2.506223e-04
	88	44	-5.000000	62.500000	9.823059e+04	1.591622e-04
	48	94	-15.000000	50.000000	9.945659e+04	1.985353e-04
2022	2	13	4	3
	153	15	11.250000	69.750000	9.879030e+04	2.657916e-04
	136	33	7.000000	65.250000	9.814984e+04	2.503328e-04
	112	40	1.000000	63.500000	9.816237e+04	9.454048e-05
	60	92	-12.000000	50.500000	9.918420e+04	1.619776e-04
2022	2	13	3	6
	144	32	9.000000	65.500000	9.802255e+04	2.441354e-04
	121	40	3.250000	63.500000	9.806927e+04	1.162515e-04
	70	89	-9.500000	51.250000	9.894230e+04	1.393867e-04
2022	2	13	2	9
	150	32	10.500000	65.500000	9.807665e+04	2.405081e-04
	80	84	-7.000000	52.500000	9.884777e+04	1.502081e-04
2022	2	13	3	12
	166	13	14.500000	70.250000	9.836044e+04	3.259173e-04
	163	31	13.750000	65.750000	9.824712e+04	1.667663e-04
	88	79	-5.000000	53.750000	9.867360e+04	1.976634e-04
2022	2	13	4	15
	166	14	14.500000	70.000000	9.827681e+04	2.849825e-04
	180	21	18.000000	68.250000	9.827681e+04	-1.739379e-05
	168	32	15.000000	65.500000	9.834118e+04	1.443323e-04
	91	76	-4.250000	54.500000	9.844005e+04	1.991565e-04
2022	2	13	3	18
	171	16	15.750000	69.500000	9.830587e+04	1.986797e-04
	186	33	19.500000	65.250000	9.848243e+04	8.518790e-05
	93	74	-3.750000	55.000000	9.838725e+04	1.499645e-04
2022	2	13	3	21
	191	12	20.750000	70.500000	9.844535e+04	1.121850e-04
	212	26	26.000000	67.000000	9.849591e+04	6.947269e-05
	104	71	-1.000000	55.750000	9.843733e+04	8.167102e-05
2022	2	14	5	0
	223	10	28.750000	71.000000	9.837345e+04	1.481511e-04
	194	12	21.500000	70.500000	9.837345e+04	9.728751e-05
	195	12	21.750000	70.500000	9.837345e+04	9.392785e-05
	219	23	27.750000	67.750000	9.842834e+04	1.025315e-04
	104	71	-1.000000	55.750000	9.851630e+04	1.306065e-04
2022	2	14	3	3
	215	9	26.750000	71.250000	9.813091e+04	2.208837e-04
	234	20	31.500000	68.500000	9.816638e+04	7.469882e-05
	108	71	0.000000	55.750000	9.849576e+04	1.194377e-04
2022	2	14	3	6
	218	8	27.500000	71.500000	9.797569e+04	2.606736e-04
	115	69	1.750000	56.250000	9.847345e+04	6.928241e-05
	114	70	1.500000	56.000000	9.847345e+04	7.044596e-05
2022	2	14	4	9
	231	8	30.750000	71.500000	9.801485e+04	1.597181e-04
	232	8	31.000000	71.500000	9.801485e+04	1.604236e-04
	0	51	-27.000000	60.750000	9.807344e+04	1.039178e-04
	122	67	3.500000	56.750000	9.846365e+04	7.675360e-05
2022	2	14	5	12
	75	1	-8.250000	73.250000	1.000983e+05	9.020529e-05
	76	1	-8.000000	73.250000	1.000983e+05	8.872239e-05
	231	8	30.750000	71.500000	9.796445e+04	1.799503e-04
	0	47	-27.000000	61.750000	9.755145e+04	1.249662e-04
	130	65	5.500000	57.250000	9.840811e+04	1.783172e-04
2022	2	14	4	15
	89	0	-4.750000	73.500000	1.001239e+05	8.364944e-05
	243	13	33.750000	70.250000	9.800666e+04	1.943284e-04
	0	43	-27.000000	62.750000	9.726268e+04	1.208026e-04
	134	62	6.500000	58.000000	9.833716e+04	2.243061e-04
2022	2	14	3	18
	252	12	36.000000	70.500000	9.799286e+04	1.814476e-04
	0	40	-27.000000	63.500000	9.712592e+04	1.121105e-04
	136	61	7.000000	58.250000	9.843637e+04	2.585558e-04
2022	2	14	6	21
	256	12	37.000000	70.500000	9.803780e+04	1.825321e-04
	257	12	37.250000	70.500000	9.803780e+04	1.846674e-04
	0	38	-27.000000	64.000000	9.714872e+04	1.165290e-04
	127	53	4.750000	60.250000	9.857296e+04	9.047787e-05
	140	60	8.000000	58.500000	9.857296e+04	2.554810e-04
	141	121	8.250000	43.250000	1.010600e+05	1.207598e-04
2022	2	15	6	0
	262	12	38.500000	70.500000	9.800923e+04	2.147828e-04
	0	36	-27.000000	64.500000	9.724775e+04	1.219551e-04
	35	46	-18.250000	62.000000	9.742143e+04	1.762259e-04
	126	52	4.500000	60.500000	9.860763e+04	7.917646e-05
	144	58	9.000000	59.000000	9.860763e+04	2.687700e-04
	141	121	8.250000	43.250000	1.010264e+05	7.416777e-05
2022	2	15	7	3
	267	12	39.750000	70.500000	9.809383e+04	2.190659e-04
	268	12	40.000000	70.500000	9.809383e+04	2.166411e-04
	17	40	-22.750000	63.500000	9.727006e+04	1.795144e-04
	126	51	4.500000	60.750000	9.862304e+04	7.614763e-05
	149	55	10.250000	59.750000	9.860250e+04	3.265763e-04
	147	119	9.750000	43.750000	1.008747e+05	1.493608e-04
	147	162	9.750000	33.000000	1.015226e+05	1.782400e-05
2022	2	15	8	6
	271	11	40.750000	70.750000	9.819736e+04	1.982085e-04
	0	34	-27.000000	65.000000	9.731260e+04	3.792929e-05
	29	38	-19.750000	64.000000	9.733507e+04	1.182407e-04
	126	48	4.500000	61.500000	9.872288e+04	1.254871e-04
	153	52	11.250000	60.500000	9.862786e+04	3.195766e-04
	136	55	7.000000	59.750000	9.862786e+04	8.085491e-06
	0	86	-27.000000	52.000000	9.896462e+04	1.243103e-04
	148	119	10.000000	43.750000	1.009316e+05	1.456807e-04
2022	2	15	8	9
	275	10	41.750000	71.000000	9.831823e+04	1.885985e-04
	0	33	-27.000000	65.250000	9.721597e+04	4.331334e-05
	30	37	-19.500000	64.250000	9.726702e+04	8.840512e-05
	126	47	4.500000	61.750000	9.870427e+04	1.471022e-04
	155	51	11.750000	60.750000	9.871871e+04	2.703768e-04
	7	82	-25.250000	53.000000	9.848853e+04	2.313451e-04
	156	118	12.000000	44.000000	1.010028e+05	8.222870e-05
	155	158	11.750000	34.000000	1.017423e+05	9.356370e-05
2022	2	15	7	12
	278	11	42.500000	70.750000	9.839094e+04	2.163163e-04
	0	30	-27.000000	66.000000	9.730008e+04	8.695977e-05
	24	33	-21.000000	65.250000	9.730008e+04	1.491086e-04
	160	49	13.000000	61.250000	9.872818e+04	2.087531e-04
	15	79	-23.250000	53.750000	9.823780e+04	2.030772e-04
	156	118	12.000000	44.000000	1.011239e+05	4.960881e-05
	157	162	12.250000	33.000000	1.016938e+05	2.440257e-05
2022	2	15	5	15
	283	10	43.750000	71.000000	9.848564e+04	2.319502e-04
	0	38	-27.000000	64.000000	9.730137e+04	-8.171792e-06
	30	75	-19.500000	54.750000	9.789752e+04	2.404739e-04
	156	118	12.000000	44.000000	1.011447e+05	4.739936e-05
	162	162	13.500000	33.000000	1.015969e+05	-1.611805e-05
2022	2	15	5	18
	284	10	44.000000	71.000000	9.860506e+04	2.307405e-04
	0	39	-27.000000	63.750000	9.727456e+04	1.939583e-05
	108	54	0.000000	60.000000	9.816654e+04	1.558677e-04
	40	72	-17.000000	55.500000	9.770474e+04	2.362553e-04
	165	162	14.250000	33.000000	1.016357e+05	-3.785110e-05
2022	2	15	3	21
	284	10	44.000000	71.000000	9.871662e+04	2.176830e-04
	114	53	1.500000	60.250000	9.809736e+04	1.548704e-04
	53	70	-13.750000	56.000000	9.760009e+04	2.599961e-04
2022	2	16	3	0
	119	53	2.750000	60.250000	9.801293e+04	1.862034e-04
	65	68	-10.750000	56.500000	9.730666e+04	3.069463e-04
	172	122	16.000000	43.000000	1.014398e+05	5.573262e-05
2022	2	16	3	3
	123	52	3.750000	60.500000	9.794744e+04	1.957905e-04
	78	67	-7.500000	56.750000	9.729093e+04	3.230754e-04
	173	122	16.250000	43.000000	1.014197e+05	7.520099e-05
2022	2	16	1	6
	98	67	-2.500000	56.750000	9.753443e+04	2.063989e-04
2022	2	16	4	9
	288	10	45.000000	71.000000	9.894166e+04	1.042519e-04
	48	65	-15.000000	57.250000	9.753540e+04	1.105288e-04
	110	66	0.500000	57.000000	9.749896e+04	2.476615e-04
	180	138	18.000000	39.000000	1.014550e+05	1.565784e-04
2022	2	16	4	12
	61	54	-11.750000	60.000000	9.708387e+04	8.059519e-05
	64	64	-11.000000	57.500000	9.708387e+04	1.752205e-04
	116	65	2.000000	57.250000	9.741084e+04	2.367090e-04
	181	138	18.250000	39.000000	1.013091e+05	1.429354e-04
2022	2	16	6	15
	288	10	45.000000	71.000000	9.897906e+04	1.087320e-04
	122	64	3.500000	57.500000	9.719495e+04	2.067101e-04
	123	64	3.750000	57.500000	9.719495e+04	2.161967e-04
	80	65	-7.000000	57.250000	9.681950e+04	3.017441e-04
	135	119	6.750000	43.750000	1.013545e+05	1.233431e-04
	184	137	19.000000	39.250000	1.010725e+05	1.685548e-04
2022	2	16	4	18
	288	10	45.000000	71.000000	9.895434e+04	1.097480e-04
	124	63	4.000000	57.750000	9.699382e+04	1.513627e-04
	94	66	-3.500000	57.000000	9.680682e+04	2.761940e-04
	185	136	19.250000	39.500000	1.010619e+05	1.796424e-04
2022	2	16	4	21
	288	10	45.000000	71.000000	9.892658e+04	1.058634e-04
	134	64	6.500000	57.500000	9.676460e+04	1.743456e-04
	137	116	7.250000	44.500000	1.011552e+05	4.973393e-05
	184	135	19.000000	39.750000	1.011266e+05	1.602223e-04
2022	2	17	3	0
	288	10	45.000000	71.000000	9.899431e+04	1.076392e-04
	155	67	11.750000	56.750000	9.622480e+04	2.896904e-04
	184	135	19.000000	39.750000	1.012329e+05	1.036456e-04
2022	2	17	3	3
	129	39	5.250000	63.750000	9.730088e+04	5.682108e-05
	166	67	14.500000	56.750000	9.605593e+04	3.273908e-04
	138	117	7.500000	44.250000	1.008275e+05	9.308785e-05
2022	2	17	2	6
	129	39	5.250000	63.750000	9.733219e+04	6.662135e-05
	182	65	18.500000	57.250000	9.596701e+04	2.317722e-04
2022	2	17	3	9
	132	38	6.000000	64.000000	9.741148e+04	9.101179e-05
	192	63	21.000000	57.750000	9.595433e+04	2.023341e-04
	6	106	-25.500000	47.000000	1.005518e+05	1.922438e-04
2022	2	17	4	12
	129	39	5.250000	63.750000	9.748901e+04	1.022321e-04
	200	60	23.000000	58.500000	9.603218e+04	1.951444e-04
	14	100	-23.500000	48.500000	1.003516e+05	2.200522e-04
	25	107	-20.750000	46.750000	1.003516e+05	1.578078e-04
2022	2	17	4	15
	137	38	7.250000	64.000000	9.756895e+04	8.831792e-05
	207	55	24.750000	59.750000	9.611420e+04	1.297248e-04
	22	96	-21.500000	49.500000	9.963155e+04	2.304926e-04
	33	100	-18.750000	48.500000	9.963155e+04	1.680900e-04
2022	2	17	4	18
	144	38	9.000000	64.000000	9.765867e+04	6.421116e-05
	212	53	26.000000	60.250000	9.615369e+04	1.334894e-04
	28	93	-20.000000	50.250000	9.893444e+04	2.713766e-04
	41	94	-16.750000	50.000000	9.893444e+04	2.578098e-04
2022	2	17	3	21
	144	38	9.000000	64.000000	9.771919e+04	7.824848e-05
	216	49	27.000000	61.250000	9.622576e+04	1.144722e-04
	44	89	-16.000000	51.250000	9.814102e+04	3.292281e-04
2022	2	18	2	0
	220	45	28.000000	62.250000	9.627295e+04	1.190165e-04
	48	88	-15.000000	51.500000	9.763443e+04	5.497339e-04
2022	2	18	3	3
	223	43	28.750000	62.750000	9.630088e+04	1.099981e-04
	58	87	-12.500000	51.750000	9.740056e+04	6.192820e-04
	264	162	39.000000	33.000000	1.009781e+05	1.138372e-05
2022	2	18	4	6
	225	40	29.250000	63.500000	9.636749e+04	1.412009e-04
	78	75	-7.500000	54.750000	9.751453e+04	2.288944e-04
	71	87	-9.250000	51.750000	9.748130e+04	5.109037e-04
	138	117	7.500000	44.250000	1.012980e+05	7.853765e-05
2022	2	18	5	9
	228	37	30.000000	64.250000	9.645241e+04	1.315692e-04
	94	71	-3.500000	55.750000	9.756862e+04	2.440090e-04
	95	71	-3.250000	55.750000	9.756862e+04	2.422018e-04
	87	84	-5.250000	52.500000	9.759575e+04	3.119902e-04
	271	157	40.750000	34.250000	1.010357e+05	9.873000e-05
2022	2	18	5	12
	136	25	7.000000	67.250000	9.794118e+04	7.639601e-05
	229	35	30.250000	64.750000	9.656139e+04	1.257381e-04
	230	35	30.500000	64.750000	9.656139e+04	1.255250e-04
	101	68	-1.750000	56.500000	9.713058e+04	2.857180e-04
	103	81	-1.250000	53.250000	9.720939e+04	2.471519e-04
2022	2	18	5	15
	135	26	6.750000	67.000000	9.784695e+04	7.309354e-05
	230	33	30.500000	65.250000	9.668531e+04	1.164519e-04
	125	66	4.250000	57.000000	9.695626e+04	2.728557e-04
	105	68	-0.750000	56.500000	9.695626e+04	2.901729e-04
	117	74	2.250000	55.000000	9.695626e+04	8.632105e-05
2022	2	18	6	18
	132	27	6.000000	66.750000	9.775225e+04	7.838401e-05
	235	31	31.750000	65.750000	9.674454e+04	1.183657e-04
	0	58	-27.000000	59.000000	9.879094e+04	3.566625e-05
	128	65	5.000000	57.250000	9.669927e+04	3.224742e-04
	109	126	0.250000	42.000000	1.012450e+05	1.714319e-05
	243	141	33.750000	38.250000	1.008275e+05	4.273576e-05
2022	2	18	5	21
	132	27	6.000000	66.750000	9.774535e+04	8.071389e-05
	240	29	33.000000	66.250000	9.684294e+04	1.467889e-04
	0	54	-27.000000	60.000000	9.832689e+04	1.230214e-04
	150	65	10.500000	57.250000	9.690762e+04	1.274705e-04
	130	67	5.500000	56.750000	9.690762e+04	3.113898e-04
2022	2	19	5	0
	150	28	10.500000	66.500000	9.775402e+04	5.202168e-05
	241	28	33.250000	66.500000	9.688370e+04	1.311337e-04
	0	50	-27.000000	61.000000	9.819270e+04	9.440229e-05
	152	63	11.000000	57.750000	9.707616e+04	1.556824e-04
	138	111	7.500000	45.750000	1.009327e+05	9.499290e-07
2022	2	19	9	3
	257	19	37.250000	68.750000	9.693266e+04	1.580742e-04
	241	27	33.250000	66.750000	9.693266e+04	1.378673e-04
	145	28	9.250000	66.500000	9.773716e+04	3.073574e-05
	143	29	8.750000	66.250000	9.773716e+04	1.809351e-05
	147	29	9.750000	66.250000	9.773716e+04	4.136713e-05
	13	52	-23.750000	60.500000	9.828243e+04	1.578305e-04
	184	62	19.000000	58.000000	9.695545e+04	2.057753e-04
	137	117	7.250000	44.250000	1.012032e+05	1.272723e-04
	236	153	32.000000	35.250000	1.007600e+05	1.397071e-04
2022	2	19	7	6
	258	18	37.500000	69.000000	9.702977e+04	1.670383e-04
	241	27	33.250000	66.750000	9.702977e+04	1.463764e-04
	148	29	10.000000	66.250000	9.778050e+04	1.408882e-05
	20	51	-22.000000	60.750000	9.835370e+04	1.706882e-04
	190	62	20.500000	58.000000	9.699045e+04	1.589142e-04
	137	118	7.250000	44.000000	1.012235e+05	1.074248e-04
	234	156	31.500000	34.500000	1.009393e+05	1.501702e-04
2022	2	19	6	9
	258	17	37.500000	69.250000	9.714454e+04	1.557502e-04
	242	27	33.500000	66.750000	9.714454e+04	9.679222e-05
	147	29	9.750000	66.250000	9.793138e+04	4.932114e-05
	24	49	-21.000000	61.250000	9.830202e+04	1.594368e-04
	194	62	21.500000	58.000000	9.718531e+04	2.135301e-04
	136	118	7.000000	44.000000	1.013523e+05	1.360558e-04
2022	2	19	7	12
	258	18	37.500000	69.000000	9.718274e+04	1.671516e-04
	145	30	9.250000	66.000000	9.802497e+04	1.010661e-04
	216	59	27.000000	58.750000	9.752673e+04	1.698243e-04
	0	63	-27.000000	57.750000	9.748981e+04	1.165029e-04
	92	80	-4.000000	53.500000	9.992658e+04	2.050068e-04
	136	118	7.000000	44.000000	1.012868e+05	1.262495e-04
	96	145	-3.000000	37.250000	1.015617e+05	4.673509e-05
2022	2	19	8	15
	278	10	42.500000	71.000000	9.735594e+04	1.001151e-04
	258	18	37.500000	69.000000	9.735594e+04	1.393833e-04
	152	30	11.000000	66.000000	9.809591e+04	1.378356e-04
	228	56	30.000000	59.500000	9.768339e+04	1.640446e-04
	0	59	-27.000000	58.750000	9.662961e+04	1.427664e-04
	212	62	26.000000	58.000000	9.768339e+04	1.651086e-04
	106	82	-0.500000	53.000000	9.999416e+04	2.688130e-04
	135	118	6.750000	44.000000	1.012739e+05	1.255724e-04
2022	2	19	9	18
	278	9	42.500000	71.250000	9.750827e+04	1.109921e-04
	262	19	38.500000	68.750000	9.750827e+04	1.061622e-04
	154	29	11.500000	66.250000	9.819640e+04	1.312841e-04
	153	30	11.250000	66.000000	9.819640e+04	1.300412e-04
	238	53	32.500000	60.250000	9.777777e+04	1.310367e-04
	0	55	-27.000000	59.750000	9.593362e+04	1.010068e-04
	119	82	2.750000	53.000000	9.993749e+04	2.859713e-04
	271	149	40.750000	36.250000	1.007948e+05	-3.114670e-05
	281	162	43.250000	33.000000	1.007131e+05	1.304661e-04
2022	2	19	9	21
	278	9	42.500000	71.250000	9.766975e+04	1.141627e-04
	278	10	42.500000	71.000000	9.766975e+04	1.036362e-04
	268	19	40.000000	68.750000	9.766975e+04	8.040132e-05
	156	29	12.000000	66.250000	9.826654e+04	1.344906e-04
	245	51	34.250000	60.750000	9.786509e+04	1.070624e-04
	0	53	-27.000000	60.250000	9.556010e+04	1.407829e-04
	127	82	4.750000	53.000000	1.000903e+05	1.779036e-04
	272	146	41.000000	37.000000	1.009778e+05	-3.305888e-05
	278	162	42.500000	33.000000	1.007415e+05	8.031511e-05
2022	2	20	5	0
	274	19	41.500000	68.750000	9.777473e+04	5.299225e-05
	156	29	12.000000	66.250000	9.836494e+04	1.115434e-04
	254	49	36.500000	61.250000	9.792849e+04	1.065328e-04
	4	51	-26.000000	60.750000	9.535770e+04	3.020930e-04
	282	162	43.500000	33.000000	1.006606e+05	6.654277e-05
2022	2	20	9	3
	281	10	43.250000	71.000000	9.789848e+04	1.160404e-04
	156	29	12.000000	66.250000	9.836381e+04	6.690555e-05
	261	47	38.250000	61.750000	9.793523e+04	9.125088e-05
	11	49	-24.250000	61.250000	9.524646e+04	3.133140e-04
	173	125	16.250000	42.250000	1.015197e+05	4.740935e-05
	173	126	16.250000	42.000000	1.015197e+05	5.485681e-05
	71	161	-9.250000	33.250000	1.020836e+05	4.282092e-05
	86	161	-5.500000	33.250000	1.020836e+05	8.701139e-06
	85	162	-5.750000	33.000000	1.020836e+05	-2.424673e-06
2022	2	20	3	6
	281	10	43.250000	71.000000	9.798468e+04	1.149105e-04
	266	45	39.500000	62.250000	9.797890e+04	9.078116e-05
	14	48	-23.500000	61.500000	9.526540e+04	3.384856e-04
2022	2	20	7	9
	285	15	44.250000	69.750000	9.815402e+04	3.328510e-05
	272	43	41.000000	62.750000	9.805578e+04	8.800415e-05
	0	47	-27.000000	61.750000	9.649623e+04	1.400724e-04
	36	49	-18.000000	61.250000	9.529156e+04	3.248395e-04
	268	145	40.000000	37.250000	1.011388e+05	1.149520e-05
	281	146	43.250000	37.000000	1.009523e+05	-2.584518e-05
	285	160	44.250000	33.500000	1.008357e+05	7.861761e-05
2022	2	20	6	12
	277	43	42.250000	62.750000	9.812191e+04	1.033696e-04
	0	46	-27.000000	62.000000	9.745145e+04	4.771126e-05
	47	48	-15.250000	61.500000	9.535063e+04	3.561525e-04
	278	144	42.500000	37.500000	1.010234e+05	2.227527e-05
	277	145	42.250000	37.250000	1.009959e+05	2.649431e-05
	287	161	44.750000	33.250000	1.007322e+05	4.060844e-05
2022	2	20	3	15
	0	44	-27.000000	62.500000	9.823155e+04	1.940771e-05
	52	48	-14.000000	61.500000	9.549445e+04	3.143313e-04
	275	146	41.750000	37.000000	1.011044e+05	4.845159e-05
2022	2	20	2	18
	56	50	-13.000000	61.000000	9.591934e+04	2.140437e-04
	274	147	41.500000	36.750000	1.012369e+05	4.831157e-05
2022	2	20	2	21
	92	45	-4.000000	62.250000	9.648162e+04	2.039425e-04
	70	52	-9.500000	60.500000	9.646589e+04	1.519022e-04
2022	2	21	3	0
	122	46	3.500000	62.000000	9.685305e+04	1.756292e-04
	78	60	-7.500000	58.500000	9.695000e+04	1.864965e-04
	146	61	9.500000	58.250000	9.698948e+04	1.037894e-04
2022	2	21	2	3
	124	46	4.000000	62.000000	9.708884e+04	1.537419e-04
	160	62	13.000000	58.000000	9.659944e+04	2.382861e-04
2022	2	21	1	6
	167	61	14.750000	58.250000	9.633475e+04	2.384072e-04
2022	2	21	2	9
	172	59	16.000000	58.750000	9.628130e+04	2.625792e-04
	0	63	-27.000000	57.750000	9.866333e+04	1.149287e-04
2022	2	21	3	12
	0	56	-27.000000	59.500000	9.739141e+04	1.307691e-04
	174	59	16.500000	58.750000	9.645256e+04	2.367804e-04
	154	111	11.500000	45.750000	1.003686e+05	1.233390e-04
2022	2	21	3	15
	0	50	-27.000000	61.000000	9.597985e+04	1.644705e-04
	176	60	17.000000	58.500000	9.666749e+04	2.659076e-04
	153	113	11.250000	45.250000	1.002330e+05	1.242024e-04
2022	2	21	4	18
	288	23	45.000000	67.750000	9.927730e+04	3.341512e-05
	0	44	-27.000000	62.500000	9.489702e+04	1.395708e-04
	180	62	18.000000	58.000000	9.698756e+04	3.180803e-04
	167	125	14.750000	42.250000	1.003211e+05	8.632372e-06
2022	2	21	4	21
	287	24	44.750000	67.500000	9.941020e+04	3.423513e-05
	0	41	-27.000000	63.250000	9.462158e+04	2.297223e-04
	186	64	19.500000	57.500000	9.729286e+04	2.670772e-04
	174	124	16.500000	42.500000	1.002234e+05	1.217100e-04
2022	2	22	7	0
	286	24	44.500000	67.500000	9.947553e+04	4.561197e-05
	287	24	44.750000	67.500000	9.947553e+04	3.354888e-05
	3	39	-26.250000	63.750000	9.473377e+04	3.732983e-04
	24	40	-21.000000	63.500000	9.473377e+04	3.560547e-04
	197	57	22.250000	59.250000	9.772304e+04	1.122356e-04
	194	65	21.500000	57.250000	9.772304e+04	2.037614e-04
	175	124	16.750000	42.500000	1.001710e+05	8.391764e-05
2022	2	22	4	3
	23	35	-21.250000	64.750000	9.480231e+04	3.637444e-04
	202	65	23.500000	57.250000	9.795546e+04	1.889452e-04
	175	125	16.750000	42.250000	1.000855e+05	1.401182e-04
	175	136	16.750000	39.500000	1.000855e+05	9.056118e-05
2022	2	22	4	6
	22	33	-21.500000	65.250000	9.497470e+04	4.127111e-04
	213	56	26.250000	59.500000	9.821919e+04	3.835228e-05
	212	64	26.000000	57.500000	9.821919e+04	1.762570e-04
	177	127	17.250000	41.750000	1.001722e+05	1.092550e-04
2022	2	22	4	9
	23	31	-21.250000	65.750000	9.524887e+04	3.324545e-04
	217	57	27.250000	59.250000	9.843219e+04	1.463802e-05
	218	57	27.500000	59.250000	9.843219e+04	1.103100e-05
	183	137	18.750000	39.250000	1.002786e+05	1.057626e-04
2022	2	22	5	12
	235	0	31.750000	73.500000	9.960523e+04	7.143830e-05
	5	7	-25.750000	71.750000	9.845579e+04	-6.633356e-05
	7	33	-25.250000	65.250000	9.536845e+04	5.021449e-04
	232	53	31.000000	60.250000	9.857906e+04	5.625518e-05
	198	136	22.500000	39.500000	1.002293e+05	1.263033e-05
2022	2	22	7	15
	243	0	33.750000	73.500000	9.955788e+04	3.744851e-05
	5	7	-25.750000	71.750000	9.833074e+04	-8.435040e-05
	5	32	-25.750000	65.500000	9.552190e+04	5.356373e-04
	239	52	32.750000	60.500000	9.871823e+04	7.914626e-05
	288	54	45.000000	60.000000	9.904969e+04	1.527864e-04
	185	139	19.250000	38.750000	1.002714e+05	1.126956e-04
	201	139	23.250000	38.750000	1.002415e+05	6.246804e-05
2022	2	22	7	18
	247	0	34.750000	73.500000	9.954198e+04	6.805765e-05
	5	7	-25.750000	71.750000	9.823957e+04	-7.498576e-05
	0	32	-27.000000	65.500000	9.558948e+04	2.703188e-04
	245	52	34.250000	60.500000	9.880844e+04	5.549982e-05
	140	63	8.000000	57.750000	9.957505e+04	1.889683e-04
	205	140	24.250000	38.500000	1.004214e+05	6.568052e-05
	186	142	19.500000	38.000000	1.004181e+05	1.199327e-04
2022	2	22	9	21
	251	0	35.750000	73.500000	9.951422e+04	5.306802e-05
	5	7	-25.750000	71.750000	9.843829e+04	-4.418734e-05
	0	31	-27.000000	65.750000	9.598402e+04	2.307819e-04
	286	49	44.500000	61.250000	9.890731e+04	9.078048e-05
	254	51	36.500000	60.750000	9.891823e+04	4.064380e-05
	148	63	10.000000	57.750000	9.967457e+04	1.836680e-04
	206	141	24.500000	38.250000	1.005885e+05	7.755023e-05
	188	146	20.000000	37.000000	1.005908e+05	9.887204e-05
	199	147	22.750000	36.750000	1.005885e+05	2.834229e-05
