2022	2	16	4	0
	55	39	-13.250000	63.750000	9.736606e+04	3.420891e-04
	119	53	2.750000	60.250000	9.808106e+04	1.712070e-04
	66	67	-10.500000	56.750000	9.732249e+04	3.003513e-04
	173	122	16.250000	43.000000	1.014518e+05	5.156688e-05
2022	2	16	5	3
	49	37	-14.750000	64.250000	9.738525e+04	3.466486e-04
	122	52	3.500000	60.500000	9.800305e+04	1.680427e-04
	76	67	-8.000000	56.750000	9.733177e+04	2.724275e-04
	280	121	43.000000	43.250000	1.021664e+05	3.031960e-05
	174	123	16.500000	42.750000	1.014099e+05	5.438333e-05
2022	2	16	1	6
	99	68	-2.250000	56.500000	9.759915e+04	2.257398e-04
2022	2	16	5	9
	116	34	2.000000	65.000000	9.781982e+04	1.938636e-04
	44	61	-16.000000	58.250000	9.732705e+04	6.923742e-05
	109	66	0.250000	57.000000	9.754426e+04	2.404953e-04
	54	69	-13.500000	56.250000	9.732705e+04	1.775856e-04
	202	125	23.500000	42.250000	1.015865e+05	-6.897521e-05
2022	2	16	5	12
	53	61	-13.750000	58.250000	9.670343e+04	6.968003e-05
	67	66	-10.250000	57.000000	9.670343e+04	2.623672e-04
	122	67	3.500000	56.750000	9.738446e+04	2.255859e-04
	178	132	17.500000	40.500000	1.012333e+05	3.228951e-05
	184	139	19.000000	38.750000	1.012333e+05	1.735370e-04
2022	2	16	4	15
	79	64	-7.250000	57.500000	9.643275e+04	3.340446e-04
	132	67	6.000000	56.750000	9.730645e+04	2.386418e-04
	137	116	7.250000	44.500000	1.011595e+05	5.451846e-05
	185	136	19.250000	39.500000	1.010844e+05	1.388694e-04
2022	2	16	5	18
	288	10	45.000000	71.000000	9.896750e+04	1.019739e-04
	0	34	-27.000000	65.000000	9.814272e+04	3.062230e-05
	94	64	-3.500000	57.500000	9.656266e+04	3.162058e-04
	113	67	1.250000	56.750000	9.656266e+04	2.545371e-04
	281	121	43.250000	43.250000	1.021433e+05	-2.351429e-05
2022	2	16	5	21
	288	9	45.000000	71.250000	9.892441e+04	1.101146e-04
	111	66	0.750000	57.000000	9.647789e+04	2.714660e-04
	128	66	5.000000	57.000000	9.647789e+04	2.981443e-04
	137	117	7.250000	44.250000	1.011845e+05	6.508378e-05
	185	135	19.250000	39.750000	1.012572e+05	9.665372e-05
2022	2	17	4	0
	283	9	43.750000	71.250000	9.895319e+04	2.134599e-04
	284	9	44.000000	71.250000	9.895319e+04	2.042294e-04
	155	65	11.750000	57.250000	9.639516e+04	2.221345e-04
	137	66	7.250000	57.000000	9.639516e+04	2.780466e-04
2022	2	17	5	3
	281	10	43.250000	71.000000	9.897678e+04	2.005950e-04
	122	37	3.500000	64.250000	9.721397e+04	1.149746e-04
	193	59	21.250000	58.750000	9.634059e+04	1.975945e-04
	150	109	10.500000	46.250000	1.001657e+05	3.756131e-05
	138	117	7.500000	44.250000	1.008005e+05	8.889065e-05
2022	2	17	3	6
	282	11	43.500000	70.750000	9.901248e+04	1.987406e-04
	122	37	3.500000	64.250000	9.727783e+04	1.160158e-04
	195	57	21.750000	59.250000	9.604788e+04	2.242563e-04
2022	2	17	3	9
	282	12	43.500000	70.500000	9.911094e+04	1.626360e-04
	122	37	3.500000	64.250000	9.736842e+04	1.176658e-04
	198	56	22.500000	59.500000	9.593920e+04	2.353091e-04
2022	2	17	2	12
	121	37	3.250000	64.250000	9.747443e+04	1.211106e-04
	209	54	25.250000	60.000000	9.588478e+04	1.786163e-04
2022	2	17	2	15
	120	37	3.000000	64.250000	9.753781e+04	1.169048e-04
	211	51	25.750000	60.750000	9.594707e+04	2.136877e-04
2022	2	17	2	18
	119	37	2.750000	64.250000	9.753938e+04	1.089351e-04
	214	48	26.500000	61.500000	9.599818e+04	1.739080e-04
2022	2	17	2	21
	118	39	2.500000	63.750000	9.752680e+04	1.070368e-04
	215	44	26.750000	62.500000	9.594927e+04	1.839127e-04
2022	2	18	4	0
	119	40	2.750000	63.500000	9.755149e+04	1.556455e-04
	216	42	27.000000	63.000000	9.591687e+04	1.740187e-04
	40	48	-17.000000	61.500000	9.863139e+04	1.381853e-04
	139	117	7.750000	44.250000	1.013816e+05	9.011845e-05
2022	2	18	4	3
	130	35	5.500000	64.750000	9.747097e+04	4.945930e-05
	216	40	27.000000	63.500000	9.587723e+04	1.539479e-04
	119	42	2.750000	63.000000	9.747097e+04	1.417765e-04
	39	48	-17.250000	61.500000	9.861298e+04	1.285021e-04
2022	2	18	4	6
	217	39	27.250000	63.750000	9.585726e+04	1.388818e-04
	123	43	3.750000	62.750000	9.737912e+04	1.242519e-04
	124	43	4.000000	62.750000	9.737912e+04	1.267273e-04
	140	69	8.000000	56.250000	9.804457e+04	2.572454e-04
2022	2	18	4	9
	143	36	8.750000	64.500000	9.732910e+04	3.744406e-05
	221	37	28.250000	64.250000	9.590948e+04	1.325307e-04
	152	68	11.000000	56.500000	9.773488e+04	2.827768e-04
	69	80	-9.750000	53.500000	9.976507e+04	1.731069e-04
2022	2	18	4	12
	143	35	8.750000	64.750000	9.738352e+04	8.396013e-05
	228	35	30.000000	64.750000	9.598576e+04	1.694252e-04
	164	68	14.000000	56.500000	9.766348e+04	3.088829e-04
	76	79	-8.000000	53.750000	9.985063e+04	1.771123e-04
2022	2	18	4	15
	288	20	45.000000	68.500000	9.750997e+04	-2.489534e-05
	231	33	30.750000	65.250000	9.601895e+04	1.504560e-04
	184	66	19.000000	57.000000	9.756030e+04	2.246469e-04
	275	117	41.750000	44.250000	1.005980e+05	-8.257223e-05
2022	2	18	3	18
	233	31	31.250000	65.750000	9.602413e+04	1.378767e-04
	199	65	22.750000	57.250000	9.755275e+04	1.659712e-04
	282	121	43.500000	43.250000	1.008767e+05	4.242835e-05
2022	2	18	5	21
	235	30	31.750000	66.000000	9.604096e+04	1.457263e-04
	1	56	-26.750000	59.500000	9.814727e+04	1.774094e-04
	282	121	43.500000	43.250000	1.010512e+05	3.917125e-05
	108	126	0.000000	42.000000	1.012426e+05	7.427603e-05
	109	136	0.250000	39.500000	1.012426e+05	5.611801e-05
2022	2	19	3	0
	241	29	33.250000	66.250000	9.601769e+04	1.771100e-04
	6	55	-25.500000	59.750000	9.803639e+04	2.345431e-04
	111	136	0.750000	39.500000	1.012839e+05	6.571598e-05
2022	2	19	3	3
	246	27	34.500000	66.750000	9.601784e+04	2.536821e-04
	20	54	-22.000000	60.000000	9.800227e+04	2.409063e-04
	137	117	7.250000	44.250000	1.012250e+05	1.176066e-04
2022	2	19	6	6
	249	24	35.250000	67.500000	9.607887e+04	2.144346e-04
	129	38	5.250000	64.000000	9.775407e+04	1.914734e-04
	20	53	-22.000000	60.250000	9.794895e+04	2.594655e-04
	41	56	-16.750000	59.500000	9.794895e+04	1.715889e-04
	134	118	6.500000	44.000000	1.012360e+05	1.227352e-04
	113	138	1.250000	39.000000	1.013192e+05	1.000625e-04
2022	2	19	5	9
	251	22	35.750000	68.000000	9.623961e+04	1.894526e-04
	135	37	6.750000	64.250000	9.790459e+04	1.093882e-04
	20	53	-22.000000	60.250000	9.800714e+04	2.647904e-04
	43	54	-16.250000	60.000000	9.800714e+04	1.639057e-04
	136	117	7.000000	44.250000	1.014140e+05	1.178906e-04
2022	2	19	5	12
	255	21	36.750000	68.250000	9.635159e+04	1.737815e-04
	0	53	-27.000000	60.250000	9.820736e+04	5.459342e-05
	20	53	-22.000000	60.250000	9.813045e+04	2.310429e-04
	0	68	-27.000000	56.500000	9.824165e+04	1.242178e-04
	265	162	39.250000	33.000000	1.014941e+05	7.171368e-05
2022	2	19	3	15
	260	18	38.000000	69.000000	9.645493e+04	1.778586e-04
	4	51	-26.000000	60.750000	9.740994e+04	8.866678e-05
	0	64	-27.000000	57.500000	9.732297e+04	1.412262e-04
2022	2	19	5	18
	262	17	38.500000	69.250000	9.645634e+04	2.358113e-04
	57	23	-12.750000	67.750000	9.851264e+04	1.797840e-04
	0	61	-27.000000	58.250000	9.639045e+04	1.674539e-04
	134	119	6.500000	43.750000	1.015090e+05	8.608741e-05
	148	124	10.000000	42.500000	1.015090e+05	3.552897e-05
2022	2	19	5	21
	262	17	38.500000	69.250000	9.644659e+04	2.250694e-04
	55	23	-13.250000	67.750000	9.839138e+04	2.298284e-04
	0	58	-27.000000	59.000000	9.578743e+04	9.828448e-05
	119	68	2.750000	56.500000	9.902664e+04	1.632414e-04
	149	126	10.250000	42.000000	1.016874e+05	3.032859e-05
2022	2	20	6	0
	267	17	39.750000	69.250000	9.647648e+04	2.198016e-04
	52	23	-14.000000	67.750000	9.831698e+04	2.147824e-04
	13	56	-23.750000	59.500000	9.552272e+04	2.163768e-04
	131	68	5.750000	56.500000	9.897961e+04	1.441609e-04
	152	106	11.000000	47.000000	1.017632e+05	-1.020113e-04
	150	125	10.500000	42.250000	1.017250e+05	5.405612e-05
