2022	2	14	5	0
	6	6	-25.500000	72.000000	9.976003e+04	-4.068942e-05
	217	10	27.250000	71.000000	9.837200e+04	1.291219e-04
	6	14	-25.500000	70.000000	9.976003e+04	3.706922e-05
	115	62	1.750000	58.000000	9.849303e+04	9.439264e-05
	105	71	-0.750000	55.750000	9.849303e+04	8.873910e-05
2022	2	14	3	3
	219	8	27.750000	71.500000	9.806540e+04	1.944170e-04
	124	61	4.000000	58.250000	9.850536e+04	1.401059e-04
	108	71	0.000000	55.750000	9.849971e+04	1.023195e-04
2022	2	14	2	6
	214	10	26.500000	71.000000	9.788838e+04	3.190885e-04
	117	69	2.250000	56.250000	9.853789e+04	8.272649e-05
2022	2	14	3	9
	224	8	29.000000	71.500000	9.790088e+04	2.479609e-04
	0	52	-27.000000	60.500000	9.792040e+04	1.250334e-04
	123	68	3.750000	56.500000	9.860226e+04	1.151306e-04
2022	2	14	3	12
	225	9	29.250000	71.250000	9.787605e+04	1.901951e-04
	0	48	-27.000000	61.500000	9.752323e+04	1.498904e-04
	131	65	5.750000	57.250000	9.855877e+04	1.473369e-04
2022	2	14	4	15
	6	7	-25.500000	71.750000	9.981927e+04	4.591832e-05
	241	12	33.250000	70.500000	9.786818e+04	1.829507e-04
	3	45	-26.250000	62.250000	9.714575e+04	1.993709e-04
	136	63	7.000000	57.750000	9.851512e+04	1.953863e-04
2022	2	14	4	18
	247	12	34.750000	70.500000	9.785894e+04	1.841013e-04
	288	12	45.000000	70.500000	9.900062e+04	6.639092e-05
	0	41	-27.000000	63.250000	9.691892e+04	1.295356e-04
	141	61	8.250000	58.250000	9.862348e+04	2.403264e-04
2022	2	14	10	21
	248	4	35.000000	72.500000	9.788992e+04	1.186093e-04
	249	4	35.250000	72.500000	9.788992e+04	1.183805e-04
	250	4	35.500000	72.500000	9.788992e+04	1.192127e-04
	6	7	-25.500000	71.750000	9.970388e+04	2.728537e-05
	254	12	36.500000	70.500000	9.788992e+04	1.923213e-04
	0	37	-27.000000	64.250000	9.693193e+04	1.437728e-04
	27	39	-20.250000	63.750000	9.693193e+04	4.007312e-05
	127	54	4.750000	60.000000	9.855261e+04	9.287336e-05
	148	57	10.000000	59.250000	9.855261e+04	3.516538e-04
	138	120	7.500000	43.500000	1.011160e+05	1.369691e-04
2022	2	15	8	0
	239	6	32.750000	72.000000	9.789489e+04	9.581434e-05
	6	7	-25.500000	71.750000	9.966330e+04	5.224634e-05
	263	11	38.750000	70.750000	9.789489e+04	1.991630e-04
	0	38	-27.000000	64.000000	9.724094e+04	7.993629e-05
	27	39	-20.250000	63.750000	9.724094e+04	5.594130e-05
	125	52	4.250000	60.500000	9.846633e+04	1.249103e-04
	151	53	10.750000	60.250000	9.838502e+04	4.447988e-04
	146	116	9.500000	44.500000	1.010977e+05	1.367933e-04
2022	2	15	8	3
	240	9	33.000000	71.250000	9.793221e+04	2.366105e-04
	265	10	39.250000	71.000000	9.793221e+04	2.099829e-04
	24	35	-21.000000	64.750000	9.725891e+04	1.483530e-05
	152	51	11.000000	60.750000	9.833143e+04	4.038858e-04
	125	52	4.250000	60.500000	9.844596e+04	1.380807e-04
	137	58	7.250000	59.000000	9.833143e+04	4.017549e-05
	171	103	15.750000	47.750000	1.009889e+05	5.989042e-05
	151	116	10.750000	44.500000	1.010070e+05	1.243954e-04
2022	2	15	7	6
	267	10	39.750000	71.000000	9.799709e+04	2.129469e-04
	24	35	-21.000000	64.750000	9.719848e+04	1.090300e-04
	153	50	11.250000	61.000000	9.838655e+04	2.970226e-04
	126	52	4.500000	60.500000	9.845058e+04	1.025332e-04
	139	57	7.750000	59.250000	9.838655e+04	2.379961e-05
	0	87	-27.000000	51.750000	9.913449e+04	1.169380e-04
	154	115	11.500000	44.750000	1.010731e+05	1.225258e-04
2022	2	15	5	9
	272	9	41.000000	71.250000	9.815733e+04	2.285897e-04
	25	34	-20.750000	65.000000	9.721799e+04	1.869458e-04
	157	47	12.250000	61.750000	9.855826e+04	2.529768e-04
	6	85	-25.500000	52.250000	9.880888e+04	2.075658e-04
	158	113	12.500000	45.250000	1.011683e+05	9.975352e-05
2022	2	15	5	12
	274	9	41.500000	71.250000	9.828795e+04	2.245269e-04
	36	35	-18.000000	64.750000	9.749567e+04	1.707922e-04
	158	46	12.500000	62.000000	9.868545e+04	2.147389e-04
	16	82	-23.000000	53.000000	9.872569e+04	2.052995e-04
	161	111	13.250000	45.750000	1.012184e+05	9.879691e-05
2022	2	15	5	15
	277	9	42.250000	71.250000	9.836464e+04	2.290192e-04
	14	29	-23.500000	66.250000	9.746896e+04	1.307412e-04
	0	36	-27.000000	64.500000	9.746896e+04	-3.569262e-05
	164	46	14.000000	62.000000	9.873852e+04	1.500313e-04
	26	80	-20.500000	53.500000	9.851033e+04	2.045995e-04
2022	2	15	4	18
	280	9	43.000000	71.250000	9.844168e+04	2.452302e-04
	170	44	15.500000	62.500000	9.879434e+04	1.321645e-04
	35	79	-18.250000	53.750000	9.854200e+04	2.118013e-04
	162	162	13.500000	33.000000	1.016408e+05	1.947741e-05
2022	2	15	4	21
	286	8	44.500000	71.500000	9.849287e+04	1.891238e-04
	116	55	2.000000	59.750000	9.816366e+04	1.156955e-04
	0	77	-27.000000	54.250000	9.797963e+04	9.729779e-05
	164	159	14.000000	33.750000	1.017854e+05	2.871944e-05
2022	2	16	4	0
	282	6	43.500000	72.000000	9.851838e+04	2.753227e-04
	119	55	2.750000	59.750000	9.812685e+04	1.026110e-04
	5	74	-25.750000	55.000000	9.754291e+04	2.668815e-04
	163	161	13.750000	33.250000	1.017447e+05	5.881852e-05
2022	2	16	4	3
	280	8	43.000000	71.500000	9.853891e+04	2.276369e-04
	137	57	7.250000	59.250000	9.812172e+04	1.001752e-04
	19	69	-22.250000	56.250000	9.714592e+04	3.208608e-04
	167	160	14.750000	33.500000	1.016404e+05	6.605741e-05
2022	2	16	5	6
	286	8	44.500000	71.500000	9.854148e+04	1.933115e-04
	145	42	9.250000	63.000000	9.803236e+04	1.886430e-05
	153	54	11.250000	60.000000	9.801198e+04	1.393618e-04
	28	66	-20.000000	57.000000	9.660889e+04	3.821040e-04
	137	116	7.250000	44.500000	1.011041e+05	9.412250e-05
2022	2	16	4	9
	288	6	45.000000	72.000000	9.857127e+04	1.215327e-04
	143	48	8.750000	61.500000	9.794059e+04	-6.321079e-05
	157	53	12.250000	60.250000	9.794059e+04	1.212934e-04
	39	64	-17.250000	57.500000	9.627473e+04	4.622066e-04
2022	2	16	4	12
	281	4	43.250000	72.500000	9.860670e+04	2.419255e-04
	136	36	7.000000	64.500000	9.791937e+04	1.827211e-04
	178	47	17.500000	61.750000	9.779680e+04	1.541532e-04
	54	63	-13.500000	57.750000	9.614462e+04	3.200935e-04
2022	2	16	5	15
	275	5	41.750000	72.250000	9.858685e+04	2.586430e-04
	131	36	5.750000	64.500000	9.772917e+04	1.564214e-04
	179	45	17.750000	62.250000	9.753830e+04	1.669640e-04
	67	62	-10.250000	58.000000	9.599448e+04	3.510860e-04
	137	119	7.250000	43.750000	1.011951e+05	1.509036e-04
2022	2	16	5	18
	277	7	42.250000	71.750000	9.859832e+04	2.239713e-04
	180	44	18.000000	62.500000	9.738679e+04	1.957687e-04
	76	61	-8.000000	58.250000	9.587807e+04	3.444731e-04
	279	120	42.750000	43.500000	1.021266e+05	-2.366788e-05
	183	150	18.750000	36.000000	1.014454e+05	1.354475e-04
2022	2	16	7	21
	282	7	43.500000	71.750000	9.862827e+04	2.650664e-04
	180	44	18.000000	62.500000	9.726816e+04	1.830643e-04
	106	59	-0.500000	58.750000	9.604498e+04	1.588415e-04
	83	62	-6.250000	58.000000	9.603934e+04	2.889156e-04
	136	115	7.000000	44.750000	1.008156e+05	7.345779e-05
	281	121	43.250000	43.250000	1.019961e+05	-2.835757e-05
	184	148	19.000000	36.500000	1.014333e+05	1.673643e-04
2022	2	17	7	0
	282	5	43.500000	72.250000	9.868460e+04	2.562132e-04
	180	44	18.000000	62.500000	9.722536e+04	1.513843e-04
	116	58	2.000000	59.000000	9.636837e+04	1.461550e-04
	96	64	-3.000000	57.500000	9.637555e+04	1.039016e-04
	138	117	7.500000	44.250000	1.007353e+05	1.153826e-04
	281	121	43.250000	43.250000	1.019398e+05	-2.844465e-05
	188	148	20.000000	36.500000	1.012744e+05	1.509132e-04
2022	2	17	7	3
	280	5	43.000000	72.250000	9.871490e+04	2.276275e-04
	183	44	18.750000	62.500000	9.715516e+04	1.387397e-04
	118	58	2.500000	59.000000	9.641305e+04	1.494289e-04
	139	65	7.750000	57.250000	9.644626e+04	1.594844e-04
	138	117	7.500000	44.250000	1.005051e+05	9.559038e-05
	280	121	43.000000	43.250000	1.017364e+05	-2.865401e-06
	187	145	19.750000	37.250000	1.010638e+05	1.762319e-04
2022	2	17	7	6
	276	4	42.000000	72.500000	9.876198e+04	1.950284e-04
	184	44	19.000000	62.500000	9.716236e+04	1.156673e-04
	146	65	9.500000	57.250000	9.658048e+04	1.886971e-04
	173	75	16.250000	54.750000	9.652638e+04	3.012119e-04
	138	117	7.500000	44.250000	1.003385e+05	8.980792e-05
	187	145	19.750000	37.250000	1.010505e+05	1.671835e-04
	274	149	41.500000	36.250000	1.016750e+05	1.495196e-05
2022	2	17	7	9
	0	50	-27.000000	61.000000	9.959808e+04	-5.659959e-05
	151	65	10.750000	57.250000	9.666094e+04	1.734085e-04
	8	71	-25.000000	55.750000	9.965132e+04	1.889087e-04
	181	72	18.250000	55.500000	9.635176e+04	2.999063e-04
	7	96	-25.250000	49.500000	9.879382e+04	3.541063e-04
	274	119	41.500000	43.750000	1.014478e+05	-5.467359e-05
	188	146	20.000000	37.000000	1.011140e+05	1.339430e-04
2022	2	17	7	12
	9	6	-24.750000	72.000000	1.006134e+05	-4.703794e-05
	288	25	45.000000	67.250000	9.903195e+04	7.165044e-05
	37	46	-17.750000	62.000000	9.939488e+04	2.050080e-04
	1	55	-26.750000	59.750000	9.955305e+04	9.811960e-05
	13	68	-23.750000	56.500000	9.950803e+04	2.169934e-04
	186	70	19.500000	56.000000	9.614325e+04	3.320725e-04
	13	92	-23.750000	50.500000	9.807909e+04	5.167093e-04
2022	2	17	5	15
	8	6	-25.000000	72.000000	1.006025e+05	-2.437930e-05
	36	46	-18.000000	62.000000	9.920126e+04	2.251087e-04
	188	69	20.000000	56.250000	9.624802e+04	3.623294e-04
	23	90	-21.250000	51.000000	9.731985e+04	5.736753e-04
	158	107	12.500000	46.750000	9.953645e+04	-1.944089e-05
2022	2	17	5	18
	7	6	-25.250000	72.000000	1.005883e+05	-3.312225e-06
	6	7	-25.500000	71.750000	1.005883e+05	8.656921e-06
	34	46	-18.500000	62.000000	9.895115e+04	2.651462e-04
	190	70	20.500000	56.000000	9.652330e+04	3.593596e-04
	35	81	-18.250000	53.250000	9.656986e+04	5.863731e-04
2022	2	17	6	21
	6	7	-25.500000	71.750000	1.005533e+05	1.951316e-06
	33	46	-18.750000	62.000000	9.879862e+04	3.098258e-04
	0	48	-27.000000	61.500000	9.927298e+04	5.802864e-05
	195	72	21.750000	55.500000	9.693176e+04	3.144674e-04
	45	78	-15.750000	54.000000	9.587054e+04	5.790020e-04
	166	125	14.500000	42.250000	1.002454e+05	-1.632115e-05
2022	2	18	9	0
	162	24	13.500000	67.500000	9.830798e+04	1.469124e-05
	245	29	34.250000	66.250000	9.778362e+04	8.600954e-05
	30	46	-19.500000	62.000000	9.867193e+04	2.631306e-04
	15	59	-23.250000	58.750000	9.856356e+04	2.639840e-04
	206	66	24.500000	57.000000	9.742034e+04	1.136017e-04
	203	74	23.750000	55.000000	9.742034e+04	2.881287e-04
	52	76	-14.000000	54.500000	9.538162e+04	5.154764e-04
	179	125	17.750000	42.250000	1.003470e+05	1.632813e-04
	175	135	16.750000	39.750000	1.003470e+05	2.433290e-05
2022	2	18	6	3
	150	23	10.500000	67.750000	9.826466e+04	1.116099e-04
	246	28	34.500000	66.500000	9.775400e+04	1.394070e-04
	25	47	-20.750000	61.750000	9.867535e+04	2.352042e-04
	223	58	28.750000	59.000000	9.772644e+04	9.414215e-05
	68	72	-10.000000	55.500000	9.521282e+04	4.517440e-04
	184	129	19.000000	41.250000	1.003089e+05	2.323098e-04
2022	2	18	7	6
	148	23	10.000000	67.750000	9.817736e+04	1.075700e-04
	249	26	35.250000	67.000000	9.781340e+04	1.222499e-04
	22	47	-21.500000	61.750000	9.866200e+04	1.908619e-04
	229	54	30.250000	60.000000	9.787452e+04	1.092257e-04
	75	71	-8.250000	55.750000	9.507347e+04	5.202022e-04
	137	117	7.250000	44.250000	1.012049e+05	8.749757e-05
	185	134	19.250000	40.000000	1.004364e+05	2.244540e-04
2022	2	18	5	9
	254	23	36.500000	67.750000	9.786904e+04	1.197754e-04
	22	47	-21.500000	61.750000	9.875085e+04	1.800124e-04
	234	50	31.500000	61.000000	9.788513e+04	1.084906e-04
	23	60	-21.250000	58.500000	9.877824e+04	2.212156e-04
	82	72	-6.500000	55.500000	9.530886e+04	4.431044e-04
2022	2	18	5	12
	258	17	37.500000	69.250000	9.785277e+04	1.211649e-04
	22	47	-21.500000	61.750000	9.875410e+04	1.938749e-04
	30	61	-19.500000	58.250000	9.882327e+04	2.646493e-04
	93	73	-3.750000	55.250000	9.567760e+04	3.727748e-04
	120	126	3.000000	42.000000	1.013263e+05	6.557637e-05
2022	2	18	7	15
	262	16	38.500000	69.500000	9.774972e+04	1.118254e-04
	23	46	-21.250000	62.000000	9.874058e+04	1.937396e-04
	129	59	5.250000	58.750000	9.617714e+04	2.220644e-04
	37	61	-17.750000	58.250000	9.885083e+04	2.425724e-04
	106	72	-0.500000	55.500000	9.582175e+04	3.750343e-04
	210	148	25.500000	36.500000	1.004386e+05	7.657265e-05
	201	154	23.250000	35.000000	1.004386e+05	1.386360e-04
2022	2	18	7	18
	268	13	40.000000	70.250000	9.762338e+04	9.906430e-05
	20	44	-22.000000	62.500000	9.875667e+04	1.581778e-04
	128	59	5.000000	58.750000	9.614719e+04	2.362278e-04
	44	61	-16.000000	58.250000	9.888644e+04	2.227856e-04
	119	72	2.750000	55.500000	9.604481e+04	3.237622e-04
	214	154	26.500000	35.000000	1.005325e+05	2.294250e-05
	204	159	24.000000	33.750000	1.005325e+05	1.634121e-04
2022	2	18	7	21
	273	9	41.250000	71.250000	9.747050e+04	1.152437e-04
	19	43	-22.250000	62.750000	9.871866e+04	1.587313e-04
	129	60	5.250000	58.500000	9.631752e+04	1.679276e-04
	52	61	-14.000000	58.250000	9.893625e+04	2.480682e-04
	131	71	5.750000	55.750000	9.631752e+04	2.674343e-04
	138	117	7.500000	44.250000	1.010453e+05	1.147774e-04
	205	162	24.250000	33.000000	1.005984e+05	1.085185e-04
2022	2	19	7	0
	275	6	41.750000	72.000000	9.734091e+04	1.345734e-04
	14	41	-23.500000	63.250000	9.872260e+04	1.268886e-04
	155	57	11.750000	59.250000	9.682048e+04	1.486005e-04
	60	61	-12.000000	58.250000	9.906876e+04	2.544891e-04
	141	72	8.250000	55.500000	9.666111e+04	3.330184e-04
	138	117	7.500000	44.250000	1.009651e+05	1.250055e-04
	265	162	39.250000	33.000000	1.008966e+05	2.011280e-04
2022	2	19	3	3
	267	3	39.750000	72.750000	9.715466e+04	1.995364e-04
	158	57	12.500000	59.250000	9.698432e+04	1.130370e-04
	154	70	11.500000	56.000000	9.691191e+04	3.007537e-04
2022	2	19	3	6
	261	2	38.250000	73.000000	9.700691e+04	2.942756e-04
	121	28	3.250000	66.500000	9.771719e+04	1.029330e-04
	170	63	15.500000	57.750000	9.718512e+04	2.466189e-05
2022	2	19	9	9
	267	3	39.750000	72.750000	9.701410e+04	2.113971e-04
	124	29	4.000000	66.250000	9.782230e+04	1.151624e-04
	125	29	4.250000	66.250000	9.782230e+04	1.078098e-04
	190	50	20.500000	61.000000	9.726028e+04	1.867864e-04
	148	111	10.000000	45.750000	1.012278e+05	6.457838e-05
	156	117	12.000000	44.250000	1.012278e+05	3.142215e-05
	87	148	-5.250000	36.500000	1.018243e+05	1.115012e-04
	263	162	38.750000	33.000000	1.012681e+05	1.811397e-04
	277	162	42.250000	33.000000	1.012681e+05	4.355585e-05
2022	2	19	7	12
	272	4	41.000000	72.500000	9.706923e+04	2.294844e-04
	126	29	4.500000	66.250000	9.789866e+04	1.212524e-04
	192	50	21.000000	61.000000	9.740665e+04	1.741892e-04
	176	115	17.000000	44.750000	1.012937e+05	-2.927750e-05
	163	123	13.750000	42.750000	1.012628e+05	-6.474446e-05
	260	162	38.000000	33.000000	1.011874e+05	1.932361e-04
	283	162	43.750000	33.000000	1.010818e+05	6.437025e-05
2022	2	19	5	15
	287	5	44.750000	72.250000	9.717091e+04	1.512803e-04
	127	29	4.750000	66.250000	9.795909e+04	9.739657e-05
	200	49	23.000000	61.250000	9.761465e+04	7.765295e-05
	0	54	-27.000000	60.000000	9.627934e+04	1.087040e-04
	166	124	14.500000	42.500000	1.013401e+05	-4.340008e-05
2022	2	19	5	18
	128	29	5.000000	66.250000	9.798630e+04	8.734781e-05
	226	46	29.500000	62.000000	9.769682e+04	7.364318e-05
	206	49	24.500000	61.250000	9.769682e+04	5.323276e-05
	0	55	-27.000000	59.750000	9.547645e+04	1.763787e-04
	170	125	15.500000	42.250000	1.016692e+05	-1.010003e-05
2022	2	19	8	21
	288	6	45.000000	72.000000	9.787862e+04	9.716725e-05
	288	24	45.000000	67.500000	9.834735e+04	-2.912383e-05
	131	28	5.750000	66.500000	9.797466e+04	6.748629e-05
	247	45	34.750000	62.250000	9.783788e+04	1.267331e-04
	215	50	26.750000	61.000000	9.778584e+04	6.725513e-05
	215	51	26.750000	60.750000	9.778584e+04	6.866095e-05
	6	54	-25.500000	60.000000	9.488036e+04	3.790628e-04
	176	126	17.000000	42.000000	1.019152e+05	6.117857e-05
2022	2	20	7	0
	127	28	4.750000	66.500000	9.795720e+04	1.163497e-04
	129	28	5.250000	66.500000	9.795720e+04	9.944495e-05
	131	28	5.750000	66.500000	9.795720e+04	9.098220e-05
	254	42	36.500000	63.000000	9.786134e+04	1.567536e-04
	12	52	-24.000000	60.500000	9.449638e+04	3.549802e-04
	178	127	17.500000	41.750000	1.020689e+05	5.261843e-05
	83	162	-6.250000	33.000000	1.021987e+05	-1.703352e-05
