2022	2	16	7	0
	288	11	45.000000	70.750000	9.881730e+04	8.294262e-05
	53	38	-13.750000	64.000000	9.780848e+04	2.379699e-04
	184	43	19.000000	62.750000	9.894523e+04	1.581939e-04
	117	53	2.250000	60.250000	9.801920e+04	1.660473e-04
	65	67	-10.750000	56.750000	9.736501e+04	2.942088e-04
	280	121	43.000000	43.250000	1.020905e+05	2.359029e-05
	172	122	16.000000	43.000000	1.014201e+05	3.990772e-05
2022	2	16	6	3
	121	51	3.250000	60.750000	9.794819e+04	1.514046e-04
	74	67	-8.500000	56.750000	9.736594e+04	2.778249e-04
	75	67	-8.250000	56.750000	9.736594e+04	2.883285e-04
	91	71	-4.250000	55.750000	9.736594e+04	1.948645e-04
	280	121	43.000000	43.250000	1.021396e+05	3.027735e-05
	173	123	16.250000	42.750000	1.014184e+05	4.960813e-05
2022	2	16	3	6
	123	49	3.750000	61.250000	9.786709e+04	1.555055e-04
	99	68	-2.250000	56.500000	9.766179e+04	2.191692e-04
	174	123	16.500000	42.750000	1.014408e+05	4.827955e-05
2022	2	16	6	9
	114	35	1.500000	64.750000	9.783887e+04	1.910206e-04
	124	47	4.000000	61.750000	9.783220e+04	1.309033e-04
	43	61	-16.250000	58.250000	9.747556e+04	6.285802e-05
	117	68	2.250000	56.500000	9.767745e+04	2.186686e-04
	43	72	-16.250000	55.500000	9.747556e+04	2.023659e-04
	202	125	23.500000	42.250000	1.015653e+05	-8.871402e-05
2022	2	16	5	12
	111	35	0.750000	64.750000	9.764505e+04	1.666203e-04
	59	58	-12.250000	59.000000	9.715474e+04	4.935427e-05
	57	70	-12.750000	56.000000	9.709598e+04	3.051353e-04
	74	70	-8.500000	56.000000	9.709598e+04	2.404658e-04
	184	138	19.000000	39.000000	1.012395e+05	1.503505e-04
2022	2	16	5	15
	108	36	0.000000	64.500000	9.748115e+04	1.400212e-04
	86	67	-5.500000	56.750000	9.688462e+04	2.505075e-04
	71	69	-9.250000	56.250000	9.688462e+04	3.259943e-04
	136	114	7.000000	45.000000	1.010373e+05	1.662631e-05
	185	135	19.250000	39.750000	1.010854e+05	1.335713e-04
2022	2	16	3	18
	99	67	-2.250000	56.750000	9.664941e+04	2.368482e-04
	279	120	42.750000	43.500000	1.021599e+05	-8.244788e-06
	186	135	19.500000	39.750000	1.011469e+05	1.095486e-04
2022	2	16	4	21
	109	67	0.250000	56.750000	9.665220e+04	3.038242e-04
	137	117	7.250000	44.250000	1.011382e+05	8.272905e-05
	278	120	42.500000	43.500000	1.021153e+05	-2.822812e-05
	185	132	19.250000	40.500000	1.012063e+05	9.164784e-05
2022	2	17	3	0
	129	40	5.250000	63.500000	9.727957e+04	1.203818e-04
	156	68	12.000000	56.500000	9.679810e+04	1.927146e-04
	137	117	7.250000	44.250000	1.009571e+05	7.365250e-05
2022	2	17	5	3
	285	10	44.250000	71.000000	9.910292e+04	1.882492e-04
	129	40	5.250000	63.500000	9.727430e+04	1.326111e-04
	192	60	21.000000	58.500000	9.646720e+04	1.738597e-04
	178	67	17.500000	56.750000	9.646720e+04	1.598563e-04
	279	121	42.750000	43.250000	1.018011e+05	-2.412525e-05
2022	2	17	3	6
	284	11	44.000000	70.750000	9.915409e+04	1.888018e-04
	130	40	5.500000	63.500000	9.732856e+04	1.268963e-04
	196	58	22.000000	59.000000	9.629726e+04	1.823320e-04
2022	2	17	4	9
	132	40	6.000000	63.500000	9.737849e+04	1.323912e-04
	199	57	22.750000	59.250000	9.624904e+04	2.028382e-04
	6	109	-25.500000	46.250000	1.009812e+05	1.184411e-04
	278	120	42.500000	43.500000	1.015823e+05	-1.202438e-05
2022	2	17	4	12
	134	40	6.500000	63.500000	9.746270e+04	1.182965e-04
	20	57	-22.000000	59.250000	9.927984e+04	1.700873e-04
	208	58	25.000000	59.000000	9.627090e+04	1.212848e-04
	20	107	-22.000000	46.750000	1.007295e+05	1.554692e-04
2022	2	17	5	15
	138	39	7.500000	63.750000	9.749650e+04	1.376521e-04
	24	54	-21.000000	60.000000	9.901112e+04	2.193833e-04
	213	54	26.250000	60.000000	9.625183e+04	1.314133e-04
	28	103	-20.000000	47.750000	1.001108e+05	2.041345e-04
	27	104	-20.250000	47.500000	1.001108e+05	1.886629e-04
2022	2	17	5	18
	140	39	8.000000	63.750000	9.756100e+04	1.171592e-04
	141	39	8.250000	63.750000	9.756100e+04	1.179915e-04
	24	52	-21.000000	60.500000	9.864689e+04	2.059382e-04
	217	52	27.250000	60.500000	9.629261e+04	1.815016e-04
	35	100	-18.250000	48.500000	9.961152e+04	2.771541e-04
2022	2	17	5	21
	288	25	45.000000	67.250000	9.858424e+04	1.120565e-04
	143	39	8.750000	63.750000	9.770366e+04	6.300405e-05
	220	45	28.000000	62.250000	9.633556e+04	1.454057e-04
	24	52	-21.000000	60.500000	9.834188e+04	2.887624e-04
	44	96	-16.000000	49.500000	9.912370e+04	4.091770e-04
2022	2	18	3	0
	220	41	28.000000	63.250000	9.630579e+04	1.457158e-04
	27	51	-20.250000	60.750000	9.818806e+04	2.944970e-04
	53	94	-13.750000	50.000000	9.863216e+04	5.193715e-04
2022	2	18	3	3
	221	38	28.250000	64.000000	9.626191e+04	1.635124e-04
	27	51	-20.250000	60.750000	9.806913e+04	3.008569e-04
	64	91	-11.000000	50.750000	9.804944e+04	5.713635e-04
2022	2	18	7	6
	6	7	-25.500000	71.750000	1.000871e+05	-2.171740e-05
	138	25	7.500000	67.250000	9.780476e+04	6.898195e-05
	223	37	28.750000	64.250000	9.627943e+04	1.789989e-04
	28	51	-20.000000	60.750000	9.791128e+04	3.116420e-04
	77	89	-7.750000	51.250000	9.742129e+04	6.097397e-04
	137	117	7.250000	44.250000	1.013381e+05	8.018895e-05
	250	161	35.500000	33.250000	1.010254e+05	1.191641e-05
2022	2	18	6	9
	6	7	-25.500000	71.750000	1.000826e+05	-3.707411e-05
	136	26	7.000000	67.000000	9.777777e+04	5.262223e-05
	227	35	29.750000	64.750000	9.634657e+04	1.712654e-04
	31	52	-19.250000	60.500000	9.799083e+04	3.114026e-04
	92	81	-4.000000	53.250000	9.699069e+04	5.142813e-04
	264	162	39.000000	33.000000	1.008901e+05	-1.722310e-05
2022	2	18	6	12
	6	7	-25.500000	71.750000	1.001911e+05	-3.099979e-05
	137	27	7.250000	66.750000	9.778088e+04	4.519588e-05
	233	32	31.250000	65.500000	9.646348e+04	1.682633e-04
	35	53	-18.250000	60.250000	9.815380e+04	2.690192e-04
	112	75	1.000000	54.750000	9.662102e+04	4.041351e-04
	257	162	37.250000	33.000000	1.006852e+05	-1.329978e-05
2022	2	18	6	15
	6	7	-25.500000	71.750000	1.001491e+05	-2.214603e-05
	241	27	33.250000	66.750000	9.655125e+04	1.506165e-04
	138	28	7.500000	66.500000	9.767900e+04	7.758452e-05
	40	54	-17.000000	60.000000	9.830420e+04	2.629872e-04
	121	73	3.250000	55.250000	9.612499e+04	5.093294e-04
	257	162	37.250000	33.000000	1.007362e+05	-7.915313e-06
2022	2	18	10	18
	6	7	-25.500000	71.750000	1.000835e+05	-2.305997e-05
	239	26	32.750000	67.000000	9.656350e+04	1.946676e-04
	137	29	7.250000	66.250000	9.759589e+04	8.186813e-05
	20	46	-22.000000	62.000000	9.838515e+04	1.025696e-04
	46	54	-15.500000	60.000000	9.850222e+04	2.347906e-04
	0	55	-27.000000	59.750000	9.835599e+04	9.054665e-05
	135	71	6.750000	55.750000	9.607831e+04	4.233332e-04
	240	144	33.000000	37.500000	1.007749e+05	1.848358e-06
	230	149	30.500000	36.250000	1.007749e+05	8.135073e-05
	258	162	37.500000	33.000000	1.008523e+05	-6.814612e-06
2022	2	18	10	21
	6	7	-25.500000	71.750000	1.001017e+05	-1.808829e-05
	238	27	32.500000	66.750000	9.663095e+04	1.944389e-04
	239	27	32.750000	66.750000	9.663095e+04	1.960355e-04
	141	30	8.250000	66.000000	9.759077e+04	7.347333e-05
	53	55	-13.750000	59.750000	9.866519e+04	2.078841e-04
	149	71	10.250000	55.750000	9.627074e+04	3.524194e-04
	137	117	7.250000	44.250000	1.012767e+05	9.974620e-05
	244	144	34.000000	37.500000	1.007194e+05	3.651317e-05
	232	148	31.000000	36.500000	1.007194e+05	1.057273e-04
	260	162	38.000000	33.000000	1.008537e+05	-2.839988e-05
2022	2	19	9	0
	6	7	-25.500000	71.750000	1.001578e+05	-1.134419e-05
	250	16	35.500000	69.500000	9.671468e+04	1.685799e-04
	241	27	33.250000	66.750000	9.671468e+04	1.555992e-04
	147	30	9.750000	66.000000	9.764644e+04	1.022191e-04
	12	50	-24.000000	61.000000	9.811659e+04	1.616194e-04
	59	55	-12.250000	59.750000	9.877248e+04	1.908002e-04
	165	70	14.250000	56.000000	9.649109e+04	2.496912e-04
	137	117	7.250000	44.250000	1.012024e+05	1.093577e-04
	226	152	29.500000	35.500000	1.005654e+05	2.007688e-04
2022	2	19	10	3
	6	7	-25.500000	71.750000	1.002156e+05	-3.028815e-06
	265	9	39.250000	71.250000	9.665250e+04	1.594586e-04
	249	16	35.250000	69.500000	9.665250e+04	1.970186e-04
	246	26	34.500000	67.000000	9.665250e+04	1.223484e-04
	149	30	10.250000	66.000000	9.769016e+04	1.443271e-04
	14	48	-23.500000	61.500000	9.809130e+04	2.063089e-04
	29	53	-19.750000	60.250000	9.809130e+04	1.701483e-04
	177	66	17.250000	57.000000	9.658846e+04	1.795163e-04
	137	117	7.250000	44.250000	1.011286e+05	1.400270e-04
	228	157	30.000000	34.250000	1.005579e+05	1.914527e-04
2022	2	19	11	6
	6	7	-25.500000	71.750000	1.002194e+05	-4.450886e-06
	248	17	35.000000	69.250000	9.664025e+04	2.522201e-04
	132	27	6.000000	66.750000	9.776537e+04	9.229628e-05
	151	30	10.750000	66.000000	9.776537e+04	1.375101e-04
	11	45	-24.250000	62.250000	9.809859e+04	2.235531e-04
	32	51	-19.000000	60.750000	9.809859e+04	1.818313e-04
	59	61	-12.250000	58.250000	9.856424e+04	1.633050e-04
	189	66	20.250000	57.000000	9.679671e+04	1.163686e-04
	137	117	7.250000	44.250000	1.012003e+05	1.247899e-04
	229	162	30.250000	33.000000	1.007582e+05	7.965077e-05
	281	162	43.250000	33.000000	1.009875e+05	1.369888e-04
2022	2	19	8	9
	6	7	-25.500000	71.750000	1.003065e+05	3.716700e-07
	250	17	35.500000	69.250000	9.677361e+04	1.924582e-04
	147	27	9.750000	66.750000	9.798308e+04	5.543288e-05
	6	43	-25.500000	62.750000	9.822001e+04	2.262132e-04
	70	60	-9.500000	58.500000	9.848005e+04	1.815831e-04
	202	68	23.500000	56.500000	9.715660e+04	1.951370e-04
	137	118	7.250000	44.000000	1.014000e+05	1.287423e-04
	284	162	44.000000	33.000000	1.008007e+05	4.652858e-05
2022	2	19	7	12
	6	7	-25.500000	71.750000	1.003457e+05	-2.704425e-06
	258	19	37.500000	68.750000	9.694975e+04	1.421280e-04
	146	27	9.500000	66.750000	9.818388e+04	8.344859e-05
	0	41	-27.000000	63.250000	9.820620e+04	1.154502e-04
	75	61	-8.250000	58.250000	9.851602e+04	2.181866e-04
	212	68	26.000000	56.500000	9.743137e+04	1.539514e-04
	135	119	6.750000	43.750000	1.013572e+05	1.231058e-04
2022	2	19	6	15
	273	16	41.250000	69.500000	9.716219e+04	1.102736e-04
	137	30	7.250000	66.000000	9.834173e+04	8.568960e-05
	82	63	-6.500000	57.750000	9.890941e+04	2.424950e-04
	226	66	29.500000	57.000000	9.771002e+04	1.277160e-04
	135	119	6.750000	43.750000	1.013291e+05	1.336928e-04
	97	144	-2.750000	37.500000	1.017318e+05	7.136382e-05
2022	2	19	8	18
	283	14	43.750000	70.000000	9.727337e+04	1.281886e-04
	142	32	8.500000	65.500000	9.852780e+04	1.290862e-04
	0	53	-27.000000	60.250000	9.697999e+04	1.201692e-04
	235	65	31.750000	57.250000	9.790555e+04	1.487577e-04
	111	67	0.750000	56.750000	9.928310e+04	1.563026e-04
	276	147	42.000000	36.750000	1.012021e+05	-3.953380e-06
	268	162	40.000000	33.000000	1.009455e+05	3.649479e-05
	282	162	43.500000	33.000000	1.009455e+05	9.321415e-05
2022	2	19	9	21
	273	0	41.250000	73.500000	9.737276e+04	1.528497e-05
	81	12	-6.750000	70.500000	9.911688e+04	2.028069e-04
	148	33	10.000000	65.250000	9.869821e+04	1.155971e-04
	0	48	-27.000000	61.500000	9.602559e+04	9.676955e-05
	244	64	34.000000	57.500000	9.808604e+04	1.086651e-04
	118	68	2.500000	56.500000	9.952608e+04	9.705661e-05
	149	126	10.250000	42.000000	1.015408e+05	5.910982e-05
	286	153	44.500000	35.250000	1.009053e+05	-1.847543e-06
	285	162	44.250000	33.000000	1.009053e+05	8.978577e-05
2022	2	20	10	0
	274	0	41.500000	73.500000	9.750642e+04	6.549550e-05
	78	13	-7.500000	70.250000	9.902089e+04	2.544036e-04
	154	33	11.500000	65.250000	9.888909e+04	1.166366e-04
	0	46	-27.000000	62.000000	9.546567e+04	9.453655e-05
	251	64	35.750000	57.500000	9.822838e+04	1.066175e-04
	142	74	8.500000	55.000000	9.964889e+04	1.015406e-04
	151	126	10.750000	42.000000	1.014794e+05	4.422273e-05
	280	145	43.000000	37.250000	1.010592e+05	-3.907056e-06
	263	156	38.750000	34.500000	1.012454e+05	-6.643813e-05
	286	161	44.500000	33.250000	1.009351e+05	8.168333e-05
