2022	2	16	6	0
	288	11	45.000000	70.750000	9.872162e+04	9.825678e-05
	55	39	-13.250000	63.750000	9.748937e+04	3.059579e-04
	119	53	2.750000	60.250000	9.802045e+04	1.778942e-04
	65	67	-10.750000	56.750000	9.730546e+04	2.928534e-04
	280	121	43.000000	43.250000	1.020782e+05	3.113581e-05
	173	122	16.250000	43.000000	1.014944e+05	4.342344e-05
2022	2	16	6	3
	49	38	-14.750000	64.000000	9.734624e+04	3.313382e-04
	187	42	19.750000	63.000000	9.893096e+04	1.121469e-04
	123	52	3.750000	60.500000	9.793873e+04	1.873813e-04
	76	67	-8.000000	56.750000	9.727337e+04	2.662531e-04
	280	121	43.000000	43.250000	1.021052e+05	3.481447e-05
	174	123	16.500000	42.750000	1.014567e+05	4.504955e-05
2022	2	16	4	6
	121	35	3.250000	64.750000	9.792213e+04	1.820154e-04
	44	38	-16.000000	64.000000	9.758348e+04	2.311547e-04
	123	49	3.750000	61.250000	9.790059e+04	1.268661e-04
	99	68	-2.250000	56.500000	9.750068e+04	2.336291e-04
2022	2	16	5	9
	116	35	2.000000	64.750000	9.778212e+04	1.835509e-04
	110	67	0.500000	56.750000	9.740873e+04	2.648573e-04
	48	69	-15.000000	56.250000	9.717087e+04	2.454855e-04
	202	125	23.500000	42.250000	1.016386e+05	-7.997628e-05
	180	140	18.000000	38.500000	1.014677e+05	1.688139e-04
2022	2	16	6	12
	112	35	1.000000	64.750000	9.761093e+04	1.515773e-04
	60	54	-12.000000	60.000000	9.658567e+04	3.019224e-05
	41	57	-16.750000	59.250000	9.671608e+04	8.575103e-05
	58	66	-12.500000	57.000000	9.650768e+04	3.238261e-04
	123	68	3.750000	56.500000	9.730484e+04	2.479186e-04
	183	136	18.750000	39.500000	1.011779e+05	1.659274e-04
2022	2	16	5	15
	69	56	-9.750000	59.500000	9.629230e+04	2.784007e-05
	70	65	-9.500000	57.250000	9.629230e+04	3.425407e-04
	135	67	6.750000	56.750000	9.724514e+04	2.546682e-04
	153	68	11.250000	56.500000	9.724514e+04	2.183627e-04
	185	135	19.250000	39.750000	1.010471e+05	1.583181e-04
2022	2	16	5	18
	98	51	-2.500000	60.750000	9.655512e+04	1.055602e-05
	84	63	-6.000000	57.750000	9.636967e+04	3.993260e-04
	164	66	14.000000	57.000000	9.732081e+04	2.430375e-04
	147	68	9.750000	56.500000	9.732081e+04	2.547021e-04
	184	134	19.000000	40.000000	1.010993e+05	1.149983e-04
2022	2	16	5	21
	100	61	-2.000000	58.250000	9.638363e+04	2.901487e-04
	178	64	17.500000	57.500000	9.694169e+04	2.203458e-04
	137	117	7.250000	44.250000	1.012555e+05	4.993351e-05
	278	120	42.500000	43.500000	1.021638e+05	-3.717237e-05
	184	133	19.000000	40.250000	1.012260e+05	1.083499e-04
2022	2	17	5	0
	186	61	19.500000	58.250000	9.659110e+04	2.307540e-04
	116	65	2.000000	57.250000	9.647202e+04	2.428322e-04
	137	117	7.250000	44.250000	1.012344e+05	6.730636e-05
	278	120	42.500000	43.500000	1.020661e+05	-5.292690e-05
	183	133	18.750000	40.250000	1.012666e+05	1.149914e-04
2022	2	17	4	3
	191	59	20.750000	58.750000	9.619755e+04	2.583817e-04
	127	66	4.750000	57.000000	9.667855e+04	2.257946e-04
	174	67	16.500000	56.750000	9.621430e+04	1.406645e-04
	150	109	10.500000	46.250000	1.002069e+05	2.155393e-05
2022	2	17	4	6
	195	57	21.750000	59.250000	9.590139e+04	2.756556e-04
	198	67	22.500000	56.750000	9.590139e+04	1.570902e-04
	0	117	-27.000000	44.250000	1.008001e+05	9.123833e-05
	279	121	42.750000	43.250000	1.017569e+05	-2.857100e-05
2022	2	17	2	9
	198	56	22.500000	59.500000	9.574431e+04	2.712405e-04
	0	110	-27.000000	46.000000	1.000925e+05	2.074530e-04
2022	2	17	4	12
	202	56	23.500000	59.500000	9.573238e+04	2.216314e-04
	9	106	-24.750000	47.000000	9.948391e+04	3.291303e-04
	196	143	22.000000	37.750000	1.011184e+05	2.590026e-05
	191	158	20.750000	34.000000	1.011296e+05	9.905448e-05
2022	2	17	3	15
	211	53	25.750000	60.250000	9.576075e+04	1.029263e-04
	19	101	-22.250000	48.250000	9.880893e+04	4.254455e-04
	190	159	20.500000	33.750000	1.011046e+05	1.020569e-04
2022	2	17	3	18
	142	38	8.500000	64.000000	9.758627e+04	9.607230e-05
	216	51	27.000000	60.750000	9.585130e+04	1.680761e-04
	28	96	-20.000000	49.500000	9.812356e+04	4.228087e-04
2022	2	17	2	21
	221	48	28.250000	61.500000	9.590682e+04	1.208036e-04
	37	92	-17.750000	50.500000	9.749836e+04	4.441934e-04
2022	2	18	3	0
	6	7	-25.500000	71.750000	1.003584e+05	-1.282718e-05
	223	46	28.750000	62.000000	9.598404e+04	1.332964e-04
	51	89	-14.250000	51.250000	9.680710e+04	4.359342e-04
2022	2	18	4	3
	6	7	-25.500000	71.750000	1.003301e+05	-2.899129e-05
	226	43	29.500000	62.750000	9.604808e+04	1.068603e-04
	39	46	-17.250000	62.000000	9.844314e+04	1.320565e-04
	62	84	-11.500000	52.500000	9.621632e+04	4.081260e-04
2022	2	18	5	6
	6	7	-25.500000	71.750000	1.002170e+05	-1.728579e-05
	231	40	30.750000	63.500000	9.612018e+04	1.174271e-04
	49	46	-14.750000	62.000000	9.804448e+04	1.569439e-04
	71	82	-9.250000	53.000000	9.624268e+04	5.153067e-04
	139	117	7.750000	44.250000	1.015271e+05	3.978571e-05
2022	2	18	5	9
	125	25	4.250000	67.250000	9.789376e+04	6.453111e-05
	236	36	32.000000	64.500000	9.625260e+04	1.308322e-04
	43	48	-16.250000	61.500000	9.783499e+04	2.610928e-04
	89	76	-4.750000	54.500000	9.611010e+04	3.787076e-04
	116	123	2.000000	42.750000	1.015704e+05	-1.387840e-05
2022	2	18	5	12
	6	7	-25.500000	71.750000	1.002145e+05	-4.884514e-05
	119	25	2.750000	67.250000	9.784864e+04	6.967282e-05
	239	34	32.750000	65.000000	9.638673e+04	1.342369e-04
	41	50	-16.750000	61.000000	9.783438e+04	2.817256e-04
	99	74	-2.250000	55.000000	9.610591e+04	3.472510e-04
2022	2	18	6	15
	6	7	-25.500000	71.750000	1.001159e+05	-3.848258e-05
	242	31	33.500000	65.750000	9.653311e+04	1.262609e-04
	43	52	-16.250000	60.500000	9.788213e+04	2.382384e-04
	116	71	2.000000	55.750000	9.602730e+04	2.287509e-04
	269	157	40.250000	34.250000	1.009971e+05	8.602558e-05
	257	162	37.250000	33.000000	1.009971e+05	8.484554e-06
2022	2	18	8	18
	6	7	-25.500000	71.750000	1.000544e+05	-2.622603e-05
	260	19	38.000000	68.750000	9.663793e+04	7.634363e-05
	244	30	34.000000	66.000000	9.662831e+04	1.289135e-04
	49	54	-14.750000	60.000000	9.800308e+04	2.069857e-04
	134	68	6.500000	56.500000	9.599412e+04	2.259252e-04
	275	117	41.750000	44.250000	1.006501e+05	-6.655038e-05
	106	137	-0.500000	39.250000	1.014631e+05	5.517337e-05
	99	143	-2.250000	37.750000	1.014631e+05	3.170333e-05
2022	2	18	8	21
	6	7	-25.500000	71.750000	1.001407e+05	-7.876127e-06
	260	18	38.000000	69.000000	9.679500e+04	8.647634e-05
	261	18	38.250000	69.000000	9.680260e+04	7.817578e-05
	247	30	34.750000	66.000000	9.677174e+04	1.198435e-04
	248	30	35.000000	66.000000	9.677174e+04	1.163618e-04
	146	65	9.500000	57.250000	9.609599e+04	3.244254e-04
	282	121	43.500000	43.250000	1.007478e+05	7.006474e-05
	107	138	-0.250000	39.000000	1.015935e+05	6.591512e-05
2022	2	19	7	0
	6	7	-25.500000	71.750000	1.001666e+05	-2.319565e-05
	262	17	38.500000	69.250000	9.689440e+04	1.032667e-04
	114	30	1.500000	66.000000	9.754673e+04	6.757313e-05
	252	30	36.000000	66.000000	9.691068e+04	1.246350e-04
	114	31	1.500000	65.750000	9.754673e+04	6.643544e-05
	155	62	11.750000	58.000000	9.625214e+04	2.605997e-04
	137	117	7.250000	44.250000	1.015402e+05	1.316413e-04
2022	2	19	8	3
	268	15	40.000000	69.750000	9.686121e+04	1.315541e-04
	118	32	2.500000	65.500000	9.759899e+04	7.030738e-05
	142	34	8.500000	65.000000	9.759899e+04	8.997814e-05
	0	43	-27.000000	62.750000	9.876458e+04	-3.150594e-06
	0	53	-27.000000	60.250000	9.876458e+04	1.022893e-04
	90	54	-4.500000	60.000000	9.832638e+04	2.123377e-04
	176	61	17.000000	58.250000	9.650798e+04	1.396081e-04
	137	117	7.250000	44.250000	1.014637e+05	1.149408e-04
2022	2	19	10	6
	273	13	41.250000	70.250000	9.687300e+04	8.365359e-05
	122	32	3.500000	65.500000	9.771498e+04	8.546645e-05
	143	32	8.750000	65.500000	9.771498e+04	1.055337e-04
	0	40	-27.000000	63.500000	9.870783e+04	1.579159e-05
	22	45	-21.500000	62.250000	9.871139e+04	3.847021e-05
	0	51	-27.000000	60.750000	9.870783e+04	9.930845e-05
	95	55	-3.250000	59.750000	9.838530e+04	2.239135e-04
	190	60	20.500000	58.500000	9.661839e+04	1.516181e-04
	137	117	7.250000	44.250000	1.014473e+05	8.727641e-05
	240	158	33.000000	34.000000	1.011279e+05	1.061573e-04
2022	2	19	8	9
	277	12	42.250000	70.500000	9.693890e+04	7.099326e-05
	126	24	4.500000	67.500000	9.789004e+04	8.838454e-05
	145	30	9.250000	66.000000	9.789004e+04	1.148627e-04
	126	32	4.500000	65.500000	9.789004e+04	1.092465e-04
	103	56	-1.250000	59.500000	9.862130e+04	2.596379e-04
	200	60	23.000000	58.500000	9.677748e+04	1.841313e-04
	88	84	-5.000000	52.500000	1.000919e+05	2.309958e-04
	254	157	36.500000	34.250000	1.011848e+05	3.880177e-06
2022	2	19	6	12
	279	12	42.750000	70.500000	9.705349e+04	1.027442e-04
	144	28	9.000000	66.500000	9.806231e+04	8.472019e-05
	112	58	1.000000	59.000000	9.893220e+04	2.550244e-04
	208	59	25.000000	58.750000	9.707535e+04	2.264289e-04
	99	85	-2.250000	52.250000	1.002338e+05	2.076447e-04
	135	119	6.750000	43.750000	1.016168e+05	1.022619e-04
2022	2	19	6	15
	286	8	44.500000	71.500000	9.711892e+04	8.799246e-05
	119	24	2.750000	67.500000	9.814868e+04	9.408506e-05
	144	27	9.000000	66.750000	9.814868e+04	6.077221e-05
	121	59	3.250000	58.750000	9.912370e+04	2.533145e-04
	217	59	27.250000	58.750000	9.736392e+04	2.053493e-04
	135	119	6.750000	43.750000	1.015225e+05	1.275158e-04
2022	2	19	8	18
	7	6	-25.250000	72.000000	9.991978e+04	3.340079e-05
	288	9	45.000000	71.250000	9.715505e+04	1.140056e-04
	114	25	1.500000	67.250000	9.822295e+04	1.067557e-04
	142	27	8.500000	66.750000	9.822295e+04	7.733145e-05
	228	58	30.000000	59.000000	9.764288e+04	1.366127e-04
	122	84	3.500000	52.500000	1.004119e+05	2.163319e-04
	135	119	6.750000	43.750000	1.016302e+05	1.422695e-04
	91	162	-4.250000	33.000000	1.020103e+05	-4.907971e-05
2022	2	19	8	21
	7	6	-25.250000	72.000000	9.978084e+04	2.808895e-05
	288	10	45.000000	71.000000	9.734190e+04	1.314793e-04
	163	26	13.750000	67.000000	9.835166e+04	4.518282e-07
	140	28	8.000000	66.500000	9.835166e+04	9.954043e-05
	0	44	-27.000000	62.500000	9.539512e+04	1.556364e-04
	239	57	32.750000	59.250000	9.791407e+04	9.852745e-05
	139	121	7.750000	43.250000	1.016701e+05	1.129852e-04
	71	152	-9.250000	35.500000	1.023266e+05	1.294190e-04
2022	2	20	8	0
	6	7	-25.500000	71.750000	9.937923e+04	1.631352e-05
	141	30	8.250000	66.000000	9.849679e+04	1.012822e-04
	27	39	-20.250000	63.750000	9.507538e+04	8.752072e-05
	0	49	-27.000000	61.250000	9.493598e+04	1.451814e-04
	252	55	36.000000	59.750000	9.808976e+04	7.000364e-05
	163	123	13.750000	42.750000	1.016166e+05	-4.527578e-05
	70	154	-9.500000	35.000000	1.023272e+05	1.319507e-04
	85	162	-5.750000	33.000000	1.023745e+05	-4.447345e-05
