2022	2	10	6	0
	165	5	14.250000	72.250000	9.699839e+04	5.690416e-05
	148	22	10.000000	68.000000	9.645363e+04	4.405591e-04
	59	56	-12.250000	59.500000	9.872116e+04	4.170130e-04
	152	106	11.000000	47.000000	1.022503e+05	-3.948832e-05
	139	110	7.750000	46.000000	1.022503e+05	-7.158099e-05
	247	151	34.750000	35.750000	1.007929e+05	1.009758e-04
2022	2	10	7	6
	175	4	16.750000	72.500000	9.708182e+04	1.561848e-04
	170	13	15.500000	70.250000	9.674652e+04	-1.296090e-05
	10	14	-24.500000	70.000000	1.003394e+05	4.274201e-05
	166	22	14.500000	68.000000	9.674652e+04	3.680407e-04
	79	57	-7.250000	59.250000	9.915747e+04	3.765647e-04
	158	106	12.500000	47.000000	1.021560e+05	-3.530888e-05
	250	152	35.500000	35.500000	1.010223e+05	9.910085e-05
2022	2	10	10	12
	210	1	25.500000	73.250000	9.716584e+04	-3.164801e-05
	174	5	16.500000	72.250000	9.716584e+04	2.303396e-04
	8	6	-25.000000	72.000000	1.002991e+05	-2.206137e-05
	17	21	-22.750000	68.250000	1.002737e+05	9.716307e-05
	188	28	20.000000	66.500000	9.741984e+04	1.708839e-04
	91	63	-4.250000	57.750000	9.994490e+04	3.904529e-04
	137	117	7.250000	44.250000	1.022390e+05	1.187552e-04
	284	139	44.000000	38.750000	1.008963e+05	2.869645e-05
	281	153	43.250000	35.250000	1.009969e+05	1.018290e-04
	270	156	40.500000	34.500000	1.009969e+05	2.275871e-05
2022	2	10	9	18
	217	0	27.250000	73.500000	9.742083e+04	1.794809e-05
	8	6	-25.000000	72.000000	1.000526e+05	-3.360576e-05
	185	8	19.250000	71.500000	9.740383e+04	2.489059e-04
	10	14	-24.500000	70.000000	9.983880e+04	1.640385e-05
	39	17	-17.250000	69.250000	9.983880e+04	1.065506e-04
	212	29	26.000000	66.250000	9.787179e+04	1.468122e-04
	108	69	0.000000	56.250000	1.005436e+05	3.039176e-04
	136	119	7.000000	43.750000	1.022601e+05	9.900831e-05
	89	157	-4.750000	34.250000	1.021415e+05	-1.864970e-05
2022	2	11	4	0
	199	5	22.750000	72.250000	9.770825e+04	1.023586e-04
	56	13	-13.000000	70.250000	9.934837e+04	2.076299e-04
	0	73	-27.000000	55.250000	9.983626e+04	1.283526e-04
	122	76	3.500000	54.500000	1.009232e+05	2.883795e-04
2022	2	11	3	6
	220	0	28.000000	73.500000	9.800153e+04	4.236125e-07
	205	7	24.250000	71.750000	9.800153e+04	2.338263e-04
	61	13	-11.750000	70.250000	9.914868e+04	2.683379e-04
2022	2	11	5	12
	216	10	27.000000	71.000000	9.842260e+04	1.386595e-04
	103	15	-1.250000	69.750000	9.930187e+04	1.149205e-04
	8	59	-25.000000	58.750000	9.906524e+04	2.022523e-04
	2	70	-26.500000	56.000000	9.906524e+04	8.021102e-05
	134	119	6.500000	43.750000	1.020700e+05	9.021119e-05
2022	2	11	6	18
	235	13	31.750000	70.250000	9.866020e+04	1.023746e-04
	119	17	2.750000	69.250000	9.912015e+04	1.274270e-04
	120	17	3.000000	69.250000	9.912015e+04	1.331014e-04
	30	56	-19.500000	59.500000	9.898005e+04	1.658910e-04
	4	58	-26.000000	59.000000	9.895133e+04	2.157998e-04
	22	67	-21.500000	56.750000	9.898005e+04	1.215108e-04
2022	2	12	6	0
	255	0	36.750000	73.500000	9.879248e+04	4.305900e-05
	240	13	33.000000	70.250000	9.879306e+04	7.409250e-05
	154	18	11.500000	69.000000	9.879111e+04	2.215253e-04
	45	53	-15.750000	60.250000	9.878505e+04	1.577004e-04
	27	55	-20.250000	59.750000	9.878505e+04	1.980496e-04
	235	89	31.750000	51.250000	1.008668e+05	1.740351e-04
2022	2	12	5	6
	155	19	11.750000	68.750000	9.876981e+04	3.688767e-04
	41	52	-16.750000	60.500000	9.859533e+04	2.387863e-04
	59	56	-12.250000	59.500000	9.859533e+04	1.097073e-04
	252	91	36.000000	50.750000	1.006847e+05	2.122135e-04
	253	91	36.250000	50.750000	1.006847e+05	2.017201e-04
2022	2	12	6	12
	208	0	25.000000	73.500000	9.880655e+04	1.057070e-04
	258	0	37.500000	73.500000	9.889740e+04	4.117499e-05
	166	23	14.500000	67.750000	9.922820e+04	2.011985e-04
	75	51	-8.250000	60.750000	9.862424e+04	1.552103e-04
	33	57	-18.750000	59.250000	9.863558e+04	2.173881e-04
	280	88	43.000000	51.500000	1.005313e+05	1.223092e-04
2022	2	12	7	18
	226	0	29.500000	73.500000	9.889154e+04	9.065950e-05
	227	0	29.750000	73.500000	9.889154e+04	8.724933e-05
	265	0	39.250000	73.500000	9.889154e+04	6.330941e-05
	96	49	-3.000000	61.250000	9.859533e+04	1.995310e-04
	79	50	-7.250000	61.000000	9.859533e+04	1.948362e-04
	30	63	-19.500000	57.750000	9.865844e+04	1.686561e-04
	288	91	45.000000	50.750000	1.003703e+05	1.615782e-04
2022	2	13	3	0
	159	0	12.750000	73.500000	9.882648e+04	1.325822e-04
	246	0	34.500000	73.500000	9.908830e+04	8.017165e-05
	105	47	-0.750000	61.750000	9.860353e+04	2.146229e-04
2022	2	13	3	6
	176	0	17.000000	73.500000	9.858399e+04	1.727180e-04
	202	7	23.500000	71.750000	9.858399e+04	2.162845e-04
	117	47	2.250000	61.750000	9.854667e+04	2.023358e-04
2022	2	13	3	12
	184	0	19.000000	73.500000	9.858907e+04	8.702184e-05
	40	36	-17.000000	64.500000	1.006948e+05	-1.159818e-05
	146	44	9.500000	62.500000	9.871100e+04	6.114408e-05
2022	2	13	3	18
	196	3	22.000000	72.750000	9.868814e+04	1.565561e-04
	214	13	26.500000	70.250000	9.868814e+04	-1.058075e-05
	6	14	-25.500000	70.000000	9.967741e+04	7.885464e-05
2022	2	14	5	0
	209	6	25.250000	72.000000	9.883116e+04	1.939749e-04
	1	17	-26.750000	69.250000	9.991813e+04	6.482944e-05
	214	38	26.500000	64.000000	9.887669e+04	5.052377e-05
	5	41	-25.750000	63.250000	9.992888e+04	7.923906e-05
	114	88	1.500000	51.500000	9.898338e+04	1.620442e-04
2022	2	14	5	6
	54	5	-13.500000	72.250000	1.002362e+05	7.295280e-05
	6	7	-25.500000	71.750000	1.000459e+05	-4.747993e-05
	221	8	28.250000	71.500000	9.886555e+04	2.193621e-04
	251	31	35.750000	65.750000	9.895915e+04	5.040264e-05
	125	83	4.250000	52.750000	9.865492e+04	2.847126e-04
2022	2	14	5	12
	52	4	-14.000000	72.500000	1.001536e+05	6.659501e-05
	53	4	-13.750000	72.500000	1.001536e+05	7.122762e-05
	6	7	-25.500000	71.750000	1.001073e+05	1.461177e-05
	0	45	-27.000000	62.250000	9.797554e+04	9.711101e-05
	141	74	8.250000	55.000000	9.863753e+04	2.560921e-04
2022	2	14	6	18
	61	1	-11.750000	73.250000	1.000332e+05	1.164560e-04
	6	14	-25.500000	70.000000	9.895817e+04	-1.747337e-05
	271	16	40.750000	69.500000	9.892359e+04	1.307724e-04
	10	44	-24.500000	62.500000	9.732156e+04	3.259595e-04
	156	67	12.000000	56.750000	9.872878e+04	1.758940e-04
	138	120	7.500000	43.500000	1.010012e+05	1.562213e-04
2022	2	15	7	0
	64	0	-11.000000	73.500000	9.999922e+04	7.996534e-05
	277	13	42.250000	70.250000	9.885109e+04	7.542069e-05
	22	35	-21.500000	64.750000	9.680377e+04	8.637689e-05
	1	36	-26.750000	64.500000	9.680377e+04	1.955376e-04
	179	64	17.750000	57.500000	9.895367e+04	2.299491e-04
	160	68	13.000000	56.500000	9.895367e+04	2.032371e-04
	145	117	9.250000	44.250000	1.010866e+05	1.062806e-04
2022	2	15	7	6
	282	13	43.500000	70.250000	9.881592e+04	1.321308e-04
	283	13	43.750000	70.250000	9.881592e+04	1.252498e-04
	0	29	-27.000000	66.250000	9.730945e+04	1.042257e-04
	31	34	-19.250000	65.000000	9.737549e+04	1.688919e-04
	194	61	21.500000	58.250000	9.913676e+04	2.024988e-04
	161	111	13.250000	45.750000	1.012011e+05	1.102523e-04
	145	117	9.250000	44.250000	1.012081e+05	7.789323e-05
2022	2	15	8	12
	6	7	-25.500000	71.750000	9.887083e+04	2.494123e-05
	287	11	44.750000	70.750000	9.886497e+04	7.537405e-05
	22	28	-21.500000	66.500000	9.746713e+04	2.139683e-04
	23	28	-21.250000	66.500000	9.746713e+04	2.207740e-04
	49	38	-14.750000	64.000000	9.751070e+04	2.539972e-04
	0	40	-27.000000	63.500000	9.750016e+04	-1.675283e-06
	202	59	23.500000	58.750000	9.933352e+04	2.001654e-04
	22	87	-21.500000	51.750000	9.867993e+04	2.829980e-04
2022	2	15	9	18
	6	7	-25.500000	71.750000	9.860197e+04	2.716598e-05
	53	35	-13.750000	64.750000	9.742298e+04	2.374603e-04
	0	39	-27.000000	63.750000	9.726021e+04	1.286395e-05
	211	58	25.750000	59.000000	9.949511e+04	1.946984e-04
	55	76	-13.250000	54.500000	9.828388e+04	1.075588e-04
	59	84	-12.250000	52.500000	9.828388e+04	2.628178e-04
	60	84	-12.000000	52.500000	9.828388e+04	2.747193e-04
	168	121	15.000000	43.250000	1.014187e+05	1.168087e-04
	164	162	14.000000	33.000000	1.016212e+05	1.037163e-04
2022	2	16	8	0
	33	26	-18.750000	67.000000	9.746479e+04	2.206649e-04
	25	34	-20.750000	65.000000	9.727936e+04	-1.063523e-04
	252	50	36.000000	61.000000	9.960823e+04	1.164009e-04
	251	51	35.750000	60.750000	9.960823e+04	9.975804e-05
	220	56	28.000000	59.500000	9.950976e+04	2.047474e-04
	75	76	-8.250000	54.500000	9.793705e+04	2.746190e-04
	96	81	-3.000000	53.250000	9.768910e+04	3.086082e-04
	170	119	15.500000	43.750000	1.014504e+05	1.341754e-04
2022	2	16	6	6
	0	36	-27.000000	64.500000	9.721723e+04	8.542661e-06
	252	50	36.000000	61.000000	9.943942e+04	9.050837e-05
	228	56	30.000000	59.500000	9.943316e+04	2.275024e-04
	119	76	2.750000	54.500000	9.720609e+04	3.034582e-04
	0	82	-27.000000	53.000000	9.797398e+04	1.244345e-04
	281	121	43.250000	43.250000	1.019842e+05	-3.279618e-05
2022	2	16	5	12
	90	33	-4.500000	65.250000	9.835948e+04	2.335364e-04
	255	50	36.750000	61.000000	9.958772e+04	9.714631e-05
	4	70	-26.000000	56.000000	9.539969e+04	3.788388e-04
	133	79	6.250000	53.750000	9.785967e+04	2.899756e-04
	278	120	42.500000	43.500000	1.016161e+05	-3.610908e-05
2022	2	16	6	18
	81	30	-6.750000	66.000000	9.807910e+04	2.277048e-04
	30	62	-19.500000	58.000000	9.497979e+04	3.819685e-04
	153	71	11.250000	55.750000	9.868657e+04	7.334603e-05
	154	112	11.500000	45.500000	1.005856e+05	8.001240e-05
	139	120	7.750000	43.500000	1.006000e+05	1.362666e-04
	284	152	44.000000	35.500000	1.015891e+05	4.254084e-06
2022	2	17	4	0
	287	11	44.750000	70.750000	9.966334e+04	5.113972e-05
	61	59	-11.750000	58.750000	9.514548e+04	2.619957e-04
	156	66	12.000000	57.000000	9.876552e+04	3.378952e-05
	192	141	21.000000	38.250000	1.006405e+05	1.114713e-04
2022	2	17	4	6
	55	27	-13.250000	66.750000	9.793353e+04	1.961909e-04
	90	59	-4.500000	58.750000	9.562576e+04	1.300796e-04
	137	116	7.250000	44.500000	1.009260e+05	1.033076e-04
	203	136	23.750000	39.500000	1.004015e+05	1.117037e-04
2022	2	17	4	12
	24	35	-21.000000	64.750000	9.786827e+04	8.727353e-05
	115	59	1.750000	58.750000	9.647552e+04	1.593660e-04
	18	98	-22.500000	49.000000	9.995310e+04	1.957620e-04
	206	144	24.500000	37.500000	1.004242e+05	9.749598e-05
2022	2	17	3	18
	153	64	11.250000	57.500000	9.720902e+04	5.170253e-05
	51	86	-14.250000	52.000000	9.914711e+04	2.311434e-04
	214	146	26.500000	37.000000	1.005582e+05	1.243197e-04
2022	2	18	3	0
	132	41	6.000000	63.250000	9.810626e+04	1.135198e-04
	179	63	17.750000	57.750000	9.749155e+04	9.405577e-05
	69	81	-9.750000	53.250000	9.834445e+04	3.613722e-04
2022	2	18	3	6
	28	39	-20.000000	63.750000	9.758320e+04	-1.777510e-05
	190	60	20.500000	58.500000	9.765745e+04	1.342834e-04
	96	76	-3.000000	54.500000	9.736553e+04	4.847970e-04
2022	2	18	6	12
	134	40	6.500000	63.500000	9.791575e+04	1.126293e-04
	175	51	16.750000	60.750000	9.777155e+04	7.643272e-05
	197	57	22.250000	59.250000	9.776315e+04	1.442999e-04
	131	73	5.750000	55.250000	9.702809e+04	3.164416e-04
	230	157	30.500000	34.250000	1.004922e+05	1.205840e-04
	265	162	39.250000	33.000000	1.006077e+05	2.649733e-06
2022	2	18	7	18
	288	33	45.000000	65.250000	9.951895e+04	4.221715e-05
	288	34	45.000000	65.000000	9.951895e+04	2.564604e-05
	140	39	8.000000	63.750000	9.791321e+04	1.184283e-04
	166	72	14.500000	55.500000	9.714005e+04	1.804414e-04
	234	153	31.500000	35.250000	1.006124e+05	1.202291e-04
	264	161	39.000000	33.250000	1.007972e+05	5.786232e-05
	92	162	-4.000000	33.000000	1.017294e+05	-1.555800e-05
2022	2	19	3	0
	146	39	9.500000	63.750000	9.823405e+04	7.193783e-05
	191	71	20.750000	55.750000	9.720628e+04	1.611830e-04
	231	155	30.750000	34.750000	1.006802e+05	1.312479e-04
2022	2	19	8	6
	148	28	10.000000	66.500000	9.867368e+04	3.910028e-05
	288	32	45.000000	65.500000	9.889975e+04	2.403333e-05
	0	49	-27.000000	61.250000	9.626410e+04	-1.773756e-05
	0	57	-27.000000	59.250000	9.626410e+04	1.020461e-04
	215	70	26.750000	56.000000	9.733427e+04	6.492521e-05
	135	118	6.750000	44.000000	1.014166e+05	9.186866e-05
	150	129	10.500000	41.250000	1.014168e+05	-1.351504e-06
	233	161	31.250000	33.250000	1.010147e+05	1.085360e-04
2022	2	19	7	12
	131	21	5.750000	68.250000	9.909006e+04	8.643037e-05
	132	21	6.000000	68.250000	9.909006e+04	9.054899e-05
	148	27	10.000000	66.750000	9.909006e+04	5.846678e-05
	288	29	45.000000	66.250000	9.879111e+04	4.455947e-07
	25	41	-20.750000	63.250000	9.644934e+04	2.341080e-04
	229	69	30.250000	56.250000	9.772290e+04	1.408254e-04
	247	128	34.750000	41.500000	1.009731e+05	-1.311655e-05
2022	2	19	4	18
	288	32	45.000000	65.500000	9.884641e+04	-1.527712e-06
	0	58	-27.000000	59.000000	9.664922e+04	4.293499e-07
	14	64	-23.500000	57.500000	9.526545e+04	4.587283e-04
	241	67	33.250000	56.750000	9.819048e+04	7.951368e-05
2022	2	20	5	0
	288	30	45.000000	66.000000	9.913715e+04	2.077362e-05
	249	58	35.250000	59.000000	9.861389e+04	7.840140e-05
	33	64	-18.750000	57.500000	9.539773e+04	4.375486e-04
	250	66	35.500000	57.000000	9.861389e+04	4.990126e-05
	285	122	44.250000	43.000000	1.006784e+05	2.444588e-05
