2022	2	14	7	0
	4	6	-26.000000	72.000000	9.976158e+04	-2.810343e-05
	217	9	27.250000	71.250000	9.838112e+04	1.092493e-04
	194	12	21.500000	70.500000	9.838112e+04	1.156402e-04
	1	17	-26.750000	69.250000	9.976158e+04	8.621378e-06
	221	20	28.250000	68.500000	9.838112e+04	8.787479e-05
	114	62	1.500000	58.000000	9.848197e+04	8.161849e-05
	105	71	-0.750000	55.750000	9.848197e+04	1.015361e-04
2022	2	14	3	3
	213	9	26.250000	71.250000	9.810071e+04	2.228724e-04
	118	61	2.500000	58.250000	9.845512e+04	1.025830e-04
	107	71	-0.250000	55.750000	9.845512e+04	1.294981e-04
2022	2	14	2	6
	215	9	26.750000	71.250000	9.796532e+04	2.757304e-04
	111	70	0.750000	56.000000	9.848701e+04	1.110334e-04
2022	2	14	3	9
	224	8	29.000000	71.500000	9.802330e+04	2.022086e-04
	0	53	-27.000000	60.250000	9.805845e+04	1.223048e-04
	121	68	3.250000	56.500000	9.851666e+04	1.005349e-04
2022	2	14	3	12
	232	7	31.000000	71.750000	9.803412e+04	1.618185e-04
	0	48	-27.000000	61.500000	9.764620e+04	1.406783e-04
	130	65	5.500000	57.250000	9.842769e+04	1.873747e-04
2022	2	14	4	15
	6	7	-25.500000	71.750000	9.988332e+04	3.760256e-05
	242	13	33.500000	70.250000	9.809819e+04	1.923789e-04
	1	45	-26.750000	62.250000	9.726834e+04	1.665174e-04
	134	62	6.500000	58.000000	9.829645e+04	2.301999e-04
2022	2	14	4	18
	251	13	35.750000	70.250000	9.808603e+04	1.547771e-04
	288	13	45.000000	70.250000	9.908077e+04	7.592086e-05
	0	41	-27.000000	63.250000	9.705718e+04	1.481272e-04
	135	61	6.750000	58.250000	9.840589e+04	2.698320e-04
2022	2	14	7	21
	233	11	31.250000	70.750000	9.810071e+04	2.313912e-04
	257	12	37.250000	70.500000	9.810071e+04	1.709588e-04
	0	37	-27.000000	64.250000	9.709618e+04	1.373668e-04
	18	42	-22.500000	63.000000	9.709618e+04	1.922401e-04
	127	54	4.750000	60.000000	9.850866e+04	7.918842e-05
	140	59	8.000000	58.750000	9.850866e+04	2.633478e-04
	139	121	7.750000	43.250000	1.011143e+05	1.248292e-04
2022	2	15	8	0
	244	6	34.000000	72.000000	9.814876e+04	1.014126e-04
	6	7	-25.500000	71.750000	9.971130e+04	6.333982e-05
	262	12	38.500000	70.500000	9.814876e+04	1.784747e-04
	9	38	-24.750000	64.000000	9.731358e+04	2.358285e-04
	28	38	-20.000000	64.000000	9.731358e+04	-2.354430e-05
	127	54	4.750000	60.000000	9.856456e+04	8.563417e-05
	145	57	9.250000	59.250000	9.856456e+04	3.021431e-04
	145	118	9.250000	44.000000	1.011070e+05	1.350031e-04
2022	2	15	8	3
	240	9	33.000000	71.250000	9.821504e+04	2.197753e-04
	266	11	39.500000	70.750000	9.821504e+04	1.854673e-04
	0	34	-27.000000	65.000000	9.722223e+04	1.049629e-04
	35	36	-18.250000	64.500000	9.750280e+04	-5.077044e-05
	125	52	4.250000	60.500000	9.865413e+04	9.609367e-05
	149	55	10.250000	59.750000	9.859897e+04	3.397844e-04
	171	103	15.750000	47.750000	1.010179e+05	5.727397e-05
	147	119	9.750000	43.750000	1.010086e+05	1.003742e-04
2022	2	15	7	6
	269	11	40.250000	70.750000	9.829082e+04	1.747680e-04
	32	41	-19.000000	63.250000	9.752474e+04	1.791348e-04
	125	50	4.250000	61.000000	9.873109e+04	1.287257e-04
	152	51	11.000000	60.750000	9.856056e+04	3.225211e-04
	139	57	7.750000	59.250000	9.856056e+04	2.799803e-05
	0	87	-27.000000	51.750000	9.919703e+04	1.210989e-04
	155	117	11.750000	44.250000	1.010480e+05	1.092759e-04
2022	2	15	7	9
	273	10	41.250000	71.000000	9.842991e+04	1.844889e-04
	0	32	-27.000000	65.500000	9.752355e+04	4.175849e-05
	35	36	-18.250000	64.500000	9.764975e+04	1.178503e-04
	125	49	4.250000	61.250000	9.869625e+04	1.531088e-04
	155	50	11.750000	61.000000	9.861083e+04	2.749543e-04
	2	84	-26.500000	52.500000	9.872591e+04	1.598323e-04
	159	113	12.750000	45.250000	1.011241e+05	1.112454e-04
2022	2	15	9	12
	276	10	42.000000	71.000000	9.856649e+04	1.990444e-04
	11	30	-24.250000	66.000000	9.758717e+04	1.021806e-04
	0	37	-27.000000	64.250000	9.758717e+04	-2.427170e-05
	56	44	-13.000000	62.500000	9.794189e+04	2.494538e-04
	125	48	4.250000	61.500000	9.867356e+04	1.691910e-04
	159	48	12.750000	61.500000	9.866837e+04	2.128587e-04
	11	81	-24.250000	53.250000	9.852393e+04	2.128555e-04
	160	111	13.000000	45.750000	1.010962e+05	9.967201e-05
	153	162	11.250000	33.000000	1.016943e+05	8.001768e-05
2022	2	15	8	15
	280	10	43.000000	71.000000	9.865087e+04	2.232483e-04
	281	10	43.250000	71.000000	9.865087e+04	2.283142e-04
	0	39	-27.000000	63.750000	9.758273e+04	3.764571e-06
	51	41	-14.250000	63.250000	9.787694e+04	2.652844e-04
	165	46	14.250000	62.000000	9.865577e+04	2.079181e-04
	20	78	-22.000000	54.000000	9.825968e+04	2.499017e-04
	161	111	13.250000	45.750000	1.011499e+05	1.066919e-04
	162	162	13.500000	33.000000	1.015833e+05	-5.859639e-06
2022	2	15	7	18
	285	10	44.250000	71.000000	9.875201e+04	2.055541e-04
	286	10	44.500000	71.000000	9.875201e+04	1.763925e-04
	44	38	-16.000000	64.000000	9.792261e+04	2.403382e-04
	168	44	15.000000	62.500000	9.864939e+04	1.712663e-04
	116	57	2.000000	59.250000	9.834331e+04	1.520221e-04
	30	76	-19.500000	54.500000	9.810308e+04	2.498502e-04
	163	162	13.750000	33.000000	1.015979e+05	-1.706668e-05
2022	2	15	3	21
	121	57	3.250000	59.250000	9.824307e+04	1.923158e-04
	39	74	-17.250000	55.000000	9.813541e+04	2.258794e-04
	165	160	14.250000	33.500000	1.017303e+05	2.606870e-05
2022	2	16	4	0
	126	57	4.500000	59.250000	9.819843e+04	1.700425e-04
	55	73	-13.250000	55.250000	9.814356e+04	2.221797e-04
	0	74	-27.000000	55.000000	9.772716e+04	1.080124e-04
	169	161	15.250000	33.250000	1.017027e+05	-3.388151e-05
2022	2	16	6	3
	288	8	45.000000	71.500000	9.890208e+04	1.219141e-04
	0	40	-27.000000	63.500000	9.751911e+04	6.779839e-05
	129	57	5.250000	59.250000	9.819191e+04	1.699955e-04
	8	70	-25.000000	56.000000	9.737438e+04	2.509189e-04
	9	70	-24.750000	56.000000	9.737438e+04	2.369731e-04
	280	121	43.000000	43.250000	1.022143e+05	8.195651e-06
2022	2	16	4	6
	287	9	44.750000	71.250000	9.891245e+04	1.082669e-04
	129	37	5.250000	64.250000	9.812384e+04	1.755908e-04
	19	66	-22.250000	57.000000	9.696687e+04	2.927300e-04
	137	116	7.250000	44.500000	1.011822e+05	8.461545e-05
2022	2	16	3	9
	125	37	4.250000	64.250000	9.803442e+04	1.543082e-04
	28	62	-20.000000	58.000000	9.660638e+04	3.752764e-04
	137	117	7.250000	44.250000	1.011472e+05	1.182609e-04
2022	2	16	4	12
	122	37	3.500000	64.250000	9.794026e+04	1.539032e-04
	160	53	13.000000	60.250000	9.807684e+04	1.650526e-04
	34	60	-18.500000	58.500000	9.641107e+04	4.054312e-04
	137	117	7.250000	44.250000	1.010488e+05	1.249554e-04
2022	2	16	5	15
	287	6	44.750000	72.000000	9.896362e+04	1.456157e-04
	119	38	2.750000	64.000000	9.779226e+04	1.588579e-04
	165	52	14.250000	60.500000	9.793225e+04	1.650388e-04
	47	62	-15.250000	58.000000	9.650153e+04	2.622800e-04
	136	119	7.000000	43.750000	1.012108e+05	1.585099e-04
2022	2	16	6	18
	280	7	43.000000	71.750000	9.890459e+04	2.307415e-04
	169	51	15.250000	60.750000	9.781570e+04	1.247408e-04
	58	61	-12.500000	58.250000	9.663737e+04	2.671605e-04
	147	108	9.750000	46.500000	1.003312e+05	-6.254269e-05
	278	120	42.500000	43.500000	1.020164e+05	-2.174089e-05
	184	144	19.000000	37.500000	1.012243e+05	1.438316e-04
2022	2	16	6	21
	281	8	43.250000	71.500000	9.891068e+04	2.241329e-04
	172	51	16.000000	60.750000	9.768282e+04	9.740417e-05
	71	62	-9.250000	58.000000	9.676623e+04	2.660661e-04
	137	117	7.250000	44.250000	1.010089e+05	7.419513e-05
	281	121	43.250000	43.250000	1.019413e+05	-2.292479e-05
	187	144	19.750000	37.500000	1.011997e+05	1.532699e-04
2022	2	17	4	0
	285	8	44.250000	71.500000	9.892491e+04	1.684228e-04
	83	62	-6.250000	58.000000	9.694359e+04	2.756690e-04
	281	121	43.250000	43.250000	1.018589e+05	-3.087537e-05
	189	145	20.250000	37.250000	1.010996e+05	1.258461e-04
2022	2	17	7	3
	288	7	45.000000	71.750000	9.893366e+04	1.388427e-04
	142	70	8.500000	56.000000	9.679915e+04	2.217013e-04
	156	74	12.000000	55.000000	9.679915e+04	2.162028e-04
	150	109	10.500000	46.250000	9.980458e+04	1.268928e-05
	138	117	7.500000	44.250000	1.005959e+05	1.217325e-04
	280	121	43.000000	43.250000	1.016971e+05	-2.208500e-05
	188	143	20.000000	37.750000	1.009190e+05	1.331617e-04
2022	2	17	6	6
	288	7	45.000000	71.750000	9.895457e+04	1.460196e-04
	108	61	0.000000	58.250000	9.720621e+04	1.774763e-04
	154	72	11.500000	55.500000	9.657716e+04	2.219877e-04
	169	74	15.250000	55.000000	9.657716e+04	2.467180e-04
	280	121	43.000000	43.250000	1.015755e+05	-1.029465e-05
	188	146	20.000000	37.000000	1.010305e+05	1.120558e-04
2022	2	17	5	9
	287	6	44.750000	72.000000	9.904888e+04	1.383438e-04
	27	44	-20.250000	62.500000	9.911413e+04	1.891292e-04
	179	74	17.750000	55.000000	9.657894e+04	2.525812e-04
	1	108	-26.750000	46.500000	9.992781e+04	1.352403e-04
	279	120	42.750000	43.500000	1.013714e+05	2.563794e-06
2022	2	17	5	12
	25	43	-20.750000	62.750000	9.926821e+04	1.906171e-04
	202	71	23.500000	55.750000	9.654276e+04	1.425043e-04
	6	103	-25.500000	47.750000	9.921601e+04	3.600727e-04
	279	120	42.750000	43.500000	1.011180e+05	4.994809e-06
	84	162	-6.000000	33.000000	1.024753e+05	-3.659502e-05
2022	2	17	4	15
	25	42	-20.750000	63.000000	9.927592e+04	2.044778e-04
	210	69	25.500000	56.250000	9.655166e+04	1.224092e-04
	14	99	-23.500000	48.750000	9.840500e+04	5.758572e-04
	84	162	-6.000000	33.000000	1.020377e+05	-4.641114e-05
2022	2	17	4	18
	25	42	-20.750000	63.000000	9.922684e+04	1.702809e-04
	216	68	27.000000	56.500000	9.663010e+04	1.321734e-04
	22	97	-21.500000	49.250000	9.788554e+04	5.781093e-04
	85	162	-5.750000	33.000000	1.020078e+05	-4.754815e-05
2022	2	17	3	21
	24	40	-21.000000	63.500000	9.921660e+04	1.493351e-04
	223	66	28.750000	57.000000	9.679530e+04	1.667165e-04
	34	93	-18.500000	50.250000	9.781391e+04	6.163893e-04
2022	2	18	4	0
	163	24	13.750000	67.500000	9.847662e+04	3.720595e-05
	18	38	-22.500000	64.000000	9.928527e+04	1.315602e-04
	230	61	30.500000	58.250000	9.693498e+04	1.448210e-04
	44	87	-16.000000	51.750000	9.738727e+04	5.690246e-04
2022	2	18	5	3
	163	24	13.750000	67.500000	9.852260e+04	3.431417e-05
	14	37	-23.500000	64.250000	9.916915e+04	1.385933e-04
	231	50	30.750000	61.000000	9.697591e+04	9.609809e-05
	56	82	-13.000000	53.000000	9.679381e+04	4.436329e-04
	71	82	-9.250000	53.000000	9.679381e+04	1.480611e-05
2022	2	18	5	6
	154	27	11.500000	66.750000	9.852497e+04	7.831004e-05
	8	36	-25.000000	64.500000	9.908032e+04	1.648755e-04
	232	49	31.000000	61.250000	9.702248e+04	1.465106e-04
	66	78	-10.500000	54.000000	9.632313e+04	4.035591e-04
	85	78	-5.750000	54.000000	9.632313e+04	1.087770e-04
2022	2	18	5	9
	158	25	12.500000	67.250000	9.854633e+04	8.183603e-05
	233	47	31.250000	61.750000	9.710790e+04	1.514357e-04
	74	75	-8.500000	54.750000	9.629645e+04	4.467211e-04
	102	75	-1.500000	54.750000	9.644962e+04	7.068564e-05
	138	117	7.500000	44.250000	1.014964e+05	4.587954e-05
2022	2	18	4	12
	6	7	-25.500000	71.750000	1.003540e+05	-7.081297e-05
	158	25	12.500000	67.250000	9.854217e+04	9.758121e-05
	236	44	32.000000	62.500000	9.718159e+04	1.546444e-04
	91	71	-4.250000	55.750000	9.643376e+04	3.385627e-04
2022	2	18	3	15
	239	42	32.750000	63.000000	9.728406e+04	1.498735e-04
	107	64	-0.250000	57.500000	9.617796e+04	3.140917e-04
	226	142	29.500000	38.000000	1.005569e+05	6.227589e-05
2022	2	18	5	18
	244	39	34.000000	63.750000	9.733004e+04	1.406445e-04
	0	48	-27.000000	61.500000	9.875348e+04	1.271477e-05
	0	57	-27.000000	59.250000	9.875348e+04	7.932139e-05
	113	63	1.250000	57.750000	9.601988e+04	3.144450e-04
	222	148	28.500000	36.500000	1.005183e+05	2.381247e-04
2022	2	18	3	21
	249	32	35.250000	65.500000	9.733004e+04	1.003800e-04
	125	63	4.250000	57.750000	9.611775e+04	2.151406e-04
	223	150	28.750000	36.000000	1.005048e+05	2.099430e-04
2022	2	19	5	0
	267	15	39.750000	69.750000	9.727754e+04	1.305644e-04
	135	64	6.750000	57.500000	9.626026e+04	1.958766e-04
	127	122	4.750000	43.000000	1.013437e+05	1.260635e-04
	110	135	0.500000	39.750000	1.013136e+05	8.687465e-05
	222	153	28.500000	35.250000	1.005782e+05	1.624173e-04
2022	2	19	5	3
	269	11	40.250000	70.750000	9.706162e+04	6.794088e-05
	145	63	9.250000	57.750000	9.643777e+04	2.192244e-04
	282	121	43.500000	43.250000	1.012393e+05	3.610315e-05
	108	139	0.000000	38.750000	1.012518e+05	3.946813e-05
	119	142	2.750000	38.000000	1.012518e+05	-1.532310e-05
2022	2	19	5	6
	272	7	41.000000	71.750000	9.687775e+04	1.025035e-04
	146	17	9.500000	69.250000	9.795434e+04	1.513428e-04
	26	53	-20.500000	60.250000	9.838365e+04	1.200639e-04
	45	59	-15.750000	58.750000	9.876209e+04	1.981493e-04
	157	62	12.250000	58.000000	9.681620e+04	1.405180e-04
2022	2	19	8	9
	275	4	41.750000	72.500000	9.677705e+04	1.284781e-04
	139	18	7.750000	69.000000	9.803976e+04	1.308599e-04
	49	59	-14.750000	58.750000	9.883401e+04	1.675160e-04
	176	63	17.000000	57.750000	9.718575e+04	1.429397e-04
	152	106	11.000000	47.000000	1.014149e+05	-6.952754e-05
	136	116	7.000000	44.500000	1.014961e+05	1.060820e-04
	275	162	41.750000	33.000000	1.009859e+05	7.787696e-05
	285	162	44.250000	33.000000	1.009859e+05	4.520503e-05
2022	2	19	9	12
	273	1	41.250000	73.250000	9.669001e+04	1.068890e-04
	274	1	41.500000	73.250000	9.669001e+04	1.010237e-04
	275	1	41.750000	73.250000	9.669001e+04	9.840973e-05
	276	1	42.000000	73.250000	9.669001e+04	9.821060e-05
	134	18	6.500000	69.000000	9.812621e+04	1.269980e-04
	193	58	21.250000	59.000000	9.738075e+04	5.013837e-05
	74	61	-8.500000	58.250000	9.895546e+04	2.157940e-04
	137	117	7.250000	44.250000	1.014690e+05	1.271451e-04
	285	162	44.250000	33.000000	1.007304e+05	4.331654e-05
2022	2	19	9	15
	275	0	41.750000	73.500000	9.663351e+04	1.291445e-04
	135	19	6.750000	68.750000	9.821548e+04	1.187318e-04
	0	56	-27.000000	59.500000	9.668690e+04	1.268963e-04
	203	56	23.750000	59.500000	9.760245e+04	7.629596e-05
	204	56	24.000000	59.500000	9.760245e+04	8.049991e-05
	80	60	-7.000000	58.500000	9.900366e+04	1.843108e-04
	135	119	6.750000	43.750000	1.014101e+05	1.018890e-04
	97	144	-2.750000	37.500000	1.015703e+05	8.004341e-05
	283	148	43.750000	36.500000	1.011042e+05	-2.198216e-05
2022	2	19	7	18
	279	0	42.750000	73.500000	9.658873e+04	1.905564e-04
	113	19	1.250000	68.750000	9.827717e+04	1.557458e-04
	117	20	2.250000	68.500000	9.827169e+04	1.401798e-04
	155	21	11.750000	68.250000	9.826739e+04	8.497659e-05
	218	55	27.500000	59.750000	9.778826e+04	1.065792e-04
	278	148	42.500000	36.500000	1.012851e+05	3.193797e-06
	286	162	44.500000	33.000000	1.010892e+05	1.227061e-04
2022	2	19	7	21
	285	0	44.250000	73.500000	9.660400e+04	1.365409e-04
	115	20	1.750000	68.500000	9.830639e+04	1.458855e-04
	155	21	11.750000	68.250000	9.831573e+04	8.121850e-05
	0	48	-27.000000	61.500000	9.509439e+04	1.468280e-04
	233	53	31.250000	60.250000	9.789221e+04	7.339552e-05
	275	146	41.750000	37.000000	1.014517e+05	8.510675e-06
	285	162	44.250000	33.000000	1.011815e+05	1.393931e-04
2022	2	20	5	0
	115	21	1.750000	68.250000	9.829556e+04	1.729181e-04
	0	52	-27.000000	60.500000	9.441506e+04	2.244401e-04
	241	52	33.250000	60.500000	9.796709e+04	6.075044e-05
	269	150	40.250000	36.000000	1.014324e+05	4.694134e-05
	284	162	44.000000	33.000000	1.012280e+05	1.175356e-04
