2022	2	14	5	0
	2	6	-26.500000	72.000000	9.978214e+04	-1.694471e-05
	222	10	28.500000	71.000000	9.842709e+04	1.470984e-04
	1	17	-26.750000	69.250000	9.978214e+04	1.807444e-05
	217	26	27.250000	67.000000	9.855775e+04	1.229577e-04
	107	71	-0.250000	55.750000	9.849587e+04	7.150130e-05
2022	2	14	5	3
	58	4	-12.500000	72.500000	1.000889e+05	6.919285e-05
	217	8	27.250000	71.500000	9.814320e+04	1.595584e-04
	232	20	31.000000	68.500000	9.818942e+04	7.553623e-05
	233	20	31.250000	68.500000	9.819443e+04	7.889450e-05
	111	70	0.750000	56.000000	9.844495e+04	8.847443e-05
2022	2	14	4	6
	62	4	-11.500000	72.500000	1.000894e+05	7.677866e-05
	217	8	27.250000	71.500000	9.802225e+04	1.913306e-04
	113	70	1.250000	56.000000	9.847174e+04	1.091225e-04
	122	121	3.500000	43.250000	1.008997e+05	2.082829e-04
2022	2	14	4	9
	68	2	-10.000000	73.000000	1.001665e+05	7.588200e-05
	219	8	27.750000	71.500000	9.810607e+04	2.616514e-04
	0	53	-27.000000	60.250000	9.798998e+04	1.467059e-04
	119	67	2.750000	56.750000	9.849649e+04	9.021411e-05
2022	2	14	4	12
	76	0	-8.000000	73.500000	1.001812e+05	5.175888e-05
	237	6	32.250000	72.000000	9.816670e+04	1.451206e-04
	0	49	-27.000000	61.250000	9.760018e+04	1.572992e-04
	126	64	4.500000	57.500000	9.846704e+04	9.162434e-05
2022	2	14	3	15
	234	6	31.500000	72.000000	9.821135e+04	1.190365e-04
	1	45	-26.750000	62.250000	9.718280e+04	1.622043e-04
	130	62	5.500000	58.000000	9.841299e+04	1.753503e-04
2022	2	14	3	18
	256	7	37.000000	71.750000	9.829470e+04	1.242937e-04
	0	41	-27.000000	63.250000	9.695219e+04	1.584014e-04
	132	62	6.000000	58.000000	9.852219e+04	1.925963e-04
2022	2	14	8	21
	255	6	36.750000	72.000000	9.828123e+04	1.327655e-04
	235	11	31.750000	70.750000	9.828123e+04	2.523559e-04
	0	36	-27.000000	64.500000	9.707016e+04	1.214563e-04
	27	39	-20.250000	63.750000	9.709131e+04	-2.672921e-05
	126	53	4.500000	60.250000	9.863499e+04	5.565568e-05
	151	54	10.750000	60.000000	9.863499e+04	2.752524e-04
	134	61	6.500000	58.250000	9.863499e+04	2.189755e-04
	139	121	7.750000	43.250000	1.011411e+05	1.169805e-04
2022	2	15	9	0
	6	7	-25.500000	71.750000	9.959131e+04	4.882435e-05
	253	7	36.250000	71.750000	9.828624e+04	1.011143e-04
	254	7	36.500000	71.750000	9.828624e+04	1.061249e-04
	0	37	-27.000000	64.250000	9.736439e+04	1.152176e-04
	27	39	-20.250000	63.750000	9.736439e+04	4.673272e-05
	126	53	4.500000	60.250000	9.868450e+04	8.315959e-05
	153	53	11.250000	60.250000	9.868450e+04	2.348516e-04
	138	61	7.500000	58.250000	9.868450e+04	2.365031e-04
	145	118	9.250000	44.000000	1.011292e+05	1.313888e-04
2022	2	15	6	3
	253	8	36.250000	71.500000	9.828483e+04	1.152734e-04
	22	35	-21.500000	64.750000	9.729577e+04	6.536579e-05
	125	51	4.250000	60.750000	9.873181e+04	1.038179e-04
	153	53	11.250000	60.250000	9.865943e+04	1.430229e-04
	143	61	8.750000	58.250000	9.865943e+04	2.123512e-04
	147	119	9.750000	43.750000	1.010313e+05	8.313515e-05
2022	2	15	7	6
	255	10	36.750000	71.000000	9.834202e+04	1.778373e-04
	28	38	-20.000000	64.000000	9.735953e+04	1.430574e-04
	124	49	4.000000	61.250000	9.876095e+04	1.371483e-04
	154	51	11.500000	60.750000	9.870643e+04	1.326878e-04
	149	59	10.250000	58.750000	9.870643e+04	1.587704e-04
	0	86	-27.000000	52.000000	9.903403e+04	1.202562e-04
	157	116	12.250000	44.500000	1.010983e+05	8.349270e-05
2022	2	15	8	9
	260	13	38.000000	70.250000	9.854162e+04	1.829945e-04
	0	30	-27.000000	66.000000	9.738491e+04	8.357350e-05
	25	34	-20.750000	65.000000	9.738570e+04	1.540737e-04
	0	40	-27.000000	63.500000	9.738491e+04	-6.007927e-06
	50	44	-14.500000	62.500000	9.766253e+04	2.628010e-04
	124	48	4.000000	61.500000	9.872648e+04	1.568298e-04
	156	56	12.000000	59.500000	9.880890e+04	1.263134e-04
	0	83	-27.000000	52.750000	9.851561e+04	1.016614e-04
2022	2	15	10	12
	277	9	42.250000	71.250000	9.868670e+04	1.014287e-04
	278	9	42.500000	71.250000	9.868670e+04	1.086803e-04
	0	29	-27.000000	66.250000	9.742001e+04	7.218445e-05
	0	39	-27.000000	63.750000	9.742001e+04	7.115313e-06
	44	40	-16.000000	63.500000	9.769309e+04	2.573462e-04
	124	46	4.000000	62.000000	9.867651e+04	1.675749e-04
	156	49	12.000000	61.250000	9.876863e+04	1.180090e-04
	10	80	-24.500000	53.500000	9.830238e+04	2.209328e-04
	166	111	14.500000	45.750000	1.010939e+05	1.030576e-04
	154	162	11.500000	33.000000	1.016514e+05	4.518282e-05
2022	2	15	7	15
	282	10	43.500000	71.000000	9.880451e+04	1.640226e-04
	37	35	-17.750000	64.750000	9.757558e+04	2.249265e-04
	0	37	-27.000000	64.250000	9.740512e+04	-7.492991e-06
	0	38	-27.000000	64.000000	9.740512e+04	-1.250860e-06
	27	76	-20.250000	54.500000	9.794564e+04	2.674602e-04
	169	113	15.250000	45.250000	1.011090e+05	5.293969e-05
	161	162	13.250000	33.000000	1.015455e+05	5.839456e-06
2022	2	15	5	18
	285	10	44.250000	71.000000	9.894896e+04	1.623044e-04
	68	43	-10.000000	62.750000	9.809088e+04	1.939205e-04
	184	45	19.000000	62.250000	9.881015e+04	9.957376e-05
	37	74	-17.750000	55.000000	9.761977e+04	3.020727e-04
	163	162	13.750000	33.000000	1.015569e+05	-1.328815e-05
2022	2	15	6	21
	287	11	44.750000	70.750000	9.910219e+04	1.234392e-04
	0	37	-27.000000	64.250000	9.747438e+04	-1.664444e-05
	65	41	-10.750000	63.250000	9.803416e+04	2.039664e-04
	190	43	20.500000	62.750000	9.882942e+04	1.076269e-04
	49	72	-14.750000	55.500000	9.760378e+04	3.137739e-04
	166	160	14.500000	33.500000	1.016779e+05	-1.559207e-06
2022	2	16	4	0
	60	38	-12.000000	64.000000	9.797447e+04	2.350480e-04
	196	40	22.000000	63.500000	9.886201e+04	1.051295e-04
	64	70	-11.000000	56.000000	9.764327e+04	3.092316e-04
	0	73	-27.000000	55.250000	9.732977e+04	1.023739e-04
2022	2	16	5	3
	55	36	-13.250000	64.500000	9.780088e+04	2.141771e-04
	204	37	24.000000	64.250000	9.883287e+04	1.430834e-04
	118	52	2.500000	60.500000	9.820744e+04	9.997634e-05
	76	70	-8.000000	56.000000	9.774369e+04	2.647057e-04
	2	71	-26.500000	55.750000	9.675838e+04	2.325974e-04
2022	2	16	5	6
	52	36	-14.000000	64.500000	9.775277e+04	2.494286e-04
	211	36	25.750000	64.500000	9.887971e+04	1.288869e-04
	24	66	-21.000000	57.000000	9.645507e+04	2.476767e-04
	84	69	-6.000000	56.250000	9.789252e+04	1.687231e-04
	99	71	-2.250000	55.750000	9.789252e+04	1.629666e-04
2022	2	16	2	9
	216	35	27.000000	64.750000	9.898139e+04	1.179996e-04
	29	65	-19.750000	57.250000	9.613217e+04	3.343827e-04
2022	2	16	3	12
	287	9	44.750000	71.250000	9.932294e+04	9.911810e-05
	53	62	-13.750000	58.000000	9.641716e+04	2.722063e-04
	36	67	-18.000000	56.750000	9.641716e+04	3.816782e-04
2022	2	16	4	15
	286	10	44.500000	71.000000	9.928314e+04	1.300256e-04
	53	63	-13.750000	57.750000	9.654578e+04	2.496317e-04
	136	114	7.000000	45.000000	1.010905e+05	1.399475e-05
	186	139	19.500000	38.750000	1.011442e+05	1.628035e-04
2022	2	16	5	18
	0	34	-27.000000	65.000000	9.802993e+04	3.469545e-05
	94	62	-3.500000	58.000000	9.652150e+04	1.708666e-04
	108	65	0.000000	57.250000	9.652150e+04	2.031371e-04
	278	120	42.500000	43.500000	1.019758e+05	-1.586731e-05
	187	137	19.750000	39.250000	1.011554e+05	1.305074e-04
2022	2	16	4	21
	0	32	-27.000000	65.500000	9.824707e+04	6.790554e-05
	123	64	3.750000	57.500000	9.638331e+04	2.438961e-04
	137	117	7.250000	44.250000	1.010556e+05	6.737839e-05
	187	138	19.750000	39.000000	1.011613e+05	1.284045e-04
2022	2	17	5	0
	0	30	-27.000000	66.000000	9.851812e+04	8.457662e-05
	128	65	5.000000	57.250000	9.619703e+04	1.936392e-04
	153	68	11.250000	56.500000	9.611305e+04	2.415395e-04
	138	117	7.500000	44.250000	1.008951e+05	6.198133e-05
	189	140	20.250000	38.500000	1.010400e+05	7.118147e-05
2022	2	17	4	3
	288	6	45.000000	72.000000	9.924538e+04	1.070261e-04
	160	66	13.000000	57.000000	9.577669e+04	3.263163e-04
	280	121	43.000000	43.250000	1.016341e+05	-6.648249e-06
	188	141	20.000000	38.250000	1.009584e+05	1.184274e-04
2022	2	17	6	6
	286	6	44.500000	72.000000	9.920934e+04	1.418803e-04
	166	65	14.500000	57.250000	9.588886e+04	3.657898e-04
	10	75	-24.500000	54.750000	9.911801e+04	1.814870e-04
	137	113	7.250000	45.250000	1.004141e+05	1.566011e-06
	280	121	43.000000	43.250000	1.015262e+05	-9.679684e-06
	185	143	19.250000	37.750000	1.010050e+05	1.458950e-04
2022	2	17	2	9
	175	65	16.750000	57.250000	9.609817e+04	3.228456e-04
	13	72	-23.750000	55.500000	9.866633e+04	2.555638e-04
2022	2	17	4	12
	190	58	20.500000	59.000000	9.635151e+04	1.519095e-04
	22	66	-21.500000	57.000000	9.827041e+04	2.880471e-04
	181	66	18.250000	57.000000	9.635151e+04	2.831914e-04
	156	109	12.000000	46.250000	1.001235e+05	4.897220e-05
2022	2	17	4	15
	288	28	45.000000	66.500000	9.913446e+04	8.331410e-05
	196	56	22.000000	59.500000	9.655973e+04	1.858409e-04
	21	65	-21.750000	57.250000	9.780291e+04	4.680025e-04
	189	67	20.250000	56.750000	9.655973e+04	2.737494e-04
2022	2	17	2	18
	199	54	22.750000	60.000000	9.666783e+04	2.228975e-04
	28	67	-20.000000	56.750000	9.753845e+04	3.537317e-04
2022	2	17	3	21
	204	50	24.000000	61.000000	9.684471e+04	2.437770e-04
	25	58	-20.750000	59.000000	9.747140e+04	3.821664e-04
	37	67	-17.750000	56.750000	9.747140e+04	3.391641e-04
2022	2	18	3	0
	206	48	24.500000	61.500000	9.691318e+04	2.077849e-04
	25	58	-20.750000	59.000000	9.746325e+04	3.771313e-04
	46	66	-15.500000	57.000000	9.740575e+04	2.896719e-04
2022	2	18	4	3
	207	47	24.750000	61.750000	9.698023e+04	1.721748e-04
	33	60	-18.750000	58.500000	9.742377e+04	2.352270e-04
	55	64	-13.250000	57.500000	9.741625e+04	2.337430e-04
	137	116	7.250000	44.500000	1.015210e+05	5.736966e-05
2022	2	18	4	6
	152	20	11.000000	68.500000	9.843336e+04	9.255921e-05
	209	46	25.250000	62.000000	9.706922e+04	1.525391e-04
	80	65	-7.000000	57.250000	9.725362e+04	2.885182e-04
	137	116	7.250000	44.500000	1.014516e+05	9.658394e-05
2022	2	18	6	9
	147	21	9.750000	68.250000	9.831445e+04	7.986814e-05
	220	38	28.000000	64.000000	9.719409e+04	2.658166e-05
	213	46	26.250000	62.000000	9.719409e+04	1.290787e-04
	83	62	-6.250000	58.000000	9.665357e+04	2.770520e-04
	105	62	-0.750000	58.000000	9.665357e+04	3.125755e-04
	116	123	2.000000	42.750000	1.015405e+05	3.816194e-05
2022	2	18	5	12
	147	21	9.750000	68.250000	9.817626e+04	1.178595e-04
	245	30	34.250000	66.000000	9.729248e+04	1.345770e-04
	221	38	28.250000	64.000000	9.730047e+04	1.646201e-05
	219	46	27.750000	62.000000	9.731144e+04	1.455010e-04
	107	61	-0.250000	58.250000	9.603691e+04	4.403212e-04
2022	2	18	5	15
	245	28	34.250000	66.500000	9.724234e+04	1.652895e-04
	224	37	29.000000	64.250000	9.725174e+04	2.930388e-05
	132	58	6.000000	59.000000	9.602078e+04	8.966544e-05
	0	59	-27.000000	58.750000	9.808884e+04	7.591768e-05
	112	61	1.000000	58.250000	9.602078e+04	4.504165e-04
2022	2	18	6	18
	245	26	34.250000	67.000000	9.715304e+04	1.377581e-04
	228	36	30.000000	64.500000	9.715884e+04	5.206254e-06
	0	55	-27.000000	59.750000	9.795331e+04	1.021281e-04
	151	59	10.750000	58.750000	9.642280e+04	3.703977e-04
	37	60	-17.750000	58.500000	9.820477e+04	1.961441e-04
	119	62	2.750000	58.000000	9.615207e+04	4.119232e-04
2022	2	18	5	21
	251	22	35.750000	68.000000	9.713769e+04	1.429526e-04
	147	25	9.750000	67.250000	9.763292e+04	1.068440e-04
	157	57	12.250000	59.250000	9.632362e+04	3.504213e-04
	35	59	-18.250000	58.750000	9.817501e+04	1.154983e-04
	129	64	5.250000	57.500000	9.636341e+04	3.663055e-04
2022	2	19	13	0
	7	6	-25.250000	72.000000	1.003637e+05	6.161044e-06
	253	18	36.250000	69.000000	9.702206e+04	1.826675e-04
	147	25	9.750000	67.250000	9.754330e+04	1.027962e-04
	146	26	9.500000	67.000000	9.754330e+04	1.046055e-04
	147	26	9.750000	67.000000	9.754330e+04	1.103304e-04
	187	55	19.750000	59.750000	9.642687e+04	2.632650e-04
	0	57	-27.000000	59.250000	9.810184e+04	1.062024e-04
	162	57	13.500000	59.250000	9.638080e+04	3.330842e-04
	39	60	-17.250000	58.500000	9.822405e+04	1.092658e-04
	141	65	8.250000	57.250000	9.654720e+04	2.973918e-04
	47	68	-15.250000	56.500000	9.822405e+04	1.662026e-04
	137	117	7.250000	44.250000	1.014909e+05	8.550794e-05
	107	139	-0.250000	38.750000	1.015577e+05	8.590728e-05
2022	2	19	14	3
	7	6	-25.250000	72.000000	1.003346e+05	-1.891268e-05
	252	17	36.000000	69.250000	9.692101e+04	1.743129e-04
	253	17	36.250000	69.250000	9.692101e+04	1.826105e-04
	237	23	32.250000	67.750000	9.692101e+04	8.332450e-05
	148	27	10.000000	66.750000	9.749709e+04	1.374295e-04
	243	32	33.750000	65.500000	9.710777e+04	2.996774e-05
	192	52	21.000000	60.500000	9.631359e+04	3.084835e-04
	6	55	-25.500000	59.750000	9.826399e+04	1.922119e-04
	169	58	15.250000	59.000000	9.632566e+04	2.680413e-04
	58	68	-12.500000	56.500000	9.826446e+04	2.005474e-04
	152	107	11.000000	46.750000	1.014095e+05	-3.411019e-05
	137	117	7.250000	44.250000	1.014352e+05	8.999176e-05
	121	142	3.250000	38.000000	1.015386e+05	-3.775982e-05
	260	162	38.000000	33.000000	1.005519e+05	5.395959e-05
2022	2	19	15	6
	7	6	-25.250000	72.000000	1.002735e+05	-1.993494e-05
	252	16	36.000000	69.500000	9.687212e+04	1.819145e-04
	233	22	31.250000	68.000000	9.687212e+04	9.062493e-05
	146	27	9.500000	66.750000	9.748612e+04	9.628804e-05
	248	30	35.000000	66.000000	9.697146e+04	6.362898e-05
	194	51	21.500000	60.750000	9.618763e+04	3.425748e-04
	11	53	-24.250000	60.250000	9.841800e+04	1.854724e-04
	178	59	17.500000	58.750000	9.618763e+04	1.823211e-04
	58	60	-12.500000	58.500000	9.836505e+04	1.855634e-04
	73	69	-8.750000	56.250000	9.836160e+04	2.117129e-04
	150	109	10.500000	46.250000	1.015240e+05	3.088916e-05
	137	117	7.250000	44.250000	1.014040e+05	9.512073e-05
	244	161	34.000000	33.250000	1.009266e+05	8.593861e-05
	261	162	38.250000	33.000000	1.007941e+05	5.533938e-05
	277	162	42.250000	33.000000	1.007663e+05	9.941483e-05
2022	2	19	13	9
	251	15	35.750000	69.750000	9.696316e+04	1.762303e-04
	144	29	9.000000	66.250000	9.760425e+04	1.105221e-04
	145	29	9.250000	66.250000	9.760425e+04	1.065415e-04
	9	48	-24.750000	61.500000	9.855541e+04	1.690420e-04
	198	51	22.500000	60.750000	9.636859e+04	3.386129e-04
	58	61	-12.500000	58.250000	9.894865e+04	2.210006e-04
	81	70	-6.750000	56.000000	9.874795e+04	2.106693e-04
	103	73	-1.250000	55.250000	9.877678e+04	1.781113e-04
	137	117	7.250000	44.250000	1.015416e+05	1.061416e-04
	271	146	40.750000	37.000000	1.008602e+05	-2.583122e-06
	278	161	42.500000	33.250000	1.006466e+05	1.532558e-04
	243	162	33.750000	33.000000	1.010979e+05	6.837451e-05
	265	162	39.250000	33.000000	1.006466e+05	6.230633e-05
2022	2	19	9	12
	251	15	35.750000	69.750000	9.703444e+04	1.768217e-04
	149	30	10.250000	66.000000	9.769246e+04	1.195326e-04
	15	49	-23.250000	61.250000	9.847456e+04	1.598143e-04
	203	52	23.750000	60.500000	9.661033e+04	3.398185e-04
	60	61	-12.000000	58.250000	9.927359e+04	2.006828e-04
	111	73	0.750000	55.250000	9.879307e+04	1.914074e-04
	137	117	7.250000	44.250000	1.015050e+05	1.199031e-04
	269	147	40.250000	36.750000	1.007106e+05	4.583914e-06
	279	158	42.750000	34.000000	1.006023e+05	1.509299e-04
2022	2	19	9	15
	251	14	35.750000	70.000000	9.714395e+04	1.823759e-04
	153	30	11.250000	66.000000	9.782484e+04	1.171052e-04
	210	53	25.500000	60.250000	9.691286e+04	2.760688e-04
	71	64	-9.250000	57.500000	9.962077e+04	1.514042e-04
	133	74	6.250000	55.000000	9.887470e+04	1.837416e-04
	150	106	10.500000	47.000000	1.013290e+05	-4.078204e-05
	135	119	6.750000	43.750000	1.013777e+05	1.370460e-04
	265	147	39.250000	36.750000	1.011179e+05	9.825952e-06
	281	156	43.250000	34.500000	1.008188e+05	1.523676e-04
2022	2	19	7	18
	250	13	35.500000	70.250000	9.721884e+04	1.723217e-04
	155	31	11.750000	65.750000	9.794862e+04	1.267204e-04
	227	48	29.750000	61.500000	9.722730e+04	4.546327e-05
	147	73	9.750000	55.250000	9.882864e+04	1.938554e-04
	139	121	7.750000	43.250000	1.015132e+05	1.009202e-04
	281	153	43.250000	35.250000	1.011684e+05	1.309889e-04
	280	162	43.000000	33.000000	1.011684e+05	4.986574e-05
2022	2	19	7	21
	247	13	34.750000	70.250000	9.725488e+04	1.763426e-04
	154	33	11.500000	65.250000	9.814226e+04	1.497704e-04
	236	50	32.000000	61.000000	9.733634e+04	1.095737e-04
	0	55	-27.000000	59.750000	9.667770e+04	1.653334e-04
	163	72	13.750000	55.500000	9.883976e+04	1.783881e-04
	142	120	8.500000	43.500000	1.015636e+05	8.722450e-05
	280	151	43.000000	35.750000	1.014228e+05	1.320523e-04
2022	2	20	6	0
	244	14	34.000000	70.000000	9.732381e+04	1.943264e-04
	244	47	34.000000	61.750000	9.749364e+04	8.783135e-05
	0	52	-27.000000	60.500000	9.578984e+04	1.441046e-04
	179	70	17.750000	56.000000	9.884571e+04	1.676540e-04
	146	126	9.500000	42.000000	1.015138e+05	7.581284e-05
	278	151	42.500000	35.750000	1.015563e+05	1.201821e-04
