2022	2	10	7	0
	168	8	15.000000	71.500000	9.682664e+04	6.259469e-05
	169	8	15.250000	71.500000	9.683249e+04	8.083884e-05
	148	22	10.000000	68.000000	9.650391e+04	4.481084e-04
	59	56	-12.250000	59.500000	9.859257e+04	4.814575e-04
	152	106	11.000000	47.000000	1.022484e+05	-4.122063e-05
	139	110	7.750000	46.000000	1.022484e+05	-7.589430e-05
	248	150	35.000000	36.000000	1.008007e+05	9.328443e-05
2022	2	10	6	6
	177	5	17.250000	72.250000	9.718262e+04	1.428805e-04
	8	6	-25.000000	72.000000	1.003184e+05	-1.632033e-05
	166	23	14.500000	67.750000	9.680125e+04	3.517460e-04
	78	59	-7.500000	58.750000	9.904999e+04	4.831616e-04
	158	106	12.500000	47.000000	1.021610e+05	-3.763341e-05
	250	152	35.500000	35.500000	1.010398e+05	9.231532e-05
2022	2	10	8	12
	211	0	25.750000	73.500000	9.731275e+04	-2.298142e-05
	178	4	17.500000	72.500000	9.731275e+04	1.158934e-04
	19	20	-22.250000	68.500000	1.001804e+05	9.949366e-05
	190	28	20.500000	66.500000	9.761822e+04	1.592463e-04
	94	63	-3.500000	57.750000	9.997969e+04	3.578523e-04
	137	117	7.250000	44.250000	1.022737e+05	1.233001e-04
	284	139	44.000000	38.750000	1.009754e+05	3.232319e-05
	269	156	40.250000	34.500000	1.010329e+05	3.191766e-05
2022	2	10	7	18
	203	0	23.750000	73.500000	9.752677e+04	-2.782345e-05
	183	7	18.750000	71.750000	9.752677e+04	1.804754e-04
	184	7	19.000000	71.750000	9.752677e+04	1.660921e-04
	39	16	-17.250000	69.500000	9.976895e+04	1.214492e-04
	210	29	25.500000	66.250000	9.807508e+04	1.467836e-04
	111	68	0.750000	56.500000	1.004893e+05	2.889571e-04
	87	156	-5.250000	34.500000	1.021276e+05	-2.215161e-08
2022	2	11	5	0
	219	0	27.750000	73.500000	9.771068e+04	2.602772e-05
	203	8	23.750000	71.500000	9.771068e+04	2.056298e-04
	54	14	-13.500000	70.000000	9.937288e+04	2.274775e-04
	0	71	-27.000000	55.750000	9.985327e+04	1.419723e-04
	123	74	3.750000	55.000000	1.008907e+05	3.188138e-04
2022	2	11	4	6
	217	0	27.250000	73.500000	9.794495e+04	-1.141729e-05
	212	8	26.000000	71.500000	9.794495e+04	1.603721e-04
	72	14	-9.000000	70.000000	9.921679e+04	1.848185e-04
	135	80	6.750000	53.500000	1.013437e+05	2.405072e-04
2022	2	11	7	12
	210	0	25.500000	73.500000	9.828096e+04	-7.679912e-05
	220	8	28.000000	71.500000	9.828096e+04	2.037597e-04
	86	14	-5.500000	70.000000	9.927400e+04	1.675939e-04
	15	58	-23.250000	59.000000	9.905955e+04	1.883844e-04
	16	58	-23.000000	59.000000	9.905955e+04	1.965758e-04
	0	69	-27.000000	56.250000	9.905328e+04	9.322393e-05
	135	119	6.750000	43.750000	1.020260e+05	9.970512e-05
2022	2	11	6	18
	221	0	28.250000	73.500000	9.852123e+04	-5.749068e-05
	228	10	30.000000	71.000000	9.852123e+04	1.905480e-04
	127	16	4.750000	69.500000	9.922920e+04	9.465370e-05
	11	57	-24.250000	59.250000	9.869687e+04	2.211518e-04
	24	64	-21.000000	57.500000	9.869687e+04	1.013393e-04
	135	123	6.750000	42.750000	1.021534e+05	6.557434e-05
2022	2	12	4	0
	242	13	33.500000	70.250000	9.863038e+04	1.848257e-04
	150	18	10.500000	69.000000	9.892344e+04	1.609683e-04
	41	51	-16.750000	60.750000	9.851738e+04	2.384769e-04
	43	59	-16.250000	58.750000	9.851738e+04	1.010221e-04
2022	2	12	8	6
	162	0	13.500000	73.500000	9.851253e+04	1.945659e-04
	236	3	32.000000	72.750000	9.860227e+04	7.952007e-05
	247	12	34.750000	70.500000	9.860227e+04	1.710677e-04
	248	12	35.000000	70.500000	9.860227e+04	1.751807e-04
	156	20	12.000000	68.500000	9.900077e+04	2.800108e-04
	53	53	-13.750000	60.250000	9.837584e+04	1.185238e-04
	34	55	-18.500000	59.750000	9.837584e+04	2.405625e-04
	248	95	35.000000	49.750000	1.013304e+05	1.603515e-04
2022	2	12	5	12
	178	1	17.500000	73.250000	9.851780e+04	2.863632e-04
	236	1	32.000000	73.250000	9.863680e+04	1.289600e-04
	254	11	36.500000	70.750000	9.863680e+04	1.593135e-04
	69	51	-9.750000	60.750000	9.850283e+04	1.293060e-04
	265	97	39.250000	49.250000	1.011656e+05	1.619269e-04
2022	2	12	5	18
	238	0	32.500000	73.500000	9.860969e+04	1.211615e-04
	189	2	20.250000	73.000000	9.849084e+04	2.310678e-04
	258	10	37.500000	71.000000	9.866248e+04	1.797863e-04
	76	51	-8.000000	60.750000	9.835658e+04	1.533978e-04
	287	99	44.750000	48.750000	1.010334e+05	7.401757e-05
2022	2	13	6	0
	241	0	33.250000	73.500000	9.861554e+04	1.891218e-05
	91	1	-4.250000	73.250000	9.955123e+04	2.101980e-04
	203	4	23.750000	72.500000	9.861554e+04	2.229782e-04
	266	11	39.500000	70.750000	9.884055e+04	1.997079e-04
	99	47	-2.250000	61.750000	9.830251e+04	8.294659e-05
	41	102	-16.750000	48.000000	9.987952e+04	2.174757e-04
2022	2	13	4	6
	222	5	28.500000	72.250000	9.864693e+04	2.188684e-04
	98	7	-2.500000	71.750000	9.934163e+04	2.309763e-04
	130	34	5.500000	65.000000	9.778901e+04	2.101637e-04
	62	99	-11.500000	48.750000	9.889662e+04	2.786678e-04
2022	2	13	4	12
	238	2	32.500000	73.000000	9.876863e+04	2.589822e-04
	140	33	8.000000	65.250000	9.755188e+04	2.582047e-04
	77	98	-7.750000	49.000000	9.834188e+04	3.593586e-04
	271	120	40.750000	43.500000	1.026957e+05	5.986551e-05
2022	2	13	4	18
	246	0	34.500000	73.500000	9.886951e+04	9.470527e-05
	148	33	10.000000	65.250000	9.740049e+04	3.712540e-04
	174	36	16.500000	64.500000	9.740049e+04	6.799233e-05
	94	93	-3.500000	50.250000	9.792570e+04	3.927349e-04
2022	2	14	4	0
	200	26	23.000000	67.000000	9.817238e+04	6.017963e-05
	162	32	13.500000	65.500000	9.772823e+04	2.993792e-04
	185	34	19.250000	65.000000	9.772823e+04	-1.217046e-05
	112	86	1.000000	52.000000	9.790543e+04	3.043134e-04
2022	2	14	4	6
	202	23	23.500000	67.750000	9.804455e+04	7.831227e-05
	183	32	18.750000	65.500000	9.804455e+04	1.363479e-04
	130	72	5.500000	55.500000	9.773807e+04	1.470672e-04
	122	80	3.500000	53.500000	9.773807e+04	3.242834e-04
2022	2	14	2	12
	206	27	24.500000	66.750000	9.824059e+04	7.151726e-05
	137	78	7.250000	54.000000	9.830450e+04	2.928242e-04
2022	2	14	5	18
	188	10	20.000000	71.000000	9.810176e+04	1.251268e-04
	212	23	26.000000	67.750000	9.802542e+04	9.483570e-05
	0	45	-27.000000	62.250000	9.749095e+04	1.270515e-04
	158	62	12.500000	58.000000	9.844005e+04	1.487738e-04
	137	120	7.250000	43.500000	1.008313e+05	8.792015e-05
2022	2	15	8	0
	184	11	19.000000	70.750000	9.789887e+04	9.410763e-05
	214	17	26.500000	69.250000	9.789887e+04	1.689971e-04
	288	24	45.000000	67.500000	1.000994e+05	-9.367101e-06
	0	40	-27.000000	63.500000	9.738552e+04	1.505357e-04
	20	44	-22.000000	62.500000	9.738552e+04	2.507745e-04
	174	61	16.500000	58.250000	9.859043e+04	1.325665e-04
	146	118	9.500000	44.000000	1.009946e+05	1.034941e-04
	280	121	43.000000	43.250000	1.020273e+05	-9.400131e-07
2022	2	15	6	6
	213	7	26.250000	71.750000	9.781170e+04	3.113094e-05
	215	15	26.750000	69.750000	9.781170e+04	1.308955e-04
	3	35	-26.250000	64.750000	9.739550e+04	2.149567e-04
	37	45	-17.750000	62.250000	9.786234e+04	2.404199e-04
	192	55	21.000000	59.750000	9.849327e+04	1.950892e-04
	147	119	9.750000	43.750000	1.010648e+05	7.589501e-05
2022	2	15	8	12
	209	8	25.250000	71.500000	9.764062e+04	9.239390e-05
	288	20	45.000000	68.500000	9.956093e+04	-8.321790e-05
	0	30	-27.000000	66.000000	9.796564e+04	1.162570e-04
	30	38	-19.500000	64.000000	9.795979e+04	1.924619e-04
	204	52	24.000000	60.500000	9.849498e+04	2.401521e-04
	5	82	-25.750000	53.000000	9.842578e+04	2.205793e-04
	154	120	11.500000	43.500000	1.010294e+05	3.304349e-05
	165	125	14.250000	42.250000	1.010294e+05	1.196987e-04
2022	2	15	5	18
	215	9	26.750000	71.250000	9.754602e+04	1.988520e-04
	36	36	-18.000000	64.500000	9.811902e+04	1.561893e-04
	228	43	30.000000	62.750000	9.854777e+04	1.837610e-04
	28	77	-20.000000	54.250000	9.824601e+04	2.430300e-04
	166	117	14.500000	44.250000	1.010960e+05	1.845258e-04
2022	2	16	7	0
	6	7	-25.500000	71.750000	9.945691e+04	5.003141e-06
	224	8	29.000000	71.500000	9.766845e+04	1.671515e-04
	250	33	35.500000	65.250000	9.845431e+04	1.465069e-04
	74	43	-8.500000	62.750000	9.821547e+04	2.211157e-04
	146	63	9.500000	57.750000	9.889248e+04	2.295202e-04
	0	73	-27.000000	55.250000	9.628233e+04	1.608187e-04
	281	121	43.250000	43.250000	1.020679e+05	-1.347803e-05
2022	2	16	13	6
	217	0	27.250000	73.500000	9.763306e+04	1.334768e-04
	6	7	-25.500000	71.750000	9.913860e+04	1.097215e-05
	193	8	21.250000	71.500000	9.763306e+04	8.236636e-05
	288	26	45.000000	67.000000	9.873411e+04	1.014976e-04
	260	29	38.000000	66.250000	9.832291e+04	1.817249e-04
	157	63	12.250000	57.750000	9.900562e+04	2.079945e-04
	13	64	-23.750000	57.500000	9.496170e+04	4.093028e-04
	287	123	44.750000	42.750000	1.022192e+05	-2.775975e-05
	176	126	17.000000	42.000000	1.012079e+05	1.167945e-04
	175	127	16.750000	41.750000	1.012079e+05	9.532379e-05
	176	127	17.000000	41.750000	1.012079e+05	1.225214e-04
	163	133	13.750000	40.250000	1.013086e+05	5.681569e-05
	181	137	18.250000	39.250000	1.012079e+05	1.870825e-04
2022	2	16	8	12
	210	1	25.500000	73.250000	9.757128e+04	1.681152e-04
	6	7	-25.500000	71.750000	9.908381e+04	1.952646e-06
	271	22	40.750000	68.000000	9.828552e+04	1.161556e-04
	273	23	41.250000	67.750000	9.828552e+04	9.570098e-05
	47	54	-15.250000	60.000000	9.474212e+04	3.063380e-04
	183	61	18.750000	58.250000	9.920052e+04	1.412662e-04
	277	120	42.250000	43.500000	1.018879e+05	-6.085344e-06
	181	131	18.250000	40.750000	1.010690e+05	1.851820e-04
2022	2	16	7	18
	205	0	24.250000	73.500000	9.773336e+04	5.967264e-05
	278	21	42.500000	68.250000	9.825813e+04	1.291301e-04
	0	38	-27.000000	64.000000	9.773208e+04	1.045889e-05
	64	52	-11.000000	60.500000	9.482159e+04	2.525783e-04
	190	60	20.500000	58.500000	9.929669e+04	1.081709e-04
	136	116	7.000000	44.500000	1.016469e+05	8.367511e-05
	179	129	17.750000	41.250000	1.011763e+05	1.669231e-04
2022	2	17	4	0
	193	0	21.250000	73.500000	9.776247e+04	3.371025e-05
	0	31	-27.000000	65.750000	9.792412e+04	5.003127e-05
	99	51	-2.250000	60.750000	9.515089e+04	1.987120e-04
	137	117	7.250000	44.250000	1.015660e+05	8.299872e-05
2022	2	17	3	6
	182	0	18.500000	73.500000	9.769755e+04	5.285855e-05
	0	26	-27.000000	67.000000	9.860412e+04	1.051039e-04
	114	52	1.500000	60.500000	9.559733e+04	1.620208e-04
2022	2	17	4	12
	173	0	16.250000	73.500000	9.776532e+04	8.458042e-05
	190	55	20.500000	59.750000	9.631614e+04	2.643429e-04
	126	56	4.500000	59.500000	9.632755e+04	2.115443e-04
	156	58	12.000000	59.000000	9.647794e+04	1.736549e-04
2022	2	17	5	18
	167	0	14.750000	73.500000	9.786049e+04	1.427129e-04
	51	38	-14.250000	64.000000	9.954723e+04	1.187918e-04
	188	53	20.000000	60.250000	9.616462e+04	3.094946e-04
	15	94	-23.250000	50.000000	9.984871e+04	2.922791e-04
	154	109	11.500000	46.250000	1.010980e+05	4.724707e-05
2022	2	18	5	0
	164	1	14.000000	73.250000	9.806052e+04	1.898101e-04
	53	35	-13.750000	64.750000	9.949644e+04	1.724304e-04
	201	57	23.250000	59.250000	9.662604e+04	1.192547e-04
	37	80	-17.750000	53.500000	9.915758e+04	3.399884e-04
	151	129	10.750000	41.250000	1.014437e+05	1.251853e-04
2022	2	18	5	6
	160	3	13.000000	72.750000	9.818466e+04	2.345845e-04
	48	30	-15.000000	66.000000	9.904272e+04	1.868585e-04
	25	34	-20.750000	65.000000	9.853336e+04	-5.297804e-05
	212	60	26.000000	58.500000	9.716736e+04	1.050231e-04
	53	69	-13.750000	56.250000	9.772438e+04	6.044717e-04
2022	2	18	7	12
	162	5	13.500000	72.250000	9.831634e+04	2.378085e-04
	163	5	13.750000	72.250000	9.831634e+04	2.325767e-04
	162	6	13.500000	72.000000	9.831634e+04	2.431759e-04
	41	28	-16.750000	66.500000	9.871242e+04	2.797791e-04
	25	34	-20.750000	65.000000	9.871242e+04	-2.934021e-05
	280	47	43.000000	61.750000	9.772623e+04	1.946305e-04
	76	63	-8.000000	57.750000	9.677656e+04	6.790150e-04
2022	2	18	5	18
	165	6	14.250000	72.000000	9.829894e+04	1.897579e-04
	40	27	-17.000000	66.750000	9.885110e+04	2.442160e-04
	288	43	45.000000	62.750000	9.804169e+04	1.008555e-04
	103	59	-1.250000	58.750000	9.696076e+04	3.928353e-04
	213	145	26.250000	37.250000	1.009381e+05	6.985138e-05
2022	2	19	4	0
	169	8	15.250000	71.500000	9.830750e+04	1.560969e-04
	82	24	-6.500000	67.500000	9.934877e+04	9.419850e-05
	45	28	-15.750000	66.500000	9.931181e+04	1.513733e-04
	126	59	4.500000	58.750000	9.718662e+04	3.442474e-04
2022	2	19	3	6
	173	7	16.250000	71.750000	9.833546e+04	1.411891e-04
	0	57	-27.000000	59.250000	9.672834e+04	4.803797e-05
	147	62	9.750000	58.000000	9.777673e+04	2.802356e-04
2022	2	19	6	12
	216	3	27.000000	72.750000	9.855162e+04	7.054965e-05
	181	7	18.250000	71.750000	9.855162e+04	1.499187e-04
	0	44	-27.000000	62.500000	9.579893e+04	1.685041e-04
	273	59	41.250000	58.750000	9.932408e+04	4.445001e-05
	173	66	16.250000	57.000000	9.839282e+04	1.950266e-04
	264	162	39.000000	33.000000	1.006879e+05	1.288336e-05
2022	2	19	7	18
	194	7	21.500000	71.750000	9.865677e+04	2.067105e-04
	213	13	26.250000	70.250000	9.865677e+04	-1.647451e-05
	0	34	-27.000000	65.000000	9.646281e+04	1.675059e-04
	193	70	21.250000	56.000000	9.885296e+04	1.478577e-04
	72	106	-9.000000	47.000000	1.019536e+05	9.612464e-05
	263	160	38.750000	33.500000	1.009020e+05	7.214834e-05
	280	162	43.000000	33.000000	1.008864e+05	2.902654e-05
2022	2	20	7	0
	68	3	-10.000000	72.750000	9.993531e+04	2.059321e-04
	197	7	22.250000	71.750000	9.885852e+04	1.853014e-04
	0	45	-27.000000	62.250000	9.698359e+04	1.285389e-04
	214	74	26.500000	55.000000	9.927343e+04	1.314090e-04
	274	150	41.500000	36.000000	1.007026e+05	9.505041e-05
	267	162	39.750000	33.000000	1.006925e+05	-1.440510e-05
	279	162	42.750000	33.000000	1.006925e+05	3.992526e-05
