2022	2	14	7	0
	4	6	-26.000000	72.000000	9.976820e+04	-2.283140e-05
	220	10	28.000000	71.000000	9.836505e+04	1.268355e-04
	193	12	21.250000	70.500000	9.836505e+04	1.548137e-04
	194	12	21.500000	70.500000	9.836505e+04	1.348215e-04
	222	20	28.500000	68.500000	9.836505e+04	6.660618e-05
	114	62	1.500000	58.000000	9.845231e+04	9.664355e-05
	103	71	-1.250000	55.750000	9.845231e+04	1.420094e-04
2022	2	14	3	3
	213	9	26.250000	71.250000	9.809761e+04	2.178277e-04
	116	62	2.000000	58.000000	9.844636e+04	1.243431e-04
	108	70	0.000000	56.000000	9.844636e+04	1.261158e-04
2022	2	14	2	6
	215	9	26.750000	71.250000	9.797416e+04	3.054562e-04
	118	68	2.500000	56.500000	9.849148e+04	1.956588e-05
2022	2	14	3	9
	233	9	31.250000	71.250000	9.801128e+04	1.697038e-04
	0	52	-27.000000	60.500000	9.798027e+04	1.074556e-04
	122	66	3.500000	57.000000	9.855368e+04	3.945192e-05
2022	2	14	3	12
	231	9	30.750000	71.250000	9.798794e+04	1.830723e-04
	1	49	-26.750000	61.250000	9.747782e+04	1.736744e-04
	126	64	4.500000	57.500000	9.850919e+04	1.124068e-04
2022	2	14	4	15
	231	11	30.750000	70.750000	9.808084e+04	1.732785e-04
	288	14	45.000000	70.000000	9.935473e+04	-1.254288e-05
	2	44	-26.500000	62.500000	9.693511e+04	2.380993e-04
	126	62	4.500000	58.000000	9.844323e+04	1.647661e-04
2022	2	14	5	18
	250	13	35.500000	70.250000	9.810998e+04	1.444143e-04
	0	40	-27.000000	63.500000	9.681666e+04	1.422515e-04
	128	52	5.000000	60.500000	9.848662e+04	7.011547e-05
	146	58	9.500000	59.000000	9.848662e+04	1.774986e-04
	128	63	5.000000	57.750000	9.848662e+04	2.388839e-04
2022	2	14	7	21
	256	13	37.000000	70.250000	9.810732e+04	1.575567e-04
	288	13	45.000000	70.250000	9.880357e+04	4.746226e-05
	27	39	-20.250000	63.750000	9.713847e+04	1.273667e-05
	125	53	4.250000	60.250000	9.855885e+04	8.646600e-05
	149	55	10.250000	59.750000	9.855885e+04	2.291856e-04
	131	62	5.750000	58.000000	9.855885e+04	2.684225e-04
	140	121	8.000000	43.250000	1.011048e+05	1.200714e-04
2022	2	15	9	0
	6	7	-25.500000	71.750000	9.960713e+04	5.186783e-05
	245	7	34.250000	71.750000	9.819474e+04	1.165596e-04
	264	13	39.000000	70.250000	9.819474e+04	1.762314e-04
	0	37	-27.000000	64.250000	9.722417e+04	1.093658e-04
	28	38	-20.000000	64.000000	9.724955e+04	-2.063681e-06
	125	51	4.250000	60.750000	9.863734e+04	9.933595e-05
	148	54	10.000000	60.000000	9.863734e+04	1.700206e-04
	134	61	6.500000	58.250000	9.863734e+04	2.374030e-04
	145	118	9.250000	44.000000	1.010828e+05	1.326891e-04
2022	2	15	8	3
	244	8	34.000000	71.500000	9.828029e+04	2.137009e-04
	271	13	40.750000	70.250000	9.828029e+04	1.825727e-04
	28	38	-20.000000	64.000000	9.731284e+04	3.914970e-05
	125	51	4.250000	60.750000	9.869609e+04	6.605426e-05
	150	52	10.500000	60.500000	9.866382e+04	1.324199e-04
	142	62	8.500000	58.000000	9.866382e+04	2.022096e-04
	171	103	15.750000	47.750000	1.009930e+05	8.342856e-05
	146	118	9.500000	44.000000	1.009888e+05	9.687374e-05
2022	2	15	8	6
	244	12	34.000000	70.500000	9.838666e+04	2.047168e-04
	274	12	41.500000	70.500000	9.838666e+04	1.578593e-04
	0	34	-27.000000	65.000000	9.731426e+04	3.689299e-05
	28	38	-20.000000	64.000000	9.733916e+04	1.065709e-04
	123	49	3.750000	61.250000	9.872962e+04	9.509312e-05
	148	60	10.000000	58.500000	9.870738e+04	1.756239e-04
	0	86	-27.000000	52.000000	9.901977e+04	1.206614e-04
	146	117	9.500000	44.250000	1.010462e+05	8.859789e-05
2022	2	15	6	9
	277	12	42.250000	70.500000	9.856230e+04	1.908904e-04
	0	33	-27.000000	65.250000	9.736956e+04	2.589842e-05
	24	35	-21.000000	64.750000	9.736956e+04	1.677146e-04
	123	48	3.750000	61.500000	9.867588e+04	1.229094e-04
	5	82	-25.750000	53.000000	9.863655e+04	1.996547e-04
	158	113	12.500000	45.250000	1.011483e+05	9.626478e-05
2022	2	15	6	12
	279	12	42.750000	70.500000	9.874341e+04	2.154674e-04
	36	35	-18.000000	64.750000	9.758388e+04	1.593080e-04
	0	37	-27.000000	64.250000	9.742220e+04	-4.998310e-05
	16	79	-23.000000	53.750000	9.846908e+04	2.364161e-04
	159	113	12.750000	45.250000	1.011655e+05	8.799449e-05
	160	113	13.000000	45.250000	1.011655e+05	9.221509e-05
2022	2	15	5	15
	286	12	44.500000	70.500000	9.889052e+04	1.604515e-04
	0	35	-27.000000	64.750000	9.742095e+04	-3.776520e-05
	29	76	-19.750000	54.500000	9.822921e+04	2.476850e-04
	156	118	12.000000	44.000000	1.011178e+05	5.526234e-06
	160	162	13.000000	33.000000	1.015459e+05	4.197376e-05
2022	2	15	3	18
	287	12	44.750000	70.500000	9.904202e+04	1.084877e-04
	39	74	-17.250000	55.000000	9.817453e+04	2.323595e-04
	163	162	13.750000	33.000000	1.016039e+05	2.381210e-05
2022	2	15	5	21
	188	43	20.000000	62.750000	9.890854e+04	8.588260e-05
	125	59	4.250000	58.750000	9.845576e+04	1.991740e-04
	48	72	-15.000000	55.500000	9.825804e+04	1.948352e-04
	182	110	18.500000	46.000000	1.013830e+05	2.556060e-05
	167	159	14.750000	33.750000	1.017147e+05	-8.912067e-06
2022	2	16	3	0
	192	42	21.000000	63.000000	9.896134e+04	1.027912e-04
	129	58	5.250000	59.000000	9.852830e+04	1.793786e-04
	0	66	-27.000000	57.000000	9.660359e+04	1.243686e-04
2022	2	16	5	3
	242	15	33.500000	69.750000	9.962594e+04	2.403911e-05
	131	36	5.750000	64.500000	9.847785e+04	1.982601e-04
	206	38	24.500000	64.000000	9.895398e+04	1.241225e-04
	207	38	24.750000	64.000000	9.895398e+04	1.188104e-04
	6	62	-25.500000	58.000000	9.609253e+04	2.791591e-04
2022	2	16	5	6
	129	36	5.250000	64.500000	9.837837e+04	1.859297e-04
	215	36	26.750000	64.500000	9.895695e+04	1.202860e-04
	12	58	-24.000000	59.000000	9.578498e+04	3.174868e-04
	151	59	10.750000	58.750000	9.851357e+04	1.968451e-04
	39	62	-17.250000	58.000000	9.590202e+04	1.586326e-04
2022	2	16	8	9
	127	35	4.750000	64.750000	9.832384e+04	1.725914e-04
	217	36	27.250000	64.500000	9.905706e+04	8.229759e-05
	19	54	-22.250000	60.000000	9.575835e+04	3.125062e-04
	48	56	-15.000000	59.500000	9.591769e+04	2.345823e-04
	158	58	12.500000	59.000000	9.853817e+04	1.589523e-04
	137	116	7.250000	44.500000	1.014565e+05	7.591209e-05
	278	120	42.500000	43.500000	1.019857e+05	9.355389e-06
	181	137	18.250000	39.250000	1.014405e+05	1.483866e-04
2022	2	16	5	12
	30	51	-19.500000	60.750000	9.585862e+04	1.660473e-04
	163	57	13.750000	59.250000	9.853112e+04	1.185404e-04
	39	61	-17.250000	58.250000	9.585862e+04	2.356289e-04
	40	61	-17.000000	58.250000	9.585862e+04	2.316168e-04
	184	136	19.000000	39.500000	1.012293e+05	1.465754e-04
2022	2	16	5	15
	0	38	-27.000000	64.000000	9.746560e+04	4.024265e-05
	37	51	-17.750000	60.750000	9.594855e+04	2.872327e-04
	54	52	-13.500000	60.500000	9.594855e+04	1.146607e-04
	182	52	18.500000	60.500000	9.838244e+04	1.570108e-04
	184	134	19.000000	40.000000	1.010545e+05	1.492982e-04
2022	2	16	5	18
	32	51	-19.000000	60.750000	9.614830e+04	4.051375e-04
	184	51	19.000000	60.750000	9.821934e+04	1.454962e-04
	77	54	-7.750000	60.000000	9.623072e+04	1.664351e-04
	137	117	7.250000	44.250000	1.013614e+05	9.499638e-05
	184	134	19.000000	40.000000	1.011134e+05	1.309893e-04
2022	2	16	6	21
	187	49	19.750000	61.250000	9.801583e+04	1.668173e-04
	34	50	-18.500000	61.000000	9.662443e+04	3.388981e-04
	84	54	-6.000000	60.000000	9.627584e+04	2.066134e-04
	113	56	1.250000	59.500000	9.630733e+04	2.344486e-04
	137	117	7.250000	44.250000	1.012578e+05	6.600440e-05
	187	137	19.750000	39.250000	1.011489e+05	7.512041e-05
2022	2	17	5	0
	278	10	42.500000	71.000000	9.929050e+04	1.436479e-04
	38	50	-17.500000	61.000000	9.708489e+04	3.161057e-04
	116	54	2.000000	60.000000	9.619296e+04	2.113301e-04
	88	55	-5.000000	59.750000	9.630513e+04	2.662069e-04
	138	117	7.500000	44.250000	1.012284e+05	8.232390e-05
2022	2	17	4	3
	118	54	2.500000	60.000000	9.617666e+04	2.448947e-04
	95	56	-3.250000	59.500000	9.617666e+04	2.592630e-04
	152	62	11.000000	58.000000	9.660312e+04	2.253202e-04
	201	146	23.250000	37.000000	1.011460e+05	5.034383e-05
2022	2	17	5	6
	122	54	3.500000	60.000000	9.624576e+04	3.350961e-04
	161	62	13.250000	58.000000	9.660469e+04	2.913824e-04
	184	65	19.000000	57.250000	9.658855e+04	2.619645e-04
	138	117	7.500000	44.250000	1.010897e+05	5.819931e-05
	201	146	23.250000	37.000000	1.012417e+05	4.626987e-05
2022	2	17	4	9
	137	41	7.250000	63.250000	9.685834e+04	1.130853e-04
	126	55	4.500000	59.750000	9.656098e+04	2.644711e-04
	166	62	14.500000	58.000000	9.634462e+04	2.151938e-04
	189	63	20.250000	57.750000	9.633600e+04	2.639994e-04
2022	2	17	4	12
	136	40	7.000000	63.500000	9.730736e+04	1.015426e-04
	131	58	5.750000	59.000000	9.714536e+04	2.422252e-04
	193	61	21.250000	58.250000	9.616867e+04	3.035374e-04
	23	76	-21.250000	54.500000	9.948305e+04	2.588234e-04
2022	2	17	5	15
	288	28	45.000000	66.500000	9.885088e+04	3.456700e-05
	138	39	7.500000	63.750000	9.753814e+04	8.347520e-05
	147	62	9.750000	58.000000	9.761162e+04	1.600352e-04
	195	62	21.750000	58.000000	9.624576e+04	3.181515e-04
	28	76	-20.000000	54.500000	9.934298e+04	2.795846e-04
2022	2	17	6	18
	288	27	45.000000	66.750000	9.860272e+04	1.791127e-05
	140	39	8.000000	63.750000	9.767444e+04	7.358786e-05
	216	57	27.000000	59.250000	9.646807e+04	1.432063e-04
	200	63	23.000000	57.750000	9.646807e+04	3.452991e-04
	42	73	-16.500000	55.250000	9.918695e+04	1.969117e-04
	43	73	-16.250000	55.250000	9.918695e+04	1.883515e-04
2022	2	17	5	21
	142	38	8.500000	64.000000	9.777283e+04	1.019202e-04
	17	43	-22.750000	62.750000	9.842819e+04	1.799737e-04
	222	54	28.500000	60.000000	9.678800e+04	1.300733e-04
	207	65	24.750000	57.250000	9.676481e+04	3.058394e-04
	51	71	-14.250000	55.750000	9.904766e+04	1.881208e-04
2022	2	18	3	0
	145	38	9.250000	64.000000	9.783456e+04	1.302715e-04
	17	43	-22.750000	62.750000	9.850370e+04	1.721355e-04
	231	50	30.750000	61.000000	9.686461e+04	1.635346e-04
2022	2	18	4	3
	148	37	10.000000	64.250000	9.785367e+04	1.446077e-04
	17	43	-22.750000	62.750000	9.856605e+04	1.779462e-04
	233	48	31.250000	61.500000	9.689829e+04	1.890115e-04
	75	66	-8.250000	57.000000	9.856183e+04	2.445146e-04
2022	2	18	6	6
	6	7	-25.500000	71.750000	1.004109e+05	-4.511101e-05
	152	36	11.000000	64.500000	9.789754e+04	1.456432e-04
	17	43	-22.750000	62.750000	9.865974e+04	1.745004e-04
	238	44	32.500000	62.500000	9.694874e+04	1.960157e-04
	239	44	32.750000	62.500000	9.694874e+04	1.777194e-04
	82	65	-6.500000	57.250000	9.836896e+04	2.181391e-04
2022	2	18	4	9
	6	7	-25.500000	71.750000	1.004268e+05	-4.219857e-05
	152	33	11.000000	65.250000	9.797305e+04	9.996798e-05
	15	42	-23.250000	63.000000	9.881814e+04	1.471368e-04
	240	42	33.000000	63.000000	9.699057e+04	1.910464e-04
2022	2	18	4	12
	3	17	-26.250000	69.250000	9.980814e+04	-6.004297e-05
	244	39	34.000000	63.750000	9.701595e+04	1.420833e-04
	13	42	-23.750000	63.000000	9.889601e+04	1.370025e-04
	275	118	41.750000	44.000000	1.001528e+05	-3.648190e-05
2022	2	18	5	15
	6	7	-25.500000	71.750000	1.003908e+05	-3.611963e-05
	2	17	-26.500000	69.250000	9.979279e+04	-6.394942e-05
	246	38	34.500000	64.000000	9.701470e+04	1.835808e-04
	11	40	-24.250000	63.500000	9.880670e+04	1.408026e-04
	276	118	42.000000	44.000000	1.002717e+05	-2.868326e-05
2022	2	18	6	18
	6	7	-25.500000	71.750000	1.003986e+05	-2.396041e-05
	248	36	35.000000	64.500000	9.698290e+04	1.467232e-04
	6	39	-25.500000	63.750000	9.872805e+04	1.495217e-04
	0	56	-27.000000	59.500000	9.855070e+04	1.181085e-04
	152	66	11.000000	57.000000	9.758138e+04	2.390545e-04
	279	119	42.750000	43.750000	1.003634e+05	4.573826e-05
2022	2	18	7	21
	6	7	-25.500000	71.750000	1.003114e+05	-4.292697e-05
	274	24	41.500000	67.500000	9.699559e+04	1.348858e-04
	140	26	8.000000	67.000000	9.780620e+04	7.235655e-05
	250	35	35.500000	64.750000	9.691537e+04	1.289936e-04
	0	37	-27.000000	64.250000	9.848976e+04	9.797885e-05
	160	64	13.000000	57.500000	9.736188e+04	2.714183e-04
	282	121	43.500000	43.250000	1.004837e+05	5.486764e-05
2022	2	19	9	0
	273	23	41.250000	67.750000	9.693887e+04	1.138257e-04
	274	23	41.500000	67.750000	9.694623e+04	1.070133e-04
	142	27	8.500000	66.750000	9.778364e+04	6.412107e-05
	252	34	36.000000	65.000000	9.691960e+04	1.305694e-04
	0	49	-27.000000	61.250000	9.825052e+04	1.023262e-04
	179	64	17.750000	57.500000	9.722652e+04	2.078504e-04
	138	117	7.500000	44.250000	1.011865e+05	1.072605e-04
	107	139	-0.250000	38.750000	1.015571e+05	4.803789e-05
	261	162	38.250000	33.000000	1.006402e+05	2.515399e-05
2022	2	19	11	3
	129	21	5.250000	68.250000	9.779602e+04	4.129916e-05
	130	21	5.500000	68.250000	9.779602e+04	4.224272e-05
	274	22	41.500000	68.000000	9.702535e+04	8.383744e-05
	146	28	9.500000	66.500000	9.779602e+04	8.110295e-05
	258	32	37.500000	65.500000	9.702535e+04	1.188278e-04
	192	63	21.000000	57.750000	9.709351e+04	1.958363e-04
	74	69	-8.500000	56.250000	9.921984e+04	2.402930e-04
	150	109	10.500000	46.250000	1.010520e+05	3.665147e-05
	137	117	7.250000	44.250000	1.011847e+05	1.037134e-04
	119	145	2.750000	37.250000	1.015448e+05	6.865056e-07
	262	162	38.500000	33.000000	1.006581e+05	6.375759e-05
2022	2	19	12	6
	2	6	-26.500000	72.000000	1.001390e+05	3.792620e-05
	288	16	45.000000	69.500000	9.738570e+04	1.836629e-05
	0	17	-27.000000	69.250000	9.942587e+04	-3.986070e-05
	151	19	10.750000	68.750000	9.777095e+04	3.760836e-05
	128	22	5.000000	68.000000	9.777095e+04	7.869310e-05
	148	27	10.000000	66.750000	9.777095e+04	7.861121e-05
	148	28	10.000000	66.500000	9.777095e+04	8.058123e-05
	260	30	38.000000	66.000000	9.714771e+04	9.837264e-05
	7	46	-25.250000	62.000000	9.773648e+04	1.215277e-04
	204	62	24.000000	58.000000	9.707721e+04	2.056811e-04
	150	109	10.500000	46.250000	1.012154e+05	4.702929e-05
	137	117	7.250000	44.250000	1.012340e+05	1.119865e-04
2022	2	19	9	9
	6	7	-25.500000	71.750000	1.000751e+05	-8.080239e-08
	0	17	-27.000000	69.250000	9.928252e+04	-6.345901e-05
	145	18	9.250000	69.000000	9.779930e+04	5.142463e-05
	276	22	42.000000	68.000000	9.724124e+04	7.555370e-05
	125	23	4.250000	67.750000	9.779930e+04	9.095338e-05
	3	44	-26.250000	62.500000	9.735812e+04	1.639423e-04
	213	61	26.250000	58.250000	9.728794e+04	2.032713e-04
	150	110	10.500000	46.000000	1.014203e+05	2.847645e-05
	136	117	7.000000	44.250000	1.013571e+05	1.163799e-04
2022	2	19	14	12
	6	7	-25.500000	71.750000	1.000856e+05	-9.812618e-06
	0	17	-27.000000	69.250000	9.921201e+04	-9.451175e-05
	145	17	9.250000	69.250000	9.784772e+04	5.025878e-05
	279	19	42.750000	68.750000	9.738836e+04	1.084113e-04
	278	20	42.500000	68.500000	9.738836e+04	1.052536e-04
	126	24	4.500000	67.500000	9.784772e+04	1.153043e-04
	265	28	39.250000	66.500000	9.738836e+04	1.032299e-04
	31	46	-19.250000	62.000000	9.756180e+04	1.481064e-04
	0	49	-27.000000	61.250000	9.729702e+04	-1.486519e-05
	27	60	-20.250000	58.500000	9.731973e+04	2.018699e-04
	232	60	31.000000	58.500000	9.742862e+04	1.605583e-04
	135	118	6.750000	44.000000	1.013990e+05	1.232318e-04
	117	126	2.250000	42.000000	1.017477e+05	-1.348458e-04
	95	145	-3.250000	37.250000	1.017579e+05	3.576115e-05
2022	2	19	11	15
	283	16	43.750000	69.500000	9.748424e+04	1.398006e-04
	152	19	11.000000	68.750000	9.783346e+04	5.927233e-05
	153	19	11.250000	68.750000	9.783346e+04	6.323870e-05
	130	25	5.500000	67.250000	9.783346e+04	1.192362e-04
	0	50	-27.000000	61.000000	9.692962e+04	1.011761e-04
	23	53	-21.250000	60.250000	9.678063e+04	6.963486e-06
	35	59	-18.250000	58.750000	9.678063e+04	3.651467e-04
	238	59	32.500000	58.750000	9.759391e+04	1.801420e-04
	135	118	6.750000	44.000000	1.013051e+05	1.082859e-04
	269	162	40.250000	33.000000	1.004309e+05	1.454997e-05
	282	162	43.500000	33.000000	1.004309e+05	7.106074e-05
2022	2	19	8	18
	286	15	44.500000	69.750000	9.759376e+04	9.450238e-05
	137	17	7.250000	69.250000	9.778599e+04	4.252855e-05
	134	25	6.500000	67.250000	9.778599e+04	1.165198e-04
	45	57	-15.750000	59.250000	9.635261e+04	3.853171e-04
	244	59	34.000000	58.750000	9.770139e+04	1.599470e-04
	94	140	-3.500000	38.500000	1.018598e+05	3.623617e-05
	277	147	42.250000	36.750000	1.007209e+05	8.255117e-06
	282	162	43.500000	33.000000	1.004445e+05	8.440381e-05
2022	2	19	13	21
	6	7	-25.500000	71.750000	9.987536e+04	-2.611166e-05
	288	15	45.000000	69.750000	9.775152e+04	4.813503e-05
	0	17	-27.000000	69.250000	9.919681e+04	-3.752376e-05
	151	17	10.750000	69.250000	9.774244e+04	7.451113e-05
	136	25	7.000000	67.250000	9.774244e+04	1.238811e-04
	0	51	-27.000000	60.750000	9.688858e+04	1.027380e-04
	58	57	-12.500000	59.250000	9.595795e+04	4.019729e-04
	260	60	38.000000	58.500000	9.770719e+04	1.256010e-04
	261	60	38.250000	58.500000	9.770719e+04	1.342171e-04
	288	65	45.000000	57.250000	9.836254e+04	1.290943e-04
	278	119	42.500000	43.750000	1.014432e+05	-4.429824e-05
	281	148	43.250000	36.500000	1.005541e+05	-3.974495e-05
	281	160	43.250000	33.500000	1.005257e+05	1.197980e-04
2022	2	20	10	0
	288	15	45.000000	69.750000	9.795817e+04	5.776064e-05
	147	16	9.750000	69.500000	9.767523e+04	7.687875e-05
	141	25	8.250000	67.250000	9.767523e+04	1.456966e-04
	0	53	-27.000000	60.250000	9.709930e+04	1.407661e-04
	69	55	-9.750000	59.750000	9.558304e+04	4.418157e-04
	268	59	40.000000	58.750000	9.769826e+04	1.091056e-04
	288	61	45.000000	58.250000	9.800502e+04	1.168536e-04
	281	148	43.250000	36.500000	1.006183e+05	-4.259889e-05
	263	156	38.750000	34.500000	1.006910e+05	-2.859123e-05
	279	159	42.750000	33.750000	1.006183e+05	1.024040e-04
