2022	2	14	7	0
	4	6	-26.000000	72.000000	9.976144e+04	-2.810512e-05
	217	9	27.250000	71.250000	9.838116e+04	1.092474e-04
	194	12	21.500000	70.500000	9.838116e+04	1.156389e-04
	1	17	-26.750000	69.250000	9.976144e+04	8.620700e-06
	221	20	28.250000	68.500000	9.838116e+04	8.787567e-05
	114	62	1.500000	58.000000	9.848196e+04	8.161739e-05
	105	71	-0.750000	55.750000	9.848196e+04	1.015333e-04
2022	2	14	4	3
	57	5	-12.750000	72.250000	1.001367e+05	9.382379e-05
	213	9	26.250000	71.250000	9.809630e+04	2.223649e-04
	118	61	2.500000	58.250000	9.845148e+04	1.022542e-04
	107	71	-0.250000	55.750000	9.845148e+04	1.295252e-04
2022	2	14	2	6
	217	8	27.250000	71.500000	9.797579e+04	2.499236e-04
	111	70	0.750000	56.000000	9.848083e+04	1.126759e-04
2022	2	14	4	9
	70	2	-9.500000	73.000000	1.001674e+05	1.017538e-04
	225	8	29.250000	71.500000	9.801861e+04	1.959682e-04
	0	53	-27.000000	60.250000	9.803378e+04	1.244969e-04
	121	68	3.250000	56.500000	9.850720e+04	9.451713e-05
2022	2	14	3	12
	226	9	29.500000	71.250000	9.802726e+04	2.078324e-04
	1	49	-26.750000	61.250000	9.760687e+04	1.765910e-04
	128	65	5.000000	57.250000	9.842851e+04	1.747424e-04
2022	2	14	4	15
	236	6	32.000000	72.000000	9.808766e+04	1.247770e-04
	6	7	-25.500000	71.750000	9.985927e+04	3.777945e-05
	3	45	-26.250000	62.250000	9.722205e+04	2.234973e-04
	133	62	6.250000	58.000000	9.832132e+04	2.347946e-04
2022	2	14	4	18
	252	13	36.000000	70.250000	9.808723e+04	1.550751e-04
	288	13	45.000000	70.250000	9.905265e+04	8.067678e-05
	0	41	-27.000000	63.250000	9.700570e+04	1.474773e-04
	135	61	6.750000	58.250000	9.840455e+04	2.578301e-04
2022	2	14	5	21
	257	12	37.250000	70.500000	9.809616e+04	1.751984e-04
	0	37	-27.000000	64.250000	9.695678e+04	1.502721e-04
	27	39	-20.250000	63.750000	9.695678e+04	2.527318e-05
	138	60	7.500000	58.500000	9.849642e+04	2.649071e-04
	139	121	7.750000	43.250000	1.011125e+05	1.192398e-04
2022	2	15	8	0
	246	5	34.500000	72.250000	9.814295e+04	8.659763e-05
	6	7	-25.500000	71.750000	9.965935e+04	5.547070e-05
	264	11	39.000000	70.750000	9.814295e+04	1.816397e-04
	0	37	-27.000000	64.250000	9.731777e+04	9.600349e-05
	28	38	-20.000000	64.000000	9.733747e+04	-2.430579e-05
	126	53	4.500000	60.250000	9.857682e+04	1.005148e-04
	143	58	8.750000	59.000000	9.857682e+04	2.750220e-04
	145	118	9.250000	44.000000	1.011026e+05	1.321993e-04
2022	2	15	5	3
	243	8	33.750000	71.500000	9.820789e+04	1.891721e-04
	268	10	40.000000	71.000000	9.820789e+04	1.864057e-04
	125	51	4.250000	60.750000	9.863807e+04	9.370284e-05
	149	55	10.250000	59.750000	9.859993e+04	3.275028e-04
	146	118	9.500000	44.000000	1.010004e+05	1.062142e-04
2022	2	15	8	6
	273	10	41.250000	71.000000	9.827112e+04	1.837474e-04
	246	11	34.500000	70.750000	9.827112e+04	1.774701e-04
	35	41	-18.250000	63.250000	9.747770e+04	2.137273e-04
	125	49	4.250000	61.250000	9.870670e+04	1.299448e-04
	152	52	11.000000	60.500000	9.859213e+04	3.197933e-04
	139	57	7.750000	59.250000	9.859213e+04	2.568010e-05
	0	87	-27.000000	51.750000	9.908313e+04	1.306817e-04
	155	117	11.750000	44.250000	1.010559e+05	1.055448e-04
2022	2	15	8	9
	273	9	41.250000	71.250000	9.840441e+04	1.944675e-04
	0	31	-27.000000	65.750000	9.741205e+04	6.406572e-05
	26	35	-20.500000	64.750000	9.741205e+04	1.591152e-04
	61	47	-11.750000	61.750000	9.776921e+04	2.746234e-04
	125	49	4.250000	61.250000	9.867919e+04	1.501228e-04
	154	50	11.500000	61.000000	9.861340e+04	2.535263e-04
	3	84	-26.250000	52.500000	9.873760e+04	1.752548e-04
	159	113	12.750000	45.250000	1.011274e+05	1.154969e-04
2022	2	15	9	12
	277	10	42.250000	71.000000	9.852591e+04	1.923659e-04
	278	10	42.500000	71.000000	9.852591e+04	2.000674e-04
	12	29	-24.000000	66.250000	9.745841e+04	1.197239e-04
	0	39	-27.000000	63.750000	9.745841e+04	1.040744e-05
	56	44	-13.000000	62.500000	9.769349e+04	2.763539e-04
	125	48	4.250000	61.500000	9.865920e+04	1.681038e-04
	157	49	12.250000	61.250000	9.866628e+04	1.780820e-04
	15	81	-23.250000	53.250000	9.860745e+04	2.002025e-04
	160	111	13.000000	45.750000	1.010939e+05	1.004421e-04
2022	2	15	6	15
	281	10	43.250000	71.000000	9.861397e+04	2.389314e-04
	0	38	-27.000000	64.000000	9.747458e+04	4.352846e-06
	51	41	-14.250000	63.250000	9.763990e+04	2.977659e-04
	164	47	14.000000	61.750000	9.866288e+04	1.783883e-04
	28	78	-20.000000	54.000000	9.833054e+04	2.229039e-04
	163	162	13.750000	33.000000	1.015621e+05	7.374017e-06
2022	2	15	5	18
	286	10	44.500000	71.000000	9.872116e+04	1.666957e-04
	47	38	-15.250000	64.000000	9.756546e+04	2.944108e-04
	169	45	15.250000	62.250000	9.866501e+04	1.348565e-04
	39	76	-17.250000	54.500000	9.825468e+04	2.259690e-04
	163	162	13.750000	33.000000	1.015767e+05	1.128566e-05
2022	2	15	7	21
	288	9	45.000000	71.250000	9.881898e+04	9.634151e-05
	40	35	-17.000000	64.750000	9.774893e+04	2.823697e-04
	177	44	17.250000	62.500000	9.883756e+04	9.437215e-05
	178	44	17.500000	62.500000	9.883756e+04	9.355923e-05
	125	58	4.250000	59.000000	9.831622e+04	2.061894e-04
	49	74	-14.750000	55.000000	9.827907e+04	2.132110e-04
	166	160	14.500000	33.500000	1.017018e+05	-3.324307e-06
2022	2	16	4	0
	181	43	18.250000	62.750000	9.887301e+04	1.028551e-04
	129	58	5.250000	59.000000	9.830303e+04	1.849639e-04
	0	73	-27.000000	55.250000	9.761012e+04	1.239069e-04
	60	74	-12.000000	55.000000	9.832657e+04	2.196007e-04
2022	2	16	4	3
	3	70	-26.250000	56.000000	9.720420e+04	1.927404e-04
	0	71	-27.000000	55.750000	9.720420e+04	8.924977e-05
	73	73	-8.750000	55.250000	9.843234e+04	1.974421e-04
	279	121	42.750000	43.250000	1.021529e+05	6.783564e-06
2022	2	16	3	6
	288	9	45.000000	71.250000	9.898616e+04	9.257252e-05
	125	37	4.250000	64.250000	9.817032e+04	1.589345e-04
	21	63	-21.750000	57.750000	9.672312e+04	2.543143e-04
2022	2	16	4	9
	123	37	3.750000	64.250000	9.811814e+04	1.513339e-04
	156	54	12.000000	60.000000	9.829339e+04	1.477965e-04
	25	59	-20.750000	58.750000	9.625281e+04	3.525178e-04
	137	116	7.250000	44.500000	1.011447e+05	8.842747e-05
2022	2	16	4	12
	286	9	44.500000	71.250000	9.905804e+04	1.303852e-04
	122	37	3.500000	64.250000	9.804527e+04	1.561876e-04
	163	53	13.750000	60.250000	9.823185e+04	1.580106e-04
	30	61	-19.500000	58.250000	9.610295e+04	3.996812e-04
2022	2	16	6	15
	285	6	44.250000	72.000000	9.902288e+04	1.796701e-04
	285	7	44.250000	71.750000	9.902288e+04	1.870675e-04
	119	37	2.750000	64.250000	9.789582e+04	1.592374e-04
	168	52	15.000000	60.500000	9.810709e+04	1.499908e-04
	42	62	-16.500000	58.000000	9.621878e+04	2.587551e-04
	184	145	19.000000	37.250000	1.012310e+05	1.337637e-04
2022	2	16	4	18
	283	7	43.750000	71.750000	9.897198e+04	2.184130e-04
	181	46	18.250000	62.000000	9.801237e+04	1.104677e-04
	55	62	-13.250000	58.000000	9.645401e+04	2.638433e-04
	185	142	19.250000	38.000000	1.011558e+05	1.668856e-04
2022	2	16	6	21
	282	7	43.500000	71.750000	9.896673e+04	1.917609e-04
	181	45	18.250000	62.250000	9.784138e+04	1.087535e-04
	57	56	-12.750000	59.500000	9.661635e+04	1.420978e-04
	74	57	-8.500000	59.250000	9.661635e+04	1.629456e-04
	138	117	7.500000	44.250000	1.010572e+05	5.485560e-05
	190	145	20.500000	37.250000	1.011213e+05	1.461925e-04
2022	2	17	7	0
	285	7	44.250000	71.750000	9.896871e+04	1.476152e-04
	181	45	18.250000	62.250000	9.768641e+04	1.378276e-04
	88	58	-5.000000	59.000000	9.674424e+04	1.864941e-04
	105	59	-0.750000	58.750000	9.674424e+04	1.733271e-04
	138	117	7.500000	44.250000	1.010269e+05	8.985955e-05
	189	143	20.250000	37.750000	1.010235e+05	1.300251e-04
	190	143	20.500000	37.750000	1.010235e+05	1.165323e-04
2022	2	17	7	3
	285	7	44.250000	71.750000	9.896361e+04	1.635620e-04
	182	45	18.500000	62.250000	9.749528e+04	9.995452e-05
	104	58	-1.000000	59.000000	9.678437e+04	1.635925e-04
	129	62	5.250000	58.000000	9.670993e+04	2.188516e-04
	138	117	7.500000	44.250000	1.007780e+05	1.058565e-04
	280	121	43.000000	43.250000	1.016424e+05	-2.107149e-05
	189	143	20.250000	37.750000	1.008750e+05	1.154846e-04
2022	2	17	4	6
	283	7	43.750000	71.750000	9.897141e+04	1.659599e-04
	132	62	6.000000	58.000000	9.681173e+04	1.804121e-04
	168	71	15.000000	55.750000	9.672808e+04	2.652352e-04
	187	144	19.750000	37.500000	1.009873e+05	1.072283e-04
2022	2	17	8	9
	283	7	43.750000	71.750000	9.903252e+04	1.389448e-04
	284	7	44.000000	71.750000	9.903252e+04	1.443055e-04
	285	7	44.250000	71.750000	9.903252e+04	1.450928e-04
	140	63	8.000000	57.750000	9.696869e+04	1.762705e-04
	177	70	17.250000	56.000000	9.645741e+04	3.212271e-04
	13	113	-23.750000	45.250000	1.005346e+05	1.327470e-04
	201	147	23.250000	36.750000	1.011745e+05	2.178728e-05
	188	149	20.000000	36.250000	1.011745e+05	1.117454e-04
2022	2	17	4	12
	146	64	9.500000	57.500000	9.711912e+04	1.927623e-04
	184	70	19.000000	56.000000	9.638326e+04	3.492748e-04
	203	70	23.750000	56.000000	9.638326e+04	1.997309e-04
	6	109	-25.500000	46.250000	1.000386e+05	2.715556e-04
2022	2	17	3	15
	150	66	10.500000	57.000000	9.739277e+04	2.232512e-04
	194	71	21.500000	55.750000	9.655297e+04	3.684632e-04
	15	103	-23.250000	47.750000	9.942356e+04	3.508033e-04
2022	2	17	4	18
	216	65	27.000000	57.250000	9.668809e+04	1.657405e-04
	22	97	-21.500000	49.250000	9.875731e+04	4.753717e-04
	159	107	12.750000	46.750000	1.004437e+05	-4.159147e-05
	85	162	-5.750000	33.000000	1.018986e+05	3.922603e-05
2022	2	17	4	21
	33	45	-18.750000	62.250000	9.940343e+04	1.400438e-04
	221	63	28.250000	57.750000	9.676196e+04	1.684662e-04
	29	93	-19.750000	50.250000	9.805576e+04	5.478072e-04
	88	156	-5.000000	34.500000	1.020823e+05	1.988033e-05
2022	2	18	5	0
	154	24	11.500000	67.500000	9.852053e+04	8.195405e-05
	32	45	-19.000000	62.250000	9.921499e+04	1.671574e-04
	226	60	29.500000	58.500000	9.691339e+04	1.233878e-04
	37	91	-17.750000	50.750000	9.735902e+04	6.298365e-04
	85	153	-5.750000	35.250000	1.020357e+05	7.418600e-06
2022	2	18	5	3
	155	25	11.750000	67.250000	9.856434e+04	6.148566e-05
	29	44	-19.750000	62.500000	9.892277e+04	2.043310e-04
	29	52	-19.750000	60.500000	9.892277e+04	8.143111e-05
	235	53	31.750000	60.250000	9.711217e+04	1.380481e-04
	48	87	-15.000000	51.750000	9.694756e+04	6.505920e-04
2022	2	18	4	6
	155	26	11.750000	67.000000	9.860078e+04	6.812222e-05
	27	44	-20.250000	62.500000	9.863197e+04	2.487213e-04
	237	49	32.250000	61.250000	9.723454e+04	1.288708e-04
	59	82	-12.250000	53.000000	9.663308e+04	5.575429e-04
2022	2	18	5	9
	158	24	12.500000	67.500000	9.866033e+04	8.688964e-05
	24	43	-21.000000	62.750000	9.861382e+04	2.613408e-04
	243	44	33.750000	62.500000	9.734286e+04	1.608901e-04
	69	78	-9.750000	54.000000	9.660416e+04	4.844460e-04
	138	117	7.500000	44.250000	1.015024e+05	4.915667e-05
2022	2	18	4	12
	159	23	12.750000	67.750000	9.868841e+04	1.244796e-04
	247	40	34.750000	63.500000	9.743020e+04	1.648421e-04
	20	42	-22.000000	63.000000	9.866657e+04	2.132095e-04
	82	76	-6.500000	54.500000	9.671929e+04	2.832611e-04
2022	2	18	7	15
	6	7	-25.500000	71.750000	1.003795e+05	-9.455726e-06
	159	23	12.750000	67.750000	9.864402e+04	1.300382e-04
	252	33	36.000000	65.250000	9.749414e+04	1.329791e-04
	16	41	-23.000000	63.250000	9.860745e+04	1.849347e-04
	98	71	-2.500000	55.750000	9.667732e+04	2.514990e-04
	98	72	-2.500000	55.500000	9.667732e+04	2.550789e-04
	256	162	37.000000	33.000000	1.005544e+05	-4.354396e-05
2022	2	18	6	18
	6	7	-25.500000	71.750000	1.002903e+05	2.088388e-07
	157	22	12.250000	68.000000	9.855427e+04	1.358071e-04
	252	30	36.000000	66.000000	9.746210e+04	1.779333e-04
	11	40	-24.250000	63.500000	9.849742e+04	1.914944e-04
	111	67	0.750000	56.750000	9.645259e+04	2.545918e-04
	279	119	42.750000	43.750000	1.005162e+05	4.442538e-05
2022	2	18	6	21
	155	22	11.750000	68.000000	9.844836e+04	1.407822e-04
	254	30	36.500000	66.000000	9.743431e+04	1.917671e-04
	5	38	-25.750000	64.000000	9.841022e+04	2.070154e-04
	0	54	-27.000000	60.000000	9.822136e+04	1.655183e-04
	122	64	3.500000	57.500000	9.635731e+04	2.029375e-04
	222	149	28.500000	36.250000	1.007290e+05	2.125345e-04
2022	2	19	7	0
	154	23	11.500000	67.750000	9.834982e+04	1.408835e-04
	255	28	36.750000	66.500000	9.742552e+04	2.083202e-04
	0	37	-27.000000	64.250000	9.835138e+04	8.256316e-05
	4	52	-26.000000	60.500000	9.824377e+04	1.767510e-04
	130	63	5.500000	57.750000	9.644933e+04	2.072003e-04
	106	134	-0.500000	40.000000	1.014165e+05	5.224445e-05
	223	152	28.750000	35.500000	1.005639e+05	1.881722e-04
2022	2	19	7	3
	152	23	11.000000	67.750000	9.828276e+04	1.331445e-04
	258	26	37.500000	67.000000	9.741091e+04	2.097749e-04
	10	51	-24.500000	60.750000	9.828645e+04	1.752611e-04
	149	62	10.250000	58.000000	9.657466e+04	2.681959e-04
	139	110	7.750000	46.000000	1.011525e+05	-2.751059e-05
	108	139	0.000000	38.750000	1.013837e+05	4.948460e-05
	225	156	29.250000	34.500000	1.005305e+05	1.754647e-04
2022	2	19	8	6
	261	24	38.250000	67.500000	9.742751e+04	1.732605e-04
	151	25	10.750000	67.250000	9.825341e+04	1.269499e-04
	10	49	-24.500000	61.250000	9.822349e+04	1.563050e-04
	156	61	12.000000	58.250000	9.673276e+04	2.612994e-04
	55	62	-13.250000	58.000000	9.859100e+04	2.286737e-04
	136	116	7.000000	44.500000	1.013660e+05	9.066775e-05
	120	142	3.000000	38.000000	1.014312e+05	-1.929283e-05
	225	160	29.250000	33.500000	1.007059e+05	1.299948e-04
2022	2	19	7	9
	288	14	45.000000	70.000000	9.777417e+04	6.336151e-05
	264	21	39.000000	68.250000	9.746451e+04	1.739864e-04
	153	26	11.250000	67.000000	9.833507e+04	1.346981e-04
	9	46	-24.750000	62.000000	9.813587e+04	1.645693e-04
	164	61	14.000000	58.250000	9.700286e+04	2.143565e-04
	62	62	-11.500000	58.000000	9.873477e+04	2.340011e-04
	136	117	7.000000	44.250000	1.014502e+05	9.306579e-05
2022	2	19	8	12
	287	13	44.750000	70.250000	9.751811e+04	8.776327e-05
	265	21	39.250000	68.250000	9.751811e+04	1.962808e-04
	153	26	11.250000	67.000000	9.842567e+04	1.458706e-04
	7	44	-25.250000	62.500000	9.785527e+04	1.656445e-04
	0	61	-27.000000	58.250000	9.774496e+04	1.123774e-04
	174	61	16.500000	58.250000	9.729933e+04	1.398076e-04
	68	63	-10.000000	57.750000	9.910455e+04	1.943461e-04
	157	107	12.250000	46.750000	1.013102e+05	-1.921115e-05
2022	2	19	8	15
	287	13	44.750000	70.250000	9.762799e+04	1.191785e-04
	268	21	40.000000	68.250000	9.762799e+04	1.735363e-04
	269	21	40.250000	68.250000	9.762799e+04	1.601139e-04
	155	26	11.750000	67.000000	9.853159e+04	1.679555e-04
	0	41	-27.000000	63.250000	9.727324e+04	1.173260e-04
	0	56	-27.000000	59.500000	9.692119e+04	1.144960e-04
	185	61	19.250000	58.250000	9.760091e+04	1.225674e-04
	135	118	6.750000	44.000000	1.014274e+05	1.010585e-04
2022	2	19	7	18
	285	14	44.250000	70.000000	9.774794e+04	1.414143e-04
	271	21	40.750000	68.250000	9.774794e+04	1.675427e-04
	157	25	12.250000	67.250000	9.862800e+04	1.393146e-04
	0	53	-27.000000	60.250000	9.611613e+04	1.042249e-04
	205	60	24.250000	58.500000	9.788434e+04	6.866255e-05
	278	146	42.500000	37.000000	1.010437e+05	1.369146e-06
	282	162	43.500000	33.000000	1.008353e+05	9.607247e-05
2022	2	19	6	21
	275	19	41.750000	68.750000	9.791752e+04	1.398420e-04
	158	25	12.500000	67.250000	9.872498e+04	1.055696e-04
	0	53	-27.000000	60.250000	9.533447e+04	1.980555e-04
	215	58	26.750000	59.000000	9.802754e+04	8.340490e-05
	275	146	41.750000	37.000000	1.010885e+05	1.020128e-05
	282	162	43.500000	33.000000	1.008452e+05	5.134133e-05
2022	2	20	6	0
	283	17	43.750000	69.250000	9.809262e+04	1.271757e-04
	161	26	13.250000	67.000000	9.888449e+04	1.058399e-04
	6	50	-25.500000	61.000000	9.479044e+04	4.046765e-04
	223	58	28.750000	59.000000	9.816663e+04	6.993057e-05
	274	148	41.500000	36.500000	1.010259e+05	2.278039e-05
	282	162	43.500000	33.000000	1.008997e+05	3.501128e-05
