2022	2	10	7	0
	7	6	-25.250000	72.000000	1.001543e+05	-1.298450e-05
	148	23	10.000000	67.750000	9.650170e+04	4.410147e-04
	58	57	-12.500000	59.250000	9.857948e+04	5.130304e-04
	152	106	11.000000	47.000000	1.022264e+05	-3.842493e-05
	139	110	7.750000	46.000000	1.022264e+05	-6.956477e-05
	253	141	36.250000	38.250000	1.007978e+05	7.552401e-05
	247	150	34.750000	36.000000	1.007978e+05	8.264826e-05
2022	2	10	7	6
	8	6	-25.000000	72.000000	1.003165e+05	-1.119164e-05
	179	6	17.750000	72.000000	9.721523e+04	1.259105e-04
	164	15	14.000000	69.750000	9.692905e+04	3.090536e-05
	168	24	15.000000	67.500000	9.692905e+04	2.752350e-04
	78	60	-7.500000	58.500000	9.904646e+04	4.949071e-04
	158	106	12.500000	47.000000	1.022087e+05	-3.474490e-05
	249	150	35.250000	36.000000	1.010414e+05	7.496204e-05
2022	2	10	9	12
	212	2	26.000000	73.000000	9.740594e+04	-1.744037e-05
	180	5	18.000000	72.250000	9.740594e+04	1.225116e-04
	19	20	-22.250000	68.500000	1.001983e+05	9.803816e-05
	195	27	21.750000	66.750000	9.760360e+04	2.220021e-04
	94	63	-3.500000	57.750000	9.999600e+04	3.756714e-04
	137	117	7.250000	44.250000	1.022790e+05	1.128632e-04
	283	139	43.750000	38.750000	1.010121e+05	2.770378e-05
	271	147	40.750000	36.750000	1.010899e+05	5.572297e-05
	270	156	40.500000	34.500000	1.010899e+05	3.562485e-05
2022	2	10	7	18
	220	0	28.000000	73.500000	9.764280e+04	-1.286268e-07
	190	6	20.500000	72.000000	9.764280e+04	1.361139e-04
	39	17	-17.250000	69.250000	9.986366e+04	1.138096e-04
	213	28	26.250000	66.500000	9.801768e+04	2.071526e-04
	111	67	0.750000	56.750000	1.005443e+05	3.116894e-04
	275	152	41.750000	35.500000	1.013877e+05	4.218347e-05
	87	156	-5.250000	34.500000	1.021132e+05	1.001238e-05
2022	2	11	4	0
	229	0	30.250000	73.500000	9.785120e+04	-2.559779e-05
	203	9	23.750000	71.250000	9.785120e+04	1.680731e-04
	55	15	-13.250000	69.750000	9.953324e+04	2.147711e-04
	0	73	-27.000000	55.250000	9.989633e+04	1.437113e-04
2022	2	11	3	6
	230	0	30.500000	73.500000	9.815739e+04	-1.690785e-05
	215	10	26.750000	71.000000	9.815739e+04	1.416361e-04
	77	14	-7.750000	70.000000	9.951659e+04	1.567665e-04
2022	2	11	4	12
	230	0	30.500000	73.500000	9.850278e+04	-6.422873e-06
	99	17	-2.250000	69.250000	9.948224e+04	1.516480e-04
	32	62	-19.000000	58.000000	9.931682e+04	2.307194e-04
	135	119	6.750000	43.750000	1.020455e+05	8.961282e-05
2022	2	11	6	18
	113	20	1.250000	68.500000	9.936129e+04	1.301785e-04
	142	26	8.500000	67.000000	9.934801e+04	1.858621e-04
	28	55	-20.000000	59.750000	9.863996e+04	2.349746e-04
	23	64	-21.250000	57.500000	9.863996e+04	8.395814e-05
	280	85	43.000000	52.250000	1.006724e+05	1.361184e-04
	135	123	6.750000	42.750000	1.021227e+05	6.014184e-05
2022	2	12	4	0
	185	0	19.250000	73.500000	9.845199e+04	5.861443e-05
	148	27	10.000000	66.750000	9.919692e+04	2.487107e-04
	25	56	-20.750000	59.500000	9.838666e+04	2.578205e-04
	41	59	-16.750000	58.750000	9.838666e+04	9.068870e-05
2022	2	12	4	6
	205	0	24.250000	73.500000	9.851184e+04	6.708133e-05
	158	29	12.500000	66.250000	9.963924e+04	1.633935e-04
	52	55	-14.000000	59.750000	9.834916e+04	1.038308e-04
	29	57	-19.750000	59.250000	9.834916e+04	1.841018e-04
2022	2	12	4	12
	210	3	25.500000	72.750000	9.870002e+04	1.959938e-04
	129	20	5.250000	68.500000	9.967422e+04	1.169901e-04
	43	51	-16.250000	60.750000	9.842439e+04	1.387265e-04
	34	58	-18.500000	59.000000	9.842439e+04	1.826148e-04
2022	2	12	4	18
	230	0	30.500000	73.500000	9.881466e+04	1.520822e-04
	132	17	6.000000	69.250000	9.921757e+04	1.840271e-04
	81	50	-6.750000	61.000000	9.839762e+04	1.664603e-04
	36	59	-18.000000	58.750000	9.837065e+04	1.862009e-04
2022	2	13	4	0
	135	15	6.750000	69.750000	9.881297e+04	2.864619e-04
	86	50	-5.500000	61.000000	9.841090e+04	1.856452e-04
	36	62	-18.000000	58.000000	9.858433e+04	1.585934e-04
	288	122	45.000000	43.000000	1.017857e+05	-3.108575e-05
2022	2	13	3	6
	150	0	10.500000	73.500000	9.884184e+04	1.229558e-04
	136	17	7.000000	69.250000	9.834115e+04	3.451730e-04
	90	52	-4.500000	60.500000	9.836012e+04	1.529680e-04
2022	2	13	4	12
	142	18	8.500000	69.000000	9.817952e+04	2.696027e-04
	143	18	8.750000	69.000000	9.817952e+04	2.557103e-04
	101	51	-1.750000	60.750000	9.844420e+04	1.491262e-04
	271	120	40.750000	43.500000	1.027140e+05	4.807029e-05
2022	2	13	3	18
	147	20	9.750000	68.500000	9.806699e+04	2.570592e-04
	40	36	-17.000000	64.500000	1.003104e+05	-2.350429e-05
	112	53	1.000000	60.250000	9.843893e+04	1.522557e-04
2022	2	14	3	0
	6	14	-25.500000	70.000000	9.951828e+04	7.247909e-05
	150	22	10.500000	68.000000	9.810893e+04	2.581041e-04
	143	48	8.750000	61.500000	9.850004e+04	1.824848e-05
2022	2	14	4	6
	0	17	-27.000000	69.250000	9.954673e+04	-1.358248e-07
	148	28	10.000000	66.500000	9.815402e+04	1.668989e-04
	0	38	-27.000000	64.000000	9.942935e+04	9.608555e-05
	0	53	-27.000000	60.250000	9.953451e+04	1.031640e-04
2022	2	14	7	12
	6	7	-25.500000	71.750000	9.981498e+04	-5.005042e-05
	153	30	11.250000	66.000000	9.838372e+04	2.359005e-04
	0	31	-27.000000	65.750000	9.919249e+04	1.300345e-04
	288	34	45.000000	65.000000	9.993110e+04	8.290145e-05
	216	35	27.000000	64.750000	9.846822e+04	4.037904e-05
	215	36	26.750000	64.500000	9.846822e+04	4.101717e-05
	5	49	-25.750000	61.250000	9.931556e+04	6.570837e-05
2022	2	14	7	18
	44	2	-16.000000	73.000000	9.987062e+04	9.430636e-05
	6	7	-25.500000	71.750000	9.981162e+04	-1.113544e-06
	177	25	17.250000	67.250000	9.893920e+04	3.556178e-05
	233	32	31.250000	65.500000	9.851121e+04	1.011481e-04
	156	33	12.000000	65.250000	9.898766e+04	1.432930e-04
	139	56	7.750000	59.500000	9.902475e+04	8.518992e-05
	137	120	7.250000	43.500000	1.006120e+05	9.356926e-05
2022	2	15	5	0
	66	5	-10.500000	72.250000	9.988705e+04	4.754400e-05
	6	7	-25.500000	71.750000	9.969192e+04	4.638504e-06
	245	28	34.250000	66.500000	9.865198e+04	1.122863e-04
	151	59	10.750000	58.750000	9.914508e+04	1.506333e-04
	146	118	9.500000	44.000000	1.006210e+05	1.114551e-04
2022	2	15	5	6
	6	7	-25.500000	71.750000	9.927215e+04	3.821136e-06
	237	14	32.250000	70.000000	9.889663e+04	1.152876e-04
	253	24	36.250000	67.500000	9.889663e+04	3.999318e-05
	153	59	11.250000	58.750000	9.936782e+04	2.268111e-04
	156	117	12.000000	44.250000	1.005148e+05	8.105897e-05
2022	2	15	7	12
	252	15	36.000000	69.750000	9.897228e+04	1.273580e-04
	0	47	-27.000000	61.750000	9.408084e+04	2.127322e-04
	154	61	11.500000	58.250000	9.969403e+04	2.027514e-04
	159	113	12.750000	45.250000	1.003869e+05	1.022463e-04
	279	120	42.750000	43.500000	1.017240e+05	2.786360e-05
	243	128	33.750000	41.500000	1.017920e+05	-3.188746e-05
	244	129	34.000000	41.250000	1.017920e+05	-2.341657e-05
2022	2	15	6	18
	244	12	34.000000	70.500000	9.898830e+04	1.642517e-04
	0	39	-27.000000	63.750000	9.327755e+04	2.463688e-04
	174	109	16.500000	46.250000	1.005492e+05	1.554047e-04
	161	112	13.250000	45.500000	1.005492e+05	1.253602e-04
	281	121	43.250000	43.250000	1.017267e+05	1.121719e-05
	273	130	41.250000	41.000000	1.017267e+05	3.858389e-05
2022	2	16	7	0
	0	11	-27.000000	70.750000	9.545038e+04	-2.778808e-05
	264	12	39.000000	70.500000	9.924939e+04	8.778680e-05
	229	14	30.250000	70.000000	9.924939e+04	1.745178e-04
	247	22	34.750000	68.000000	9.924939e+04	8.077782e-05
	0	34	-27.000000	65.000000	9.335868e+04	2.313328e-04
	179	102	17.750000	48.000000	1.007220e+05	1.660974e-04
	281	121	43.250000	43.250000	1.017680e+05	-2.088260e-05
2022	2	16	5	6
	266	11	39.500000	70.750000	9.927531e+04	1.030993e-04
	240	13	33.000000	70.250000	9.927531e+04	7.031051e-05
	261	23	38.250000	67.750000	9.929048e+04	4.257012e-05
	181	101	18.250000	48.250000	1.010863e+05	1.951148e-04
	281	121	43.250000	43.250000	1.019514e+05	-1.811741e-06
2022	2	16	5	12
	256	12	37.000000	70.500000	9.932399e+04	1.582436e-04
	257	12	37.250000	70.500000	9.932399e+04	1.625138e-04
	17	21	-22.750000	68.250000	9.551191e+04	2.844567e-04
	280	25	43.000000	67.250000	9.953598e+04	4.308251e-05
	0	28	-27.000000	66.500000	9.551191e+04	1.754783e-04
2022	2	16	5	18
	269	11	40.250000	70.750000	9.953177e+04	4.119723e-05
	250	17	35.500000	69.250000	9.953177e+04	1.257872e-04
	0	23	-27.000000	67.750000	9.626758e+04	1.357736e-04
	287	23	44.750000	67.750000	9.953324e+04	1.243131e-04
	93	64	-3.750000	57.500000	9.838877e+04	1.759572e-04
2022	2	17	4	0
	44	17	-16.000000	69.250000	9.678850e+04	1.203039e-04
	75	37	-8.250000	64.250000	9.723630e+04	4.067147e-04
	124	60	4.000000	58.500000	9.825243e+04	3.099205e-04
	51	76	-14.250000	54.500000	9.880370e+04	2.511845e-04
2022	2	17	5	6
	12	16	-24.000000	69.500000	9.659041e+04	3.455713e-04
	83	30	-6.250000	66.000000	9.651729e+04	3.393992e-04
	98	35	-2.500000	64.750000	9.651729e+04	3.863035e-04
	153	59	11.250000	58.750000	9.843008e+04	2.094619e-04
	136	116	7.000000	44.500000	1.020523e+05	8.945767e-05
2022	2	17	3	12
	102	31	-1.500000	65.750000	9.605812e+04	4.420512e-04
	182	55	18.500000	59.750000	9.846611e+04	1.824110e-04
	121	62	3.250000	58.000000	9.813232e+04	3.228371e-04
2022	2	17	5	18
	7	13	-25.250000	70.250000	9.694549e+04	1.192025e-04
	115	28	1.750000	66.500000	9.580187e+04	4.496664e-04
	190	52	20.500000	60.500000	9.799302e+04	1.409491e-04
	152	60	11.000000	58.500000	9.794034e+04	2.773730e-04
	84	162	-6.000000	33.000000	1.022396e+05	2.054593e-05
2022	2	18	7	0
	126	24	4.500000	67.500000	9.547292e+04	5.331778e-04
	37	34	-17.750000	65.000000	9.584802e+04	-1.042757e-06
	0	36	-27.000000	64.500000	9.552560e+04	1.361821e-04
	199	50	22.750000	61.000000	9.743923e+04	1.636728e-04
	202	61	23.500000	58.250000	9.743923e+04	1.192006e-04
	83	154	-6.250000	35.000000	1.024638e+05	2.197456e-06
	81	156	-6.750000	34.500000	1.024638e+05	5.798009e-06
2022	2	18	7	6
	133	23	6.250000	67.750000	9.542466e+04	4.393505e-04
	37	34	-17.750000	65.000000	9.616706e+04	-7.380469e-06
	0	35	-27.000000	64.750000	9.585982e+04	1.374149e-04
	209	49	25.250000	61.250000	9.730416e+04	1.676531e-04
	229	59	30.250000	58.750000	9.731469e+04	1.517243e-04
	173	85	16.250000	52.250000	9.980972e+04	1.117065e-04
	137	117	7.250000	44.250000	1.019415e+05	1.155116e-04
2022	2	18	4	12
	145	21	9.250000	68.250000	9.554499e+04	4.256580e-04
	7	34	-25.250000	65.000000	9.633354e+04	2.957930e-04
	226	51	29.500000	60.750000	9.728982e+04	1.091887e-04
	245	56	34.250000	59.500000	9.728982e+04	2.063272e-04
2022	2	18	7	18
	148	18	10.000000	69.000000	9.564572e+04	4.332676e-04
	6	33	-25.500000	65.250000	9.705255e+04	2.859017e-04
	91	53	-4.250000	60.250000	9.831418e+04	3.395384e-04
	256	53	37.000000	60.250000	9.735873e+04	2.037837e-04
	150	110	10.500000	46.000000	1.019849e+05	6.923250e-05
	138	117	7.500000	44.250000	1.019849e+05	6.315632e-05
	146	126	9.500000	42.000000	1.020618e+05	2.903708e-05
2022	2	19	5	0
	159	16	12.750000	69.500000	9.579323e+04	4.236820e-04
	11	34	-24.250000	65.000000	9.803116e+04	2.251056e-04
	118	48	2.500000	61.500000	9.775343e+04	3.475751e-04
	261	51	38.250000	60.750000	9.736210e+04	1.489275e-04
	150	127	10.500000	41.750000	1.021105e+05	1.066071e-04
2022	2	19	4	6
	164	15	14.000000	69.750000	9.593505e+04	5.618127e-04
	268	52	40.000000	60.500000	9.746747e+04	1.516787e-04
	282	121	43.500000	43.250000	1.015436e+05	7.783555e-06
	155	133	11.750000	40.250000	1.021338e+05	6.101747e-05
2022	2	19	3	12
	171	14	15.750000	70.000000	9.637231e+04	4.546767e-04
	172	50	16.000000	61.000000	9.812937e+04	1.167539e-04
	286	53	44.500000	60.250000	9.771086e+04	4.297768e-05
2022	2	19	3	18
	177	13	17.250000	70.250000	9.703590e+04	4.160810e-04
	185	22	19.250000	68.000000	9.703590e+04	-5.932878e-05
	190	54	20.500000	60.000000	9.850488e+04	1.140696e-04
2022	2	20	4	0
	182	14	18.500000	70.000000	9.804529e+04	3.118437e-04
	186	22	19.500000	68.000000	9.804529e+04	-3.507992e-05
	26	38	-20.500000	64.000000	9.964598e+04	2.245892e-05
	278	119	42.500000	43.750000	1.013818e+05	-8.467570e-07
