2022	2	10	6	0
	168	9	15.000000	71.250000	9.657391e+04	7.796979e-05
	148	22	10.000000	68.000000	9.639887e+04	5.160759e-04
	58	56	-12.500000	59.500000	9.845074e+04	5.170631e-04
	152	106	11.000000	47.000000	1.022854e+05	-4.126257e-05
	139	110	7.750000	46.000000	1.022854e+05	-7.203376e-05
	249	152	35.250000	35.500000	1.007666e+05	1.172509e-04
2022	2	10	7	6
	175	4	16.750000	72.500000	9.714588e+04	2.002680e-04
	8	6	-25.000000	72.000000	1.002888e+05	-7.501022e-06
	4	17	-26.000000	69.250000	1.002888e+05	4.158014e-05
	166	22	14.500000	68.000000	9.677326e+04	3.619518e-04
	76	59	-8.000000	58.750000	9.900193e+04	4.994641e-04
	152	106	11.000000	47.000000	1.021405e+05	-5.281407e-05
	250	152	35.500000	35.500000	1.010509e+05	9.013843e-05
2022	2	10	8	12
	178	4	17.500000	72.500000	9.727466e+04	2.519773e-04
	192	16	21.000000	69.500000	9.731112e+04	7.693572e-06
	192	27	21.000000	66.750000	9.767217e+04	1.239595e-04
	91	63	-4.250000	57.750000	9.992320e+04	3.848243e-04
	137	117	7.250000	44.250000	1.022628e+05	1.154150e-04
	284	139	44.000000	38.750000	1.010338e+05	4.043999e-05
	270	152	40.500000	35.500000	1.010575e+05	7.959841e-05
	43	159	-16.250000	33.750000	1.022511e+05	2.381127e-05
2022	2	10	8	18
	189	4	20.250000	72.500000	9.741892e+04	2.457357e-04
	9	6	-24.750000	72.000000	1.001798e+05	-2.211662e-05
	215	13	26.750000	70.250000	9.743716e+04	5.252749e-05
	9	14	-24.750000	70.000000	9.998651e+04	3.984582e-07
	41	17	-16.750000	69.250000	9.998651e+04	1.188712e-04
	108	69	0.000000	56.250000	1.004905e+05	2.774833e-04
	137	117	7.250000	44.250000	1.022554e+05	1.007793e-04
	89	157	-4.750000	34.250000	1.021127e+05	-1.350341e-05
2022	2	11	5	0
	201	5	23.250000	72.250000	9.760455e+04	2.537087e-04
	58	12	-12.500000	70.500000	9.952902e+04	1.588457e-04
	0	73	-27.000000	55.250000	9.968994e+04	1.357500e-04
	120	75	3.000000	54.750000	1.010383e+05	3.042275e-04
	137	117	7.250000	44.250000	1.021981e+05	9.412169e-05
2022	2	11	3	6
	215	6	26.750000	72.000000	9.779508e+04	2.826489e-04
	66	11	-10.500000	70.750000	9.932810e+04	2.060305e-04
	188	123	20.000000	42.750000	1.020317e+05	4.435632e-06
2022	2	11	5	12
	231	6	30.750000	72.000000	9.808027e+04	3.492514e-04
	84	10	-6.000000	71.000000	9.941964e+04	1.473648e-04
	6	56	-25.500000	59.500000	9.889765e+04	1.835893e-04
	7	56	-25.250000	59.500000	9.889765e+04	1.877339e-04
	135	119	6.750000	43.750000	1.019937e+05	9.199030e-05
2022	2	11	7	18
	245	7	34.250000	71.750000	9.825355e+04	3.139782e-04
	125	15	4.250000	69.750000	9.928302e+04	1.354242e-04
	98	16	-2.500000	69.500000	9.928302e+04	1.699304e-04
	28	53	-20.000000	60.250000	9.865636e+04	1.480501e-04
	0	56	-27.000000	59.500000	9.864088e+04	9.561392e-05
	15	63	-23.250000	57.750000	9.864088e+04	1.318348e-04
	214	89	26.500000	51.250000	1.011175e+05	1.995381e-04
2022	2	12	4	0
	256	7	37.000000	71.750000	9.836684e+04	3.043525e-04
	147	15	9.750000	69.750000	9.875338e+04	2.442186e-04
	27	52	-20.250000	60.500000	9.852699e+04	1.339086e-04
	233	89	31.250000	51.250000	1.009364e+05	2.221382e-04
2022	2	12	5	6
	267	5	39.750000	72.250000	9.845976e+04	2.467076e-04
	160	17	13.000000	69.250000	9.863166e+04	4.006118e-04
	25	56	-20.750000	59.500000	9.834391e+04	2.077499e-04
	44	56	-16.000000	59.500000	9.834391e+04	1.479355e-04
	252	89	36.000000	51.250000	1.007825e+05	2.093252e-04
2022	2	12	4	12
	275	2	41.750000	73.000000	9.861774e+04	2.671335e-04
	173	18	16.250000	69.000000	9.908465e+04	1.878873e-04
	57	55	-12.750000	59.750000	9.844055e+04	1.331321e-04
	268	91	40.000000	50.750000	1.005757e+05	2.340384e-04
2022	2	12	4	18
	283	0	43.750000	73.500000	9.869184e+04	1.172711e-04
	72	53	-9.000000	60.250000	9.839938e+04	1.540676e-04
	288	90	45.000000	51.000000	1.003791e+05	9.875886e-05
	0	96	-27.000000	49.500000	1.001886e+05	1.181497e-04
2022	2	13	2	0
	77	55	-7.750000	59.750000	9.854071e+04	2.019755e-04
	27	96	-20.250000	49.500000	9.977677e+04	1.276534e-04
2022	2	13	5	6
	173	0	16.250000	73.500000	9.889040e+04	4.020037e-05
	155	32	11.750000	65.500000	9.849798e+04	2.749689e-04
	90	55	-4.500000	59.750000	9.855639e+04	1.804208e-04
	39	96	-17.250000	49.500000	9.900997e+04	2.244889e-04
	286	129	44.500000	41.250000	1.017324e+05	-1.183084e-05
2022	2	13	6	12
	200	0	23.000000	73.500000	9.908739e+04	-2.545157e-06
	181	6	18.250000	72.000000	9.908739e+04	6.471617e-05
	168	36	15.000000	64.500000	9.875143e+04	5.438544e-05
	57	95	-12.750000	49.750000	9.867165e+04	2.271885e-04
	267	119	39.750000	43.750000	1.025147e+05	8.776244e-05
	279	120	42.750000	43.500000	1.021623e+05	-4.665803e-05
2022	2	13	2	18
	220	29	28.000000	66.250000	9.879788e+04	1.321061e-04
	72	99	-9.000000	48.750000	9.861461e+04	2.519320e-04
2022	2	14	3	0
	223	0	28.750000	73.500000	9.937162e+04	4.509188e-06
	242	28	33.500000	66.500000	9.884473e+04	7.457742e-05
	90	89	-4.500000	51.250000	9.878945e+04	2.014243e-04
2022	2	14	4	6
	0	16	-27.000000	69.500000	9.987223e+04	2.373406e-05
	264	20	39.000000	68.500000	9.870654e+04	1.508651e-04
	239	34	32.750000	65.000000	9.872712e+04	4.952477e-06
	108	81	0.000000	53.250000	9.875084e+04	1.166399e-04
2022	2	14	4	12
	272	19	41.000000	68.750000	9.850856e+04	1.946306e-04
	9	40	-24.750000	63.500000	9.917541e+04	1.086988e-04
	118	76	2.500000	54.500000	9.877142e+04	1.335492e-04
	121	85	3.250000	52.250000	9.877142e+04	1.093300e-04
2022	2	14	3	18
	283	16	43.750000	69.500000	9.839782e+04	2.310102e-04
	0	38	-27.000000	64.000000	9.855384e+04	5.305152e-05
	137	76	7.250000	54.500000	9.864303e+04	1.512374e-04
2022	2	15	6	0
	6	14	-25.500000	70.000000	9.833666e+04	-1.067974e-05
	288	15	45.000000	69.750000	9.844917e+04	1.338301e-04
	0	56	-27.000000	59.500000	9.648472e+04	1.301039e-04
	149	69	10.250000	56.250000	9.862578e+04	1.866572e-04
	143	121	8.750000	43.250000	1.009462e+05	1.435719e-04
	280	121	43.000000	43.250000	1.018098e+05	7.034032e-06
2022	2	15	3	6
	0	46	-27.000000	62.000000	9.493602e+04	1.378580e-04
	156	64	12.000000	57.500000	9.872457e+04	1.883156e-04
	147	118	9.750000	44.000000	1.007619e+05	1.653966e-04
2022	2	15	7	12
	6	7	-25.500000	71.750000	9.825551e+04	-2.464399e-05
	35	36	-18.250000	64.500000	9.507381e+04	-1.834490e-05
	0	40	-27.000000	63.500000	9.459534e+04	1.760168e-04
	122	44	3.500000	62.500000	9.973738e+04	1.935754e-04
	163	63	13.750000	57.750000	9.899781e+04	9.819418e-05
	148	118	10.000000	44.000000	1.008466e+05	1.538470e-04
	146	126	9.500000	42.000000	1.008466e+05	8.365626e-05
2022	2	15	4	18
	6	7	-25.500000	71.750000	9.801323e+04	-1.181503e-05
	0	31	-27.000000	65.750000	9.555189e+04	9.811787e-05
	183	56	18.750000	59.500000	9.902780e+04	1.355901e-04
	149	120	10.250000	43.500000	1.010215e+05	7.860429e-05
2022	2	16	3	0
	188	53	20.000000	60.250000	9.893784e+04	1.564871e-04
	52	71	-14.000000	55.750000	9.743735e+04	2.864391e-04
	167	118	14.750000	44.000000	1.013459e+05	1.035510e-04
2022	2	16	5	6
	193	53	21.250000	60.250000	9.895645e+04	1.478293e-04
	78	64	-7.500000	57.500000	9.654039e+04	5.842015e-04
	282	122	43.500000	43.000000	1.019380e+05	-3.200075e-05
	273	130	41.250000	41.000000	1.019380e+05	2.184663e-05
	156	131	12.000000	40.750000	1.016703e+05	1.916284e-05
2022	2	16	3	12
	94	33	-3.500000	65.250000	9.731680e+04	2.632436e-04
	206	52	24.500000	60.500000	9.926596e+04	1.170287e-04
	108	56	0.000000	59.500000	9.634888e+04	4.028924e-04
2022	2	16	5	18
	92	30	-4.000000	66.000000	9.743029e+04	2.381355e-04
	129	47	5.250000	61.750000	9.679776e+04	1.102523e-04
	129	57	5.250000	59.250000	9.679776e+04	4.004714e-04
	146	60	9.500000	58.500000	9.679776e+04	3.491068e-04
	281	121	43.250000	43.250000	1.019425e+05	-1.811534e-05
2022	2	17	4	0
	85	27	-5.750000	66.750000	9.756789e+04	2.138830e-04
	165	56	14.250000	59.500000	9.672876e+04	3.177586e-04
	137	117	7.250000	44.250000	1.022452e+05	6.879694e-05
	283	122	43.750000	43.000000	1.019855e+05	-3.089635e-05
2022	2	17	4	6
	85	26	-5.750000	67.000000	9.727152e+04	4.309909e-04
	188	56	20.000000	59.500000	9.672660e+04	1.451352e-04
	150	110	10.500000	46.000000	1.018522e+05	3.404085e-05
	197	161	22.250000	33.250000	1.017105e+05	-6.877287e-06
2022	2	17	3	12
	93	23	-3.750000	67.750000	9.740775e+04	3.991376e-04
	203	55	23.750000	59.750000	9.705002e+04	9.210284e-05
	0	94	-27.000000	50.000000	9.888041e+04	7.022936e-05
2022	2	17	6	18
	94	20	-3.500000	68.500000	9.754162e+04	3.718340e-04
	0	39	-27.000000	63.750000	9.786877e+04	1.017429e-04
	226	61	29.500000	58.250000	9.728211e+04	1.898991e-04
	14	86	-23.500000	52.000000	9.834411e+04	3.751195e-04
	0	100	-27.000000	48.500000	9.940572e+04	2.862469e-04
	278	119	42.500000	43.750000	1.013906e+05	-4.195209e-07
2022	2	18	8	0
	91	18	-4.250000	69.000000	9.768981e+04	3.675948e-04
	1	36	-26.750000	64.500000	9.801049e+04	3.916339e-05
	2	36	-26.500000	64.500000	9.801049e+04	5.076180e-05
	288	48	45.000000	61.500000	9.835273e+04	1.140110e-04
	240	59	33.000000	58.750000	9.746185e+04	1.798398e-04
	45	68	-15.750000	56.500000	9.776430e+04	3.568649e-04
	134	118	6.500000	44.000000	1.022340e+05	7.862646e-05
	273	130	41.250000	41.000000	1.010469e+05	5.467731e-06
2022	2	18	3	6
	87	15	-5.250000	69.750000	9.754084e+04	3.488327e-04
	70	55	-9.500000	59.750000	9.662781e+04	3.688488e-04
	249	59	35.250000	58.750000	9.793993e+04	1.262338e-04
2022	2	18	5	12
	76	14	-8.000000	70.000000	9.739305e+04	3.349826e-04
	88	47	-5.000000	61.750000	9.547643e+04	6.027482e-04
	282	48	43.500000	61.500000	9.858638e+04	2.452454e-05
	258	59	37.500000	58.750000	9.860030e+04	1.204669e-04
	278	119	42.500000	43.750000	1.005138e+05	1.908822e-05
2022	2	18	6	18
	62	15	-11.500000	69.750000	9.727524e+04	2.980264e-04
	0	42	-27.000000	63.000000	9.808361e+04	1.638123e-04
	114	44	1.500000	62.500000	9.480998e+04	2.743640e-04
	288	49	45.000000	61.250000	9.900801e+04	1.299788e-05
	280	120	43.000000	43.500000	1.008780e+05	2.380813e-05
	267	160	39.750000	33.500000	1.006659e+05	8.960526e-05
2022	2	19	6	0
	52	19	-14.000000	68.750000	9.758632e+04	2.694180e-04
	136	39	7.000000	63.750000	9.487447e+04	2.403347e-04
	11	40	-24.250000	63.500000	9.840997e+04	1.994136e-04
	288	54	45.000000	60.000000	9.938926e+04	1.070937e-05
	233	155	31.250000	34.750000	1.005193e+05	1.287949e-04
	269	162	40.250000	33.000000	1.006081e+05	4.241236e-05
2022	2	19	7	6
	6	7	-25.500000	71.750000	9.922166e+04	-5.873681e-05
	51	23	-14.250000	67.750000	9.795032e+04	2.912328e-04
	152	39	11.000000	63.750000	9.571282e+04	2.017955e-04
	27	40	-20.250000	63.500000	9.865479e+04	1.863294e-04
	150	109	10.500000	46.250000	1.016907e+05	1.626241e-05
	230	155	30.500000	34.750000	1.003315e+05	1.861364e-04
	278	162	42.500000	33.000000	1.006239e+05	4.384854e-05
2022	2	19	6	12
	54	25	-13.500000	67.250000	9.835744e+04	2.326460e-04
	186	41	19.500000	63.250000	9.632184e+04	1.848553e-04
	164	43	14.000000	62.750000	9.632184e+04	4.344093e-05
	154	109	11.500000	46.250000	1.016564e+05	1.845476e-05
	229	157	30.250000	34.250000	1.003568e+05	1.963327e-04
	285	160	44.250000	33.500000	1.003180e+05	8.381440e-05
2022	2	19	4	18
	59	26	-12.250000	67.000000	9.874555e+04	2.346467e-04
	196	42	22.000000	63.000000	9.675855e+04	2.225804e-04
	197	42	22.250000	63.000000	9.675855e+04	2.132972e-04
	230	162	30.500000	33.000000	1.007392e+05	1.107495e-04
2022	2	20	5	0
	6	7	-25.500000	71.750000	1.005344e+05	2.709526e-05
	162	25	13.500000	67.250000	9.847818e+04	1.313898e-04
	209	45	25.250000	62.250000	9.715117e+04	1.251234e-04
	0	50	-27.000000	61.000000	9.787584e+04	1.122368e-04
	288	54	45.000000	60.000000	9.956684e+04	1.790138e-05
