2022	2	16	6	0
	288	11	45.000000	70.750000	9.878724e+04	7.891424e-05
	54	39	-13.500000	63.750000	9.751339e+04	3.011177e-04
	118	53	2.500000	60.250000	9.802444e+04	1.712008e-04
	65	67	-10.750000	56.750000	9.727880e+04	3.004290e-04
	280	121	43.000000	43.250000	1.020976e+05	2.473477e-05
	172	122	16.000000	43.000000	1.014637e+05	3.606969e-05
2022	2	16	5	3
	48	37	-15.000000	64.250000	9.756853e+04	2.962134e-04
	122	52	3.500000	60.500000	9.796072e+04	1.656863e-04
	75	67	-8.250000	56.750000	9.726034e+04	2.773314e-04
	280	121	43.000000	43.250000	1.021387e+05	2.996367e-05
	173	123	16.250000	42.750000	1.014305e+05	4.184229e-05
2022	2	16	1	6
	99	68	-2.250000	56.500000	9.753940e+04	2.085812e-04
2022	2	16	4	9
	48	62	-15.000000	58.000000	9.761183e+04	6.275839e-05
	112	67	1.000000	56.750000	9.754005e+04	2.199899e-04
	202	125	23.500000	42.250000	1.016262e+05	-8.016190e-05
	181	137	18.250000	39.250000	1.014546e+05	1.476691e-04
2022	2	16	6	12
	112	35	1.000000	64.750000	9.763159e+04	1.830242e-04
	62	54	-11.500000	60.000000	9.741898e+04	5.462378e-05
	53	61	-13.750000	58.250000	9.720091e+04	7.167767e-05
	123	67	3.750000	56.750000	9.746593e+04	2.118023e-04
	65	68	-10.750000	56.500000	9.720091e+04	2.415017e-04
	183	136	18.750000	39.500000	1.012145e+05	1.660354e-04
2022	2	16	4	15
	81	66	-6.750000	57.000000	9.695696e+04	3.148489e-04
	132	66	6.000000	57.000000	9.730832e+04	2.151262e-04
	152	68	11.000000	56.500000	9.730832e+04	2.127117e-04
	185	137	19.250000	39.250000	1.010452e+05	1.668529e-04
2022	2	16	4	18
	143	66	8.750000	57.000000	9.721223e+04	2.110983e-04
	144	66	9.000000	57.000000	9.721223e+04	2.116811e-04
	98	67	-2.500000	56.750000	9.701041e+04	2.787257e-04
	185	135	19.250000	39.750000	1.010906e+05	1.336757e-04
2022	2	16	5	21
	157	65	12.250000	57.250000	9.698414e+04	1.842419e-04
	109	67	0.250000	56.750000	9.692991e+04	2.944991e-04
	137	117	7.250000	44.250000	1.011149e+05	5.990224e-05
	278	120	42.500000	43.500000	1.021312e+05	-3.319965e-05
	184	133	19.000000	40.250000	1.011570e+05	1.146812e-04
2022	2	17	5	0
	186	61	19.500000	58.250000	9.671678e+04	2.073327e-04
	173	65	16.250000	57.250000	9.671678e+04	1.344539e-04
	150	109	10.500000	46.250000	1.002261e+05	1.787463e-05
	137	117	7.250000	44.250000	1.009755e+05	6.713516e-05
	183	133	18.750000	40.250000	1.011776e+05	1.117851e-04
2022	2	17	5	3
	287	10	44.750000	71.000000	9.912183e+04	1.257306e-04
	129	39	5.250000	63.750000	9.733771e+04	9.062795e-05
	192	58	21.000000	59.000000	9.641262e+04	2.192157e-04
	185	71	19.250000	55.750000	9.645151e+04	1.675007e-04
	138	117	7.500000	44.250000	1.007260e+05	9.100416e-05
2022	2	17	3	6
	285	11	44.250000	70.750000	9.919439e+04	1.106982e-04
	195	56	21.750000	59.500000	9.620665e+04	2.236218e-04
	199	66	22.750000	57.000000	9.620665e+04	1.562892e-04
2022	2	17	3	9
	198	55	22.500000	59.750000	9.613096e+04	2.358692e-04
	1	110	-26.750000	46.000000	1.008022e+05	1.486163e-04
	278	120	42.500000	43.500000	1.015912e+05	-2.447671e-05
2022	2	17	2	12
	202	55	23.500000	59.750000	9.608168e+04	2.177894e-04
	11	104	-24.250000	47.500000	1.004935e+05	2.104461e-04
2022	2	17	2	15
	215	51	26.750000	60.750000	9.606673e+04	1.756415e-04
	18	101	-22.500000	48.250000	9.992441e+04	2.539756e-04
2022	2	17	2	18
	218	48	27.500000	61.500000	9.602849e+04	1.800935e-04
	34	99	-18.500000	48.750000	9.941662e+04	9.887988e-05
2022	2	17	2	21
	219	44	27.750000	62.500000	9.600964e+04	1.937246e-04
	41	93	-16.750000	50.250000	9.870362e+04	2.396153e-04
2022	2	18	2	0
	219	41	27.750000	63.250000	9.602395e+04	1.909918e-04
	45	90	-15.750000	51.000000	9.803913e+04	4.013127e-04
2022	2	18	2	3
	219	38	27.750000	64.000000	9.605229e+04	1.777515e-04
	51	90	-14.250000	51.000000	9.755552e+04	4.994911e-04
2022	2	18	4	6
	218	36	27.500000	64.500000	9.611913e+04	1.664903e-04
	84	82	-6.000000	53.000000	9.745149e+04	1.829565e-04
	65	86	-10.750000	52.000000	9.744538e+04	4.564232e-04
	137	117	7.250000	44.250000	1.013356e+05	7.717703e-05
2022	2	18	4	9
	220	35	28.000000	64.750000	9.627192e+04	1.436835e-04
	72	56	-9.000000	59.500000	9.867008e+04	1.050884e-04
	79	82	-7.250000	53.000000	9.743589e+04	3.661160e-04
	265	162	39.250000	33.000000	1.009954e+05	-4.428101e-06
2022	2	18	3	12
	6	7	-25.500000	71.750000	1.004854e+05	-5.386684e-05
	225	34	29.250000	65.000000	9.645527e+04	1.264905e-04
	91	80	-4.250000	53.500000	9.735280e+04	3.648958e-04
2022	2	18	4	15
	6	7	-25.500000	71.750000	1.004594e+05	-5.331698e-05
	231	32	30.750000	65.500000	9.661158e+04	1.404955e-04
	111	69	0.750000	56.250000	9.712120e+04	2.855529e-04
	106	77	-0.500000	54.250000	9.712120e+04	1.832421e-04
2022	2	18	7	18
	135	29	6.750000	66.250000	9.778634e+04	7.544875e-05
	233	30	31.250000	66.000000	9.669909e+04	1.172577e-04
	0	56	-27.000000	59.500000	9.855591e+04	6.547703e-05
	114	69	1.500000	56.250000	9.683304e+04	3.506690e-04
	280	119	43.000000	43.750000	1.005584e+05	4.636440e-05
	109	128	0.250000	41.500000	1.011645e+05	3.217453e-05
	273	129	41.250000	41.250000	1.005584e+05	-8.047004e-06
2022	2	18	6	21
	2	6	-26.500000	72.000000	1.004919e+05	1.472608e-05
	234	29	31.500000	66.250000	9.678609e+04	1.147681e-04
	132	30	6.000000	66.000000	9.769480e+04	9.215964e-05
	0	53	-27.000000	60.250000	9.813991e+04	7.289823e-05
	130	70	5.500000	56.000000	9.682939e+04	2.072565e-04
	282	121	43.500000	43.250000	1.006184e+05	5.907512e-05
2022	2	19	7	0
	6	7	-25.500000	71.750000	1.004348e+05	4.105023e-06
	236	27	32.000000	66.750000	9.686893e+04	1.163834e-04
	136	31	7.000000	65.750000	9.764174e+04	9.796600e-05
	0	49	-27.000000	61.250000	9.801729e+04	1.057957e-04
	142	69	8.500000	56.250000	9.691028e+04	1.960946e-04
	136	114	7.000000	45.000000	1.012327e+05	5.665968e-05
	246	149	34.500000	36.250000	1.008672e+05	1.143224e-04
2022	2	19	9	3
	6	7	-25.500000	71.750000	1.003954e+05	1.255703e-05
	246	17	34.500000	69.250000	9.691639e+04	1.431933e-04
	237	27	32.250000	66.750000	9.691639e+04	1.064449e-04
	137	31	7.250000	65.750000	9.758934e+04	1.270616e-04
	32	58	-19.000000	59.000000	9.812704e+04	2.500926e-04
	157	67	12.250000	56.750000	9.691418e+04	1.873634e-04
	137	117	7.250000	44.250000	1.011689e+05	1.381733e-04
	120	142	3.000000	38.000000	1.013542e+05	-1.162986e-05
	249	150	35.250000	36.000000	1.007403e+05	1.071176e-04
2022	2	19	11	6
	6	7	-25.500000	71.750000	1.003160e+05	1.286185e-05
	243	17	33.750000	69.250000	9.699870e+04	1.593069e-04
	238	27	32.500000	66.750000	9.699870e+04	9.620806e-05
	239	27	32.750000	66.750000	9.699870e+04	9.588302e-05
	140	33	8.000000	65.250000	9.758452e+04	1.732527e-04
	0	46	-27.000000	62.000000	9.797191e+04	8.228450e-05
	21	50	-21.750000	61.000000	9.793316e+04	1.412343e-04
	37	56	-17.750000	59.500000	9.793316e+04	2.486688e-04
	179	62	17.750000	58.000000	9.695449e+04	1.861980e-04
	137	117	7.250000	44.250000	1.011876e+05	1.184806e-04
	250	151	35.500000	35.750000	1.008228e+05	1.449588e-04
2022	2	19	8	9
	242	18	33.500000	69.000000	9.709350e+04	1.181255e-04
	243	26	33.750000	67.000000	9.709350e+04	8.487876e-05
	145	34	9.250000	65.000000	9.769349e+04	1.747661e-04
	40	55	-17.000000	59.750000	9.802873e+04	2.486468e-04
	189	61	20.250000	58.250000	9.701873e+04	1.604890e-04
	136	117	7.000000	44.250000	1.013773e+05	1.102283e-04
	256	157	37.000000	34.250000	1.007870e+05	2.446361e-05
	267	162	39.750000	33.000000	1.007870e+05	2.688433e-05
2022	2	19	10	12
	250	17	35.500000	69.250000	9.721170e+04	8.302949e-05
	158	25	12.500000	67.250000	9.780988e+04	1.022607e-04
	149	34	10.250000	65.000000	9.780988e+04	1.607281e-04
	45	56	-15.750000	59.500000	9.833041e+04	2.503013e-04
	65	57	-10.750000	59.250000	9.833041e+04	1.998214e-04
	197	60	22.250000	58.500000	9.718466e+04	1.338325e-04
	135	119	6.750000	43.750000	1.013598e+05	1.037425e-04
	95	146	-3.250000	37.000000	1.017417e+05	6.523592e-05
	261	157	38.250000	34.250000	1.006743e+05	1.402692e-05
	269	162	40.250000	33.000000	1.006743e+05	1.007546e-05
2022	2	19	7	15
	254	17	36.500000	69.250000	9.730338e+04	9.909421e-05
	158	25	12.500000	67.250000	9.791209e+04	1.192107e-04
	51	56	-14.250000	59.500000	9.857476e+04	2.131099e-04
	74	57	-8.500000	59.250000	9.857476e+04	2.181955e-04
	204	60	24.000000	58.500000	9.743459e+04	1.836614e-04
	135	119	6.750000	43.750000	1.012691e+05	1.302020e-04
	269	162	40.250000	33.000000	1.007385e+05	1.145055e-05
2022	2	19	7	18
	257	17	37.250000	69.250000	9.739961e+04	8.975271e-05
	158	25	12.500000	67.250000	9.802678e+04	1.265482e-04
	0	56	-27.000000	59.500000	9.696034e+04	1.235008e-04
	234	57	31.500000	59.250000	9.757009e+04	1.322340e-04
	135	120	6.750000	43.500000	1.014213e+05	1.374302e-04
	267	155	39.750000	34.750000	1.010022e+05	2.757643e-05
	247	157	34.750000	34.250000	1.011409e+05	1.441456e-04
2022	2	19	7	21
	6	7	-25.500000	71.750000	9.998930e+04	1.819473e-05
	261	18	38.250000	69.000000	9.752497e+04	1.025328e-04
	155	26	11.750000	67.000000	9.813315e+04	1.624086e-04
	0	52	-27.000000	60.500000	9.618779e+04	1.286160e-04
	241	55	33.250000	59.750000	9.760298e+04	1.673781e-04
	266	154	39.500000	35.000000	1.010084e+05	1.212477e-05
	247	161	34.750000	33.250000	1.013154e+05	1.110615e-04
2022	2	20	8	0
	276	15	42.000000	69.750000	9.761963e+04	5.964462e-05
	155	27	11.750000	66.750000	9.819557e+04	1.753898e-04
	0	49	-27.000000	61.250000	9.573188e+04	6.340384e-05
	247	54	34.750000	60.000000	9.767139e+04	1.377624e-04
	132	72	6.000000	55.500000	9.938931e+04	1.891412e-04
	81	149	-6.750000	36.250000	1.023328e+05	9.842183e-05
	265	154	39.250000	35.000000	1.009838e+05	9.016918e-06
	282	162	43.500000	33.000000	1.008321e+05	8.752284e-05
