2022	2	14	6	0
	221	10	28.250000	71.000000	9.838980e+04	1.414434e-04
	194	12	21.500000	70.500000	9.838980e+04	1.265165e-04
	1	17	-26.750000	69.250000	9.977989e+04	-8.699350e-06
	219	23	27.750000	67.750000	9.841480e+04	1.063611e-04
	114	62	1.500000	58.000000	9.851957e+04	9.489050e-05
	103	71	-1.250000	55.750000	9.851957e+04	1.433600e-04
2022	2	14	4	3
	213	9	26.250000	71.250000	9.811830e+04	2.194714e-04
	196	17	22.000000	69.250000	9.811830e+04	1.336204e-05
	227	22	29.750000	68.000000	9.825833e+04	8.148779e-05
	108	70	0.000000	56.000000	9.847455e+04	1.099731e-04
2022	2	14	4	6
	217	8	27.250000	71.500000	9.799024e+04	2.449478e-04
	121	60	3.250000	58.500000	9.853190e+04	7.086489e-05
	119	61	2.750000	58.250000	9.853190e+04	7.860255e-05
	110	70	0.500000	56.000000	9.853190e+04	1.206813e-04
2022	2	14	3	9
	215	9	26.750000	71.250000	9.803801e+04	2.949948e-04
	125	68	4.250000	56.500000	9.861801e+04	7.523458e-05
	111	70	0.750000	56.000000	9.861801e+04	1.495164e-04
2022	2	14	4	12
	224	8	29.000000	71.500000	9.807362e+04	1.644267e-04
	0	49	-27.000000	61.250000	9.766258e+04	1.552195e-04
	132	65	6.000000	57.250000	9.854953e+04	1.622366e-04
	114	70	1.500000	56.000000	9.854953e+04	1.788633e-04
2022	2	14	4	15
	234	6	31.500000	72.000000	9.818386e+04	1.097708e-04
	288	13	45.000000	70.250000	9.946335e+04	-1.830481e-05
	0	44	-27.000000	62.500000	9.732773e+04	1.335397e-04
	135	62	6.750000	58.000000	9.843757e+04	1.695387e-04
2022	2	14	3	18
	250	13	35.500000	70.250000	9.820526e+04	1.326515e-04
	0	41	-27.000000	63.250000	9.718050e+04	1.230293e-04
	138	61	7.500000	58.250000	9.862331e+04	1.807101e-04
2022	2	14	5	21
	257	13	37.250000	70.250000	9.823898e+04	1.579133e-04
	0	38	-27.000000	64.000000	9.708601e+04	1.633414e-04
	28	46	-20.000000	62.000000	9.736214e+04	2.130253e-04
	133	61	6.250000	58.250000	9.873493e+04	2.109101e-04
	139	121	7.750000	43.250000	1.010758e+05	1.317361e-04
2022	2	15	9	0
	6	7	-25.500000	71.750000	9.978195e+04	5.226420e-05
	240	7	33.000000	71.750000	9.828846e+04	9.370346e-05
	262	13	38.500000	70.250000	9.828846e+04	1.627044e-04
	263	13	38.750000	70.250000	9.828846e+04	1.749879e-04
	0	37	-27.000000	64.250000	9.744876e+04	9.044931e-05
	20	42	-22.000000	63.000000	9.744876e+04	2.346291e-04
	125	52	4.250000	60.500000	9.879262e+04	1.487690e-04
	141	60	8.250000	58.500000	9.879262e+04	1.856185e-04
	145	118	9.250000	44.000000	1.010741e+05	1.382103e-04
2022	2	15	8	3
	240	10	33.000000	71.000000	9.837063e+04	1.795235e-04
	266	11	39.500000	70.750000	9.837063e+04	1.695640e-04
	11	38	-24.250000	64.000000	9.736009e+04	2.330282e-04
	125	52	4.250000	60.500000	9.875205e+04	1.334140e-04
	146	59	9.500000	58.750000	9.876523e+04	1.846614e-04
	171	103	15.750000	47.750000	1.010072e+05	8.158329e-05
	149	109	10.250000	46.250000	1.009293e+05	-1.224728e-05
	147	119	9.750000	43.750000	1.009293e+05	1.181279e-04
2022	2	15	9	6
	272	12	41.000000	70.500000	9.846770e+04	1.662349e-04
	249	15	35.250000	69.750000	9.846770e+04	1.790463e-04
	1	34	-26.750000	65.000000	9.725480e+04	1.075870e-04
	28	38	-20.000000	64.000000	9.726251e+04	1.098035e-04
	156	50	12.000000	61.000000	9.879947e+04	2.258879e-04
	125	51	4.250000	60.750000	9.877636e+04	1.429699e-04
	150	58	10.500000	59.000000	9.879947e+04	2.149361e-04
	0	88	-27.000000	51.500000	9.929678e+04	1.343033e-04
	146	117	9.500000	44.250000	1.010084e+05	9.701707e-05
2022	2	15	10	9
	276	11	42.000000	70.750000	9.862383e+04	1.539221e-04
	275	12	41.750000	70.500000	9.862383e+04	1.321821e-04
	0	32	-27.000000	65.500000	9.742154e+04	5.683989e-05
	24	35	-21.000000	64.750000	9.742154e+04	1.729497e-04
	157	48	12.250000	61.500000	9.868991e+04	2.498490e-04
	125	49	4.250000	61.250000	9.872415e+04	1.591935e-04
	6	86	-25.500000	52.000000	9.903555e+04	2.065717e-04
	159	114	12.750000	45.000000	1.010827e+05	1.039455e-04
	146	117	9.500000	44.250000	1.010827e+05	8.762097e-05
	164	122	14.000000	43.000000	1.010827e+05	5.050470e-05
2022	2	15	10	12
	279	12	42.750000	70.500000	9.876951e+04	1.937050e-04
	0	36	-27.000000	64.500000	9.768603e+04	-6.511844e-05
	35	36	-18.250000	64.500000	9.779423e+04	1.419926e-04
	160	46	13.000000	62.000000	9.867227e+04	2.279254e-04
	123	47	3.750000	61.750000	9.868272e+04	1.783289e-04
	74	51	-8.500000	60.750000	9.797364e+04	2.402525e-04
	75	51	-8.250000	60.750000	9.797364e+04	2.359636e-04
	18	83	-22.500000	52.750000	9.897785e+04	2.044214e-04
	159	111	12.750000	45.750000	1.010765e+05	1.027645e-04
	163	123	13.750000	42.750000	1.011006e+05	3.421708e-05
2022	2	15	8	15
	283	10	43.750000	71.000000	9.885134e+04	2.129137e-04
	284	10	44.000000	71.000000	9.885134e+04	2.037639e-04
	0	40	-27.000000	63.500000	9.759616e+04	6.449157e-06
	73	49	-8.750000	61.250000	9.784576e+04	2.828416e-04
	28	81	-20.000000	53.250000	9.874280e+04	2.044676e-04
	160	111	13.000000	45.750000	1.011909e+05	9.459429e-05
	160	162	13.000000	33.000000	1.016282e+05	-2.085339e-05
	162	162	13.500000	33.000000	1.016282e+05	-2.796702e-05
2022	2	15	5	18
	284	10	44.000000	71.000000	9.895269e+04	1.894860e-04
	0	38	-27.000000	64.000000	9.754873e+04	-1.548484e-06
	71	48	-9.250000	61.500000	9.783429e+04	2.820814e-04
	37	80	-17.750000	53.500000	9.870138e+04	2.159710e-04
	162	162	13.500000	33.000000	1.016560e+05	-4.196904e-06
2022	2	15	4	21
	70	47	-9.500000	61.750000	9.781118e+04	3.006414e-04
	118	57	2.500000	59.250000	9.815955e+04	1.233432e-04
	50	79	-14.500000	53.750000	9.874931e+04	1.919977e-04
	165	160	14.250000	33.500000	1.017804e+05	1.591600e-05
2022	2	16	6	0
	286	10	44.500000	71.000000	9.908262e+04	8.975455e-05
	185	42	19.250000	63.000000	9.880700e+04	1.362218e-04
	69	46	-9.750000	62.000000	9.789301e+04	2.966381e-04
	124	46	4.000000	62.000000	9.810152e+04	6.204154e-05
	125	57	4.250000	59.250000	9.810152e+04	1.630429e-04
	63	79	-11.250000	53.750000	9.884364e+04	1.725785e-04
2022	2	16	4	3
	287	11	44.750000	70.750000	9.910608e+04	6.560633e-05
	69	46	-9.750000	62.000000	9.794145e+04	2.968082e-04
	129	57	5.250000	59.250000	9.808252e+04	1.725048e-04
	150	57	10.500000	59.250000	9.808252e+04	1.299028e-04
2022	2	16	4	6
	69	46	-9.750000	62.000000	9.804896e+04	2.672284e-04
	152	55	11.000000	59.750000	9.820132e+04	1.369894e-04
	0	63	-27.000000	57.750000	9.642880e+04	1.231051e-04
	137	116	7.250000	44.500000	1.009936e+05	9.240867e-05
2022	2	16	4	9
	68	46	-10.000000	62.000000	9.807481e+04	2.426441e-04
	154	55	11.500000	59.750000	9.817479e+04	1.349925e-04
	6	58	-25.500000	59.000000	9.606724e+04	3.241886e-04
	137	117	7.250000	44.250000	1.009599e+05	1.333819e-04
2022	2	16	4	12
	288	7	45.000000	71.750000	9.913261e+04	1.033461e-04
	157	54	12.250000	60.000000	9.816229e+04	1.333822e-04
	14	55	-23.500000	59.750000	9.599311e+04	2.539138e-04
	137	119	7.250000	43.750000	1.011015e+05	1.661476e-04
2022	2	16	7	15
	288	8	45.000000	71.500000	9.907389e+04	1.082186e-04
	122	37	3.500000	64.250000	9.818848e+04	1.099141e-04
	178	49	17.500000	61.250000	9.807670e+04	1.504315e-04
	10	54	-24.500000	60.000000	9.617886e+04	3.767365e-04
	162	54	13.500000	60.000000	9.807670e+04	1.138369e-04
	38	56	-17.500000	59.500000	9.619358e+04	1.730871e-04
	137	118	7.250000	44.000000	1.009144e+05	1.599462e-04
2022	2	16	5	18
	288	9	45.000000	71.250000	9.906037e+04	1.006439e-04
	0	43	-27.000000	62.750000	9.766498e+04	5.384719e-05
	180	47	18.000000	61.750000	9.796131e+04	1.329678e-04
	39	55	-17.250000	59.750000	9.607597e+04	2.578848e-04
	137	117	7.250000	44.250000	1.009498e+05	7.898675e-05
2022	2	16	5	21
	288	9	45.000000	71.250000	9.910505e+04	1.101808e-04
	181	46	18.250000	62.000000	9.782590e+04	1.212880e-04
	38	54	-17.500000	60.000000	9.609070e+04	3.361379e-04
	64	55	-11.000000	59.750000	9.619478e+04	2.425172e-04
	150	109	10.500000	46.250000	1.003339e+05	5.234244e-06
2022	2	17	6	0
	0	39	-27.000000	63.750000	9.830010e+04	5.142141e-05
	183	45	18.750000	62.250000	9.771377e+04	1.368649e-04
	38	55	-17.500000	59.750000	9.642674e+04	3.741595e-04
	64	55	-11.000000	59.750000	9.647280e+04	2.586505e-04
	280	121	43.000000	43.250000	1.018405e+05	-2.716533e-05
	189	143	20.250000	37.750000	1.010816e+05	1.240992e-04
2022	2	17	6	3
	183	45	18.750000	62.250000	9.747512e+04	1.470950e-04
	120	61	3.000000	58.250000	9.654487e+04	2.424235e-04
	139	68	7.750000	56.500000	9.654572e+04	3.058803e-04
	137	113	7.250000	45.250000	1.005338e+05	4.616621e-05
	280	121	43.000000	43.250000	1.017501e+05	-2.939008e-05
	190	144	20.500000	37.500000	1.008478e+05	1.123322e-04
2022	2	17	5	6
	183	45	18.750000	62.250000	9.734262e+04	1.457626e-04
	124	61	4.000000	58.250000	9.659348e+04	2.649587e-04
	148	67	10.000000	56.750000	9.638001e+04	3.321631e-04
	280	121	43.000000	43.250000	1.016712e+05	-2.034432e-05
	191	145	20.750000	37.250000	1.009159e+05	1.000546e-04
2022	2	17	5	9
	127	61	4.750000	58.250000	9.673746e+04	2.488495e-04
	154	67	11.500000	56.750000	9.624305e+04	3.430114e-04
	5	102	-25.750000	48.000000	9.922402e+04	3.216803e-04
	137	113	7.250000	45.250000	1.006670e+05	4.340934e-05
	279	120	42.750000	43.500000	1.014398e+05	-1.909623e-05
2022	2	17	4	12
	130	61	5.500000	58.250000	9.711083e+04	1.994143e-04
	162	68	13.500000	56.500000	9.646458e+04	3.458745e-04
	15	97	-23.250000	49.250000	9.889654e+04	3.167423e-04
	278	120	42.500000	43.500000	1.011318e+05	7.509513e-06
2022	2	17	2	15
	178	68	17.500000	56.500000	9.651337e+04	2.692072e-04
	20	96	-22.000000	49.500000	9.833177e+04	4.674100e-04
2022	2	17	3	18
	41	50	-16.750000	61.000000	9.883713e+04	1.483755e-04
	186	69	19.500000	56.250000	9.667669e+04	2.368315e-04
	33	88	-18.750000	51.500000	9.770041e+04	4.562822e-04
2022	2	17	3	21
	25	44	-20.750000	62.500000	9.871113e+04	1.373990e-04
	192	72	21.000000	55.500000	9.697764e+04	2.783076e-04
	42	88	-16.500000	51.500000	9.691687e+04	6.640186e-04
2022	2	18	5	0
	142	29	8.500000	66.250000	9.830695e+04	2.084851e-05
	250	30	35.500000	66.000000	9.790755e+04	8.812344e-05
	207	64	24.750000	57.500000	9.741487e+04	1.035070e-04
	202	74	23.500000	55.000000	9.741487e+04	2.031387e-04
	53	83	-13.750000	52.750000	9.608727e+04	6.892209e-04
2022	2	18	5	3
	256	26	37.000000	67.000000	9.801233e+04	9.518644e-05
	143	29	8.750000	66.250000	9.830096e+04	1.854334e-05
	22	44	-21.500000	62.500000	9.813507e+04	1.709041e-04
	217	60	27.250000	58.500000	9.768706e+04	1.168034e-04
	66	77	-10.500000	54.250000	9.561820e+04	6.425174e-04
2022	2	18	7	6
	255	17	36.750000	69.250000	9.797055e+04	1.464772e-04
	127	28	4.750000	66.500000	9.817273e+04	1.277000e-04
	131	36	5.750000	64.500000	9.817273e+04	3.802686e-05
	20	44	-22.000000	62.500000	9.784798e+04	2.468008e-04
	221	57	28.250000	59.250000	9.791748e+04	1.262235e-04
	80	70	-7.000000	56.000000	9.559047e+04	4.567998e-04
	251	156	35.750000	34.500000	1.008223e+05	6.030975e-06
2022	2	18	6	9
	288	15	45.000000	69.750000	9.823299e+04	6.426858e-05
	255	17	36.750000	69.250000	9.796251e+04	1.223205e-04
	19	44	-22.250000	62.500000	9.775348e+04	2.742167e-04
	233	51	31.250000	60.750000	9.805359e+04	8.659920e-05
	98	69	-2.500000	56.250000	9.548947e+04	3.254626e-04
	263	162	38.750000	33.000000	1.007199e+05	1.535480e-06
2022	2	18	5	12
	288	12	45.000000	70.500000	9.822888e+04	1.026547e-04
	266	15	39.500000	69.750000	9.801969e+04	1.333409e-04
	15	43	-23.250000	62.750000	9.782110e+04	2.571250e-04
	234	49	31.500000	61.250000	9.819311e+04	1.192962e-04
	110	65	0.500000	57.250000	9.523045e+04	2.634616e-04
2022	2	18	6	15
	266	14	39.500000	70.000000	9.799948e+04	1.584456e-04
	252	40	36.000000	63.500000	9.823710e+04	7.340063e-05
	10	42	-24.500000	63.000000	9.756415e+04	3.180334e-04
	120	64	3.000000	57.500000	9.520186e+04	2.433980e-04
	226	142	29.500000	38.000000	1.003392e+05	8.412925e-05
	266	157	39.500000	34.250000	1.004109e+05	1.270577e-04
2022	2	18	6	18
	267	13	39.750000	70.250000	9.791270e+04	1.586115e-04
	4	41	-26.000000	63.250000	9.739620e+04	3.337355e-04
	0	57	-27.000000	59.250000	9.767594e+04	1.299977e-04
	131	63	5.750000	57.750000	9.532255e+04	2.711331e-04
	223	148	28.750000	36.500000	1.000802e+05	2.471839e-04
	265	155	39.250000	34.750000	1.005754e+05	1.500227e-04
2022	2	18	9	21
	273	10	41.250000	71.000000	9.783652e+04	1.989617e-04
	288	21	45.000000	68.250000	9.804896e+04	-2.079639e-05
	0	41	-27.000000	63.250000	9.738867e+04	1.581076e-04
	0	55	-27.000000	59.750000	9.754531e+04	1.192906e-04
	144	63	9.000000	57.750000	9.565330e+04	2.424272e-04
	279	119	42.750000	43.750000	1.008985e+05	7.721276e-06
	223	149	28.750000	36.250000	1.001156e+05	2.266501e-04
	237	150	32.250000	36.000000	1.001156e+05	-1.162616e-05
	262	156	38.500000	34.500000	1.006826e+05	1.134084e-04
2022	2	19	8	0
	273	9	41.250000	71.250000	9.769716e+04	2.009437e-04
	283	23	43.750000	67.750000	9.772712e+04	7.819453e-05
	6	54	-25.500000	60.000000	9.748711e+04	1.874077e-04
	27	56	-20.250000	59.500000	9.748711e+04	1.984684e-04
	158	64	12.500000	57.500000	9.593662e+04	2.152357e-04
	115	147	1.750000	36.750000	1.013910e+05	4.071928e-05
	222	152	28.500000	35.500000	1.001902e+05	1.757550e-04
	261	155	38.250000	34.750000	1.006821e+05	9.224767e-05
2022	2	19	9	3
	272	9	41.000000	71.250000	9.758298e+04	2.350618e-04
	136	25	7.000000	67.250000	9.766857e+04	9.670579e-05
	137	36	7.250000	64.500000	9.766857e+04	1.763420e-05
	8	53	-25.000000	60.250000	9.743096e+04	2.101743e-04
	29	54	-19.750000	60.000000	9.743096e+04	1.661583e-04
	175	63	16.750000	57.750000	9.612305e+04	2.441185e-04
	137	117	7.250000	44.250000	1.011785e+05	1.067130e-04
	261	155	38.250000	34.750000	1.008260e+05	9.741534e-05
	223	159	28.750000	33.750000	1.002930e+05	2.044126e-04
2022	2	19	7	6
	272	9	41.000000	71.250000	9.745835e+04	2.287968e-04
	136	25	7.000000	67.250000	9.769134e+04	9.441336e-05
	30	53	-19.500000	60.250000	9.734142e+04	1.293914e-04
	187	61	19.750000	58.250000	9.626565e+04	2.352763e-04
	150	109	10.500000	46.250000	1.012330e+05	2.822343e-05
	137	117	7.250000	44.250000	1.012280e+05	1.129925e-04
	225	162	29.250000	33.000000	1.005470e+05	7.235802e-05
2022	2	19	10	9
	272	10	41.000000	71.000000	9.746913e+04	2.082927e-04
	273	10	41.250000	71.000000	9.746913e+04	1.920713e-04
	132	16	6.000000	69.500000	9.776855e+04	1.176995e-04
	136	25	7.000000	67.250000	9.776855e+04	1.130386e-04
	56	56	-13.000000	59.500000	9.730770e+04	1.897468e-04
	195	60	21.750000	58.500000	9.643581e+04	2.319382e-04
	150	110	10.500000	46.000000	1.014285e+05	2.993213e-05
	136	117	7.000000	44.250000	1.014182e+05	1.220394e-04
	238	159	32.500000	33.750000	1.009760e+05	1.250327e-04
	226	162	29.500000	33.000000	1.009760e+05	4.564193e-05
2022	2	19	7	12
	276	10	42.000000	71.000000	9.748248e+04	1.718813e-04
	127	14	4.750000	70.000000	9.782453e+04	1.353235e-04
	138	25	7.500000	67.250000	9.782453e+04	1.320848e-04
	77	56	-7.750000	59.500000	9.727123e+04	2.360178e-04
	202	59	23.500000	58.750000	9.675132e+04	2.813774e-04
	154	109	11.500000	46.250000	1.015264e+05	-2.591295e-06
	135	118	6.750000	44.000000	1.014423e+05	1.142600e-04
2022	2	19	7	15
	284	10	44.000000	71.000000	9.757151e+04	2.191850e-04
	118	11	2.500000	70.750000	9.783840e+04	1.197156e-04
	119	12	2.750000	70.500000	9.782898e+04	1.262675e-04
	139	23	7.750000	67.750000	9.780535e+04	1.527127e-04
	73	55	-8.750000	59.750000	9.712658e+04	2.435652e-04
	211	59	25.750000	58.750000	9.722638e+04	2.353460e-04
	92	162	-4.000000	33.000000	1.014199e+05	5.529737e-05
2022	2	19	5	18
	288	10	45.000000	71.000000	9.765059e+04	1.337259e-04
	108	11	0.000000	70.750000	9.778019e+04	1.285409e-04
	140	22	8.000000	68.000000	9.776838e+04	1.532333e-04
	72	55	-9.000000	59.750000	9.719625e+04	2.270229e-04
	222	55	28.500000	59.750000	9.754514e+04	1.225769e-04
2022	2	19	4	21
	142	22	8.500000	68.000000	9.768912e+04	1.567596e-04
	113	55	1.250000	59.750000	9.718923e+04	2.361370e-04
	232	55	31.000000	59.750000	9.777266e+04	7.490857e-05
	71	56	-9.250000	59.500000	9.731883e+04	1.918414e-04
2022	2	20	4	0
	138	19	7.500000	68.750000	9.764461e+04	1.444176e-04
	241	53	33.250000	60.250000	9.796816e+04	4.220410e-05
	113	56	1.250000	59.500000	9.719745e+04	2.301451e-04
	73	57	-8.750000	59.250000	9.741743e+04	1.904259e-04
