2022	2	16	6	0
	288	11	45.000000	70.750000	9.873945e+04	1.072109e-04
	54	38	-13.500000	64.000000	9.764067e+04	2.922773e-04
	122	51	3.500000	60.750000	9.804143e+04	1.422878e-04
	65	67	-10.750000	56.750000	9.713045e+04	3.264296e-04
	280	121	43.000000	43.250000	1.021374e+05	2.977074e-05
	171	122	15.750000	43.000000	1.014378e+05	2.211599e-05
2022	2	16	4	3
	74	66	-8.500000	57.000000	9.711063e+04	3.071415e-04
	92	70	-4.000000	56.000000	9.711063e+04	2.239291e-04
	280	121	43.000000	43.250000	1.022032e+05	3.530165e-05
	173	123	16.250000	42.750000	1.013794e+05	5.281293e-05
2022	2	16	3	6
	288	10	45.000000	71.000000	9.890522e+04	1.025872e-04
	84	66	-6.000000	57.000000	9.742190e+04	3.180300e-04
	100	67	-2.000000	56.750000	9.742190e+04	2.180104e-04
2022	2	16	3	9
	114	66	1.500000	57.000000	9.741073e+04	2.379118e-04
	202	125	23.500000	42.250000	1.015972e+05	-8.412998e-05
	183	129	18.750000	41.250000	1.014099e+05	1.109552e-04
2022	2	16	5	12
	53	61	-13.750000	58.250000	9.723111e+04	6.199616e-05
	132	67	6.000000	56.750000	9.732611e+04	2.331477e-04
	62	69	-11.500000	56.250000	9.723111e+04	2.522123e-04
	183	127	18.750000	41.750000	1.011782e+05	9.421766e-05
	184	138	19.000000	39.000000	1.011782e+05	1.624475e-04
2022	2	16	4	15
	69	57	-9.750000	59.250000	9.672120e+04	2.665953e-05
	77	67	-7.750000	56.750000	9.672120e+04	3.700781e-04
	145	67	9.250000	56.750000	9.723819e+04	2.597583e-04
	185	136	19.250000	39.500000	1.010471e+05	1.482811e-04
2022	2	16	3	18
	156	65	12.000000	57.250000	9.709034e+04	2.533300e-04
	89	66	-4.750000	57.000000	9.681573e+04	3.769429e-04
	185	134	19.250000	40.000000	1.010963e+05	9.916949e-05
2022	2	16	4	21
	164	64	14.000000	57.500000	9.693716e+04	2.673969e-04
	105	66	-0.750000	57.000000	9.681463e+04	3.263007e-04
	137	117	7.250000	44.250000	1.011072e+05	5.839426e-05
	188	131	20.000000	40.750000	1.011655e+05	7.263418e-05
2022	2	17	4	0
	288	11	45.000000	70.750000	9.898386e+04	1.174245e-04
	172	64	16.000000	57.500000	9.681369e+04	1.841921e-04
	121	68	3.250000	56.500000	9.699928e+04	2.566678e-04
	137	117	7.250000	44.250000	1.010174e+05	7.542697e-05
2022	2	17	5	3
	288	11	45.000000	70.750000	9.905070e+04	1.104770e-04
	129	40	5.250000	63.500000	9.740774e+04	7.210187e-05
	190	58	20.500000	59.000000	9.662951e+04	1.724574e-04
	150	109	10.500000	46.250000	1.000961e+05	2.404177e-05
	138	117	7.500000	44.250000	1.007824e+05	8.229353e-05
2022	2	17	4	6
	288	11	45.000000	70.750000	9.910670e+04	1.091397e-04
	130	39	5.500000	63.750000	9.741120e+04	9.149885e-05
	194	55	21.500000	59.750000	9.647506e+04	1.740083e-04
	279	121	42.750000	43.250000	1.017496e+05	-1.510079e-05
2022	2	17	5	9
	288	11	45.000000	70.750000	9.919650e+04	1.084657e-04
	119	38	2.750000	64.000000	9.744958e+04	9.752362e-05
	195	55	21.750000	59.750000	9.646170e+04	2.006432e-04
	200	64	23.000000	57.500000	9.646170e+04	8.645310e-05
	278	120	42.500000	43.500000	1.016822e+05	-1.748103e-05
2022	2	17	2	12
	133	38	6.250000	64.000000	9.753168e+04	1.159979e-04
	207	61	24.750000	58.250000	9.647632e+04	1.278844e-04
2022	2	17	2	15
	133	37	6.250000	64.250000	9.756659e+04	1.116110e-04
	212	59	26.000000	58.750000	9.654835e+04	1.310706e-04
2022	2	17	6	18
	135	37	6.750000	64.250000	9.756251e+04	1.032167e-04
	116	39	2.000000	63.750000	9.756251e+04	8.600089e-05
	117	39	2.250000	63.750000	9.756251e+04	8.095631e-05
	218	55	27.500000	59.750000	9.655574e+04	1.722541e-04
	38	101	-17.500000	48.250000	1.004436e+05	1.136054e-04
	53	104	-13.750000	47.500000	1.004436e+05	1.503791e-04
2022	2	17	5	21
	141	36	8.250000	64.500000	9.753356e+04	1.234643e-04
	115	42	1.750000	63.000000	9.754741e+04	1.556946e-04
	221	51	28.250000	60.750000	9.653860e+04	1.528717e-04
	49	100	-14.750000	48.500000	1.000656e+05	1.477193e-04
	64	101	-11.000000	48.250000	1.000656e+05	1.238982e-04
2022	2	18	6	0
	145	35	9.250000	64.750000	9.747270e+04	1.028310e-04
	125	41	4.250000	63.250000	9.747270e+04	9.140163e-05
	223	45	28.750000	62.250000	9.652712e+04	1.108923e-04
	224	45	29.000000	62.250000	9.652712e+04	1.182991e-04
	55	98	-13.250000	49.000000	9.950352e+04	2.488702e-04
	154	110	11.500000	46.000000	1.012888e+05	6.605730e-05
2022	2	18	5	3
	139	26	7.750000	67.000000	9.740318e+04	2.755481e-06
	146	34	9.500000	65.000000	9.740318e+04	1.287339e-04
	225	42	29.250000	63.000000	9.647176e+04	1.182108e-04
	63	95	-11.250000	49.750000	9.886826e+04	3.592042e-04
	138	117	7.500000	44.250000	1.012772e+05	9.694013e-05
2022	2	18	4	6
	138	26	7.500000	67.000000	9.732029e+04	9.670123e-06
	148	34	10.000000	65.000000	9.732029e+04	1.757398e-04
	226	39	29.500000	63.750000	9.638840e+04	1.333593e-04
	71	94	-9.250000	50.000000	9.843872e+04	4.352168e-04
2022	2	18	3	9
	149	35	10.250000	64.750000	9.737848e+04	1.720686e-04
	228	37	30.000000	64.250000	9.641215e+04	1.458516e-04
	81	94	-6.750000	50.000000	9.830582e+04	5.187361e-04
2022	2	18	3	12
	153	34	11.250000	65.000000	9.753168e+04	1.648572e-04
	231	34	30.750000	65.000000	9.642756e+04	1.525611e-04
	94	93	-3.500000	50.250000	9.860544e+04	4.804706e-04
2022	2	18	4	15
	231	32	30.750000	65.500000	9.649991e+04	1.467878e-04
	0	58	-27.000000	59.000000	9.899927e+04	4.356603e-05
	118	84	2.500000	52.500000	9.857681e+04	2.542740e-04
	109	90	0.250000	51.000000	9.857681e+04	4.097130e-04
2022	2	18	2	18
	234	30	31.500000	66.000000	9.648969e+04	1.352453e-04
	130	82	5.500000	53.000000	9.841230e+04	2.735474e-04
2022	2	18	4	21
	235	29	31.750000	66.250000	9.652854e+04	1.469546e-04
	146	79	9.500000	53.750000	9.832139e+04	2.225759e-04
	272	152	41.000000	35.500000	1.012731e+05	9.143742e-05
	269	162	40.250000	33.000000	1.012731e+05	1.124758e-05
2022	2	19	6	0
	249	18	35.250000	69.000000	9.659790e+04	9.442540e-05
	235	27	31.750000	66.750000	9.659790e+04	1.480984e-04
	130	34	5.500000	65.000000	9.762102e+04	1.563377e-04
	14	52	-23.500000	60.500000	9.800368e+04	1.936607e-04
	162	78	13.500000	54.000000	9.820044e+04	2.221349e-04
	138	117	7.500000	44.250000	1.011106e+05	1.669815e-04
2022	2	19	6	3
	235	26	31.750000	67.000000	9.668424e+04	1.450612e-04
	134	34	6.500000	65.000000	9.757398e+04	1.791124e-04
	24	52	-21.000000	60.500000	9.790663e+04	2.383148e-04
	35	59	-18.250000	58.750000	9.790663e+04	2.996674e-04
	190	79	20.500000	53.750000	9.808327e+04	2.361471e-04
	137	117	7.250000	44.250000	1.010900e+05	1.299768e-04
2022	2	19	9	6
	252	16	36.000000	69.500000	9.677609e+04	1.275507e-04
	235	26	31.750000	67.000000	9.677609e+04	1.521409e-04
	138	34	7.500000	65.000000	9.755590e+04	1.497405e-04
	22	49	-21.500000	61.250000	9.803403e+04	2.385487e-04
	45	60	-15.750000	58.500000	9.788147e+04	3.197415e-04
	207	77	24.750000	54.250000	9.768566e+04	2.652014e-04
	137	117	7.250000	44.250000	1.011319e+05	1.265836e-04
	275	154	41.750000	35.000000	1.014826e+05	8.506064e-05
	274	162	41.500000	33.000000	1.014826e+05	4.345939e-05
2022	2	19	10	9
	254	15	36.500000	69.750000	9.680252e+04	1.503861e-04
	146	34	9.500000	65.000000	9.761048e+04	1.302041e-04
	0	46	-27.000000	62.000000	9.799645e+04	1.103165e-04
	19	47	-22.250000	61.750000	9.799645e+04	2.429338e-04
	60	62	-12.000000	58.000000	9.805605e+04	2.667123e-04
	216	76	27.000000	54.500000	9.725612e+04	3.198243e-04
	137	117	7.250000	44.250000	1.013034e+05	1.333749e-04
	274	154	41.500000	35.000000	1.014514e+05	8.348215e-05
	275	162	41.750000	33.000000	1.014472e+05	5.093361e-05
	285	162	44.250000	33.000000	1.014472e+05	1.860055e-05
2022	2	19	6	12
	259	12	37.750000	70.500000	9.680236e+04	1.883573e-04
	149	34	10.250000	65.000000	9.770752e+04	1.704643e-04
	72	63	-9.000000	57.750000	9.831038e+04	2.160005e-04
	225	75	29.250000	54.750000	9.712243e+04	3.981241e-04
	135	119	6.750000	43.750000	1.013222e+05	1.424417e-04
	96	145	-3.000000	37.250000	1.017630e+05	5.665181e-05
2022	2	19	10	15
	261	11	38.250000	70.750000	9.685490e+04	1.957245e-04
	150	33	10.500000	65.250000	9.781919e+04	1.747203e-04
	0	41	-27.000000	63.250000	9.769840e+04	1.206039e-04
	0	64	-27.000000	57.500000	9.764665e+04	1.049886e-04
	105	68	-0.750000	56.500000	9.869100e+04	1.803813e-04
	236	78	32.000000	54.000000	9.733398e+04	3.447234e-04
	135	119	6.750000	43.750000	1.013189e+05	1.212706e-04
	273	153	41.250000	35.250000	1.013934e+05	4.469874e-05
	108	157	0.000000	34.250000	1.015230e+05	-1.458464e-05
	285	162	44.250000	33.000000	1.013561e+05	3.370226e-05
2022	2	19	11	18
	261	11	38.250000	70.750000	9.688258e+04	2.237922e-04
	261	12	38.250000	70.500000	9.688258e+04	2.243107e-04
	151	34	10.750000	65.000000	9.793290e+04	1.547693e-04
	0	60	-27.000000	58.500000	9.668708e+04	1.150601e-04
	118	69	2.500000	56.250000	9.873645e+04	1.831804e-04
	249	75	35.250000	54.750000	9.740742e+04	2.258327e-04
	149	126	10.250000	42.000000	1.015329e+05	9.968868e-06
	280	147	43.000000	36.750000	1.016416e+05	2.788664e-05
	118	155	2.500000	34.750000	1.016929e+05	1.233538e-05
	104	161	-1.000000	33.250000	1.016650e+05	-2.328050e-05
	286	162	44.500000	33.000000	1.015227e+05	1.471066e-05
2022	2	19	10	21
	273	4	41.250000	72.500000	9.689532e+04	2.225438e-04
	271	5	40.750000	72.250000	9.689532e+04	2.118821e-04
	132	33	6.000000	65.250000	9.805180e+04	1.082728e-04
	151	35	10.750000	64.750000	9.805180e+04	8.578585e-05
	0	58	-27.000000	59.000000	9.599409e+04	1.665231e-04
	139	71	7.750000	55.750000	9.866866e+04	1.493782e-04
	288	73	45.000000	55.250000	9.853120e+04	1.039801e-04
	259	75	37.750000	54.750000	9.745194e+04	1.299494e-04
	150	126	10.500000	42.000000	1.016421e+05	4.150348e-05
	285	149	44.250000	36.250000	1.016268e+05	2.324195e-05
2022	2	20	8	0
	271	5	40.750000	72.250000	9.692567e+04	2.365701e-04
	153	35	11.250000	64.750000	9.820815e+04	9.492161e-05
	8	56	-25.000000	59.500000	9.578869e+04	3.606286e-04
	273	70	41.250000	56.000000	9.742693e+04	1.332081e-04
	288	71	45.000000	55.750000	9.790459e+04	6.401789e-05
	151	72	10.750000	55.500000	9.864366e+04	1.682934e-04
	285	149	44.250000	36.250000	1.016042e+05	2.063579e-05
	86	162	-5.500000	33.000000	1.023138e+05	-2.554658e-05
