2022	2	16	5	0
	53	38	-13.750000	64.000000	9.728443e+04	3.708421e-04
	118	53	2.500000	60.250000	9.801469e+04	1.790362e-04
	65	67	-10.750000	56.750000	9.725911e+04	3.030475e-04
	171	121	15.750000	43.250000	1.014456e+05	1.400555e-05
	280	121	43.000000	43.250000	1.020290e+05	3.292867e-05
2022	2	16	7	3
	46	37	-15.500000	64.250000	9.752664e+04	3.098660e-04
	188	42	20.000000	63.000000	9.900352e+04	1.144262e-04
	121	53	3.250000	60.250000	9.796090e+04	1.720098e-04
	76	67	-8.000000	56.750000	9.733508e+04	2.784754e-04
	90	71	-4.500000	55.750000	9.733508e+04	1.908573e-04
	280	121	43.000000	43.250000	1.021252e+05	4.295158e-05
	173	123	16.250000	42.750000	1.014033e+05	4.360104e-05
2022	2	16	4	6
	40	33	-17.000000	65.250000	9.772152e+04	2.733902e-04
	85	66	-5.750000	57.000000	9.759601e+04	2.452931e-04
	100	67	-2.000000	56.750000	9.759601e+04	2.108579e-04
	280	121	43.000000	43.250000	1.022599e+05	3.934395e-05
2022	2	16	3	9
	47	63	-15.250000	57.750000	9.764854e+04	3.662661e-05
	111	66	0.750000	57.000000	9.756062e+04	2.323608e-04
	279	120	42.750000	43.500000	1.021514e+05	4.407936e-05
2022	2	16	4	12
	112	34	1.000000	65.000000	9.763139e+04	2.001585e-04
	124	66	4.000000	57.000000	9.746184e+04	2.257495e-04
	69	69	-9.750000	56.250000	9.725770e+04	2.112305e-04
	183	139	18.750000	38.750000	1.012415e+05	1.784811e-04
2022	2	16	6	15
	0	25	-27.000000	67.250000	9.803451e+04	1.122612e-04
	0	35	-27.000000	64.750000	9.803451e+04	-1.559104e-05
	135	66	6.750000	57.000000	9.732501e+04	2.096044e-04
	136	66	7.000000	57.000000	9.732501e+04	2.141693e-04
	83	67	-6.250000	56.750000	9.683870e+04	3.113756e-04
	185	136	19.250000	39.500000	1.010702e+05	1.573306e-04
2022	2	16	3	18
	164	66	14.000000	57.000000	9.725470e+04	2.495886e-04
	109	68	0.250000	56.500000	9.696405e+04	2.399275e-04
	184	134	19.000000	40.000000	1.010715e+05	1.192268e-04
2022	2	16	4	21
	178	64	17.500000	57.500000	9.692378e+04	2.215327e-04
	122	67	3.500000	56.750000	9.674983e+04	2.469028e-04
	137	117	7.250000	44.250000	1.011666e+05	7.496972e-05
	184	135	19.000000	39.750000	1.011293e+05	1.127738e-04
2022	2	17	5	0
	130	40	5.500000	63.500000	9.732234e+04	8.405650e-05
	188	61	20.000000	58.250000	9.664194e+04	2.017532e-04
	131	67	5.750000	56.750000	9.665562e+04	2.884797e-04
	137	117	7.250000	44.250000	1.010645e+05	7.300824e-05
	183	135	18.750000	39.750000	1.011724e+05	1.236112e-04
2022	2	17	5	3
	288	11	45.000000	70.750000	9.899251e+04	9.340506e-05
	131	39	5.750000	63.750000	9.736559e+04	1.068211e-04
	195	58	21.750000	59.000000	9.640334e+04	2.514083e-04
	180	67	18.000000	56.750000	9.640366e+04	1.031663e-04
	137	117	7.250000	44.250000	1.008704e+05	8.636384e-05
2022	2	17	5	6
	288	12	45.000000	70.500000	9.905527e+04	7.360300e-05
	127	38	4.750000	64.000000	9.741450e+04	1.084443e-04
	101	41	-1.750000	63.250000	9.741450e+04	1.362446e-04
	198	56	22.500000	59.500000	9.624606e+04	2.636361e-04
	138	117	7.500000	44.250000	1.006844e+05	8.940012e-05
2022	2	17	5	9
	129	38	5.250000	64.000000	9.750195e+04	9.678002e-05
	104	42	-1.000000	63.000000	9.750195e+04	1.122920e-04
	105	42	-0.750000	63.000000	9.750195e+04	1.081722e-04
	201	55	23.250000	59.750000	9.625785e+04	2.542714e-04
	138	117	7.500000	44.250000	1.008436e+05	4.724682e-05
2022	2	17	2	12
	131	38	5.750000	64.000000	9.761802e+04	9.405762e-05
	205	54	24.250000	60.000000	9.631951e+04	2.067712e-04
2022	2	17	4	15
	133	38	6.250000	64.000000	9.771554e+04	9.324446e-05
	117	44	2.250000	62.500000	9.771554e+04	1.470325e-04
	211	52	25.750000	60.500000	9.641812e+04	1.551438e-04
	212	52	26.000000	60.500000	9.641812e+04	1.380290e-04
2022	2	17	3	18
	135	38	6.750000	64.000000	9.778176e+04	7.317336e-05
	218	49	27.500000	61.250000	9.652398e+04	1.401215e-04
	52	72	-14.000000	55.500000	9.943557e+04	1.357172e-04
2022	2	17	3	21
	147	37	9.750000	64.250000	9.780503e+04	6.979880e-05
	218	44	27.500000	62.500000	9.649991e+04	1.257769e-04
	75	72	-8.250000	55.500000	9.927121e+04	1.203442e-04
2022	2	18	2	0
	148	37	10.000000	64.250000	9.781038e+04	6.176810e-05
	221	41	28.250000	63.250000	9.648402e+04	1.224016e-04
2022	2	18	5	3
	225	38	29.250000	64.000000	9.646499e+04	1.505883e-04
	226	38	29.500000	64.000000	9.646499e+04	1.403122e-04
	16	46	-23.000000	62.000000	9.919021e+04	1.248343e-04
	0	52	-27.000000	60.500000	9.936275e+04	-1.802906e-05
	51	95	-14.250000	49.750000	9.986291e+04	2.324164e-04
2022	2	18	4	6
	225	37	29.250000	64.250000	9.645524e+04	1.778912e-04
	14	44	-23.500000	62.500000	9.915277e+04	1.008821e-04
	130	72	5.500000	55.500000	9.856675e+04	2.208207e-04
	59	93	-12.250000	50.250000	9.948197e+04	2.527861e-04
2022	2	18	5	9
	227	35	29.750000	64.750000	9.647884e+04	1.800469e-04
	140	71	8.000000	55.750000	9.838052e+04	2.528844e-04
	66	91	-10.500000	50.750000	9.927341e+04	2.838603e-04
	267	158	39.750000	34.000000	1.010405e+05	8.148140e-05
	256	162	37.000000	33.000000	1.010405e+05	-7.002142e-06
2022	2	18	3	12
	229	32	30.250000	65.500000	9.656502e+04	1.902380e-04
	153	70	11.250000	56.000000	9.840773e+04	2.225098e-04
	72	92	-9.000000	50.500000	9.930392e+04	3.661736e-04
2022	2	18	8	15
	288	25	45.000000	67.250000	9.784388e+04	2.978708e-05
	137	30	7.250000	66.000000	9.772073e+04	4.478332e-05
	230	31	30.500000	65.750000	9.659774e+04	1.762289e-04
	3	39	-26.250000	63.750000	9.913438e+04	9.576643e-05
	0	50	-27.000000	61.000000	9.913862e+04	2.722352e-05
	97	89	-2.750000	51.250000	9.924652e+04	2.084115e-04
	82	93	-6.500000	50.250000	9.924652e+04	3.888433e-04
	241	140	33.250000	38.500000	1.009389e+05	3.345377e-05
2022	2	18	5	18
	233	29	31.250000	66.250000	9.660780e+04	1.537968e-04
	142	31	8.500000	65.750000	9.768266e+04	4.951794e-05
	143	31	8.750000	65.750000	9.768266e+04	4.820031e-05
	111	86	0.750000	52.000000	9.912855e+04	2.293004e-04
	228	149	30.000000	36.250000	1.010581e+05	1.114302e-04
2022	2	18	8	21
	235	28	31.750000	66.500000	9.666977e+04	1.546719e-04
	143	31	8.750000	65.750000	9.766332e+04	7.734654e-05
	0	47	-27.000000	61.750000	9.834372e+04	1.991880e-05
	0	57	-27.000000	59.250000	9.834372e+04	1.302316e-04
	121	83	3.250000	52.750000	9.892629e+04	2.282875e-04
	282	121	43.500000	43.250000	1.009239e+05	3.473739e-05
	225	149	29.250000	36.250000	1.010732e+05	1.147186e-04
	260	162	38.000000	33.000000	1.010464e+05	-1.828201e-05
2022	2	19	4	0
	239	27	32.750000	66.750000	9.672750e+04	1.354132e-04
	146	34	9.500000	65.000000	9.765262e+04	1.255712e-04
	0	52	-27.000000	60.500000	9.776980e+04	1.421831e-04
	130	82	5.500000	53.000000	9.888948e+04	2.866500e-04
2022	2	19	4	3
	229	17	30.250000	69.250000	9.678191e+04	1.438308e-04
	243	26	33.750000	67.000000	9.678191e+04	1.602648e-04
	152	33	11.000000	65.250000	9.759380e+04	1.679231e-04
	2	49	-26.500000	61.250000	9.750337e+04	2.088178e-04
2022	2	19	7	6
	228	18	30.000000	69.000000	9.688918e+04	1.424042e-04
	245	25	34.250000	67.250000	9.688918e+04	1.200336e-04
	246	25	34.500000	67.250000	9.688918e+04	1.331300e-04
	152	32	11.000000	65.500000	9.767606e+04	1.147921e-04
	1	47	-26.750000	61.750000	9.740145e+04	1.648407e-04
	2	47	-26.500000	61.750000	9.740145e+04	1.881751e-04
	25	49	-20.750000	61.250000	9.740145e+04	2.400676e-04
2022	2	19	5	9
	236	14	32.000000	70.000000	9.697112e+04	1.470766e-04
	1	45	-26.750000	62.250000	9.728616e+04	1.691091e-04
	25	46	-20.750000	62.000000	9.728616e+04	2.534666e-04
	26	46	-20.500000	62.000000	9.728616e+04	2.554996e-04
	137	117	7.250000	44.250000	1.013972e+05	1.004864e-04
2022	2	19	6	12
	242	15	33.500000	69.750000	9.706423e+04	1.161503e-04
	0	43	-27.000000	62.750000	9.715939e+04	1.222886e-04
	19	43	-22.250000	62.750000	9.715939e+04	1.947411e-04
	0	63	-27.000000	57.750000	9.752806e+04	1.296870e-04
	135	119	6.750000	43.750000	1.014143e+05	1.110222e-04
	96	145	-3.000000	37.250000	1.017133e+05	7.121425e-05
2022	2	19	6	15
	61	14	-11.750000	70.000000	9.839735e+04	3.154938e-04
	259	16	37.750000	69.500000	9.714917e+04	7.283910e-05
	0	42	-27.000000	63.000000	9.700888e+04	1.019543e-04
	0	60	-27.000000	58.500000	9.649787e+04	1.627530e-04
	135	118	6.750000	44.000000	1.013827e+05	1.086942e-04
	96	144	-3.000000	37.500000	1.017014e+05	7.770440e-05
2022	2	19	5	18
	56	15	-13.000000	69.750000	9.810355e+04	3.397026e-04
	262	16	38.500000	69.500000	9.716206e+04	9.149802e-05
	0	40	-27.000000	63.500000	9.658673e+04	1.504528e-04
	5	57	-25.750000	59.250000	9.584814e+04	3.210442e-04
	146	127	9.500000	41.750000	1.015950e+05	2.775736e-05
2022	2	19	8	21
	252	9	36.000000	71.250000	9.716112e+04	1.438255e-04
	268	15	40.000000	69.750000	9.716112e+04	1.305050e-04
	269	15	40.250000	69.750000	9.716112e+04	1.306523e-04
	52	16	-14.000000	69.500000	9.792661e+04	2.806675e-04
	22	41	-21.500000	63.250000	9.562433e+04	8.631613e-05
	19	54	-22.250000	60.000000	9.554710e+04	3.295045e-04
	170	125	15.500000	42.250000	1.018292e+05	8.722789e-05
	148	126	10.000000	42.000000	1.017751e+05	6.589076e-05
2022	2	20	8	0
	272	14	41.000000	70.000000	9.718817e+04	1.006043e-04
	46	16	-15.500000	69.500000	9.776540e+04	3.094662e-04
	34	51	-18.500000	60.750000	9.521838e+04	2.896413e-04
	172	124	16.000000	42.500000	1.018586e+05	1.332208e-04
	149	126	10.250000	42.000000	1.018236e+05	7.184566e-05
	155	134	11.750000	40.000000	1.018236e+05	8.285562e-05
	174	134	16.500000	40.000000	1.018586e+05	-1.361300e-05
	86	162	-5.500000	33.000000	1.021576e+05	1.980813e-06
