2022	2	16	6	0
	288	11	45.000000	70.750000	9.874132e+04	8.014941e-05
	53	39	-13.750000	63.750000	9.729182e+04	3.534709e-04
	120	53	3.000000	60.250000	9.799656e+04	1.545694e-04
	65	68	-10.750000	56.500000	9.720048e+04	3.383027e-04
	171	121	15.750000	43.250000	1.014609e+05	1.971751e-05
	280	121	43.000000	43.250000	1.021238e+05	3.341170e-05
2022	2	16	5	3
	47	37	-15.250000	64.250000	9.738423e+04	3.522516e-04
	123	53	3.750000	60.250000	9.794323e+04	1.720322e-04
	77	67	-7.750000	56.750000	9.736531e+04	2.963093e-04
	91	71	-4.250000	55.750000	9.736531e+04	2.007012e-04
	280	121	43.000000	43.250000	1.020939e+05	3.053712e-05
2022	2	16	4	6
	40	33	-17.000000	65.250000	9.767714e+04	2.714555e-04
	122	33	3.500000	65.250000	9.782646e+04	1.965342e-04
	39	64	-17.250000	57.500000	9.752658e+04	1.248323e-04
	99	68	-2.250000	56.500000	9.762659e+04	2.156845e-04
2022	2	16	6	9
	116	34	2.000000	65.000000	9.769575e+04	2.063567e-04
	44	63	-16.000000	57.750000	9.719351e+04	1.592180e-04
	114	68	1.500000	56.500000	9.767062e+04	1.838491e-04
	137	116	7.250000	44.500000	1.010776e+05	7.476438e-05
	202	125	23.500000	42.250000	1.015684e+05	-7.871538e-05
	183	130	18.750000	41.000000	1.014369e+05	1.309647e-04
2022	2	16	6	12
	112	34	1.000000	65.000000	9.755837e+04	1.900560e-04
	57	53	-12.750000	60.250000	9.701984e+04	4.988490e-05
	49	62	-14.750000	58.000000	9.694402e+04	1.308695e-04
	65	66	-10.750000	57.000000	9.694402e+04	2.342142e-04
	183	128	18.750000	41.500000	1.011821e+05	1.373132e-04
	184	139	19.000000	38.750000	1.011821e+05	1.560361e-04
2022	2	16	5	15
	108	34	0.000000	65.000000	9.740827e+04	1.693550e-04
	78	65	-7.500000	57.250000	9.667220e+04	2.727472e-04
	136	119	7.000000	43.750000	1.012038e+05	1.332186e-04
	280	121	43.000000	43.250000	1.020297e+05	-2.987307e-06
	186	136	19.500000	39.500000	1.009821e+05	1.678138e-04
2022	2	16	5	18
	72	61	-9.000000	58.250000	9.688788e+04	2.581537e-04
	87	64	-5.250000	57.500000	9.683718e+04	2.467065e-04
	104	66	-1.000000	57.000000	9.683718e+04	2.211098e-04
	281	121	43.250000	43.250000	1.021678e+05	-2.925782e-05
	186	135	19.500000	39.750000	1.010714e+05	1.351180e-04
2022	2	16	4	21
	116	65	2.000000	57.250000	9.666987e+04	2.166764e-04
	137	117	7.250000	44.250000	1.010576e+05	7.624549e-05
	278	120	42.500000	43.500000	1.021660e+05	-4.271922e-05
	187	130	19.750000	41.000000	1.011492e+05	6.371146e-05
2022	2	17	4	0
	288	9	45.000000	71.250000	9.905113e+04	1.145601e-04
	120	64	3.000000	57.500000	9.656799e+04	2.363871e-04
	138	117	7.500000	44.250000	1.008875e+05	7.436956e-05
	278	120	42.500000	43.500000	1.019965e+05	-3.971775e-05
2022	2	17	5	3
	286	9	44.500000	71.250000	9.912385e+04	1.834743e-04
	196	60	22.000000	58.500000	9.670646e+04	1.796520e-04
	126	65	4.500000	57.250000	9.663110e+04	2.577347e-04
	138	117	7.500000	44.250000	1.007172e+05	7.721679e-05
	279	121	42.750000	43.250000	1.017949e+05	-2.378908e-05
2022	2	17	6	6
	282	10	43.500000	71.000000	9.917611e+04	1.541340e-04
	123	39	3.750000	63.750000	9.730965e+04	9.863226e-05
	202	56	23.500000	59.500000	9.650302e+04	1.991701e-04
	196	70	22.000000	56.000000	9.654288e+04	2.096471e-04
	0	113	-27.000000	45.250000	1.003324e+05	1.499302e-04
	279	121	42.750000	43.250000	1.017332e+05	-1.240297e-05
2022	2	17	5	9
	123	39	3.750000	63.750000	9.744269e+04	1.071704e-04
	205	53	24.250000	60.250000	9.643511e+04	1.841145e-04
	203	66	23.750000	57.000000	9.634502e+04	1.960480e-04
	0	110	-27.000000	46.000000	9.953973e+04	1.312995e-04
	278	120	42.500000	43.500000	1.015975e+05	-2.791454e-05
2022	2	17	3	12
	208	51	25.000000	60.750000	9.636828e+04	1.382054e-04
	210	63	25.500000	57.750000	9.632269e+04	1.709801e-04
	0	107	-27.000000	46.750000	9.848423e+04	3.578217e-04
2022	2	17	4	15
	211	52	25.750000	60.500000	9.639355e+04	7.059088e-05
	217	60	27.250000	58.500000	9.639355e+04	1.829222e-04
	17	98	-22.750000	49.000000	9.842267e+04	3.380264e-04
	9	105	-24.750000	47.250000	9.842267e+04	5.216426e-04
2022	2	17	3	18
	216	52	27.000000	60.500000	9.641464e+04	7.454911e-05
	26	93	-20.500000	50.250000	9.820667e+04	3.716157e-04
	20	105	-22.000000	47.250000	9.821132e+04	5.569057e-04
2022	2	17	3	21
	217	43	27.250000	62.750000	9.643201e+04	9.749929e-05
	35	88	-18.250000	51.500000	9.786027e+04	3.714707e-04
	33	101	-18.750000	48.250000	9.788508e+04	4.743810e-04
2022	2	18	3	0
	219	42	27.750000	63.000000	9.641371e+04	9.900404e-05
	48	44	-15.000000	62.500000	9.891607e+04	1.363078e-04
	45	82	-15.750000	53.000000	9.736221e+04	3.766337e-04
2022	2	18	4	3
	222	40	28.500000	63.500000	9.642270e+04	1.025887e-04
	223	40	28.750000	63.500000	9.642270e+04	9.422286e-05
	43	43	-16.250000	62.750000	9.848873e+04	1.604596e-04
	55	78	-13.250000	54.000000	9.680012e+04	3.834423e-04
2022	2	18	6	6
	6	7	-25.500000	71.750000	1.003450e+05	-2.404895e-05
	222	37	28.500000	64.250000	9.649155e+04	1.044889e-04
	36	43	-18.000000	62.750000	9.807441e+04	2.561631e-04
	62	76	-11.500000	54.500000	9.646395e+04	4.955234e-04
	137	117	7.250000	44.250000	1.015229e+05	9.945499e-05
	250	161	35.500000	33.250000	1.009976e+05	1.092245e-05
2022	2	18	9	9
	6	7	-25.500000	71.750000	1.003530e+05	-3.874124e-05
	155	27	11.750000	66.750000	9.820233e+04	6.230033e-05
	227	35	29.750000	64.750000	9.657109e+04	8.817102e-05
	31	45	-19.250000	62.250000	9.782709e+04	3.886187e-04
	76	70	-8.000000	56.000000	9.623741e+04	2.924512e-04
	140	107	8.000000	46.750000	1.014268e+05	-8.042729e-05
	287	143	44.750000	37.750000	1.011984e+05	1.898484e-05
	251	162	35.750000	33.000000	1.008745e+05	-5.365574e-06
	265	162	39.250000	33.000000	1.008745e+05	-2.429781e-06
2022	2	18	10	12
	6	7	-25.500000	71.750000	1.003082e+05	-4.474807e-05
	155	27	11.750000	66.750000	9.826312e+04	6.122895e-05
	232	33	31.000000	65.250000	9.669855e+04	8.493294e-05
	233	33	31.250000	65.250000	9.669855e+04	8.829309e-05
	232	34	31.000000	65.000000	9.669855e+04	8.290925e-05
	32	48	-19.000000	61.500000	9.771668e+04	3.304900e-04
	83	67	-6.250000	56.750000	9.608979e+04	3.343234e-04
	117	124	2.250000	42.500000	1.014287e+05	5.212540e-05
	287	141	44.750000	38.250000	1.009484e+05	1.218435e-05
	266	162	39.500000	33.000000	1.005842e+05	8.042586e-06
2022	2	18	6	15
	6	7	-25.500000	71.750000	1.002660e+05	-3.658934e-05
	241	29	33.250000	66.250000	9.680400e+04	1.355863e-04
	37	49	-17.750000	61.250000	9.774351e+04	3.058731e-04
	100	64	-2.000000	57.500000	9.581720e+04	1.666695e-04
	236	138	32.000000	39.000000	1.005782e+05	4.388606e-05
	228	143	30.000000	37.750000	1.005782e+05	1.169983e-05
2022	2	18	4	18
	242	28	33.500000	66.500000	9.679624e+04	1.162039e-04
	40	48	-17.000000	61.500000	9.775823e+04	2.575926e-04
	107	61	-0.250000	58.250000	9.575703e+04	2.176635e-04
	221	147	28.250000	36.750000	1.005718e+05	2.430494e-04
2022	2	18	6	21
	6	7	-25.500000	71.750000	1.002646e+05	-3.250919e-05
	243	26	33.750000	67.000000	9.684803e+04	1.245063e-04
	45	48	-15.750000	61.500000	9.788539e+04	2.841559e-04
	0	59	-27.000000	58.750000	9.856409e+04	6.995429e-05
	119	61	2.750000	58.250000	9.580603e+04	1.343888e-04
	220	150	28.000000	36.000000	1.004966e+05	2.621977e-04
2022	2	19	10	0
	6	7	-25.500000	71.750000	1.002960e+05	-2.813307e-05
	250	20	35.500000	68.500000	9.686912e+04	1.730899e-04
	36	42	-18.000000	63.000000	9.798820e+04	9.533016e-05
	50	48	-14.500000	61.500000	9.798820e+04	2.763518e-04
	146	59	9.500000	58.750000	9.594853e+04	2.678900e-04
	128	61	5.000000	58.250000	9.594853e+04	1.745533e-04
	138	110	7.500000	46.000000	1.011679e+05	-5.463669e-05
	105	135	-0.750000	39.750000	1.014485e+05	8.056653e-05
	116	145	2.000000	37.250000	1.014588e+05	-7.150384e-06
	220	155	28.000000	34.750000	1.004386e+05	2.376633e-04
2022	2	19	10	3
	6	7	-25.500000	71.750000	1.003079e+05	-2.230689e-05
	246	17	34.500000	69.250000	9.678725e+04	2.137201e-04
	28	43	-20.000000	62.750000	9.801037e+04	1.372370e-04
	25	44	-20.750000	62.500000	9.814030e+04	1.201162e-04
	53	46	-13.750000	62.000000	9.801037e+04	2.749660e-04
	2	52	-26.500000	60.500000	9.832188e+04	1.227950e-04
	138	62	7.500000	58.000000	9.616080e+04	1.484889e-04
	136	114	7.000000	45.000000	1.015873e+05	5.145345e-05
	220	160	28.000000	33.500000	1.004290e+05	2.284240e-04
	265	162	39.250000	33.000000	1.003132e+05	3.767546e-05
2022	2	19	11	6
	6	7	-25.500000	71.750000	1.001863e+05	-2.272511e-05
	244	18	34.000000	69.000000	9.678895e+04	1.927957e-04
	21	43	-21.750000	62.750000	9.836468e+04	7.640739e-05
	55	45	-13.250000	62.250000	9.808495e+04	2.546332e-04
	28	56	-20.000000	59.500000	9.837414e+04	1.216763e-04
	152	60	11.000000	58.500000	9.640162e+04	1.813028e-04
	136	117	7.000000	44.250000	1.015963e+05	1.074121e-04
	106	144	-0.500000	37.500000	1.014943e+05	1.001627e-04
	223	162	28.750000	33.000000	1.007866e+05	8.269117e-05
	262	162	38.500000	33.000000	1.004299e+05	8.163843e-05
	272	162	41.000000	33.000000	1.004299e+05	7.673138e-05
2022	2	19	10	9
	6	7	-25.500000	71.750000	1.001962e+05	-7.907645e-06
	266	11	39.500000	70.750000	9.686106e+04	7.863989e-05
	245	19	34.250000	68.750000	9.686106e+04	1.840279e-04
	17	43	-22.750000	62.750000	9.842313e+04	7.617256e-05
	54	44	-13.500000	62.500000	9.829831e+04	2.576761e-04
	187	50	19.750000	61.000000	9.688711e+04	1.917359e-04
	188	50	20.000000	61.000000	9.689626e+04	1.937041e-04
	157	60	12.250000	58.500000	9.678136e+04	1.789111e-04
	261	161	38.250000	33.250000	1.002094e+05	5.075294e-05
	272	161	41.000000	33.250000	1.002094e+05	1.442757e-04
2022	2	19	9	12
	6	7	-25.500000	71.750000	1.001614e+05	1.017339e-05
	255	17	36.750000	69.250000	9.699813e+04	1.086593e-04
	138	28	7.500000	66.500000	9.802199e+04	1.268647e-04
	53	43	-13.750000	62.750000	9.838623e+04	2.519680e-04
	191	49	20.750000	61.250000	9.715474e+04	1.763994e-04
	177	60	17.250000	58.500000	9.715738e+04	6.449754e-05
	126	139	4.500000	38.750000	1.016557e+05	5.301988e-05
	272	159	41.000000	33.750000	1.000533e+05	1.762013e-04
	262	161	38.500000	33.250000	1.000533e+05	8.738365e-05
2022	2	19	8	15
	6	7	-25.500000	71.750000	1.000738e+05	1.118235e-05
	261	18	38.250000	69.000000	9.711319e+04	1.128475e-04
	262	18	38.500000	69.000000	9.711319e+04	1.117028e-04
	141	30	8.250000	66.000000	9.816745e+04	1.360597e-04
	51	42	-14.250000	63.000000	9.839057e+04	2.261148e-04
	195	49	21.750000	61.250000	9.739726e+04	1.462703e-04
	96	144	-3.000000	37.500000	1.015597e+05	4.898204e-05
	272	157	41.000000	34.250000	1.001694e+05	2.016593e-04
2022	2	19	6	18
	6	7	-25.500000	71.750000	9.987543e+04	1.488204e-05
	273	15	41.250000	69.750000	9.719971e+04	4.569328e-05
	151	30	10.750000	66.000000	9.827443e+04	1.182422e-04
	198	51	22.500000	60.750000	9.763031e+04	1.153360e-04
	271	146	40.750000	37.000000	1.003474e+05	6.131900e-05
	273	156	41.250000	34.500000	1.003474e+05	1.826300e-04
2022	2	19	5	21
	278	15	42.500000	69.750000	9.727957e+04	4.233540e-05
	153	32	11.250000	65.500000	9.836933e+04	1.836069e-04
	0	50	-27.000000	61.000000	9.524611e+04	1.469998e-04
	214	56	26.500000	59.500000	9.779685e+04	3.304594e-05
	274	153	41.500000	35.250000	1.005051e+05	2.108403e-04
2022	2	20	7	0
	287	14	44.750000	70.000000	9.737307e+04	3.342779e-05
	6	50	-25.500000	61.000000	9.474355e+04	3.942095e-04
	226	57	29.500000	59.250000	9.794012e+04	1.038739e-04
	148	138	10.000000	39.000000	1.018413e+05	1.063237e-04
	275	143	41.750000	37.750000	1.006070e+05	-4.834824e-05
	275	152	41.750000	35.500000	1.006070e+05	2.277112e-04
	86	162	-5.500000	33.000000	1.021123e+05	-2.037221e-05
