2022	2	16	6	0
	288	11	45.000000	70.750000	9.873856e+04	1.072743e-04
	54	38	-13.500000	64.000000	9.762857e+04	2.925752e-04
	122	51	3.500000	60.750000	9.804119e+04	1.421057e-04
	65	67	-10.750000	56.750000	9.713020e+04	3.261179e-04
	280	121	43.000000	43.250000	1.021342e+05	2.984447e-05
	171	122	15.750000	43.000000	1.014413e+05	2.192040e-05
2022	2	16	4	3
	74	66	-8.500000	57.000000	9.709843e+04	3.098691e-04
	91	70	-4.250000	56.000000	9.709843e+04	2.098220e-04
	280	121	43.000000	43.250000	1.021993e+05	3.713345e-05
	173	123	16.250000	42.750000	1.013893e+05	5.425901e-05
2022	2	16	3	6
	288	10	45.000000	71.000000	9.892100e+04	1.060685e-04
	84	66	-6.000000	57.000000	9.742013e+04	3.226750e-04
	100	67	-2.000000	56.750000	9.742013e+04	2.220458e-04
2022	2	16	5	9
	108	52	0.000000	60.500000	9.758767e+04	6.462508e-05
	109	52	0.250000	60.500000	9.758296e+04	6.563932e-05
	114	66	1.500000	57.000000	9.745252e+04	2.341822e-04
	202	125	23.500000	42.250000	1.016086e+05	-8.601155e-05
	183	129	18.750000	41.250000	1.014309e+05	1.076818e-04
2022	2	16	5	12
	54	61	-13.500000	58.250000	9.723739e+04	5.776712e-05
	132	67	6.000000	56.750000	9.740493e+04	2.200104e-04
	63	69	-11.250000	56.250000	9.723739e+04	2.431536e-04
	183	127	18.750000	41.750000	1.011896e+05	1.026309e-04
	184	138	19.000000	39.000000	1.011896e+05	1.575878e-04
2022	2	16	4	15
	69	57	-9.750000	59.250000	9.673188e+04	4.233167e-05
	144	66	9.000000	57.000000	9.730428e+04	2.423628e-04
	78	67	-7.500000	56.750000	9.673188e+04	3.642585e-04
	185	135	19.250000	39.750000	1.010309e+05	1.468806e-04
2022	2	16	4	18
	157	65	12.250000	57.250000	9.716943e+04	2.443721e-04
	92	66	-4.000000	57.000000	9.689988e+04	3.518678e-04
	149	108	10.250000	46.500000	1.006758e+05	-4.898947e-05
	185	134	19.250000	40.000000	1.011048e+05	1.054854e-04
2022	2	16	5	21
	288	9	45.000000	71.250000	9.909782e+04	1.162855e-04
	166	64	14.500000	57.500000	9.701830e+04	2.423648e-04
	107	67	-0.250000	56.750000	9.683982e+04	3.523464e-04
	137	117	7.250000	44.250000	1.011104e+05	5.484609e-05
	188	131	20.000000	40.750000	1.011758e+05	6.849677e-05
2022	2	17	3	0
	174	64	16.500000	57.500000	9.687403e+04	1.801987e-04
	122	67	3.500000	56.750000	9.698881e+04	2.840973e-04
	137	117	7.250000	44.250000	1.010454e+05	7.008763e-05
2022	2	17	5	3
	287	11	44.750000	70.750000	9.915316e+04	1.184994e-04
	128	40	5.000000	63.500000	9.744962e+04	8.428838e-05
	191	57	20.750000	59.250000	9.669174e+04	1.859324e-04
	150	109	10.500000	46.250000	1.001437e+05	2.756782e-05
	137	117	7.250000	44.250000	1.008865e+05	9.296725e-05
2022	2	17	5	6
	5	0	-25.750000	73.500000	1.005496e+05	-1.754978e-05
	287	12	44.750000	70.500000	9.922811e+04	1.018857e-04
	130	39	5.500000	63.750000	9.747152e+04	7.114170e-05
	194	56	21.500000	59.500000	9.654031e+04	1.688850e-04
	196	67	22.000000	56.750000	9.654031e+04	1.254659e-04
2022	2	17	3	9
	125	38	4.250000	64.000000	9.753218e+04	8.682251e-05
	197	55	22.250000	59.750000	9.654002e+04	1.792047e-04
	205	63	24.250000	57.750000	9.654002e+04	1.247815e-04
2022	2	17	3	12
	129	38	5.250000	64.000000	9.760728e+04	1.052585e-04
	131	38	5.750000	64.000000	9.760728e+04	1.073324e-04
	200	55	23.000000	59.750000	9.659824e+04	1.961966e-04
2022	2	17	3	15
	133	37	6.250000	64.250000	9.762112e+04	1.193549e-04
	35	48	-18.250000	61.500000	9.854001e+04	2.089450e-04
	217	56	27.250000	59.500000	9.665830e+04	1.271350e-04
2022	2	17	7	18
	288	32	45.000000	65.500000	9.892662e+04	3.696998e-05
	135	37	6.750000	64.250000	9.761610e+04	1.027602e-04
	116	39	2.000000	63.750000	9.761610e+04	9.979014e-05
	39	49	-17.250000	61.250000	9.852085e+04	1.821704e-04
	221	52	28.250000	60.500000	9.664644e+04	1.157750e-04
	33	61	-18.750000	58.250000	9.861588e+04	1.430740e-04
	158	108	12.500000	46.500000	1.008692e+05	-1.822986e-05
2022	2	17	6	21
	135	37	6.750000	64.250000	9.759619e+04	1.139291e-04
	119	41	2.750000	63.250000	9.759619e+04	1.253908e-04
	222	46	28.500000	62.000000	9.661938e+04	6.852209e-05
	224	47	29.000000	61.750000	9.661938e+04	1.054813e-04
	42	50	-16.500000	61.000000	9.857255e+04	1.468217e-04
	35	60	-18.250000	58.500000	9.857255e+04	1.374962e-04
2022	2	18	5	0
	141	36	8.250000	64.500000	9.755833e+04	9.578038e-05
	225	43	29.250000	62.750000	9.654518e+04	6.312096e-05
	45	50	-15.750000	61.000000	9.860462e+04	1.510248e-04
	150	110	10.500000	46.000000	1.013186e+05	4.660515e-05
	138	117	7.500000	44.250000	1.013186e+05	7.813483e-05
2022	2	18	4	3
	147	34	9.750000	65.000000	9.753173e+04	9.141953e-05
	227	41	29.750000	63.250000	9.648482e+04	1.125177e-04
	47	51	-15.250000	60.750000	9.864598e+04	1.519022e-04
	137	117	7.250000	44.250000	1.013245e+05	8.011213e-05
2022	2	18	2	6
	149	34	10.250000	65.000000	9.745602e+04	1.168968e-04
	230	38	30.500000	64.000000	9.641565e+04	1.149999e-04
2022	2	18	3	9
	150	34	10.500000	65.000000	9.748824e+04	1.388529e-04
	232	36	31.000000	64.500000	9.642112e+04	1.146363e-04
	87	96	-5.250000	49.500000	1.000296e+05	2.551107e-04
2022	2	18	3	12
	152	33	11.000000	65.250000	9.757977e+04	1.374918e-04
	234	33	31.500000	65.250000	9.641899e+04	1.201453e-04
	95	94	-3.250000	50.000000	9.990481e+04	2.087599e-04
2022	2	18	3	15
	6	7	-25.500000	71.750000	1.005295e+05	-4.545004e-05
	237	31	32.250000	65.750000	9.648178e+04	1.349800e-04
	104	91	-1.000000	50.750000	9.967555e+04	1.979120e-04
2022	2	18	4	18
	6	7	-25.500000	71.750000	1.005119e+05	-4.043293e-05
	238	28	32.500000	66.500000	9.645716e+04	1.460803e-04
	114	88	1.500000	51.500000	9.947638e+04	2.340496e-04
	282	121	43.500000	43.250000	1.007033e+05	1.131941e-05
2022	2	18	8	21
	6	7	-25.500000	71.750000	1.005205e+05	-1.584882e-05
	238	27	32.500000	66.750000	9.649698e+04	1.443339e-04
	0	52	-27.000000	60.500000	9.796836e+04	1.109512e-04
	9	63	-24.750000	57.750000	9.795103e+04	2.466091e-04
	10	63	-24.500000	57.750000	9.795103e+04	2.492846e-04
	121	87	3.250000	51.750000	9.951180e+04	2.957591e-04
	273	152	41.250000	35.500000	1.012295e+05	1.015954e-04
	272	162	41.000000	33.000000	1.012295e+05	-2.924228e-05
2022	2	19	7	0
	6	7	-25.500000	71.750000	1.005461e+05	-8.142168e-06
	237	26	32.250000	67.000000	9.657361e+04	1.441900e-04
	0	48	-27.000000	61.500000	9.791880e+04	1.487609e-04
	20	60	-22.000000	58.500000	9.748535e+04	4.157710e-04
	129	87	5.250000	51.750000	9.970975e+04	3.059313e-04
	105	135	-0.750000	39.750000	1.014803e+05	3.558676e-05
	275	162	41.750000	33.000000	1.012606e+05	-3.241887e-05
2022	2	19	4	3
	235	25	31.750000	67.250000	9.664887e+04	1.527430e-04
	23	55	-21.250000	59.750000	9.743351e+04	2.954312e-04
	146	85	9.500000	52.250000	9.979245e+04	1.440708e-04
	137	117	7.250000	44.250000	1.011560e+05	1.659806e-04
2022	2	19	4	6
	232	25	31.000000	67.250000	9.674966e+04	1.564294e-04
	19	52	-22.250000	60.500000	9.754708e+04	3.173964e-04
	41	58	-16.750000	59.000000	9.757855e+04	2.931605e-04
	137	117	7.250000	44.250000	1.011411e+05	1.335864e-04
2022	2	19	8	9
	245	17	34.250000	69.250000	9.687342e+04	1.656309e-04
	231	26	30.750000	67.000000	9.687342e+04	1.364108e-04
	15	49	-23.250000	61.250000	9.758630e+04	3.450313e-04
	34	53	-18.500000	60.250000	9.758630e+04	2.100430e-04
	69	63	-9.750000	57.750000	9.807844e+04	2.690561e-04
	137	117	7.250000	44.250000	1.012859e+05	1.201828e-04
	275	162	41.750000	33.000000	1.013865e+05	3.156231e-05
	285	162	44.250000	33.000000	1.013865e+05	2.859981e-05
2022	2	19	4	12
	242	18	33.500000	69.000000	9.693986e+04	1.880986e-04
	12	47	-24.000000	61.750000	9.756000e+04	3.182123e-04
	74	63	-8.500000	57.750000	9.813742e+04	2.951521e-04
	137	117	7.250000	44.250000	1.013044e+05	9.291533e-05
2022	2	19	9	15
	240	19	33.000000	68.750000	9.708338e+04	1.969890e-04
	6	44	-25.500000	62.500000	9.738942e+04	3.079310e-04
	82	64	-6.500000	57.500000	9.857345e+04	2.661341e-04
	105	66	-0.750000	57.000000	9.860888e+04	2.045406e-04
	135	119	6.750000	43.750000	1.012468e+05	1.311980e-04
	97	144	-2.750000	37.500000	1.017164e+05	5.234225e-05
	278	151	42.500000	35.750000	1.012634e+05	8.568713e-05
	105	157	-0.750000	34.250000	1.015341e+05	6.603996e-06
	287	162	44.750000	33.000000	1.012524e+05	4.002554e-05
2022	2	19	10	18
	6	7	-25.500000	71.750000	1.001607e+05	1.966898e-05
	249	16	35.250000	69.500000	9.716152e+04	1.413918e-04
	0	42	-27.000000	63.000000	9.706863e+04	1.931623e-04
	0	52	-27.000000	60.500000	9.706863e+04	-7.953028e-05
	0	61	-27.000000	58.250000	9.745784e+04	1.002925e-04
	116	67	2.000000	56.750000	9.865874e+04	2.199430e-04
	137	121	7.250000	43.250000	1.015235e+05	1.203481e-04
	91	147	-4.250000	36.750000	1.020012e+05	6.250044e-05
	280	147	43.000000	36.750000	1.014966e+05	2.246358e-05
	117	155	2.250000	34.750000	1.016851e+05	3.752016e-05
2022	2	19	4	21
	252	16	36.000000	69.500000	9.723602e+04	1.494066e-04
	0	58	-27.000000	59.000000	9.686323e+04	1.545939e-04
	135	68	6.750000	56.500000	9.866634e+04	1.554582e-04
	285	149	44.250000	36.250000	1.015001e+05	5.298213e-06
2022	2	20	4	0
	254	16	36.500000	69.500000	9.733575e+04	1.515781e-04
	2	56	-26.500000	59.500000	9.651037e+04	2.256420e-04
	149	68	10.250000	56.500000	9.857391e+04	2.045216e-04
	86	162	-5.500000	33.000000	1.022742e+05	1.111804e-05
