2022	2	14	6	0
	5	6	-25.750000	72.000000	9.973420e+04	-3.454448e-05
	222	10	28.500000	71.000000	9.835001e+04	1.354743e-04
	1	17	-26.750000	69.250000	9.973420e+04	-2.832389e-06
	220	20	28.000000	68.500000	9.835001e+04	1.344021e-04
	105	71	-0.750000	55.750000	9.841142e+04	6.797704e-05
	139	107	7.750000	46.750000	1.004731e+05	-1.468561e-04
2022	2	14	5	3
	58	4	-12.500000	72.500000	1.001173e+05	1.157490e-04
	210	9	25.500000	71.250000	9.804137e+04	2.248768e-04
	1	17	-26.750000	69.250000	9.974124e+04	-1.916417e-05
	119	62	2.750000	58.000000	9.846892e+04	1.111092e-04
	107	71	-0.250000	55.750000	9.846892e+04	7.351802e-05
2022	2	14	3	6
	62	3	-11.500000	72.750000	1.000931e+05	1.032656e-04
	217	8	27.250000	71.500000	9.797400e+04	2.249442e-04
	115	71	1.750000	55.750000	9.840469e+04	7.133782e-05
2022	2	14	4	9
	67	2	-10.250000	73.000000	1.001575e+05	8.132827e-05
	217	8	27.250000	71.500000	9.808915e+04	2.664847e-04
	0	54	-27.000000	60.000000	9.795848e+04	1.245417e-04
	118	71	2.500000	55.750000	9.839278e+04	1.757799e-04
2022	2	14	5	12
	70	1	-9.500000	73.250000	1.001591e+05	2.563352e-05
	234	6	31.500000	72.000000	9.813928e+04	1.750753e-04
	235	6	31.750000	72.000000	9.813928e+04	1.692747e-04
	0	50	-27.000000	61.000000	9.745557e+04	1.647883e-04
	122	68	3.500000	56.500000	9.832509e+04	2.350445e-04
2022	2	14	3	15
	234	6	31.500000	72.000000	9.822420e+04	1.348097e-04
	2	45	-26.500000	62.250000	9.698588e+04	2.321566e-04
	125	65	4.250000	57.250000	9.827230e+04	2.962487e-04
2022	2	14	5	18
	245	5	34.250000	72.250000	9.833168e+04	1.087800e-04
	249	13	35.250000	70.250000	9.833168e+04	1.427030e-04
	0	42	-27.000000	63.000000	9.675838e+04	1.229572e-04
	126	53	4.500000	60.250000	9.831272e+04	1.042077e-04
	129	64	5.250000	57.500000	9.831272e+04	3.585985e-04
2022	2	14	8	21
	253	4	36.250000	72.500000	9.835831e+04	1.206951e-04
	257	12	37.250000	70.500000	9.835831e+04	1.208983e-04
	0	38	-27.000000	64.000000	9.680116e+04	1.689430e-04
	17	43	-22.750000	62.750000	9.680116e+04	1.905429e-04
	123	53	3.750000	60.250000	9.840547e+04	1.101853e-04
	124	53	4.000000	60.250000	9.840547e+04	1.140249e-04
	134	62	6.500000	58.000000	9.840547e+04	3.072193e-04
	139	120	7.750000	43.500000	1.010775e+05	1.412388e-04
2022	2	15	8	0
	249	3	35.250000	72.750000	9.842693e+04	1.000405e-04
	9	6	-24.750000	72.000000	9.977869e+04	7.327666e-05
	263	11	38.750000	70.750000	9.842693e+04	1.172381e-04
	264	11	39.000000	70.750000	9.842693e+04	1.244815e-04
	10	39	-24.500000	63.750000	9.706969e+04	2.367175e-04
	150	52	10.500000	60.500000	9.854553e+04	1.176368e-04
	140	61	8.000000	58.250000	9.854553e+04	2.665056e-04
	145	118	9.250000	44.000000	1.010531e+05	1.280219e-04
2022	2	15	8	3
	242	5	33.500000	72.250000	9.848052e+04	1.756283e-04
	267	11	39.750000	70.750000	9.848052e+04	1.356740e-04
	23	35	-21.250000	64.750000	9.698039e+04	6.504505e-05
	0	36	-27.000000	64.500000	9.698039e+04	9.359032e-05
	1	36	-26.750000	64.500000	9.698039e+04	1.200395e-04
	122	50	3.500000	61.000000	9.870769e+04	5.357400e-05
	146	58	9.500000	59.000000	9.862246e+04	2.706284e-04
	153	116	11.250000	44.500000	1.009752e+05	1.171076e-04
2022	2	15	10	6
	243	10	33.750000	71.000000	9.856198e+04	1.972825e-04
	271	11	40.750000	70.750000	9.856198e+04	1.553545e-04
	24	35	-21.000000	64.750000	9.702284e+04	1.176203e-04
	42	42	-16.500000	63.000000	9.739745e+04	2.477016e-04
	120	48	3.000000	61.500000	9.866852e+04	1.086352e-04
	150	57	10.500000	59.250000	9.871442e+04	2.433114e-04
	0	88	-27.000000	51.500000	9.926262e+04	1.052117e-04
	171	103	15.750000	47.750000	1.010927e+05	3.070856e-05
	156	114	12.000000	45.000000	1.010275e+05	1.165309e-04
	138	119	7.500000	43.750000	1.010408e+05	8.721084e-05
2022	2	15	4	9
	278	10	42.500000	71.000000	9.868215e+04	1.250266e-04
	31	37	-19.250000	64.250000	9.730094e+04	1.404445e-04
	2	84	-26.500000	52.500000	9.872084e+04	1.737481e-04
	161	111	13.250000	45.750000	1.011157e+05	8.878902e-05
2022	2	15	5	12
	280	9	43.000000	71.250000	9.877568e+04	1.483348e-04
	0	31	-27.000000	65.750000	9.715570e+04	6.925833e-05
	0	41	-27.000000	63.250000	9.715570e+04	3.872957e-05
	15	81	-23.250000	53.250000	9.852188e+04	2.303089e-04
	154	109	11.500000	46.250000	1.011200e+05	3.278903e-05
2022	2	15	4	15
	280	8	43.000000	71.500000	9.883538e+04	1.618423e-04
	0	39	-27.000000	63.750000	9.707768e+04	1.772563e-05
	27	78	-20.250000	54.000000	9.825350e+04	2.431969e-04
	162	162	13.500000	33.000000	1.015491e+05	1.157713e-05
2022	2	15	5	18
	280	8	43.000000	71.500000	9.895021e+04	1.781661e-04
	0	39	-27.000000	63.750000	9.707502e+04	2.035448e-05
	40	76	-17.000000	54.500000	9.818425e+04	2.521872e-04
	163	162	13.750000	33.000000	1.015821e+05	1.245148e-05
	164	162	14.000000	33.000000	1.015821e+05	5.168179e-06
2022	2	15	5	21
	280	8	43.000000	71.500000	9.903012e+04	1.828783e-04
	180	45	18.000000	62.250000	9.900238e+04	1.147941e-04
	118	51	2.500000	60.750000	9.807662e+04	1.533911e-04
	57	75	-12.750000	54.750000	9.833120e+04	2.076199e-04
	167	159	14.750000	33.750000	1.016642e+05	1.168279e-05
2022	2	16	5	0
	280	8	43.000000	71.500000	9.910939e+04	1.849905e-04
	185	43	19.250000	62.750000	9.900583e+04	1.273138e-04
	120	49	3.000000	61.250000	9.803698e+04	1.783569e-04
	0	72	-27.000000	55.500000	9.736251e+04	9.997210e-05
	71	75	-9.250000	54.750000	9.843179e+04	1.934325e-04
2022	2	16	5	3
	280	8	43.000000	71.500000	9.912991e+04	1.896880e-04
	108	36	0.000000	64.500000	9.803855e+04	1.983142e-04
	189	42	20.250000	63.000000	9.902259e+04	1.221602e-04
	121	47	3.250000	61.750000	9.796757e+04	1.782910e-04
	7	68	-25.250000	56.500000	9.668914e+04	2.966015e-04
2022	2	16	4	6
	280	8	43.000000	71.500000	9.916172e+04	1.786804e-04
	104	36	-1.000000	64.500000	9.791258e+04	1.663720e-04
	123	46	3.750000	62.000000	9.792794e+04	1.910241e-04
	14	65	-23.500000	57.250000	9.623354e+04	3.877263e-04
2022	2	16	6	9
	280	8	43.000000	71.500000	9.917755e+04	1.784205e-04
	99	36	-2.250000	64.500000	9.787075e+04	1.582648e-04
	30	59	-19.500000	58.750000	9.593210e+04	2.923106e-04
	137	116	7.250000	44.500000	1.012210e+05	7.053775e-05
	279	120	42.750000	43.500000	1.020280e+05	1.597092e-05
	178	142	17.500000	38.000000	1.013629e+05	1.412246e-04
2022	2	16	3	12
	280	7	43.000000	71.750000	9.918788e+04	1.687444e-04
	33	59	-18.750000	58.750000	9.595216e+04	4.175385e-04
	181	144	18.250000	37.500000	1.011265e+05	1.459815e-04
2022	2	16	3	15
	277	7	42.250000	71.750000	9.918835e+04	1.285163e-04
	50	61	-14.500000	58.250000	9.620784e+04	2.518751e-04
	182	141	18.500000	38.250000	1.009055e+05	1.900423e-04
2022	2	16	4	18
	277	7	42.250000	71.750000	9.916720e+04	1.359433e-04
	53	56	-13.750000	59.500000	9.624936e+04	1.775898e-04
	67	61	-10.250000	58.250000	9.624936e+04	2.185309e-04
	183	140	18.750000	38.500000	1.007924e+05	2.172245e-04
2022	2	16	5	21
	274	6	41.500000	72.000000	9.918459e+04	1.367849e-04
	275	6	41.750000	72.000000	9.918459e+04	1.406636e-04
	81	59	-6.750000	58.750000	9.633584e+04	2.363454e-04
	138	117	7.500000	44.250000	1.010996e+05	5.653392e-05
	183	140	18.750000	38.500000	1.008312e+05	2.194724e-04
2022	2	17	5	0
	274	6	41.500000	72.000000	9.920543e+04	1.389112e-04
	96	55	-3.000000	59.750000	9.639820e+04	1.940601e-04
	118	56	2.500000	59.500000	9.639820e+04	2.850908e-04
	140	111	8.000000	45.750000	1.008862e+05	-4.836903e-05
	181	141	18.250000	38.250000	1.008191e+05	2.180634e-04
2022	2	17	5	3
	272	6	41.000000	72.000000	9.919509e+04	1.238670e-04
	123	55	3.750000	59.750000	9.636953e+04	2.458693e-04
	156	66	12.000000	57.000000	9.670543e+04	3.121721e-04
	138	117	7.500000	44.250000	1.009205e+05	6.764891e-05
	181	144	18.250000	37.500000	1.007187e+05	2.081819e-04
2022	2	17	4	6
	124	55	4.000000	59.750000	9.658119e+04	2.640893e-04
	166	66	14.500000	57.000000	9.663038e+04	3.042638e-04
	138	117	7.500000	44.250000	1.009746e+05	9.924665e-05
	180	148	18.000000	36.500000	1.008052e+05	1.852499e-04
2022	2	17	3	9
	127	57	4.750000	59.250000	9.707016e+04	2.707086e-04
	177	65	17.250000	57.250000	9.651492e+04	2.905989e-04
	181	151	18.250000	35.750000	1.009254e+05	1.742139e-04
2022	2	17	3	12
	183	64	18.750000	57.500000	9.646541e+04	3.093366e-04
	196	143	22.000000	37.750000	1.011359e+05	2.243063e-05
	181	154	18.250000	35.000000	1.008904e+05	1.909370e-04
2022	2	17	4	15
	130	34	5.500000	65.000000	9.774087e+04	1.357752e-04
	189	66	20.250000	57.000000	9.663806e+04	3.685514e-04
	23	70	-21.250000	56.000000	9.890086e+04	1.980156e-04
	182	158	18.500000	34.000000	1.009254e+05	1.910118e-04
2022	2	17	4	18
	131	35	5.750000	64.750000	9.784647e+04	1.547583e-04
	197	66	22.250000	57.000000	9.689109e+04	3.068098e-04
	26	69	-20.500000	56.250000	9.872868e+04	2.326194e-04
	182	162	18.500000	33.000000	1.010545e+05	9.688913e-05
2022	2	17	5	21
	136	30	7.000000	66.000000	9.785336e+04	1.097306e-04
	75	48	-8.250000	61.500000	9.835752e+04	1.322669e-04
	40	66	-17.000000	57.000000	9.868011e+04	9.788489e-05
	205	68	24.250000	56.500000	9.711277e+04	2.514625e-04
	67	70	-10.250000	56.000000	9.880874e+04	1.341918e-04
2022	2	18	6	0
	135	29	6.750000	66.250000	9.784349e+04	1.200496e-04
	81	49	-6.750000	61.250000	9.832024e+04	1.500809e-04
	224	59	29.000000	58.750000	9.733572e+04	7.467755e-05
	38	65	-17.500000	57.250000	9.858282e+04	1.753730e-04
	69	69	-9.750000	56.250000	9.864690e+04	1.562955e-04
	214	69	26.500000	56.250000	9.733572e+04	2.101709e-04
2022	2	18	4	3
	136	28	7.000000	66.500000	9.780103e+04	1.171135e-04
	84	49	-6.000000	61.250000	9.820995e+04	1.570662e-04
	230	57	30.500000	59.250000	9.741327e+04	7.745744e-05
	36	66	-18.000000	57.000000	9.854193e+04	2.539213e-04
2022	2	18	5	6
	135	27	6.750000	66.750000	9.773633e+04	1.298016e-04
	136	28	7.000000	66.500000	9.773633e+04	1.387512e-04
	147	35	9.750000	64.750000	9.773633e+04	9.051458e-05
	101	49	-1.750000	61.250000	9.807693e+04	1.423100e-04
	234	54	31.500000	60.000000	9.745996e+04	1.087821e-04
2022	2	18	6	9
	6	7	-25.500000	71.750000	1.001608e+05	-2.229182e-05
	136	27	7.000000	66.750000	9.770248e+04	1.622729e-04
	149	35	10.250000	64.750000	9.770248e+04	8.154172e-05
	106	48	-0.500000	61.500000	9.802288e+04	1.452856e-04
	236	52	32.000000	60.500000	9.755380e+04	1.228543e-04
	237	52	32.250000	60.500000	9.755380e+04	1.217042e-04
2022	2	18	6	12
	288	10	45.000000	71.000000	9.808774e+04	1.030834e-04
	136	26	7.000000	67.000000	9.768134e+04	1.860585e-04
	110	48	0.500000	61.500000	9.798809e+04	1.595866e-04
	240	50	33.000000	61.000000	9.764358e+04	1.293015e-04
	240	51	33.000000	60.750000	9.764358e+04	1.427337e-04
	279	119	42.750000	43.750000	1.002454e+05	-3.260984e-06
2022	2	18	7	15
	6	7	-25.500000	71.750000	1.001212e+05	-2.745426e-05
	288	9	45.000000	71.250000	9.815730e+04	1.139063e-04
	136	25	7.000000	67.250000	9.757855e+04	1.927007e-04
	115	47	1.750000	61.750000	9.788312e+04	1.574177e-04
	242	48	33.500000	61.500000	9.770358e+04	1.545421e-04
	128	60	5.000000	58.500000	9.801583e+04	2.037018e-04
	286	122	44.500000	43.000000	1.004032e+05	1.477821e-05
2022	2	18	7	18
	6	7	-25.500000	71.750000	1.001176e+05	-1.476727e-05
	134	25	6.500000	67.250000	9.751996e+04	1.780244e-04
	246	46	34.500000	62.000000	9.768838e+04	1.857056e-04
	0	57	-27.000000	59.250000	9.848788e+04	7.099562e-05
	71	57	-9.250000	59.250000	9.831773e+04	2.920350e-04
	132	59	6.000000	58.750000	9.797008e+04	2.289321e-04
	118	124	2.500000	42.500000	1.010552e+05	7.737265e-05
2022	2	18	7	21
	6	7	-25.500000	71.750000	1.001317e+05	-1.598378e-06
	132	24	6.000000	67.500000	9.746372e+04	2.008490e-04
	110	30	0.500000	66.000000	9.746372e+04	7.337101e-05
	248	45	35.000000	62.250000	9.769277e+04	1.735791e-04
	78	58	-7.500000	59.000000	9.839701e+04	2.801281e-04
	139	60	7.750000	58.500000	9.810262e+04	2.056892e-04
	123	121	3.750000	43.250000	1.011602e+05	1.407259e-04
2022	2	19	9	0
	130	25	5.500000	67.250000	9.744742e+04	2.621389e-04
	110	33	0.500000	65.250000	9.744742e+04	7.699757e-05
	131	34	5.750000	65.000000	9.744742e+04	-5.456799e-06
	254	37	36.500000	64.250000	9.772880e+04	1.080665e-04
	0	39	-27.000000	63.750000	9.851404e+04	5.923748e-05
	3	56	-26.250000	59.500000	9.843492e+04	1.725922e-04
	158	57	12.500000	59.250000	9.812127e+04	1.411826e-04
	83	59	-6.250000	58.750000	9.857561e+04	2.546980e-04
	126	121	4.500000	43.250000	1.012689e+05	1.121805e-04
2022	2	19	6	3
	130	25	5.500000	67.250000	9.745370e+04	3.025760e-04
	139	34	7.750000	65.000000	9.745370e+04	4.238552e-05
	255	35	36.750000	64.750000	9.768791e+04	1.242514e-04
	114	36	1.500000	64.500000	9.749803e+04	1.106059e-04
	9	54	-24.750000	60.000000	9.837022e+04	1.804188e-04
	172	55	16.000000	59.750000	9.805468e+04	1.093391e-04
2022	2	19	6	6
	277	25	42.250000	67.250000	9.767554e+04	1.092968e-04
	129	26	5.250000	67.000000	9.754425e+04	3.253157e-04
	256	33	37.000000	65.250000	9.767554e+04	1.461263e-04
	142	34	8.500000	65.000000	9.754425e+04	1.122823e-04
	13	52	-23.750000	60.500000	9.836598e+04	1.356989e-04
	181	54	18.250000	60.000000	9.803431e+04	1.558473e-04
2022	2	19	7	9
	277	24	42.250000	67.500000	9.770248e+04	1.100533e-04
	129	28	5.250000	66.500000	9.772395e+04	3.005630e-04
	258	33	37.500000	65.250000	9.770248e+04	1.408774e-04
	187	54	19.750000	60.000000	9.814634e+04	1.271783e-04
	212	57	26.000000	59.250000	9.815527e+04	1.026099e-04
	284	140	44.000000	38.500000	1.014991e+05	1.824470e-05
	276	162	42.000000	33.000000	1.014430e+05	-1.075266e-05
2022	2	19	5	12
	131	30	5.750000	66.000000	9.791916e+04	2.351874e-04
	259	32	37.750000	65.500000	9.772552e+04	1.438481e-04
	194	54	21.500000	60.000000	9.829470e+04	1.021041e-04
	221	57	28.250000	59.250000	9.826979e+04	1.303012e-04
	137	117	7.250000	44.250000	1.014392e+05	1.250819e-04
2022	2	19	6	15
	271	30	40.750000	66.000000	9.778098e+04	2.892725e-05
	272	30	41.000000	66.000000	9.778098e+04	2.806417e-05
	137	33	7.250000	65.250000	9.809792e+04	1.895153e-04
	138	33	7.500000	65.250000	9.809792e+04	1.825608e-04
	239	57	32.750000	59.250000	9.835988e+04	1.371419e-04
	136	120	7.000000	43.500000	1.013462e+05	1.305754e-04
2022	2	19	8	18
	276	28	42.000000	66.500000	9.777283e+04	4.114171e-05
	146	34	9.500000	65.000000	9.823564e+04	1.962847e-04
	0	49	-27.000000	61.250000	9.583136e+04	9.211231e-05
	253	57	36.250000	59.250000	9.826180e+04	1.591047e-04
	254	57	36.500000	59.250000	9.826180e+04	1.617857e-04
	135	120	6.750000	43.500000	1.015461e+05	1.633172e-04
	251	162	35.750000	33.000000	1.018623e+05	-5.324112e-05
	283	162	43.750000	33.000000	1.015691e+05	2.316124e-05
2022	2	19	5	21
	279	26	42.750000	67.000000	9.779727e+04	6.027930e-05
	265	32	39.250000	65.500000	9.779727e+04	7.423510e-05
	154	33	11.500000	65.250000	9.832980e+04	2.377752e-04
	0	45	-27.000000	62.250000	9.526077e+04	1.502452e-04
	268	56	40.000000	59.500000	9.824973e+04	1.950578e-04
2022	2	20	9	0
	279	25	42.750000	67.250000	9.779743e+04	1.164323e-04
	280	25	43.000000	67.250000	9.779743e+04	1.248256e-04
	154	29	11.500000	66.250000	9.854209e+04	9.075426e-05
	267	32	39.750000	65.500000	9.779743e+04	6.581077e-05
	27	39	-20.250000	63.750000	9.509814e+04	6.177079e-05
	0	40	-27.000000	63.500000	9.507668e+04	1.608647e-04
	280	55	43.000000	59.750000	9.817391e+04	2.051297e-04
	151	125	10.750000	42.250000	1.018478e+05	2.725168e-05
	280	147	43.000000	36.750000	1.017209e+05	7.470341e-06
