2022	2	10	10	0
	8	6	-25.000000	72.000000	1.001866e+05	-1.376111e-05
	148	23	10.000000	67.750000	9.645910e+04	4.421386e-04
	59	56	-12.250000	59.500000	9.867290e+04	4.385595e-04
	152	106	11.000000	47.000000	1.022740e+05	-4.470068e-05
	139	110	7.750000	46.000000	1.022740e+05	-7.203746e-05
	256	140	37.000000	38.500000	1.007802e+05	5.158898e-05
	39	149	-17.250000	36.250000	1.020198e+05	9.319769e-05
	249	150	35.250000	36.000000	1.007802e+05	1.239057e-04
	37	157	-17.750000	34.250000	1.020198e+05	-5.180583e-05
	278	162	42.500000	33.000000	1.008707e+05	7.463957e-05
2022	2	10	8	6
	178	5	17.500000	72.250000	9.718616e+04	1.657591e-04
	8	6	-25.000000	72.000000	1.002845e+05	-1.600095e-06
	9	14	-24.750000	70.000000	1.002845e+05	3.195845e-05
	167	14	14.750000	70.000000	9.683934e+04	1.716466e-05
	167	23	14.750000	67.750000	9.683934e+04	3.344321e-04
	78	59	-7.500000	58.750000	9.904316e+04	4.778723e-04
	158	106	12.500000	47.000000	1.021722e+05	-3.602440e-05
	249	150	35.250000	36.000000	1.010213e+05	1.083192e-04
2022	2	10	10	12
	209	0	25.250000	73.500000	9.727760e+04	-3.303321e-05
	177	5	17.250000	72.250000	9.727760e+04	2.458580e-04
	9	6	-24.750000	72.000000	1.002302e+05	-8.099194e-06
	9	14	-24.750000	70.000000	1.002302e+05	6.413560e-07
	193	27	21.250000	66.750000	9.762384e+04	2.022751e-04
	93	63	-3.750000	57.750000	9.994920e+04	3.588341e-04
	137	117	7.250000	44.250000	1.022482e+05	1.157238e-04
	284	139	44.000000	38.750000	1.010100e+05	3.070826e-05
	270	155	40.500000	34.750000	1.010795e+05	5.816494e-05
	44	156	-16.000000	34.500000	1.022634e+05	5.279625e-05
2022	2	10	6	18
	212	0	26.000000	73.500000	9.747397e+04	-2.223921e-06
	189	7	20.250000	71.750000	9.747397e+04	2.305353e-04
	9	14	-24.750000	70.000000	9.981613e+04	8.515736e-06
	46	16	-15.500000	69.500000	9.979503e+04	1.414436e-04
	109	70	0.250000	56.000000	1.005111e+05	2.889991e-04
	137	117	7.250000	44.250000	1.022462e+05	1.014229e-04
2022	2	11	4	0
	202	7	23.500000	71.750000	9.763830e+04	1.936927e-04
	57	12	-12.750000	70.500000	9.929288e+04	1.921908e-04
	0	69	-27.000000	56.250000	9.978468e+04	1.359194e-04
	124	76	4.000000	54.500000	1.009934e+05	2.844968e-04
2022	2	11	5	6
	211	8	25.750000	71.500000	9.790970e+04	2.620723e-04
	63	12	-11.250000	70.500000	9.910120e+04	2.614568e-04
	19	68	-22.250000	56.500000	9.924344e+04	2.138208e-04
	136	82	7.000000	53.000000	1.015797e+05	2.089530e-04
	188	123	20.000000	42.750000	1.021388e+05	-6.030047e-06
2022	2	11	9	12
	232	0	31.000000	73.500000	9.821295e+04	-1.558778e-05
	224	9	29.000000	71.250000	9.821295e+04	2.605225e-04
	79	15	-7.250000	69.750000	9.920964e+04	2.827754e-04
	108	20	0.000000	68.500000	9.920964e+04	1.333414e-04
	0	57	-27.000000	59.250000	9.888705e+04	6.678783e-05
	23	58	-21.250000	59.000000	9.889525e+04	2.363640e-04
	0	67	-27.000000	56.750000	9.888705e+04	8.421622e-05
	150	110	10.500000	46.000000	1.020837e+05	3.491223e-05
	135	119	6.750000	43.750000	1.020473e+05	8.922903e-05
2022	2	11	7	18
	233	11	31.250000	70.750000	9.834053e+04	2.875719e-04
	127	16	4.750000	69.500000	9.900135e+04	2.008934e-04
	104	19	-1.000000	68.750000	9.900135e+04	1.618084e-04
	105	19	-0.750000	68.750000	9.900135e+04	1.551492e-04
	17	55	-22.750000	59.750000	9.848220e+04	2.476626e-04
	18	55	-22.500000	59.750000	9.848220e+04	2.503495e-04
	24	63	-21.000000	57.750000	9.848220e+04	7.829170e-05
2022	2	12	6	0
	242	13	33.500000	70.250000	9.840111e+04	2.853488e-04
	129	16	5.250000	69.500000	9.875457e+04	1.788578e-04
	153	17	11.250000	69.250000	9.875457e+04	1.510267e-04
	48	49	-15.000000	61.250000	9.872448e+04	1.707497e-04
	17	58	-22.750000	59.000000	9.856348e+04	2.763763e-04
	41	59	-16.750000	58.750000	9.857364e+04	7.137464e-05
2022	2	12	7	6
	250	4	35.500000	72.500000	9.840170e+04	3.004872e-06
	249	5	35.250000	72.250000	9.840170e+04	1.548468e-05
	248	14	35.000000	70.000000	9.840170e+04	2.895764e-04
	148	17	10.000000	69.250000	9.879638e+04	1.901264e-04
	39	52	-17.250000	60.500000	9.846480e+04	2.034839e-04
	58	54	-12.500000	60.000000	9.846480e+04	7.649446e-05
	59	54	-12.250000	60.000000	9.846480e+04	7.504647e-05
2022	2	12	4	12
	252	2	36.000000	73.000000	9.859024e+04	6.796114e-05
	254	15	36.500000	69.750000	9.847164e+04	2.872228e-04
	157	23	12.250000	67.750000	9.911937e+04	1.928131e-04
	75	49	-8.250000	61.250000	9.843159e+04	1.275203e-04
2022	2	12	4	18
	253	6	36.250000	72.000000	9.843139e+04	1.155914e-04
	253	7	36.250000	71.750000	9.843139e+04	1.164712e-04
	262	17	38.500000	69.250000	9.843139e+04	3.058591e-04
	92	46	-4.000000	62.000000	9.829403e+04	1.769599e-04
2022	2	13	4	0
	152	0	11.000000	73.500000	9.878310e+04	1.311275e-04
	256	4	37.000000	72.500000	9.882570e+04	1.204338e-04
	271	17	40.750000	69.250000	9.857227e+04	2.951748e-04
	108	46	0.000000	62.000000	9.828211e+04	2.058073e-04
2022	2	13	7	6
	167	0	14.750000	73.500000	9.863382e+04	1.319397e-04
	9	6	-24.750000	72.000000	9.974130e+04	-1.614676e-06
	281	17	43.250000	69.250000	9.877255e+04	2.676941e-04
	39	36	-17.250000	64.500000	1.003249e+05	2.426124e-05
	138	37	7.500000	64.250000	9.808652e+04	1.754628e-04
	120	46	3.000000	62.000000	9.808887e+04	2.348362e-04
	285	128	44.250000	41.500000	1.023967e+05	-3.245914e-05
2022	2	13	6	12
	174	2	16.500000	73.000000	9.869712e+04	1.662739e-04
	9	14	-24.750000	70.000000	9.966236e+04	6.219962e-05
	288	15	45.000000	69.750000	9.918111e+04	1.120142e-04
	146	38	9.500000	64.000000	9.811330e+04	1.427515e-04
	278	121	42.500000	43.250000	1.024416e+05	-2.062568e-05
	206	128	24.500000	41.500000	1.023517e+05	-2.572785e-05
2022	2	13	3	18
	2	17	-26.500000	69.250000	9.960922e+04	5.129655e-05
	174	39	16.500000	63.750000	9.830908e+04	8.481549e-05
	109	88	0.250000	51.500000	9.900233e+04	1.598761e-04
2022	2	14	3	0
	1	17	-26.750000	69.250000	9.981438e+04	2.203174e-05
	220	28	28.000000	66.500000	9.824792e+04	5.400278e-05
	123	83	3.750000	52.750000	9.874754e+04	2.055453e-04
2022	2	14	2	6
	240	27	33.000000	66.750000	9.835265e+04	5.078101e-05
	145	73	9.250000	55.250000	9.866645e+04	1.461202e-04
2022	2	14	6	12
	6	7	-25.500000	71.750000	9.992536e+04	1.738041e-05
	247	13	34.750000	70.250000	9.834073e+04	1.300863e-04
	252	23	36.000000	67.750000	9.834073e+04	3.755796e-05
	0	47	-27.000000	61.750000	9.774380e+04	8.747715e-05
	161	66	13.250000	57.000000	9.866762e+04	2.142643e-04
	134	115	6.500000	44.750000	1.009557e+05	8.217905e-05
2022	2	14	6	18
	6	7	-25.500000	71.750000	9.952285e+04	4.209056e-05
	249	12	35.250000	70.500000	9.827508e+04	1.466082e-04
	0	41	-27.000000	63.250000	9.707577e+04	8.135755e-05
	12	47	-24.000000	61.750000	9.707577e+04	7.584371e-05
	179	62	17.750000	58.000000	9.884113e+04	1.606889e-04
	138	120	7.500000	43.500000	1.008255e+05	1.508479e-04
2022	2	15	4	0
	258	14	37.500000	70.000000	9.817426e+04	1.363978e-04
	21	43	-21.750000	62.750000	9.709999e+04	2.842289e-04
	191	60	20.750000	58.500000	9.904199e+04	2.095754e-04
	145	118	9.250000	44.000000	1.008654e+05	1.429594e-04
2022	2	15	5	6
	281	14	43.250000	70.000000	9.801697e+04	1.534231e-04
	4	33	-26.000000	65.250000	9.708436e+04	1.484218e-04
	202	59	23.500000	58.750000	9.915942e+04	2.493724e-04
	147	119	9.750000	43.750000	1.009051e+05	1.327096e-04
	164	122	14.000000	43.000000	1.009529e+05	1.939891e-05
2022	2	15	8	12
	282	13	43.500000	70.250000	9.807167e+04	1.997940e-04
	0	29	-27.000000	66.250000	9.731746e+04	1.099448e-04
	23	30	-21.250000	66.000000	9.731746e+04	1.438156e-04
	42	35	-16.500000	64.750000	9.756151e+04	2.065990e-04
	216	57	27.000000	59.250000	9.951641e+04	2.080097e-04
	23	79	-21.250000	53.750000	9.871491e+04	2.563800e-04
	147	121	9.750000	43.250000	1.012065e+05	1.529450e-04
	162	123	13.500000	42.750000	1.012065e+05	8.942341e-05
2022	2	15	10	18
	6	7	-25.500000	71.750000	9.879287e+04	-2.772650e-06
	288	14	45.000000	70.000000	9.845171e+04	-2.728094e-05
	26	26	-20.500000	67.000000	9.744720e+04	2.387330e-04
	0	34	-27.000000	65.000000	9.747475e+04	-1.584436e-05
	252	50	36.000000	61.000000	9.979640e+04	7.244291e-05
	225	56	29.250000	59.500000	9.978898e+04	1.979568e-04
	44	76	-16.000000	54.500000	9.891479e+04	1.626713e-04
	163	117	13.750000	44.250000	1.013595e+05	1.611603e-04
	168	125	15.000000	42.250000	1.013595e+05	4.768718e-05
	156	127	12.000000	41.750000	1.013595e+05	3.026764e-05
2022	2	16	6	0
	0	33	-27.000000	65.250000	9.745952e+04	1.859569e-05
	253	49	36.250000	61.250000	9.987202e+04	7.826742e-05
	237	53	32.250000	60.250000	9.987202e+04	1.780621e-04
	145	63	9.250000	57.750000	9.956916e+04	1.805458e-04
	171	125	15.750000	42.250000	1.015119e+05	2.527762e-05
	160	134	13.000000	40.000000	1.015100e+05	9.975890e-05
2022	2	16	6	6
	283	46	43.750000	62.000000	1.000188e+05	1.017148e-04
	254	50	36.500000	61.000000	9.997929e+04	1.068807e-04
	7	63	-25.250000	57.750000	9.598762e+04	3.824637e-04
	156	63	12.000000	57.750000	9.978116e+04	1.832220e-04
	164	138	14.000000	39.000000	1.014285e+05	9.668322e-05
	181	138	18.250000	39.000000	1.014199e+05	9.584849e-05
2022	2	16	5	12
	286	46	44.500000	62.000000	1.001149e+05	6.620958e-05
	287	46	44.750000	62.000000	1.001149e+05	5.422586e-05
	26	55	-20.500000	59.750000	9.448154e+04	5.397103e-04
	183	66	18.750000	57.000000	1.002487e+05	1.425752e-04
	183	136	18.750000	39.500000	1.014094e+05	1.035457e-04
2022	2	16	2	18
	50	46	-14.500000	62.000000	9.363921e+04	4.614627e-04
	178	148	17.500000	36.500000	1.015067e+05	6.546036e-05
2022	2	17	1	0
	75	42	-8.250000	63.000000	9.349071e+04	3.490463e-04
2022	2	17	3	6
	95	36	-3.250000	64.500000	9.364898e+04	3.462476e-04
	150	110	10.500000	46.000000	1.017831e+05	2.915525e-05
	184	160	19.000000	33.500000	1.015198e+05	9.055524e-05
2022	2	17	3	12
	103	33	-1.250000	65.250000	9.409056e+04	3.430164e-04
	0	42	-27.000000	63.000000	9.719280e+04	1.076918e-04
	185	54	19.250000	60.000000	9.742473e+04	3.321178e-04
2022	2	17	3	18
	118	31	2.500000	65.750000	9.451261e+04	3.218520e-04
	6	40	-25.500000	63.500000	9.734423e+04	1.672074e-04
	198	52	22.500000	60.500000	9.730652e+04	3.099244e-04
2022	2	18	7	0
	122	28	3.500000	66.500000	9.491902e+04	3.452228e-04
	4	39	-26.000000	63.750000	9.751168e+04	1.362999e-04
	5	39	-25.750000	63.750000	9.751168e+04	1.480453e-04
	211	53	25.750000	60.250000	9.734873e+04	2.384782e-04
	134	115	6.500000	44.750000	1.020407e+05	9.193811e-05
	116	124	2.000000	42.500000	1.022056e+05	-4.610820e-05
	272	162	41.000000	33.000000	1.014789e+05	1.103520e-04
2022	2	18	5	6
	258	0	37.500000	73.500000	9.852498e+04	7.604877e-05
	129	28	5.250000	66.500000	9.539324e+04	2.940046e-04
	9	44	-24.750000	62.500000	9.762657e+04	1.553929e-04
	229	55	30.250000	59.750000	9.735146e+04	1.799981e-04
	133	115	6.250000	44.750000	1.019512e+05	7.998686e-05
2022	2	18	3	12
	134	25	6.500000	67.250000	9.580532e+04	3.251133e-04
	16	46	-23.000000	62.000000	9.793119e+04	1.311372e-04
	246	56	34.500000	59.500000	9.737393e+04	1.444465e-04
2022	2	18	3	18
	134	26	6.500000	67.000000	9.603178e+04	3.442488e-04
	260	55	38.000000	59.750000	9.750953e+04	1.113717e-04
	287	121	44.750000	43.250000	1.007423e+05	-7.820273e-06
2022	2	19	3	0
	7	6	-25.250000	72.000000	1.005381e+05	2.624562e-05
	138	25	7.500000	67.250000	9.622972e+04	3.837328e-04
	268	53	40.000000	60.250000	9.769613e+04	1.272947e-04
2022	2	19	4	6
	142	27	8.500000	66.750000	9.629537e+04	3.535473e-04
	277	50	42.250000	61.000000	9.792240e+04	8.231009e-05
	278	50	42.500000	61.000000	9.792240e+04	7.910395e-05
	141	107	8.250000	46.750000	1.010455e+05	-1.000986e-04
2022	2	19	5	12
	7	6	-25.250000	72.000000	1.003191e+05	4.396377e-05
	143	28	8.750000	66.500000	9.652222e+04	3.702928e-04
	283	38	43.750000	64.000000	9.823620e+04	2.509452e-05
	285	46	44.250000	62.000000	9.823620e+04	4.370390e-05
	116	123	2.000000	42.750000	1.010459e+05	4.366697e-05
2022	2	19	3	18
	214	0	26.500000	73.500000	9.830126e+04	5.075492e-05
	145	31	9.250000	65.750000	9.675395e+04	4.222412e-04
	189	47	20.250000	61.750000	9.806112e+04	1.159649e-04
2022	2	20	4	0
	148	37	10.000000	64.250000	9.729011e+04	2.956826e-04
	0	46	-27.000000	62.000000	9.736631e+04	1.588800e-04
	200	47	23.000000	61.750000	9.769633e+04	2.017073e-04
	201	47	23.250000	61.750000	9.769633e+04	1.888961e-04
