2022	2	14	7	0
	3	6	-26.250000	72.000000	9.974585e+04	-1.181792e-05
	217	9	27.250000	71.250000	9.835227e+04	9.670558e-05
	194	12	21.500000	70.500000	9.835227e+04	9.631951e-05
	1	17	-26.750000	69.250000	9.974585e+04	-3.612248e-06
	221	20	28.250000	68.500000	9.835227e+04	7.182153e-05
	114	62	1.500000	58.000000	9.848488e+04	8.164293e-05
	105	71	-0.750000	55.750000	9.848488e+04	1.125265e-04
2022	2	14	5	3
	58	5	-12.500000	72.250000	1.001392e+05	9.752901e-05
	210	9	25.500000	71.250000	9.807152e+04	2.070210e-04
	227	22	29.750000	68.000000	9.824338e+04	8.548275e-05
	116	62	2.000000	58.000000	9.843411e+04	9.032822e-05
	108	70	0.000000	56.000000	9.843411e+04	1.366271e-04
2022	2	14	2	6
	217	8	27.250000	71.500000	9.795193e+04	2.185425e-04
	110	70	0.500000	56.000000	9.848004e+04	1.525586e-04
2022	2	14	4	9
	66	3	-10.500000	72.750000	1.001737e+05	6.405067e-05
	218	9	27.500000	71.250000	9.799786e+04	2.848229e-04
	0	52	-27.000000	60.500000	9.804730e+04	1.446291e-04
	120	68	3.000000	56.500000	9.855470e+04	3.925644e-05
2022	2	14	4	12
	7	6	-25.250000	72.000000	1.000256e+05	3.612191e-05
	225	9	29.250000	71.250000	9.802258e+04	2.125992e-04
	0	48	-27.000000	61.500000	9.763677e+04	1.430269e-04
	131	64	5.750000	57.500000	9.852362e+04	1.692226e-04
2022	2	14	4	15
	236	6	32.000000	72.000000	9.800488e+04	9.987109e-05
	246	14	34.500000	70.000000	9.800488e+04	2.246223e-04
	6	45	-25.500000	62.250000	9.726349e+04	2.622045e-04
	135	62	6.750000	58.000000	9.844914e+04	1.683319e-04
2022	2	14	6	18
	237	7	32.250000	71.750000	9.799369e+04	5.710407e-05
	254	13	36.500000	70.250000	9.799369e+04	1.817923e-04
	288	13	45.000000	70.250000	9.898693e+04	8.272473e-05
	1	41	-26.750000	63.250000	9.703719e+04	1.723801e-04
	133	61	6.250000	58.250000	9.860763e+04	1.637749e-04
	132	62	6.000000	58.000000	9.860763e+04	1.668159e-04
2022	2	14	7	21
	250	4	35.500000	72.500000	9.791886e+04	1.358515e-04
	259	12	37.750000	70.500000	9.791886e+04	1.563124e-04
	288	12	45.000000	70.500000	9.868530e+04	3.154976e-05
	0	37	-27.000000	64.250000	9.689555e+04	1.852393e-04
	27	39	-20.250000	63.750000	9.689555e+04	-3.533754e-05
	128	54	5.000000	60.000000	9.868079e+04	4.735470e-05
	141	120	8.250000	43.500000	1.011312e+05	1.283107e-04
2022	2	15	8	0
	243	5	33.750000	72.250000	9.795711e+04	1.319415e-04
	6	7	-25.500000	71.750000	9.962076e+04	5.124501e-05
	264	11	39.000000	70.750000	9.795711e+04	2.012450e-04
	0	37	-27.000000	64.250000	9.735468e+04	9.137033e-05
	125	51	4.250000	60.750000	9.866759e+04	1.300443e-04
	150	53	10.500000	60.250000	9.867094e+04	2.857365e-04
	138	61	7.500000	58.250000	9.866759e+04	2.057745e-04
	146	116	9.500000	44.500000	1.011416e+05	1.414919e-04
2022	2	15	9	3
	6	7	-25.500000	71.750000	9.949649e+04	5.169035e-05
	241	8	33.250000	71.500000	9.800972e+04	2.163337e-04
	269	11	40.250000	70.750000	9.800972e+04	2.426207e-04
	125	51	4.250000	60.750000	9.859661e+04	7.423619e-05
	151	51	10.750000	60.750000	9.861331e+04	2.872094e-04
	142	60	8.500000	58.500000	9.859945e+04	2.014028e-04
	171	103	15.750000	47.750000	1.009569e+05	8.314152e-05
	154	117	11.500000	44.250000	1.010053e+05	6.591629e-05
	148	161	10.000000	33.250000	1.014329e+05	3.946820e-05
2022	2	15	8	6
	275	10	41.750000	71.000000	9.806934e+04	2.027169e-04
	250	13	35.500000	70.250000	9.806934e+04	1.917725e-04
	28	38	-20.000000	64.000000	9.734216e+04	9.182528e-05
	153	49	11.250000	61.250000	9.860496e+04	2.316344e-04
	123	50	3.750000	61.000000	9.852880e+04	1.330180e-04
	148	58	10.000000	59.000000	9.858492e+04	2.154437e-04
	0	86	-27.000000	52.000000	9.900530e+04	1.393402e-04
	158	113	12.500000	45.250000	1.010528e+05	1.207261e-04
2022	2	15	8	9
	278	9	42.500000	71.250000	9.816588e+04	2.175963e-04
	2	10	-26.500000	71.000000	9.877749e+04	-3.929089e-06
	154	47	11.500000	61.750000	9.855787e+04	1.870686e-04
	124	50	4.000000	61.000000	9.845548e+04	1.144497e-04
	152	56	11.000000	59.500000	9.860412e+04	1.866164e-04
	2	83	-26.500000	52.750000	9.864855e+04	1.599544e-04
	160	111	13.000000	45.750000	1.011441e+05	1.117303e-04
	153	158	11.250000	34.000000	1.016953e+05	9.626180e-05
2022	2	15	8	12
	280	8	43.000000	71.500000	9.828913e+04	2.355242e-04
	35	36	-18.250000	64.500000	9.774249e+04	1.163990e-04
	0	38	-27.000000	64.000000	9.755927e+04	-2.160417e-05
	141	42	8.250000	63.000000	9.843511e+04	9.394976e-05
	125	49	4.250000	61.250000	9.843511e+04	1.494389e-04
	14	80	-23.500000	53.500000	9.849023e+04	2.221537e-04
	154	109	11.500000	46.250000	1.011363e+05	3.819719e-05
	156	162	12.000000	33.000000	1.015870e+05	8.232400e-05
2022	2	15	7	15
	280	8	43.000000	71.500000	9.840922e+04	2.252852e-04
	0	37	-27.000000	64.250000	9.750884e+04	-3.258000e-05
	142	38	8.500000	64.000000	9.834275e+04	2.039301e-04
	143	38	8.750000	64.000000	9.834275e+04	2.041818e-04
	126	47	4.500000	61.750000	9.834275e+04	1.902675e-04
	31	77	-19.250000	54.250000	9.827511e+04	2.264759e-04
	162	162	13.500000	33.000000	1.014578e+05	-5.509309e-05
2022	2	15	5	18
	283	8	43.750000	71.500000	9.856188e+04	2.416610e-04
	0	38	-27.000000	64.000000	9.743785e+04	-1.586483e-05
	138	38	7.500000	64.000000	9.825022e+04	2.174506e-04
	41	76	-16.750000	54.500000	9.820245e+04	2.289300e-04
	163	162	13.750000	33.000000	1.014867e+05	-1.215454e-05
2022	2	15	5	21
	288	8	45.000000	71.500000	9.868780e+04	1.317657e-04
	137	37	7.250000	64.250000	9.816671e+04	2.364481e-04
	0	39	-27.000000	63.750000	9.745856e+04	2.206756e-05
	51	76	-14.250000	54.500000	9.831085e+04	2.137455e-04
	167	162	14.750000	33.000000	1.016004e+05	-6.671933e-06
2022	2	16	4	0
	288	7	45.000000	71.750000	9.879370e+04	1.214874e-04
	135	37	6.750000	64.250000	9.807670e+04	2.201738e-04
	125	48	4.250000	61.500000	9.807670e+04	2.503038e-05
	68	75	-10.000000	54.750000	9.837966e+04	1.922256e-04
2022	2	16	6	3
	288	6	45.000000	72.000000	9.885949e+04	1.129192e-04
	133	36	6.250000	64.500000	9.798834e+04	2.212192e-04
	149	59	10.250000	58.750000	9.820680e+04	2.104109e-04
	2	71	-26.500000	55.750000	9.735719e+04	1.751291e-04
	86	77	-5.500000	54.250000	9.853080e+04	1.509324e-04
	279	121	42.750000	43.250000	1.021671e+05	-2.420641e-06
2022	2	16	9	6
	286	6	44.500000	72.000000	9.892262e+04	1.240621e-04
	287	6	44.750000	72.000000	9.892262e+04	1.043678e-04
	131	35	5.750000	64.750000	9.789932e+04	2.332290e-04
	144	41	9.000000	63.250000	9.789932e+04	-4.278913e-05
	153	57	11.250000	59.250000	9.812345e+04	2.380104e-04
	12	66	-24.000000	57.000000	9.680537e+04	3.130499e-04
	109	80	0.250000	53.500000	9.862501e+04	1.430972e-04
	137	116	7.250000	44.500000	1.012393e+05	7.702181e-05
	280	121	43.000000	43.250000	1.022987e+05	1.305523e-05
2022	2	16	8	9
	282	6	43.500000	72.000000	9.893281e+04	1.620230e-04
	127	35	4.750000	64.750000	9.783752e+04	2.254372e-04
	145	42	9.250000	63.000000	9.783752e+04	-4.435408e-05
	158	55	12.500000	59.750000	9.806951e+04	2.411184e-04
	17	65	-22.750000	57.250000	9.637162e+04	4.922792e-04
	124	81	4.000000	53.250000	9.866927e+04	1.234272e-04
	137	116	7.250000	44.500000	1.010586e+05	8.916392e-05
	179	139	17.750000	38.750000	1.014654e+05	1.198279e-04
2022	2	16	7	12
	285	6	44.250000	72.000000	9.895970e+04	1.560592e-04
	124	36	4.000000	64.500000	9.778091e+04	2.125973e-04
	145	42	9.250000	63.000000	9.778091e+04	-5.919861e-05
	163	53	13.750000	60.250000	9.805214e+04	1.731455e-04
	28	64	-20.000000	57.500000	9.622966e+04	3.440397e-04
	138	117	7.500000	44.250000	1.011012e+05	1.094388e-04
	180	141	18.000000	38.250000	1.012682e+05	1.301447e-04
2022	2	16	7	15
	284	4	44.000000	72.500000	9.892580e+04	1.822011e-04
	122	37	3.500000	64.250000	9.766767e+04	1.787910e-04
	147	45	9.750000	62.250000	9.769973e+04	-3.281896e-05
	169	52	15.250000	60.500000	9.799752e+04	1.643838e-04
	42	63	-16.500000	57.750000	9.616887e+04	2.805582e-04
	182	140	18.500000	38.500000	1.010903e+05	1.668848e-04
	269	162	40.250000	33.000000	1.015682e+05	2.430087e-05
2022	2	16	8	18
	281	3	43.250000	72.750000	9.885198e+04	2.118686e-04
	122	37	3.500000	64.250000	9.753222e+04	1.799860e-04
	174	51	16.500000	60.750000	9.791369e+04	1.165233e-04
	175	51	16.750000	60.750000	9.791369e+04	1.162661e-04
	55	62	-13.250000	58.000000	9.612094e+04	3.356043e-04
	148	108	10.000000	46.500000	1.001358e+05	-5.608626e-05
	183	139	18.750000	38.750000	1.010497e+05	1.812898e-04
	286	152	44.500000	35.500000	1.015637e+05	-1.713939e-06
2022	2	16	8	21
	278	2	42.500000	73.000000	9.881407e+04	1.900976e-04
	278	3	42.500000	72.750000	9.881407e+04	1.930290e-04
	120	37	3.000000	64.250000	9.742834e+04	1.803719e-04
	181	48	18.250000	61.500000	9.779059e+04	1.130149e-04
	47	57	-15.250000	59.250000	9.619960e+04	3.137051e-04
	65	60	-10.750000	58.500000	9.619960e+04	3.107289e-04
	183	138	18.750000	39.000000	1.010963e+05	1.578829e-04
	286	152	44.500000	35.500000	1.015394e+05	8.643125e-06
2022	2	17	9	0
	275	2	41.750000	73.000000	9.879536e+04	1.711176e-04
	118	38	2.500000	64.000000	9.733548e+04	1.521784e-04
	184	46	19.000000	62.000000	9.765748e+04	1.255376e-04
	75	60	-8.250000	58.500000	9.636377e+04	3.158009e-04
	150	109	10.500000	46.250000	1.000882e+05	2.737204e-05
	138	117	7.500000	44.250000	1.007426e+05	9.419845e-05
	280	121	43.000000	43.250000	1.017836e+05	-3.176978e-05
	183	137	18.750000	39.250000	1.010706e+05	1.001340e-04
	286	152	44.500000	35.500000	1.014805e+05	2.661541e-05
2022	2	17	8	3
	275	2	41.750000	73.000000	9.876898e+04	1.822386e-04
	116	39	2.000000	63.750000	9.721990e+04	1.607765e-04
	184	45	19.000000	62.250000	9.747844e+04	6.945246e-05
	85	59	-5.750000	58.750000	9.659793e+04	2.763784e-04
	150	109	10.500000	46.250000	9.996464e+04	2.876584e-05
	181	137	18.250000	39.250000	1.010561e+05	7.786692e-05
	274	149	41.500000	36.250000	1.014907e+05	7.336887e-06
	286	152	44.500000	35.500000	1.014907e+05	1.702631e-05
2022	2	17	5	6
	272	2	41.000000	73.000000	9.874693e+04	1.736678e-04
	116	39	2.000000	63.750000	9.720688e+04	1.455473e-04
	187	42	19.750000	63.000000	9.737706e+04	1.137547e-04
	99	60	-2.250000	58.500000	9.681071e+04	2.410793e-04
	274	149	41.500000	36.250000	1.015937e+05	7.309449e-06
2022	2	17	7	9
	269	2	40.250000	73.000000	9.880088e+04	1.627473e-04
	115	41	1.750000	63.250000	9.731443e+04	1.431028e-04
	187	42	19.750000	63.000000	9.732930e+04	1.284831e-04
	106	60	-0.500000	58.500000	9.699226e+04	2.262497e-04
	174	75	16.500000	54.750000	9.725147e+04	2.335267e-04
	138	117	7.500000	44.250000	1.007319e+05	7.374709e-05
	287	152	44.750000	35.500000	1.015140e+05	-2.670435e-05
2022	2	17	7	12
	269	2	40.250000	73.000000	9.885181e+04	1.435093e-04
	9	6	-24.750000	72.000000	1.004931e+05	-5.597816e-05
	115	42	1.750000	63.000000	9.743435e+04	1.669835e-04
	187	42	19.750000	63.000000	9.732896e+04	1.357593e-04
	116	61	2.000000	58.250000	9.719969e+04	1.583852e-04
	184	74	19.000000	55.000000	9.717497e+04	2.252025e-04
	13	118	-23.750000	44.000000	1.011306e+05	1.365600e-04
2022	2	17	7	15
	266	2	39.500000	73.000000	9.886985e+04	1.248620e-04
	117	43	2.250000	62.750000	9.760120e+04	1.777370e-04
	224	52	29.000000	60.500000	9.730191e+04	1.191634e-04
	127	60	4.750000	58.500000	9.748729e+04	9.217809e-05
	192	74	21.000000	55.000000	9.724645e+04	2.545662e-04
	24	111	-21.000000	45.750000	1.005467e+05	2.106226e-04
	13	120	-23.750000	43.500000	1.005467e+05	4.864726e-05
2022	2	17	4	18
	227	47	29.750000	61.750000	9.724529e+04	1.254810e-04
	200	75	23.000000	54.750000	9.734666e+04	2.828448e-04
	219	75	27.750000	54.750000	9.734666e+04	1.826949e-04
	33	106	-18.750000	47.000000	1.001712e+05	2.847206e-04
2022	2	17	5	21
	134	33	6.500000	65.250000	9.785923e+04	8.058490e-05
	228	43	30.000000	62.750000	9.722123e+04	9.359867e-05
	225	72	29.250000	55.500000	9.727568e+04	1.879306e-04
	210	75	25.500000	54.750000	9.727568e+04	2.365994e-04
	39	103	-17.250000	47.750000	9.990852e+04	2.832283e-04
2022	2	18	5	0
	134	33	6.500000	65.250000	9.789414e+04	7.871610e-05
	228	41	30.000000	63.250000	9.718082e+04	8.792118e-05
	231	69	30.750000	56.250000	9.720253e+04	2.051906e-04
	46	100	-15.500000	48.500000	9.957366e+04	3.323731e-04
	153	110	11.250000	46.000000	1.009606e+05	9.564963e-05
2022	2	18	5	3
	136	34	7.000000	65.000000	9.795143e+04	8.938841e-05
	229	38	30.250000	64.000000	9.716645e+04	1.054965e-04
	237	65	32.250000	57.250000	9.721823e+04	1.936614e-04
	54	98	-13.500000	49.000000	9.926534e+04	3.800871e-04
	148	111	10.000000	45.750000	1.009748e+05	9.849860e-05
2022	2	18	5	6
	136	33	7.000000	65.250000	9.797866e+04	7.873205e-05
	230	36	30.500000	64.500000	9.719368e+04	1.134331e-04
	239	62	32.750000	58.000000	9.738775e+04	2.204547e-04
	64	96	-11.000000	49.500000	9.895536e+04	4.167513e-04
	156	109	12.000000	46.250000	1.010277e+05	2.877041e-05
2022	2	18	4	9
	6	7	-25.500000	71.750000	1.002726e+05	-2.356662e-05
	122	33	3.500000	65.250000	9.803711e+04	1.191530e-04
	232	33	31.000000	65.250000	9.724362e+04	1.117725e-04
	74	94	-8.500000	50.000000	9.862801e+04	4.696440e-04
2022	2	18	4	12
	6	7	-25.500000	71.750000	1.002601e+05	-3.352459e-05
	234	31	31.500000	65.750000	9.733548e+04	1.057299e-04
	122	35	3.500000	64.750000	9.802792e+04	1.786647e-04
	88	89	-5.000000	51.250000	9.839202e+04	4.314002e-04
2022	2	18	5	15
	6	7	-25.500000	71.750000	1.002267e+05	-2.906228e-05
	234	28	31.500000	66.500000	9.741648e+04	1.255325e-04
	127	37	4.750000	64.250000	9.798484e+04	1.924898e-04
	0	57	-27.000000	59.250000	9.823385e+04	1.158549e-04
	103	87	-1.250000	51.750000	9.813080e+04	3.891520e-04
2022	2	18	5	18
	6	7	-25.500000	71.750000	1.002065e+05	-2.390227e-05
	232	27	31.000000	66.750000	9.749364e+04	1.033676e-04
	131	37	5.750000	64.250000	9.797948e+04	1.850170e-04
	0	53	-27.000000	60.250000	9.800120e+04	1.181099e-04
	117	83	2.250000	52.750000	9.791152e+04	3.557971e-04
2022	2	18	7	21
	6	7	-25.500000	71.750000	1.002325e+05	-2.124804e-05
	231	25	30.750000	67.250000	9.753556e+04	1.186003e-04
	122	34	3.500000	65.000000	9.794441e+04	1.373498e-04
	138	39	7.500000	63.750000	9.794441e+04	1.658750e-04
	0	50	-27.000000	61.000000	9.787911e+04	1.061923e-04
	17	54	-22.750000	60.000000	9.787911e+04	1.596458e-04
	133	83	6.250000	52.750000	9.796730e+04	3.044525e-04
2022	2	19	7	0
	6	7	-25.500000	71.750000	1.002449e+05	-2.719837e-05
	228	23	30.000000	67.750000	9.753523e+04	1.354592e-04
	142	38	8.500000	64.000000	9.798116e+04	1.572090e-04
	0	48	-27.000000	61.500000	9.788529e+04	1.182065e-04
	19	52	-22.250000	60.500000	9.788529e+04	1.433923e-04
	155	80	11.750000	53.500000	9.795093e+04	2.853890e-04
	110	136	0.500000	39.500000	1.013846e+05	9.236542e-05
2022	2	19	7	3
	221	23	28.250000	67.750000	9.750299e+04	1.568293e-04
	145	37	9.250000	64.250000	9.805531e+04	1.275661e-04
	0	47	-27.000000	61.750000	9.784120e+04	1.518951e-04
	17	49	-22.750000	61.250000	9.784120e+04	1.414445e-04
	172	79	16.000000	53.750000	9.799302e+04	2.715163e-04
	138	118	7.500000	44.000000	1.008116e+05	1.404853e-04
	111	137	0.750000	39.250000	1.013863e+05	9.606935e-05
2022	2	19	7	6
	219	23	27.750000	67.750000	9.751352e+04	1.544707e-04
	248	24	35.000000	67.500000	9.751352e+04	-6.403885e-05
	0	45	-27.000000	62.250000	9.779393e+04	9.848661e-05
	188	79	20.000000	53.750000	9.807920e+04	2.166918e-04
	137	120	7.250000	43.500000	1.008380e+05	1.295890e-04
	286	140	44.500000	38.500000	1.016052e+05	3.406633e-05
	262	155	38.500000	34.750000	1.012938e+05	5.561052e-06
2022	2	19	8	9
	217	23	27.250000	67.750000	9.753606e+04	1.752801e-04
	218	23	27.500000	67.750000	9.753606e+04	1.686007e-04
	247	23	34.750000	67.750000	9.753606e+04	-5.617160e-05
	203	78	23.750000	54.000000	9.824855e+04	2.159322e-04
	150	110	10.500000	46.000000	1.010290e+05	6.678289e-05
	138	118	7.500000	44.000000	1.010290e+05	1.313838e-04
	283	136	43.750000	39.500000	1.015120e+05	2.586391e-05
	268	162	40.000000	33.000000	1.012026e+05	3.250212e-05
2022	2	19	5	12
	216	78	27.000000	54.000000	9.836964e+04	1.985061e-04
	143	119	8.750000	43.750000	1.011109e+05	8.467092e-05
	286	138	44.500000	39.000000	1.013293e+05	3.731493e-05
	268	153	40.000000	35.250000	1.010583e+05	1.146540e-04
	268	162	40.000000	33.000000	1.010583e+05	3.689867e-05
2022	2	19	5	15
	226	14	29.500000	70.000000	9.756812e+04	1.730913e-04
	0	61	-27.000000	58.250000	9.707459e+04	8.704897e-05
	227	78	29.750000	54.000000	9.852864e+04	1.792576e-04
	144	120	9.000000	43.500000	1.011137e+05	1.100562e-04
	270	162	40.500000	33.000000	1.012477e+05	6.481465e-05
2022	2	19	7	18
	265	9	39.250000	71.250000	9.746191e+04	1.248009e-04
	237	14	32.250000	70.000000	9.746191e+04	9.027421e-05
	0	58	-27.000000	59.000000	9.618573e+04	1.016416e-04
	238	77	32.500000	54.250000	9.868112e+04	1.383286e-04
	145	120	9.250000	43.500000	1.012943e+05	1.307108e-04
	94	147	-3.500000	36.750000	1.019677e+05	6.168350e-05
	269	162	40.250000	33.000000	1.015189e+05	1.021266e-04
2022	2	19	6	21
	266	7	39.500000	71.750000	9.739794e+04	1.984425e-04
	234	15	31.500000	69.750000	9.741080e+04	6.364070e-05
	8	55	-25.000000	59.750000	9.568118e+04	4.430083e-04
	252	75	36.000000	54.750000	9.868747e+04	1.534150e-04
	161	121	13.250000	43.250000	1.013636e+05	9.452404e-06
	151	125	10.750000	42.250000	1.013636e+05	7.917787e-05
2022	2	20	6	0
	264	6	39.000000	72.000000	9.734950e+04	2.314430e-04
	265	6	39.250000	72.000000	9.734950e+04	2.243454e-04
	14	52	-23.500000	60.500000	9.537203e+04	3.650002e-04
	260	74	38.000000	55.000000	9.867110e+04	1.451669e-04
	165	124	14.250000	42.500000	1.014040e+05	-1.150213e-05
	152	126	11.000000	42.000000	1.014040e+05	8.574114e-05
