2022	2	14	6	0
	2	6	-26.500000	72.000000	9.973716e+04	-8.033673e-06
	216	9	27.000000	71.250000	9.836897e+04	1.080981e-04
	1	17	-26.750000	69.250000	9.973716e+04	1.546109e-05
	219	23	27.750000	67.750000	9.840822e+04	1.316183e-04
	114	62	1.500000	58.000000	9.843895e+04	7.899832e-05
	105	71	-0.750000	55.750000	9.843895e+04	1.062053e-04
2022	2	14	5	3
	58	5	-12.500000	72.250000	1.000949e+05	9.380568e-05
	210	9	25.500000	71.250000	9.810993e+04	2.059305e-04
	226	22	29.500000	68.000000	9.824688e+04	1.124650e-04
	119	61	2.750000	58.250000	9.841506e+04	1.084529e-04
	108	71	0.000000	55.750000	9.841506e+04	1.099573e-04
2022	2	14	4	6
	65	3	-10.750000	72.750000	1.000705e+05	1.263310e-04
	220	8	28.000000	71.500000	9.798851e+04	2.141799e-04
	121	64	3.250000	57.500000	9.843144e+04	6.755355e-05
	111	70	0.750000	56.000000	9.843144e+04	9.674791e-05
2022	2	14	5	9
	68	2	-10.000000	73.000000	1.001350e+05	9.182871e-05
	218	9	27.500000	71.250000	9.802993e+04	3.231488e-04
	0	51	-27.000000	60.750000	9.797732e+04	1.148731e-04
	0	52	-27.000000	60.500000	9.797732e+04	1.135570e-04
	114	69	1.500000	56.250000	9.849841e+04	1.122527e-04
2022	2	14	4	12
	74	0	-8.500000	73.500000	1.001161e+05	5.260600e-05
	236	6	32.000000	72.000000	9.807419e+04	1.607572e-04
	0	48	-27.000000	61.500000	9.755460e+04	1.254724e-04
	126	65	4.500000	57.250000	9.843277e+04	1.268469e-04
2022	2	14	3	15
	236	6	32.000000	72.000000	9.812763e+04	1.381902e-04
	0	44	-27.000000	62.500000	9.718115e+04	1.371487e-04
	131	62	5.750000	58.000000	9.832438e+04	1.859196e-04
2022	2	14	4	18
	237	6	32.250000	72.000000	9.818742e+04	7.794704e-05
	252	13	36.000000	70.250000	9.818742e+04	1.344233e-04
	0	40	-27.000000	63.500000	9.703017e+04	1.255022e-04
	131	60	5.750000	58.500000	9.839570e+04	2.467936e-04
2022	2	14	6	21
	253	4	36.250000	72.500000	9.816855e+04	1.346689e-04
	257	12	37.250000	70.500000	9.816855e+04	1.503391e-04
	0	39	-27.000000	63.750000	9.726683e+04	8.116379e-05
	27	39	-20.250000	63.750000	9.726683e+04	7.956957e-06
	132	58	6.000000	59.000000	9.839636e+04	2.239796e-04
	138	120	7.500000	43.500000	1.010843e+05	1.320967e-04
2022	2	15	8	0
	248	4	35.000000	72.500000	9.818542e+04	8.978770e-05
	6	7	-25.500000	71.750000	9.959637e+04	5.466532e-05
	263	11	38.750000	70.750000	9.818542e+04	1.420394e-04
	0	37	-27.000000	64.250000	9.726716e+04	1.141388e-04
	28	38	-20.000000	64.000000	9.726917e+04	-1.228315e-05
	150	53	10.500000	60.250000	9.844396e+04	1.852060e-04
	134	57	6.500000	59.250000	9.844396e+04	1.826091e-04
	146	116	9.500000	44.500000	1.010209e+05	1.533657e-04
2022	2	15	9	3
	242	6	33.500000	72.000000	9.823686e+04	2.035275e-04
	243	6	33.750000	72.000000	9.823686e+04	1.873980e-04
	244	6	34.000000	72.000000	9.823686e+04	1.682683e-04
	269	11	40.250000	70.750000	9.823686e+04	1.832087e-04
	0	35	-27.000000	64.750000	9.729906e+04	9.113812e-05
	23	35	-21.250000	64.750000	9.729906e+04	1.130383e-05
	150	52	10.500000	60.500000	9.852964e+04	1.272981e-04
	128	54	5.000000	60.000000	9.852964e+04	4.382605e-05
	154	115	11.500000	44.750000	1.009667e+05	1.146648e-04
2022	2	15	8	6
	244	9	34.000000	71.250000	9.834959e+04	2.126910e-04
	273	10	41.250000	71.000000	9.834959e+04	1.498220e-04
	274	10	41.500000	71.000000	9.834959e+04	1.462509e-04
	0	34	-27.000000	65.000000	9.732545e+04	2.981002e-05
	25	34	-20.750000	65.000000	9.732545e+04	3.737322e-05
	138	54	7.500000	60.000000	9.856922e+04	4.505306e-05
	0	85	-27.000000	52.250000	9.884179e+04	1.160019e-04
	158	113	12.500000	45.250000	1.009885e+05	1.023748e-04
2022	2	15	7	9
	279	9	42.750000	71.250000	9.845883e+04	1.929893e-04
	0	32	-27.000000	65.500000	9.740095e+04	6.734297e-06
	36	41	-18.000000	63.250000	9.764913e+04	2.034856e-04
	125	49	4.250000	61.250000	9.858442e+04	1.409032e-04
	149	56	10.250000	59.500000	9.864521e+04	1.640940e-04
	9	82	-24.750000	53.000000	9.858008e+04	2.119807e-04
	157	111	12.250000	45.750000	1.010633e+05	7.974549e-05
2022	2	15	5	12
	280	8	43.000000	71.500000	9.855202e+04	2.229622e-04
	0	35	-27.000000	64.750000	9.748980e+04	-5.434206e-05
	24	35	-21.000000	64.750000	9.748980e+04	1.255966e-04
	125	48	4.250000	61.500000	9.856271e+04	1.460875e-04
	20	79	-22.000000	53.750000	9.841958e+04	2.290637e-04
2022	2	15	6	15
	280	9	43.000000	71.250000	9.863502e+04	2.442918e-04
	0	34	-27.000000	65.000000	9.747343e+04	-3.216919e-05
	136	40	7.000000	63.500000	9.852145e+04	1.074418e-04
	126	47	4.500000	61.750000	9.852145e+04	1.548156e-04
	32	77	-19.000000	54.250000	9.815435e+04	2.576420e-04
	164	162	14.000000	33.000000	1.016822e+05	-5.000813e-06
2022	2	15	5	18
	286	10	44.500000	71.000000	9.875845e+04	1.584424e-04
	38	35	-17.500000	64.750000	9.779727e+04	2.094659e-04
	132	39	6.000000	63.750000	9.845732e+04	2.485204e-04
	123	64	3.750000	57.500000	9.849490e+04	1.665206e-04
	44	75	-16.000000	54.750000	9.802792e+04	2.459762e-04
2022	2	15	3	21
	128	39	5.000000	63.750000	9.837648e+04	2.353678e-04
	126	63	4.500000	57.750000	9.840471e+04	1.817785e-04
	55	74	-13.250000	55.000000	9.805214e+04	2.906212e-04
2022	2	16	4	0
	123	39	3.750000	63.750000	9.832755e+04	2.045271e-04
	132	64	6.000000	57.500000	9.843611e+04	2.072083e-04
	0	71	-27.000000	55.750000	9.742182e+04	9.805363e-05
	65	74	-10.750000	55.000000	9.826191e+04	2.436509e-04
2022	2	16	6	3
	288	7	45.000000	71.750000	9.905173e+04	1.016046e-04
	123	40	3.750000	63.500000	9.822550e+04	2.012479e-04
	140	64	8.000000	57.500000	9.841590e+04	1.785273e-04
	140	65	8.000000	57.250000	9.841590e+04	1.845730e-04
	6	67	-25.500000	56.750000	9.695819e+04	2.496502e-04
	74	74	-8.500000	55.000000	9.847520e+04	2.157234e-04
2022	2	16	3	6
	123	40	3.750000	63.500000	9.818642e+04	1.866734e-04
	15	62	-23.250000	58.000000	9.646799e+04	3.117604e-04
	145	64	9.250000	57.500000	9.840905e+04	1.877874e-04
2022	2	16	5	9
	123	40	3.750000	63.500000	9.819995e+04	1.770870e-04
	21	60	-21.750000	58.500000	9.619859e+04	4.033858e-04
	155	64	11.750000	57.500000	9.835928e+04	1.691813e-04
	120	83	3.000000	52.750000	9.891829e+04	1.382729e-04
	138	117	7.500000	44.250000	1.009492e+05	1.564548e-04
2022	2	16	5	12
	122	39	3.500000	63.750000	9.817105e+04	1.952988e-04
	31	60	-19.250000	58.500000	9.602456e+04	3.234348e-04
	163	63	13.750000	57.750000	9.836112e+04	1.390005e-04
	143	88	8.750000	51.500000	9.903102e+04	1.575407e-04
	138	118	7.500000	44.000000	1.010564e+05	1.569995e-04
2022	2	16	8	15
	288	5	45.000000	72.250000	9.910251e+04	1.106739e-04
	120	39	3.000000	63.750000	9.802007e+04	1.615085e-04
	33	53	-18.750000	60.250000	9.594206e+04	2.686750e-04
	44	59	-16.000000	58.750000	9.594206e+04	3.063582e-04
	171	61	15.750000	58.250000	9.827595e+04	1.361562e-04
	172	61	16.000000	58.250000	9.827595e+04	1.412073e-04
	158	89	12.500000	51.250000	9.909566e+04	1.498081e-04
	280	121	43.000000	43.250000	1.018120e+05	-9.232257e-06
2022	2	16	8	18
	284	4	44.000000	72.500000	9.907745e+04	1.923597e-04
	33	53	-18.750000	60.250000	9.600469e+04	3.914029e-04
	178	56	17.500000	59.500000	9.818174e+04	1.430598e-04
	54	57	-13.500000	59.250000	9.600469e+04	3.398731e-04
	137	113	7.250000	45.250000	1.007419e+05	-2.834961e-05
	280	121	43.000000	43.250000	1.017537e+05	-1.884866e-05
	277	150	42.250000	36.000000	1.015638e+05	2.728842e-05
	273	161	41.250000	33.250000	1.015810e+05	-6.134149e-06
2022	2	16	4	21
	283	4	43.750000	72.500000	9.907478e+04	1.775008e-04
	180	55	18.000000	59.750000	9.805064e+04	1.124593e-04
	63	56	-11.250000	59.500000	9.621880e+04	3.139437e-04
	280	121	43.000000	43.250000	1.016452e+05	-1.279970e-05
2022	2	17	8	0
	281	4	43.250000	72.500000	9.910969e+04	1.907020e-04
	181	53	18.250000	60.250000	9.794024e+04	1.140891e-04
	49	54	-14.750000	60.000000	9.639417e+04	3.071046e-04
	71	56	-9.250000	59.500000	9.639417e+04	3.227272e-04
	72	56	-9.000000	59.500000	9.639417e+04	3.168356e-04
	109	59	0.250000	58.750000	9.671935e+04	2.514620e-04
	6	85	-25.500000	52.250000	1.000338e+05	1.813154e-04
	280	121	43.000000	43.250000	1.015059e+05	-3.534191e-06
2022	2	17	4	3
	281	5	43.250000	72.250000	9.913758e+04	1.801362e-04
	79	56	-7.250000	59.500000	9.653647e+04	3.303100e-04
	118	59	2.500000	58.750000	9.674991e+04	2.549986e-04
	280	121	43.000000	43.250000	1.013176e+05	-1.059162e-05
2022	2	17	5	6
	282	5	43.500000	72.250000	9.920088e+04	1.458017e-04
	87	56	-5.250000	59.500000	9.662849e+04	3.304215e-04
	124	59	4.000000	58.750000	9.687752e+04	2.960504e-04
	281	121	43.250000	43.250000	1.012366e+05	1.453361e-07
	2	124	-26.500000	42.500000	1.014618e+05	6.904116e-05
2022	2	17	6	9
	281	4	43.250000	72.500000	9.930693e+04	1.097204e-04
	95	56	-3.250000	59.500000	9.681438e+04	3.000480e-04
	128	59	5.000000	58.750000	9.706474e+04	2.362760e-04
	173	71	16.250000	55.750000	9.716245e+04	2.397670e-04
	8	121	-25.000000	43.250000	1.012600e+05	1.588957e-04
	281	121	43.250000	43.250000	1.010845e+05	-1.459118e-06
2022	2	17	7	12
	283	4	43.750000	72.500000	9.941316e+04	1.237119e-04
	284	4	44.000000	72.500000	9.941316e+04	1.227435e-04
	104	57	-1.000000	59.250000	9.704620e+04	3.462459e-04
	131	58	5.750000	59.000000	9.709981e+04	1.723324e-04
	182	71	18.500000	55.750000	9.706107e+04	2.786618e-04
	19	115	-22.250000	44.750000	1.010691e+05	1.866186e-04
	147	134	9.750000	40.000000	1.011179e+05	1.078022e-05
2022	2	17	3	15
	115	58	1.750000	59.000000	9.723894e+04	2.582205e-04
	188	71	20.000000	55.750000	9.705255e+04	3.103292e-04
	29	111	-19.750000	45.750000	1.007992e+05	1.670651e-04
2022	2	17	4	18
	224	38	29.000000	64.000000	9.755961e+04	1.720479e-04
	125	60	4.250000	58.500000	9.752253e+04	2.514753e-04
	194	72	21.500000	55.500000	9.732362e+04	2.798204e-04
	47	105	-15.250000	47.250000	1.007398e+05	1.546900e-04
2022	2	17	6	21
	224	35	29.000000	64.750000	9.753489e+04	1.907660e-04
	197	36	22.250000	64.500000	9.753489e+04	1.432211e-04
	136	62	7.000000	58.000000	9.780429e+04	2.122225e-04
	37	65	-17.750000	57.250000	9.945741e+04	2.011311e-04
	205	72	24.250000	55.500000	9.750734e+04	2.052808e-04
	59	102	-12.250000	48.000000	1.007515e+05	1.452242e-04
2022	2	18	7	0
	225	32	29.250000	65.500000	9.755927e+04	1.516610e-04
	147	36	9.750000	64.500000	9.802124e+04	9.890450e-05
	198	37	22.500000	64.250000	9.756862e+04	1.399816e-04
	150	63	10.500000	57.750000	9.801089e+04	1.955932e-04
	42	64	-16.500000	57.500000	9.922727e+04	2.164136e-04
	215	72	26.750000	55.500000	9.766032e+04	1.036959e-04
	60	103	-12.000000	47.750000	1.006188e+05	1.553577e-04
2022	2	18	5	3
	227	30	29.750000	66.000000	9.757514e+04	1.261989e-04
	149	35	10.250000	64.750000	9.810993e+04	8.653137e-05
	47	65	-15.250000	57.250000	9.913724e+04	2.715571e-04
	227	67	29.750000	56.750000	9.778709e+04	8.407244e-05
	90	93	-4.500000	50.250000	1.003745e+05	1.312109e-04
2022	2	18	4	6
	228	27	30.000000	66.750000	9.768621e+04	1.110293e-04
	230	63	30.500000	57.750000	9.796262e+04	1.078735e-04
	55	66	-13.250000	57.000000	9.899411e+04	2.345291e-04
	106	90	-0.500000	51.000000	1.001803e+05	1.320457e-04
2022	2	18	2	9
	229	23	30.250000	67.750000	9.778892e+04	1.098035e-04
	234	58	31.500000	59.000000	9.810024e+04	1.189198e-04
2022	2	18	4	12
	228	20	30.000000	68.500000	9.786441e+04	1.268686e-04
	31	44	-19.250000	62.500000	9.956012e+04	1.084883e-04
	237	53	32.250000	60.250000	9.818826e+04	1.170725e-04
	238	53	32.500000	60.250000	9.818826e+04	1.108575e-04
2022	2	18	4	15
	210	17	25.500000	69.250000	9.794541e+04	6.042084e-05
	29	42	-19.750000	63.000000	9.928589e+04	1.139177e-04
	151	86	10.750000	52.000000	9.965733e+04	8.443950e-05
	277	118	42.250000	44.000000	1.000869e+05	-1.251565e-05
2022	2	18	3	18
	226	11	29.500000	70.750000	9.798734e+04	8.105389e-05
	208	18	25.000000	69.000000	9.798734e+04	6.190473e-05
	279	119	42.750000	43.750000	1.003342e+05	8.128336e-06
2022	2	18	3	21
	6	7	-25.500000	71.750000	1.002953e+05	-1.135731e-05
	265	148	39.250000	36.500000	1.005988e+05	9.885703e-05
	248	149	35.000000	36.250000	1.004707e+05	1.327648e-04
2022	2	19	2	0
	6	7	-25.500000	71.750000	1.002182e+05	-2.750372e-05
	249	152	35.250000	35.500000	1.002908e+05	1.568357e-04
2022	2	19	7	3
	6	7	-25.500000	71.750000	1.001930e+05	-8.598860e-06
	152	22	11.000000	68.000000	9.804245e+04	1.421420e-04
	153	22	11.250000	68.000000	9.804245e+04	1.310049e-04
	25	46	-20.750000	62.000000	9.768671e+04	2.383857e-04
	152	106	11.000000	47.000000	1.007311e+05	-5.245236e-05
	250	154	35.500000	35.000000	1.001874e+05	1.677382e-04
	285	162	44.250000	33.000000	1.003516e+05	4.426551e-05
2022	2	19	9	6
	6	7	-25.500000	71.750000	9.998402e+04	-6.169363e-06
	237	10	32.250000	71.000000	9.809657e+04	9.286588e-05
	151	24	10.750000	67.500000	9.807068e+04	1.942244e-04
	22	42	-21.500000	63.000000	9.757665e+04	1.770847e-04
	151	107	10.750000	46.750000	1.009198e+05	-1.640533e-05
	137	112	7.250000	45.500000	1.009198e+05	1.581456e-05
	268	155	40.000000	34.750000	1.004283e+05	5.150908e-05
	249	157	35.250000	34.250000	1.003424e+05	1.720623e-04
	130	162	5.500000	33.000000	1.013277e+05	9.137194e-05
2022	2	19	9	9
	6	7	-25.500000	71.750000	9.987579e+04	-1.988410e-05
	237	10	32.250000	71.000000	9.813180e+04	6.359252e-05
	153	26	11.250000	67.000000	9.813932e+04	1.824293e-04
	41	44	-16.750000	62.500000	9.770842e+04	2.428974e-04
	136	115	7.000000	44.750000	1.010628e+05	5.002444e-05
	285	149	44.250000	36.250000	1.001499e+05	-3.819287e-05
	262	155	38.500000	34.750000	1.004289e+05	1.780283e-05
	253	161	36.250000	33.250000	1.004861e+05	1.541157e-04
	133	162	6.250000	33.000000	1.013986e+05	8.395773e-05
2022	2	19	6	12
	6	7	-25.500000	71.750000	9.980013e+04	-1.007555e-05
	236	9	32.000000	71.250000	9.813448e+04	8.138178e-05
	154	28	11.500000	66.500000	9.829732e+04	2.042153e-04
	35	42	-18.250000	63.000000	9.744537e+04	2.401408e-04
	0	60	-27.000000	58.500000	9.647300e+04	1.057633e-04
	54	151	-13.500000	35.750000	1.017733e+05	1.329446e-04
2022	2	19	8	15
	6	7	-25.500000	71.750000	9.964497e+04	-4.130080e-06
	236	11	32.000000	70.750000	9.815185e+04	3.926152e-05
	1	58	-26.750000	59.000000	9.577688e+04	1.883314e-04
	155	108	11.750000	46.500000	1.008537e+05	2.576034e-05
	134	119	6.500000	43.750000	1.009340e+05	1.217348e-04
	277	145	42.250000	37.250000	1.005405e+05	1.558687e-05
	52	156	-14.000000	34.500000	1.016041e+05	1.166369e-04
	267	162	39.750000	33.000000	1.006745e+05	4.940085e-05
2022	2	19	7	18
	236	11	32.000000	70.750000	9.819244e+04	2.087506e-05
	7	53	-25.250000	60.250000	9.518898e+04	3.918192e-04
	133	121	6.250000	43.250000	1.010239e+05	1.291620e-04
	148	127	10.000000	41.750000	1.010322e+05	-1.500854e-05
	276	146	42.000000	37.000000	1.008914e+05	2.739498e-05
	285	155	44.250000	34.750000	1.008914e+05	1.174447e-04
	52	157	-14.000000	34.250000	1.016138e+05	1.420482e-04
2022	2	19	8	21
	13	51	-23.750000	60.750000	9.473888e+04	4.831358e-04
	281	153	43.250000	35.250000	1.011373e+05	7.574537e-05
	282	153	43.500000	35.250000	1.011373e+05	7.566171e-05
	50	157	-14.500000	34.250000	1.016639e+05	1.705278e-04
	147	160	9.750000	33.500000	1.013317e+05	4.697336e-05
	158	161	12.500000	33.250000	1.013317e+05	1.568312e-05
	62	162	-11.500000	33.000000	1.016639e+05	-4.745503e-05
	281	162	43.250000	33.000000	1.011373e+05	1.135088e-04
2022	2	20	10	0
	6	7	-25.500000	71.750000	9.914609e+04	-2.487245e-05
	96	11	-3.000000	70.750000	9.871853e+04	1.543579e-04
	132	15	6.000000	69.750000	9.872905e+04	1.134849e-04
	35	37	-18.250000	64.250000	9.440100e+04	-6.432130e-05
	23	48	-21.250000	61.500000	9.438380e+04	4.240174e-04
	224	114	29.000000	45.000000	1.012635e+05	1.837321e-05
	174	123	16.500000	42.750000	1.013283e+05	8.538362e-05
	149	125	10.250000	42.250000	1.013355e+05	4.986024e-05
	279	154	42.750000	35.000000	1.013499e+05	7.581580e-05
	46	157	-15.500000	34.250000	1.015964e+05	2.123971e-04
