2022	2	10	7	0
	8	6	-25.000000	72.000000	1.002088e+05	-2.292262e-05
	148	22	10.000000	68.000000	9.653816e+04	4.148095e-04
	59	55	-12.250000	59.750000	9.857464e+04	4.324339e-04
	152	106	11.000000	47.000000	1.022377e+05	-3.594386e-05
	139	110	7.750000	46.000000	1.022377e+05	-7.439926e-05
	249	150	35.250000	36.000000	1.007504e+05	1.081018e-04
	278	162	42.500000	33.000000	1.008676e+05	9.307416e-05
2022	2	10	6	6
	176	5	17.000000	72.250000	9.719647e+04	1.333925e-04
	8	6	-25.000000	72.000000	1.003363e+05	-1.950870e-05
	166	22	14.500000	68.000000	9.678702e+04	3.451074e-04
	76	59	-8.000000	58.750000	9.909682e+04	4.781771e-04
	158	106	12.500000	47.000000	1.021338e+05	-4.234748e-05
	282	162	43.500000	33.000000	1.010872e+05	1.422158e-04
2022	2	10	7	12
	212	0	26.000000	73.500000	9.739392e+04	5.177400e-06
	181	4	18.250000	72.500000	9.739392e+04	1.121790e-04
	186	27	19.500000	66.750000	9.755218e+04	1.491470e-04
	93	64	-3.750000	57.500000	1.000089e+05	3.510814e-04
	137	117	7.250000	44.250000	1.022430e+05	1.215127e-04
	284	140	44.000000	38.500000	1.009784e+05	1.634344e-05
	269	156	40.250000	34.500000	1.010164e+05	3.891121e-05
2022	2	10	7	18
	212	0	26.000000	73.500000	9.762256e+04	3.535943e-05
	184	6	19.000000	72.000000	9.762256e+04	1.974349e-04
	42	15	-16.500000	69.750000	9.976884e+04	1.268143e-04
	207	30	24.750000	66.000000	9.803054e+04	1.488778e-04
	111	69	0.750000	56.250000	1.003713e+05	3.162356e-04
	138	117	7.500000	44.250000	1.022510e+05	1.094008e-04
	87	156	-5.250000	34.500000	1.021391e+05	-2.903392e-06
2022	2	11	5	0
	202	7	23.500000	71.750000	9.785921e+04	1.543328e-04
	56	10	-13.000000	71.000000	9.924223e+04	1.734801e-04
	0	71	-27.000000	55.750000	9.967064e+04	1.251908e-04
	125	74	4.250000	55.000000	1.007102e+05	3.037286e-04
	135	119	6.750000	43.750000	1.022643e+05	5.875032e-05
2022	2	11	4	6
	208	7	25.000000	71.750000	9.808301e+04	1.443779e-04
	59	11	-12.250000	70.750000	9.897587e+04	2.553811e-04
	138	80	7.500000	53.500000	1.012760e+05	2.478008e-04
	138	117	7.500000	44.250000	1.021157e+05	8.384401e-05
2022	2	11	7	12
	217	8	27.250000	71.500000	9.839383e+04	1.557619e-04
	85	9	-5.750000	71.250000	9.901759e+04	9.934913e-05
	75	17	-8.250000	69.250000	9.901759e+04	2.411846e-04
	4	59	-26.000000	58.750000	9.908439e+04	1.221392e-04
	5	68	-25.750000	56.500000	9.908439e+04	1.096892e-04
	135	119	6.750000	43.750000	1.021825e+05	9.122424e-05
	165	126	14.250000	42.000000	1.021804e+05	7.549560e-06
2022	2	11	5	18
	117	9	2.250000	71.250000	9.888335e+04	1.190098e-04
	223	9	28.750000	71.250000	9.856852e+04	1.598297e-04
	104	20	-1.000000	68.500000	9.888335e+04	2.204915e-04
	29	56	-19.750000	59.500000	9.876534e+04	1.765139e-04
	28	65	-20.000000	57.250000	9.876534e+04	7.462208e-05
2022	2	12	5	0
	231	11	30.750000	70.750000	9.866694e+04	2.013775e-04
	150	14	10.500000	70.000000	9.875144e+04	9.351613e-05
	133	22	6.250000	68.000000	9.875144e+04	1.940138e-04
	60	51	-12.000000	60.750000	9.871119e+04	2.116026e-04
	29	59	-19.750000	58.750000	9.872720e+04	1.817503e-04
2022	2	12	4	6
	236	6	32.000000	72.000000	9.858559e+04	1.471647e-04
	233	8	31.250000	71.500000	9.858559e+04	1.890689e-04
	160	22	13.000000	68.000000	9.870149e+04	2.012938e-04
	53	53	-13.750000	60.250000	9.838013e+04	2.562671e-04
2022	2	12	2	12
	233	11	31.250000	70.750000	9.850530e+04	1.868158e-04
	76	56	-8.000000	59.500000	9.852975e+04	1.112598e-04
2022	2	12	3	18
	238	13	32.500000	70.250000	9.840563e+04	8.843788e-05
	89	55	-4.750000	59.750000	9.839784e+04	1.229259e-04
	10	103	-24.500000	47.750000	1.006210e+05	1.372941e-04
2022	2	13	6	0
	169	0	15.250000	73.500000	9.878873e+04	1.581309e-04
	237	4	32.250000	72.500000	9.850573e+04	1.786376e-05
	269	12	40.250000	70.500000	9.846569e+04	1.331333e-04
	241	14	33.250000	70.000000	9.846569e+04	9.629246e-05
	120	46	3.000000	62.000000	9.810071e+04	2.001218e-04
	38	102	-17.500000	48.000000	9.993805e+04	1.696188e-04
2022	2	13	5	6
	181	3	18.250000	72.750000	9.867768e+04	1.279656e-04
	275	10	41.750000	71.000000	9.858223e+04	1.537954e-04
	124	45	4.000000	62.250000	9.775743e+04	2.310677e-04
	53	103	-13.750000	47.750000	9.883341e+04	3.066382e-04
	66	105	-10.500000	47.250000	9.883341e+04	3.113324e-04
2022	2	13	6	12
	189	4	20.250000	72.500000	9.870234e+04	1.388424e-04
	280	7	43.000000	71.750000	9.886523e+04	1.926192e-04
	7	14	-25.250000	70.000000	9.985418e+04	7.619214e-05
	145	42	9.250000	63.000000	9.778798e+04	-4.261180e-06
	77	101	-7.750000	48.250000	9.797701e+04	3.555466e-04
	266	120	39.500000	43.500000	1.026390e+05	1.221374e-04
2022	2	13	4	18
	199	5	22.750000	72.250000	9.875797e+04	1.487810e-04
	144	39	9.000000	63.750000	9.773488e+04	1.526594e-04
	97	99	-2.750000	48.750000	9.807690e+04	2.148373e-04
	94	107	-3.500000	46.750000	9.807690e+04	3.745357e-04
2022	2	14	3	0
	211	4	25.750000	72.500000	9.885996e+04	1.624434e-04
	177	40	17.250000	63.500000	9.783793e+04	1.186288e-04
	115	100	1.750000	48.500000	9.839762e+04	2.349282e-04
2022	2	14	4	6
	223	0	28.750000	73.500000	9.885933e+04	1.021952e-04
	189	40	20.250000	63.500000	9.789314e+04	3.977271e-05
	133	90	6.250000	51.000000	9.842586e+04	2.843376e-04
	139	119	7.750000	43.750000	1.002693e+05	2.342988e-04
2022	2	14	5	12
	224	0	29.000000	73.500000	9.902623e+04	1.150138e-04
	206	33	24.500000	65.250000	9.814117e+04	1.055564e-04
	196	40	22.000000	63.500000	9.814117e+04	6.002788e-05
	147	85	9.750000	52.250000	9.867516e+04	2.939097e-04
	278	120	42.500000	43.500000	1.016673e+05	4.339569e-05
2022	2	14	4	18
	288	31	45.000000	65.750000	9.945422e+04	5.384845e-05
	209	32	25.250000	65.500000	9.841491e+04	1.273200e-04
	0	38	-27.000000	64.000000	9.748074e+04	1.085720e-04
	141	151	8.250000	35.750000	1.016540e+05	4.634040e-06
2022	2	15	4	0
	288	29	45.000000	66.250000	9.937794e+04	1.287720e-04
	0	33	-27.000000	65.250000	9.736021e+04	7.519808e-05
	25	34	-20.750000	65.000000	9.736021e+04	9.204598e-05
	281	121	43.250000	43.250000	1.020038e+05	1.392077e-05
2022	2	15	6	6
	6	7	-25.500000	71.750000	9.882351e+04	3.733853e-05
	31	34	-19.250000	65.000000	9.711766e+04	1.491613e-04
	207	49	24.750000	61.250000	9.865872e+04	1.017633e-04
	5	83	-25.750000	52.750000	9.848318e+04	2.156427e-04
	148	121	10.000000	43.250000	1.011164e+05	8.445825e-05
	280	121	43.000000	43.250000	1.022274e+05	-1.026552e-05
2022	2	15	8	12
	6	7	-25.500000	71.750000	9.849013e+04	1.758895e-05
	288	24	45.000000	67.500000	9.952460e+04	1.346776e-04
	1	28	-26.750000	66.500000	9.686562e+04	1.640604e-04
	32	40	-19.000000	63.500000	9.707235e+04	1.449814e-05
	215	45	26.750000	62.250000	9.848107e+04	1.634402e-04
	38	74	-17.500000	55.000000	9.822314e+04	1.182229e-04
	160	124	13.000000	42.500000	1.012779e+05	9.195782e-06
	172	124	16.000000	42.500000	1.012779e+05	1.221657e-04
2022	2	15	8	18
	176	3	17.000000	72.750000	9.958066e+04	5.374063e-05
	6	7	-25.500000	71.750000	9.837866e+04	-1.530760e-06
	18	26	-22.500000	67.000000	9.698975e+04	2.190396e-04
	219	41	27.750000	63.250000	9.823768e+04	1.691282e-04
	70	66	-9.500000	57.000000	9.761793e+04	1.871040e-04
	175	125	16.750000	42.250000	1.013782e+05	1.225157e-04
	278	127	42.500000	41.750000	1.022415e+05	3.939387e-06
	174	133	16.500000	40.250000	1.013782e+05	6.168914e-05
2022	2	16	6	0
	39	28	-17.250000	66.500000	9.689260e+04	2.310159e-04
	219	39	27.750000	63.750000	9.783666e+04	2.253761e-04
	23	40	-21.250000	63.500000	9.691135e+04	3.796035e-05
	88	59	-5.000000	58.750000	9.688607e+04	2.991746e-04
	281	121	43.250000	43.250000	1.022514e+05	-2.594641e-05
	178	127	17.500000	41.750000	1.013799e+05	1.621656e-04
2022	2	16	8	6
	288	26	45.000000	67.000000	9.839257e+04	1.853827e-04
	13	27	-23.750000	66.750000	9.655038e+04	3.557015e-04
	247	31	34.750000	65.750000	9.785648e+04	1.542484e-04
	248	31	35.000000	65.750000	9.785648e+04	1.550825e-04
	0	39	-27.000000	63.750000	9.682201e+04	-2.489889e-05
	224	43	29.000000	62.750000	9.781917e+04	2.431229e-04
	103	56	-1.250000	59.500000	9.622038e+04	4.068154e-04
	181	135	18.250000	39.750000	1.011929e+05	1.967820e-04
2022	2	16	9	12
	273	22	41.250000	68.000000	9.787502e+04	1.380424e-04
	274	22	41.500000	68.000000	9.787502e+04	1.443552e-04
	21	29	-21.750000	66.250000	9.696235e+04	2.229656e-05
	248	30	35.000000	66.000000	9.786385e+04	1.775396e-04
	118	53	2.500000	60.250000	9.630214e+04	3.642024e-04
	141	63	8.250000	57.750000	9.662771e+04	2.723572e-04
	152	69	11.000000	56.250000	9.676806e+04	2.779524e-04
	279	120	42.750000	43.500000	1.019455e+05	1.229076e-05
	182	134	18.500000	40.000000	1.012387e+05	1.674018e-04
2022	2	16	7	18
	274	16	41.500000	69.500000	9.778356e+04	1.602960e-04
	122	43	3.500000	62.750000	9.664415e+04	9.433314e-05
	126	54	4.500000	60.000000	9.664415e+04	3.044181e-04
	165	64	14.250000	57.500000	9.650465e+04	2.813524e-04
	150	109	10.500000	46.250000	1.001201e+05	2.881772e-05
	138	117	7.500000	44.250000	1.007911e+05	1.156045e-04
	183	135	18.750000	39.750000	1.014007e+05	1.474622e-04
2022	2	17	7	0
	6	7	-25.500000	71.750000	9.890485e+04	-3.510283e-05
	275	14	41.750000	70.000000	9.771487e+04	9.262489e-05
	32	30	-19.000000	66.000000	9.763648e+04	5.646029e-05
	122	42	3.500000	63.000000	9.748664e+04	1.537924e-04
	178	62	17.500000	58.000000	9.615399e+04	3.002033e-04
	138	117	7.500000	44.250000	1.007854e+05	1.279847e-04
	183	137	18.750000	39.250000	1.014163e+05	1.107053e-04
2022	2	17	6	6
	6	7	-25.500000	71.750000	9.928795e+04	-1.103698e-05
	259	7	37.750000	71.750000	9.778293e+04	1.210646e-04
	0	34	-27.000000	65.000000	9.804887e+04	6.035953e-05
	126	41	4.500000	63.250000	9.773067e+04	1.896518e-04
	189	63	20.250000	57.750000	9.604673e+04	2.787991e-04
	150	110	10.500000	46.000000	1.004929e+05	9.361461e-05
2022	2	17	7	12
	240	9	33.000000	71.250000	9.791105e+04	1.854476e-04
	274	14	41.500000	70.000000	9.791611e+04	3.933772e-05
	128	42	5.000000	63.000000	9.818437e+04	1.940819e-04
	194	62	21.500000	58.000000	9.619994e+04	2.841665e-04
	20	100	-22.000000	48.500000	1.000470e+05	2.467260e-04
	2	109	-26.500000	46.250000	1.000891e+05	9.612291e-05
	255	162	36.750000	33.000000	1.012366e+05	2.525180e-05
2022	2	17	5	18
	244	12	34.000000	70.500000	9.803264e+04	1.648504e-04
	133	43	6.250000	62.750000	9.874659e+04	1.826815e-04
	142	51	8.500000	60.750000	9.874659e+04	-3.028046e-06
	202	64	23.500000	57.500000	9.662202e+04	3.065481e-04
	32	89	-19.000000	51.250000	9.891538e+04	2.998626e-04
2022	2	18	4	0
	251	13	35.750000	70.250000	9.813463e+04	1.506335e-04
	146	43	9.500000	62.750000	9.936277e+04	1.013575e-04
	212	67	26.000000	56.750000	9.715053e+04	2.579756e-04
	54	76	-13.500000	54.500000	9.765291e+04	3.789748e-04
2022	2	18	5	6
	254	10	36.500000	71.000000	9.815445e+04	1.735046e-04
	255	10	36.750000	71.000000	9.815445e+04	1.782907e-04
	72	67	-9.000000	56.750000	9.623576e+04	5.921717e-04
	223	70	28.750000	56.000000	9.768515e+04	2.424903e-04
	245	141	34.250000	38.250000	1.007768e+05	-3.603917e-05
2022	2	18	5	12
	242	7	33.500000	71.750000	9.810977e+04	2.558748e-04
	97	58	-2.750000	59.000000	9.628254e+04	4.384634e-04
	233	72	31.250000	55.500000	9.828720e+04	2.286434e-04
	215	144	26.750000	37.500000	1.002906e+05	1.914964e-04
	267	162	39.750000	33.000000	1.002432e+05	6.844999e-05
2022	2	18	7	18
	234	7	31.500000	71.750000	9.802190e+04	2.663939e-04
	288	29	45.000000	66.250000	9.862648e+04	4.589565e-05
	0	43	-27.000000	62.750000	9.768284e+04	3.921411e-05
	115	54	1.750000	60.000000	9.635271e+04	3.717515e-04
	245	73	34.250000	55.250000	9.911916e+04	1.798808e-04
	220	156	28.000000	34.500000	1.001604e+05	1.957006e-04
	275	158	41.750000	34.000000	1.006295e+05	2.105587e-04
2022	2	19	10	0
	227	7	29.750000	71.750000	9.799366e+04	2.145779e-04
	23	42	-21.250000	63.000000	9.801768e+04	3.982334e-05
	63	42	-11.250000	63.000000	9.833736e+04	1.848900e-04
	123	53	3.750000	60.250000	9.652235e+04	4.058786e-04
	149	55	10.250000	59.750000	9.658346e+04	2.123867e-04
	66	104	-10.500000	47.500000	1.009327e+05	9.367831e-05
	78	109	-7.500000	46.250000	1.009327e+05	1.389142e-04
	224	149	29.000000	36.250000	9.961816e+04	7.243111e-05
	228	158	30.000000	34.000000	9.961816e+04	2.699064e-04
	280	158	43.000000	34.000000	1.007062e+05	1.588059e-04
2022	2	19	10	6
	224	8	29.000000	71.500000	9.791590e+04	2.360571e-04
	57	39	-12.750000	63.750000	9.812410e+04	2.431006e-04
	22	42	-21.500000	63.000000	9.800841e+04	5.775700e-05
	135	43	6.750000	62.750000	9.757241e+04	1.151752e-04
	0	50	-27.000000	61.000000	9.797238e+04	7.572380e-05
	149	56	10.250000	59.500000	9.743080e+04	2.248145e-04
	93	103	-3.750000	47.750000	1.003918e+05	2.338034e-04
	230	150	30.500000	36.000000	9.969445e+04	-8.420571e-05
	282	158	43.500000	34.000000	1.012159e+05	1.286925e-04
	234	160	31.500000	33.500000	9.969445e+04	2.444946e-04
2022	2	19	9	12
	284	5	44.000000	72.250000	9.802822e+04	1.595971e-04
	224	10	29.000000	71.000000	9.798059e+04	2.503681e-04
	51	39	-14.250000	63.750000	9.824379e+04	3.595818e-04
	5	51	-25.750000	60.750000	9.845347e+04	2.285776e-04
	174	52	16.500000	60.500000	9.763542e+04	2.247343e-04
	126	93	4.500000	50.250000	1.002617e+05	9.557429e-05
	118	96	2.500000	49.500000	1.002617e+05	1.647241e-04
	237	162	32.250000	33.000000	1.001566e+05	1.706762e-04
	261	162	38.250000	33.000000	1.008530e+05	3.826401e-05
2022	2	19	8	18
	279	3	42.750000	72.750000	9.779979e+04	2.282801e-04
	233	12	31.250000	70.500000	9.808891e+04	2.013792e-04
	234	12	31.500000	70.500000	9.808891e+04	1.938351e-04
	51	39	-14.250000	63.750000	9.858180e+04	2.992059e-04
	190	51	20.500000	60.750000	9.790726e+04	2.028786e-04
	144	89	9.000000	51.250000	9.985060e+04	1.626887e-04
	242	162	33.500000	33.000000	1.007247e+05	1.378354e-04
	270	162	40.500000	33.000000	1.013759e+05	6.946989e-05
2022	2	20	8	0
	277	1	42.250000	73.250000	9.769063e+04	2.087330e-04
	266	11	39.500000	70.750000	9.769063e+04	-1.986021e-05
	237	14	32.250000	70.000000	9.822209e+04	1.574862e-04
	52	38	-14.000000	64.000000	9.895922e+04	2.293384e-04
	212	50	26.000000	61.000000	9.818099e+04	1.906309e-04
	0	63	-27.000000	57.750000	9.724895e+04	1.370178e-04
	179	84	17.750000	52.500000	9.963840e+04	9.590832e-05
	244	162	34.000000	33.000000	1.013354e+05	8.317394e-05
