2022	2	10	6	0
	167	10	14.750000	71.000000	9.668517e+04	4.914251e-05
	148	23	10.000000	67.750000	9.650483e+04	4.959950e-04
	59	56	-12.250000	59.500000	9.850154e+04	5.522526e-04
	152	106	11.000000	47.000000	1.022056e+05	-3.812105e-05
	139	110	7.750000	46.000000	1.022056e+05	-7.280560e-05
	247	156	34.750000	34.500000	1.008144e+05	1.448880e-04
2022	2	10	8	6
	174	5	16.500000	72.250000	9.710116e+04	1.778812e-04
	8	6	-25.000000	72.000000	1.003638e+05	-2.674845e-05
	168	13	15.000000	70.250000	9.689112e+04	7.497772e-05
	1	18	-26.750000	69.000000	1.003691e+05	1.125416e-05
	165	24	14.250000	67.500000	9.689112e+04	3.248869e-04
	77	59	-7.750000	58.750000	9.897810e+04	4.954749e-04
	152	106	11.000000	47.000000	1.020889e+05	-4.693383e-05
	250	152	35.500000	35.500000	1.010424e+05	1.051025e-04
2022	2	10	9	12
	210	1	25.500000	73.250000	9.721449e+04	8.074540e-06
	174	5	16.500000	72.250000	9.721449e+04	2.105829e-04
	24	21	-21.000000	68.250000	1.002749e+05	8.029738e-05
	192	28	21.000000	66.500000	9.761720e+04	1.723807e-04
	92	64	-4.000000	57.500000	9.998671e+04	4.204499e-04
	137	117	7.250000	44.250000	1.022070e+05	1.152932e-04
	283	139	43.750000	38.750000	1.010069e+05	2.169197e-05
	272	147	41.000000	36.750000	1.010069e+05	8.762037e-05
	39	161	-17.250000	33.250000	1.022304e+05	1.955835e-05
2022	2	10	7	18
	212	0	26.000000	73.500000	9.738859e+04	1.516397e-05
	184	5	19.000000	72.250000	9.738859e+04	2.011151e-04
	9	14	-24.750000	70.000000	9.993005e+04	-3.965158e-06
	44	17	-16.000000	69.250000	9.988433e+04	1.480928e-04
	107	69	-0.250000	56.250000	1.005682e+05	3.175738e-04
	276	148	42.000000	36.500000	1.012489e+05	6.246386e-05
	87	156	-5.250000	34.500000	1.021114e+05	1.804090e-05
2022	2	11	4	0
	193	8	21.250000	71.500000	9.753904e+04	2.319116e-04
	61	14	-11.750000	70.000000	9.948709e+04	1.754637e-04
	0	70	-27.000000	56.000000	9.986147e+04	1.059114e-04
	117	76	2.250000	54.500000	1.011833e+05	2.779147e-04
2022	2	11	4	6
	214	0	26.500000	73.500000	9.774166e+04	6.736847e-06
	215	0	26.750000	73.500000	9.774166e+04	1.284440e-05
	207	9	24.750000	71.250000	9.774166e+04	2.963809e-04
	69	14	-9.750000	70.000000	9.931593e+04	1.888814e-04
2022	2	11	7	12
	216	1	27.000000	73.250000	9.815355e+04	-2.024871e-05
	216	10	27.000000	71.000000	9.815355e+04	2.823909e-04
	108	16	0.000000	69.500000	9.956564e+04	6.361050e-05
	83	19	-6.250000	68.750000	9.956564e+04	2.481436e-04
	1	55	-26.750000	59.750000	9.887904e+04	6.533965e-05
	2	55	-26.500000	59.750000	9.887904e+04	7.838612e-05
	135	119	6.750000	43.750000	1.018826e+05	1.136540e-04
2022	2	11	7	18
	230	0	30.500000	73.500000	9.844624e+04	2.658401e-05
	229	14	30.250000	70.000000	9.838274e+04	3.032828e-04
	136	19	7.000000	68.750000	9.927236e+04	1.465861e-04
	5	53	-25.750000	60.250000	9.867700e+04	1.310839e-04
	15	61	-23.250000	58.250000	9.867700e+04	8.852421e-05
	280	79	43.000000	53.750000	1.002939e+05	1.600886e-04
	136	122	7.000000	43.000000	1.018365e+05	9.890988e-05
2022	2	12	4	0
	234	17	31.500000	69.250000	9.855469e+04	2.508580e-04
	154	21	11.500000	68.250000	9.919811e+04	1.655525e-04
	34	49	-18.500000	61.250000	9.845836e+04	1.927972e-04
	134	124	6.500000	42.500000	1.019123e+05	1.445704e-04
2022	2	12	5	6
	240	21	33.000000	68.250000	9.873991e+04	1.816452e-04
	158	25	12.500000	67.250000	9.955959e+04	2.315946e-04
	28	51	-20.000000	60.750000	9.820102e+04	2.449562e-04
	49	52	-14.750000	60.500000	9.820102e+04	1.465365e-04
	133	130	6.250000	41.000000	1.018668e+05	2.125238e-04
2022	2	12	4	12
	266	11	39.500000	70.750000	9.897517e+04	7.737726e-05
	56	49	-13.000000	61.250000	9.805585e+04	1.584289e-04
	57	50	-12.750000	61.000000	9.805585e+04	1.404424e-04
	136	132	7.000000	40.500000	1.019932e+05	1.720925e-04
2022	2	12	4	18
	255	0	36.750000	73.500000	9.908966e+04	1.979287e-05
	270	10	40.500000	71.000000	9.908966e+04	5.664913e-05
	68	50	-10.000000	61.000000	9.788430e+04	1.276132e-04
	135	130	6.750000	41.000000	1.019428e+05	1.596865e-04
2022	2	13	2	0
	148	131	10.000000	40.750000	1.019580e+05	4.872259e-05
	134	132	6.500000	40.500000	1.019580e+05	2.111253e-04
2022	2	13	5	6
	287	0	44.750000	73.500000	9.929502e+04	3.404244e-05
	139	38	7.750000	64.000000	9.804041e+04	1.776327e-04
	72	54	-9.000000	60.000000	9.800427e+04	1.372491e-04
	150	130	10.500000	41.000000	1.017960e+05	4.515741e-05
	138	133	7.500000	40.250000	1.017960e+05	1.580963e-04
2022	2	13	5	12
	191	0	20.750000	73.500000	9.884465e+04	9.733899e-05
	169	5	15.250000	72.250000	9.884465e+04	7.548132e-05
	170	39	15.500000	63.750000	9.841634e+04	4.976815e-05
	79	56	-7.250000	59.500000	9.813323e+04	1.055989e-04
	146	133	9.500000	40.250000	1.017925e+05	1.231436e-04
2022	2	13	3	18
	213	28	26.250000	66.500000	9.843178e+04	1.478357e-04
	202	37	23.500000	64.250000	9.843178e+04	7.919914e-05
	87	57	-5.250000	59.250000	9.816879e+04	1.264062e-04
2022	2	14	4	0
	242	13	33.500000	70.250000	9.866527e+04	1.329315e-04
	6	14	-25.500000	70.000000	9.947185e+04	4.802895e-05
	229	27	30.250000	66.750000	9.864359e+04	6.572196e-05
	95	57	-3.250000	59.250000	9.832393e+04	1.016447e-04
2022	2	14	3	6
	248	9	35.000000	71.250000	9.828622e+04	2.062119e-04
	6	14	-25.500000	70.000000	9.948123e+04	2.784438e-05
	106	54	-0.500000	60.000000	9.837004e+04	4.979304e-05
2022	2	14	4	12
	255	6	36.750000	72.000000	9.810216e+04	2.166979e-04
	288	10	45.000000	71.000000	9.892788e+04	1.028419e-04
	119	56	2.750000	59.500000	9.854335e+04	1.034508e-04
	10	57	-24.500000	59.250000	9.837570e+04	1.554940e-04
2022	2	14	4	18
	7	6	-25.250000	72.000000	9.962778e+04	5.974905e-05
	258	6	37.500000	72.000000	9.801052e+04	2.131152e-04
	14	52	-23.500000	60.500000	9.780927e+04	1.952089e-04
	137	120	7.250000	43.500000	1.008646e+05	7.922378e-05
2022	2	15	6	0
	278	3	42.500000	72.750000	9.811427e+04	1.811728e-04
	8	46	-25.000000	62.000000	9.751324e+04	2.349324e-04
	184	46	19.000000	62.000000	9.875359e+04	1.282224e-04
	146	118	9.500000	44.000000	1.008730e+05	1.123230e-04
	281	121	43.250000	43.250000	1.014301e+05	-6.433919e-06
	273	130	41.250000	41.000000	1.014301e+05	4.237795e-05
2022	2	15	7	6
	278	2	42.500000	73.000000	9.821666e+04	1.300218e-04
	1	38	-26.750000	64.000000	9.666466e+04	2.026764e-04
	191	44	20.750000	62.500000	9.882100e+04	1.877493e-04
	0	73	-27.000000	55.250000	9.661445e+04	1.344387e-04
	148	120	10.000000	43.500000	1.008296e+05	1.441880e-04
	282	122	43.500000	43.000000	1.015018e+05	-2.563946e-05
	271	161	40.750000	33.250000	1.017071e+05	1.110035e-04
2022	2	15	6	12
	283	2	43.750000	73.000000	9.845503e+04	1.838221e-04
	200	41	23.000000	63.250000	9.911780e+04	1.629437e-04
	12	65	-24.000000	57.250000	9.472051e+04	5.287246e-04
	157	122	12.250000	43.000000	1.008279e+05	1.480092e-04
	167	126	14.750000	42.000000	1.008279e+05	1.320145e-04
	273	162	41.250000	33.000000	1.013916e+05	1.527546e-04
2022	2	15	8	18
	211	38	25.750000	64.000000	9.932551e+04	1.067807e-04
	33	58	-18.750000	59.000000	9.415387e+04	4.118569e-04
	48	64	-15.000000	57.500000	9.415387e+04	3.152810e-04
	167	121	14.750000	43.250000	1.009318e+05	1.136925e-04
	282	122	43.500000	43.000000	1.019059e+05	-9.183400e-06
	157	126	12.250000	42.000000	1.009318e+05	1.595839e-04
	274	153	41.500000	35.250000	1.015936e+05	5.770874e-05
	278	162	42.500000	33.000000	1.015936e+05	9.621150e-05
2022	2	16	6	0
	218	36	27.500000	64.500000	9.945798e+04	1.063043e-04
	71	56	-9.250000	59.500000	9.369450e+04	2.398277e-04
	166	122	14.500000	43.000000	1.012765e+05	6.622994e-05
	284	123	44.000000	42.750000	1.019528e+05	-3.024822e-05
	177	126	17.250000	42.000000	1.012765e+05	8.894697e-05
	161	130	13.250000	41.000000	1.012765e+05	1.266828e-04
2022	2	16	5	6
	223	36	28.750000	64.500000	9.944020e+04	6.302069e-05
	79	55	-7.250000	59.750000	9.378009e+04	2.845069e-04
	277	121	42.250000	43.250000	1.019873e+05	1.177140e-05
	178	126	17.500000	42.000000	1.014131e+05	7.105298e-05
	162	136	13.500000	39.500000	1.013791e+05	1.729691e-04
2022	2	16	4	12
	100	55	-2.000000	59.750000	9.452297e+04	2.225761e-04
	1	107	-26.750000	46.750000	1.001157e+05	1.920745e-04
	278	120	42.500000	43.500000	1.016862e+05	1.343471e-05
	287	151	44.750000	35.750000	1.014049e+05	-1.249892e-05
2022	2	16	3	18
	254	31	36.500000	65.750000	9.943864e+04	5.586524e-05
	120	55	3.000000	59.750000	9.527503e+04	3.126422e-04
	22	97	-21.500000	49.250000	9.931515e+04	2.668650e-04
2022	2	17	6	0
	139	40	7.750000	63.500000	9.625258e+04	1.175855e-04
	128	54	5.000000	60.000000	9.622170e+04	1.609090e-04
	146	58	9.500000	59.000000	9.622170e+04	2.253159e-04
	51	92	-14.250000	50.500000	9.924598e+04	2.558092e-04
	154	111	11.500000	45.750000	1.009760e+05	1.207997e-04
	138	114	7.500000	45.000000	1.009760e+05	-4.190279e-05
2022	2	17	4	6
	140	39	8.000000	63.750000	9.640830e+04	1.348399e-04
	160	56	13.000000	59.500000	9.652476e+04	2.426493e-04
	83	89	-6.250000	51.250000	9.918893e+04	1.936026e-04
	137	116	7.250000	44.500000	1.009922e+05	1.336211e-04
2022	2	17	6	12
	6	7	-25.500000	71.750000	9.937827e+04	-4.028271e-05
	144	38	9.000000	64.000000	9.669963e+04	1.063796e-04
	175	53	16.750000	60.250000	9.677720e+04	1.785363e-04
	121	87	3.250000	51.750000	9.908595e+04	1.921526e-04
	138	117	7.500000	44.250000	1.009691e+05	1.687972e-04
	7	118	-25.250000	44.000000	9.991109e+04	1.471847e-04
2022	2	17	5	18
	148	37	10.000000	64.250000	9.700073e+04	9.652499e-05
	162	44	13.500000	62.500000	9.683426e+04	2.280410e-06
	185	46	19.250000	62.000000	9.683426e+04	1.823374e-04
	155	89	11.750000	51.250000	9.875145e+04	1.725995e-04
	8	100	-25.000000	48.500000	9.829657e+04	4.571750e-04
2022	2	18	3	0
	194	42	21.500000	63.000000	9.719476e+04	1.645032e-04
	24	88	-21.000000	51.500000	9.707498e+04	5.681147e-04
	183	90	18.750000	51.000000	9.887102e+04	3.164266e-04
2022	2	18	7	6
	6	7	-25.500000	71.750000	9.978917e+04	-3.136319e-05
	235	13	31.750000	70.250000	9.784288e+04	1.399840e-04
	161	24	13.250000	67.500000	9.790833e+04	5.392374e-05
	205	36	24.250000	64.500000	9.760996e+04	1.531765e-04
	204	37	24.000000	64.250000	9.760996e+04	1.621122e-04
	41	82	-16.750000	53.000000	9.567383e+04	5.828849e-04
	200	93	23.000000	50.250000	9.963462e+04	2.792915e-04
2022	2	18	4	12
	6	7	-25.500000	71.750000	9.987358e+04	-6.766133e-05
	233	11	31.250000	70.750000	9.794428e+04	1.368339e-04
	60	75	-12.000000	54.750000	9.544991e+04	3.813207e-04
	269	162	40.250000	33.000000	1.000389e+05	1.062861e-04
2022	2	18	5	18
	236	9	32.000000	71.250000	9.804881e+04	1.678446e-04
	254	19	36.500000	68.750000	9.804881e+04	3.687020e-05
	60	24	-12.000000	67.500000	9.860197e+04	1.066582e-04
	78	66	-7.500000	57.000000	9.559919e+04	4.277594e-04
	276	157	42.000000	34.250000	1.001286e+05	2.110988e-04
2022	2	19	7	0
	243	11	33.750000	70.750000	9.820376e+04	7.391024e-05
	19	41	-22.250000	63.250000	9.806738e+04	8.014683e-05
	103	57	-1.250000	59.250000	9.584205e+04	3.043362e-04
	104	57	-1.000000	59.250000	9.584205e+04	3.142913e-04
	232	149	31.000000	36.250000	1.004009e+05	4.283263e-05
	279	151	42.750000	35.750000	1.001362e+05	1.952903e-04
	220	154	28.000000	35.000000	1.004009e+05	1.421399e-04
2022	2	19	9	6
	279	1	42.750000	73.250000	9.821060e+04	1.032835e-04
	6	7	-25.500000	71.750000	9.931163e+04	-5.322501e-05
	258	11	37.500000	70.750000	9.821060e+04	9.090226e-05
	36	23	-18.000000	67.750000	9.796792e+04	3.470843e-04
	114	49	1.500000	61.250000	9.588211e+04	2.643840e-04
	162	97	13.500000	49.250000	1.006788e+05	1.530786e-05
	279	149	42.750000	36.250000	1.005244e+05	1.514860e-04
	233	151	31.250000	35.750000	1.002433e+05	1.044643e-05
	230	160	30.500000	33.500000	1.002433e+05	1.261431e-04
2022	2	19	7	12
	6	7	-25.500000	71.750000	9.899314e+04	-9.236889e-05
	31	24	-19.250000	67.500000	9.778582e+04	2.751474e-04
	143	41	8.750000	63.250000	9.654508e+04	4.006568e-05
	121	48	3.250000	61.500000	9.654332e+04	3.161979e-04
	0	50	-27.000000	61.000000	9.652105e+04	1.137021e-04
	139	50	7.750000	61.000000	9.654332e+04	1.599185e-05
	239	155	32.750000	34.750000	1.001796e+05	4.761593e-05
2022	2	19	3	18
	6	7	-25.500000	71.750000	9.866645e+04	-8.786735e-05
	150	33	10.500000	65.250000	9.717307e+04	1.006137e-04
	246	161	34.500000	33.250000	1.004740e+05	1.033907e-04
2022	2	20	2	0
	165	26	14.250000	67.000000	9.758339e+04	7.578592e-05
	6	43	-25.500000	62.750000	9.504095e+04	2.339570e-04
