2022	2	16	5	0
	288	11	45.000000	70.750000	9.878254e+04	9.192555e-05
	54	39	-13.500000	63.750000	9.721538e+04	3.786643e-04
	118	53	2.500000	60.250000	9.802538e+04	1.850696e-04
	65	67	-10.750000	56.750000	9.729717e+04	2.994822e-04
	171	121	15.750000	43.250000	1.014648e+05	6.958348e-06
2022	2	16	5	3
	48	37	-15.000000	64.250000	9.718377e+04	4.021542e-04
	122	52	3.500000	60.500000	9.794926e+04	1.617686e-04
	74	66	-8.500000	57.000000	9.737723e+04	2.535988e-04
	280	121	43.000000	43.250000	1.021322e+05	1.237254e-05
	174	123	16.500000	42.750000	1.014230e+05	3.602691e-05
2022	2	16	5	6
	39	34	-17.250000	65.000000	9.742347e+04	3.340444e-04
	118	34	2.500000	65.000000	9.787659e+04	2.009388e-04
	125	49	4.250000	61.250000	9.787518e+04	1.188312e-04
	83	66	-6.250000	57.000000	9.755118e+04	2.448480e-04
	99	67	-2.250000	56.750000	9.755118e+04	2.297397e-04
2022	2	16	10	9
	288	10	45.000000	71.000000	9.896797e+04	1.069266e-04
	30	30	-19.500000	66.000000	9.760576e+04	2.134328e-04
	111	35	0.750000	64.750000	9.772844e+04	2.135467e-04
	112	35	1.000000	64.750000	9.772844e+04	2.206448e-04
	96	66	-3.000000	57.000000	9.752995e+04	1.633670e-04
	111	66	0.750000	57.000000	9.752995e+04	2.329912e-04
	49	70	-14.750000	56.000000	9.740585e+04	2.263565e-04
	137	116	7.250000	44.500000	1.012459e+05	6.653856e-05
	202	125	23.500000	42.250000	1.016482e+05	-6.795498e-05
	183	130	18.750000	41.000000	1.015199e+05	1.002523e-04
2022	2	16	9	12
	288	11	45.000000	70.750000	9.894516e+04	1.084560e-04
	20	29	-22.000000	66.250000	9.776980e+04	2.165753e-04
	105	36	-0.750000	64.500000	9.752287e+04	1.728551e-04
	58	53	-12.500000	60.250000	9.714995e+04	8.515942e-05
	121	66	3.250000	57.000000	9.731652e+04	2.045041e-04
	63	67	-11.250000	56.750000	9.690239e+04	2.740561e-04
	279	120	42.750000	43.500000	1.017424e+05	1.882651e-05
	183	128	18.750000	41.500000	1.012644e+05	1.095492e-04
	184	140	19.000000	38.500000	1.012589e+05	1.539505e-04
2022	2	16	8	15
	288	10	45.000000	71.000000	9.893290e+04	1.369148e-04
	7	28	-25.250000	66.500000	9.788792e+04	2.248638e-04
	102	37	-1.500000	64.250000	9.735206e+04	1.387735e-04
	130	65	5.500000	57.250000	9.705967e+04	2.316327e-04
	76	66	-8.000000	57.000000	9.663612e+04	2.877299e-04
	136	120	7.000000	43.500000	1.013236e+05	1.507615e-04
	183	128	18.750000	41.500000	1.010142e+05	1.266793e-04
	186	137	19.500000	39.250000	1.010142e+05	1.825789e-04
2022	2	16	7	18
	288	10	45.000000	71.000000	9.886983e+04	1.226034e-04
	0	27	-27.000000	66.750000	9.821742e+04	1.115442e-04
	138	65	7.500000	57.250000	9.680142e+04	2.267588e-04
	89	66	-4.750000	57.000000	9.674763e+04	3.202769e-04
	105	67	-0.750000	56.750000	9.674763e+04	2.188409e-04
	147	108	9.750000	46.500000	1.004919e+05	-5.909215e-05
	186	135	19.500000	39.750000	1.010148e+05	1.395946e-04
2022	2	16	6	21
	287	11	44.750000	70.750000	9.884120e+04	1.473837e-04
	143	65	8.750000	57.250000	9.649126e+04	1.965617e-04
	115	66	1.750000	57.000000	9.664838e+04	2.346970e-04
	116	66	2.000000	57.000000	9.662401e+04	2.320462e-04
	137	117	7.250000	44.250000	1.011567e+05	6.817300e-05
	186	135	19.500000	39.750000	1.011196e+05	1.041116e-04
2022	2	17	4	0
	288	12	45.000000	70.500000	9.889216e+04	1.007149e-04
	152	65	11.000000	57.250000	9.639862e+04	1.972972e-04
	160	72	13.000000	55.500000	9.639862e+04	1.308661e-04
	137	117	7.250000	44.250000	1.010628e+05	7.419775e-05
2022	2	17	2	3
	157	66	12.250000	57.000000	9.625487e+04	2.361575e-04
	176	70	17.000000	56.000000	9.625487e+04	2.638963e-04
2022	2	17	2	6
	187	67	19.750000	56.750000	9.613109e+04	2.752926e-04
	0	117	-27.000000	44.250000	1.006945e+05	6.985324e-05
2022	2	17	3	9
	200	61	23.000000	58.250000	9.610403e+04	1.310572e-04
	9	112	-24.750000	45.500000	1.002504e+05	2.381587e-04
	278	120	42.500000	43.500000	1.015628e+05	-8.149311e-06
2022	2	17	3	12
	115	43	1.750000	62.750000	9.766835e+04	7.865077e-05
	205	57	24.250000	59.250000	9.607824e+04	8.768374e-05
	22	105	-21.500000	47.250000	9.978788e+04	2.852895e-04
2022	2	17	3	15
	119	43	2.750000	62.750000	9.772844e+04	8.516565e-05
	211	54	25.750000	60.000000	9.608941e+04	1.448649e-04
	25	103	-20.750000	47.750000	9.952538e+04	3.338525e-04
2022	2	17	4	18
	123	43	3.750000	62.750000	9.785646e+04	9.914303e-05
	215	51	26.750000	60.750000	9.615201e+04	1.423316e-04
	47	95	-15.250000	49.750000	9.900005e+04	2.295746e-04
	33	99	-18.750000	48.750000	9.900005e+04	3.862994e-04
2022	2	17	4	21
	129	42	5.250000	63.000000	9.797490e+04	8.632754e-05
	218	46	27.500000	62.000000	9.623442e+04	1.357322e-04
	65	90	-10.750000	51.000000	9.884608e+04	2.355838e-04
	43	97	-16.250000	49.250000	9.876665e+04	4.743473e-04
2022	2	18	2	0
	219	43	27.750000	62.750000	9.629198e+04	1.601784e-04
	64	88	-11.000000	51.500000	9.836071e+04	2.897615e-04
2022	2	18	4	3
	220	40	28.000000	63.500000	9.635552e+04	1.558366e-04
	77	83	-7.750000	52.750000	9.796420e+04	3.254125e-04
	140	111	8.000000	45.750000	1.014198e+05	-5.119577e-05
	150	117	10.500000	44.250000	1.014198e+05	-4.605758e-05
2022	2	18	2	6
	221	37	28.250000	64.250000	9.643008e+04	1.415442e-04
	88	78	-5.000000	54.000000	9.733020e+04	3.758258e-04
2022	2	18	4	9
	223	36	28.750000	64.500000	9.652665e+04	1.334714e-04
	95	76	-3.250000	54.500000	9.693212e+04	4.530508e-04
	287	141	44.750000	38.250000	1.012213e+05	1.319774e-05
	263	162	38.750000	33.000000	1.009566e+05	1.014350e-05
2022	2	18	4	12
	135	28	6.750000	66.500000	9.796751e+04	6.371726e-05
	135	29	6.750000	66.250000	9.796751e+04	6.299218e-05
	226	33	29.500000	65.250000	9.664351e+04	1.098878e-04
	114	71	1.500000	55.750000	9.662039e+04	2.961759e-04
2022	2	18	2	15
	229	32	30.250000	65.500000	9.672970e+04	9.011169e-05
	124	69	4.000000	56.250000	9.616286e+04	3.649770e-04
2022	2	18	5	18
	233	30	31.250000	66.000000	9.676745e+04	7.312423e-05
	136	33	7.000000	65.250000	9.779670e+04	5.421850e-05
	138	67	7.500000	56.750000	9.606676e+04	3.162952e-04
	108	128	0.000000	41.500000	1.012132e+05	4.725897e-05
	221	150	28.250000	36.000000	1.009029e+05	1.967867e-04
2022	2	18	6	21
	236	28	32.000000	66.500000	9.679512e+04	7.592132e-05
	140	33	8.000000	65.250000	9.775769e+04	5.872052e-05
	152	64	11.000000	57.500000	9.616176e+04	2.875195e-04
	108	126	0.000000	42.000000	1.013005e+05	3.795833e-05
	108	137	0.000000	39.250000	1.013005e+05	6.202869e-05
	226	151	29.500000	35.750000	1.008569e+05	1.384169e-04
2022	2	19	7	0
	240	25	33.000000	67.250000	9.682155e+04	6.561348e-05
	241	25	33.250000	67.250000	9.682155e+04	8.470629e-05
	241	26	33.250000	67.000000	9.682155e+04	9.449816e-05
	0	51	-27.000000	60.750000	9.890474e+04	1.044890e-04
	175	65	16.750000	57.250000	9.634656e+04	2.840037e-04
	111	136	0.750000	39.500000	1.012920e+05	8.478353e-05
	224	156	29.000000	34.500000	1.009538e+05	1.019534e-04
2022	2	19	5	3
	244	21	34.000000	68.250000	9.679151e+04	7.320849e-05
	188	63	20.000000	57.750000	9.624244e+04	2.376694e-04
	136	116	7.000000	44.500000	1.012114e+05	1.282481e-04
	113	136	1.250000	39.500000	1.012188e+05	8.564195e-05
	225	162	29.250000	33.000000	1.009895e+05	5.873971e-05
2022	2	19	6	6
	242	16	33.500000	69.500000	9.679702e+04	1.343505e-04
	217	23	27.250000	67.750000	9.679702e+04	1.463971e-04
	18	55	-22.500000	59.750000	9.908200e+04	1.074604e-04
	36	60	-18.000000	58.500000	9.910701e+04	1.561088e-04
	198	62	22.500000	58.000000	9.638101e+04	2.200411e-04
	136	117	7.000000	44.250000	1.011705e+05	1.353983e-04
2022	2	19	6	9
	238	17	32.500000	69.250000	9.688840e+04	1.375377e-04
	18	53	-22.500000	60.250000	9.901500e+04	7.904017e-05
	41	60	-16.750000	58.500000	9.927672e+04	1.388571e-04
	208	61	25.000000	58.250000	9.671476e+04	1.929643e-04
	84	84	-6.000000	52.500000	1.002427e+05	2.667789e-04
	136	115	7.000000	44.750000	1.013082e+05	9.787913e-05
2022	2	19	4	12
	257	17	37.250000	69.250000	9.702869e+04	1.043099e-04
	225	58	29.250000	59.000000	9.706094e+04	1.879830e-04
	92	84	-4.000000	52.500000	1.003846e+05	2.272885e-04
	138	117	7.500000	44.250000	1.012659e+05	1.159899e-04
2022	2	19	6	15
	268	15	40.000000	69.750000	9.713958e+04	1.284906e-04
	235	19	31.750000	68.750000	9.714225e+04	9.985956e-05
	239	52	32.750000	60.500000	9.722262e+04	1.164298e-04
	104	84	-1.000000	52.500000	1.003576e+05	2.731140e-04
	151	116	10.750000	44.500000	1.011726e+05	5.500256e-05
	135	119	6.750000	43.750000	1.011726e+05	1.202153e-04
2022	2	19	7	18
	270	14	40.500000	70.000000	9.724055e+04	1.262979e-04
	77	17	-7.750000	69.250000	9.936935e+04	1.891512e-04
	202	35	23.500000	64.750000	9.738730e+04	1.751096e-04
	253	46	36.250000	62.000000	9.728616e+04	9.523800e-05
	0	53	-27.000000	60.250000	9.629812e+04	1.898461e-04
	115	84	1.750000	52.500000	1.003467e+05	2.469289e-04
	136	120	7.000000	43.500000	1.012471e+05	1.168085e-04
2022	2	19	10	21
	80	11	-7.000000	70.750000	9.926870e+04	1.861974e-04
	274	13	41.500000	70.250000	9.730991e+04	1.046380e-04
	205	36	24.250000	64.500000	9.752083e+04	2.031367e-04
	288	40	45.000000	63.500000	9.790082e+04	4.850048e-05
	262	43	38.500000	62.750000	9.728459e+04	1.637044e-04
	0	48	-27.000000	61.500000	9.559287e+04	1.477446e-04
	123	83	3.750000	52.750000	1.002816e+05	2.239059e-04
	178	115	17.500000	44.750000	1.014783e+05	1.188787e-05
	138	121	7.500000	43.250000	1.013723e+05	9.504820e-05
	147	127	9.750000	41.750000	1.013723e+05	-3.583387e-05
2022	2	20	8	0
	277	12	42.250000	70.500000	9.740931e+04	1.213698e-04
	78	13	-7.500000	70.250000	9.916331e+04	2.046942e-04
	288	40	45.000000	63.500000	9.765404e+04	6.464851e-05
	269	41	40.250000	63.250000	9.734199e+04	1.611178e-04
	0	45	-27.000000	62.250000	9.515232e+04	1.472944e-04
	0	56	-27.000000	59.500000	9.515232e+04	1.527547e-04
	128	85	5.000000	52.250000	1.005065e+05	1.976198e-04
	149	127	10.250000	41.750000	1.014072e+05	-5.092756e-06
