2022	2	10	9	0
	162	10	13.500000	71.000000	9.655113e+04	6.274940e-05
	149	22	10.250000	68.000000	9.646048e+04	4.773881e-04
	59	55	-12.250000	59.750000	9.861194e+04	4.472029e-04
	152	106	11.000000	47.000000	1.022816e+05	-4.488825e-05
	139	110	7.750000	46.000000	1.022816e+05	-8.168823e-05
	282	140	43.500000	38.500000	1.008644e+05	3.406789e-06
	260	145	38.000000	37.250000	1.008046e+05	6.330272e-05
	250	151	35.500000	35.750000	1.008046e+05	8.593780e-05
	278	162	42.500000	33.000000	1.008728e+05	1.143426e-04
2022	2	10	8	6
	175	5	16.750000	72.250000	9.720238e+04	1.377156e-04
	8	6	-25.000000	72.000000	1.003040e+05	-1.203573e-05
	167	14	14.750000	70.000000	9.692336e+04	7.714052e-05
	166	23	14.500000	67.750000	9.692336e+04	3.188665e-04
	77	58	-7.750000	59.000000	9.907795e+04	4.477077e-04
	152	106	11.000000	47.000000	1.021845e+05	-4.651647e-05
	250	152	35.500000	35.500000	1.010375e+05	7.856166e-05
	260	153	38.000000	35.250000	1.010375e+05	3.952440e-05
2022	2	10	10	12
	212	0	26.000000	73.500000	9.745267e+04	-2.469395e-05
	213	0	26.250000	73.500000	9.745267e+04	-1.476615e-05
	182	5	18.500000	72.250000	9.745267e+04	7.043648e-05
	8	6	-25.000000	72.000000	1.002030e+05	-1.799712e-05
	19	19	-22.250000	68.750000	1.001503e+05	1.057377e-04
	190	28	20.500000	66.500000	9.770805e+04	1.527603e-04
	94	62	-3.500000	58.000000	9.989351e+04	3.855175e-04
	137	117	7.250000	44.250000	1.022560e+05	1.228264e-04
	283	139	43.750000	38.750000	1.009844e+05	2.479675e-05
	270	153	40.500000	35.250000	1.010057e+05	4.952631e-05
2022	2	10	7	18
	220	0	28.000000	73.500000	9.761055e+04	-3.090373e-06
	186	5	19.500000	72.250000	9.761055e+04	2.123105e-04
	8	6	-25.000000	72.000000	9.993767e+04	-3.318425e-05
	8	14	-25.000000	70.000000	9.971609e+04	5.139089e-06
	42	15	-16.500000	69.750000	9.971609e+04	1.488058e-04
	111	66	0.750000	57.000000	1.003572e+05	3.625375e-04
	89	157	-4.750000	34.250000	1.021450e+05	-7.413758e-06
2022	2	11	5	0
	221	0	28.250000	73.500000	9.778034e+04	-8.320575e-06
	195	6	21.750000	72.000000	9.778034e+04	2.250908e-04
	52	11	-14.000000	70.750000	9.924950e+04	1.892051e-04
	0	70	-27.000000	56.000000	9.957971e+04	1.425067e-04
	127	71	4.750000	55.750000	1.006954e+05	3.217484e-04
2022	2	11	5	6
	219	1	27.750000	73.250000	9.796128e+04	-3.383635e-05
	205	9	24.250000	71.250000	9.796128e+04	2.645181e-04
	62	11	-11.500000	70.750000	9.906485e+04	3.001049e-04
	141	76	8.250000	54.500000	1.010536e+05	2.367794e-04
	188	123	20.000000	42.750000	1.021702e+05	-4.706892e-06
2022	2	11	6	12
	229	0	30.250000	73.500000	9.846715e+04	-7.807366e-06
	216	10	27.000000	71.000000	9.846715e+04	2.343417e-04
	78	13	-7.500000	70.250000	9.912249e+04	2.751264e-04
	2	55	-26.500000	59.750000	9.876121e+04	1.019605e-04
	1	65	-26.750000	57.250000	9.876121e+04	1.141910e-04
	135	119	6.750000	43.750000	1.020540e+05	5.396147e-05
2022	2	11	9	18
	235	6	31.750000	72.000000	9.880772e+04	-1.470557e-05
	236	6	32.000000	72.000000	9.880772e+04	-1.707431e-05
	103	14	-1.250000	70.000000	9.901229e+04	2.102761e-04
	130	14	5.500000	70.000000	9.901229e+04	1.282752e-04
	229	17	30.250000	69.250000	9.880772e+04	2.442970e-04
	29	51	-19.750000	60.750000	9.869420e+04	1.146020e-04
	5	53	-25.750000	60.250000	9.869420e+04	1.574941e-04
	18	61	-22.500000	58.250000	9.869420e+04	1.389322e-04
	134	123	6.500000	42.750000	1.021624e+05	5.123995e-05
2022	2	12	5	0
	240	7	33.000000	71.750000	9.899686e+04	7.322799e-06
	155	13	11.750000	70.250000	9.877391e+04	2.002433e-04
	42	49	-16.500000	61.250000	9.845895e+04	1.859301e-04
	39	61	-17.250000	58.250000	9.846891e+04	1.478253e-04
	233	91	31.250000	50.750000	1.012312e+05	1.835506e-04
2022	2	12	4	6
	175	10	16.750000	71.000000	9.870455e+04	2.050134e-04
	52	47	-14.000000	61.750000	9.826413e+04	2.237374e-04
	37	51	-17.750000	60.750000	9.826413e+04	2.258941e-04
	249	94	35.250000	50.000000	1.010688e+05	2.043648e-04
2022	2	12	4	12
	181	12	18.250000	70.500000	9.883839e+04	3.267817e-04
	236	13	32.000000	70.250000	9.911253e+04	8.630912e-05
	76	50	-8.000000	61.000000	9.836965e+04	1.297621e-04
	269	95	40.250000	49.750000	1.008376e+05	1.788665e-04
2022	2	12	4	18
	234	12	31.500000	70.500000	9.905294e+04	4.201186e-05
	190	13	20.500000	70.250000	9.891812e+04	2.248213e-04
	288	96	45.000000	49.500000	1.005176e+05	1.246748e-04
	37	99	-17.750000	48.750000	1.000760e+05	2.056045e-04
2022	2	13	4	0
	194	12	21.500000	70.500000	9.872018e+04	1.183390e-04
	156	27	12.000000	66.750000	9.799704e+04	2.444588e-04
	59	95	-12.250000	49.750000	9.930362e+04	2.589586e-04
	287	124	44.750000	42.500000	1.020962e+05	-1.820198e-05
2022	2	13	4	6
	159	27	12.750000	66.750000	9.786261e+04	2.454811e-04
	50	69	-14.500000	56.250000	9.887669e+04	2.135115e-04
	76	90	-8.000000	51.000000	9.848337e+04	2.594744e-04
	285	128	44.250000	41.500000	1.021388e+05	-1.017762e-05
2022	2	13	5	12
	213	1	26.250000	73.250000	9.844312e+04	1.054924e-04
	171	28	15.750000	66.500000	9.800563e+04	1.718107e-04
	40	36	-17.000000	64.500000	1.004879e+05	6.293976e-06
	88	84	-5.000000	52.500000	9.824968e+04	3.195183e-04
	179	117	17.750000	44.250000	1.023381e+05	-6.736324e-05
2022	2	13	5	18
	211	0	25.750000	73.500000	9.833467e+04	1.235812e-04
	6	14	-25.500000	70.000000	9.953809e+04	1.057680e-04
	219	26	27.750000	67.000000	9.830673e+04	7.735710e-05
	12	35	-24.000000	64.750000	1.003908e+05	1.155671e-04
	100	80	-2.000000	53.500000	9.819184e+04	2.420360e-04
2022	2	14	5	0
	242	7	33.500000	71.750000	9.823678e+04	1.621759e-04
	216	14	27.000000	70.000000	9.823678e+04	1.280994e-05
	217	14	27.250000	70.000000	9.823678e+04	2.205323e-05
	1	17	-26.750000	69.250000	9.972254e+04	3.218049e-05
	111	77	0.750000	54.250000	9.818441e+04	1.954490e-04
2022	2	14	3	6
	238	1	32.500000	73.250000	9.796753e+04	1.271871e-04
	243	14	33.750000	70.000000	9.799195e+04	1.200904e-04
	126	73	4.500000	55.250000	9.823620e+04	1.834543e-04
2022	2	14	4	12
	227	0	29.750000	73.500000	9.781649e+04	1.263339e-04
	134	57	6.500000	59.250000	9.841791e+04	3.662678e-05
	139	65	7.750000	57.250000	9.841791e+04	1.344589e-04
	149	104	10.250000	47.500000	1.004762e+05	-1.442125e-05
2022	2	14	6	18
	231	4	30.750000	72.500000	9.774733e+04	3.275572e-04
	271	10	40.750000	71.000000	9.786652e+04	2.185207e-04
	0	40	-27.000000	63.500000	9.817855e+04	1.185710e-04
	127	54	4.750000	60.000000	9.879170e+04	8.661349e-05
	152	60	11.000000	58.500000	9.866430e+04	1.667134e-04
	138	120	7.500000	43.500000	1.007386e+05	8.725225e-05
2022	2	15	7	0
	6	7	-25.500000	71.750000	9.961391e+04	6.174207e-06
	277	8	42.250000	71.500000	9.778621e+04	1.778577e-04
	249	9	35.250000	71.250000	9.778621e+04	2.199466e-04
	0	30	-27.000000	66.000000	9.796988e+04	1.301047e-04
	128	55	5.000000	59.750000	9.910334e+04	1.239681e-04
	168	56	15.000000	59.500000	9.895700e+04	2.027351e-04
	146	117	9.500000	44.250000	1.007614e+05	1.035804e-04
2022	2	15	6	6
	6	7	-25.500000	71.750000	9.913930e+04	2.904180e-05
	274	11	41.500000	70.750000	9.771919e+04	2.488109e-04
	125	50	4.250000	61.000000	9.931749e+04	1.898042e-04
	181	51	18.250000	60.750000	9.903926e+04	1.964267e-04
	0	67	-27.000000	56.750000	9.652671e+04	1.756174e-04
	159	113	12.750000	45.250000	1.007167e+05	6.571211e-05
2022	2	15	7	12
	288	9	45.000000	71.250000	9.789504e+04	6.462834e-05
	2	10	-26.500000	71.000000	9.818051e+04	-3.523047e-05
	125	48	4.250000	61.500000	9.954122e+04	1.838785e-04
	185	48	19.250000	61.500000	9.907052e+04	2.435340e-04
	18	58	-22.500000	59.000000	9.553959e+04	4.056621e-04
	170	114	15.500000	45.000000	1.008648e+05	8.364707e-05
	166	125	14.500000	42.250000	1.008648e+05	4.891050e-05
2022	2	15	5	18
	288	9	45.000000	71.250000	9.793021e+04	1.271589e-04
	2	34	-26.500000	65.000000	9.614179e+04	2.250009e-04
	190	47	20.500000	61.750000	9.913168e+04	2.130263e-04
	33	52	-18.750000	60.500000	9.567910e+04	3.730310e-04
	183	110	18.750000	46.000000	1.009201e+05	4.908121e-05
2022	2	16	5	0
	0	28	-27.000000	66.500000	9.637958e+04	1.022819e-04
	38	44	-17.500000	62.500000	9.586238e+04	3.930486e-04
	198	44	22.500000	62.500000	9.916118e+04	1.768937e-04
	55	50	-13.250000	61.000000	9.586238e+04	3.881629e-04
	187	98	19.750000	49.000000	1.009035e+05	1.382919e-04
2022	2	16	7	6
	0	25	-27.000000	67.250000	9.637899e+04	1.013664e-04
	0	35	-27.000000	64.750000	9.637899e+04	-1.490933e-06
	39	40	-17.250000	63.500000	9.618888e+04	2.780044e-04
	201	42	23.250000	63.000000	9.913285e+04	2.037865e-04
	69	46	-9.750000	62.000000	9.620392e+04	3.313448e-04
	139	117	7.750000	44.250000	1.014903e+05	9.056512e-05
	281	121	43.250000	43.250000	1.019418e+05	4.855733e-06
2022	2	16	6	12
	242	10	33.500000	71.000000	9.944098e+04	3.007504e-06
	0	31	-27.000000	65.750000	9.681843e+04	5.885058e-05
	47	38	-15.250000	64.000000	9.638623e+04	2.855242e-04
	208	39	25.000000	63.750000	9.926377e+04	1.618787e-04
	81	43	-6.750000	62.750000	9.623519e+04	3.383551e-04
	142	63	8.500000	57.750000	9.786144e+04	2.133573e-04
2022	2	16	9	18
	0	11	-27.000000	70.750000	9.746303e+04	-3.748128e-05
	239	12	32.750000	70.500000	9.954688e+04	1.160882e-05
	214	36	26.500000	64.500000	9.941089e+04	1.311398e-04
	45	37	-15.750000	64.250000	9.634500e+04	2.762755e-04
	110	37	0.500000	64.250000	9.580161e+04	2.638386e-04
	89	40	-4.750000	63.500000	9.580161e+04	3.785811e-04
	0	43	-27.000000	62.750000	9.691300e+04	4.609890e-05
	159	62	12.750000	58.000000	9.791399e+04	2.750517e-04
	68	65	-10.000000	57.250000	9.708631e+04	2.369783e-04
2022	2	17	7	0
	288	16	45.000000	69.500000	9.964947e+04	-7.398809e-05
	96	36	-3.000000	64.500000	9.530688e+04	4.406615e-04
	49	37	-14.750000	64.250000	9.638545e+04	2.619661e-04
	0	44	-27.000000	62.500000	9.699565e+04	5.654082e-05
	173	60	16.250000	58.500000	9.783115e+04	2.184411e-04
	105	64	-0.750000	57.500000	9.657732e+04	3.227192e-04
	281	121	43.250000	43.250000	1.014432e+05	-2.404894e-05
2022	2	17	7	6
	288	15	45.000000	69.750000	9.965806e+04	-5.961159e-05
	288	23	45.000000	67.750000	9.965806e+04	-3.499414e-05
	98	31	-2.500000	65.750000	9.504212e+04	3.923604e-04
	0	44	-27.000000	62.500000	9.697064e+04	5.900955e-05
	124	60	4.000000	58.500000	9.601948e+04	4.613900e-04
	31	106	-19.250000	47.000000	1.007052e+05	1.639254e-04
	281	121	43.250000	43.250000	1.013103e+05	-1.870725e-05
2022	2	17	5	12
	92	27	-4.000000	66.750000	9.489128e+04	4.888055e-04
	0	53	-27.000000	60.250000	9.713184e+04	8.596152e-05
	184	54	19.000000	60.000000	9.700366e+04	1.208019e-04
	161	63	13.250000	57.750000	9.690499e+04	1.704587e-04
	54	99	-13.500000	48.750000	1.000404e+05	2.935020e-04
2022	2	17	5	18
	78	26	-7.500000	67.000000	9.475020e+04	4.089354e-04
	189	51	20.250000	60.750000	9.719202e+04	1.415464e-04
	192	65	21.000000	57.250000	9.700718e+04	1.411508e-04
	91	89	-4.250000	51.250000	9.939252e+04	2.228607e-04
	233	150	31.250000	36.000000	1.011788e+05	3.749079e-05
2022	2	18	4	0
	72	27	-9.000000	66.750000	9.473927e+04	4.211764e-04
	191	50	20.750000	61.000000	9.749234e+04	1.542036e-04
	125	81	4.250000	53.250000	9.874734e+04	2.490761e-04
	116	124	2.000000	42.500000	1.016688e+05	3.820514e-05
2022	2	18	4	6
	69	28	-9.750000	66.500000	9.493055e+04	3.720154e-04
	195	48	21.750000	61.500000	9.735634e+04	8.995287e-05
	158	78	12.500000	54.000000	9.817387e+04	2.327635e-04
	276	162	42.000000	33.000000	1.010176e+05	-6.243702e-05
2022	2	18	6	12
	64	28	-11.000000	66.500000	9.549621e+04	3.952188e-04
	46	37	-15.500000	64.250000	9.549621e+04	-5.640927e-05
	203	47	23.750000	61.750000	9.707302e+04	1.606810e-04
	190	76	20.500000	54.500000	9.768519e+04	2.361704e-04
	138	117	7.500000	44.250000	1.009064e+05	1.746005e-04
	276	117	42.000000	44.250000	1.001440e+05	-8.683321e-05
2022	2	18	6	18
	63	31	-11.250000	65.750000	9.620802e+04	3.533521e-04
	46	37	-15.500000	64.250000	9.620802e+04	-2.635703e-05
	208	45	25.000000	62.250000	9.690421e+04	1.286210e-04
	221	75	28.250000	54.750000	9.719183e+04	4.337233e-04
	157	107	12.250000	46.750000	1.009369e+05	4.709705e-06
	145	120	9.250000	43.500000	1.009961e+05	8.092156e-05
2022	2	19	6	0
	288	32	45.000000	65.500000	9.799860e+04	7.640736e-05
	68	34	-10.000000	65.000000	9.683211e+04	3.360563e-04
	48	37	-15.000000	64.250000	9.683211e+04	4.561452e-05
	220	43	28.000000	62.750000	9.692453e+04	8.966334e-05
	0	66	-27.000000	57.000000	9.893296e+04	9.200714e-05
	249	74	35.250000	55.000000	9.710370e+04	4.184489e-04
2022	2	19	4	6
	81	36	-6.750000	64.500000	9.742317e+04	3.384912e-04
	225	40	29.250000	63.500000	9.695423e+04	8.727628e-05
	0	59	-27.000000	58.750000	9.708260e+04	8.057699e-05
	270	69	40.500000	56.250000	9.717151e+04	3.010143e-04
2022	2	19	4	12
	99	38	-2.250000	64.000000	9.825534e+04	2.533248e-04
	99	39	-2.250000	63.750000	9.825534e+04	2.643682e-04
	0	56	-27.000000	59.500000	9.509879e+04	3.870692e-04
	278	118	42.500000	44.000000	1.003597e+05	-1.264499e-04
2022	2	19	2	18
	288	51	45.000000	60.750000	9.696908e+04	2.317017e-04
	7	53	-25.250000	60.250000	9.452414e+04	4.786731e-04
2022	2	20	3	0
	280	45	43.000000	62.250000	9.695990e+04	9.292690e-05
	0	50	-27.000000	61.000000	9.664941e+04	1.169587e-04
	21	53	-21.750000	60.250000	9.459839e+04	4.109555e-04
