2022	2	14	7	0
	2	6	-26.500000	72.000000	9.975871e+04	-1.839267e-05
	222	10	28.500000	71.000000	9.843862e+04	1.561965e-04
	191	12	20.750000	70.500000	9.843862e+04	1.549195e-04
	1	17	-26.750000	69.250000	9.975871e+04	1.439902e-06
	221	20	28.250000	68.500000	9.843862e+04	7.118432e-05
	114	62	1.500000	58.000000	9.849055e+04	7.666447e-05
	105	71	-0.750000	55.750000	9.849055e+04	8.535707e-05
2022	2	14	6	3
	61	4	-11.750000	72.500000	1.001158e+05	8.481472e-05
	213	9	26.250000	71.250000	9.817072e+04	2.188367e-04
	1	17	-26.750000	69.250000	9.976038e+04	-1.172084e-05
	227	22	29.750000	68.000000	9.831736e+04	7.088671e-05
	120	58	3.000000	59.000000	9.849507e+04	1.221297e-04
	108	71	0.000000	55.750000	9.845281e+04	1.189260e-04
2022	2	14	4	6
	68	3	-10.000000	72.750000	1.000862e+05	8.940721e-05
	217	8	27.250000	71.500000	9.801891e+04	2.585193e-04
	120	59	3.000000	58.750000	9.849908e+04	1.000443e-04
	115	70	1.750000	56.000000	9.849908e+04	4.449838e-05
2022	2	14	5	9
	73	2	-8.750000	73.000000	1.001651e+05	7.069043e-05
	74	2	-8.500000	73.000000	1.001651e+05	8.019943e-05
	217	9	27.250000	71.250000	9.806667e+04	2.868132e-04
	0	52	-27.000000	60.500000	9.799519e+04	1.467393e-04
	126	68	4.500000	56.500000	9.854701e+04	1.272375e-04
2022	2	14	4	12
	82	0	-6.500000	73.500000	1.001604e+05	6.433578e-05
	223	9	28.750000	71.250000	9.810892e+04	2.563228e-04
	0	48	-27.000000	61.500000	9.760921e+04	1.327670e-04
	133	65	6.250000	57.250000	9.847903e+04	1.976868e-04
2022	2	14	5	15
	84	0	-6.000000	73.500000	1.001761e+05	2.339804e-05
	240	13	33.000000	70.250000	9.817055e+04	1.957808e-04
	0	44	-27.000000	62.500000	9.727067e+04	1.301077e-04
	131	54	5.750000	60.000000	9.841924e+04	1.174015e-05
	139	62	7.750000	58.000000	9.841924e+04	2.205581e-04
2022	2	14	5	18
	6	7	-25.500000	71.750000	9.987412e+04	3.742801e-05
	250	13	35.500000	70.250000	9.817924e+04	1.559131e-04
	0	40	-27.000000	63.500000	9.712487e+04	1.320969e-04
	128	53	5.000000	60.250000	9.850943e+04	1.073137e-04
	147	58	9.750000	59.000000	9.850943e+04	2.783077e-04
2022	2	14	6	21
	257	12	37.250000	70.500000	9.817523e+04	1.746313e-04
	0	37	-27.000000	64.250000	9.732262e+04	1.056510e-04
	27	39	-20.250000	63.750000	9.732262e+04	-1.921279e-05
	127	51	4.750000	60.750000	9.856521e+04	1.084883e-04
	151	54	10.750000	60.000000	9.852613e+04	3.869515e-04
	137	120	7.250000	43.500000	1.011089e+05	1.305666e-04
2022	2	15	8	0
	249	5	35.250000	72.250000	9.821248e+04	9.101631e-05
	6	7	-25.500000	71.750000	9.969324e+04	7.998056e-05
	264	12	39.000000	70.500000	9.821248e+04	1.798353e-04
	5	38	-25.750000	64.000000	9.739126e+04	1.807249e-04
	27	39	-20.250000	63.750000	9.739126e+04	3.106592e-05
	125	51	4.250000	60.750000	9.886317e+04	1.365904e-04
	153	53	11.250000	60.250000	9.869381e+04	3.345602e-04
	151	116	10.750000	44.500000	1.010573e+05	7.716555e-05
2022	2	15	9	3
	9	6	-24.750000	72.000000	9.980748e+04	1.044930e-04
	245	7	34.250000	71.750000	9.827143e+04	1.737701e-04
	271	11	40.750000	70.750000	9.827143e+04	1.763222e-04
	1	36	-26.750000	64.500000	9.724478e+04	1.166954e-04
	28	38	-20.000000	64.000000	9.724478e+04	5.297410e-05
	125	51	4.250000	60.750000	9.885716e+04	1.176606e-04
	156	51	12.000000	60.750000	9.890409e+04	2.760667e-04
	142	58	8.500000	59.000000	9.885716e+04	5.403563e-05
	153	116	11.250000	44.500000	1.010060e+05	1.268746e-04
2022	2	15	6	6
	248	10	35.000000	71.000000	9.833523e+04	2.029515e-04
	274	10	41.500000	71.000000	9.833523e+04	1.758896e-04
	24	35	-21.000000	64.750000	9.723894e+04	1.293210e-04
	45	44	-15.750000	62.500000	9.765932e+04	2.567136e-04
	124	50	4.000000	61.000000	9.880371e+04	1.622219e-04
	157	114	12.250000	45.000000	1.010272e+05	1.407763e-04
2022	2	15	7	9
	277	9	42.250000	71.250000	9.844663e+04	1.860621e-04
	254	13	36.500000	70.250000	9.844663e+04	1.619029e-04
	39	40	-17.250000	63.500000	9.746524e+04	2.590794e-04
	167	48	14.750000	61.500000	9.898843e+04	1.941322e-04
	123	49	3.750000	61.250000	9.873356e+04	1.773868e-04
	2	83	-26.500000	52.750000	9.856254e+04	1.581555e-04
	160	111	13.000000	45.750000	1.010544e+05	1.154619e-04
2022	2	15	7	12
	280	8	43.000000	71.500000	9.857005e+04	1.900417e-04
	27	34	-20.250000	65.000000	9.735669e+04	2.602281e-04
	170	46	15.500000	62.000000	9.891645e+04	1.293594e-04
	123	48	3.750000	61.500000	9.869699e+04	1.657901e-04
	124	48	4.000000	61.500000	9.869699e+04	1.626650e-04
	15	79	-23.250000	53.750000	9.829381e+04	2.346418e-04
	160	111	13.000000	45.750000	1.010387e+05	1.086524e-04
2022	2	15	7	15
	282	9	43.500000	71.250000	9.863502e+04	2.074870e-04
	16	29	-23.000000	66.250000	9.733080e+04	2.029463e-04
	0	39	-27.000000	63.750000	9.731042e+04	1.073606e-05
	173	44	16.250000	62.500000	9.888405e+04	1.314595e-04
	28	76	-20.000000	54.500000	9.792605e+04	2.572439e-04
	160	111	13.000000	45.750000	1.011145e+05	9.234207e-05
	163	162	13.750000	33.000000	1.016725e+05	-1.922447e-05
2022	2	15	6	18
	287	9	44.750000	71.250000	9.872254e+04	1.531326e-04
	0	39	-27.000000	63.750000	9.722107e+04	3.051561e-05
	95	55	-3.250000	59.750000	9.833791e+04	1.822885e-04
	97	55	-2.750000	59.750000	9.833791e+04	1.834711e-04
	38	74	-17.500000	55.000000	9.762458e+04	3.024878e-04
	164	162	14.000000	33.000000	1.017223e+05	-2.164444e-05
2022	2	15	2	21
	103	55	-1.250000	59.750000	9.830149e+04	1.302100e-04
	48	73	-15.000000	55.250000	9.769740e+04	2.773982e-04
2022	2	16	4	0
	186	41	19.500000	63.250000	9.898192e+04	9.529619e-05
	108	55	0.000000	59.750000	9.823519e+04	1.373955e-04
	66	72	-10.500000	55.500000	9.782917e+04	2.513519e-04
	1	74	-26.750000	55.000000	9.807302e+04	1.002158e-04
2022	2	16	3	3
	288	6	45.000000	72.000000	9.898526e+04	1.212108e-04
	113	55	1.250000	59.750000	9.813364e+04	1.137372e-04
	79	72	-7.250000	55.500000	9.793473e+04	2.342406e-04
2022	2	16	7	6
	285	7	44.250000	71.750000	9.902050e+04	1.228419e-04
	116	55	2.000000	59.750000	9.809823e+04	1.139116e-04
	147	60	9.750000	58.500000	9.819227e+04	1.856888e-04
	18	66	-22.500000	57.000000	9.735635e+04	2.128702e-04
	2	71	-26.500000	55.750000	9.735635e+04	1.169752e-04
	101	75	-1.750000	54.750000	9.812062e+04	1.969216e-04
	280	121	43.000000	43.250000	1.021201e+05	6.432429e-06
2022	2	16	6	9
	286	7	44.500000	71.750000	9.908363e+04	1.194205e-04
	121	55	3.250000	59.750000	9.804395e+04	1.326651e-04
	151	59	10.750000	58.750000	9.816471e+04	1.406300e-04
	23	62	-21.250000	58.000000	9.681789e+04	2.616991e-04
	119	76	2.750000	54.500000	9.813882e+04	2.299519e-04
	278	120	42.500000	43.500000	1.021156e+05	7.673510e-07
2022	2	16	6	12
	285	7	44.250000	71.750000	9.913106e+04	1.488464e-04
	125	54	4.250000	60.000000	9.810007e+04	1.382393e-04
	158	58	12.500000	59.000000	9.811677e+04	1.629420e-04
	27	61	-20.250000	58.250000	9.660127e+04	3.216131e-04
	137	78	7.250000	54.000000	9.812847e+04	2.202203e-04
	138	118	7.500000	44.000000	1.011164e+05	1.512699e-04
2022	2	16	7	15
	288	6	45.000000	72.000000	9.910050e+04	1.026372e-04
	126	53	4.500000	60.250000	9.809873e+04	1.303605e-04
	161	57	13.250000	59.250000	9.802742e+04	1.817915e-04
	35	61	-18.250000	58.250000	9.651793e+04	3.026999e-04
	150	79	10.500000	53.750000	9.813798e+04	2.482542e-04
	136	114	7.000000	45.000000	1.006751e+05	1.573366e-06
	280	121	43.000000	43.250000	1.020164e+05	-8.638057e-06
2022	2	16	8	18
	282	5	43.500000	72.250000	9.907862e+04	1.872898e-04
	163	56	13.750000	59.500000	9.799252e+04	1.759442e-04
	45	61	-15.750000	58.250000	9.655601e+04	2.704071e-04
	77	64	-7.750000	57.500000	9.682457e+04	2.273847e-04
	167	80	14.750000	53.500000	9.805180e+04	2.070036e-04
	136	115	7.000000	44.750000	1.007997e+05	4.902904e-05
	280	121	43.000000	43.250000	1.018758e+05	-2.339403e-05
	287	153	44.750000	35.250000	1.015787e+05	2.572045e-05
2022	2	16	7	21
	275	4	41.750000	72.500000	9.903820e+04	2.238556e-04
	55	55	-13.250000	59.750000	9.677730e+04	1.899998e-04
	165	56	14.250000	59.500000	9.796045e+04	1.644094e-04
	85	62	-5.750000	58.000000	9.688804e+04	2.456486e-04
	180	81	18.000000	53.250000	9.804662e+04	1.809610e-04
	281	121	43.250000	43.250000	1.017866e+05	-1.594869e-05
	287	154	44.750000	35.000000	1.015264e+05	2.179835e-05
2022	2	17	8	0
	274	5	41.500000	72.250000	9.900597e+04	1.885334e-04
	54	56	-13.500000	59.500000	9.706925e+04	2.842789e-04
	168	56	15.000000	59.500000	9.791352e+04	1.261456e-04
	89	60	-4.750000	58.500000	9.700595e+04	1.899019e-04
	108	65	0.000000	57.250000	9.700595e+04	2.463540e-04
	192	79	21.000000	53.750000	9.803193e+04	1.436886e-04
	137	114	7.250000	45.000000	1.006329e+05	7.738801e-05
	281	121	43.250000	43.250000	1.016634e+05	-1.554981e-05
2022	2	17	7	3
	276	6	42.000000	72.000000	9.895587e+04	1.726147e-04
	97	61	-2.750000	58.250000	9.703000e+04	1.952092e-04
	117	66	2.250000	57.000000	9.703000e+04	2.374977e-04
	135	71	6.750000	55.750000	9.703000e+04	2.643035e-04
	201	76	23.250000	54.500000	9.795310e+04	1.697851e-04
	281	121	43.250000	43.250000	1.015221e+05	-5.521092e-06
	203	145	23.750000	37.250000	1.009383e+05	1.014256e-04
2022	2	17	5	6
	279	5	42.750000	72.250000	9.890041e+04	1.799418e-04
	99	62	-2.250000	58.000000	9.741097e+04	2.134319e-04
	126	67	4.500000	56.750000	9.709965e+04	2.662969e-04
	148	72	10.000000	55.500000	9.705655e+04	2.735287e-04
	281	121	43.250000	43.250000	1.013933e+05	-8.317321e-06
2022	2	17	5	9
	278	3	42.500000	72.750000	9.890676e+04	1.999477e-04
	105	63	-0.750000	57.750000	9.778274e+04	2.455407e-04
	211	64	25.750000	57.500000	9.754408e+04	1.208379e-04
	134	69	6.500000	56.250000	9.730207e+04	2.782923e-04
	158	73	12.500000	55.250000	9.714223e+04	2.787447e-04
2022	2	17	5	12
	275	2	41.750000	73.000000	9.893048e+04	1.466550e-04
	215	60	26.750000	58.500000	9.734366e+04	1.652260e-04
	144	72	9.000000	55.500000	9.722274e+04	2.661306e-04
	168	74	15.000000	55.000000	9.712720e+04	2.749563e-04
	18	110	-22.500000	46.000000	1.005143e+05	1.312596e-04
2022	2	17	7	15
	269	1	40.250000	73.250000	9.891227e+04	1.138310e-04
	270	1	40.500000	73.250000	9.891227e+04	1.160504e-04
	139	35	7.750000	64.750000	9.816488e+04	3.301374e-05
	217	56	27.250000	59.500000	9.720871e+04	1.791388e-04
	177	75	17.250000	54.750000	9.729455e+04	2.683509e-04
	10	102	-24.500000	48.000000	9.993859e+04	1.840130e-04
	25	105	-20.750000	47.250000	9.993859e+04	2.041908e-04
2022	2	17	8	18
	138	34	7.500000	65.000000	9.829164e+04	1.017546e-04
	218	55	27.500000	59.750000	9.717113e+04	2.068318e-04
	17	60	-22.750000	58.500000	9.932380e+04	2.101530e-04
	189	78	20.250000	54.000000	9.760838e+04	2.132491e-04
	214	81	26.500000	53.250000	9.757280e+04	1.728905e-04
	13	99	-23.750000	48.750000	9.947662e+04	2.779999e-04
	29	100	-19.750000	48.500000	9.947662e+04	2.258857e-04
	281	121	43.250000	43.250000	1.007977e+05	-3.741586e-06
2022	2	17	8	21
	140	34	8.000000	65.000000	9.837465e+04	1.088807e-04
	16	42	-23.000000	63.000000	9.927470e+04	1.709976e-04
	219	53	27.750000	60.250000	9.719502e+04	1.913717e-04
	19	59	-22.250000	58.750000	9.914326e+04	2.661105e-04
	222	80	28.500000	53.500000	9.751902e+04	1.715388e-04
	32	97	-19.000000	49.250000	9.929190e+04	1.934213e-04
	17	98	-22.750000	49.000000	9.929190e+04	3.670689e-04
	250	161	35.500000	33.250000	1.008909e+05	-7.624933e-06
2022	2	18	9	0
	140	34	8.000000	65.000000	9.847670e+04	1.312618e-04
	12	41	-24.000000	63.250000	9.926952e+04	1.429648e-04
	36	48	-18.000000	61.500000	9.916029e+04	1.328950e-04
	220	51	28.000000	60.750000	9.729038e+04	1.621104e-04
	24	58	-21.000000	59.000000	9.916029e+04	2.640660e-04
	227	79	29.750000	53.750000	9.760504e+04	1.956747e-04
	36	92	-18.000000	50.500000	9.884530e+04	2.644614e-04
	25	99	-20.750000	48.750000	9.884530e+04	4.316440e-04
	256	162	37.000000	33.000000	1.007949e+05	7.811950e-05
2022	2	18	8	3
	6	7	-25.500000	71.750000	1.006304e+05	5.684088e-06
	142	34	8.500000	65.000000	9.852229e+04	1.039174e-04
	7	40	-25.250000	63.500000	9.920939e+04	1.757123e-04
	32	47	-19.000000	61.750000	9.909633e+04	1.079294e-04
	221	48	28.250000	61.500000	9.742032e+04	1.343735e-04
	29	58	-19.750000	59.000000	9.909633e+04	2.608469e-04
	233	77	31.250000	54.250000	9.778341e+04	2.078236e-04
	38	92	-17.500000	50.500000	9.848271e+04	3.505464e-04
2022	2	18	8	6
	145	34	9.250000	65.000000	9.860597e+04	9.039917e-05
	2	38	-26.500000	64.000000	9.911219e+04	1.362650e-04
	221	46	28.250000	62.000000	9.753656e+04	1.094144e-04
	29	47	-19.750000	61.750000	9.896823e+04	1.468823e-04
	49	48	-14.750000	61.500000	9.898109e+04	9.814280e-05
	35	58	-18.250000	59.000000	9.896823e+04	2.540674e-04
	44	91	-16.000000	50.750000	9.823218e+04	4.310391e-04
	150	115	10.500000	44.750000	1.011745e+05	1.076458e-05
2022	2	18	7	9
	146	34	9.500000	65.000000	9.871970e+04	8.383395e-05
	222	44	28.500000	62.500000	9.765781e+04	1.116640e-04
	28	48	-20.000000	61.500000	9.893065e+04	2.032529e-04
	46	48	-15.500000	61.500000	9.893065e+04	1.172200e-04
	41	58	-16.750000	59.000000	9.893065e+04	2.663114e-04
	56	84	-13.000000	52.500000	9.808388e+04	3.745259e-04
	147	115	9.750000	44.750000	1.014406e+05	-4.087649e-05
2022	2	18	6	12
	147	34	9.750000	65.000000	9.889591e+04	6.869998e-05
	223	42	28.750000	63.000000	9.775719e+04	9.730557e-05
	42	48	-16.500000	61.500000	9.889591e+04	1.107595e-04
	45	58	-15.750000	59.000000	9.889591e+04	2.667427e-04
	68	78	-10.000000	54.000000	9.801255e+04	3.260665e-04
	228	143	30.000000	37.750000	1.004902e+05	2.156443e-05
2022	2	18	6	15
	149	33	10.250000	65.250000	9.896722e+04	7.297040e-05
	225	40	29.250000	63.500000	9.785323e+04	1.233493e-04
	39	50	-17.250000	61.000000	9.883612e+04	1.974410e-04
	49	58	-14.750000	59.000000	9.883612e+04	2.112185e-04
	79	73	-7.250000	55.250000	9.766132e+04	2.698507e-04
	230	148	30.500000	36.500000	1.004847e+05	8.493414e-05
2022	2	18	6	18
	150	33	10.500000	65.250000	9.894200e+04	1.087414e-04
	227	39	29.750000	63.750000	9.788145e+04	1.274530e-04
	0	62	-27.000000	58.000000	9.888238e+04	5.482074e-05
	99	68	-2.250000	56.500000	9.743952e+04	2.641999e-04
	85	71	-5.750000	55.750000	9.743952e+04	2.955727e-04
	229	149	30.250000	36.250000	1.004201e+05	1.984380e-04
2022	2	18	8	21
	148	27	10.000000	66.750000	9.891612e+04	7.641842e-05
	251	36	35.750000	64.500000	9.790717e+04	9.404944e-05
	230	38	30.500000	64.000000	9.790717e+04	8.641792e-05
	0	59	-27.000000	58.750000	9.821648e+04	1.079764e-04
	102	65	-1.500000	57.250000	9.689221e+04	2.865056e-04
	107	129	-0.250000	41.250000	1.010442e+05	4.973102e-05
	233	149	31.250000	36.250000	1.001522e+05	1.754543e-04
	264	162	39.000000	33.000000	1.003134e+05	7.021061e-05
2022	2	19	8	0
	7	6	-25.250000	72.000000	1.006689e+05	-7.829615e-06
	148	27	10.000000	66.750000	9.884780e+04	7.107045e-05
	249	32	35.250000	65.500000	9.790650e+04	1.005923e-04
	1	57	-26.750000	59.250000	9.808605e+04	1.441301e-04
	105	65	-0.750000	57.250000	9.667843e+04	3.362143e-04
	234	153	31.500000	35.250000	9.992072e+04	2.481522e-04
	265	161	39.250000	33.250000	1.003889e+05	7.878806e-05
	276	162	42.000000	33.000000	1.003889e+05	-5.454762e-05
2022	2	19	10	3
	6	7	-25.500000	71.750000	1.005652e+05	2.459056e-06
	248	29	35.000000	66.250000	9.781731e+04	1.372582e-04
	4	56	-26.000000	59.500000	9.805097e+04	1.965284e-04
	23	60	-21.250000	58.500000	9.805097e+04	1.483982e-04
	124	61	4.000000	58.250000	9.645814e+04	2.953019e-04
	114	68	1.500000	56.500000	9.645814e+04	3.764041e-04
	108	131	0.000000	40.750000	1.011212e+05	1.889923e-05
	235	156	31.750000	34.500000	9.983654e+04	2.718151e-04
	266	161	39.500000	33.250000	1.005342e+05	8.134145e-05
	283	162	43.750000	33.000000	1.005036e+05	1.691908e-05
2022	2	19	7	6
	249	26	35.250000	67.000000	9.777991e+04	1.681396e-04
	7	55	-25.250000	59.750000	9.794959e+04	2.074749e-04
	127	60	4.750000	58.500000	9.637713e+04	2.935319e-04
	36	61	-18.000000	58.250000	9.820813e+04	1.991879e-04
	238	150	32.500000	36.000000	9.994327e+04	-5.260516e-05
	252	156	36.000000	34.500000	9.998101e+04	-1.909908e-05
	238	160	32.500000	33.500000	9.994327e+04	2.646217e-04
2022	2	19	8	9
	252	22	36.000000	68.000000	9.775352e+04	1.747977e-04
	135	52	6.750000	60.500000	9.658156e+04	-1.530848e-04
	7	53	-25.250000	60.250000	9.785823e+04	1.923693e-04
	40	60	-17.000000	58.500000	9.835060e+04	1.549915e-04
	146	60	9.500000	58.500000	9.658156e+04	2.125906e-04
	172	103	16.000000	47.750000	1.005315e+05	9.875394e-05
	252	156	36.000000	34.500000	1.001310e+05	2.694956e-05
	241	162	33.250000	33.000000	1.001310e+05	9.347527e-05
2022	2	19	8	12
	255	17	36.750000	69.250000	9.765063e+04	1.934529e-04
	0	51	-27.000000	60.750000	9.754007e+04	8.627609e-05
	152	57	11.000000	59.250000	9.656920e+04	2.690151e-04
	71	66	-9.250000	57.000000	9.867929e+04	1.790375e-04
	0	67	-27.000000	56.750000	9.744253e+04	1.291142e-04
	135	113	6.750000	45.250000	1.012027e+05	1.953667e-05
	252	156	36.000000	34.500000	1.002249e+05	6.378321e-05
	243	162	33.750000	33.000000	1.002249e+05	5.754366e-05
2022	2	19	5	15
	255	17	36.750000	69.250000	9.758901e+04	2.077450e-04
	186	51	19.500000	60.750000	9.669096e+04	2.437039e-04
	157	58	12.250000	59.000000	9.675577e+04	2.793021e-04
	0	63	-27.000000	57.750000	9.655752e+04	1.028595e-04
	78	65	-7.500000	57.250000	9.869999e+04	1.534352e-04
2022	2	19	5	18
	257	17	37.250000	69.250000	9.760270e+04	1.598498e-04
	147	30	9.750000	66.000000	9.841490e+04	6.228968e-05
	190	50	20.500000	61.000000	9.670065e+04	2.277968e-04
	0	59	-27.000000	58.750000	9.587959e+04	1.241147e-04
	82	64	-6.500000	57.500000	9.879870e+04	1.499467e-04
2022	2	19	3	21
	262	16	38.500000	69.500000	9.766583e+04	1.520772e-04
	192	50	21.000000	61.000000	9.679835e+04	3.208643e-04
	0	57	-27.000000	59.250000	9.552602e+04	8.541072e-05
2022	2	20	5	0
	266	15	39.500000	69.750000	9.769055e+04	1.373290e-04
	199	51	22.750000	60.750000	9.700745e+04	2.215985e-04
	10	58	-24.500000	59.000000	9.546222e+04	8.932328e-05
	272	161	41.000000	33.250000	1.011037e+05	5.810898e-05
	282	162	43.500000	33.000000	1.011037e+05	1.051045e-04
