2022	2	14	7	0
	2	6	-26.500000	72.000000	9.973326e+04	-8.793432e-07
	217	9	27.250000	71.250000	9.839544e+04	1.361349e-04
	194	12	21.500000	70.500000	9.839544e+04	1.309179e-04
	1	17	-26.750000	69.250000	9.973326e+04	2.936626e-06
	218	25	27.500000	67.250000	9.850871e+04	1.019240e-04
	116	62	2.000000	58.000000	9.846250e+04	9.081817e-05
	105	71	-0.750000	55.750000	9.846250e+04	1.365241e-04
2022	2	14	6	3
	210	9	25.500000	71.250000	9.811720e+04	2.083698e-04
	1	17	-26.750000	69.250000	9.974986e+04	-1.773920e-05
	233	20	31.250000	68.500000	9.819976e+04	8.501129e-05
	234	20	31.500000	68.500000	9.820399e+04	9.042432e-05
	120	64	3.000000	57.500000	9.838087e+04	1.010599e-04
	108	71	0.000000	55.750000	9.838087e+04	1.357864e-04
2022	2	14	2	6
	219	8	27.750000	71.500000	9.805781e+04	2.107963e-04
	108	72	0.000000	55.500000	9.845169e+04	1.590369e-04
2022	2	14	4	9
	222	8	28.500000	71.500000	9.807442e+04	2.253179e-04
	0	55	-27.000000	59.750000	9.808805e+04	1.304649e-04
	123	67	3.750000	56.750000	9.848709e+04	1.180889e-04
	110	73	0.500000	55.250000	9.848709e+04	2.113702e-04
2022	2	14	3	12
	226	9	29.500000	71.250000	9.806878e+04	2.496699e-04
	6	51	-25.500000	60.750000	9.765971e+04	2.616793e-04
	128	64	5.000000	57.500000	9.841283e+04	1.794760e-04
2022	2	14	3	15
	234	7	31.500000	71.750000	9.814461e+04	1.307609e-04
	4	46	-26.000000	62.000000	9.720412e+04	2.179676e-04
	131	62	5.750000	58.000000	9.831491e+04	2.607359e-04
2022	2	14	5	18
	248	5	35.000000	72.250000	9.811829e+04	1.346879e-04
	252	13	36.000000	70.250000	9.811829e+04	1.542858e-04
	288	13	45.000000	70.250000	9.898405e+04	6.882725e-05
	0	42	-27.000000	63.000000	9.687824e+04	1.416030e-04
	134	61	6.500000	58.250000	9.837821e+04	2.551762e-04
2022	2	14	6	21
	246	5	34.500000	72.250000	9.806267e+04	9.701292e-05
	288	10	45.000000	71.000000	9.869045e+04	6.381253e-05
	259	12	37.750000	70.500000	9.806267e+04	1.741208e-04
	27	39	-20.250000	63.750000	9.709883e+04	-2.612364e-05
	137	60	7.250000	58.500000	9.853316e+04	2.596533e-04
	140	121	8.000000	43.250000	1.011619e+05	1.150820e-04
2022	2	15	8	0
	244	6	34.000000	72.000000	9.805656e+04	1.707609e-04
	269	12	40.250000	70.500000	9.805656e+04	1.837890e-04
	0	38	-27.000000	64.000000	9.712437e+04	8.981384e-05
	28	38	-20.000000	64.000000	9.716025e+04	-8.529145e-06
	36	47	-18.000000	61.750000	9.746607e+04	2.021915e-04
	128	54	5.000000	60.000000	9.859817e+04	7.196213e-05
	143	58	8.750000	59.000000	9.859817e+04	2.606754e-04
	146	119	9.500000	43.750000	1.011630e+05	1.324719e-04
2022	2	15	7	3
	246	11	34.500000	70.750000	9.802429e+04	2.221395e-04
	274	11	41.500000	70.750000	9.802429e+04	1.915067e-04
	28	38	-20.000000	64.000000	9.723859e+04	4.827413e-05
	126	51	4.500000	60.750000	9.862700e+04	1.122718e-04
	127	51	4.750000	60.750000	9.860648e+04	9.520369e-05
	148	57	10.000000	59.250000	9.859582e+04	2.624367e-04
	146	118	9.500000	44.000000	1.010512e+05	1.131108e-04
2022	2	15	6	6
	274	10	41.500000	71.000000	9.807145e+04	2.050154e-04
	42	42	-16.500000	63.000000	9.741859e+04	2.714702e-04
	126	49	4.500000	61.250000	9.878555e+04	1.266744e-04
	152	55	11.000000	59.750000	9.865254e+04	2.733669e-04
	0	85	-27.000000	52.250000	9.886498e+04	1.301043e-04
	156	114	12.000000	45.000000	1.010762e+05	1.241882e-04
2022	2	15	7	9
	281	10	43.250000	71.000000	9.818645e+04	2.524095e-04
	10	31	-24.500000	65.750000	9.711654e+04	1.024312e-04
	34	36	-18.500000	64.500000	9.723373e+04	1.572466e-04
	126	47	4.500000	61.750000	9.883475e+04	1.470669e-04
	155	52	11.750000	60.500000	9.872445e+04	2.156079e-04
	6	82	-25.500000	53.000000	9.841502e+04	2.336311e-04
	157	112	12.250000	45.500000	1.011163e+05	1.199950e-04
2022	2	15	8	12
	6	7	-25.500000	71.750000	9.950138e+04	-2.412024e-05
	285	9	44.250000	71.250000	9.827888e+04	2.404561e-04
	12	30	-24.000000	66.000000	9.703757e+04	8.573825e-05
	0	40	-27.000000	63.500000	9.703757e+04	5.493301e-05
	158	51	12.500000	60.750000	9.876895e+04	1.883234e-04
	21	79	-21.750000	53.750000	9.826117e+04	2.654652e-04
	160	111	13.000000	45.750000	1.011552e+05	9.318464e-05
	159	119	12.750000	43.750000	1.011552e+05	-5.063635e-06
2022	2	15	5	15
	2	6	-26.500000	72.000000	9.955575e+04	3.830215e-05
	287	9	44.750000	71.250000	9.831961e+04	1.858280e-04
	0	35	-27.000000	64.750000	9.707157e+04	-2.561855e-05
	164	50	14.000000	61.000000	9.885903e+04	1.465569e-04
	34	77	-18.500000	54.250000	9.802162e+04	3.187731e-04
2022	2	15	6	18
	288	9	45.000000	71.250000	9.841377e+04	1.308793e-04
	0	37	-27.000000	64.250000	9.714238e+04	2.200511e-05
	182	46	18.500000	62.000000	9.887423e+04	1.233374e-04
	119	57	2.750000	59.250000	9.834781e+04	1.850536e-04
	50	75	-14.500000	54.750000	9.797180e+04	2.777579e-04
	163	162	13.750000	33.000000	1.016882e+05	7.677399e-06
2022	2	15	4	21
	184	44	19.000000	62.500000	9.880780e+04	1.469664e-04
	125	57	4.250000	59.250000	9.830896e+04	2.335741e-04
	64	74	-11.000000	55.000000	9.813348e+04	2.195733e-04
	165	160	14.250000	33.500000	1.018027e+05	-7.826235e-06
2022	2	16	5	0
	186	43	19.500000	62.750000	9.878163e+04	1.301609e-04
	129	56	5.250000	59.500000	9.836176e+04	1.936147e-04
	0	70	-27.000000	56.000000	9.696425e+04	1.389252e-04
	74	75	-8.500000	54.750000	9.840077e+04	2.152448e-04
	168	162	15.000000	33.000000	1.017867e+05	-9.639086e-05
2022	2	16	3	3
	190	42	20.500000	63.000000	9.883866e+04	1.307612e-04
	1	65	-26.750000	57.250000	9.619077e+04	1.878883e-04
	92	77	-4.000000	54.250000	9.865270e+04	1.920481e-04
2022	2	16	5	6
	288	6	45.000000	72.000000	9.873072e+04	9.959986e-05
	124	37	4.000000	64.250000	9.834781e+04	1.876867e-04
	157	54	12.250000	60.000000	9.836270e+04	1.779648e-04
	7	61	-25.250000	58.250000	9.565370e+04	4.088266e-04
	112	79	1.000000	53.750000	9.882143e+04	1.448017e-04
2022	2	16	6	9
	288	6	45.000000	72.000000	9.875218e+04	1.295233e-04
	119	38	2.750000	64.000000	9.828922e+04	1.617452e-04
	170	53	15.500000	60.250000	9.828812e+04	1.851331e-04
	13	62	-23.750000	58.000000	9.562816e+04	4.082507e-04
	133	81	6.250000	53.250000	9.896165e+04	1.255031e-04
	137	116	7.250000	44.500000	1.012932e+05	8.966473e-05
2022	2	16	6	12
	286	6	44.500000	72.000000	9.882927e+04	1.690794e-04
	116	38	2.000000	64.000000	9.823047e+04	1.554449e-04
	176	51	17.000000	60.750000	9.821793e+04	1.779302e-04
	27	63	-20.250000	57.750000	9.581381e+04	2.456571e-04
	149	82	10.250000	53.000000	9.898970e+04	1.662237e-04
	137	116	7.250000	44.500000	1.011894e+05	9.044610e-05
2022	2	16	3	15
	286	6	44.500000	72.000000	9.882174e+04	1.592640e-04
	181	49	18.250000	61.250000	9.807113e+04	1.818233e-04
	46	62	-15.500000	58.000000	9.581272e+04	2.374477e-04
2022	2	16	5	18
	285	7	44.250000	71.750000	9.883162e+04	2.020644e-04
	185	48	19.250000	61.500000	9.797901e+04	1.956558e-04
	41	55	-16.750000	59.750000	9.589873e+04	2.122651e-04
	42	55	-16.500000	59.750000	9.589873e+04	2.053317e-04
	62	60	-11.500000	58.500000	9.589873e+04	2.577636e-04
2022	2	16	6	21
	287	7	44.750000	71.750000	9.883177e+04	1.536469e-04
	200	37	23.000000	64.250000	9.786777e+04	6.359636e-05
	189	47	20.250000	61.750000	9.786777e+04	2.064125e-04
	76	59	-8.000000	58.750000	9.596140e+04	2.746542e-04
	138	117	7.500000	44.250000	1.010228e+05	7.575117e-05
	189	149	20.250000	36.250000	1.013065e+05	1.573509e-04
2022	2	17	6	0
	288	6	45.000000	72.000000	9.885057e+04	9.437599e-05
	198	35	22.500000	64.750000	9.770703e+04	5.601409e-05
	191	46	20.750000	62.000000	9.770703e+04	1.786100e-04
	87	57	-5.250000	59.250000	9.604302e+04	2.532600e-04
	138	117	7.500000	44.250000	1.010552e+05	7.446781e-05
	192	148	21.000000	36.500000	1.010664e+05	1.459195e-04
2022	2	17	7	3
	286	5	44.500000	72.250000	9.881391e+04	1.457406e-04
	194	45	21.500000	62.250000	9.757323e+04	1.326301e-04
	93	54	-3.750000	60.000000	9.604209e+04	2.451280e-04
	145	64	9.250000	57.500000	9.658401e+04	3.066288e-04
	138	117	7.500000	44.250000	1.009177e+05	7.564271e-05
	280	121	43.000000	43.250000	1.015467e+05	-1.608224e-05
	194	149	21.500000	36.250000	1.008331e+05	1.305740e-04
2022	2	17	7	6
	281	5	43.250000	72.250000	9.875030e+04	1.989854e-04
	198	44	22.500000	62.500000	9.744773e+04	1.431124e-04
	105	58	-0.750000	59.000000	9.615003e+04	2.140303e-04
	152	63	11.000000	57.750000	9.644583e+04	2.525890e-04
	137	117	7.250000	44.250000	1.009276e+05	8.146192e-05
	280	121	43.000000	43.250000	1.014803e+05	-1.029333e-05
	193	149	21.250000	36.250000	1.008694e+05	1.545811e-04
2022	2	17	8	9
	281	4	43.250000	72.500000	9.873276e+04	1.852461e-04
	113	59	1.250000	58.750000	9.625860e+04	1.522919e-04
	114	59	1.500000	58.750000	9.625860e+04	1.579897e-04
	159	62	12.750000	58.000000	9.643611e+04	2.927443e-04
	184	66	19.000000	57.000000	9.662349e+04	2.670331e-04
	11	104	-24.250000	47.500000	1.009835e+05	1.200000e-04
	193	151	21.250000	35.750000	1.009663e+05	1.453227e-04
	206	152	24.500000	35.500000	1.009663e+05	7.428283e-05
2022	2	17	8	12
	279	4	42.750000	72.500000	9.872273e+04	1.665457e-04
	121	61	3.250000	58.250000	9.655205e+04	2.040390e-04
	165	62	14.250000	58.000000	9.658714e+04	2.647952e-04
	191	64	20.750000	57.500000	9.641638e+04	2.820006e-04
	21	100	-21.750000	48.500000	1.007418e+05	1.606385e-04
	205	152	24.250000	35.500000	1.008511e+05	4.272810e-05
	206	152	24.500000	35.500000	1.008511e+05	5.540407e-05
	198	158	22.500000	34.000000	1.008511e+05	1.564667e-04
2022	2	17	8	15
	278	3	42.500000	72.750000	9.867087e+04	1.606317e-04
	244	37	34.000000	64.250000	9.744633e+04	1.266937e-04
	195	62	21.750000	58.000000	9.632174e+04	2.980595e-04
	129	64	5.250000	57.500000	9.699590e+04	1.719166e-04
	16	72	-23.000000	55.500000	9.997609e+04	1.629460e-04
	30	97	-19.500000	49.250000	1.003783e+05	2.010445e-04
	207	152	24.750000	35.500000	1.008409e+05	4.536658e-05
	202	161	23.500000	33.250000	1.008409e+05	1.027361e-04
2022	2	17	5	18
	288	27	45.000000	66.750000	9.817219e+04	7.759962e-05
	247	35	34.750000	64.750000	9.740324e+04	1.565330e-04
	199	61	22.750000	58.250000	9.634148e+04	3.160021e-04
	21	72	-21.750000	55.500000	9.977759e+04	1.762724e-04
	39	93	-17.250000	50.250000	9.993191e+04	2.231497e-04
2022	2	17	4	21
	249	32	35.250000	65.500000	9.743598e+04	1.778177e-04
	203	60	23.750000	58.500000	9.642138e+04	3.164254e-04
	25	71	-20.750000	55.750000	9.965680e+04	2.414357e-04
	51	88	-14.250000	51.500000	9.957408e+04	2.633661e-04
2022	2	18	6	0
	250	31	35.500000	65.750000	9.751996e+04	1.581579e-04
	51	55	-14.250000	59.750000	9.937041e+04	1.492605e-04
	207	60	24.750000	58.500000	9.662772e+04	2.852679e-04
	30	72	-19.500000	55.500000	9.955998e+04	2.708538e-04
	60	83	-12.000000	52.750000	9.906286e+04	3.104913e-04
	153	111	11.250000	45.750000	1.008055e+05	1.513913e-04
2022	2	18	6	3
	146	26	9.500000	67.000000	9.837664e+04	6.761309e-05
	229	49	30.250000	61.250000	9.693198e+04	9.163016e-05
	52	56	-14.000000	59.500000	9.915295e+04	1.435631e-04
	212	60	26.000000	58.500000	9.687652e+04	2.452155e-04
	69	80	-9.750000	53.500000	9.862073e+04	3.634814e-04
	250	161	35.500000	33.250000	1.006864e+05	-1.143697e-05
2022	2	18	5	6
	146	26	9.500000	67.000000	9.837773e+04	9.331122e-05
	226	50	29.500000	61.000000	9.720286e+04	9.636747e-05
	68	55	-10.000000	59.750000	9.889459e+04	1.365867e-04
	218	59	27.500000	58.750000	9.720286e+04	2.070249e-04
	80	76	-7.000000	54.500000	9.816404e+04	4.120808e-04
2022	2	18	6	9
	6	7	-25.500000	71.750000	1.004140e+05	-2.283859e-05
	147	25	9.750000	67.250000	9.841111e+04	1.393480e-04
	246	43	34.500000	62.750000	9.750649e+04	8.376117e-05
	71	55	-9.250000	59.750000	9.883145e+04	1.894265e-04
	90	75	-4.500000	54.750000	9.800925e+04	4.879838e-04
	137	113	7.250000	45.250000	1.015191e+05	1.802799e-05
2022	2	18	5	12
	6	7	-25.500000	71.750000	1.004464e+05	-1.526823e-05
	147	25	9.750000	67.250000	9.841926e+04	1.540191e-04
	70	56	-9.500000	59.500000	9.884822e+04	2.378031e-04
	110	72	0.500000	55.500000	9.815291e+04	3.217536e-04
	93	155	-3.750000	34.750000	1.017380e+05	9.868703e-05
2022	2	18	7	15
	239	0	32.750000	73.500000	9.862387e+04	1.060794e-04
	7	6	-25.250000	72.000000	1.004561e+05	-5.448842e-06
	6	14	-25.500000	70.000000	1.002761e+05	-9.131805e-06
	147	25	9.750000	67.250000	9.837460e+04	1.687662e-04
	258	34	37.500000	65.000000	9.760691e+04	1.691082e-04
	74	58	-8.500000	59.000000	9.891809e+04	2.875551e-04
	124	70	4.000000	56.000000	9.791806e+04	3.356733e-04
2022	2	18	9	18
	239	1	32.750000	73.250000	9.859269e+04	1.269943e-04
	145	25	9.250000	67.250000	9.832541e+04	2.079422e-04
	259	32	37.750000	65.500000	9.756493e+04	2.305530e-04
	149	35	10.250000	64.750000	9.832541e+04	1.440655e-04
	80	60	-7.000000	58.500000	9.912365e+04	2.232670e-04
	137	70	7.250000	56.000000	9.792417e+04	3.016475e-04
	219	147	27.750000	36.750000	1.006642e+05	1.863006e-04
	231	148	30.750000	36.500000	1.006642e+05	3.956974e-05
	260	162	38.000000	33.000000	1.005058e+05	1.687578e-05
2022	2	18	6	21
	239	3	32.750000	72.750000	9.855195e+04	1.427953e-04
	277	25	42.250000	67.250000	9.759705e+04	1.660613e-04
	146	26	9.500000	67.000000	9.830222e+04	1.773025e-04
	261	31	38.250000	65.750000	9.759705e+04	2.466113e-04
	156	69	12.000000	56.250000	9.791540e+04	2.849213e-04
	220	150	28.000000	36.000000	1.006531e+05	2.109915e-04
2022	2	19	7	0
	239	4	32.750000	72.500000	9.853895e+04	1.554572e-04
	282	22	43.500000	68.000000	9.768948e+04	1.790531e-04
	146	27	9.500000	66.750000	9.832055e+04	1.663255e-04
	264	30	39.000000	66.000000	9.768948e+04	2.603671e-04
	0	48	-27.000000	61.500000	9.888770e+04	7.705656e-05
	171	70	15.750000	56.000000	9.794329e+04	2.342783e-04
	221	154	28.250000	35.000000	1.006067e+05	2.020692e-04
2022	2	19	8	3
	239	5	32.750000	72.250000	9.847080e+04	1.463206e-04
	283	21	43.750000	68.250000	9.774557e+04	1.994709e-04
	142	26	8.500000	67.000000	9.836536e+04	1.773179e-04
	268	29	40.000000	66.250000	9.774557e+04	2.401564e-04
	15	51	-23.250000	60.750000	9.880357e+04	1.600835e-04
	188	71	20.000000	55.750000	9.797494e+04	2.342933e-04
	152	106	11.000000	47.000000	1.007961e+05	-7.799728e-05
	225	162	29.250000	33.000000	1.006263e+05	7.467918e-05
2022	2	19	6	6
	141	27	8.250000	66.750000	9.845122e+04	1.547947e-04
	270	29	40.500000	66.250000	9.779414e+04	1.922018e-04
	16	48	-23.000000	61.500000	9.870393e+04	1.404123e-04
	204	71	24.000000	55.750000	9.799452e+04	1.784699e-04
	150	108	10.500000	46.500000	1.010726e+05	-1.384920e-05
	136	115	7.000000	44.750000	1.011051e+05	5.720086e-05
2022	2	19	6	9
	288	21	45.000000	68.250000	9.800659e+04	1.027564e-04
	153	30	11.250000	66.000000	9.869719e+04	1.480475e-04
	0	39	-27.000000	63.750000	9.864423e+04	1.074981e-04
	15	45	-23.250000	62.250000	9.864423e+04	1.130997e-04
	221	71	28.250000	55.750000	9.811751e+04	1.232885e-04
	139	110	7.750000	46.000000	1.012033e+05	4.188526e-06
2022	2	19	4	12
	6	14	-25.500000	70.000000	9.963988e+04	-4.808155e-05
	288	22	45.000000	68.000000	9.825741e+04	9.387895e-05
	155	31	11.750000	65.750000	9.887924e+04	1.371454e-04
	235	72	31.750000	55.500000	9.804888e+04	1.312632e-04
2022	2	19	7	15
	235	8	31.750000	71.500000	9.885590e+04	1.257851e-04
	156	32	12.000000	65.500000	9.913195e+04	1.498715e-04
	0	51	-27.000000	60.750000	9.731708e+04	6.079928e-05
	245	71	34.250000	55.750000	9.813239e+04	1.828638e-04
	51	146	-14.250000	37.000000	1.018619e+05	1.217443e-04
	285	147	44.250000	36.750000	1.011988e+05	-1.259226e-05
	285	162	44.250000	33.000000	1.008578e+05	6.219424e-05
2022	2	19	5	18
	235	9	31.750000	71.250000	9.897638e+04	1.288994e-04
	166	33	14.500000	65.250000	9.934941e+04	9.635856e-05
	253	71	36.250000	55.750000	9.824362e+04	1.970569e-04
	281	147	43.250000	36.750000	1.014101e+05	1.355481e-05
	49	153	-14.750000	35.250000	1.019512e+05	1.067738e-04
2022	2	19	7	21
	238	10	32.500000	71.000000	9.914480e+04	1.277788e-04
	168	36	15.000000	64.500000	9.955136e+04	4.990732e-05
	0	45	-27.000000	62.250000	9.547932e+04	1.076116e-04
	259	71	37.750000	55.750000	9.835001e+04	1.566758e-04
	260	71	38.000000	55.750000	9.835001e+04	1.501364e-04
	147	134	9.750000	40.000000	1.014140e+05	3.032837e-05
	49	153	-14.750000	35.250000	1.020606e+05	9.898991e-05
2022	2	20	8	0
	240	11	33.000000	70.750000	9.930445e+04	1.434768e-04
	241	11	33.250000	70.750000	9.930445e+04	1.397693e-04
	27	39	-20.250000	63.750000	9.499756e+04	8.849336e-05
	0	46	-27.000000	62.000000	9.491045e+04	1.192108e-04
	269	70	40.250000	56.000000	9.843759e+04	1.528177e-04
	204	113	24.000000	45.250000	1.015267e+05	3.314507e-06
	147	134	9.750000	40.000000	1.013957e+05	2.690964e-05
	49	154	-14.750000	35.000000	1.020951e+05	8.528045e-05
