2022	2	16	6	0
	58	40	-12.500000	63.500000	9.742237e+04	3.470734e-04
	185	43	19.250000	62.750000	9.903104e+04	1.668102e-04
	118	54	2.500000	60.000000	9.794831e+04	2.198480e-04
	65	67	-10.750000	56.750000	9.718330e+04	3.079979e-04
	171	121	15.750000	43.250000	1.014324e+05	1.326324e-05
	280	121	43.000000	43.250000	1.021065e+05	1.703148e-05
2022	2	16	5	3
	48	39	-15.000000	63.750000	9.733004e+04	2.820083e-04
	123	54	3.750000	60.000000	9.790947e+04	2.148233e-04
	75	66	-8.250000	57.000000	9.706675e+04	3.113162e-04
	90	70	-4.500000	56.000000	9.706675e+04	1.943349e-04
	280	121	43.000000	43.250000	1.021668e+05	3.275496e-05
2022	2	16	3	6
	121	34	3.250000	65.000000	9.789516e+04	1.738460e-04
	45	38	-15.750000	64.000000	9.739295e+04	2.391176e-04
	85	66	-5.750000	57.000000	9.742299e+04	3.062659e-04
2022	2	16	4	9
	116	34	2.000000	65.000000	9.776791e+04	2.027042e-04
	37	36	-17.750000	64.500000	9.756911e+04	2.311057e-04
	45	60	-15.750000	58.500000	9.760450e+04	6.940358e-05
	111	66	0.750000	57.000000	9.741419e+04	2.526771e-04
2022	2	16	7	12
	110	34	0.500000	65.000000	9.761677e+04	1.752413e-04
	66	56	-10.500000	59.500000	9.734137e+04	4.382772e-05
	50	60	-14.500000	58.500000	9.725895e+04	1.031751e-04
	119	66	2.750000	57.000000	9.728443e+04	2.523902e-04
	64	68	-11.000000	56.500000	9.725895e+04	2.430216e-04
	138	69	7.500000	56.250000	9.728443e+04	2.557437e-04
	183	137	18.750000	39.250000	1.012092e+05	1.813106e-04
2022	2	16	6	15
	105	35	-0.750000	64.750000	9.744266e+04	1.694657e-04
	70	55	-9.500000	59.750000	9.687550e+04	6.481322e-05
	77	66	-7.750000	57.000000	9.687550e+04	2.904200e-04
	128	66	5.000000	57.000000	9.716521e+04	2.554948e-04
	151	67	10.750000	56.750000	9.717937e+04	2.520970e-04
	185	137	19.250000	39.250000	1.010400e+05	1.754853e-04
2022	2	16	4	18
	159	65	12.750000	57.250000	9.707257e+04	2.797038e-04
	89	66	-4.750000	57.000000	9.703609e+04	2.783725e-04
	141	67	8.250000	56.750000	9.707257e+04	2.289102e-04
	184	133	19.000000	40.250000	1.010866e+05	1.333476e-04
2022	2	16	6	21
	0	31	-27.000000	65.750000	9.833727e+04	7.891786e-05
	170	64	15.500000	57.500000	9.684498e+04	2.177173e-04
	106	67	-0.500000	56.750000	9.685616e+04	3.113963e-04
	137	117	7.250000	44.250000	1.011860e+05	5.643993e-05
	278	120	42.500000	43.500000	1.021856e+05	-3.357751e-05
	184	134	19.000000	40.000000	1.011507e+05	1.297615e-04
2022	2	17	4	0
	179	62	17.750000	58.000000	9.647569e+04	2.655288e-04
	120	68	3.000000	56.500000	9.687676e+04	2.970302e-04
	278	120	42.500000	43.500000	1.020601e+05	-4.963634e-05
	183	133	18.750000	40.250000	1.011770e+05	1.319343e-04
2022	2	17	2	3
	185	60	19.250000	58.500000	9.619085e+04	2.703979e-04
	137	113	7.250000	45.250000	1.006860e+05	5.008450e-06
2022	2	17	6	6
	190	59	20.500000	58.750000	9.597570e+04	2.750552e-04
	191	59	20.750000	58.750000	9.597570e+04	2.631065e-04
	192	69	21.000000	56.250000	9.597570e+04	1.767398e-04
	0	112	-27.000000	45.500000	1.006625e+05	1.252605e-04
	137	113	7.250000	45.250000	1.007368e+05	4.381002e-06
	279	121	42.750000	43.250000	1.017780e+05	-2.168176e-05
2022	2	17	5	9
	195	57	21.750000	59.250000	9.599755e+04	2.830460e-04
	203	65	23.750000	57.250000	9.599755e+04	1.520200e-04
	15	109	-23.250000	46.250000	1.001705e+05	1.570085e-04
	137	113	7.250000	45.250000	1.009093e+05	-6.916639e-06
	278	120	42.500000	43.500000	1.017169e+05	-3.073463e-05
2022	2	17	2	12
	200	57	23.000000	59.250000	9.606330e+04	2.395717e-04
	23	103	-21.250000	47.750000	9.956423e+04	2.254510e-04
2022	2	17	4	15
	209	54	25.250000	60.000000	9.614414e+04	2.817935e-05
	17	57	-22.750000	59.250000	9.920059e+04	1.281442e-04
	36	63	-18.000000	57.750000	9.920059e+04	2.093802e-04
	31	96	-19.250000	49.500000	9.874212e+04	2.827620e-04
2022	2	17	3	18
	219	53	27.750000	60.250000	9.620611e+04	1.213162e-04
	40	61	-17.000000	58.250000	9.899471e+04	1.842282e-04
	39	90	-17.250000	51.000000	9.772513e+04	4.580571e-04
2022	2	17	5	21
	47	51	-15.250000	60.750000	9.873189e+04	6.414732e-05
	222	51	28.500000	60.750000	9.625423e+04	1.249279e-04
	15	53	-23.250000	60.250000	9.894580e+04	1.886418e-04
	44	60	-16.000000	58.500000	9.873189e+04	1.667844e-04
	45	86	-15.750000	52.000000	9.677562e+04	5.670020e-04
2022	2	18	3	0
	226	48	29.500000	61.500000	9.627626e+04	1.656217e-04
	47	59	-15.250000	58.750000	9.842566e+04	1.964541e-04
	55	84	-13.250000	52.500000	9.623568e+04	7.082332e-04
2022	2	18	4	3
	227	45	29.750000	62.250000	9.631510e+04	1.432908e-04
	49	59	-14.750000	58.750000	9.809050e+04	1.984516e-04
	81	76	-6.750000	54.500000	9.602791e+04	1.967850e-04
	67	81	-10.250000	53.250000	9.602791e+04	6.265856e-04
2022	2	18	6	6
	124	32	4.000000	65.500000	9.811315e+04	1.221078e-04
	229	42	30.250000	63.000000	9.637880e+04	1.308789e-04
	51	59	-14.250000	58.750000	9.777594e+04	1.978300e-04
	79	78	-7.250000	54.000000	9.607132e+04	4.477339e-04
	138	117	7.500000	44.250000	1.013796e+05	7.341916e-05
	250	161	35.500000	33.250000	1.011463e+05	-5.962864e-06
2022	2	18	4	9
	122	33	3.500000	65.250000	9.805448e+04	1.223108e-04
	231	40	30.750000	63.500000	9.648277e+04	1.179721e-04
	93	75	-3.750000	54.750000	9.621036e+04	3.285485e-04
	256	162	37.000000	33.000000	1.010702e+05	-2.571425e-05
2022	2	18	3	12
	234	38	31.500000	64.000000	9.665074e+04	1.258644e-04
	109	70	0.250000	56.000000	9.615263e+04	2.618134e-04
	260	162	38.000000	33.000000	1.008064e+05	-1.270033e-05
2022	2	18	4	15
	239	35	32.750000	64.750000	9.678491e+04	9.207058e-05
	119	62	2.750000	58.000000	9.603719e+04	1.960174e-04
	269	153	40.250000	35.250000	1.008772e+05	9.908794e-05
	260	162	38.000000	33.000000	1.008772e+05	-8.436956e-07
2022	2	18	5	18
	242	33	33.500000	65.250000	9.679780e+04	5.696317e-05
	136	64	7.000000	57.500000	9.622750e+04	2.073160e-04
	239	144	32.750000	37.500000	1.010307e+05	2.408031e-05
	230	149	30.500000	36.250000	1.010307e+05	7.640398e-05
	258	161	37.500000	33.250000	1.010546e+05	-1.626094e-05
2022	2	18	4	21
	264	20	39.000000	68.500000	9.679009e+04	1.534765e-04
	247	32	34.750000	65.500000	9.678947e+04	6.081371e-05
	147	62	9.750000	58.000000	9.628664e+04	2.601325e-04
	228	149	30.000000	36.250000	1.008775e+05	1.670995e-04
2022	2	19	7	0
	261	19	38.250000	68.750000	9.681479e+04	1.985587e-04
	252	28	36.000000	66.500000	9.681479e+04	7.264510e-05
	17	46	-22.750000	62.000000	9.930927e+04	6.990055e-05
	153	62	11.250000	58.000000	9.645209e+04	2.332836e-04
	136	114	7.000000	45.000000	1.013373e+05	5.380444e-05
	111	138	0.750000	39.000000	1.015900e+05	6.602020e-05
	226	151	29.500000	35.750000	1.007497e+05	1.814965e-04
2022	2	19	6	3
	288	13	45.000000	70.250000	9.711866e+04	9.343670e-05
	259	19	37.750000	68.750000	9.672750e+04	2.172006e-04
	184	57	19.000000	59.250000	9.641828e+04	2.605888e-04
	161	62	13.250000	58.000000	9.644234e+04	2.010047e-04
	137	117	7.250000	44.250000	1.012872e+05	1.128606e-04
	229	154	30.250000	35.000000	1.007789e+05	1.471569e-04
2022	2	19	7	6
	288	11	45.000000	70.750000	9.711001e+04	1.121884e-04
	259	19	37.750000	68.750000	9.676556e+04	2.321049e-04
	134	31	6.500000	65.750000	9.789500e+04	1.001141e-04
	135	31	6.750000	65.750000	9.789500e+04	7.547015e-05
	189	56	20.250000	59.500000	9.651123e+04	2.306574e-04
	137	117	7.250000	44.250000	1.013167e+05	1.029616e-04
	228	159	30.000000	33.750000	1.010122e+05	1.272097e-04
2022	2	19	6	9
	288	10	45.000000	71.000000	9.719761e+04	1.008880e-04
	263	20	38.750000	68.500000	9.691749e+04	1.198472e-04
	288	20	45.000000	68.500000	9.719761e+04	1.214713e-05
	113	26	1.250000	67.000000	9.810780e+04	2.016819e-04
	198	55	22.500000	59.750000	9.670957e+04	2.234676e-04
	137	117	7.250000	44.250000	1.015595e+05	8.518692e-05
2022	2	19	5	12
	268	16	40.000000	69.500000	9.702916e+04	1.390443e-04
	118	27	2.500000	66.750000	9.833743e+04	1.783815e-04
	204	54	24.000000	60.000000	9.691513e+04	2.174708e-04
	135	119	6.750000	43.750000	1.015971e+05	1.403286e-04
	94	145	-3.500000	37.250000	1.019310e+05	6.497465e-05
2022	2	19	5	15
	271	16	40.750000	69.500000	9.715782e+04	1.395690e-04
	123	29	3.750000	66.250000	9.857005e+04	1.247979e-04
	0	49	-27.000000	61.250000	9.593936e+04	1.069493e-04
	212	54	26.000000	60.000000	9.724795e+04	1.975354e-04
	94	145	-3.500000	37.250000	1.018409e+05	3.954501e-05
2022	2	19	5	18
	274	16	41.500000	69.500000	9.727389e+04	1.370364e-04
	129	30	5.250000	66.000000	9.874400e+04	8.822534e-05
	0	44	-27.000000	62.500000	9.490398e+04	1.574778e-04
	233	48	31.250000	61.500000	9.752350e+04	1.357047e-04
	220	53	28.000000	60.250000	9.752350e+04	1.937809e-04
2022	2	19	5	21
	152	4	11.000000	72.500000	9.921412e+04	1.536544e-04
	277	17	42.250000	69.250000	9.735537e+04	8.916181e-05
	26	39	-20.500000	63.750000	9.450197e+04	9.091935e-05
	0	45	-27.000000	62.250000	9.446516e+04	1.233795e-04
	76	152	-8.000000	35.500000	1.022830e+05	1.274359e-04
2022	2	20	7	0
	155	4	11.750000	72.500000	9.920499e+04	1.635951e-04
	287	14	44.750000	70.000000	9.740066e+04	1.055113e-05
	288	14	45.000000	70.000000	9.740066e+04	-1.944680e-05
	34	36	-18.500000	64.500000	9.460750e+04	7.937826e-05
	0	41	-27.000000	63.250000	9.450826e+04	1.467712e-04
	174	125	16.500000	42.250000	1.018458e+05	5.446553e-05
	74	152	-8.500000	35.500000	1.022729e+05	1.296394e-04
