2022	2	16	7	0
	288	11	45.000000	70.750000	9.877137e+04	8.555203e-05
	54	39	-13.500000	63.750000	9.717323e+04	4.017366e-04
	184	43	19.000000	62.750000	9.898920e+04	1.552335e-04
	118	53	2.500000	60.250000	9.801312e+04	1.266179e-04
	65	67	-10.750000	56.750000	9.707289e+04	3.200766e-04
	280	121	43.000000	43.250000	1.020718e+05	2.644019e-05
	172	122	16.000000	43.000000	1.014129e+05	4.526871e-05
2022	2	16	6	3
	49	38	-14.750000	64.000000	9.725219e+04	3.538250e-04
	120	51	3.000000	60.750000	9.797411e+04	1.027213e-04
	75	67	-8.250000	56.750000	9.720359e+04	2.936578e-04
	92	71	-4.000000	55.750000	9.720359e+04	1.928514e-04
	280	121	43.000000	43.250000	1.021369e+05	3.135583e-05
	173	122	16.250000	43.000000	1.013991e+05	5.023587e-05
2022	2	16	3	6
	118	34	2.500000	65.000000	9.783098e+04	2.324889e-04
	44	35	-16.000000	64.750000	9.763485e+04	2.794513e-04
	99	67	-2.250000	56.750000	9.750761e+04	2.056827e-04
2022	2	16	5	9
	112	35	1.000000	64.750000	9.774102e+04	2.241286e-04
	45	62	-15.750000	58.000000	9.766332e+04	9.784826e-05
	110	66	0.500000	57.000000	9.754788e+04	2.141622e-04
	202	125	23.500000	42.250000	1.015752e+05	-9.230752e-05
	183	130	18.750000	41.000000	1.014230e+05	1.037964e-04
2022	2	16	6	12
	110	36	0.500000	64.500000	9.756408e+04	1.651302e-04
	120	66	3.000000	57.000000	9.746782e+04	1.941372e-04
	64	69	-11.000000	56.250000	9.736480e+04	2.124196e-04
	279	120	42.750000	43.500000	1.019989e+05	2.031630e-05
	183	127	18.750000	41.750000	1.011578e+05	8.977652e-05
	184	137	19.000000	39.250000	1.011578e+05	1.535488e-04
2022	2	16	6	15
	6	28	-25.500000	66.500000	9.772026e+04	1.644063e-04
	106	36	-0.500000	64.500000	9.743039e+04	1.407476e-04
	69	56	-9.750000	59.500000	9.696845e+04	4.247617e-05
	127	65	4.750000	57.250000	9.728915e+04	2.103182e-04
	79	67	-7.250000	56.750000	9.695493e+04	2.707688e-04
	185	135	19.250000	39.750000	1.010084e+05	1.346633e-04
2022	2	16	7	18
	0	33	-27.000000	65.250000	9.798402e+04	3.092744e-05
	104	36	-1.000000	64.500000	9.735898e+04	1.241269e-04
	134	65	6.500000	57.250000	9.718912e+04	1.554403e-04
	89	66	-4.750000	57.000000	9.708500e+04	2.525349e-04
	136	116	7.000000	44.500000	1.010867e+05	5.568146e-05
	278	120	42.500000	43.500000	1.022062e+05	-2.358359e-05
	185	134	19.250000	40.000000	1.010826e+05	1.042945e-04
2022	2	16	5	21
	288	9	45.000000	71.250000	9.890018e+04	1.234809e-04
	142	66	8.500000	57.000000	9.697380e+04	1.432626e-04
	137	117	7.250000	44.250000	1.010540e+05	5.224473e-05
	278	120	42.500000	43.500000	1.021595e+05	-4.452198e-05
	183	132	18.750000	40.500000	1.011270e+05	9.911416e-05
2022	2	17	4	0
	286	9	44.500000	71.250000	9.892771e+04	2.025165e-04
	154	66	11.500000	57.000000	9.682281e+04	1.393263e-04
	137	117	7.250000	44.250000	1.008988e+05	8.769504e-05
	278	120	42.500000	43.500000	1.019864e+05	-3.479161e-05
2022	2	17	7	3
	284	10	44.000000	71.000000	9.894060e+04	2.213644e-04
	188	60	20.000000	58.500000	9.651013e+04	1.729067e-04
	189	60	20.250000	58.500000	9.651013e+04	1.700884e-04
	183	71	18.750000	55.750000	9.651013e+04	1.332175e-04
	0	114	-27.000000	45.000000	1.005886e+05	1.692925e-04
	137	117	7.250000	44.250000	1.007739e+05	1.102138e-04
	279	121	42.750000	43.250000	1.018229e+05	-2.208093e-05
2022	2	17	6	6
	284	11	44.000000	70.750000	9.900761e+04	2.197623e-04
	134	39	6.500000	63.750000	9.750541e+04	4.965367e-05
	193	58	21.250000	59.000000	9.632612e+04	1.990713e-04
	194	67	21.500000	56.750000	9.632612e+04	1.677850e-04
	7	109	-25.250000	46.250000	1.000356e+05	2.532577e-04
	279	121	42.750000	43.250000	1.017187e+05	-9.275312e-06
2022	2	17	6	9
	284	12	44.000000	70.500000	9.914224e+04	1.917039e-04
	126	38	4.500000	64.000000	9.768848e+04	4.879634e-05
	196	57	22.000000	59.250000	9.634011e+04	2.129597e-04
	13	105	-23.750000	47.250000	9.961581e+04	3.156180e-04
	278	120	42.500000	43.500000	1.016243e+05	-1.887787e-05
	271	131	40.750000	40.750000	1.015963e+05	4.620631e-06
2022	2	17	4	12
	287	13	44.750000	70.250000	9.927798e+04	8.929176e-05
	129	39	5.250000	63.750000	9.789075e+04	5.349290e-05
	203	56	23.750000	59.500000	9.637126e+04	1.124179e-04
	23	98	-21.250000	49.000000	9.897427e+04	3.644763e-04
2022	2	17	6	15
	130	39	5.500000	63.750000	9.807509e+04	4.622164e-05
	22	49	-21.500000	61.250000	9.896089e+04	1.083751e-04
	214	55	26.500000	59.750000	9.646845e+04	1.162335e-04
	31	93	-19.250000	50.250000	9.832076e+04	4.689394e-04
	156	108	12.000000	46.500000	1.001976e+05	1.998691e-05
	187	116	19.750000	44.500000	9.979684e+04	-4.011916e-05
2022	2	17	5	18
	125	39	4.250000	63.750000	9.820924e+04	6.856735e-05
	21	47	-21.750000	61.750000	9.874007e+04	1.105911e-04
	219	52	27.750000	60.500000	9.651029e+04	9.056673e-05
	41	89	-16.750000	51.250000	9.769462e+04	5.539330e-04
	167	125	14.750000	42.250000	1.006922e+05	-5.699849e-05
2022	2	17	4	21
	144	39	9.000000	63.750000	9.830534e+04	3.884788e-05
	18	46	-22.500000	62.000000	9.852585e+04	1.429926e-04
	222	49	28.500000	61.250000	9.658059e+04	1.164052e-04
	52	84	-14.000000	52.500000	9.719132e+04	5.872610e-04
2022	2	18	5	0
	53	41	-13.750000	63.250000	9.848480e+04	1.202950e-04
	221	44	28.250000	62.500000	9.659837e+04	1.196339e-04
	14	45	-23.500000	62.250000	9.827326e+04	1.894090e-04
	221	45	28.250000	62.250000	9.659837e+04	1.334173e-04
	63	76	-11.250000	54.500000	9.648088e+04	4.704732e-04
2022	2	18	3	3
	225	41	29.250000	63.250000	9.658877e+04	8.431062e-05
	12	45	-24.000000	62.250000	9.812636e+04	2.264826e-04
	69	72	-9.750000	55.500000	9.600274e+04	4.808837e-04
2022	2	18	5	6
	227	39	29.750000	63.750000	9.662196e+04	1.292845e-04
	12	46	-24.000000	62.000000	9.804866e+04	2.209270e-04
	81	68	-6.750000	56.500000	9.560891e+04	4.043753e-04
	140	107	8.000000	46.750000	1.010639e+05	-7.759191e-05
	134	119	6.500000	43.750000	1.014179e+05	7.602528e-05
2022	2	18	5	9
	229	37	30.250000	64.250000	9.669242e+04	1.322856e-04
	15	46	-23.250000	62.000000	9.801563e+04	2.077016e-04
	101	65	-1.750000	57.250000	9.536512e+04	4.036671e-04
	211	138	25.750000	39.000000	1.006861e+05	1.497266e-04
	287	141	44.750000	38.250000	1.013722e+05	2.273793e-05
2022	2	18	7	12
	233	35	31.250000	64.750000	9.672923e+04	1.362678e-04
	37	40	-17.750000	63.500000	9.797946e+04	1.269973e-04
	18	45	-22.500000	62.250000	9.797946e+04	2.229527e-04
	110	62	0.500000	58.000000	9.516931e+04	3.622396e-04
	209	141	25.250000	38.250000	1.006960e+05	1.867150e-04
	287	141	44.750000	38.250000	1.012258e+05	7.640952e-06
	257	162	37.250000	33.000000	1.005768e+05	-2.336538e-05
2022	2	18	4	15
	235	33	31.750000	65.250000	9.684231e+04	1.265587e-04
	20	44	-22.000000	62.500000	9.787408e+04	2.404106e-04
	118	61	2.500000	58.250000	9.507352e+04	3.220299e-04
	207	146	24.750000	37.000000	1.007964e+05	1.988501e-04
2022	2	18	5	18
	240	31	33.000000	65.750000	9.687471e+04	1.249129e-04
	19	43	-22.250000	62.750000	9.777468e+04	2.346036e-04
	0	44	-27.000000	62.500000	9.787172e+04	5.107759e-06
	0	58	-27.000000	59.000000	9.769022e+04	1.042785e-04
	125	62	4.250000	58.000000	9.519920e+04	3.861099e-04
2022	2	18	5	21
	246	29	34.500000	66.250000	9.697758e+04	1.260996e-04
	16	42	-23.000000	63.000000	9.775927e+04	2.396110e-04
	4	56	-26.000000	59.500000	9.756502e+04	1.642209e-04
	137	63	7.250000	57.750000	9.553105e+04	3.223286e-04
	108	137	0.000000	39.250000	1.014307e+05	5.368528e-05
2022	2	19	9	0
	268	18	40.000000	69.000000	9.711032e+04	1.706281e-04
	265	19	39.250000	68.750000	9.709632e+04	1.583512e-04
	251	29	35.750000	66.250000	9.709632e+04	1.475941e-04
	11	42	-24.250000	63.000000	9.772105e+04	2.182466e-04
	7	55	-25.250000	59.750000	9.755873e+04	1.632018e-04
	24	57	-21.000000	59.250000	9.755873e+04	1.898372e-04
	150	62	10.500000	58.000000	9.586151e+04	3.226225e-04
	137	117	7.250000	44.250000	1.016723e+05	8.212834e-05
	109	137	0.250000	39.250000	1.015123e+05	8.357498e-05
2022	2	19	7	3
	269	17	40.250000	69.250000	9.709616e+04	1.865626e-04
	7	42	-25.250000	63.000000	9.787408e+04	2.237445e-04
	180	47	18.000000	61.750000	9.657494e+04	9.301521e-05
	37	57	-17.750000	59.250000	9.754913e+04	2.065921e-04
	166	61	14.500000	58.250000	9.618535e+04	3.644312e-04
	137	117	7.250000	44.250000	1.015564e+05	9.713563e-05
	251	157	35.750000	34.250000	1.006974e+05	5.736510e-05
2022	2	19	11	6
	269	16	40.250000	69.500000	9.704253e+04	2.192214e-04
	4	42	-26.000000	63.000000	9.807461e+04	2.244858e-04
	189	46	20.250000	62.000000	9.659664e+04	8.108040e-05
	41	57	-16.750000	59.250000	9.748465e+04	1.983318e-04
	58	58	-12.500000	59.000000	9.748465e+04	2.318256e-04
	183	61	18.750000	58.250000	9.630945e+04	2.759804e-04
	203	112	23.750000	45.500000	1.013609e+05	-1.982606e-05
	137	117	7.250000	44.250000	1.016636e+05	7.139268e-05
	109	143	0.250000	37.750000	1.016356e+05	1.113317e-04
	249	157	35.250000	34.250000	1.009096e+05	9.740645e-05
	259	162	37.750000	33.000000	1.009096e+05	1.011064e-04
2022	2	19	11	9
	268	16	40.000000	69.500000	9.712117e+04	2.683744e-04
	87	25	-5.250000	67.250000	9.767088e+04	1.101505e-04
	0	43	-27.000000	62.750000	9.823488e+04	1.285116e-04
	199	45	22.750000	62.250000	9.673332e+04	5.650396e-05
	60	57	-12.000000	59.250000	9.743527e+04	2.627244e-04
	43	58	-16.250000	59.000000	9.743527e+04	1.977471e-04
	198	59	22.500000	58.750000	9.661347e+04	2.694486e-04
	75	61	-8.250000	58.250000	9.743527e+04	2.389425e-04
	131	140	5.750000	38.500000	1.018242e+05	-2.306427e-05
	247	156	34.750000	34.500000	1.009014e+05	1.352575e-04
	261	161	38.250000	33.250000	1.008747e+05	1.826305e-04
2022	2	19	9	12
	267	16	39.750000	69.500000	9.715955e+04	2.252042e-04
	91	27	-4.250000	66.750000	9.776634e+04	1.108105e-04
	217	40	27.250000	63.500000	9.703278e+04	8.924419e-05
	213	55	26.250000	59.750000	9.684357e+04	3.451192e-04
	62	58	-11.500000	59.000000	9.776492e+04	2.517115e-04
	84	61	-6.000000	58.250000	9.776492e+04	1.921969e-04
	244	157	34.000000	34.250000	1.011007e+05	1.294478e-04
	264	159	39.000000	33.750000	1.008552e+05	1.682690e-04
	275	159	41.750000	33.750000	1.008552e+05	9.023769e-05
2022	2	19	13	15
	266	16	39.500000	69.500000	9.722356e+04	1.990617e-04
	83	21	-6.250000	68.250000	9.780692e+04	1.925881e-04
	104	28	-1.000000	66.500000	9.780692e+04	1.535391e-04
	222	38	28.500000	64.000000	9.715231e+04	9.120959e-05
	223	53	28.750000	60.250000	9.708359e+04	3.167601e-04
	68	60	-10.000000	58.500000	9.810512e+04	2.053864e-04
	89	60	-4.750000	58.500000	9.805668e+04	1.853152e-04
	111	65	0.750000	57.250000	9.804520e+04	1.761951e-04
	0	66	-27.000000	57.000000	9.756219e+04	1.176428e-04
	265	156	39.250000	34.500000	1.009746e+05	1.697314e-04
	116	157	2.000000	34.250000	1.018206e+05	2.808944e-05
	242	159	33.500000	33.750000	1.012245e+05	1.167541e-04
	278	159	42.500000	33.750000	1.009746e+05	7.127752e-05
2022	2	19	9	18
	264	17	39.000000	69.250000	9.722907e+04	1.856525e-04
	78	24	-7.500000	67.500000	9.782768e+04	1.551993e-04
	108	27	0.000000	66.750000	9.781824e+04	1.564742e-04
	248	34	35.000000	65.000000	9.725250e+04	7.660203e-05
	0	62	-27.000000	58.000000	9.678459e+04	1.288045e-04
	120	64	3.000000	57.500000	9.788005e+04	2.016033e-04
	268	156	40.000000	34.500000	1.012276e+05	1.150236e-04
	241	161	33.250000	33.250000	1.014224e+05	1.060043e-04
	90	162	-4.500000	33.000000	1.019530e+05	-7.703773e-06
2022	2	19	9	21
	263	18	38.750000	69.000000	9.715703e+04	1.845198e-04
	106	25	-0.500000	67.250000	9.781683e+04	1.677829e-04
	76	27	-8.000000	66.750000	9.781683e+04	1.217608e-04
	251	33	35.750000	65.250000	9.724605e+04	9.712476e-05
	0	59	-27.000000	58.750000	9.620470e+04	1.331869e-04
	125	64	4.250000	57.500000	9.791183e+04	2.189885e-04
	146	127	9.500000	41.750000	1.020240e+05	1.703556e-05
	270	154	40.500000	35.000000	1.013712e+05	1.280425e-04
	241	162	33.250000	33.000000	1.015269e+05	8.547091e-05
2022	2	20	10	0
	261	19	38.250000	68.750000	9.713705e+04	1.780586e-04
	100	26	-2.000000	67.000000	9.786386e+04	1.564448e-04
	262	31	38.500000	65.750000	9.718330e+04	7.008460e-05
	0	58	-27.000000	59.000000	9.595320e+04	1.519147e-04
	149	64	10.250000	57.500000	9.793495e+04	2.211334e-04
	264	137	39.000000	39.250000	1.016521e+05	-4.190977e-06
	271	152	40.750000	35.500000	1.014559e+05	1.325623e-04
	69	156	-9.750000	34.500000	1.023726e+05	1.559881e-04
	85	162	-5.750000	33.000000	1.023815e+05	1.302142e-06
	242	162	33.500000	33.000000	1.015324e+05	6.591692e-05
