2022	2	16	4	0
	55	39	-13.250000	63.750000	9.735586e+04	3.423348e-04
	119	53	2.750000	60.250000	9.807595e+04	1.711956e-04
	66	67	-10.500000	56.750000	9.732004e+04	3.002067e-04
	173	122	16.250000	43.000000	1.014544e+05	5.145102e-05
2022	2	16	7	3
	49	37	-14.750000	64.250000	9.737819e+04	3.508435e-04
	122	52	3.500000	60.500000	9.800168e+04	1.689553e-04
	76	67	-8.000000	56.750000	9.732407e+04	2.725102e-04
	77	67	-7.750000	56.750000	9.732407e+04	2.852879e-04
	91	70	-4.250000	56.000000	9.732407e+04	2.188624e-04
	280	121	43.000000	43.250000	1.021606e+05	3.003647e-05
	174	123	16.500000	42.750000	1.014139e+05	5.338491e-05
2022	2	16	1	6
	99	68	-2.250000	56.500000	9.758488e+04	2.241142e-04
2022	2	16	4	9
	45	61	-15.750000	58.250000	9.734966e+04	5.972737e-05
	109	66	0.250000	57.000000	9.754906e+04	2.397201e-04
	55	69	-13.250000	56.250000	9.734966e+04	1.774072e-04
	202	125	23.500000	42.250000	1.015957e+05	-6.946595e-05
2022	2	16	4	12
	54	60	-13.500000	58.500000	9.673174e+04	8.172856e-05
	67	66	-10.250000	57.000000	9.673174e+04	2.501197e-04
	122	67	3.500000	56.750000	9.739416e+04	2.200740e-04
	184	139	19.000000	38.750000	1.012575e+05	1.743925e-04
2022	2	16	5	15
	74	57	-8.500000	59.250000	9.647263e+04	4.919716e-05
	80	65	-7.000000	57.250000	9.647263e+04	3.291459e-04
	131	67	5.750000	56.750000	9.731740e+04	2.355749e-04
	137	116	7.250000	44.500000	1.011610e+05	5.448907e-05
	185	135	19.250000	39.750000	1.010970e+05	1.337928e-04
2022	2	16	5	18
	0	33	-27.000000	65.250000	9.807565e+04	4.438629e-05
	96	65	-3.000000	57.250000	9.659668e+04	3.119509e-04
	114	67	1.500000	56.750000	9.659668e+04	2.489642e-04
	281	121	43.250000	43.250000	1.021378e+05	-2.667213e-05
	186	135	19.500000	39.750000	1.011919e+05	9.231885e-05
2022	2	16	5	21
	288	9	45.000000	71.250000	9.889607e+04	1.090210e-04
	112	66	1.000000	57.000000	9.655870e+04	2.808380e-04
	129	66	5.250000	57.000000	9.655870e+04	2.874597e-04
	137	117	7.250000	44.250000	1.011936e+05	6.146914e-05
	185	135	19.250000	39.750000	1.012685e+05	8.765802e-05
2022	2	17	3	0
	287	9	44.750000	71.250000	9.891498e+04	1.532174e-04
	155	65	11.750000	57.250000	9.651000e+04	2.148873e-04
	138	66	7.500000	57.000000	9.651000e+04	2.690686e-04
2022	2	17	6	3
	284	10	44.000000	71.000000	9.893328e+04	2.084507e-04
	123	37	3.750000	64.250000	9.721677e+04	1.115447e-04
	194	59	21.500000	58.750000	9.639805e+04	1.827670e-04
	150	109	10.500000	46.250000	1.002004e+05	3.625378e-05
	138	117	7.500000	44.250000	1.007976e+05	9.205496e-05
	279	121	42.750000	43.250000	1.017695e+05	-2.438874e-05
2022	2	17	5	6
	284	11	44.000000	70.750000	9.898941e+04	1.767536e-04
	123	37	3.750000	64.250000	9.729244e+04	1.059464e-04
	196	57	22.000000	59.250000	9.612855e+04	2.077340e-04
	199	65	22.750000	57.250000	9.612855e+04	1.736918e-04
	279	121	42.750000	43.250000	1.016885e+05	-1.583483e-05
2022	2	17	3	9
	282	11	43.500000	70.750000	9.910525e+04	1.628234e-04
	122	36	3.500000	64.500000	9.737865e+04	1.132316e-04
	199	56	22.750000	59.500000	9.602777e+04	2.057850e-04
2022	2	17	2	12
	121	36	3.250000	64.500000	9.746316e+04	1.056324e-04
	213	55	26.250000	59.750000	9.603304e+04	2.113203e-04
2022	2	17	3	15
	118	36	2.500000	64.500000	9.752968e+04	1.049949e-04
	215	50	26.750000	61.000000	9.606715e+04	1.741092e-04
	20	55	-22.000000	59.750000	9.872907e+04	1.512550e-04
2022	2	17	4	18
	118	37	2.500000	64.250000	9.752549e+04	1.206772e-04
	217	47	27.250000	61.750000	9.612111e+04	1.477900e-04
	43	48	-16.250000	61.500000	9.860130e+04	1.178626e-04
	20	54	-22.000000	60.000000	9.865278e+04	1.659266e-04
2022	2	17	4	21
	117	38	2.250000	64.000000	9.751061e+04	1.197515e-04
	218	44	27.500000	62.500000	9.606995e+04	1.571070e-04
	46	48	-15.500000	61.500000	9.855013e+04	1.400782e-04
	23	55	-21.250000	59.750000	9.861588e+04	1.871502e-04
2022	2	18	6	0
	118	40	2.500000	63.500000	9.752363e+04	1.727771e-04
	220	42	28.000000	63.000000	9.602528e+04	1.485254e-04
	220	43	28.000000	62.750000	9.602528e+04	1.611573e-04
	221	43	28.250000	62.750000	9.602528e+04	1.621297e-04
	47	48	-15.250000	61.500000	9.852982e+04	1.656609e-04
	138	117	7.500000	44.250000	1.013978e+05	9.736983e-05
2022	2	18	3	3
	121	40	3.250000	63.500000	9.744254e+04	1.589652e-04
	221	41	28.250000	63.250000	9.598621e+04	1.740895e-04
	47	48	-15.250000	61.500000	9.849555e+04	1.551912e-04
2022	2	18	4	6
	6	7	-25.500000	71.750000	1.003569e+05	-5.467666e-05
	141	36	8.250000	64.500000	9.733136e+04	6.552164e-05
	221	39	28.250000	63.750000	9.596574e+04	1.397672e-04
	125	41	4.250000	63.250000	9.733136e+04	1.614725e-04
2022	2	18	5	9
	6	7	-25.500000	71.750000	1.003017e+05	-6.216912e-05
	142	34	8.500000	65.000000	9.729244e+04	5.567925e-05
	226	38	29.500000	64.000000	9.600745e+04	1.560626e-04
	130	41	5.500000	63.250000	9.729244e+04	1.547757e-04
	152	70	11.000000	56.000000	9.812201e+04	2.272272e-04
2022	2	18	4	12
	6	7	-25.500000	71.750000	1.002818e+05	-8.505343e-05
	228	36	30.000000	64.500000	9.609987e+04	1.894802e-04
	138	38	7.500000	64.000000	9.734578e+04	1.217909e-04
	274	117	41.500000	44.250000	1.003146e+05	-1.227292e-04
2022	2	18	7	15
	6	7	-25.500000	71.750000	1.002356e+05	-5.817836e-05
	123	28	3.750000	66.500000	9.735973e+04	1.029538e-04
	232	34	31.000000	65.000000	9.614484e+04	1.541112e-04
	141	37	8.250000	64.250000	9.735973e+04	1.403862e-04
	276	118	42.000000	44.000000	1.005501e+05	-5.503548e-05
	273	129	41.250000	41.250000	1.005501e+05	-2.220560e-06
	252	137	36.000000	39.250000	1.012364e+05	3.714047e-05
2022	2	18	7	18
	6	7	-25.500000	71.750000	1.001849e+05	-1.711296e-05
	118	27	2.500000	66.750000	9.746595e+04	5.351908e-05
	241	29	33.250000	66.250000	9.617678e+04	1.323439e-04
	143	36	8.750000	64.500000	9.745215e+04	9.194607e-05
	0	59	-27.000000	58.750000	9.860704e+04	7.924348e-05
	200	66	23.000000	57.000000	9.766102e+04	2.209205e-04
	282	121	43.500000	43.250000	1.007770e+05	4.371164e-05
2022	2	18	9	21
	6	7	-25.500000	71.750000	1.002577e+05	9.660119e-06
	249	18	35.250000	69.000000	9.613073e+04	1.375524e-04
	241	28	33.250000	66.500000	9.613073e+04	9.967691e-05
	135	32	6.750000	65.500000	9.753573e+04	9.252138e-05
	116	34	2.000000	65.000000	9.753573e+04	1.738311e-04
	0	54	-27.000000	60.000000	9.829165e+04	1.237609e-04
	14	63	-23.500000	57.750000	9.829165e+04	1.677105e-04
	213	65	26.250000	57.250000	9.762287e+04	2.216402e-04
	108	137	0.000000	39.250000	1.013209e+05	5.641454e-05
2022	2	19	6	0
	248	17	35.000000	69.250000	9.608917e+04	2.064602e-04
	239	27	32.750000	66.750000	9.608917e+04	1.041832e-04
	135	32	6.750000	65.500000	9.758070e+04	7.997514e-05
	25	61	-20.750000	58.250000	9.828545e+04	1.852027e-04
	137	117	7.250000	44.250000	1.013536e+05	1.127482e-04
	109	137	0.250000	39.250000	1.013685e+05	5.472238e-05
2022	2	19	7	3
	241	20	33.250000	68.500000	9.614019e+04	2.025825e-04
	243	28	33.750000	66.500000	9.614019e+04	5.604795e-05
	135	32	6.750000	65.500000	9.764923e+04	9.627258e-05
	15	55	-23.250000	59.750000	9.800045e+04	1.545460e-04
	30	58	-19.500000	59.000000	9.800045e+04	2.046699e-04
	137	117	7.250000	44.250000	1.012837e+05	1.244450e-04
	104	141	-1.000000	38.250000	1.013232e+05	3.633885e-05
2022	2	19	6	6
	256	25	37.000000	67.250000	9.618159e+04	2.399520e-04
	132	32	6.000000	65.500000	9.771327e+04	9.305018e-05
	17	54	-22.750000	60.000000	9.782538e+04	9.007528e-05
	32	57	-19.000000	59.250000	9.782538e+04	2.785859e-04
	137	117	7.250000	44.250000	1.013225e+05	1.213739e-04
	266	162	39.500000	33.000000	1.015093e+05	4.030573e-05
2022	2	19	8	9
	261	22	38.250000	68.000000	9.632688e+04	2.023443e-04
	262	22	38.500000	68.000000	9.632688e+04	2.125408e-04
	130	33	5.500000	65.250000	9.786321e+04	1.219072e-04
	0	52	-27.000000	60.500000	9.820683e+04	1.092578e-04
	34	56	-18.500000	59.500000	9.795594e+04	2.746023e-04
	75	71	-8.250000	55.750000	9.865681e+04	2.673855e-04
	136	117	7.000000	44.250000	1.014932e+05	1.070218e-04
	266	162	39.500000	33.000000	1.014767e+05	7.298463e-05
2022	2	19	7	12
	266	20	39.500000	68.500000	9.637820e+04	1.897727e-04
	132	33	6.000000	65.250000	9.803362e+04	1.468718e-04
	0	50	-27.000000	61.000000	9.813085e+04	1.019039e-04
	40	57	-17.000000	59.250000	9.818403e+04	2.376506e-04
	82	69	-6.500000	56.250000	9.865666e+04	2.279952e-04
	135	118	6.750000	44.000000	1.015184e+05	1.036387e-04
	266	161	39.500000	33.250000	1.013153e+05	6.906495e-05
2022	2	19	5	15
	272	18	41.000000	69.000000	9.648318e+04	1.609379e-04
	138	33	7.500000	65.250000	9.817551e+04	1.526317e-04
	0	48	-27.000000	61.500000	9.792213e+04	1.279649e-04
	53	57	-13.750000	59.250000	9.825784e+04	2.245289e-04
	0	65	-27.000000	57.250000	9.770583e+04	1.519735e-04
2022	2	19	6	18
	276	16	42.000000	69.500000	9.647186e+04	1.825024e-04
	66	23	-10.500000	67.750000	9.858270e+04	2.518471e-04
	136	34	7.000000	65.000000	9.826761e+04	1.778184e-04
	137	34	7.250000	65.000000	9.826761e+04	1.777953e-04
	0	62	-27.000000	58.000000	9.684230e+04	1.562806e-04
	100	68	-2.000000	56.500000	9.892460e+04	2.080861e-04
2022	2	19	5	21
	279	14	42.750000	70.000000	9.648101e+04	2.096380e-04
	68	24	-10.000000	67.500000	9.851183e+04	2.141830e-04
	146	34	9.500000	65.000000	9.830762e+04	1.709547e-04
	0	59	-27.000000	58.750000	9.623756e+04	1.261922e-04
	108	68	0.000000	56.500000	9.898957e+04	1.839961e-04
2022	2	20	5	0
	282	13	43.500000	70.250000	9.653311e+04	2.302451e-04
	56	21	-13.000000	68.250000	9.845322e+04	2.822932e-04
	152	33	11.000000	65.250000	9.839057e+04	1.997921e-04
	1	59	-26.750000	58.750000	9.610421e+04	1.427352e-04
	138	68	7.500000	56.500000	9.904663e+04	1.536279e-04
