2022	2	14	5	0
	4	6	-26.000000	72.000000	9.975712e+04	-1.936984e-05
	216	9	27.000000	71.250000	9.838159e+04	1.187856e-04
	1	17	-26.750000	69.250000	9.975712e+04	9.173694e-06
	221	20	28.250000	68.500000	9.838159e+04	1.046362e-04
	105	71	-0.750000	55.750000	9.841908e+04	1.187893e-04
2022	2	14	5	3
	58	5	-12.500000	72.250000	1.000939e+05	1.081667e-04
	210	9	25.500000	71.250000	9.809296e+04	2.143153e-04
	1	17	-26.750000	69.250000	9.977047e+04	-1.496449e-05
	234	20	31.500000	68.500000	9.814569e+04	1.122144e-04
	108	70	0.000000	56.000000	9.837953e+04	1.479117e-04
2022	2	14	3	6
	68	3	-10.000000	72.750000	1.000689e+05	1.103320e-04
	217	8	27.250000	71.500000	9.794608e+04	2.733828e-04
	110	69	0.500000	56.250000	9.842319e+04	1.636412e-04
2022	2	14	4	9
	71	2	-9.250000	73.000000	1.001171e+05	1.034560e-04
	226	7	29.500000	71.750000	9.802585e+04	1.715606e-04
	0	55	-27.000000	59.750000	9.802191e+04	1.224141e-04
	111	70	0.750000	56.000000	9.847660e+04	2.236908e-04
2022	2	14	5	12
	6	7	-25.500000	71.750000	1.000291e+05	2.522825e-05
	225	9	29.250000	71.250000	9.801233e+04	1.929841e-04
	2	50	-26.500000	61.000000	9.760215e+04	1.978256e-04
	127	63	4.750000	57.750000	9.846342e+04	1.371927e-04
	114	71	1.500000	55.750000	9.846342e+04	2.715038e-04
2022	2	14	5	15
	6	7	-25.500000	71.750000	9.990298e+04	3.517202e-05
	244	14	34.000000	70.000000	9.797141e+04	2.330856e-04
	1	45	-26.750000	62.250000	9.720019e+04	1.665943e-04
	128	61	5.000000	58.250000	9.835951e+04	1.942282e-04
	116	126	2.000000	42.000000	1.010698e+05	3.052433e-06
2022	2	14	5	18
	226	9	29.500000	71.250000	9.792280e+04	3.545882e-04
	251	13	35.750000	70.250000	9.792280e+04	2.161824e-04
	0	41	-27.000000	63.250000	9.696001e+04	1.323937e-04
	145	58	9.250000	59.000000	9.848277e+04	1.879348e-04
	130	60	5.500000	58.500000	9.848277e+04	2.319516e-04
2022	2	14	5	21
	256	12	37.000000	70.500000	9.795155e+04	2.217843e-04
	0	37	-27.000000	64.250000	9.717777e+04	1.537492e-04
	27	39	-20.250000	63.750000	9.717777e+04	-4.480948e-05
	132	58	6.000000	59.000000	9.855415e+04	2.122344e-04
	139	121	7.750000	43.250000	1.010881e+05	1.037267e-04
2022	2	15	7	0
	6	7	-25.500000	71.750000	9.969412e+04	6.884152e-05
	259	12	37.750000	70.500000	9.803236e+04	2.308864e-04
	0	37	-27.000000	64.250000	9.733714e+04	1.228409e-04
	27	39	-20.250000	63.750000	9.733714e+04	3.571137e-05
	129	52	5.250000	60.500000	9.859490e+04	8.681537e-05
	138	62	7.500000	58.000000	9.859490e+04	2.417172e-04
	145	118	9.250000	44.000000	1.010426e+05	1.235446e-04
2022	2	15	6	3
	239	9	32.750000	71.250000	9.812001e+04	1.933436e-04
	267	12	39.750000	70.500000	9.812001e+04	2.541135e-04
	28	38	-20.000000	64.000000	9.732995e+04	6.908549e-05
	127	51	4.750000	60.750000	9.857024e+04	6.208974e-05
	144	60	9.000000	58.500000	9.855364e+04	2.260121e-04
	146	118	9.500000	44.000000	1.009707e+05	1.018641e-04
2022	2	15	7	6
	272	12	41.000000	70.500000	9.819002e+04	2.330350e-04
	248	14	35.000000	70.000000	9.819002e+04	1.633027e-04
	24	35	-21.000000	64.750000	9.736334e+04	1.171058e-04
	129	46	5.250000	62.000000	9.865053e+04	1.267582e-04
	148	57	10.000000	59.250000	9.854183e+04	2.108707e-04
	0	87	-27.000000	51.750000	9.917438e+04	1.369141e-04
	156	118	12.000000	44.000000	1.010191e+05	8.017284e-05
2022	2	15	8	9
	273	11	41.250000	70.750000	9.835899e+04	2.211440e-04
	10	31	-24.500000	65.750000	9.742154e+04	9.001543e-05
	35	36	-18.250000	64.500000	9.762389e+04	1.432673e-04
	138	41	7.500000	63.250000	9.857264e+04	1.841441e-04
	0	42	-27.000000	63.000000	9.742154e+04	3.192627e-05
	153	55	11.250000	59.750000	9.860910e+04	1.709467e-04
	0	84	-27.000000	52.500000	9.855655e+04	1.202538e-04
	159	113	12.750000	45.250000	1.010928e+05	1.048337e-04
2022	2	15	5	12
	274	12	41.500000	70.500000	9.850998e+04	2.259377e-04
	0	40	-27.000000	63.500000	9.745561e+04	3.080936e-05
	136	40	7.000000	63.500000	9.845674e+04	1.771822e-04
	10	81	-24.500000	53.250000	9.835283e+04	2.516303e-04
	160	111	13.000000	45.750000	1.010967e+05	9.337528e-05
2022	2	15	5	15
	279	12	42.750000	70.500000	9.859729e+04	2.550720e-04
	0	37	-27.000000	64.250000	9.746982e+04	-1.240687e-05
	133	39	6.250000	63.750000	9.828880e+04	2.496495e-04
	18	79	-22.500000	53.750000	9.816041e+04	2.618105e-04
	161	111	13.250000	45.750000	1.011085e+05	8.588078e-05
2022	2	15	7	18
	285	13	44.250000	70.250000	9.870771e+04	2.164220e-04
	0	39	-27.000000	63.750000	9.747649e+04	2.186912e-05
	129	39	5.250000	63.750000	9.815904e+04	2.989877e-04
	115	55	1.750000	59.750000	9.817188e+04	1.400446e-04
	28	77	-20.000000	54.250000	9.811538e+04	2.646522e-04
	175	116	16.750000	44.500000	1.012352e+05	6.891949e-05
	163	162	13.750000	33.000000	1.017923e+05	-2.124167e-05
2022	2	15	4	21
	125	38	4.250000	64.000000	9.812052e+04	2.520518e-04
	119	54	2.750000	60.000000	9.804245e+04	1.673172e-04
	41	75	-16.750000	54.750000	9.813935e+04	2.177406e-04
	179	111	17.750000	45.750000	1.013627e+05	1.392569e-04
2022	2	16	6	0
	123	37	3.750000	64.250000	9.800514e+04	2.423352e-04
	188	42	20.000000	63.000000	9.872757e+04	1.602760e-04
	123	54	3.750000	60.000000	9.796577e+04	2.289854e-04
	50	74	-14.500000	55.000000	9.814158e+04	2.236646e-04
	51	74	-14.250000	55.000000	9.814158e+04	2.248163e-04
	4	78	-26.000000	54.000000	9.831431e+04	1.418241e-04
2022	2	16	6	3
	118	38	2.500000	64.000000	9.788462e+04	1.913357e-04
	191	41	20.750000	63.250000	9.870977e+04	1.440490e-04
	126	53	4.500000	60.250000	9.797141e+04	1.895622e-04
	22	72	-21.500000	55.500000	9.811607e+04	1.337980e-04
	67	73	-10.250000	55.250000	9.813096e+04	2.239838e-04
	279	121	42.750000	43.250000	1.022832e+05	3.804127e-06
2022	2	16	5	6
	117	38	2.250000	64.000000	9.780895e+04	1.798989e-04
	128	53	5.000000	60.250000	9.795224e+04	1.208956e-04
	33	68	-18.750000	56.500000	9.789848e+04	1.960885e-04
	81	72	-6.750000	55.500000	9.814227e+04	1.867984e-04
	279	121	42.750000	43.250000	1.022654e+05	3.295081e-06
2022	2	16	4	9
	114	38	1.500000	64.000000	9.776016e+04	1.804270e-04
	39	66	-17.250000	57.000000	9.758674e+04	2.556283e-04
	105	73	-0.750000	55.250000	9.816144e+04	1.866429e-04
	137	116	7.250000	44.500000	1.010642e+05	9.645469e-05
2022	2	16	3	12
	113	38	1.250000	64.000000	9.770555e+04	1.701074e-04
	45	65	-15.750000	57.250000	9.728168e+04	3.335805e-04
	122	73	3.500000	55.250000	9.809381e+04	1.894490e-04
2022	2	16	4	15
	112	38	1.000000	64.000000	9.762852e+04	1.481879e-04
	54	65	-13.500000	57.250000	9.709473e+04	3.717647e-04
	134	74	6.500000	55.000000	9.805153e+04	2.058745e-04
	136	119	7.000000	43.750000	1.012492e+05	1.719738e-04
2022	2	16	4	18
	288	8	45.000000	71.500000	9.899685e+04	1.225180e-04
	108	38	0.000000	64.000000	9.756483e+04	1.509136e-04
	181	48	18.250000	61.500000	9.778276e+04	1.728296e-04
	67	65	-10.250000	57.250000	9.708584e+04	3.310732e-04
2022	2	16	5	21
	288	8	45.000000	71.500000	9.899462e+04	1.119565e-04
	106	39	-0.500000	63.750000	9.754138e+04	1.427121e-04
	181	48	18.250000	61.500000	9.764752e+04	1.689362e-04
	79	65	-7.250000	57.250000	9.716920e+04	3.271607e-04
	179	71	17.750000	55.750000	9.788051e+04	1.220803e-04
2022	2	17	6	0
	288	8	45.000000	71.500000	9.900559e+04	1.172095e-04
	106	40	-0.500000	63.500000	9.761156e+04	1.226394e-04
	183	48	18.750000	61.500000	9.757664e+04	1.492070e-04
	92	65	-4.000000	57.250000	9.761259e+04	2.129366e-04
	185	71	19.250000	55.750000	9.765094e+04	1.158633e-04
	138	117	7.500000	44.250000	1.006509e+05	1.313234e-04
2022	2	17	6	3
	288	9	45.000000	71.250000	9.902664e+04	1.072882e-04
	106	41	-0.500000	63.250000	9.766755e+04	1.169889e-04
	187	49	19.750000	61.250000	9.748437e+04	1.199220e-04
	191	70	20.750000	56.000000	9.742891e+04	1.575891e-04
	138	117	7.500000	44.250000	1.005465e+05	1.325756e-04
	280	121	43.000000	43.250000	1.017363e+05	-1.997056e-05
2022	2	17	4	6
	285	8	44.250000	71.500000	9.903212e+04	1.371472e-04
	108	42	0.000000	63.000000	9.782008e+04	1.108322e-04
	0	114	-27.000000	45.000000	1.007060e+05	1.094379e-04
	281	121	43.250000	43.250000	1.016216e+05	-8.160417e-06
2022	2	17	3	9
	213	62	26.250000	58.000000	9.731745e+04	6.963286e-05
	4	110	-26.000000	46.000000	9.986754e+04	2.897818e-04
	279	120	42.750000	43.500000	1.013506e+05	-1.611475e-05
2022	2	17	3	12
	219	59	27.750000	58.750000	9.720755e+04	7.928643e-05
	9	104	-24.750000	47.500000	9.905095e+04	3.542997e-04
	279	120	42.750000	43.500000	1.011421e+05	-2.389109e-06
2022	2	17	4	15
	288	26	45.000000	67.000000	9.884758e+04	1.135793e-04
	225	54	29.250000	60.000000	9.721526e+04	7.202320e-05
	17	98	-22.750000	49.000000	9.831277e+04	3.985748e-04
	158	107	12.500000	46.750000	9.987079e+04	-4.209895e-06
2022	2	17	4	18
	208	47	25.000000	61.750000	9.722809e+04	-2.265610e-05
	230	48	30.500000	61.500000	9.722809e+04	8.419274e-05
	23	93	-21.250000	50.250000	9.750355e+04	5.162279e-04
	154	110	11.500000	46.000000	1.004178e+05	1.148665e-04
2022	2	17	3	21
	230	40	30.500000	63.500000	9.722690e+04	1.369872e-04
	30	90	-19.500000	51.000000	9.680097e+04	6.027823e-04
	171	129	15.750000	41.250000	1.006971e+05	-2.836826e-05
2022	2	18	6	0
	147	24	9.750000	67.500000	9.851563e+04	8.239501e-05
	148	24	10.000000	67.500000	9.851563e+04	7.564627e-05
	231	38	30.750000	64.000000	9.723683e+04	1.023289e-04
	236	81	32.000000	53.250000	9.798477e+04	1.548035e-04
	40	88	-17.000000	51.500000	9.668422e+04	6.485265e-04
	176	138	17.000000	39.000000	1.008666e+05	-2.386220e-06
2022	2	18	4	3
	143	25	8.750000	67.250000	9.853669e+04	9.502550e-05
	232	36	31.000000	64.500000	9.732225e+04	8.604969e-05
	241	78	33.250000	54.000000	9.808594e+04	1.900226e-04
	50	85	-14.500000	52.250000	9.643171e+04	6.622573e-04
2022	2	18	5	6
	142	26	8.500000	67.000000	9.851683e+04	8.691798e-05
	234	35	31.500000	64.750000	9.742462e+04	7.813120e-05
	235	35	31.750000	64.750000	9.742462e+04	8.113921e-05
	61	83	-11.750000	52.750000	9.632386e+04	6.350551e-04
	250	159	35.500000	33.750000	1.007392e+05	-1.442464e-05
2022	2	18	6	9
	146	27	9.500000	66.750000	9.854216e+04	7.303760e-05
	239	32	32.750000	65.500000	9.758384e+04	1.098905e-04
	79	71	-7.250000	55.750000	9.655342e+04	2.244458e-04
	73	81	-8.750000	53.250000	9.655342e+04	5.333446e-04
	214	139	26.500000	38.750000	1.005622e+05	1.864088e-04
	256	162	37.000000	33.000000	1.006600e+05	1.209117e-04
2022	2	18	5	12
	150	24	10.500000	67.500000	9.854200e+04	1.136657e-04
	242	30	33.500000	66.000000	9.770264e+04	1.145121e-04
	99	66	-2.250000	57.000000	9.667942e+04	3.279077e-04
	91	76	-4.250000	54.500000	9.667942e+04	1.907228e-04
	217	142	27.250000	38.000000	1.004903e+05	2.223961e-04
2022	2	18	7	15
	149	24	10.250000	67.500000	9.845897e+04	1.708595e-04
	243	29	33.750000	66.250000	9.779046e+04	1.166822e-04
	101	65	-1.750000	57.250000	9.611312e+04	3.689689e-04
	119	126	2.750000	42.000000	1.013186e+05	4.195663e-05
	218	147	27.500000	36.750000	1.004796e+05	2.127487e-04
	252	155	36.000000	34.750000	1.004402e+05	4.960732e-05
	257	162	37.250000	33.000000	1.004402e+05	3.794771e-06
2022	2	18	3	18
	243	28	33.750000	66.500000	9.780039e+04	1.243591e-04
	118	67	2.500000	56.750000	9.609001e+04	7.376086e-05
	221	150	28.250000	36.000000	1.004645e+05	1.831350e-04
2022	2	18	6	21
	288	16	45.000000	69.500000	9.821878e+04	2.851781e-05
	263	20	38.750000	68.500000	9.778977e+04	1.041810e-04
	241	28	33.250000	66.500000	9.778977e+04	1.596388e-04
	131	65	5.750000	57.250000	9.604395e+04	1.679013e-04
	222	152	28.500000	35.500000	1.004272e+05	1.548039e-04
	233	153	31.250000	35.250000	1.004272e+05	3.808972e-05
2022	2	19	3	0
	241	28	33.250000	66.500000	9.782966e+04	1.685103e-04
	143	64	8.750000	57.500000	9.606655e+04	2.149762e-04
	222	155	28.500000	34.750000	1.003630e+05	1.701864e-04
2022	2	19	4	3
	113	11	1.250000	70.750000	9.835762e+04	2.716211e-04
	261	19	38.250000	68.750000	9.780604e+04	1.375401e-04
	153	62	11.250000	58.000000	9.620933e+04	2.421226e-04
	223	159	28.750000	33.750000	1.003536e+05	1.593301e-04
2022	2	19	8	6
	112	13	1.000000	70.250000	9.837354e+04	1.713462e-04
	261	19	38.250000	68.750000	9.776649e+04	1.600776e-04
	149	26	10.250000	67.000000	9.818848e+04	1.391797e-04
	53	46	-13.750000	62.000000	9.941131e+04	1.499729e-04
	166	59	14.500000	58.750000	9.645482e+04	2.497614e-04
	136	117	7.000000	44.250000	1.014855e+05	9.502954e-05
	228	150	30.000000	36.000000	1.005830e+05	-9.725883e-05
	224	162	29.000000	33.000000	1.005641e+05	1.207150e-05
2022	2	19	10	9
	112	15	1.000000	69.750000	9.844476e+04	1.842863e-04
	286	15	44.500000	69.750000	9.781700e+04	7.585818e-05
	287	15	44.750000	69.750000	9.781700e+04	6.490837e-05
	261	19	38.250000	68.750000	9.781700e+04	1.996170e-04
	154	27	11.500000	66.750000	9.832167e+04	1.461129e-04
	52	45	-14.000000	62.250000	9.968796e+04	1.442338e-04
	53	45	-13.750000	62.250000	9.968796e+04	1.374509e-04
	170	59	15.500000	58.750000	9.676434e+04	1.932796e-04
	137	117	7.250000	44.250000	1.015439e+05	1.057470e-04
	228	162	30.000000	33.000000	1.008543e+05	9.156747e-05
2022	2	19	7	12
	115	17	1.750000	69.250000	9.849988e+04	2.445009e-04
	262	20	38.500000	68.500000	9.792912e+04	1.854627e-04
	154	27	11.500000	66.750000	9.845605e+04	1.869662e-04
	181	59	18.250000	58.750000	9.711152e+04	1.702225e-04
	157	107	12.250000	46.750000	1.015259e+05	-1.526837e-05
	137	117	7.250000	44.250000	1.014821e+05	8.566548e-05
	94	145	-3.500000	37.250000	1.015517e+05	3.560042e-05
2022	2	19	7	15
	117	19	2.250000	68.750000	9.859164e+04	2.637715e-04
	266	20	39.500000	68.500000	9.799076e+04	1.753246e-04
	157	26	12.250000	67.000000	9.864899e+04	1.855480e-04
	0	45	-27.000000	62.250000	9.632248e+04	1.105592e-04
	204	60	24.000000	58.500000	9.743010e+04	1.593379e-04
	205	61	24.250000	58.250000	9.743010e+04	1.949349e-04
	137	117	7.250000	44.250000	1.014413e+05	8.609454e-05
2022	2	19	9	18
	205	2	24.250000	73.000000	9.907697e+04	1.411966e-04
	124	21	4.000000	68.250000	9.870274e+04	2.230338e-04
	271	22	40.750000	68.000000	9.820748e+04	1.383434e-04
	157	26	12.250000	67.000000	9.875496e+04	9.531682e-05
	0	40	-27.000000	63.500000	9.554698e+04	1.741698e-04
	216	59	27.000000	58.750000	9.766874e+04	1.961018e-04
	137	122	7.250000	43.000000	1.015914e+05	9.548019e-05
	275	150	41.750000	36.000000	1.014995e+05	1.313722e-05
	287	155	44.750000	34.750000	1.014995e+05	9.651742e-05
2022	2	19	9	21
	206	2	24.500000	73.000000	9.909854e+04	1.487705e-04
	130	23	5.500000	67.750000	9.878680e+04	1.986314e-04
	274	23	41.500000	67.750000	9.855176e+04	1.260119e-04
	275	23	41.750000	67.750000	9.855176e+04	1.283780e-04
	155	24	11.750000	67.500000	9.878680e+04	4.979886e-05
	0	36	-27.000000	64.500000	9.530321e+04	1.392274e-04
	225	57	29.250000	59.250000	9.783172e+04	1.551175e-04
	226	57	29.500000	59.250000	9.783172e+04	1.617933e-04
	73	146	-8.750000	37.000000	1.020607e+05	2.832714e-05
2022	2	20	6	0
	209	2	25.250000	73.000000	9.910539e+04	1.580033e-04
	288	13	45.000000	70.250000	9.878920e+04	-1.587235e-05
	139	25	7.750000	67.250000	9.880649e+04	1.910209e-04
	23	34	-21.250000	65.000000	9.514845e+04	2.272728e-04
	0	43	-27.000000	62.750000	9.507415e+04	1.036521e-05
	235	56	31.750000	59.500000	9.793871e+04	1.334637e-04
