2022	2	16	6	0
	288	11	45.000000	70.750000	9.879223e+04	1.021751e-04
	54	39	-13.500000	63.750000	9.752352e+04	2.920551e-04
	119	53	2.750000	60.250000	9.802477e+04	1.459224e-04
	65	67	-10.750000	56.750000	9.727798e+04	3.104286e-04
	171	120	15.750000	43.500000	1.014416e+05	1.964656e-05
	280	121	43.000000	43.250000	1.020892e+05	1.371310e-05
2022	2	16	5	3
	48	38	-15.000000	64.000000	9.741891e+04	2.929881e-04
	122	52	3.500000	60.500000	9.797551e+04	1.404294e-04
	73	66	-8.750000	57.000000	9.721200e+04	2.532426e-04
	280	121	43.000000	43.250000	1.021639e+05	1.824458e-05
	173	122	16.250000	43.000000	1.014183e+05	3.269248e-05
2022	2	16	4	6
	39	37	-17.250000	64.250000	9.770626e+04	2.003338e-04
	83	66	-6.250000	57.000000	9.744172e+04	2.811349e-04
	99	67	-2.250000	56.750000	9.744172e+04	2.082143e-04
	279	121	42.750000	43.250000	1.023080e+05	6.874235e-06
2022	2	16	4	9
	49	64	-14.750000	57.500000	9.768726e+04	9.857898e-05
	96	66	-3.000000	57.000000	9.747076e+04	1.789026e-04
	111	66	0.750000	57.000000	9.747076e+04	2.227458e-04
	137	116	7.250000	44.500000	1.012544e+05	7.172500e-05
2022	2	16	4	12
	67	55	-10.250000	59.750000	9.757171e+04	8.070927e-05
	122	66	3.500000	57.000000	9.736844e+04	2.146973e-04
	63	69	-11.250000	56.250000	9.740220e+04	2.334263e-04
	183	139	18.750000	38.750000	1.012532e+05	1.756868e-04
2022	2	16	4	15
	128	65	5.000000	57.250000	9.714662e+04	2.109278e-04
	151	67	10.750000	56.750000	9.715727e+04	2.290103e-04
	78	68	-7.500000	56.500000	9.699930e+04	3.069943e-04
	185	136	19.250000	39.500000	1.010549e+05	1.795497e-04
2022	2	16	3	18
	137	66	7.250000	57.000000	9.689927e+04	1.720839e-04
	92	68	-4.000000	56.500000	9.706680e+04	2.735846e-04
	185	134	19.250000	40.000000	1.010419e+05	1.670926e-04
2022	2	16	7	21
	173	63	16.250000	57.750000	9.658455e+04	2.190809e-04
	174	63	16.500000	57.750000	9.658455e+04	2.189701e-04
	148	66	10.000000	57.000000	9.656875e+04	1.786266e-04
	149	66	10.250000	57.000000	9.656875e+04	1.758262e-04
	137	117	7.250000	44.250000	1.012106e+05	5.701503e-05
	278	120	42.500000	43.500000	1.021712e+05	-4.331088e-05
	185	134	19.250000	40.000000	1.011457e+05	1.279453e-04
2022	2	17	5	0
	181	60	18.250000	58.500000	9.618821e+04	2.521277e-04
	162	65	13.500000	57.250000	9.618821e+04	1.437643e-04
	169	72	15.250000	55.500000	9.625465e+04	2.338394e-04
	137	117	7.250000	44.250000	1.011089e+05	7.477756e-05
	184	133	19.000000	40.250000	1.012108e+05	1.173395e-04
2022	2	17	6	3
	185	58	19.250000	59.000000	9.580432e+04	2.113692e-04
	187	67	19.750000	56.750000	9.580432e+04	2.913386e-04
	0	117	-27.000000	44.250000	1.009783e+05	1.149556e-04
	138	117	7.500000	44.250000	1.009341e+05	7.925480e-05
	279	121	42.750000	43.250000	1.017695e+05	-2.631317e-05
	184	135	19.000000	39.750000	1.011560e+05	9.850447e-05
2022	2	17	5	6
	287	13	44.750000	70.250000	9.924772e+04	6.741813e-05
	188	58	20.000000	59.000000	9.566415e+04	2.099045e-04
	2	112	-26.500000	45.500000	1.002261e+05	1.981398e-04
	138	117	7.500000	44.250000	1.007185e+05	9.008029e-05
	279	121	42.750000	43.250000	1.016412e+05	-1.081382e-05
2022	2	17	3	9
	8	47	-25.000000	61.750000	9.928452e+04	8.124061e-05
	203	57	23.750000	59.250000	9.563177e+04	1.805470e-04
	11	107	-24.250000	46.750000	9.991667e+04	2.495528e-04
2022	2	17	3	12
	13	53	-23.750000	60.250000	9.934973e+04	4.843955e-05
	207	54	24.750000	60.000000	9.553097e+04	1.638163e-04
	21	101	-21.750000	48.250000	9.952823e+04	2.315601e-04
2022	2	17	4	15
	210	52	25.500000	60.500000	9.560774e+04	1.281224e-04
	21	53	-21.750000	60.250000	9.909112e+04	1.405080e-04
	36	61	-18.000000	58.250000	9.909112e+04	1.933025e-04
	32	94	-19.000000	50.000000	9.911074e+04	2.353475e-04
2022	2	17	5	18
	214	48	26.500000	61.500000	9.572147e+04	1.913812e-04
	20	50	-22.000000	61.000000	9.879497e+04	1.879028e-04
	38	58	-17.500000	59.000000	9.877384e+04	2.314483e-04
	42	88	-16.500000	51.500000	9.863655e+04	2.506553e-04
	154	110	11.500000	46.000000	1.008229e+05	7.170016e-05
2022	2	17	4	21
	215	45	26.750000	62.250000	9.577301e+04	1.960942e-04
	17	47	-22.750000	61.750000	9.868048e+04	1.825920e-04
	38	56	-17.500000	59.500000	9.848315e+04	2.632705e-04
	46	88	-15.500000	51.500000	9.802005e+04	4.592877e-04
2022	2	18	4	0
	216	43	27.000000	62.750000	9.589296e+04	1.949916e-04
	13	45	-23.750000	62.250000	9.851918e+04	2.667743e-04
	37	54	-17.750000	60.000000	9.822256e+04	2.824519e-04
	57	81	-12.750000	53.250000	9.734214e+04	4.535433e-04
2022	2	18	6	3
	6	7	-25.500000	71.750000	1.003998e+05	-1.742661e-05
	8	43	-25.000000	62.750000	9.842066e+04	2.457735e-04
	219	43	27.750000	62.750000	9.595803e+04	1.561563e-04
	37	53	-17.750000	60.250000	9.798327e+04	3.120547e-04
	66	75	-10.500000	54.750000	9.666802e+04	5.106885e-04
	134	119	6.500000	43.750000	1.014718e+05	1.159505e-04
2022	2	18	7	6
	288	33	45.000000	65.250000	9.798737e+04	-8.042004e-06
	4	41	-26.000000	63.250000	9.842994e+04	1.927042e-04
	224	43	29.000000	62.750000	9.611143e+04	1.125455e-04
	37	52	-17.750000	60.500000	9.784050e+04	3.270563e-04
	74	73	-8.500000	55.250000	9.639892e+04	5.165827e-04
	140	107	8.000000	46.750000	1.011667e+05	-9.667342e-05
	137	117	7.250000	44.250000	1.014341e+05	7.033737e-05
2022	2	18	4	9
	6	7	-25.500000	71.750000	1.003380e+05	-1.879425e-05
	228	41	30.000000	63.250000	9.633340e+04	1.024344e-04
	38	53	-17.500000	60.250000	9.786255e+04	3.519577e-04
	89	70	-4.750000	56.000000	9.640638e+04	3.888806e-04
2022	2	18	6	12
	6	7	-25.500000	71.750000	1.004582e+05	-2.831069e-05
	129	27	5.250000	66.750000	9.786513e+04	8.326280e-05
	239	34	32.750000	65.000000	9.652800e+04	5.232730e-05
	41	53	-16.750000	60.250000	9.797399e+04	3.622496e-04
	103	65	-1.250000	57.250000	9.645168e+04	3.303115e-04
	257	162	37.250000	33.000000	1.006171e+05	-2.500527e-05
2022	2	18	6	15
	6	7	-25.500000	71.750000	1.004649e+05	-3.028461e-05
	125	27	4.250000	66.750000	9.770078e+04	1.123973e-04
	246	29	34.500000	66.250000	9.666833e+04	7.100837e-05
	44	53	-16.000000	60.250000	9.809105e+04	3.818505e-04
	118	64	2.500000	57.500000	9.659246e+04	2.766507e-04
	238	137	32.500000	39.250000	1.006297e+05	5.464403e-05
2022	2	18	7	18
	6	7	-25.500000	71.750000	1.004242e+05	-2.446692e-05
	288	17	45.000000	69.250000	9.732146e+04	2.044603e-05
	249	26	35.250000	67.000000	9.668931e+04	1.083414e-04
	123	29	3.750000	66.250000	9.756730e+04	1.159463e-04
	0	54	-27.000000	60.000000	9.869371e+04	3.461006e-05
	48	54	-15.000000	60.000000	9.827973e+04	3.276982e-04
	129	63	5.250000	57.750000	9.669463e+04	2.188869e-04
2022	2	18	7	21
	6	7	-25.500000	71.750000	1.004334e+05	2.258707e-06
	253	22	36.250000	68.000000	9.672473e+04	1.130371e-04
	151	29	10.750000	66.250000	9.751409e+04	4.859342e-05
	130	33	5.500000	65.250000	9.751409e+04	1.081844e-04
	54	54	-13.500000	60.000000	9.845456e+04	3.311336e-04
	147	61	9.750000	58.250000	9.679360e+04	2.955494e-04
	108	137	0.000000	39.250000	1.012679e+05	6.739167e-05
2022	2	19	10	0
	6	7	-25.500000	71.750000	1.004167e+05	2.415578e-05
	255	18	36.750000	69.000000	9.673218e+04	1.238582e-04
	256	18	37.000000	69.000000	9.673218e+04	1.200128e-04
	151	28	10.750000	66.500000	9.750588e+04	8.092545e-05
	134	34	6.500000	65.000000	9.750588e+04	1.252917e-04
	61	54	-11.750000	60.000000	9.854806e+04	3.310471e-04
	153	61	11.250000	58.250000	9.688467e+04	2.337396e-04
	138	110	7.500000	46.000000	1.010948e+05	-4.582875e-05
	104	135	-1.000000	39.750000	1.012400e+05	3.841118e-05
	118	144	2.500000	37.500000	1.012616e+05	6.088540e-06
2022	2	19	9	3
	6	7	-25.500000	71.750000	1.003288e+05	1.349749e-05
	255	17	36.750000	69.250000	9.669889e+04	9.322984e-05
	153	28	11.250000	66.500000	9.748566e+04	6.483279e-05
	139	34	7.750000	65.000000	9.748566e+04	1.337139e-04
	0	51	-27.000000	60.750000	9.804605e+04	1.091387e-04
	67	54	-10.250000	60.000000	9.854928e+04	3.410739e-04
	173	58	16.250000	59.000000	9.701192e+04	1.716599e-04
	137	117	7.250000	44.250000	1.013637e+05	1.092730e-04
	106	140	-0.500000	38.500000	1.011477e+05	6.661095e-05
2022	2	19	8	6
	6	7	-25.500000	71.750000	1.003077e+05	1.852947e-05
	260	17	38.000000	69.250000	9.674450e+04	6.447078e-05
	144	34	9.000000	65.000000	9.755484e+04	1.289150e-04
	38	36	-17.500000	64.500000	9.854107e+04	-8.029597e-05
	74	54	-8.500000	60.000000	9.859976e+04	2.758337e-04
	189	56	20.250000	59.500000	9.715545e+04	1.576247e-04
	136	117	7.000000	44.250000	1.013581e+05	1.101675e-04
	122	139	3.500000	38.750000	1.011717e+05	-5.844547e-06
2022	2	19	7	9
	6	6	-25.500000	72.000000	1.002402e+05	2.583014e-05
	264	16	39.000000	69.500000	9.687251e+04	1.221147e-04
	148	34	10.000000	65.000000	9.770261e+04	1.528981e-04
	80	53	-7.000000	60.250000	9.870405e+04	2.225439e-04
	203	53	23.750000	60.250000	9.732359e+04	1.431406e-04
	76	63	-8.000000	57.750000	9.870405e+04	1.564743e-04
	126	138	4.500000	39.000000	1.013548e+05	-2.856924e-06
2022	2	19	8	12
	6	7	-25.500000	71.750000	1.001681e+05	2.424446e-05
	268	15	40.000000	69.750000	9.698076e+04	1.109304e-04
	156	29	12.000000	66.250000	9.785647e+04	1.036703e-04
	212	52	26.000000	60.500000	9.748977e+04	1.239490e-04
	86	53	-5.500000	60.250000	9.880667e+04	2.438614e-04
	86	62	-5.500000	58.000000	9.880667e+04	1.434938e-04
	129	138	5.250000	39.000000	1.014209e+05	4.481525e-05
	260	162	38.000000	33.000000	1.002318e+05	3.638392e-05
2022	2	19	10	15
	6	7	-25.500000	71.750000	1.000570e+05	6.467978e-06
	271	15	40.750000	69.750000	9.708657e+04	9.055799e-05
	158	29	12.500000	66.250000	9.807722e+04	1.271686e-04
	226	50	29.500000	61.000000	9.769653e+04	8.476120e-05
	0	52	-27.000000	60.500000	9.682188e+04	8.386523e-05
	91	53	-4.250000	60.250000	9.882917e+04	2.711298e-04
	99	62	-2.250000	58.000000	9.882917e+04	1.532882e-04
	133	137	6.250000	39.250000	1.014329e+05	7.041600e-05
	95	145	-3.250000	37.250000	1.015522e+05	4.822851e-05
	258	162	37.500000	33.000000	1.002309e+05	5.708022e-05
2022	2	19	9	18
	273	15	41.250000	69.750000	9.717232e+04	7.581767e-05
	241	47	33.250000	61.750000	9.782195e+04	6.489663e-05
	242	47	33.500000	61.750000	9.782195e+04	6.348435e-05
	0	49	-27.000000	61.250000	9.604089e+04	1.144974e-04
	95	53	-3.250000	60.250000	9.894973e+04	2.621259e-04
	112	61	1.000000	58.250000	9.894973e+04	1.395903e-04
	139	137	7.750000	39.250000	1.015098e+05	6.481571e-05
	96	144	-3.000000	37.500000	1.017251e+05	4.849309e-05
	263	162	38.750000	33.000000	1.006416e+05	1.233270e-04
2022	2	19	7	21
	277	15	42.250000	69.750000	9.727145e+04	9.359974e-05
	278	15	42.500000	69.750000	9.727145e+04	9.530127e-05
	0	46	-27.000000	62.000000	9.546742e+04	1.155411e-04
	98	54	-2.500000	60.000000	9.910709e+04	2.120273e-04
	145	123	9.250000	42.750000	1.016606e+05	1.955676e-05
	150	136	10.500000	39.500000	1.016517e+05	9.888490e-05
	275	162	41.750000	33.000000	1.006268e+05	1.205883e-04
2022	2	20	6	0
	278	16	42.500000	69.500000	9.735795e+04	9.406485e-05
	0	44	-27.000000	62.500000	9.527601e+04	1.119048e-04
	152	134	11.000000	40.000000	1.016362e+05	1.091715e-04
	86	162	-5.500000	33.000000	1.018887e+05	3.612793e-05
	261	162	38.250000	33.000000	1.005204e+05	9.985460e-05
	275	162	41.750000	33.000000	1.005204e+05	5.743000e-05
