2022	2	16	5	0
	53	38	-13.750000	64.000000	9.747897e+04	3.316121e-04
	118	53	2.500000	60.250000	9.804909e+04	1.715062e-04
	65	67	-10.750000	56.750000	9.735461e+04	2.779575e-04
	280	121	43.000000	43.250000	1.020810e+05	2.859995e-05
	173	122	16.250000	43.000000	1.014574e+05	4.090282e-05
2022	2	16	5	3
	47	35	-15.250000	64.750000	9.773059e+04	3.034849e-04
	122	52	3.500000	60.500000	9.798387e+04	1.662687e-04
	75	67	-8.250000	56.750000	9.724347e+04	2.755097e-04
	280	121	43.000000	43.250000	1.021069e+05	3.204387e-05
	174	123	16.500000	42.750000	1.014262e+05	5.194273e-05
2022	2	16	1	6
	99	67	-2.250000	56.750000	9.726825e+04	2.465035e-04
2022	2	16	5	9
	40	59	-17.000000	58.750000	9.730063e+04	6.165269e-05
	111	67	0.750000	56.750000	9.725472e+04	2.590563e-04
	44	71	-16.000000	55.750000	9.726870e+04	2.272734e-04
	137	116	7.250000	44.500000	1.012553e+05	6.725713e-05
	183	134	18.750000	40.000000	1.015100e+05	9.171478e-05
2022	2	16	3	12
	59	55	-12.250000	59.750000	9.705555e+04	5.186883e-05
	120	66	3.000000	57.000000	9.704355e+04	2.394067e-04
	58	68	-12.500000	56.500000	9.682142e+04	3.369237e-04
2022	2	16	4	15
	71	66	-9.250000	57.000000	9.664385e+04	2.859738e-04
	129	66	5.250000	57.000000	9.680395e+04	2.678383e-04
	281	121	43.250000	43.250000	1.021046e+05	-6.675904e-06
	185	139	19.250000	38.750000	1.011348e+05	1.622998e-04
2022	2	16	4	18
	140	65	8.000000	57.250000	9.645518e+04	2.289141e-04
	92	68	-4.000000	56.500000	9.683466e+04	2.283687e-04
	278	120	42.500000	43.500000	1.022067e+05	-2.653352e-05
	186	137	19.500000	39.250000	1.011773e+05	1.480757e-04
2022	2	16	4	21
	151	64	10.750000	57.500000	9.599133e+04	2.638385e-04
	108	69	0.000000	56.250000	9.665541e+04	2.950098e-04
	278	120	42.500000	43.500000	1.020955e+05	-4.338431e-05
	186	137	19.500000	39.250000	1.011446e+05	1.165562e-04
2022	2	17	4	0
	157	64	12.250000	57.500000	9.572602e+04	2.929890e-04
	122	71	3.500000	55.750000	9.678448e+04	3.043938e-04
	138	117	7.500000	44.250000	1.011273e+05	6.554164e-05
	185	136	19.250000	39.500000	1.011235e+05	1.315836e-04
2022	2	17	3	3
	184	62	19.000000	58.000000	9.536951e+04	2.838071e-04
	279	121	42.750000	43.250000	1.018034e+05	-3.636756e-05
	184	137	19.000000	39.250000	1.010954e+05	1.146728e-04
2022	2	17	5	6
	190	58	20.500000	59.000000	9.523770e+04	2.096468e-04
	9	111	-24.750000	45.750000	1.007641e+05	1.315019e-04
	137	113	7.250000	45.250000	1.008246e+05	2.582759e-06
	0	116	-27.000000	44.500000	1.007641e+05	1.031421e-04
	279	121	42.750000	43.250000	1.017590e+05	-2.859989e-05
2022	2	17	3	9
	194	56	21.500000	59.500000	9.522538e+04	2.353436e-04
	4	113	-26.000000	45.250000	1.004260e+05	2.475000e-04
	278	120	42.500000	43.500000	1.016251e+05	-3.791767e-05
2022	2	17	2	12
	198	54	22.500000	60.000000	9.527053e+04	2.511742e-04
	20	106	-22.000000	47.000000	1.001674e+05	1.965444e-04
2022	2	17	2	15
	201	52	23.250000	60.500000	9.537817e+04	2.463543e-04
	30	100	-19.500000	48.500000	9.971888e+04	2.297072e-04
2022	2	17	4	18
	47	49	-15.250000	61.250000	9.882370e+04	1.558896e-04
	204	50	24.000000	61.000000	9.547016e+04	2.334719e-04
	39	95	-17.250000	49.750000	9.926399e+04	2.930584e-04
	153	110	11.250000	46.000000	1.009237e+05	9.765421e-05
2022	2	17	3	21
	49	49	-14.750000	61.250000	9.866832e+04	1.784453e-04
	209	50	25.250000	61.000000	9.553249e+04	2.130108e-04
	46	92	-15.500000	50.500000	9.887813e+04	3.765834e-04
2022	2	18	4	0
	6	7	-25.500000	71.750000	1.003296e+05	-1.492793e-05
	48	49	-15.000000	61.250000	9.845973e+04	1.978918e-04
	215	49	26.750000	61.250000	9.564666e+04	1.978231e-04
	55	90	-13.250000	51.000000	9.838600e+04	4.926603e-04
2022	2	18	6	3
	6	7	-25.500000	71.750000	1.003332e+05	-1.345421e-05
	217	39	27.250000	63.750000	9.579155e+04	5.262356e-05
	220	47	28.000000	61.750000	9.579155e+04	1.385375e-04
	46	50	-15.500000	61.000000	9.823457e+04	2.302349e-04
	65	88	-10.750000	51.500000	9.782545e+04	5.436802e-04
	139	117	7.750000	44.250000	1.014464e+05	9.082034e-05
2022	2	18	7	6
	6	7	-25.500000	71.750000	1.003082e+05	-3.126165e-05
	218	37	27.500000	64.250000	9.587213e+04	1.194718e-04
	224	45	29.000000	62.250000	9.587213e+04	8.396674e-05
	44	52	-16.000000	60.500000	9.818501e+04	2.271030e-04
	60	54	-12.000000	60.000000	9.818501e+04	2.084545e-04
	81	83	-6.750000	52.750000	9.742788e+04	5.235472e-04
	138	117	7.500000	44.250000	1.014095e+05	5.613941e-05
2022	2	18	5	9
	220	35	28.000000	64.750000	9.598114e+04	1.224079e-04
	65	55	-10.750000	59.750000	9.812694e+04	2.203641e-04
	95	78	-3.250000	54.000000	9.723070e+04	4.482752e-04
	253	160	36.250000	33.500000	1.009224e+05	3.284033e-07
	264	162	39.000000	33.000000	1.009224e+05	-2.704146e-05
2022	2	18	4	12
	221	34	28.250000	65.000000	9.611052e+04	1.197483e-04
	70	56	-9.500000	59.500000	9.812541e+04	2.450030e-04
	114	72	1.500000	55.500000	9.681017e+04	3.505927e-04
	265	162	39.250000	33.000000	1.007299e+05	-9.286863e-06
2022	2	18	7	15
	6	7	-25.500000	71.750000	1.004629e+05	-4.597813e-05
	126	32	4.500000	65.500000	9.750102e+04	1.358248e-04
	222	32	28.500000	65.500000	9.619079e+04	1.026812e-04
	76	58	-8.000000	59.000000	9.818152e+04	2.545572e-04
	124	70	4.000000	56.000000	9.635545e+04	4.095587e-04
	275	118	41.750000	44.000000	1.005140e+05	-7.125150e-05
	267	162	39.750000	33.000000	1.008175e+05	-1.795235e-05
2022	2	18	6	18
	2	6	-26.500000	72.000000	1.005061e+05	9.942667e-06
	224	31	29.000000	65.750000	9.623914e+04	7.814275e-05
	140	67	8.000000	56.750000	9.646643e+04	2.690344e-04
	282	121	43.500000	43.250000	1.006536e+05	2.832767e-05
	271	153	40.750000	35.250000	1.009642e+05	1.081036e-04
	258	161	37.500000	33.250000	1.009928e+05	-1.134265e-05
2022	2	18	7	21
	6	7	-25.500000	71.750000	1.005713e+05	-2.564689e-07
	226	30	29.500000	66.000000	9.634161e+04	9.308024e-05
	156	67	12.000000	56.750000	9.658927e+04	2.564349e-04
	282	121	43.500000	43.250000	1.007957e+05	4.789914e-05
	287	140	44.750000	38.500000	1.011671e+05	5.275521e-06
	270	153	40.500000	35.250000	1.009497e+05	9.284239e-05
	265	162	39.250000	33.000000	1.009497e+05	-1.724525e-05
2022	2	19	5	0
	230	29	30.500000	66.250000	9.641626e+04	1.009504e-04
	1	52	-26.750000	60.500000	9.816950e+04	1.642641e-04
	2	52	-26.500000	60.500000	9.816950e+04	1.935483e-04
	178	65	17.500000	57.250000	9.664538e+04	2.369575e-04
	137	117	7.250000	44.250000	1.012714e+05	1.251900e-04
2022	2	19	5	3
	232	28	31.000000	66.500000	9.644773e+04	1.152929e-04
	4	50	-26.000000	61.000000	9.795605e+04	3.303351e-04
	187	65	19.750000	57.250000	9.676395e+04	1.391056e-04
	137	117	7.250000	44.250000	1.011452e+05	1.209838e-04
	248	154	35.000000	35.000000	1.007539e+05	8.333500e-05
2022	2	19	7	6
	240	16	33.000000	69.500000	9.656434e+04	6.676401e-05
	235	27	31.750000	66.750000	9.656434e+04	1.112007e-04
	9	50	-24.750000	61.000000	9.810018e+04	2.712095e-04
	33	53	-18.750000	60.250000	9.810489e+04	1.586831e-04
	203	64	23.750000	57.500000	9.706195e+04	1.803455e-04
	137	117	7.250000	44.250000	1.012035e+05	1.260250e-04
	247	154	34.750000	35.000000	1.007325e+05	1.690103e-04
2022	2	19	7	9
	235	27	31.750000	66.750000	9.678646e+04	1.135170e-04
	15	49	-23.250000	61.250000	9.824734e+04	2.392706e-04
	33	50	-18.750000	61.000000	9.824734e+04	1.678516e-04
	218	63	27.500000	57.750000	9.736084e+04	1.488807e-04
	137	117	7.250000	44.250000	1.014089e+05	1.208171e-04
	245	155	34.250000	34.750000	1.008167e+05	1.677171e-04
	267	162	39.750000	33.000000	1.008584e+05	5.748196e-05
2022	2	19	6	12
	262	17	38.500000	69.250000	9.696966e+04	7.543918e-05
	38	36	-17.500000	64.500000	9.866300e+04	-9.456465e-05
	15	47	-23.250000	61.750000	9.834738e+04	2.220453e-04
	230	62	30.500000	58.000000	9.752929e+04	1.100422e-04
	136	118	7.000000	44.000000	1.013718e+05	1.080637e-04
	275	162	41.750000	33.000000	1.007459e+05	8.092666e-05
2022	2	19	7	15
	275	13	41.750000	70.250000	9.705784e+04	9.169809e-05
	0	47	-27.000000	61.750000	9.784993e+04	-1.977951e-05
	0	59	-27.000000	58.750000	9.784993e+04	1.131126e-04
	241	61	33.250000	58.250000	9.772633e+04	8.463288e-05
	136	118	7.000000	44.000000	1.013443e+05	9.654998e-05
	147	127	9.750000	41.750000	1.013602e+05	7.597203e-06
	94	146	-3.500000	37.000000	1.017503e+05	5.424766e-05
2022	2	19	1	18
	283	9	43.750000	71.250000	9.707805e+04	1.073760e-04
2022	2	19	2	21
	288	6	45.000000	72.000000	9.708763e+04	9.850199e-05
	122	70	3.500000	56.000000	9.951272e+04	1.854027e-04
2022	2	20	2	0
	0	46	-27.000000	62.000000	9.576753e+04	1.397514e-04
	268	162	40.000000	33.000000	1.009908e+05	5.838324e-05
