2022	2	16	6	0
	58	40	-12.500000	63.500000	9.742502e+04	3.465576e-04
	185	43	19.250000	62.750000	9.902229e+04	1.669390e-04
	118	54	2.500000	60.000000	9.794230e+04	2.199995e-04
	65	67	-10.750000	56.750000	9.718110e+04	3.081218e-04
	171	121	15.750000	43.250000	1.014333e+05	1.331771e-05
	280	121	43.000000	43.250000	1.021159e+05	1.687755e-05
2022	2	16	5	3
	48	39	-15.000000	63.750000	9.732655e+04	2.838396e-04
	123	54	3.750000	60.000000	9.789624e+04	2.140485e-04
	75	66	-8.250000	57.000000	9.706031e+04	3.117506e-04
	90	70	-4.500000	56.000000	9.706031e+04	1.952682e-04
	280	121	43.000000	43.250000	1.021641e+05	3.253236e-05
2022	2	16	4	6
	122	34	3.500000	65.000000	9.789221e+04	1.803443e-04
	45	38	-15.750000	64.000000	9.739090e+04	2.407671e-04
	99	67	-2.250000	56.750000	9.739850e+04	2.088962e-04
	280	121	43.000000	43.250000	1.022843e+05	2.680917e-05
2022	2	16	3	9
	37	36	-17.750000	64.500000	9.756503e+04	2.293507e-04
	44	60	-16.000000	58.500000	9.758736e+04	7.400987e-05
	111	66	0.750000	57.000000	9.741401e+04	2.524224e-04
2022	2	16	8	12
	110	35	0.500000	64.750000	9.760581e+04	1.692045e-04
	66	56	-10.500000	59.500000	9.734391e+04	4.611228e-05
	67	56	-10.250000	59.500000	9.738191e+04	4.719288e-05
	49	60	-14.750000	58.500000	9.727926e+04	9.976712e-05
	119	66	2.750000	57.000000	9.726825e+04	2.452403e-04
	120	66	3.000000	57.000000	9.726825e+04	2.466087e-04
	64	68	-11.000000	56.500000	9.727926e+04	2.266408e-04
	183	138	18.750000	39.000000	1.012167e+05	1.777303e-04
2022	2	16	6	15
	106	35	-0.500000	64.750000	9.743292e+04	1.643452e-04
	70	55	-9.500000	59.750000	9.690292e+04	6.421391e-05
	77	66	-7.750000	57.000000	9.690292e+04	2.800074e-04
	131	66	5.750000	57.000000	9.714327e+04	2.316698e-04
	151	67	10.750000	56.750000	9.714327e+04	2.357911e-04
	185	137	19.250000	39.250000	1.010264e+05	1.777899e-04
2022	2	16	5	18
	0	32	-27.000000	65.500000	9.802323e+04	6.292995e-05
	159	65	12.750000	57.250000	9.712016e+04	2.590861e-04
	91	67	-4.250000	56.750000	9.703721e+04	2.941055e-04
	141	67	8.250000	56.750000	9.712016e+04	2.385190e-04
	185	134	19.250000	40.000000	1.010785e+05	1.476791e-04
2022	2	16	6	21
	0	31	-27.000000	65.750000	9.828823e+04	7.768883e-05
	171	64	15.750000	57.500000	9.688587e+04	2.031643e-04
	106	67	-0.500000	56.750000	9.684741e+04	2.922862e-04
	137	117	7.250000	44.250000	1.011575e+05	5.923927e-05
	278	120	42.500000	43.500000	1.021643e+05	-3.448546e-05
	184	134	19.000000	40.000000	1.011474e+05	1.348728e-04
2022	2	17	3	0
	182	61	18.500000	58.250000	9.650798e+04	2.334992e-04
	120	68	3.000000	56.500000	9.689331e+04	2.888509e-04
	184	134	19.000000	40.000000	1.011593e+05	1.197619e-04
2022	2	17	3	3
	187	59	19.750000	58.750000	9.621523e+04	2.631844e-04
	137	113	7.250000	45.250000	1.006571e+05	7.528953e-06
	183	134	18.750000	40.000000	1.011320e+05	9.505849e-05
2022	2	17	5	6
	191	58	20.750000	59.000000	9.597722e+04	2.840453e-04
	192	69	21.000000	56.250000	9.597722e+04	1.641905e-04
	0	111	-27.000000	45.750000	1.008666e+05	1.115471e-04
	137	113	7.250000	45.250000	1.007210e+05	-7.690288e-06
	279	121	42.750000	43.250000	1.017234e+05	-1.313609e-05
2022	2	17	5	9
	194	58	21.500000	59.000000	9.600404e+04	2.881425e-04
	202	65	23.500000	57.250000	9.600404e+04	1.253531e-04
	7	108	-25.250000	46.500000	1.005154e+05	1.763848e-04
	137	113	7.250000	45.250000	1.008684e+05	-1.590244e-05
	278	120	42.500000	43.500000	1.016909e+05	-2.357673e-05
2022	2	17	3	12
	200	58	23.000000	59.000000	9.607645e+04	2.432581e-04
	22	63	-21.500000	57.750000	9.919099e+04	1.998472e-04
	24	105	-21.000000	47.250000	1.000762e+05	1.148498e-04
2022	2	17	3	15
	209	54	25.250000	60.000000	9.615181e+04	3.631121e-05
	24	60	-21.000000	58.500000	9.905222e+04	1.925138e-04
	32	99	-19.000000	48.750000	9.939040e+04	1.328184e-04
2022	2	17	4	18
	49	50	-14.750000	61.000000	9.895778e+04	8.806757e-05
	220	53	28.000000	60.250000	9.617755e+04	1.483378e-04
	23	57	-21.250000	59.250000	9.884134e+04	1.993045e-04
	40	92	-17.000000	50.500000	9.866565e+04	2.167846e-04
2022	2	17	5	21
	223	50	28.750000	61.000000	9.622407e+04	1.182153e-04
	48	51	-15.000000	60.750000	9.866348e+04	7.179264e-05
	22	56	-21.500000	59.500000	9.856517e+04	2.228222e-04
	45	87	-15.750000	51.750000	9.784321e+04	3.615429e-04
	153	111	11.250000	45.750000	1.011009e+05	1.071760e-04
2022	2	18	4	0
	225	46	29.250000	62.000000	9.623849e+04	1.170682e-04
	46	50	-15.500000	61.000000	9.817380e+04	1.181442e-04
	23	56	-21.250000	59.500000	9.810620e+04	2.913223e-04
	50	84	-14.500000	52.500000	9.684664e+04	5.120622e-04
2022	2	18	5	3
	226	44	29.500000	62.500000	9.626625e+04	1.030339e-04
	227	44	29.750000	62.500000	9.626625e+04	1.105840e-04
	41	50	-16.750000	61.000000	9.777824e+04	1.311461e-04
	25	56	-20.750000	59.500000	9.777824e+04	3.298052e-04
	58	83	-12.500000	52.750000	9.630780e+04	5.939027e-04
2022	2	18	4	6
	228	41	30.000000	63.250000	9.632486e+04	1.132547e-04
	30	57	-19.500000	59.250000	9.755092e+04	3.169215e-04
	70	81	-9.500000	53.250000	9.618484e+04	5.285756e-04
	250	161	35.500000	33.250000	1.011483e+05	-5.410049e-06
2022	2	18	6	9
	128	32	5.000000	65.500000	9.815194e+04	1.219862e-04
	232	39	31.000000	63.750000	9.642673e+04	1.078995e-04
	35	59	-18.250000	58.750000	9.762938e+04	3.740918e-04
	83	70	-6.250000	56.000000	9.647651e+04	2.404667e-04
	84	79	-6.000000	53.750000	9.647651e+04	2.421168e-04
	256	162	37.000000	33.000000	1.010815e+05	-2.646388e-05
2022	2	18	6	12
	6	7	-25.500000	71.750000	1.005816e+05	-3.279982e-05
	130	32	5.500000	65.500000	9.812790e+04	8.941163e-05
	236	37	32.000000	64.250000	9.659436e+04	1.181162e-04
	42	60	-16.500000	58.500000	9.781918e+04	3.274477e-04
	99	74	-2.250000	55.000000	9.653667e+04	2.515339e-04
	258	162	37.500000	33.000000	1.008201e+05	-5.440261e-06
2022	2	18	6	15
	6	7	-25.500000	71.750000	1.005112e+05	-3.288162e-05
	240	34	33.000000	65.000000	9.673888e+04	1.016014e-04
	49	62	-14.750000	58.000000	9.805751e+04	2.767692e-04
	111	70	0.750000	56.000000	9.628966e+04	2.024619e-04
	269	153	40.250000	35.250000	1.009323e+05	1.046256e-04
	260	162	38.000000	33.000000	1.009323e+05	-7.108002e-06
2022	2	18	5	18
	245	29	34.250000	66.250000	9.675345e+04	1.121912e-04
	58	63	-12.500000	57.750000	9.832669e+04	2.218693e-04
	125	68	4.250000	56.500000	9.626734e+04	1.685950e-04
	244	144	34.000000	37.500000	1.010914e+05	5.527537e-06
	230	149	30.500000	36.250000	1.010722e+05	8.094367e-05
2022	2	18	7	21
	6	7	-25.500000	71.750000	1.003902e+05	-3.279550e-06
	263	20	38.750000	68.500000	9.676539e+04	9.038834e-05
	245	28	34.250000	66.500000	9.676539e+04	1.472602e-04
	67	65	-10.250000	57.250000	9.858812e+04	2.337648e-04
	137	66	7.250000	57.000000	9.639170e+04	2.438059e-04
	108	126	0.000000	42.000000	1.013452e+05	7.432787e-05
	228	150	30.000000	36.000000	1.010052e+05	1.437786e-04
2022	2	19	8	0
	6	7	-25.500000	71.750000	1.003668e+05	-5.349149e-06
	262	19	38.500000	68.750000	9.678788e+04	1.116476e-04
	247	28	34.750000	66.500000	9.678788e+04	7.621392e-05
	17	47	-22.750000	61.750000	9.921193e+04	1.015118e-04
	149	65	10.250000	57.250000	9.655884e+04	2.410998e-04
	77	67	-7.750000	56.750000	9.883079e+04	2.360499e-04
	138	111	7.500000	45.750000	1.010851e+05	-1.920452e-05
	235	150	31.750000	36.000000	1.008058e+05	1.245646e-04
2022	2	19	11	3
	288	12	45.000000	70.500000	9.711350e+04	1.067564e-04
	260	19	38.000000	68.750000	9.681252e+04	1.492429e-04
	247	27	34.750000	66.750000	9.681252e+04	8.044363e-05
	248	27	35.000000	66.750000	9.681252e+04	7.194276e-05
	146	31	9.500000	65.750000	9.768133e+04	6.539647e-05
	14	44	-23.500000	62.500000	9.889870e+04	8.691896e-05
	182	57	18.500000	59.250000	9.664351e+04	1.907439e-04
	164	62	14.000000	58.000000	9.664351e+04	2.256347e-04
	137	117	7.250000	44.250000	1.012472e+05	1.547984e-04
	114	137	1.500000	39.250000	1.014062e+05	9.478263e-05
	234	153	31.500000	35.250000	1.007036e+05	1.749309e-04
2022	2	19	7	6
	261	19	38.250000	68.750000	9.684090e+04	1.347144e-04
	251	27	35.750000	66.750000	9.684090e+04	6.752361e-05
	139	29	7.750000	66.250000	9.775963e+04	5.752566e-05
	179	60	17.750000	58.500000	9.674492e+04	2.231097e-04
	137	117	7.250000	44.250000	1.012046e+05	1.233688e-04
	115	139	1.750000	38.750000	1.014549e+05	1.118457e-04
	233	155	31.250000	34.750000	1.008551e+05	1.917125e-04
2022	2	19	5	9
	261	19	38.250000	68.750000	9.692402e+04	1.408867e-04
	139	30	7.750000	66.000000	9.796788e+04	5.340326e-05
	190	58	20.500000	59.000000	9.693611e+04	1.838466e-04
	137	118	7.250000	44.000000	1.014218e+05	1.112271e-04
	231	158	30.750000	34.000000	1.010275e+05	1.781617e-04
2022	2	19	6	12
	6	7	-25.500000	71.750000	1.002530e+05	-9.901817e-06
	263	19	38.750000	68.750000	9.702945e+04	1.533067e-04
	141	30	8.250000	66.000000	9.818124e+04	7.394564e-05
	202	56	23.500000	59.500000	9.714838e+04	1.566789e-04
	135	119	6.750000	43.750000	1.013936e+05	1.034553e-04
	231	162	30.750000	33.000000	1.009810e+05	1.345642e-04
2022	2	19	6	15
	6	7	-25.500000	71.750000	9.993466e+04	6.425714e-06
	274	13	41.500000	70.250000	9.718203e+04	1.142254e-04
	151	31	10.750000	65.750000	9.838080e+04	9.127765e-05
	223	52	28.750000	60.500000	9.744409e+04	1.546205e-04
	136	118	7.000000	44.000000	1.013268e+05	1.164298e-04
	92	162	-4.000000	33.000000	1.016830e+05	9.795103e-06
2022	2	19	5	18
	277	13	42.250000	70.250000	9.727321e+04	9.480969e-05
	152	32	11.000000	65.500000	9.860766e+04	1.121183e-04
	237	49	32.250000	61.250000	9.760969e+04	1.411804e-04
	139	122	7.750000	43.000000	1.014834e+05	6.694926e-05
	92	162	-4.000000	33.000000	1.017896e+05	-3.082197e-06
2022	2	19	8	21
	286	8	44.500000	71.500000	9.735570e+04	1.312540e-04
	75	12	-8.250000	70.500000	9.916432e+04	1.723222e-04
	154	33	11.500000	65.250000	9.884164e+04	1.080948e-04
	28	38	-20.000000	64.000000	9.463517e+04	6.095838e-05
	0	41	-27.000000	63.250000	9.457144e+04	1.363934e-04
	258	45	37.500000	62.250000	9.774088e+04	1.144497e-04
	159	118	12.750000	44.000000	1.015696e+05	3.130307e-05
	148	124	10.000000	42.500000	1.015696e+05	3.998957e-05
2022	2	20	8	0
	6	7	-25.500000	71.750000	9.893468e+04	-1.691946e-05
	288	7	45.000000	71.750000	9.740439e+04	1.498806e-04
	153	35	11.250000	64.750000	9.918340e+04	1.080221e-04
	33	36	-18.750000	64.500000	9.449872e+04	5.326754e-05
	0	38	-27.000000	64.000000	9.438025e+04	2.015018e-04
	272	41	41.000000	63.250000	9.781096e+04	9.363573e-05
	150	125	10.500000	42.250000	1.014797e+05	6.416954e-05
	166	125	14.500000	42.250000	1.014797e+05	-2.403794e-05
