2022	2	10	8	0
	7	6	-25.250000	72.000000	1.002437e+05	-1.250954e-05
	150	22	10.500000	68.000000	9.649825e+04	3.762773e-04
	58	57	-12.500000	59.250000	9.853816e+04	5.348726e-04
	152	106	11.000000	47.000000	1.022542e+05	-4.651627e-05
	139	110	7.750000	46.000000	1.022542e+05	-7.720956e-05
	247	153	34.750000	35.250000	1.007668e+05	1.107104e-04
	247	154	34.750000	35.000000	1.007668e+05	1.201137e-04
	40	161	-17.000000	33.250000	1.020754e+05	-4.636419e-05
2022	2	10	9	6
	174	3	16.500000	72.750000	9.712902e+04	1.467271e-04
	175	3	16.750000	72.750000	9.712902e+04	1.420191e-04
	176	3	17.000000	72.750000	9.712902e+04	1.374042e-04
	8	6	-25.000000	72.000000	1.002988e+05	-1.076511e-05
	9	14	-24.750000	70.000000	1.002988e+05	4.260512e-05
	168	22	15.000000	68.000000	9.684598e+04	3.622131e-04
	77	59	-7.750000	58.750000	9.899703e+04	5.305866e-04
	152	106	11.000000	47.000000	1.021391e+05	-4.658131e-05
	250	152	35.500000	35.500000	1.010524e+05	9.195778e-05
2022	2	10	10	12
	207	1	24.750000	73.250000	9.725505e+04	-2.580801e-05
	174	2	16.500000	73.000000	9.725505e+04	2.414948e-04
	195	15	21.750000	69.750000	9.734444e+04	-9.506813e-07
	21	20	-21.750000	68.500000	1.003066e+05	8.402603e-05
	193	26	21.250000	67.000000	9.764336e+04	1.407246e-04
	93	64	-3.750000	57.500000	1.000190e+05	3.859642e-04
	137	117	7.250000	44.250000	1.022640e+05	1.208310e-04
	284	139	44.000000	38.750000	1.009783e+05	3.481818e-05
	271	151	40.750000	35.750000	1.010109e+05	8.005895e-05
	85	160	-5.750000	33.500000	1.023540e+05	3.063638e-06
2022	2	10	7	18
	185	5	19.250000	72.250000	9.745499e+04	2.048482e-04
	8	6	-25.000000	72.000000	1.001898e+05	-1.696185e-05
	10	14	-24.500000	70.000000	1.000228e+05	6.389334e-06
	41	16	-16.750000	69.500000	1.000228e+05	1.182327e-04
	108	70	0.000000	56.000000	1.005220e+05	3.505588e-04
	137	117	7.250000	44.250000	1.022724e+05	1.042676e-04
	89	157	-4.750000	34.250000	1.020986e+05	-1.943504e-05
2022	2	11	6	0
	194	5	21.500000	72.250000	9.767237e+04	2.732000e-04
	56	13	-13.000000	70.250000	9.968562e+04	1.551452e-04
	0	71	-27.000000	55.750000	9.975502e+04	1.547037e-04
	121	76	3.250000	54.500000	1.010767e+05	2.963719e-04
	137	117	7.250000	44.250000	1.021532e+05	9.073333e-05
	85	161	-5.750000	33.250000	1.023071e+05	-1.389529e-05
2022	2	11	4	6
	223	0	28.750000	73.500000	9.797698e+04	-1.241695e-05
	209	9	25.250000	71.250000	9.797698e+04	2.706393e-04
	65	12	-10.750000	70.500000	9.953234e+04	1.622850e-04
	131	82	5.750000	53.000000	1.017193e+05	1.942216e-04
2022	2	11	7	12
	230	0	30.500000	73.500000	9.850817e+04	2.058494e-06
	225	11	29.250000	70.750000	9.850817e+04	2.016068e-04
	88	12	-5.000000	70.500000	9.961663e+04	1.235224e-04
	5	56	-25.750000	59.500000	9.879023e+04	1.457290e-04
	0	67	-27.000000	56.750000	9.879023e+04	7.666233e-05
	1	67	-26.750000	56.750000	9.879023e+04	9.780524e-05
	135	119	6.750000	43.750000	1.019661e+05	1.008986e-04
2022	2	11	6	18
	238	12	32.500000	70.500000	9.873496e+04	1.568904e-04
	117	13	2.250000	70.250000	9.961467e+04	5.810871e-05
	26	51	-20.500000	60.750000	9.856227e+04	2.018202e-04
	3	54	-26.250000	60.000000	9.856227e+04	1.664306e-04
	22	61	-21.500000	58.250000	9.856227e+04	9.326966e-05
	136	123	7.000000	42.750000	1.020441e+05	6.112678e-05
2022	2	12	8	0
	248	5	35.000000	72.250000	9.884983e+04	6.290217e-05
	249	5	35.250000	72.250000	9.884983e+04	5.251791e-05
	246	14	34.500000	70.000000	9.884983e+04	1.230478e-04
	161	18	13.250000	69.000000	9.947217e+04	1.220368e-04
	162	18	13.500000	69.000000	9.947217e+04	1.277410e-04
	19	52	-22.250000	60.500000	9.830295e+04	2.425831e-04
	41	55	-16.750000	59.750000	9.830295e+04	7.310916e-05
	136	126	7.000000	42.000000	1.022009e+05	7.687578e-05
2022	2	12	4	6
	254	14	36.500000	70.000000	9.882963e+04	1.352089e-04
	167	17	14.750000	69.250000	9.925244e+04	1.659927e-04
	57	48	-12.750000	61.500000	9.831373e+04	1.751384e-04
	20	54	-22.000000	60.000000	9.826884e+04	2.234536e-04
2022	2	12	3	12
	261	14	38.250000	70.000000	9.886433e+04	1.590864e-04
	83	45	-6.250000	62.250000	9.834313e+04	1.773083e-04
	22	58	-21.500000	59.000000	9.847230e+04	1.411612e-04
2022	2	12	3	18
	265	13	39.250000	70.250000	9.877495e+04	1.625464e-04
	100	41	-2.000000	63.250000	9.837155e+04	1.834357e-04
	30	62	-19.500000	58.000000	9.861441e+04	1.495714e-04
2022	2	13	3	0
	267	12	39.750000	70.500000	9.882199e+04	1.550249e-04
	147	31	9.750000	65.750000	9.815320e+04	2.241632e-04
	129	37	5.250000	64.250000	9.815320e+04	2.393546e-04
2022	2	13	3	6
	272	13	41.000000	70.250000	9.889059e+04	2.120818e-04
	157	30	12.250000	66.000000	9.801088e+04	2.578864e-04
	59	103	-12.250000	47.750000	1.001516e+05	1.518292e-04
2022	2	13	7	12
	9	6	-24.750000	72.000000	9.951902e+04	-9.841298e-06
	6	14	-25.500000	70.000000	9.951902e+04	4.887222e-05
	172	32	16.000000	65.500000	9.823454e+04	4.026202e-05
	74	103	-8.500000	47.750000	9.989870e+04	2.199954e-04
	75	103	-8.250000	47.750000	9.989870e+04	2.147212e-04
	270	120	40.500000	43.500000	1.026558e+05	6.327091e-05
	228	144	30.000000	37.500000	1.017749e+05	2.797572e-05
2022	2	13	2	18
	218	24	27.500000	67.500000	9.825669e+04	1.059091e-04
	102	95	-1.500000	49.750000	9.934613e+04	2.234448e-04
2022	2	14	5	0
	232	12	31.000000	70.500000	9.829550e+04	1.272848e-04
	6	14	-25.500000	70.000000	9.952039e+04	5.482679e-05
	229	22	30.250000	68.000000	9.829550e+04	5.017521e-05
	140	50	8.000000	61.000000	9.911190e+04	2.113899e-05
	112	90	1.000000	51.000000	9.895920e+04	2.583560e-04
2022	2	14	4	6
	238	11	32.500000	70.750000	9.810399e+04	1.862517e-04
	0	17	-27.000000	69.250000	9.953588e+04	5.691772e-05
	245	22	34.250000	68.000000	9.810399e+04	2.489049e-05
	123	88	3.750000	51.500000	9.868360e+04	3.079986e-04
2022	2	14	6	12
	237	12	32.250000	70.500000	9.817338e+04	1.709972e-04
	288	20	45.000000	68.500000	9.894724e+04	1.605493e-05
	0	43	-27.000000	62.750000	9.839017e+04	5.542256e-05
	19	48	-22.250000	61.500000	9.839017e+04	1.762505e-04
	139	82	7.750000	53.000000	9.871830e+04	2.552852e-04
	136	117	7.000000	44.250000	1.012581e+05	1.206866e-04
2022	2	14	7	18
	261	14	38.250000	70.000000	9.804127e+04	1.087257e-04
	288	18	45.000000	69.000000	9.851170e+04	4.992019e-05
	0	34	-27.000000	65.000000	9.800598e+04	1.601098e-04
	28	38	-20.000000	64.000000	9.804284e+04	3.586462e-05
	160	76	13.000000	54.500000	9.876534e+04	2.074090e-04
	146	118	9.500000	44.000000	1.011599e+05	1.217656e-04
	278	120	42.500000	43.500000	1.015378e+05	1.969866e-05
2022	2	15	6	0
	6	7	-25.500000	71.750000	9.929086e+04	2.730880e-05
	262	17	38.500000	69.250000	9.810046e+04	2.484839e-04
	0	27	-27.000000	66.750000	9.806852e+04	1.223345e-04
	37	35	-17.750000	64.750000	9.850916e+04	1.035592e-04
	174	70	16.500000	56.000000	9.875848e+04	1.753669e-04
	279	120	42.750000	43.500000	1.016040e+05	2.015405e-05
2022	2	15	10	6
	6	7	-25.500000	71.750000	9.894332e+04	-2.733119e-05
	265	13	39.250000	70.250000	9.842565e+04	1.690819e-04
	264	14	39.000000	70.000000	9.842565e+04	1.918117e-04
	282	21	43.500000	68.250000	9.842565e+04	2.242477e-04
	128	54	5.000000	60.000000	1.001741e+05	1.662859e-04
	188	66	20.000000	57.000000	9.887923e+04	1.694886e-04
	165	115	14.250000	44.750000	1.012218e+05	8.627104e-05
	280	121	43.000000	43.250000	1.018163e+05	-2.543016e-05
	167	127	14.750000	41.750000	1.012096e+05	4.667877e-05
	271	131	40.750000	40.750000	1.019033e+05	2.862475e-05
2022	2	15	8	12
	6	7	-25.500000	71.750000	9.883649e+04	-5.672646e-05
	267	14	39.750000	70.000000	9.902702e+04	9.702861e-05
	0	52	-27.000000	60.500000	9.536352e+04	1.285242e-04
	128	55	5.000000	59.750000	1.007223e+05	1.264641e-04
	202	61	23.500000	58.250000	9.917148e+04	1.345555e-04
	183	119	18.750000	43.750000	1.011761e+05	-3.304689e-05
	171	124	15.750000	42.500000	1.011761e+05	7.992209e-05
	278	128	42.500000	41.500000	1.016462e+05	2.824228e-05
2022	2	15	6	18
	27	39	-20.250000	63.750000	9.424488e+04	3.065245e-05
	0	45	-27.000000	62.250000	9.414118e+04	1.260531e-04
	212	58	26.000000	59.000000	9.960075e+04	1.273616e-04
	171	121	15.750000	43.250000	1.011332e+05	1.595862e-04
	281	121	43.250000	43.250000	1.018906e+05	-7.963390e-06
	273	130	41.250000	41.000000	1.018906e+05	1.638989e-05
2022	2	16	6	0
	288	17	45.000000	69.250000	1.000104e+05	-1.423522e-04
	0	38	-27.000000	64.000000	9.384344e+04	1.017598e-04
	235	53	31.750000	60.250000	9.994652e+04	1.077572e-04
	221	57	28.250000	59.250000	9.994652e+04	1.602589e-04
	281	121	43.250000	43.250000	1.018065e+05	-6.891064e-06
	175	124	16.750000	42.500000	1.010885e+05	1.729856e-04
2022	2	16	5	6
	288	18	45.000000	69.000000	1.003366e+05	-7.472451e-05
	0	28	-27.000000	66.500000	9.436424e+04	1.666947e-04
	239	54	32.750000	60.000000	1.001551e+05	1.262802e-04
	281	121	43.250000	43.250000	1.018639e+05	-1.400134e-05
	175	127	16.750000	41.750000	1.011836e+05	1.877065e-04
2022	2	16	6	12
	0	40	-27.000000	63.500000	9.412373e+04	1.942568e-04
	288	47	45.000000	61.750000	1.005665e+05	1.332835e-04
	262	51	38.500000	60.750000	1.003695e+05	1.162718e-04
	277	120	42.250000	43.500000	1.015928e+05	2.386137e-06
	110	124	0.500000	42.500000	1.027272e+05	-2.277594e-05
	197	135	22.250000	39.750000	1.012806e+05	4.126116e-06
2022	2	16	6	18
	0	32	-27.000000	65.500000	9.428878e+04	1.692856e-04
	269	51	40.250000	60.750000	1.004891e+05	1.085960e-04
	247	54	34.750000	60.000000	1.004891e+05	1.158393e-04
	136	63	7.000000	57.750000	9.940513e+04	2.590170e-04
	2	116	-26.500000	44.500000	1.006628e+05	1.791976e-04
	288	123	45.000000	42.750000	1.017377e+05	-3.490579e-05
2022	2	17	7	0
	267	52	39.750000	60.500000	1.004271e+05	5.894489e-05
	246	55	34.500000	59.750000	1.004271e+05	1.275779e-04
	151	62	10.750000	58.000000	9.951980e+04	3.061742e-04
	32	74	-19.000000	55.000000	9.909366e+04	1.935912e-04
	26	106	-20.500000	47.000000	9.999043e+04	2.029257e-04
	136	116	7.000000	44.500000	1.021807e+05	5.968417e-05
	116	124	2.000000	42.500000	1.024992e+05	-7.746786e-06
2022	2	17	6	6
	0	39	-27.000000	63.750000	9.578828e+04	1.571202e-04
	247	56	34.750000	59.500000	1.003017e+05	1.107833e-04
	164	61	14.000000	58.250000	9.995220e+04	3.191470e-04
	47	63	-15.250000	57.750000	9.828727e+04	2.439100e-04
	61	89	-11.750000	51.250000	9.913071e+04	2.730813e-04
	135	117	6.750000	44.250000	1.021474e+05	8.217979e-05
2022	2	17	3	12
	0	37	-27.000000	64.250000	9.599155e+04	1.359218e-04
	55	53	-13.250000	60.250000	9.734934e+04	3.706933e-04
	175	62	16.750000	58.000000	1.002352e+05	1.917334e-04
2022	2	17	7	18
	121	15	3.250000	69.750000	9.911837e+04	1.797175e-04
	0	35	-27.000000	64.750000	9.650315e+04	8.489734e-05
	56	44	-13.000000	62.500000	9.646041e+04	4.664049e-04
	95	64	-3.250000	57.500000	9.818357e+04	2.790057e-04
	178	64	17.500000	57.500000	1.004219e+05	1.799349e-04
	278	119	42.500000	43.750000	1.010083e+05	2.471862e-05
	233	151	31.250000	35.750000	1.007764e+05	5.520541e-05
2022	2	18	7	0
	125	13	4.250000	70.250000	9.879259e+04	2.937121e-04
	59	39	-12.250000	63.750000	9.576339e+04	4.523641e-04
	11	49	-24.250000	61.250000	9.621246e+04	3.398317e-04
	288	52	45.000000	60.500000	1.006900e+05	7.459183e-05
	106	55	-0.500000	59.750000	9.724859e+04	4.763031e-04
	265	109	39.250000	46.250000	1.008541e+05	1.022470e-04
	279	119	42.750000	43.750000	1.007214e+05	4.429985e-05
2022	2	18	11	6
	119	12	2.750000	70.500000	9.861774e+04	2.796952e-04
	120	12	3.000000	70.500000	9.861774e+04	2.876328e-04
	49	32	-14.750000	65.500000	9.566088e+04	6.035165e-04
	25	44	-20.750000	62.500000	9.601938e+04	2.980604e-04
	0	47	-27.000000	61.750000	9.688420e+04	9.578450e-05
	118	52	2.500000	60.500000	9.706159e+04	4.403462e-04
	144	62	9.000000	58.000000	9.811301e+04	3.183252e-04
	270	106	40.500000	47.000000	1.009299e+05	1.026385e-04
	271	106	40.750000	47.000000	1.009299e+05	9.726072e-05
	137	117	7.250000	44.250000	1.015666e+05	8.232118e-05
	280	120	43.000000	43.500000	1.007402e+05	7.296655e-05
2022	2	18	8	12
	106	11	-0.500000	70.750000	9.880474e+04	2.385559e-04
	17	32	-22.750000	65.500000	9.576222e+04	5.417817e-04
	37	39	-17.750000	63.750000	9.576222e+04	2.801733e-04
	0	43	-27.000000	62.750000	9.642709e+04	1.316859e-04
	124	48	4.000000	61.500000	9.742304e+04	3.426656e-04
	167	62	14.750000	58.000000	9.834745e+04	3.055785e-04
	31	70	-19.250000	56.000000	9.802030e+04	2.748720e-04
	284	162	44.000000	33.000000	1.001608e+05	-1.904314e-05
2022	2	18	8	18
	207	9	24.750000	71.250000	9.924146e+04	1.329118e-04
	121	38	3.250000	64.000000	9.822082e+04	1.710143e-04
	122	38	3.500000	64.000000	9.822082e+04	1.595136e-04
	1	41	-26.750000	63.250000	9.637005e+04	1.640730e-04
	2	41	-26.500000	63.250000	9.637005e+04	1.883764e-04
	14	50	-23.500000	61.000000	9.637005e+04	2.683810e-04
	188	58	20.000000	59.000000	9.827570e+04	2.146476e-04
	57	63	-12.750000	57.750000	9.768159e+04	3.434159e-04
2022	2	19	9	0
	204	10	24.000000	71.000000	9.914953e+04	1.378405e-04
	124	36	4.000000	64.500000	9.837096e+04	1.531218e-04
	35	45	-18.250000	62.250000	9.720116e+04	9.258401e-05
	10	47	-24.500000	61.750000	9.720116e+04	2.808221e-04
	39	55	-17.250000	59.750000	9.746616e+04	2.198652e-04
	75	56	-8.250000	59.500000	9.733836e+04	3.611663e-04
	204	59	24.000000	58.750000	9.836332e+04	2.302996e-04
	274	157	41.500000	34.250000	1.000571e+05	5.947376e-05
	284	158	44.000000	34.000000	1.000571e+05	1.482124e-04
2022	2	19	7	6
	204	10	24.000000	71.000000	9.907622e+04	1.869311e-04
	121	36	3.250000	64.500000	9.846916e+04	1.372921e-04
	81	49	-6.750000	61.250000	9.722840e+04	3.061232e-04
	217	56	27.250000	59.500000	9.839155e+04	2.002723e-04
	136	117	7.000000	44.250000	1.014942e+05	9.149051e-05
	280	145	43.000000	37.250000	1.003772e+05	2.668374e-05
	286	156	44.500000	34.500000	1.003948e+05	1.286998e-04
2022	2	19	5	12
	203	10	23.750000	71.000000	9.918188e+04	1.345000e-04
	75	49	-8.250000	61.250000	9.756927e+04	3.598349e-04
	223	52	28.750000	60.500000	9.845407e+04	1.865093e-04
	90	58	-4.500000	59.000000	9.756927e+04	1.397368e-04
	273	146	41.250000	37.000000	1.004340e+05	5.240138e-05
2022	2	19	9	18
	221	7	28.250000	71.750000	9.920657e+04	7.085978e-05
	228	50	30.000000	61.000000	9.863773e+04	1.530398e-04
	110	52	0.500000	60.500000	9.828138e+04	1.836030e-04
	74	55	-8.500000	59.750000	9.850112e+04	2.698858e-04
	108	60	0.000000	58.500000	9.828138e+04	1.172520e-04
	85	61	-5.750000	58.250000	9.850112e+04	1.756468e-04
	145	75	9.250000	54.750000	9.881885e+04	2.030559e-04
	284	145	44.000000	37.250000	1.010922e+05	-2.840543e-05
	272	150	41.000000	36.000000	1.010922e+05	7.656278e-05
2022	2	20	6	0
	217	8	27.250000	71.500000	9.922323e+04	8.113799e-05
	232	49	31.000000	61.250000	9.883649e+04	1.569086e-04
	104	57	-1.000000	59.250000	9.893490e+04	2.298583e-04
	158	74	12.500000	55.000000	9.897096e+04	2.302426e-04
	157	75	12.250000	54.750000	9.897096e+04	2.407447e-04
	104	95	-1.000000	49.750000	1.001784e+05	2.127475e-04
