2022	2	10	9	0
	168	8	15.000000	71.500000	9.689047e+04	6.484201e-05
	169	8	15.250000	71.500000	9.689459e+04	8.266963e-05
	148	23	10.000000	67.750000	9.643630e+04	4.833402e-04
	58	57	-12.500000	59.250000	9.845525e+04	5.124186e-04
	152	106	11.000000	47.000000	1.022558e+05	-3.814393e-05
	139	110	7.750000	46.000000	1.022558e+05	-7.299519e-05
	282	141	43.500000	38.250000	1.009090e+05	-1.333349e-05
	248	150	35.000000	36.000000	1.007486e+05	8.989529e-05
	276	162	42.000000	33.000000	1.007572e+05	9.313245e-05
2022	2	10	6	6
	175	4	16.750000	72.500000	9.723095e+04	1.012576e-04
	8	6	-25.000000	72.000000	1.003017e+05	-2.167900e-05
	165	13	14.250000	70.250000	9.672072e+04	-1.394441e-05
	166	23	14.500000	67.750000	9.672072e+04	3.124197e-04
	77	60	-7.750000	58.500000	9.900703e+04	4.836262e-04
	158	106	12.500000	47.000000	1.021452e+05	-3.344889e-05
2022	2	10	8	12
	181	4	18.250000	72.500000	9.736678e+04	7.915530e-05
	8	6	-25.000000	72.000000	1.002568e+05	-1.209578e-05
	187	27	19.750000	66.750000	9.754986e+04	1.929307e-04
	93	65	-3.750000	57.250000	1.001347e+05	3.363652e-04
	137	117	7.250000	44.250000	1.021970e+05	1.213121e-04
	280	150	43.000000	36.000000	1.008017e+05	1.108781e-04
	39	160	-17.250000	33.500000	1.022830e+05	-2.384886e-05
	85	160	-5.750000	33.500000	1.023275e+05	1.389448e-05
2022	2	10	9	18
	212	0	26.000000	73.500000	9.751889e+04	5.862911e-06
	187	4	19.750000	72.500000	9.751889e+04	1.318632e-04
	8	6	-25.000000	72.000000	1.001276e+05	-3.078612e-05
	8	14	-25.000000	70.000000	9.987694e+04	1.148612e-05
	39	17	-17.250000	69.250000	9.987694e+04	1.450806e-04
	206	29	24.500000	66.250000	9.798207e+04	1.578856e-04
	110	71	0.500000	55.750000	1.007329e+05	2.942212e-04
	276	147	42.000000	36.750000	1.011210e+05	6.097770e-05
	84	162	-6.000000	33.000000	1.020821e+05	-5.940544e-05
2022	2	11	11	0
	214	0	26.500000	73.500000	9.772608e+04	2.835973e-06
	196	6	22.000000	72.000000	9.772608e+04	2.503463e-04
	53	13	-13.750000	70.250000	9.952646e+04	1.759481e-04
	215	13	26.750000	70.250000	9.772608e+04	7.964721e-06
	40	24	-17.000000	67.500000	9.952646e+04	4.750783e-05
	0	68	-27.000000	56.500000	9.962662e+04	1.289088e-04
	137	117	7.250000	44.250000	1.021813e+05	9.483404e-05
	135	119	6.750000	43.750000	1.021813e+05	7.571156e-05
	280	139	43.000000	38.750000	1.013992e+05	-9.132594e-06
	268	148	40.000000	36.500000	1.014617e+05	8.880163e-05
	280	151	43.000000	35.750000	1.013992e+05	7.081946e-05
2022	2	11	5	6
	210	7	25.500000	71.750000	9.795404e+04	1.875013e-04
	65	12	-10.750000	70.500000	9.943140e+04	1.424442e-04
	245	146	34.250000	37.000000	1.019294e+05	2.475128e-06
	273	149	41.250000	36.250000	1.018584e+05	4.174982e-05
	282	153	43.500000	35.250000	1.018584e+05	6.635597e-05
2022	2	11	5	12
	222	8	28.500000	71.500000	9.821376e+04	1.598980e-04
	98	15	-2.500000	69.750000	9.966916e+04	9.063295e-05
	8	56	-25.000000	59.500000	9.908191e+04	1.858816e-04
	2	68	-26.500000	56.500000	9.909935e+04	1.132215e-04
	134	119	6.500000	43.750000	1.020809e+05	1.027736e-04
2022	2	11	7	18
	238	0	32.500000	73.500000	9.832784e+04	-1.121307e-05
	234	9	31.500000	71.250000	9.832784e+04	2.323997e-04
	128	23	5.000000	67.750000	9.929341e+04	2.526223e-04
	28	54	-20.000000	60.000000	9.889687e+04	1.425502e-04
	3	55	-26.250000	59.750000	9.886256e+04	1.909480e-04
	21	65	-21.750000	57.250000	9.889863e+04	1.768432e-04
	283	75	43.750000	54.750000	9.978697e+04	1.680885e-04
2022	2	12	5	0
	247	0	34.750000	73.500000	9.844309e+04	3.550180e-05
	241	9	33.250000	71.250000	9.844309e+04	2.002307e-04
	133	21	6.250000	68.250000	9.894509e+04	2.736608e-04
	42	51	-16.500000	60.750000	9.866636e+04	1.986484e-04
	26	53	-20.500000	60.250000	9.866636e+04	1.744234e-04
2022	2	12	3	6
	245	10	34.250000	71.000000	9.848661e+04	2.177986e-04
	140	26	8.000000	67.000000	9.916403e+04	2.969046e-04
	36	52	-18.000000	60.500000	9.850073e+04	2.429583e-04
2022	2	12	4	12
	246	15	34.500000	69.750000	9.865146e+04	3.193064e-04
	155	26	11.750000	67.000000	9.937475e+04	1.849064e-04
	72	49	-9.000000	61.250000	9.856952e+04	2.180522e-04
	30	54	-19.500000	60.000000	9.858324e+04	1.916015e-04
2022	2	12	6	18
	252	6	36.000000	72.000000	9.878847e+04	-2.713786e-06
	250	17	35.500000	69.250000	9.878847e+04	2.839241e-04
	160	25	13.000000	67.250000	9.926439e+04	1.662495e-04
	102	48	-1.500000	61.500000	9.857207e+04	1.342066e-04
	22	56	-21.500000	59.500000	9.845016e+04	2.029894e-04
	4	62	-26.000000	58.000000	9.845016e+04	1.720491e-04
2022	2	13	8	0
	176	0	17.000000	73.500000	9.890059e+04	8.353300e-06
	177	0	17.250000	73.500000	9.890059e+04	9.695722e-06
	257	18	37.250000	69.000000	9.917677e+04	1.759163e-04
	38	36	-17.500000	64.500000	9.963231e+04	-5.407820e-05
	117	45	2.250000	62.250000	9.863186e+04	1.794135e-04
	16	59	-23.000000	58.750000	9.846720e+04	2.190061e-04
	0	68	-27.000000	56.500000	9.907838e+04	9.761082e-05
	50	75	-14.500000	54.750000	9.850249e+04	2.433664e-04
2022	2	13	4	6
	185	0	19.250000	73.500000	9.875888e+04	6.619566e-05
	146	43	9.500000	62.750000	9.884748e+04	5.936168e-05
	17	65	-22.750000	57.250000	9.859834e+04	1.292057e-04
	58	71	-12.500000	55.750000	9.798697e+04	3.029557e-04
2022	2	13	6	12
	194	0	21.500000	73.500000	9.898468e+04	5.071240e-05
	199	9	22.750000	71.250000	9.898468e+04	-4.274215e-05
	201	40	23.250000	63.500000	9.863029e+04	1.126882e-04
	68	71	-10.000000	55.750000	9.783800e+04	2.936928e-04
	92	73	-4.000000	55.250000	9.801461e+04	1.756873e-04
	271	120	40.750000	43.500000	1.027846e+05	4.446165e-05
2022	2	13	6	18
	204	0	24.000000	73.500000	9.922205e+04	3.686062e-05
	205	0	24.250000	73.500000	9.922205e+04	3.271565e-05
	6	14	-25.500000	70.000000	9.957233e+04	8.412320e-05
	223	39	28.750000	63.750000	9.865283e+04	9.210252e-05
	104	67	-1.000000	56.750000	9.809929e+04	1.741577e-04
	76	70	-8.000000	56.000000	9.779782e+04	3.085380e-04
2022	2	14	7	0
	246	0	34.500000	73.500000	9.941846e+04	4.628065e-05
	216	8	27.000000	71.500000	9.941434e+04	2.032768e-04
	6	14	-25.500000	70.000000	9.973522e+04	5.732231e-05
	239	35	32.750000	64.750000	9.871281e+04	1.220490e-04
	117	62	2.250000	58.000000	9.829236e+04	1.970743e-04
	102	65	-1.500000	57.250000	9.829236e+04	1.647342e-04
	81	73	-6.750000	55.250000	9.827688e+04	2.490201e-04
2022	2	14	7	6
	42	5	-16.500000	72.250000	1.001549e+05	9.776912e-05
	43	5	-16.250000	72.250000	1.001549e+05	9.210077e-05
	42	6	-16.500000	72.000000	1.001549e+05	9.442596e-05
	221	7	28.250000	71.750000	9.947727e+04	1.674189e-04
	250	31	35.500000	65.750000	9.853816e+04	1.694373e-04
	126	59	4.500000	58.750000	9.834920e+04	2.253461e-04
	94	79	-3.500000	53.750000	9.873947e+04	2.045438e-04
2022	2	14	5	12
	48	4	-15.000000	72.500000	1.003923e+05	9.994452e-05
	255	29	36.750000	66.250000	9.865205e+04	2.341144e-04
	288	33	45.000000	65.250000	9.956978e+04	1.183132e-04
	0	41	-27.000000	63.250000	9.845231e+04	1.172859e-04
	125	57	4.250000	59.250000	9.868556e+04	2.433048e-04
2022	2	14	6	18
	262	30	38.500000	66.000000	9.890922e+04	1.462149e-04
	288	31	45.000000	65.750000	9.927282e+04	9.346672e-05
	0	40	-27.000000	63.500000	9.723859e+04	9.839606e-05
	209	58	25.250000	59.000000	9.972502e+04	1.237294e-04
	123	60	3.750000	58.500000	9.913209e+04	2.446927e-04
	137	120	7.250000	43.500000	1.012743e+05	7.256876e-05
2022	2	15	6	0
	0	27	-27.000000	66.750000	9.731366e+04	2.057292e-04
	269	30	40.250000	66.000000	9.913130e+04	1.673605e-04
	25	32	-20.750000	65.500000	9.731366e+04	1.677809e-04
	119	62	2.750000	58.000000	9.968582e+04	2.431478e-04
	144	76	9.000000	54.500000	9.984518e+04	6.932715e-05
	138	121	7.500000	43.250000	1.012349e+05	8.083191e-05
2022	2	15	5	6
	4	7	-26.000000	71.750000	9.842545e+04	-4.311207e-05
	20	19	-22.000000	68.750000	9.829746e+04	1.687375e-04
	286	28	44.500000	66.500000	9.929477e+04	5.501667e-05
	152	74	11.000000	55.000000	1.002594e+05	8.627001e-05
	147	127	9.750000	41.750000	1.011877e+05	1.026476e-04
2022	2	15	4	12
	29	11	-19.750000	70.750000	9.874280e+04	8.675952e-05
	156	75	12.000000	54.750000	1.006194e+05	1.023816e-04
	157	75	12.250000	54.750000	1.006194e+05	9.153097e-05
	152	127	11.000000	41.750000	1.012875e+05	7.343524e-05
2022	2	15	5	18
	29	6	-19.750000	72.000000	9.865067e+04	1.884038e-04
	0	64	-27.000000	57.500000	9.654980e+04	1.203326e-04
	183	76	18.750000	54.500000	1.009646e+05	9.181534e-05
	154	128	11.500000	41.500000	1.013819e+05	7.203939e-05
	158	136	12.500000	39.500000	1.013819e+05	1.225955e-04
2022	2	16	7	0
	27	2	-20.250000	73.000000	9.827727e+04	2.540879e-04
	0	52	-27.000000	60.500000	9.500364e+04	1.446036e-04
	9	59	-24.750000	58.750000	9.500364e+04	3.795050e-04
	288	64	45.000000	57.500000	1.012892e+05	7.920050e-05
	194	76	21.500000	54.500000	1.012202e+05	4.868163e-05
	281	121	43.250000	43.250000	1.016493e+05	-3.810571e-05
	160	134	13.000000	40.000000	1.013298e+05	1.453126e-04
2022	2	16	6	6
	288	25	45.000000	67.250000	1.010028e+05	2.952330e-05
	8	42	-25.000000	63.000000	9.413079e+04	5.332841e-04
	281	121	43.250000	43.250000	1.018288e+05	-9.450573e-06
	171	149	15.750000	36.250000	1.011553e+05	1.294818e-04
	71	162	-9.250000	33.000000	1.024447e+05	1.294369e-04
	81	162	-6.750000	33.000000	1.024447e+05	1.064700e-04
2022	2	16	4	12
	282	10	43.500000	71.000000	1.011195e+05	-1.160648e-05
	27	34	-20.250000	65.000000	9.373484e+04	3.746462e-04
	177	150	17.250000	36.000000	1.009836e+05	1.365079e-04
	185	155	19.250000	34.750000	1.009836e+05	8.490475e-05
2022	2	16	4	18
	41	25	-16.750000	67.250000	9.333733e+04	4.100205e-04
	0	35	-27.000000	64.750000	9.591197e+04	4.058300e-06
	36	83	-18.000000	52.750000	1.007662e+05	1.021590e-04
	184	151	19.000000	35.750000	1.009721e+05	1.255330e-04
2022	2	17	5	0
	286	13	44.500000	70.250000	1.009656e+05	4.423947e-05
	46	20	-15.500000	68.500000	9.376307e+04	3.635366e-04
	16	103	-23.000000	47.750000	1.007676e+05	1.467126e-04
	191	151	20.750000	35.750000	1.009413e+05	1.382402e-04
	81	162	-6.750000	33.000000	1.024677e+05	-2.006557e-06
2022	2	17	5	6
	50	19	-14.500000	68.750000	9.424820e+04	3.949841e-04
	26	84	-20.500000	52.500000	1.003525e+05	4.805690e-05
	42	89	-16.500000	51.250000	1.003525e+05	1.568523e-04
	108	124	0.000000	42.500000	1.027332e+05	6.392568e-05
	189	152	20.250000	35.500000	1.009335e+05	1.124581e-04
2022	2	17	3	12
	68	15	-10.000000	69.750000	9.500364e+04	3.463287e-04
	107	124	-0.250000	42.500000	1.028026e+05	6.872245e-05
	187	154	19.750000	35.000000	1.009872e+05	9.984078e-05
2022	2	17	5	18
	74	9	-8.500000	71.250000	9.536764e+04	3.184253e-04
	0	44	-27.000000	62.500000	9.725408e+04	8.294061e-05
	66	64	-10.500000	57.500000	9.934535e+04	2.779228e-04
	1	119	-26.750000	43.750000	1.014192e+05	1.079327e-04
	183	156	18.750000	34.500000	1.010863e+05	8.969358e-05
2022	2	18	7	0
	60	8	-12.000000	71.500000	9.561148e+04	3.189929e-04
	260	31	38.000000	65.750000	9.978324e+04	1.775424e-04
	261	31	38.250000	65.750000	9.978324e+04	1.726372e-04
	22	44	-21.500000	62.500000	9.761494e+04	1.512413e-04
	95	55	-3.250000	59.750000	9.853366e+04	3.939189e-04
	136	112	7.000000	45.500000	1.027973e+05	1.902685e-05
	183	159	18.750000	33.750000	1.011071e+05	8.121972e-05
2022	2	18	4	6
	55	11	-13.250000	70.750000	9.582004e+04	3.340991e-04
	194	44	21.500000	62.500000	9.868047e+04	1.292844e-04
	127	48	4.750000	61.500000	9.803343e+04	4.529762e-04
	182	162	18.500000	33.000000	1.011308e+05	1.252675e-04
2022	2	18	4	12
	59	15	-12.250000	69.750000	9.633555e+04	3.048908e-04
	187	41	19.750000	63.250000	9.796894e+04	6.256714e-05
	164	47	14.000000	61.750000	9.796580e+04	3.007668e-04
	181	162	18.250000	33.000000	1.013768e+05	1.098947e-04
2022	2	18	2	18
	73	18	-8.750000	69.000000	9.661233e+04	2.384730e-04
	209	46	25.250000	62.000000	9.749302e+04	1.516457e-04
2022	2	19	6	0
	135	7	6.750000	71.750000	9.707766e+04	3.157249e-04
	90	19	-4.500000	68.750000	9.674562e+04	2.424402e-04
	241	44	33.250000	62.500000	9.680070e+04	1.812173e-04
	242	44	33.500000	62.500000	9.680070e+04	1.737741e-04
	150	110	10.500000	46.000000	1.023734e+05	2.714451e-05
	136	116	7.000000	44.500000	1.023734e+05	9.139099e-05
2022	2	19	7	6
	122	7	3.500000	71.750000	9.674993e+04	1.802774e-04
	108	19	0.000000	68.750000	9.672817e+04	2.420197e-04
	257	42	37.250000	63.000000	9.652648e+04	2.290063e-04
	288	47	45.000000	61.750000	9.727446e+04	1.310369e-04
	150	110	10.500000	46.000000	1.022042e+05	2.920717e-05
	135	117	6.750000	44.250000	1.021382e+05	1.007694e-04
	79	162	-7.250000	33.000000	1.024737e+05	9.349272e-05
2022	2	19	6	12
	109	9	0.250000	71.250000	9.678482e+04	2.497320e-04
	124	19	4.000000	68.750000	9.678482e+04	2.337404e-04
	125	19	4.250000	68.750000	9.678482e+04	2.346987e-04
	277	45	42.250000	62.250000	9.659449e+04	1.477441e-04
	6	51	-25.500000	60.750000	9.865009e+04	1.113475e-04
	134	117	6.500000	44.250000	1.024222e+05	2.564819e-06
2022	2	19	4	18
	113	15	1.250000	69.750000	9.681402e+04	1.461676e-04
	139	17	7.750000	69.250000	9.681402e+04	2.036953e-04
	9	42	-24.750000	63.000000	9.826629e+04	5.629205e-05
	288	46	45.000000	62.000000	9.683677e+04	1.076907e-04
2022	2	20	2	0
	145	14	9.250000	70.000000	9.680344e+04	1.624073e-04
	39	43	-17.250000	62.750000	9.769119e+04	1.767759e-04
