2022	2	16	5	0
	53	39	-13.750000	63.750000	9.733649e+04	3.388318e-04
	184	43	19.000000	62.750000	9.900163e+04	1.633430e-04
	118	54	2.500000	60.000000	9.802869e+04	2.203688e-04
	65	67	-10.750000	56.750000	9.724401e+04	3.049513e-04
	171	121	15.750000	43.250000	1.014291e+05	1.256477e-05
2022	2	16	4	3
	46	38	-15.500000	64.000000	9.747018e+04	2.644084e-04
	123	55	3.750000	59.750000	9.798795e+04	2.111549e-04
	75	66	-8.250000	57.000000	9.723866e+04	2.948292e-04
	173	123	16.250000	42.750000	1.014129e+05	4.055067e-05
2022	2	16	2	6
	84	66	-6.000000	57.000000	9.747348e+04	2.828751e-04
	100	68	-2.000000	56.500000	9.747348e+04	2.243809e-04
2022	2	16	6	9
	114	33	1.500000	65.250000	9.778884e+04	2.009844e-04
	95	66	-3.250000	57.000000	9.764351e+04	2.048137e-04
	114	67	1.500000	56.750000	9.764351e+04	2.108518e-04
	48	70	-15.000000	56.000000	9.751060e+04	2.109005e-04
	137	116	7.250000	44.500000	1.012146e+05	5.164923e-05
	182	134	18.500000	40.000000	1.014106e+05	1.308059e-04
2022	2	16	6	12
	108	34	0.000000	65.000000	9.759711e+04	1.927476e-04
	45	58	-15.750000	59.000000	9.732108e+04	3.971596e-05
	123	67	3.750000	56.750000	9.747049e+04	2.098482e-04
	62	68	-11.500000	56.500000	9.712055e+04	2.518800e-04
	183	128	18.750000	41.500000	1.011386e+05	1.021392e-04
	183	138	18.750000	39.000000	1.011386e+05	1.841334e-04
2022	2	16	5	15
	104	35	-1.000000	64.750000	9.743573e+04	1.825224e-04
	75	66	-8.250000	57.000000	9.675298e+04	3.101112e-04
	135	67	6.750000	56.750000	9.733932e+04	2.088177e-04
	137	116	7.250000	44.500000	1.010639e+05	6.526036e-05
	185	136	19.250000	39.500000	1.009980e+05	1.540990e-04
2022	2	16	5	18
	86	65	-5.500000	57.250000	9.686811e+04	3.301945e-04
	103	67	-1.250000	56.750000	9.686811e+04	1.786798e-04
	148	108	10.000000	46.500000	1.005015e+05	-4.237792e-05
	279	120	42.750000	43.500000	1.021329e+05	-1.694276e-05
	184	134	19.000000	40.000000	1.011224e+05	1.074429e-04
2022	2	16	5	21
	288	10	45.000000	71.000000	9.899156e+04	9.799335e-05
	119	65	2.750000	57.250000	9.687519e+04	1.886728e-04
	137	117	7.250000	44.250000	1.011186e+05	5.928987e-05
	278	120	42.500000	43.500000	1.021226e+05	-4.280487e-05
	183	133	18.750000	40.250000	1.011786e+05	1.067684e-04
2022	2	17	4	0
	288	10	45.000000	71.000000	9.895288e+04	1.078027e-04
	183	61	18.750000	58.250000	9.661913e+04	2.011166e-04
	127	66	4.750000	57.000000	9.673127e+04	2.304239e-04
	279	121	42.750000	43.250000	1.019518e+05	-3.657417e-05
2022	2	17	4	3
	288	11	45.000000	70.750000	9.897599e+04	1.060215e-04
	187	59	19.750000	58.750000	9.626053e+04	1.842485e-04
	174	66	16.500000	57.000000	9.626053e+04	1.249246e-04
	138	117	7.500000	44.250000	1.007489e+05	9.808438e-05
2022	2	17	5	6
	288	11	45.000000	70.750000	9.901264e+04	1.020042e-04
	192	57	21.000000	59.250000	9.603043e+04	2.074456e-04
	194	68	21.500000	56.500000	9.603043e+04	1.318047e-04
	0	106	-27.000000	47.000000	1.000513e+05	1.121198e-04
	279	121	42.750000	43.250000	1.018116e+05	-2.724357e-05
2022	2	17	6	9
	288	11	45.000000	70.750000	9.909490e+04	1.085825e-04
	194	56	21.500000	59.500000	9.594455e+04	2.411514e-04
	205	63	24.250000	57.750000	9.594455e+04	1.880676e-04
	8	104	-25.000000	47.500000	9.957901e+04	2.793716e-04
	138	117	7.500000	44.250000	1.008044e+05	4.718638e-05
	278	120	42.500000	43.500000	1.016460e+05	-3.481273e-05
2022	2	17	3	12
	200	57	23.000000	59.250000	9.591718e+04	1.202949e-04
	16	97	-23.000000	49.250000	9.873520e+04	4.189233e-04
	272	119	41.000000	43.750000	1.012979e+05	-5.334378e-05
2022	2	17	3	15
	213	55	26.250000	59.750000	9.589344e+04	1.418353e-04
	37	65	-17.750000	57.250000	9.980203e+04	1.177511e-04
	23	93	-21.250000	50.250000	9.758421e+04	5.592687e-04
2022	2	17	3	18
	216	53	27.000000	60.250000	9.588541e+04	1.343491e-04
	31	89	-19.250000	51.250000	9.662007e+04	6.622109e-04
	159	107	12.750000	46.750000	1.006237e+05	-5.071503e-05
2022	2	17	2	21
	220	51	28.000000	60.750000	9.599158e+04	1.401127e-04
	44	85	-16.000000	52.250000	9.595839e+04	6.096851e-04
2022	2	18	2	0
	224	47	29.000000	61.750000	9.610262e+04	1.984189e-04
	55	80	-13.250000	53.500000	9.554505e+04	4.635507e-04
2022	2	18	2	3
	225	42	29.250000	63.000000	9.612762e+04	1.515050e-04
	62	77	-11.500000	54.250000	9.525817e+04	5.278199e-04
2022	2	18	2	6
	225	39	29.250000	63.750000	9.620438e+04	1.806894e-04
	70	76	-9.500000	54.500000	9.531008e+04	4.976325e-04
2022	2	18	4	9
	224	37	29.000000	64.250000	9.632738e+04	1.891797e-04
	41	44	-16.750000	62.500000	9.808327e+04	3.027299e-04
	84	75	-6.000000	54.750000	9.590445e+04	3.540411e-04
	256	162	37.000000	33.000000	1.010306e+05	1.936900e-05
2022	2	18	6	12
	223	35	28.750000	64.750000	9.650510e+04	1.369648e-04
	43	44	-16.250000	62.500000	9.785080e+04	3.492007e-04
	97	72	-2.750000	55.500000	9.620627e+04	3.927588e-04
	232	135	31.000000	39.750000	1.005685e+05	4.289901e-05
	287	141	44.750000	38.250000	1.010153e+05	1.755797e-06
	257	162	37.250000	33.000000	1.007585e+05	2.346905e-05
2022	2	18	7	15
	227	35	29.750000	64.750000	9.670060e+04	1.105976e-04
	228	35	30.000000	64.750000	9.670060e+04	1.019263e-04
	46	45	-15.500000	62.250000	9.771633e+04	4.019855e-04
	47	45	-15.250000	62.250000	9.771633e+04	3.957856e-04
	118	59	2.500000	58.750000	9.622199e+04	2.728117e-04
	111	69	0.750000	56.250000	9.622199e+04	2.643695e-04
	237	137	32.250000	39.250000	1.005586e+05	6.525163e-05
2022	2	18	6	18
	233	34	31.250000	65.000000	9.681573e+04	8.741144e-05
	51	46	-14.250000	62.000000	9.767811e+04	4.047925e-04
	146	58	9.500000	59.000000	9.626651e+04	2.081736e-04
	125	66	4.250000	57.000000	9.624071e+04	1.395645e-04
	240	139	33.000000	38.750000	1.009573e+05	7.026360e-05
	222	147	28.500000	36.750000	1.008942e+05	2.096606e-04
2022	2	18	6	21
	244	28	34.000000	66.500000	9.681495e+04	9.565293e-05
	56	46	-13.000000	62.000000	9.773252e+04	3.640971e-04
	0	52	-27.000000	60.500000	9.827908e+04	1.122705e-04
	139	65	7.750000	57.250000	9.629717e+04	2.788652e-04
	108	137	0.000000	39.250000	1.012544e+05	6.401732e-05
	223	149	28.750000	36.250000	1.007745e+05	1.845324e-04
2022	2	19	7	0
	254	19	36.500000	68.750000	9.682690e+04	1.043921e-04
	244	27	34.000000	66.750000	9.682690e+04	6.204852e-05
	62	47	-11.500000	61.750000	9.780047e+04	3.270029e-04
	148	63	10.000000	57.750000	9.642520e+04	2.538657e-04
	109	138	0.250000	39.000000	1.012775e+05	8.102320e-05
	223	151	28.750000	35.750000	1.007644e+05	1.726657e-04
	233	155	31.250000	34.750000	1.007644e+05	2.747200e-05
2022	2	19	9	3
	255	18	36.750000	69.000000	9.684577e+04	1.234132e-04
	244	26	34.000000	67.000000	9.684577e+04	5.569180e-05
	245	26	34.250000	67.000000	9.684577e+04	3.569196e-05
	70	48	-9.500000	61.500000	9.786795e+04	3.226889e-04
	9	54	-24.750000	60.000000	9.788855e+04	1.055351e-04
	10	54	-24.500000	60.000000	9.788855e+04	1.163295e-04
	163	61	13.750000	58.250000	9.662102e+04	2.769497e-04
	137	117	7.250000	44.250000	1.013588e+05	1.390871e-04
	221	154	28.250000	35.000000	1.007887e+05	1.579245e-04
2022	2	19	8	6
	288	12	45.000000	70.500000	9.734688e+04	6.063136e-05
	255	17	36.750000	69.250000	9.690664e+04	1.080740e-04
	259	25	37.750000	67.250000	9.690664e+04	8.638258e-05
	77	48	-7.750000	61.500000	9.791183e+04	3.104773e-04
	17	50	-22.750000	61.000000	9.790632e+04	1.757364e-04
	175	60	16.750000	58.500000	9.679874e+04	2.216739e-04
	137	117	7.250000	44.250000	1.013231e+05	1.310930e-04
	222	160	28.500000	33.500000	1.010285e+05	1.341905e-04
2022	2	19	7	9
	261	19	38.250000	68.750000	9.705338e+04	8.607908e-06
	134	27	6.500000	66.750000	9.776178e+04	4.119683e-05
	87	48	-5.250000	61.500000	9.809412e+04	2.980483e-04
	20	49	-22.000000	61.250000	9.781400e+04	1.650544e-04
	186	59	19.500000	58.750000	9.711221e+04	1.521241e-04
	136	118	7.000000	44.000000	1.016232e+05	1.288267e-04
	225	162	29.250000	33.000000	1.012748e+05	4.476415e-05
2022	2	19	5	12
	271	20	40.750000	68.500000	9.717638e+04	1.042122e-04
	127	27	4.750000	66.750000	9.792001e+04	7.471311e-05
	96	48	-3.000000	61.500000	9.818518e+04	2.939952e-04
	202	55	23.500000	59.750000	9.742378e+04	8.601565e-05
	0	60	-27.000000	58.500000	9.714272e+04	1.027867e-04
2022	2	19	7	15
	273	19	41.250000	68.750000	9.724087e+04	1.052284e-04
	248	20	35.000000	68.500000	9.724087e+04	6.439570e-05
	132	27	6.000000	66.750000	9.795523e+04	6.349841e-05
	151	27	10.750000	66.750000	9.795523e+04	8.439270e-05
	7	44	-25.250000	62.500000	9.629639e+04	8.478972e-05
	104	47	-1.000000	61.750000	9.817433e+04	2.670446e-04
	0	56	-27.000000	59.500000	9.624150e+04	1.588987e-04
2022	2	19	4	18
	275	19	41.750000	68.750000	9.730881e+04	8.872864e-05
	151	26	10.750000	67.000000	9.796577e+04	6.889401e-05
	113	47	1.250000	61.750000	9.813580e+04	2.840047e-04
	0	53	-27.000000	60.250000	9.542851e+04	1.608049e-04
2022	2	19	6	21
	281	17	43.250000	69.250000	9.737424e+04	1.221820e-04
	151	26	10.750000	67.000000	9.798182e+04	7.719295e-05
	118	29	2.500000	66.250000	9.797552e+04	1.332115e-04
	121	46	3.250000	62.000000	9.808012e+04	2.808464e-04
	0	52	-27.000000	60.500000	9.481087e+04	1.609003e-04
	148	140	10.000000	38.500000	1.019211e+05	1.186339e-04
2022	2	20	7	0
	283	16	43.750000	69.500000	9.739170e+04	1.292107e-04
	121	29	3.250000	66.250000	9.789893e+04	1.238818e-04
	8	48	-25.000000	61.500000	9.467576e+04	3.469142e-04
	151	137	10.750000	39.250000	1.019260e+05	1.239768e-04
	75	155	-8.250000	34.750000	1.023473e+05	1.171508e-04
	261	162	38.250000	33.000000	1.013895e+05	3.733405e-05
	280	162	43.000000	33.000000	1.014175e+05	1.158820e-04
