2022	2	10	9	0
	7	6	-25.250000	72.000000	1.001833e+05	-7.066326e-06
	173	9	16.250000	71.250000	9.672248e+04	1.341303e-04
	174	9	16.500000	71.250000	9.673425e+04	1.403411e-04
	9	14	-24.750000	70.000000	1.001833e+05	6.979847e-05
	148	22	10.000000	68.000000	9.653059e+04	4.282369e-04
	59	56	-12.250000	59.500000	9.845191e+04	5.092847e-04
	152	106	11.000000	47.000000	1.022358e+05	-3.808767e-05
	139	110	7.750000	46.000000	1.022358e+05	-7.681081e-05
	250	151	35.500000	35.750000	1.007917e+05	1.062621e-04
2022	2	10	7	6
	177	5	17.250000	72.250000	9.716587e+04	1.051138e-04
	8	6	-25.000000	72.000000	1.003282e+05	-3.756203e-06
	1	18	-26.750000	69.000000	1.003323e+05	3.221906e-06
	168	22	15.000000	68.000000	9.677933e+04	2.997797e-04
	77	59	-7.750000	58.750000	9.893313e+04	5.314403e-04
	78	59	-7.500000	58.750000	9.893313e+04	5.256413e-04
	158	106	12.500000	47.000000	1.021188e+05	-3.741413e-05
2022	2	10	9	12
	210	1	25.500000	73.250000	9.728818e+04	-7.829840e-06
	180	4	18.000000	72.500000	9.728818e+04	1.183794e-04
	8	6	-25.000000	72.000000	1.002580e+05	-1.741664e-06
	21	20	-21.750000	68.500000	1.002329e+05	9.433505e-05
	192	26	21.000000	67.000000	9.731582e+04	1.979524e-04
	92	64	-4.000000	57.500000	1.000006e+05	3.688930e-04
	137	117	7.250000	44.250000	1.022034e+05	1.185405e-04
	282	139	43.500000	38.750000	1.009725e+05	1.014731e-05
	280	151	43.000000	35.750000	1.009617e+05	1.206920e-04
2022	2	10	9	18
	212	0	26.000000	73.500000	9.756319e+04	2.030469e-05
	8	6	-25.000000	72.000000	1.000857e+05	-2.446934e-05
	185	6	19.250000	72.000000	9.756319e+04	1.759950e-04
	9	14	-24.750000	70.000000	9.984910e+04	2.659635e-05
	43	16	-16.250000	69.500000	9.984910e+04	1.561112e-04
	209	27	25.250000	66.750000	9.780370e+04	1.720555e-04
	108	70	0.000000	56.000000	1.006032e+05	3.057423e-04
	138	117	7.500000	44.250000	1.021999e+05	9.328925e-05
	90	162	-4.500000	33.000000	1.021270e+05	-9.746775e-05
2022	2	11	7	0
	215	0	26.750000	73.500000	9.779762e+04	1.410478e-05
	203	8	23.750000	71.500000	9.779762e+04	1.553204e-04
	204	8	24.000000	71.500000	9.779762e+04	1.421492e-04
	56	13	-13.000000	70.250000	9.957135e+04	1.687772e-04
	0	70	-27.000000	56.000000	9.967191e+04	1.117592e-04
	120	77	3.000000	54.250000	1.011789e+05	2.720046e-04
	137	117	7.250000	44.250000	1.021440e+05	8.720709e-05
2022	2	11	3	6
	213	9	26.250000	71.250000	9.813026e+04	1.325129e-04
	67	13	-10.250000	70.250000	9.941141e+04	1.659367e-04
	2	60	-26.500000	58.500000	9.893921e+04	1.658071e-04
2022	2	11	7	12
	233	6	31.250000	72.000000	9.856972e+04	1.166204e-05
	112	14	1.000000	70.000000	9.951255e+04	4.968076e-05
	81	16	-6.750000	69.500000	9.951255e+04	2.309960e-04
	0	55	-27.000000	59.750000	9.854463e+04	9.793196e-05
	18	56	-22.500000	59.500000	9.854463e+04	1.104589e-04
	1	65	-26.750000	57.250000	9.854463e+04	8.575694e-05
	135	119	6.750000	43.750000	1.019760e+05	1.010430e-04
2022	2	11	7	18
	246	0	34.500000	73.500000	9.870772e+04	3.281923e-05
	240	8	33.000000	71.500000	9.870772e+04	-8.438054e-06
	136	19	7.000000	68.750000	9.927674e+04	2.245505e-04
	152	33	11.000000	65.250000	9.955665e+04	2.364845e-04
	30	52	-19.500000	60.500000	9.841036e+04	1.996455e-04
	17	62	-22.750000	58.000000	9.841644e+04	1.294839e-04
	275	75	41.750000	54.750000	9.981951e+04	2.027728e-04
2022	2	12	7	0
	253	0	36.250000	73.500000	9.885512e+04	4.317446e-05
	148	19	10.000000	68.750000	9.888373e+04	2.718136e-04
	52	46	-14.000000	62.000000	9.819279e+04	2.033589e-04
	24	52	-21.000000	60.500000	9.800638e+04	2.942075e-04
	0	62	-27.000000	58.000000	9.865577e+04	2.357922e-05
	0	72	-27.000000	55.500000	9.865577e+04	1.547299e-04
	288	74	45.000000	55.000000	9.967779e+04	1.779405e-04
2022	2	12	4	6
	265	9	39.250000	71.250000	9.891588e+04	2.883657e-06
	163	21	13.750000	68.250000	9.901036e+04	4.027028e-04
	40	48	-17.000000	61.500000	9.798697e+04	1.955277e-04
	25	56	-20.750000	59.500000	9.798697e+04	2.081819e-04
2022	2	12	3	12
	275	2	41.750000	73.000000	9.901702e+04	3.247086e-05
	268	10	40.000000	71.000000	9.901702e+04	2.717328e-05
	65	48	-10.750000	61.500000	9.810341e+04	1.244702e-04
2022	2	12	2	18
	269	11	40.250000	70.750000	9.904152e+04	4.776398e-05
	81	47	-6.750000	61.750000	9.795091e+04	1.085170e-04
2022	2	13	4	0
	171	0	15.750000	73.500000	9.907270e+04	2.560532e-05
	115	38	1.750000	64.000000	9.788897e+04	1.363095e-04
	116	38	2.000000	64.000000	9.788897e+04	1.316050e-04
	97	46	-2.750000	62.000000	9.788897e+04	1.244508e-04
2022	2	13	4	6
	167	0	14.750000	73.500000	9.887923e+04	1.195031e-05
	138	35	7.500000	64.750000	9.764140e+04	2.481145e-04
	40	36	-17.000000	64.500000	9.987360e+04	1.424753e-05
	112	44	1.000000	62.500000	9.772098e+04	1.932397e-04
2022	2	13	2	12
	154	33	11.500000	65.250000	9.767570e+04	2.610422e-04
	14	37	-23.500000	64.250000	1.002041e+05	1.616143e-04
2022	2	13	2	18
	1	17	-26.750000	69.250000	9.920598e+04	4.280157e-05
	166	33	14.500000	65.250000	9.786721e+04	1.445228e-04
2022	2	14	3	0
	211	25	25.750000	67.250000	9.825610e+04	8.979387e-05
	212	25	26.000000	67.250000	9.825610e+04	8.387309e-05
	184	36	19.000000	64.500000	9.830236e+04	1.019268e-04
2022	2	14	2	6
	6	7	-25.500000	71.750000	9.960918e+04	-6.201007e-05
	214	31	26.500000	65.750000	9.836214e+04	4.659176e-05
2022	2	14	3	12
	234	1	31.500000	73.250000	9.844839e+04	1.515234e-04
	188	51	20.000000	60.750000	9.854149e+04	8.208719e-05
	33	60	-18.750000	58.500000	9.838448e+04	1.933794e-04
2022	2	14	6	18
	236	0	32.000000	73.500000	9.837743e+04	1.233656e-04
	6	7	-25.500000	71.750000	9.934574e+04	-2.593358e-06
	203	47	23.750000	61.750000	9.840193e+04	1.307381e-04
	45	54	-15.750000	60.000000	9.781566e+04	3.076630e-04
	154	60	11.500000	58.500000	9.898155e+04	1.960879e-04
	144	120	9.000000	43.500000	1.010932e+05	1.425555e-04
2022	2	15	9	0
	251	1	35.750000	73.250000	9.839468e+04	1.734451e-04
	6	7	-25.500000	71.750000	9.917717e+04	1.930017e-06
	2	28	-26.500000	66.500000	9.785623e+04	9.670291e-05
	237	32	32.250000	65.500000	9.841350e+04	5.678512e-05
	225	41	29.250000	63.250000	9.841350e+04	9.544408e-05
	48	49	-15.000000	61.250000	9.759180e+04	3.636402e-04
	164	60	14.000000	58.500000	9.927694e+04	1.895950e-04
	147	119	9.750000	43.750000	1.011040e+05	1.423384e-04
	280	121	43.000000	43.250000	1.017383e+05	-1.196964e-05
2022	2	15	10	6
	258	0	37.500000	73.500000	9.832313e+04	1.681439e-04
	6	7	-25.500000	71.750000	9.880984e+04	-1.079929e-05
	247	29	34.750000	66.250000	9.839527e+04	1.164352e-04
	35	36	-18.250000	64.500000	9.748655e+04	4.020096e-05
	50	43	-14.500000	62.750000	9.748655e+04	3.709395e-04
	84	58	-6.000000	59.000000	9.889452e+04	2.643694e-04
	106	65	-0.500000	57.250000	9.892412e+04	1.663008e-04
	0	71	-27.000000	55.750000	9.774176e+04	1.554993e-04
	150	121	10.500000	43.250000	1.012818e+05	1.080680e-04
	280	121	43.000000	43.250000	1.018859e+05	-6.189829e-06
2022	2	15	12	12
	237	0	32.250000	73.500000	9.850269e+04	7.982164e-05
	267	17	39.750000	69.250000	9.854032e+04	1.529776e-04
	267	18	39.750000	69.000000	9.854032e+04	1.341473e-04
	42	35	-16.500000	64.750000	9.721664e+04	3.747581e-04
	89	57	-4.750000	59.250000	9.931320e+04	1.775791e-04
	9	62	-24.750000	58.000000	9.676228e+04	2.470978e-04
	114	67	1.500000	56.750000	9.907897e+04	1.900219e-04
	135	71	6.750000	55.750000	9.907798e+04	1.817278e-04
	155	124	11.750000	42.500000	1.013684e+05	5.304052e-05
	167	126	14.750000	42.000000	1.013684e+05	3.989686e-05
	279	129	42.750000	41.250000	1.015142e+05	8.996592e-06
	277	162	42.250000	33.000000	1.013429e+05	5.984195e-05
2022	2	15	8	18
	6	7	-25.500000	71.750000	9.829471e+04	-2.608664e-05
	274	16	41.500000	69.500000	9.863499e+04	1.200465e-04
	27	25	-20.250000	67.250000	9.695751e+04	2.575345e-04
	16	51	-23.000000	60.750000	9.523494e+04	3.185995e-04
	147	72	9.750000	55.500000	9.933438e+04	2.184937e-04
	281	121	43.250000	43.250000	1.020158e+05	-1.556013e-05
	170	125	15.500000	42.250000	1.014343e+05	5.595850e-05
	281	162	43.250000	33.000000	1.015078e+05	4.901439e-07
2022	2	16	6	0
	280	9	43.000000	71.250000	9.873908e+04	1.600460e-04
	27	39	-20.250000	63.750000	9.426839e+04	-2.572064e-05
	17	47	-22.750000	61.750000	9.426839e+04	4.493515e-04
	159	74	12.750000	55.000000	9.981480e+04	1.818912e-04
	281	121	43.250000	43.250000	1.020015e+05	-5.046722e-05
	174	125	16.500000	42.250000	1.013917e+05	9.913513e-05
2022	2	16	3	6
	270	1	40.500000	73.250000	9.874476e+04	4.365945e-05
	30	41	-19.500000	63.250000	9.424252e+04	2.168957e-04
	184	137	19.000000	39.250000	1.012032e+05	1.303460e-04
2022	2	16	4	12
	273	0	41.250000	73.500000	9.883983e+04	3.163152e-05
	45	31	-15.750000	65.750000	9.411942e+04	3.216365e-04
	0	35	-27.000000	64.750000	9.511066e+04	1.458568e-04
	184	136	19.000000	39.500000	1.011885e+05	1.298172e-04
2022	2	16	6	18
	281	0	43.250000	73.500000	9.892666e+04	1.862237e-05
	282	0	43.500000	73.500000	9.892666e+04	2.487038e-05
	18	31	-22.500000	65.750000	9.404964e+04	4.446034e-04
	0	36	-27.000000	64.500000	9.442540e+04	1.718734e-04
	143	62	8.750000	58.000000	9.776920e+04	2.057464e-04
	183	141	18.750000	38.250000	1.012447e+05	1.417981e-04
2022	2	17	5	0
	44	26	-16.000000	67.000000	9.484016e+04	2.936341e-04
	0	36	-27.000000	64.500000	9.407316e+04	1.831470e-04
	32	40	-19.000000	63.500000	9.437855e+04	1.261232e-04
	163	61	13.750000	58.250000	9.791994e+04	2.111092e-04
	205	144	24.250000	37.500000	1.012720e+05	7.624672e-05
2022	2	17	3	6
	26	26	-20.500000	67.000000	9.495660e+04	3.084691e-04
	0	36	-27.000000	64.500000	9.487369e+04	1.225643e-04
	183	59	18.750000	58.750000	9.781095e+04	1.836444e-04
2022	2	17	3	12
	0	33	-27.000000	65.250000	9.530315e+04	1.072953e-04
	193	58	21.250000	59.000000	9.790916e+04	2.918420e-04
	6	95	-25.500000	49.750000	9.945747e+04	2.030062e-04
2022	2	17	4	18
	71	25	-9.250000	67.250000	9.666447e+04	1.394557e-04
	72	25	-9.000000	67.250000	9.666447e+04	1.420571e-04
	206	60	24.500000	58.500000	9.821533e+04	2.548729e-04
	32	82	-19.000000	53.000000	9.848210e+04	2.761330e-04
2022	2	18	5	0
	72	23	-9.000000	67.750000	9.675797e+04	1.984460e-04
	0	43	-27.000000	62.750000	9.477254e+04	2.117443e-04
	288	46	45.000000	62.000000	1.005248e+05	1.255487e-04
	217	59	27.250000	58.750000	9.848309e+04	2.156400e-04
	64	64	-11.000000	57.500000	9.668740e+04	5.232591e-04
2022	2	18	7	6
	68	22	-10.000000	68.000000	9.662566e+04	2.555364e-04
	288	40	45.000000	63.500000	1.004150e+05	1.695338e-04
	0	42	-27.000000	63.000000	9.482056e+04	2.366866e-04
	229	49	30.250000	61.250000	9.888550e+04	6.939051e-05
	230	49	30.500000	61.250000	9.888550e+04	6.668438e-05
	93	56	-3.750000	59.500000	9.497424e+04	6.743421e-04
	226	58	29.500000	59.000000	9.888550e+04	1.596823e-04
2022	2	18	8	12
	72	22	-9.000000	68.000000	9.675816e+04	2.043050e-04
	288	37	45.000000	64.250000	1.002292e+05	4.553499e-05
	36	39	-18.000000	63.750000	9.523102e+04	1.685670e-04
	14	41	-23.500000	63.250000	9.523102e+04	4.565788e-04
	234	44	31.500000	62.500000	9.904721e+04	7.256148e-05
	120	49	3.000000	61.250000	9.475745e+04	6.300320e-04
	227	144	29.750000	37.500000	1.004985e+05	-2.342425e-05
	213	155	26.250000	34.750000	1.004217e+05	1.410169e-04
2022	2	18	5	18
	77	19	-7.750000	68.750000	9.691948e+04	2.103533e-04
	27	39	-20.250000	63.750000	9.586493e+04	3.925806e-04
	141	41	8.250000	63.250000	9.626323e+04	1.880926e-04
	144	50	9.000000	61.000000	9.626323e+04	1.063387e-04
	216	160	27.000000	33.500000	1.002890e+05	1.855818e-04
2022	2	19	7	0
	6	7	-25.500000	71.750000	9.903427e+04	-1.329829e-05
	93	26	-3.750000	67.000000	9.681638e+04	2.189204e-04
	48	38	-15.000000	64.000000	9.682402e+04	2.960385e-04
	176	51	17.000000	60.750000	9.677796e+04	1.679612e-04
	150	109	10.500000	46.250000	1.017493e+05	-9.852338e-06
	233	156	31.250000	34.500000	1.002125e+05	5.146439e-05
	219	162	27.750000	33.000000	1.001682e+05	1.226913e-04
2022	2	19	8	6
	113	21	1.250000	68.250000	9.659469e+04	3.484095e-04
	71	35	-9.250000	64.750000	9.691988e+04	3.541123e-04
	0	42	-27.000000	63.000000	9.828511e+04	2.926028e-05
	196	52	22.000000	60.500000	9.706610e+04	6.574435e-05
	197	52	22.250000	60.500000	9.706610e+04	5.729970e-05
	0	57	-27.000000	59.250000	9.813026e+04	1.054602e-04
	150	110	10.500000	46.000000	1.017169e+05	3.458013e-05
	137	117	7.250000	44.250000	1.017169e+05	8.740452e-05
2022	2	19	7	12
	122	7	3.500000	71.750000	9.666309e+04	2.135381e-05
	130	15	5.500000	69.750000	9.666309e+04	3.962479e-04
	96	33	-3.000000	65.250000	9.736227e+04	3.187042e-04
	0	51	-27.000000	60.750000	9.746714e+04	5.590254e-05
	111	51	0.750000	60.750000	9.819161e+04	2.553569e-04
	211	53	25.750000	60.250000	9.746323e+04	1.045321e-04
	175	137	16.750000	39.250000	1.019743e+05	4.851822e-05
2022	2	19	4	18
	147	9	9.750000	71.250000	9.665134e+04	4.275207e-04
	0	51	-27.000000	60.750000	9.660429e+04	7.896849e-05
	232	54	31.000000	60.000000	9.778155e+04	4.586546e-05
	266	162	39.500000	33.000000	1.010712e+05	9.213502e-05
2022	2	20	7	0
	166	2	14.500000	73.000000	9.688635e+04	3.261967e-04
	34	37	-18.500000	64.250000	9.645395e+04	7.018919e-05
	9	49	-24.750000	61.250000	9.611798e+04	4.625192e-04
	248	57	35.000000	59.250000	9.814162e+04	8.009420e-05
	266	151	39.500000	35.750000	1.008690e+05	-8.300808e-06
	264	161	39.000000	33.250000	1.008690e+05	1.065162e-04
	281	161	43.250000	33.250000	1.008639e+05	9.623552e-06
