2022	2	16	6	0
	53	39	-13.750000	63.750000	9.721869e+04	3.610791e-04
	185	43	19.250000	62.750000	9.900295e+04	1.622527e-04
	117	54	2.250000	60.000000	9.799299e+04	2.257980e-04
	65	67	-10.750000	56.750000	9.702804e+04	3.350381e-04
	171	121	15.750000	43.250000	1.014499e+05	2.011078e-05
	280	121	43.000000	43.250000	1.021099e+05	1.907571e-05
2022	2	16	5	3
	47	37	-15.250000	64.250000	9.738638e+04	3.124854e-04
	123	53	3.750000	60.250000	9.793081e+04	2.166875e-04
	74	66	-8.500000	57.000000	9.704795e+04	2.969395e-04
	92	71	-4.000000	55.750000	9.704795e+04	2.133713e-04
	280	121	43.000000	43.250000	1.022183e+05	2.777646e-05
2022	2	16	2	6
	84	66	-6.000000	57.000000	9.735612e+04	3.076700e-04
	99	67	-2.250000	56.750000	9.735612e+04	2.032585e-04
2022	2	16	3	9
	105	65	-0.750000	57.250000	9.754100e+04	2.037389e-04
	279	120	42.750000	43.500000	1.021900e+05	2.885836e-05
	181	135	18.250000	39.750000	1.014691e+05	1.487100e-04
2022	2	16	5	12
	66	56	-10.500000	59.500000	9.759801e+04	1.022163e-04
	116	65	2.000000	57.250000	9.745571e+04	2.161963e-04
	117	65	2.250000	57.250000	9.745571e+04	2.162847e-04
	184	128	19.000000	41.500000	1.012460e+05	8.539322e-05
	183	136	18.750000	39.500000	1.012460e+05	1.535835e-04
2022	2	16	4	15
	71	56	-9.250000	59.500000	9.744932e+04	9.113613e-05
	132	66	6.000000	57.000000	9.733955e+04	1.869733e-04
	135	119	6.750000	43.750000	1.013347e+05	1.432463e-04
	184	134	19.000000	40.000000	1.010739e+05	1.438753e-04
2022	2	16	1	18
	184	132	19.000000	40.500000	1.011769e+05	9.680067e-05
2022	2	16	3	21
	181	64	18.250000	57.500000	9.714191e+04	2.253673e-04
	126	69	4.500000	56.250000	9.699550e+04	2.393616e-04
	137	117	7.250000	44.250000	1.012048e+05	6.053515e-05
2022	2	17	3	0
	189	61	20.250000	58.250000	9.686916e+04	2.531028e-04
	139	68	7.750000	56.500000	9.675894e+04	2.735913e-04
	137	117	7.250000	44.250000	1.009218e+05	1.014972e-04
2022	2	17	4	3
	129	40	5.250000	63.500000	9.735643e+04	8.957701e-05
	194	59	21.500000	58.750000	9.660691e+04	2.393610e-04
	149	69	10.250000	56.250000	9.677247e+04	2.727065e-04
	138	117	7.500000	44.250000	1.007033e+05	9.121856e-05
2022	2	17	6	6
	129	39	5.250000	63.750000	9.740797e+04	7.809418e-05
	129	40	5.250000	63.500000	9.740797e+04	7.738898e-05
	198	57	22.500000	59.250000	9.653256e+04	2.319596e-04
	1	113	-26.750000	45.250000	1.004474e+05	1.606001e-04
	138	117	7.500000	44.250000	1.006332e+05	8.886482e-05
	279	121	42.750000	43.250000	1.015746e+05	-1.434360e-05
2022	2	17	3	9
	201	56	23.250000	59.500000	9.652937e+04	2.075755e-04
	4	102	-26.000000	48.000000	9.993263e+04	2.571950e-04
	278	120	42.500000	43.500000	1.015529e+05	-1.636204e-05
2022	2	17	2	12
	207	52	24.750000	60.500000	9.654290e+04	1.845140e-04
	14	100	-23.500000	48.500000	9.932891e+04	3.171952e-04
2022	2	17	2	15
	212	51	26.000000	60.750000	9.656419e+04	1.359366e-04
	23	93	-21.250000	50.250000	9.827851e+04	4.150138e-04
2022	2	17	3	18
	216	48	27.000000	61.500000	9.656373e+04	1.246617e-04
	29	88	-19.750000	51.500000	9.743305e+04	5.113628e-04
	159	107	12.750000	46.750000	1.005506e+05	-4.500153e-05
2022	2	17	2	21
	220	45	28.000000	62.250000	9.655628e+04	7.079735e-05
	39	88	-17.250000	51.500000	9.682857e+04	5.723676e-04
2022	2	18	2	0
	224	43	29.000000	62.750000	9.657072e+04	7.301034e-05
	52	83	-14.000000	52.750000	9.636320e+04	4.911567e-04
2022	2	18	4	3
	229	40	30.250000	63.500000	9.659444e+04	7.649513e-05
	21	44	-21.750000	62.500000	9.871956e+04	1.712661e-04
	61	79	-11.750000	53.750000	9.605472e+04	4.553505e-04
	137	117	7.250000	44.250000	1.013794e+05	4.432513e-05
2022	2	18	5	6
	233	37	31.250000	64.250000	9.665905e+04	8.981568e-05
	234	37	31.500000	64.250000	9.665905e+04	9.173324e-05
	15	42	-23.250000	63.000000	9.841914e+04	1.967308e-04
	69	77	-9.750000	54.250000	9.608969e+04	3.935274e-04
	137	117	7.250000	44.250000	1.014373e+05	7.856516e-05
2022	2	18	4	9
	146	27	9.500000	66.750000	9.804073e+04	7.447579e-05
	237	34	32.250000	65.000000	9.670725e+04	9.271541e-05
	12	41	-24.000000	63.250000	9.825130e+04	2.594616e-04
	82	76	-6.500000	54.500000	9.643723e+04	3.172735e-04
2022	2	18	6	12
	145	24	9.250000	67.500000	9.802523e+04	9.273333e-05
	146	24	9.500000	67.500000	9.802523e+04	8.298588e-05
	240	32	33.000000	65.500000	9.677323e+04	1.050262e-04
	9	41	-24.750000	63.250000	9.812070e+04	2.562983e-04
	94	74	-3.500000	55.000000	9.662044e+04	2.630854e-04
	151	117	10.750000	44.250000	1.010081e+05	-4.797908e-05
2022	2	18	8	15
	6	7	-25.500000	71.750000	1.003890e+05	-4.042066e-05
	143	24	8.750000	67.500000	9.790451e+04	9.994923e-05
	243	29	33.750000	66.250000	9.681595e+04	1.125435e-04
	10	41	-24.500000	63.250000	9.800363e+04	2.610766e-04
	120	62	3.000000	58.000000	9.659733e+04	1.959522e-04
	109	69	0.250000	56.250000	9.659733e+04	2.282755e-04
	236	138	32.000000	39.000000	1.005871e+05	1.800562e-06
	259	162	37.750000	33.000000	1.004872e+05	-2.964842e-06
2022	2	18	5	18
	143	25	8.750000	67.250000	9.779687e+04	9.814190e-05
	144	26	9.000000	67.000000	9.779687e+04	1.011365e-04
	244	28	34.000000	66.500000	9.679452e+04	1.230557e-04
	10	39	-24.500000	63.750000	9.798934e+04	2.643506e-04
	124	68	4.000000	56.500000	9.656784e+04	2.106308e-04
2022	2	18	6	21
	6	7	-25.500000	71.750000	1.003433e+05	2.532107e-06
	142	26	8.500000	67.000000	9.771280e+04	1.174917e-04
	245	26	34.250000	67.000000	9.677491e+04	1.265541e-04
	8	37	-25.000000	64.250000	9.805183e+04	2.779499e-04
	137	68	7.250000	56.500000	9.657893e+04	2.364249e-04
	277	118	42.250000	44.000000	1.009031e+05	2.184192e-05
2022	2	19	10	0
	6	7	-25.500000	71.750000	1.003494e+05	9.177918e-06
	288	16	45.000000	69.500000	9.730367e+04	-1.808819e-05
	288	17	45.000000	69.250000	9.730367e+04	-2.257260e-05
	247	25	34.750000	67.250000	9.681793e+04	1.339400e-04
	248	25	35.000000	67.250000	9.681793e+04	1.226091e-04
	144	27	9.000000	66.750000	9.772556e+04	1.164538e-04
	3	35	-26.250000	64.750000	9.816980e+04	2.692537e-04
	0	54	-27.000000	60.000000	9.827684e+04	8.002343e-05
	147	67	9.750000	56.750000	9.671744e+04	1.942763e-04
	137	117	7.250000	44.250000	1.011934e+05	1.280455e-04
2022	2	19	9	3
	6	7	-25.500000	71.750000	1.003135e+05	1.876419e-05
	255	17	36.750000	69.250000	9.671865e+04	1.462939e-04
	0	18	-27.000000	69.000000	9.908580e+04	-6.169244e-05
	144	27	9.000000	66.750000	9.772937e+04	9.580801e-05
	0	35	-27.000000	64.750000	9.838676e+04	1.256332e-04
	2	55	-26.500000	59.750000	9.836243e+04	1.682538e-04
	24	56	-21.000000	59.500000	9.836243e+04	1.295510e-04
	158	67	12.500000	56.750000	9.687494e+04	2.243346e-04
	137	117	7.250000	44.250000	1.011267e+05	1.425893e-04
2022	2	19	7	6
	6	7	-25.500000	71.750000	1.002294e+05	1.560187e-05
	252	16	36.000000	69.500000	9.670998e+04	1.688062e-04
	147	28	9.750000	66.500000	9.779201e+04	9.559382e-05
	12	54	-24.000000	60.000000	9.856403e+04	1.366827e-04
	41	58	-16.750000	59.000000	9.836836e+04	2.055102e-04
	177	63	17.250000	57.750000	9.701055e+04	1.039356e-04
	137	117	7.250000	44.250000	1.011855e+05	1.396826e-04
2022	2	19	8	9
	255	17	36.750000	69.250000	9.680409e+04	1.044803e-04
	150	28	10.500000	66.500000	9.794723e+04	1.127448e-04
	48	58	-15.000000	59.000000	9.857620e+04	1.999269e-04
	186	61	19.500000	58.250000	9.717065e+04	7.189126e-05
	138	118	7.500000	44.000000	1.013811e+05	1.268231e-04
	95	146	-3.250000	37.000000	1.016784e+05	5.606723e-05
	264	162	39.000000	33.000000	1.004749e+05	4.592272e-05
	276	162	42.000000	33.000000	1.004749e+05	9.579743e-05
2022	2	19	7	12
	264	17	39.000000	69.250000	9.696388e+04	8.702483e-05
	155	25	11.750000	67.250000	9.807677e+04	1.597848e-04
	197	58	22.250000	59.000000	9.731751e+04	9.548775e-05
	56	59	-13.000000	58.750000	9.866544e+04	1.881299e-04
	79	62	-7.250000	58.000000	9.865829e+04	2.351546e-04
	135	119	6.750000	43.750000	1.013640e+05	1.459104e-04
	94	145	-3.500000	37.250000	1.017356e+05	7.047206e-05
2022	2	19	9	15
	271	16	40.750000	69.500000	9.711241e+04	9.264069e-05
	155	26	11.750000	67.000000	9.822317e+04	1.800527e-04
	204	57	24.000000	59.250000	9.751059e+04	1.393602e-04
	0	58	-27.000000	59.000000	9.822013e+04	9.862163e-05
	83	62	-6.250000	58.000000	9.879345e+04	2.379212e-04
	135	119	6.750000	43.750000	1.012953e+05	1.776128e-04
	146	126	9.500000	42.000000	1.012953e+05	-2.943512e-05
	94	145	-3.500000	37.250000	1.016527e+05	6.090119e-05
	276	162	42.000000	33.000000	1.003224e+05	1.402695e-04
2022	2	19	9	18
	280	15	43.000000	69.750000	9.723267e+04	1.343040e-04
	154	27	11.500000	66.750000	9.832959e+04	2.098577e-04
	0	53	-27.000000	60.250000	9.738486e+04	1.133871e-04
	213	57	26.250000	59.250000	9.765655e+04	1.199089e-04
	86	62	-5.500000	58.000000	9.922568e+04	1.823683e-04
	105	66	-0.750000	57.000000	9.922568e+04	1.595267e-04
	147	127	9.750000	41.750000	1.015034e+05	-1.507143e-05
	272	150	41.000000	36.000000	1.005627e+05	5.032160e-06
	277	161	42.250000	33.250000	1.005627e+05	1.820999e-04
2022	2	19	10	21
	287	13	44.750000	70.250000	9.737041e+04	1.025353e-04
	154	28	11.500000	66.500000	9.847038e+04	1.804551e-04
	0	49	-27.000000	61.250000	9.658152e+04	8.927159e-05
	241	50	33.250000	61.000000	9.776951e+04	1.040155e-04
	222	56	28.500000	59.500000	9.776951e+04	9.408817e-05
	222	57	28.500000	59.250000	9.776951e+04	9.702118e-05
	115	68	1.750000	56.500000	9.938364e+04	1.253086e-04
	149	126	10.250000	42.000000	1.016263e+05	3.374040e-05
	275	146	41.750000	37.000000	1.008114e+05	-1.783704e-05
	278	160	42.500000	33.500000	1.006923e+05	1.842068e-04
2022	2	20	9	0
	262	15	38.500000	69.750000	9.755666e+04	1.228292e-04
	155	30	11.750000	66.000000	9.865069e+04	2.021312e-04
	0	44	-27.000000	62.500000	9.590862e+04	1.319798e-04
	250	47	35.500000	61.750000	9.777285e+04	1.374090e-04
	119	69	2.750000	56.250000	9.940082e+04	1.201073e-04
	136	73	7.000000	55.250000	9.940082e+04	1.530988e-04
	175	124	16.750000	42.500000	1.016941e+05	5.233032e-05
	151	126	10.750000	42.000000	1.016541e+05	5.920943e-05
	279	159	42.750000	33.750000	1.007601e+05	1.328692e-04
