2022	2	16	7	0
	288	11	45.000000	70.750000	9.881730e+04	8.308880e-05
	53	38	-13.750000	64.000000	9.779921e+04	2.383396e-04
	184	43	19.000000	62.750000	9.895036e+04	1.580527e-04
	117	53	2.250000	60.250000	9.801956e+04	1.658488e-04
	65	67	-10.750000	56.750000	9.736669e+04	2.939682e-04
	280	121	43.000000	43.250000	1.020865e+05	2.364027e-05
	172	122	16.000000	43.000000	1.014236e+05	3.963587e-05
2022	2	16	4	3
	121	51	3.250000	60.750000	9.795634e+04	1.520604e-04
	75	67	-8.250000	56.750000	9.736889e+04	2.867685e-04
	280	121	43.000000	43.250000	1.021455e+05	3.008976e-05
	173	123	16.250000	42.750000	1.014209e+05	4.959100e-05
2022	2	16	3	6
	123	49	3.750000	61.250000	9.787329e+04	1.587612e-04
	84	66	-6.000000	57.000000	9.767827e+04	2.637406e-04
	99	68	-2.250000	56.500000	9.767827e+04	2.183980e-04
2022	2	16	5	9
	114	34	1.500000	65.000000	9.783209e+04	2.018744e-04
	124	47	4.000000	61.750000	9.784105e+04	1.338222e-04
	43	61	-16.250000	58.250000	9.747600e+04	5.869353e-05
	117	68	2.250000	56.500000	9.769352e+04	2.145583e-04
	41	72	-16.750000	55.500000	9.747600e+04	1.987645e-04
2022	2	16	6	12
	110	35	0.500000	64.750000	9.764256e+04	1.591917e-04
	58	53	-12.500000	60.250000	9.739453e+04	7.468442e-05
	49	60	-14.750000	58.500000	9.714303e+04	4.074812e-05
	58	69	-12.500000	56.250000	9.714303e+04	2.986492e-04
	75	70	-8.250000	56.000000	9.714303e+04	2.272500e-04
	183	136	18.750000	39.500000	1.012508e+05	1.553629e-04
2022	2	16	6	15
	106	36	-0.500000	64.500000	9.748937e+04	1.396886e-04
	126	44	4.500000	62.500000	9.748937e+04	1.001726e-04
	88	67	-5.000000	56.750000	9.701941e+04	2.445077e-04
	72	69	-9.000000	56.250000	9.701941e+04	3.389951e-04
	136	114	7.000000	45.000000	1.010798e+05	1.520812e-05
	186	136	19.500000	39.500000	1.011037e+05	1.384248e-04
2022	2	16	3	18
	100	66	-2.000000	57.000000	9.669573e+04	2.511707e-04
	279	120	42.750000	43.500000	1.021831e+05	-8.721267e-06
	185	132	19.250000	40.500000	1.011720e+05	1.010623e-04
2022	2	16	5	21
	288	9	45.000000	71.250000	9.902050e+04	1.063588e-04
	110	67	0.500000	56.750000	9.667370e+04	2.995090e-04
	137	117	7.250000	44.250000	1.011863e+05	7.791870e-05
	278	120	42.500000	43.500000	1.021545e+05	-3.417097e-05
	184	131	19.000000	40.750000	1.012364e+05	9.003052e-05
2022	2	17	4	0
	288	10	45.000000	71.000000	9.904724e+04	1.168172e-04
	128	40	5.000000	63.500000	9.728066e+04	1.121560e-04
	185	63	19.250000	57.750000	9.676619e+04	2.126993e-04
	137	117	7.250000	44.250000	1.009867e+05	6.703383e-05
2022	2	17	4	3
	286	10	44.500000	71.000000	9.906722e+04	1.884784e-04
	128	39	5.000000	63.750000	9.726697e+04	1.253031e-04
	191	61	20.750000	58.250000	9.642662e+04	1.894430e-04
	177	70	17.250000	56.000000	9.642662e+04	1.658094e-04
2022	2	17	5	6
	284	11	44.000000	70.750000	9.911252e+04	1.769599e-04
	128	39	5.000000	63.750000	9.731825e+04	1.215115e-04
	195	59	21.750000	58.750000	9.625188e+04	1.977623e-04
	0	115	-27.000000	44.750000	1.011600e+05	6.523525e-05
	279	121	42.750000	43.250000	1.017045e+05	-1.293989e-05
2022	2	17	5	9
	288	24	45.000000	67.500000	9.925595e+04	5.570283e-05
	129	39	5.250000	63.750000	9.736606e+04	1.492715e-04
	198	60	22.500000	58.500000	9.619730e+04	2.257835e-04
	2	115	-26.500000	44.750000	1.006745e+05	1.788938e-04
	278	120	42.500000	43.500000	1.016292e+05	-1.457362e-05
2022	2	17	4	12
	130	40	5.500000	63.500000	9.746751e+04	1.288204e-04
	131	40	5.750000	63.500000	9.746751e+04	1.306846e-04
	209	57	25.250000	59.250000	9.624716e+04	1.331619e-04
	14	110	-23.500000	46.000000	1.003679e+05	2.524981e-04
2022	2	17	4	15
	135	39	6.750000	63.750000	9.750132e+04	1.548631e-04
	214	54	26.500000	60.000000	9.622986e+04	1.522230e-04
	26	56	-20.500000	59.500000	9.924872e+04	2.274591e-04
	30	102	-19.500000	48.000000	9.979559e+04	2.287842e-04
2022	2	17	6	18
	288	30	45.000000	66.000000	9.880817e+04	2.314816e-05
	140	39	8.000000	63.750000	9.753655e+04	1.568057e-04
	218	51	27.500000	60.750000	9.626635e+04	1.989446e-04
	30	54	-19.500000	60.000000	9.892299e+04	1.878843e-04
	41	97	-16.750000	49.250000	9.938524e+04	2.581311e-04
	158	108	12.500000	46.500000	1.007245e+05	-1.379346e-05
2022	2	17	5	21
	288	26	45.000000	67.000000	9.862368e+04	1.191204e-04
	143	39	8.750000	63.750000	9.763595e+04	1.147793e-04
	222	47	28.500000	61.750000	9.632077e+04	1.769749e-04
	30	53	-19.500000	60.250000	9.857571e+04	2.491236e-04
	47	96	-15.250000	49.500000	9.884199e+04	4.724427e-04
2022	2	18	6	0
	288	28	45.000000	66.500000	9.844988e+04	9.714629e-05
	146	39	9.500000	63.750000	9.784451e+04	6.664734e-05
	221	41	28.250000	63.250000	9.630912e+04	1.653468e-04
	221	42	28.250000	63.000000	9.630912e+04	1.643826e-04
	30	53	-19.500000	60.250000	9.833271e+04	2.978934e-04
	58	92	-12.500000	50.500000	9.828600e+04	5.397660e-04
2022	2	18	5	3
	139	25	7.750000	67.250000	9.789940e+04	8.254397e-05
	221	39	28.250000	63.750000	9.627846e+04	1.713528e-04
	35	54	-18.250000	60.000000	9.816253e+04	2.761350e-04
	71	87	-9.250000	51.750000	9.769635e+04	6.010120e-04
	70	88	-9.500000	51.500000	9.769635e+04	6.250283e-04
2022	2	18	8	6
	134	25	6.500000	67.250000	9.782768e+04	7.133005e-05
	223	38	28.750000	64.000000	9.631212e+04	1.662943e-04
	69	46	-9.750000	62.000000	9.815105e+04	1.088584e-04
	41	55	-16.750000	59.750000	9.802161e+04	2.220904e-04
	83	85	-6.250000	52.250000	9.690931e+04	6.486422e-04
	141	107	8.250000	46.750000	1.010483e+05	-7.569596e-05
	138	117	7.500000	44.250000	1.013396e+05	6.971566e-05
	250	161	35.500000	33.250000	1.011094e+05	5.510488e-06
2022	2	18	7	9
	135	27	6.750000	66.750000	9.778395e+04	2.902026e-05
	227	36	29.750000	64.500000	9.637912e+04	1.779036e-04
	67	46	-10.250000	62.000000	9.803765e+04	1.131412e-04
	48	57	-15.000000	59.250000	9.801500e+04	2.476182e-04
	97	79	-2.750000	53.750000	9.640664e+04	5.781772e-04
	254	157	36.500000	34.250000	1.009849e+05	1.595601e-05
	265	162	39.250000	33.000000	1.009849e+05	-5.488584e-06
2022	2	18	6	12
	138	28	7.500000	66.500000	9.777169e+04	4.488831e-05
	231	34	30.750000	65.000000	9.647191e+04	1.707375e-04
	56	59	-13.000000	58.750000	9.807886e+04	2.726243e-04
	113	74	1.250000	55.000000	9.592002e+04	5.246293e-04
	257	162	37.250000	33.000000	1.007179e+05	-1.298711e-05
	267	162	39.750000	33.000000	1.007179e+05	-2.332828e-06
2022	2	18	7	15
	240	28	33.000000	66.500000	9.654159e+04	1.606198e-04
	131	29	5.750000	66.250000	9.764555e+04	6.110021e-05
	0	47	-27.000000	61.750000	9.888084e+04	2.149957e-05
	66	61	-10.500000	58.250000	9.815341e+04	2.410563e-04
	130	71	5.500000	55.750000	9.550165e+04	3.553374e-04
	270	157	40.500000	34.250000	1.007946e+05	7.958260e-05
	257	162	37.250000	33.000000	1.007946e+05	-4.758941e-07
2022	2	18	9	18
	288	15	45.000000	69.750000	9.740255e+04	4.318471e-05
	239	27	32.750000	66.750000	9.651910e+04	1.761532e-04
	133	29	6.250000	66.250000	9.758170e+04	7.453022e-05
	0	54	-27.000000	60.000000	9.833145e+04	1.176317e-04
	141	70	8.250000	56.000000	9.558705e+04	3.840305e-04
	241	140	33.250000	38.500000	1.008662e+05	2.643163e-05
	230	149	30.500000	36.250000	1.008494e+05	5.335562e-05
	269	153	40.250000	35.250000	1.009466e+05	1.203982e-04
	257	162	37.250000	33.000000	1.009326e+05	2.281132e-06
2022	2	18	8	21
	137	27	7.250000	66.750000	9.759443e+04	8.300739e-05
	237	27	32.250000	66.750000	9.657462e+04	1.652846e-04
	1	51	-26.750000	60.750000	9.812038e+04	1.178134e-04
	155	70	11.750000	56.000000	9.591734e+04	3.542305e-04
	138	117	7.500000	44.250000	1.012901e+05	1.024942e-04
	224	149	29.000000	36.250000	1.007127e+05	2.339416e-04
	225	149	29.250000	36.250000	1.007127e+05	2.204007e-04
	260	162	38.000000	33.000000	1.009478e+05	-1.806714e-05
2022	2	19	7	0
	249	16	35.250000	69.500000	9.669604e+04	1.928440e-04
	239	27	32.750000	66.750000	9.669604e+04	1.636938e-04
	140	29	8.000000	66.250000	9.766678e+04	7.495850e-05
	1	48	-26.750000	61.500000	9.791749e+04	1.652280e-04
	171	69	15.750000	56.250000	9.615704e+04	3.037439e-04
	138	117	7.500000	44.250000	1.012234e+05	1.231771e-04
	225	152	29.250000	35.500000	1.006605e+05	2.052319e-04
2022	2	19	8	3
	247	16	34.750000	69.500000	9.662196e+04	2.103728e-04
	250	27	35.500000	66.750000	9.662196e+04	1.013275e-04
	139	31	7.750000	65.750000	9.772985e+04	7.180349e-05
	0	47	-27.000000	61.750000	9.793652e+04	1.416170e-04
	25	51	-20.750000	60.750000	9.802082e+04	1.697001e-04
	182	68	18.500000	56.500000	9.636418e+04	1.873853e-04
	138	118	7.500000	44.000000	1.012039e+05	1.359292e-04
	225	157	29.250000	34.250000	1.007619e+05	2.073859e-04
2022	2	19	9	6
	247	16	34.750000	69.500000	9.663706e+04	2.747180e-04
	257	25	37.250000	67.250000	9.663706e+04	1.002936e-04
	139	30	7.750000	66.000000	9.782375e+04	6.115156e-05
	143	30	8.750000	66.000000	9.782375e+04	7.324062e-05
	25	49	-20.750000	61.250000	9.816584e+04	1.550267e-04
	193	69	21.250000	56.250000	9.670170e+04	1.861976e-04
	147	111	9.750000	45.750000	1.013049e+05	6.182219e-05
	138	118	7.500000	44.000000	1.013049e+05	1.459629e-04
	226	162	29.500000	33.000000	1.010650e+05	6.200936e-05
2022	2	19	7	9
	248	17	35.000000	69.250000	9.678317e+04	2.463039e-04
	146	31	9.500000	65.750000	9.801312e+04	1.189365e-04
	50	54	-14.500000	60.000000	9.893431e+04	1.730882e-04
	207	70	24.750000	56.000000	9.712809e+04	2.472774e-04
	143	119	8.750000	43.750000	1.015073e+05	1.061221e-04
	265	162	39.250000	33.000000	1.010760e+05	1.399612e-04
	284	162	44.000000	33.000000	1.010038e+05	1.976229e-08
2022	2	19	9	12
	250	17	35.500000	69.250000	9.696373e+04	1.791331e-04
	163	26	13.750000	67.000000	9.816694e+04	5.686788e-05
	164	26	14.000000	67.000000	9.816694e+04	6.264315e-05
	148	32	10.000000	65.500000	9.816694e+04	1.403201e-04
	79	62	-7.250000	58.000000	9.918172e+04	1.981738e-04
	220	69	28.000000	56.250000	9.741623e+04	1.927218e-04
	145	119	9.250000	43.750000	1.015521e+05	1.021180e-04
	270	155	40.500000	34.750000	1.008607e+05	-3.206186e-05
	265	162	39.250000	33.000000	1.008607e+05	7.891034e-05
2022	2	19	9	15
	260	19	38.000000	68.750000	9.721035e+04	1.467320e-04
	123	31	3.750000	65.750000	9.833051e+04	1.283407e-04
	150	33	10.500000	65.250000	9.833051e+04	1.710774e-04
	0	46	-27.000000	62.000000	9.745555e+04	-2.083066e-05
	0	57	-27.000000	59.250000	9.745555e+04	1.136081e-04
	85	62	-5.750000	58.000000	9.944485e+04	1.709925e-04
	230	68	30.500000	56.500000	9.772482e+04	1.687396e-04
	146	119	9.500000	43.750000	1.015211e+05	9.613278e-05
	148	127	10.000000	41.750000	1.015211e+05	3.242324e-05
2022	2	19	7	18
	259	8	37.750000	71.500000	9.734027e+04	1.873871e-05
	283	13	43.750000	70.250000	9.734027e+04	1.070161e-04
	67	16	-10.250000	69.500000	9.898590e+04	2.377086e-04
	148	33	10.000000	65.250000	9.851202e+04	1.418868e-04
	0	51	-27.000000	60.750000	9.641577e+04	1.066650e-04
	240	66	33.000000	57.000000	9.795177e+04	1.305719e-04
	150	126	10.500000	42.000000	1.016067e+05	8.906881e-05
2022	2	19	7	21
	258	3	37.500000	72.750000	9.747301e+04	1.321422e-04
	65	17	-10.750000	69.250000	9.890930e+04	2.316387e-04
	152	34	11.000000	65.000000	9.874668e+04	1.427267e-04
	0	48	-27.000000	61.500000	9.542851e+04	9.356574e-05
	250	51	35.500000	60.750000	9.815404e+04	6.277012e-05
	249	64	35.250000	57.500000	9.813296e+04	1.142127e-04
	152	126	11.000000	42.000000	1.016968e+05	9.586605e-05
2022	2	20	7	0
	254	1	36.500000	73.250000	9.757760e+04	1.470348e-04
	60	18	-12.000000	69.000000	9.880109e+04	1.867025e-04
	165	37	14.250000	64.250000	9.897961e+04	5.997322e-05
	0	52	-27.000000	60.500000	9.481952e+04	1.510715e-04
	153	126	11.250000	42.000000	1.016808e+05	9.340805e-05
	276	150	42.000000	36.000000	1.012160e+05	3.493619e-05
	267	154	39.750000	35.000000	1.013698e+05	-4.136739e-05
