2022	2	10	9	0
	8	6	-25.000000	72.000000	1.002001e+05	-6.318478e-06
	170	11	15.500000	70.750000	9.665235e+04	7.243352e-05
	9	14	-24.750000	70.000000	1.002001e+05	6.420950e-05
	149	22	10.250000	68.000000	9.655035e+04	3.923966e-04
	58	56	-12.500000	59.500000	9.853339e+04	5.079383e-04
	152	106	11.000000	47.000000	1.022484e+05	-4.179778e-05
	139	110	7.750000	46.000000	1.022484e+05	-7.937194e-05
	39	150	-17.250000	36.000000	1.020315e+05	7.751419e-05
	247	152	34.750000	35.500000	1.007984e+05	1.183703e-04
2022	2	10	7	6
	8	6	-25.000000	72.000000	1.002730e+05	-5.237533e-06
	179	6	17.750000	72.000000	9.725572e+04	1.431409e-04
	4	17	-26.000000	69.250000	1.002730e+05	3.542156e-05
	166	22	14.500000	68.000000	9.693742e+04	4.018505e-04
	76	59	-8.000000	58.750000	9.905509e+04	4.965347e-04
	158	106	12.500000	47.000000	1.021462e+05	-4.023784e-05
	250	152	35.500000	35.500000	1.010141e+05	1.030727e-04
2022	2	10	10	12
	178	4	17.500000	72.500000	9.737100e+04	1.426335e-04
	192	16	21.000000	69.500000	9.738096e+04	-1.946362e-05
	21	20	-21.750000	68.500000	1.002001e+05	7.137997e-05
	190	28	20.500000	66.500000	9.772251e+04	1.440187e-04
	92	63	-4.000000	57.750000	9.997108e+04	3.799741e-04
	137	117	7.250000	44.250000	1.022335e+05	1.165434e-04
	283	139	43.750000	38.750000	1.009418e+05	1.663771e-05
	272	147	41.000000	36.750000	1.009418e+05	6.714025e-05
	269	156	40.250000	34.500000	1.009916e+05	4.394584e-05
	0	162	-27.000000	33.000000	1.025712e+05	2.842731e-05
2022	2	10	6	18
	8	6	-25.000000	72.000000	9.998280e+04	-3.936340e-05
	186	7	19.500000	71.750000	9.757968e+04	2.353449e-04
	9	14	-24.750000	70.000000	9.982532e+04	1.065049e-05
	43	16	-16.250000	69.500000	9.982532e+04	1.412516e-04
	109	67	0.250000	56.750000	1.004541e+05	2.885764e-04
	87	156	-5.250000	34.500000	1.021016e+05	2.516470e-05
2022	2	11	4	0
	205	7	24.250000	71.750000	9.779949e+04	1.535496e-04
	56	12	-13.000000	70.500000	9.944430e+04	1.676532e-04
	0	69	-27.000000	56.250000	9.951523e+04	1.486782e-04
	121	73	3.250000	55.250000	1.009246e+05	2.932013e-04
2022	2	11	3	6
	214	6	26.500000	72.000000	9.801091e+04	1.840823e-04
	62	11	-11.500000	70.750000	9.922077e+04	2.648246e-04
	188	123	20.000000	42.750000	1.021110e+05	-5.580528e-06
2022	2	11	7	12
	225	6	29.250000	72.000000	9.829950e+04	1.594920e-04
	74	15	-8.500000	69.750000	9.934700e+04	2.463208e-04
	8	57	-25.000000	59.250000	9.878447e+04	2.152081e-04
	29	59	-19.750000	58.750000	9.878447e+04	1.362663e-04
	4	68	-26.000000	56.500000	9.878447e+04	1.302597e-04
	137	117	7.250000	44.250000	1.020131e+05	8.592989e-05
	94	145	-3.500000	37.250000	1.023031e+05	3.221108e-05
2022	2	11	7	18
	233	6	31.250000	72.000000	9.837219e+04	1.992436e-04
	137	16	7.250000	69.500000	9.925966e+04	9.593069e-05
	98	18	-2.500000	69.000000	9.927392e+04	2.031215e-04
	34	54	-18.500000	60.000000	9.868247e+04	1.895496e-04
	4	59	-26.000000	58.750000	9.873738e+04	2.140613e-04
	27	64	-20.250000	57.500000	9.868247e+04	8.261856e-05
	136	122	7.000000	43.000000	1.020184e+05	5.934849e-05
2022	2	12	5	0
	239	7	32.750000	71.750000	9.838391e+04	3.384810e-04
	151	16	10.750000	69.500000	9.878545e+04	2.108687e-04
	33	53	-18.750000	60.250000	9.842358e+04	2.920550e-04
	46	59	-15.500000	58.750000	9.842358e+04	9.213394e-05
	135	125	6.750000	42.250000	1.021618e+05	9.695486e-05
2022	2	12	4	6
	248	7	35.000000	71.750000	9.825905e+04	3.175447e-04
	158	17	12.500000	69.250000	9.863030e+04	3.380811e-04
	61	53	-11.750000	60.250000	9.846441e+04	8.612793e-05
	34	57	-18.500000	59.250000	9.843002e+04	1.802663e-04
2022	2	12	3	12
	256	5	37.000000	72.250000	9.836516e+04	2.632707e-04
	167	21	14.750000	68.250000	9.905137e+04	2.561108e-04
	80	47	-7.000000	61.750000	9.854648e+04	1.719091e-04
2022	2	12	2	18
	261	2	38.250000	73.000000	9.843217e+04	2.280378e-04
	95	47	-3.250000	61.750000	9.847946e+04	1.530963e-04
2022	2	13	2	0
	267	0	39.750000	73.500000	9.868208e+04	9.135709e-05
	108	47	0.000000	61.750000	9.844566e+04	1.691801e-04
2022	2	13	4	6
	157	2	12.250000	73.000000	9.864965e+04	1.933423e-04
	137	38	7.250000	64.000000	9.821138e+04	1.584450e-04
	120	46	3.000000	62.000000	9.821138e+04	1.435754e-04
	68	104	-10.000000	47.500000	9.984662e+04	1.813437e-04
2022	2	13	6	12
	196	0	22.000000	73.500000	9.866880e+04	4.542348e-05
	164	4	14.000000	72.500000	9.866880e+04	2.722432e-04
	148	39	10.000000	63.750000	9.831005e+04	1.030173e-04
	166	43	14.500000	62.750000	9.831005e+04	4.433392e-05
	72	71	-9.000000	55.750000	9.925184e+04	1.604625e-04
	87	100	-5.250000	48.500000	9.944333e+04	1.916648e-04
2022	2	13	3	18
	166	9	14.500000	71.250000	9.877509e+04	3.273500e-04
	203	34	23.750000	65.000000	9.839485e+04	8.537073e-05
	106	92	-0.500000	50.500000	9.898064e+04	2.881393e-04
2022	2	14	4	0
	169	14	15.250000	70.000000	9.887805e+04	3.339442e-04
	1	17	-26.750000	69.250000	9.992985e+04	4.506275e-05
	210	33	25.500000	65.250000	9.841850e+04	9.165911e-05
	115	88	1.750000	51.500000	9.868403e+04	3.178295e-04
2022	2	14	5	6
	3	15	-26.250000	69.750000	1.001041e+05	1.350612e-05
	167	17	14.750000	69.250000	9.913930e+04	1.978792e-04
	228	32	30.000000	65.500000	9.852166e+04	2.950699e-05
	0	56	-27.000000	59.500000	9.874030e+04	1.005151e-04
	128	86	5.000000	52.000000	9.873542e+04	3.528494e-04
2022	2	14	6	12
	249	15	35.250000	69.750000	9.866547e+04	1.103955e-04
	253	26	36.250000	67.000000	9.866547e+04	7.489831e-05
	254	26	36.500000	67.000000	9.866547e+04	8.327157e-05
	0	46	-27.000000	62.000000	9.752770e+04	1.743422e-04
	146	75	9.500000	54.750000	9.892222e+04	2.133010e-04
	137	120	7.250000	43.500000	1.009611e+05	1.657487e-04
2022	2	14	6	18
	248	15	35.000000	69.750000	9.869361e+04	1.757335e-04
	249	15	35.250000	69.750000	9.869361e+04	1.703422e-04
	288	25	45.000000	67.250000	9.928604e+04	-5.340368e-06
	0	38	-27.000000	64.000000	9.720452e+04	1.174546e-04
	158	70	12.500000	56.000000	9.894137e+04	2.204431e-04
	137	120	7.250000	43.500000	1.007896e+05	8.705822e-05
2022	2	15	4	0
	265	17	39.250000	69.250000	9.865980e+04	8.085506e-05
	177	67	17.250000	56.750000	9.913246e+04	1.989534e-04
	145	117	9.250000	44.250000	1.008609e+05	7.705417e-05
	280	121	43.000000	43.250000	1.019281e+05	-3.085715e-05
2022	2	15	8	6
	6	7	-25.500000	71.750000	9.916372e+04	2.129789e-05
	267	18	39.750000	69.000000	9.856777e+04	9.385815e-05
	248	23	35.000000	67.750000	9.856777e+04	1.899486e-04
	0	43	-27.000000	62.750000	9.672992e+04	1.189474e-04
	187	66	19.750000	57.000000	9.937748e+04	2.010119e-04
	161	115	13.250000	44.750000	1.007704e+05	9.264890e-05
	280	121	43.000000	43.250000	1.020635e+05	-5.122067e-05
	166	126	14.500000	42.000000	1.007704e+05	1.244038e-04
2022	2	15	7	12
	6	7	-25.500000	71.750000	9.841771e+04	1.724701e-05
	270	20	40.500000	68.500000	9.869517e+04	6.685420e-05
	0	37	-27.000000	64.250000	9.645598e+04	1.435503e-04
	0	63	-27.000000	57.750000	9.563240e+04	1.321067e-04
	194	65	21.500000	57.250000	9.964555e+04	2.483602e-04
	168	118	15.000000	44.000000	1.007585e+05	1.457261e-04
	278	120	42.500000	43.500000	1.017441e+05	-3.125942e-05
2022	2	15	8	18
	272	20	41.000000	68.500000	9.888959e+04	1.200799e-04
	273	20	41.250000	68.500000	9.888959e+04	1.132375e-04
	8	55	-25.000000	59.750000	9.431468e+04	4.037009e-04
	219	61	27.750000	58.250000	1.000152e+05	1.249737e-04
	205	65	24.250000	57.250000	1.000152e+05	1.865514e-04
	177	115	17.250000	44.750000	1.011804e+05	1.734891e-04
	278	120	42.500000	43.500000	1.019424e+05	-4.723758e-05
	168	125	15.000000	42.250000	1.011804e+05	-5.067485e-05
2022	2	16	4	0
	24	47	-21.000000	61.750000	9.401612e+04	2.622328e-04
	213	65	26.250000	57.250000	1.002991e+05	1.765465e-04
	188	116	20.000000	44.500000	1.014119e+05	6.071124e-05
	281	121	43.250000	43.250000	1.020741e+05	-1.861185e-05
2022	2	16	4	6
	36	44	-18.000000	62.500000	9.376719e+04	3.089286e-04
	219	65	27.750000	57.250000	1.004178e+05	2.075846e-04
	286	124	44.500000	42.500000	1.020852e+05	-9.250084e-06
	161	134	13.250000	40.000000	1.016411e+05	1.400157e-04
2022	2	16	3	12
	27	33	-20.250000	65.250000	9.377384e+04	6.558767e-05
	47	39	-15.250000	63.750000	9.377384e+04	3.238682e-04
	248	60	35.000000	58.500000	1.004748e+05	9.452008e-05
2022	2	16	7	18
	288	24	45.000000	67.500000	1.000205e+05	-5.469261e-06
	33	29	-18.750000	66.250000	9.422421e+04	1.069919e-04
	34	29	-18.500000	66.250000	9.422421e+04	1.048175e-04
	55	33	-13.250000	65.250000	9.422421e+04	3.559709e-04
	0	35	-27.000000	64.750000	9.476408e+04	1.255410e-04
	145	59	9.250000	58.750000	9.826413e+04	2.116400e-04
	262	60	38.500000	58.500000	1.003986e+05	1.133376e-04
2022	2	17	11	0
	288	17	45.000000	69.250000	1.001194e+05	-1.166473e-04
	43	27	-16.250000	66.750000	9.472246e+04	3.196812e-04
	44	27	-16.000000	66.750000	9.472246e+04	3.197685e-04
	2	35	-26.500000	64.750000	9.458041e+04	1.920780e-04
	3	35	-26.250000	64.750000	9.458041e+04	2.090657e-04
	159	56	12.750000	59.500000	9.807637e+04	2.842201e-04
	143	58	8.750000	59.000000	9.807637e+04	1.600674e-05
	272	59	41.000000	58.750000	1.002296e+05	1.348380e-04
	0	114	-27.000000	45.000000	1.005827e+05	5.302421e-05
	137	117	7.250000	44.250000	1.019418e+05	9.739702e-05
	203	144	23.750000	37.500000	1.015858e+05	6.867541e-05
2022	2	17	5	6
	5	34	-25.750000	65.000000	9.477229e+04	2.726573e-04
	173	52	16.250000	60.500000	9.806249e+04	2.798509e-04
	279	59	42.750000	58.750000	1.002040e+05	1.152859e-04
	21	102	-21.750000	48.000000	1.000047e+05	2.152611e-04
	137	117	7.250000	44.250000	1.016765e+05	1.077489e-04
2022	2	17	4	12
	182	49	18.500000	61.250000	9.817328e+04	2.598419e-04
	49	87	-14.750000	51.750000	9.957092e+04	2.347169e-04
	150	110	10.500000	46.000000	1.016493e+05	7.430909e-05
	227	144	29.750000	37.500000	1.012906e+05	-1.260467e-05
2022	2	17	4	18
	57	30	-12.750000	66.000000	9.697201e+04	1.497622e-04
	190	50	20.500000	61.000000	9.862346e+04	2.290976e-04
	74	76	-8.500000	54.500000	9.907306e+04	2.431341e-04
	218	150	27.500000	36.000000	1.012591e+05	9.685234e-05
2022	2	18	3	0
	56	29	-13.000000	66.250000	9.706716e+04	1.886298e-04
	204	52	24.000000	60.500000	9.909534e+04	1.816519e-04
	105	65	-0.750000	57.250000	9.823580e+04	2.918038e-04
2022	2	18	5	6
	55	30	-13.250000	66.000000	9.709334e+04	1.460102e-04
	56	30	-13.000000	66.000000	9.709334e+04	1.417733e-04
	58	41	-12.500000	63.250000	9.709334e+04	2.238731e-04
	221	53	28.250000	60.250000	9.917525e+04	1.551895e-04
	127	60	4.750000	58.500000	9.712305e+04	4.251901e-04
2022	2	18	3	12
	76	39	-8.000000	63.750000	9.724614e+04	2.689442e-04
	0	43	-27.000000	62.750000	9.766252e+04	1.132550e-04
	159	58	12.750000	59.000000	9.704216e+04	4.489665e-04
2022	2	18	5	18
	113	13	1.250000	70.250000	9.743743e+04	1.172430e-04
	95	37	-3.250000	64.250000	9.745599e+04	2.269214e-04
	0	42	-27.000000	63.000000	9.805507e+04	1.236774e-04
	187	57	19.750000	59.250000	9.689795e+04	3.050144e-04
	227	160	29.750000	33.500000	1.007382e+05	6.059675e-05
2022	2	19	4	0
	113	12	1.250000	70.500000	9.764416e+04	1.391031e-04
	118	36	2.500000	64.500000	9.764103e+04	2.189501e-04
	206	60	24.500000	58.500000	9.707518e+04	2.829167e-04
	227	162	29.750000	33.000000	1.007990e+05	1.351693e-05
2022	2	19	3	6
	239	58	32.750000	59.000000	9.727174e+04	1.650073e-04
	158	107	12.500000	46.750000	1.013488e+05	1.986642e-05
	138	117	7.500000	44.250000	1.015868e+05	9.504979e-05
2022	2	19	4	12
	0	34	-27.000000	65.000000	9.667638e+04	1.488227e-04
	259	57	37.750000	59.250000	9.756229e+04	7.265370e-05
	288	57	45.000000	59.250000	9.816702e+04	1.539030e-04
	90	159	-4.500000	33.750000	1.023822e+05	7.049579e-05
2022	2	19	4	18
	0	31	-27.000000	65.750000	9.663398e+04	1.357542e-04
	0	44	-27.000000	62.500000	9.659881e+04	1.269184e-04
	279	52	42.750000	60.500000	9.788195e+04	1.140356e-04
	84	162	-6.000000	33.000000	1.020839e+05	4.218000e-05
2022	2	20	4	0
	50	28	-14.500000	66.500000	9.715802e+04	2.700697e-04
	1	42	-26.750000	63.000000	9.610252e+04	3.337087e-04
	288	51	45.000000	60.750000	9.814748e+04	7.475507e-05
	278	119	42.500000	43.750000	1.009701e+05	-1.332958e-05
