2022	2	10	7	0
	165	5	14.250000	72.250000	9.687087e+04	7.854821e-05
	148	22	10.000000	68.000000	9.644689e+04	5.030615e-04
	59	56	-12.250000	59.500000	9.853523e+04	5.214658e-04
	152	106	11.000000	47.000000	1.022389e+05	-3.659342e-05
	139	110	7.750000	46.000000	1.022389e+05	-6.834712e-05
	39	149	-17.250000	36.250000	1.020170e+05	8.246359e-05
	248	157	35.000000	34.250000	1.007423e+05	1.497930e-04
2022	2	10	8	6
	177	4	17.250000	72.500000	9.717018e+04	1.459901e-04
	8	6	-25.000000	72.000000	1.003427e+05	-2.194700e-05
	10	14	-24.500000	70.000000	1.003427e+05	5.561346e-05
	165	14	14.250000	70.000000	9.668779e+04	9.348022e-05
	166	22	14.500000	68.000000	9.668779e+04	3.746323e-04
	78	59	-7.500000	58.750000	9.897234e+04	5.484427e-04
	158	106	12.500000	47.000000	1.021974e+05	-4.142572e-05
	250	152	35.500000	35.500000	1.010358e+05	1.017408e-04
2022	2	10	10	12
	176	3	17.000000	72.750000	9.727034e+04	2.379399e-04
	195	13	21.750000	70.250000	9.727034e+04	-9.481279e-06
	1	18	-26.750000	69.000000	1.003197e+05	8.900650e-06
	191	26	20.750000	67.000000	9.758534e+04	1.596958e-04
	94	63	-3.500000	57.750000	9.986734e+04	3.418359e-04
	137	117	7.250000	44.250000	1.022612e+05	1.217061e-04
	284	139	44.000000	38.750000	1.009319e+05	2.709754e-05
	271	152	40.750000	35.500000	1.010266e+05	6.843711e-05
	281	153	43.250000	35.250000	1.010266e+05	9.709909e-05
	41	161	-16.750000	33.250000	1.022705e+05	-4.465720e-05
2022	2	10	8	18
	187	3	19.750000	72.750000	9.749929e+04	2.355519e-04
	9	6	-24.750000	72.000000	1.001951e+05	-3.541078e-05
	210	7	25.500000	71.750000	9.749929e+04	-8.517304e-06
	9	14	-24.750000	70.000000	9.991830e+04	-1.133857e-05
	39	17	-17.250000	69.250000	9.991830e+04	1.571079e-04
	111	68	0.750000	56.500000	1.003203e+05	3.514295e-04
	137	117	7.250000	44.250000	1.023014e+05	9.723780e-05
	89	157	-4.750000	34.250000	1.021583e+05	-5.600878e-06
2022	2	11	7	0
	198	5	22.500000	72.250000	9.773608e+04	2.069995e-04
	52	14	-14.000000	70.000000	9.958723e+04	1.961546e-04
	0	70	-27.000000	56.000000	9.939494e+04	1.345246e-04
	125	73	4.250000	55.250000	1.008237e+05	3.441423e-04
	137	117	7.250000	44.250000	1.022663e+05	1.018865e-04
	84	153	-6.000000	35.250000	1.023577e+05	9.447773e-05
	51	154	-14.250000	35.000000	1.023593e+05	5.836641e-05
2022	2	11	4	6
	210	5	25.500000	72.250000	9.794326e+04	1.994421e-04
	62	13	-11.500000	70.250000	9.955234e+04	1.284188e-04
	0	59	-27.000000	58.750000	9.899566e+04	1.096830e-04
	139	79	7.750000	53.750000	1.013216e+05	2.625904e-04
2022	2	11	4	12
	223	5	28.750000	72.250000	9.817867e+04	1.538761e-04
	110	18	0.500000	69.000000	9.970209e+04	8.744477e-05
	12	55	-24.000000	59.750000	9.884669e+04	1.237142e-04
	134	119	6.500000	43.750000	1.021162e+05	8.584275e-05
2022	2	11	5	18
	236	6	32.000000	72.000000	9.826845e+04	1.330401e-04
	137	22	7.250000	68.000000	9.936867e+04	1.667163e-04
	25	52	-20.750000	60.500000	9.890392e+04	1.101628e-04
	8	54	-25.000000	60.000000	9.890392e+04	1.242545e-04
	21	62	-21.750000	58.000000	9.890392e+04	9.503085e-05
2022	2	12	5	0
	244	5	34.000000	72.250000	9.834195e+04	1.184158e-04
	152	24	11.000000	67.500000	9.925832e+04	1.488729e-04
	25	52	-20.750000	60.500000	9.881180e+04	9.434509e-05
	42	59	-16.500000	58.750000	9.881180e+04	1.291972e-04
	235	94	31.750000	50.000000	1.013353e+05	1.406213e-04
2022	2	12	4	6
	252	5	36.000000	72.250000	9.836704e+04	1.295121e-04
	157	27	12.250000	66.750000	9.965995e+04	2.138334e-04
	59	54	-12.250000	60.000000	9.859501e+04	6.831633e-05
	251	97	35.750000	49.250000	1.011710e+05	2.034320e-04
2022	2	12	4	12
	258	3	37.500000	72.750000	9.853463e+04	1.769563e-04
	80	49	-7.000000	61.250000	9.857384e+04	1.352349e-04
	81	49	-6.750000	61.250000	9.857384e+04	1.362450e-04
	271	98	40.750000	49.000000	1.009715e+05	1.676010e-04
2022	2	12	3	18
	262	0	38.500000	73.500000	9.859971e+04	1.288828e-04
	95	46	-3.250000	62.000000	9.847446e+04	1.117742e-04
	288	100	45.000000	48.500000	1.008172e+05	1.493940e-04
2022	2	13	3	0
	266	0	39.500000	73.500000	9.882866e+04	2.127975e-05
	113	44	1.250000	62.500000	9.843859e+04	2.112981e-04
	53	91	-13.750000	50.750000	9.923734e+04	2.421423e-04
2022	2	13	4	6
	185	0	19.250000	73.500000	9.886335e+04	1.203912e-04
	128	44	5.000000	62.500000	9.852052e+04	1.925569e-04
	68	89	-10.000000	51.250000	9.855287e+04	3.049470e-04
	285	129	44.250000	41.250000	1.023867e+05	-3.098468e-05
2022	2	13	4	12
	188	2	20.000000	73.000000	9.904819e+04	1.278064e-04
	159	47	12.750000	61.750000	9.874555e+04	1.007912e-04
	83	85	-6.250000	52.250000	9.836509e+04	2.923193e-04
	206	128	24.500000	41.500000	1.023022e+05	-4.153970e-05
2022	2	13	4	18
	184	4	19.000000	72.500000	9.918442e+04	1.258301e-04
	6	14	-25.500000	70.000000	9.985852e+04	6.011028e-05
	203	40	23.750000	63.500000	9.880964e+04	8.708108e-05
	91	81	-4.250000	53.250000	9.820396e+04	2.606928e-04
2022	2	14	4	0
	188	8	20.000000	71.500000	9.933927e+04	1.487596e-04
	1	17	-26.750000	69.250000	9.996730e+04	5.188100e-05
	223	37	28.750000	64.250000	9.891451e+04	4.713238e-05
	101	82	-1.750000	53.000000	9.848132e+04	2.419044e-04
2022	2	14	3	6
	190	11	20.500000	70.750000	9.950157e+04	1.276968e-04
	250	29	35.500000	66.250000	9.897195e+04	7.879012e-05
	118	73	2.500000	55.250000	9.859638e+04	1.563610e-04
2022	2	14	5	12
	245	16	34.250000	69.500000	9.899468e+04	1.165418e-04
	258	27	37.500000	66.750000	9.899272e+04	1.010238e-04
	0	47	-27.000000	61.750000	9.854326e+04	4.589043e-05
	0	59	-27.000000	58.750000	9.854326e+04	1.198775e-04
	133	65	6.250000	57.250000	9.871849e+04	1.979979e-04
2022	2	14	4	18
	273	26	41.250000	67.000000	9.905407e+04	1.235792e-04
	0	40	-27.000000	63.500000	9.783643e+04	1.776008e-04
	138	68	7.500000	56.500000	9.889609e+04	1.511305e-04
	135	121	6.750000	43.250000	1.008458e+05	9.561062e-05
2022	2	15	6	0
	280	23	43.000000	67.750000	9.923146e+04	1.107317e-04
	0	33	-27.000000	65.250000	9.791131e+04	2.102782e-04
	25	46	-20.750000	62.000000	9.808086e+04	2.729973e-04
	201	56	23.250000	59.500000	9.948628e+04	1.319836e-04
	153	67	11.250000	56.750000	9.913170e+04	7.314877e-05
	139	123	7.750000	42.750000	1.008243e+05	7.894306e-05
2022	2	15	6	6
	6	7	-25.500000	71.750000	9.947805e+04	4.868556e-05
	285	22	44.250000	68.000000	9.938416e+04	7.053035e-05
	0	29	-27.000000	66.250000	9.804519e+04	1.439356e-04
	153	66	11.250000	57.000000	9.927126e+04	1.850565e-04
	146	125	9.500000	42.250000	1.006665e+05	1.267069e-04
	146	126	9.500000	42.000000	1.006665e+05	1.296585e-04
2022	2	15	7	12
	288	19	45.000000	68.750000	9.961095e+04	2.084284e-05
	2	25	-26.500000	67.250000	9.821239e+04	1.185868e-04
	33	29	-18.750000	66.250000	9.823316e+04	2.324608e-04
	178	65	17.500000	57.250000	9.955920e+04	9.987114e-05
	157	67	12.250000	56.750000	9.955920e+04	1.810855e-04
	0	79	-27.000000	53.750000	9.931006e+04	4.037737e-05
	152	123	11.000000	42.750000	1.007557e+05	1.183231e-04
2022	2	15	3	18
	179	65	17.750000	57.250000	9.977873e+04	1.571640e-04
	165	124	14.250000	42.500000	1.008496e+05	1.143920e-04
	154	125	11.500000	42.250000	1.008496e+05	7.742284e-05
2022	2	16	4	0
	0	54	-27.000000	60.000000	9.450008e+04	1.531308e-04
	182	65	18.500000	57.250000	9.986145e+04	2.356456e-04
	174	125	16.500000	42.250000	1.009770e+05	8.973917e-05
	158	128	12.500000	41.500000	1.009836e+05	7.693272e-05
2022	2	16	5	6
	14	46	-23.500000	62.000000	9.436052e+04	3.270358e-04
	273	53	41.250000	60.250000	1.003297e+05	1.259638e-04
	187	67	19.750000	56.750000	1.001182e+05	1.748064e-04
	172	124	16.000000	42.500000	1.009189e+05	8.858393e-05
	163	130	13.750000	41.000000	1.009189e+05	9.919413e-05
2022	2	16	3	12
	36	41	-18.000000	63.250000	9.451106e+04	7.961998e-05
	239	61	32.750000	58.250000	1.002668e+05	7.894391e-05
	172	125	16.000000	42.250000	1.009387e+05	6.641010e-05
2022	2	16	4	18
	0	33	-27.000000	65.250000	9.664291e+04	6.809294e-05
	60	34	-12.000000	65.000000	9.461573e+04	1.767976e-04
	259	60	37.750000	58.500000	1.000863e+05	1.373341e-04
	181	137	18.250000	39.250000	1.011379e+05	5.045083e-05
2022	2	17	5	0
	56	29	-13.000000	66.250000	9.500462e+04	2.188973e-04
	0	31	-27.000000	65.750000	9.654333e+04	1.061472e-04
	278	58	42.500000	59.000000	1.000222e+05	1.220868e-04
	145	63	9.250000	57.750000	9.949295e+04	1.528534e-04
	281	121	43.250000	43.250000	1.016219e+05	-1.034378e-05
2022	2	17	4	6
	288	12	45.000000	70.500000	1.007314e+05	-5.175702e-05
	54	27	-13.500000	66.750000	9.530864e+04	2.889198e-04
	167	66	14.750000	57.000000	9.973561e+04	2.007539e-04
	137	116	7.250000	44.500000	1.023806e+05	4.682535e-05
2022	2	17	3	12
	60	25	-12.000000	67.250000	9.571498e+04	3.530020e-04
	0	34	-27.000000	65.000000	9.658136e+04	2.002221e-04
	187	70	19.750000	56.000000	9.994359e+04	1.592373e-04
2022	2	17	7	18
	57	22	-12.750000	68.000000	9.598626e+04	4.148841e-04
	28	27	-20.000000	66.750000	9.599096e+04	3.873130e-04
	29	27	-19.750000	66.750000	9.598626e+04	3.617470e-04
	0	41	-27.000000	63.250000	9.725682e+04	-4.645557e-06
	96	50	-3.000000	61.000000	9.876672e+04	3.778543e-04
	288	66	45.000000	57.000000	1.009350e+05	2.623160e-05
	209	77	25.250000	54.250000	1.001668e+05	1.288779e-04
2022	2	18	5	0
	44	23	-16.000000	67.750000	9.637182e+04	4.078691e-04
	121	41	3.250000	63.250000	9.826570e+04	4.872855e-04
	225	84	29.250000	52.500000	1.001100e+05	1.137492e-04
	0	110	-27.000000	46.000000	1.008856e+05	-2.651639e-05
	115	124	1.750000	42.500000	1.027562e+05	-3.779447e-05
2022	2	18	4	6
	32	28	-19.000000	66.500000	9.691419e+04	3.174772e-04
	145	36	9.250000	64.500000	9.824395e+04	3.684919e-04
	40	43	-17.000000	62.750000	9.724310e+04	1.535255e-04
	238	91	32.500000	50.750000	1.000404e+05	1.242801e-04
2022	2	18	5	12
	168	17	15.000000	69.250000	9.885962e+04	1.085047e-04
	154	34	11.500000	65.000000	9.848132e+04	3.256394e-04
	44	37	-16.000000	64.250000	9.763238e+04	5.934116e-05
	67	39	-10.250000	63.750000	9.763238e+04	2.258288e-04
	257	100	37.250000	48.500000	1.000516e+05	1.101203e-04
2022	2	18	6	18
	175	16	16.750000	69.500000	9.895744e+04	1.227246e-04
	83	37	-6.250000	64.250000	9.811909e+04	2.115723e-04
	262	97	38.500000	49.250000	1.000569e+05	1.474053e-04
	14	106	-23.500000	47.000000	1.009015e+05	7.805082e-05
	4	118	-26.000000	44.000000	1.008611e+05	1.930598e-04
	288	122	45.000000	43.000000	1.004658e+05	7.054039e-05
2022	2	19	5	0
	108	38	0.000000	64.000000	9.879866e+04	1.010015e-04
	202	57	23.500000	59.250000	9.941473e+04	8.846256e-06
	264	93	39.000000	50.250000	9.995927e+04	1.994328e-04
	17	105	-22.750000	47.250000	1.010416e+05	1.291214e-04
	8	118	-25.000000	44.000000	1.009774e+05	1.757814e-04
2022	2	19	7	6
	202	9	23.500000	71.250000	9.944727e+04	9.197372e-05
	132	39	6.000000	63.750000	9.913326e+04	1.538397e-04
	190	40	20.500000	63.500000	9.946295e+04	9.844560e-05
	215	61	26.750000	58.250000	9.945178e+04	1.030041e-04
	271	83	40.750000	52.750000	9.979952e+04	1.407755e-04
	22	104	-21.500000	47.500000	1.009074e+05	1.439794e-04
	262	147	38.500000	36.750000	1.006761e+05	1.303784e-04
2022	2	19	8	12
	204	9	24.000000	71.250000	9.974287e+04	5.634038e-05
	140	37	8.000000	64.250000	9.959330e+04	1.204519e-04
	193	44	21.250000	62.500000	9.976109e+04	1.239195e-04
	276	73	42.000000	55.250000	9.954293e+04	6.738115e-05
	234	89	31.500000	51.250000	9.956684e+04	1.425875e-04
	284	139	44.000000	38.750000	1.002513e+05	2.624914e-05
	275	152	41.750000	35.500000	1.004254e+05	5.552213e-05
	268	159	40.000000	33.750000	1.004254e+05	3.194544e-05
2022	2	19	8	18
	186	10	19.500000	71.000000	9.993221e+04	1.430108e-04
	152	28	11.000000	66.500000	9.990340e+04	5.455929e-05
	145	37	9.250000	64.250000	9.990340e+04	6.957162e-05
	196	48	22.000000	61.500000	1.001137e+05	8.758083e-05
	279	65	42.750000	57.250000	9.941533e+04	1.044523e-04
	248	93	35.000000	50.250000	9.968641e+04	2.177334e-04
	28	100	-20.000000	48.500000	1.007776e+05	1.181294e-04
	281	156	43.250000	34.500000	1.006077e+05	9.607620e-05
2022	2	20	6	0
	193	10	21.250000	71.000000	1.000922e+05	1.475152e-04
	159	42	12.750000	63.000000	1.003019e+05	5.619928e-05
	281	59	43.250000	58.750000	9.935770e+04	7.032638e-05
	28	94	-20.000000	50.000000	1.004669e+05	1.223870e-04
	267	102	39.750000	48.000000	9.937749e+04	2.192892e-04
	285	152	44.250000	35.500000	1.005648e+05	7.447222e-05
