2022	2	10	7	0
	148	22	10.000000	68.000000	9.647610e+04	5.126891e-04
	59	55	-12.250000	59.750000	9.854238e+04	4.523165e-04
	152	106	11.000000	47.000000	1.022439e+05	-4.028385e-05
	139	110	7.750000	46.000000	1.022439e+05	-7.498822e-05
	282	140	43.500000	38.500000	1.008972e+05	6.869865e-06
	38	150	-17.500000	36.000000	1.020391e+05	8.029648e-05
	250	151	35.500000	35.750000	1.007517e+05	1.189208e-04
2022	2	10	7	6
	176	4	17.000000	72.500000	9.711621e+04	1.456213e-04
	177	4	17.250000	72.500000	9.711621e+04	1.395138e-04
	6	7	-25.500000	71.750000	1.003138e+05	-1.548025e-06
	167	22	14.750000	68.000000	9.669905e+04	3.633511e-04
	76	59	-8.000000	58.750000	9.906192e+04	4.837294e-04
	158	106	12.500000	47.000000	1.021212e+05	-4.970146e-05
	235	147	31.750000	36.750000	1.010389e+05	2.629552e-06
2022	2	10	8	12
	203	0	23.750000	73.500000	9.722523e+04	-2.169082e-05
	173	3	16.250000	72.750000	9.722523e+04	2.204296e-04
	7	6	-25.250000	72.000000	1.002671e+05	-7.531947e-06
	23	19	-21.250000	68.750000	1.001796e+05	1.135441e-04
	190	25	20.500000	67.250000	9.739972e+04	1.782109e-04
	94	63	-3.500000	57.750000	9.995760e+04	3.741151e-04
	137	117	7.250000	44.250000	1.022587e+05	1.233718e-04
	284	139	44.000000	38.750000	1.010125e+05	2.072088e-05
2022	2	10	7	18
	212	0	26.000000	73.500000	9.744056e+04	1.324420e-05
	181	5	18.250000	72.250000	9.744056e+04	2.488628e-04
	10	14	-24.500000	70.000000	9.965084e+04	-2.844446e-05
	42	14	-16.500000	70.000000	9.965084e+04	1.574767e-04
	110	68	0.500000	56.500000	1.004519e+05	3.202138e-04
	46	156	-15.500000	34.500000	1.021378e+05	3.587164e-05
	87	156	-5.250000	34.500000	1.021302e+05	2.483180e-06
2022	2	11	7	0
	217	0	27.250000	73.500000	9.769848e+04	1.889468e-05
	198	6	22.500000	72.000000	9.769848e+04	1.413621e-04
	47	11	-15.250000	70.750000	9.927646e+04	1.908595e-04
	214	13	26.500000	70.250000	9.769848e+04	-3.260773e-05
	0	71	-27.000000	55.750000	9.979757e+04	1.263399e-04
	123	74	3.750000	55.000000	1.009148e+05	3.125336e-04
	135	119	6.750000	43.750000	1.022366e+05	7.715676e-05
2022	2	11	3	6
	205	5	24.250000	72.250000	9.787609e+04	1.952276e-04
	51	13	-14.250000	70.250000	9.920455e+04	2.579614e-04
	135	80	6.750000	53.500000	1.014436e+05	2.342722e-04
2022	2	11	6	12
	216	6	27.000000	72.000000	9.807715e+04	2.149277e-04
	108	15	0.000000	69.750000	9.937279e+04	7.961710e-05
	77	17	-7.750000	69.250000	9.937279e+04	1.957195e-04
	4	57	-26.000000	59.250000	9.867407e+04	9.017881e-05
	0	68	-27.000000	56.500000	9.867407e+04	9.440815e-05
	134	119	6.500000	43.750000	1.021196e+05	8.907352e-05
2022	2	11	5	18
	226	7	29.500000	71.750000	9.807598e+04	2.836499e-04
	147	18	9.750000	69.000000	9.904199e+04	1.669549e-04
	12	55	-24.000000	59.750000	9.860509e+04	1.252294e-04
	17	63	-22.750000	57.750000	9.860509e+04	1.195270e-04
	283	79	43.750000	53.750000	1.002505e+05	1.322243e-04
2022	2	12	3	0
	235	8	31.750000	71.500000	9.801481e+04	3.542531e-04
	153	18	11.250000	69.000000	9.868286e+04	3.289465e-04
	33	59	-18.750000	58.750000	9.862639e+04	1.155462e-04
2022	2	12	4	6
	179	0	17.750000	73.500000	9.855097e+04	7.027790e-05
	245	8	34.250000	71.500000	9.787648e+04	3.862262e-04
	174	21	16.500000	68.250000	9.893863e+04	2.430837e-04
	50	58	-14.500000	59.000000	9.845484e+04	8.941734e-05
2022	2	12	3	12
	194	0	21.500000	73.500000	9.849939e+04	9.979114e-06
	250	6	35.500000	72.000000	9.793295e+04	3.458684e-04
	59	55	-12.250000	59.750000	9.844155e+04	1.606967e-04
2022	2	12	4	18
	207	0	24.750000	73.500000	9.834230e+04	1.979744e-05
	257	5	37.250000	72.250000	9.798414e+04	3.260809e-04
	71	53	-9.250000	60.250000	9.836965e+04	1.516831e-04
	12	101	-24.000000	48.250000	1.004181e+05	1.772630e-04
2022	2	13	6	0
	264	4	39.000000	72.500000	9.811818e+04	2.705536e-04
	9	6	-24.750000	72.000000	1.000291e+05	2.647552e-06
	9	14	-24.750000	70.000000	1.000291e+05	3.399677e-05
	94	46	-3.500000	62.000000	9.833623e+04	1.072450e-04
	80	52	-7.000000	60.500000	9.833623e+04	1.526344e-04
	31	98	-19.250000	49.000000	9.975478e+04	2.067694e-04
2022	2	13	4	6
	205	0	24.250000	73.500000	9.831670e+04	1.091941e-04
	272	2	41.000000	73.000000	9.821880e+04	2.319053e-04
	47	97	-15.250000	49.250000	9.883527e+04	3.366903e-04
	254	158	36.500000	34.000000	1.021479e+05	-3.769033e-05
2022	2	13	3	12
	211	0	25.750000	73.500000	9.829071e+04	1.994775e-04
	40	36	-17.000000	64.500000	1.002931e+05	1.643885e-05
	66	94	-10.500000	50.000000	9.834894e+04	3.014388e-04
2022	2	13	4	18
	217	0	27.250000	73.500000	9.825339e+04	1.750412e-04
	178	7	17.500000	71.750000	9.842651e+04	1.380660e-04
	115	49	1.750000	61.250000	9.845093e+04	1.634319e-04
	86	90	-5.500000	51.000000	9.786104e+04	2.396291e-04
2022	2	14	2	0
	214	0	26.500000	73.500000	9.836809e+04	1.616655e-04
	103	89	-1.250000	51.250000	9.766877e+04	2.693834e-04
2022	2	14	3	6
	210	1	25.500000	73.250000	9.831416e+04	2.861470e-04
	230	28	30.500000	66.500000	9.855234e+04	9.197734e-05
	120	83	3.000000	52.750000	9.762794e+04	2.604256e-04
2022	2	14	5	12
	211	5	25.750000	72.250000	9.837160e+04	3.033008e-04
	6	7	-25.500000	71.750000	1.001137e+05	-9.640560e-06
	257	9	37.250000	71.250000	9.835499e+04	1.566695e-04
	138	79	7.500000	53.750000	9.809395e+04	2.235011e-04
	278	120	42.500000	43.500000	1.018722e+05	1.262330e-05
2022	2	14	7	18
	262	4	38.500000	72.500000	9.818520e+04	2.740464e-04
	222	10	28.500000	71.000000	9.831103e+04	2.272649e-04
	0	40	-27.000000	63.500000	9.855077e+04	9.947510e-05
	20	44	-22.000000	62.500000	9.855077e+04	1.062266e-04
	155	68	11.750000	56.500000	9.826473e+04	9.180730e-05
	140	118	8.000000	44.000000	1.011227e+05	6.938475e-05
	279	120	42.750000	43.500000	1.020356e+05	-1.678574e-05
2022	2	15	6	0
	261	0	38.250000	73.500000	9.811173e+04	2.141988e-04
	28	38	-20.000000	64.000000	9.842807e+04	5.267789e-05
	126	54	4.500000	60.000000	9.915493e+04	2.278416e-04
	170	64	15.500000	57.500000	9.848532e+04	1.378026e-04
	137	120	7.250000	43.500000	1.011296e+05	1.038863e-04
	280	121	43.000000	43.250000	1.020176e+05	-2.886210e-05
2022	2	15	8	6
	265	0	39.250000	73.500000	9.835988e+04	3.428946e-05
	6	7	-25.500000	71.750000	9.918482e+04	3.249885e-05
	0	26	-27.000000	67.000000	9.829677e+04	1.038974e-04
	30	33	-19.500000	65.250000	9.838821e+04	9.982473e-05
	124	55	4.000000	59.750000	9.932551e+04	2.898068e-04
	184	60	19.000000	58.500000	9.863714e+04	1.484680e-04
	149	120	10.250000	43.500000	1.011495e+05	8.497984e-05
	281	121	43.250000	43.250000	1.020819e+05	-3.787811e-05
2022	2	15	7	12
	255	0	36.750000	73.500000	9.856914e+04	3.466135e-05
	6	7	-25.500000	71.750000	9.864808e+04	-3.221011e-05
	197	55	22.250000	59.750000	9.891010e+04	1.130784e-04
	128	57	5.000000	59.250000	9.982649e+04	2.213281e-04
	0	61	-27.000000	58.250000	9.560798e+04	1.813577e-04
	180	117	18.000000	44.250000	1.011499e+05	1.969796e-05
	165	126	14.250000	42.000000	1.010950e+05	6.481317e-05
2022	2	15	7	18
	255	0	36.750000	73.500000	9.853534e+04	1.259134e-04
	16	52	-23.000000	60.500000	9.410151e+04	5.607089e-04
	206	54	24.500000	60.000000	9.927216e+04	1.274360e-04
	129	58	5.250000	59.000000	1.004431e+05	1.718681e-04
	281	121	43.250000	43.250000	1.020067e+05	-2.883985e-05
	176	125	17.000000	42.250000	1.010532e+05	1.469712e-04
	264	159	39.000000	33.750000	1.017484e+05	2.162807e-05
2022	2	16	8	0
	262	0	38.500000	73.500000	9.853143e+04	1.772182e-04
	23	44	-21.250000	62.500000	9.355050e+04	5.066691e-04
	215	52	26.750000	60.500000	9.957366e+04	1.280763e-04
	281	121	43.250000	43.250000	1.019240e+05	-2.694414e-05
	177	125	17.250000	42.250000	1.009404e+05	1.763728e-04
	178	125	17.500000	42.250000	1.009404e+05	1.706619e-04
	185	135	19.250000	39.750000	1.009404e+05	7.636921e-05
	272	157	41.000000	34.250000	1.017032e+05	-5.046943e-05
2022	2	16	9	6
	276	1	42.000000	73.250000	9.859904e+04	2.063108e-04
	0	30	-27.000000	66.000000	9.490477e+04	1.335307e-04
	30	34	-19.500000	65.000000	9.381116e+04	2.072198e-04
	288	37	45.000000	64.250000	1.002880e+05	3.783340e-05
	248	44	35.000000	62.500000	9.972372e+04	1.128702e-04
	228	48	30.000000	61.500000	9.972372e+04	1.442782e-04
	281	121	43.250000	43.250000	1.020516e+05	-9.282702e-06
	180	128	18.000000	41.500000	1.008863e+05	2.066770e-04
	201	135	23.250000	39.750000	1.011571e+05	5.296831e-05
2022	2	16	9	12
	287	0	44.750000	73.500000	9.872428e+04	1.239735e-04
	23	26	-21.250000	67.000000	9.417419e+04	3.484629e-04
	288	38	45.000000	64.000000	1.003636e+05	4.568544e-05
	228	49	30.000000	61.250000	9.993611e+04	1.310964e-04
	0	111	-27.000000	45.750000	1.007878e+05	7.712474e-05
	114	125	1.500000	42.250000	1.025573e+05	-8.398373e-06
	184	132	19.000000	40.500000	1.008013e+05	2.034890e-04
	199	139	22.750000	38.750000	1.008410e+05	4.927857e-05
	285	162	44.250000	33.000000	1.014299e+05	1.351520e-04
2022	2	16	7	18
	10	22	-24.500000	68.000000	9.481352e+04	5.176160e-04
	288	38	45.000000	64.000000	1.003900e+05	3.709696e-05
	267	41	39.750000	63.250000	1.001163e+05	7.491063e-05
	120	48	3.000000	61.500000	9.756073e+04	5.058646e-04
	235	49	31.750000	61.250000	1.000612e+05	1.093269e-04
	187	138	19.750000	39.000000	1.009385e+05	1.924802e-04
	207	142	24.750000	38.000000	1.009604e+05	1.299221e-04
2022	2	17	8	0
	44	14	-16.000000	70.000000	9.665294e+04	3.289897e-04
	263	41	38.750000	63.250000	9.999395e+04	6.619144e-05
	247	45	34.750000	62.250000	9.999395e+04	1.115151e-04
	158	55	12.500000	59.750000	9.821392e+04	3.010103e-04
	48	90	-15.000000	51.000000	9.988511e+04	1.254310e-04
	116	124	2.000000	42.500000	1.026347e+05	-3.867628e-05
	212	143	26.000000	37.750000	1.009838e+05	1.364927e-04
	189	144	20.250000	37.500000	1.010352e+05	1.573049e-04
2022	2	17	8	6
	18	14	-22.500000	70.000000	9.701538e+04	3.904701e-04
	249	44	35.250000	62.500000	9.982278e+04	6.351238e-05
	181	54	18.250000	60.000000	9.826257e+04	2.401406e-04
	20	104	-22.000000	47.500000	9.972606e+04	2.671296e-04
	140	110	8.000000	46.000000	1.023596e+05	-4.054309e-05
	115	124	1.750000	42.500000	1.026298e+05	-1.526742e-05
	211	144	25.750000	37.500000	1.010141e+05	1.232836e-04
	204	154	24.000000	35.000000	1.010141e+05	2.065775e-05
2022	2	17	7	12
	24	10	-21.000000	71.000000	9.759961e+04	4.503380e-04
	73	56	-8.750000	59.500000	9.859201e+04	2.792205e-04
	198	56	22.500000	59.500000	9.827137e+04	1.955622e-04
	199	56	22.750000	59.500000	9.827137e+04	1.874617e-04
	44	91	-16.000000	50.750000	9.890170e+04	4.297504e-04
	207	148	24.750000	36.500000	1.011612e+05	1.122083e-04
	210	159	25.500000	33.750000	1.011612e+05	6.506264e-05
2022	2	17	7	18
	13	12	-23.750000	70.500000	9.796460e+04	3.317854e-04
	77	36	-7.750000	64.500000	9.828993e+04	1.553274e-04
	91	45	-4.250000	62.250000	9.828993e+04	3.028580e-04
	217	58	27.250000	59.000000	9.854277e+04	1.545014e-04
	67	79	-10.250000	53.750000	9.800622e+04	5.060493e-04
	212	159	26.000000	33.750000	1.011911e+05	5.744782e-05
	213	159	26.250000	33.750000	1.011911e+05	6.706594e-05
2022	2	18	7	0
	56	4	-13.000000	72.500000	9.826922e+04	1.748518e-04
	101	31	-1.750000	65.750000	9.736103e+04	3.393695e-04
	0	33	-27.000000	65.250000	9.688916e+04	1.152828e-04
	288	34	45.000000	65.000000	9.984662e+04	8.609085e-05
	236	57	32.000000	59.250000	9.885695e+04	9.119225e-05
	97	65	-2.750000	57.250000	9.724106e+04	3.322441e-04
	233	65	31.250000	57.250000	9.885695e+04	1.376602e-04
2022	2	18	8	6
	53	2	-13.750000	73.000000	9.807949e+04	2.100183e-04
	101	22	-1.750000	68.000000	9.667071e+04	4.036563e-04
	0	30	-27.000000	66.000000	9.734638e+04	6.640759e-05
	37	34	-17.750000	65.000000	9.756463e+04	6.769254e-06
	120	59	3.000000	58.750000	9.680455e+04	3.475442e-04
	247	71	34.750000	55.750000	9.910334e+04	1.498873e-04
	280	120	43.000000	43.500000	1.015932e+05	-5.669947e-05
	82	154	-6.500000	35.000000	1.024100e+05	-1.572934e-05
2022	2	18	5	12
	44	1	-16.000000	73.250000	9.816214e+04	1.487915e-04
	99	19	-2.250000	68.750000	9.623187e+04	5.758753e-04
	148	61	10.000000	58.250000	9.740422e+04	2.905199e-04
	260	75	38.000000	54.750000	9.933958e+04	1.549743e-04
	137	117	7.250000	44.250000	1.019375e+05	1.215491e-04
2022	2	18	6	18
	30	4	-19.500000	72.500000	9.814553e+04	4.584501e-04
	108	11	0.000000	70.750000	9.632409e+04	3.263691e-04
	18	42	-22.500000	63.000000	9.678423e+04	2.652501e-04
	178	62	17.500000	58.000000	9.786222e+04	2.501275e-04
	153	108	11.250000	46.500000	1.020448e+05	-3.746130e-05
	136	117	7.000000	44.250000	1.020295e+05	9.436897e-05
2022	2	19	4	0
	114	9	1.500000	71.250000	9.612049e+04	5.187221e-04
	40	36	-17.000000	64.500000	9.681413e+04	1.370952e-04
	199	65	22.750000	57.250000	9.809747e+04	2.141857e-04
	135	117	6.750000	44.250000	1.022751e+05	8.136588e-05
2022	2	19	4	6
	127	5	4.750000	72.250000	9.602475e+04	4.034514e-04
	52	29	-14.000000	66.250000	9.638486e+04	2.673619e-04
	218	67	27.500000	56.750000	9.818461e+04	1.919139e-04
	150	126	10.500000	42.000000	1.024170e+05	7.362074e-05
2022	2	19	4	12
	135	1	6.750000	73.250000	9.611561e+04	3.095044e-04
	60	27	-12.000000	66.750000	9.683562e+04	1.838534e-04
	235	75	31.750000	54.750000	9.839466e+04	1.705979e-04
	279	119	42.750000	43.750000	1.004068e+05	-1.275141e-04
2022	2	19	5	18
	134	0	6.500000	73.500000	9.627798e+04	1.756988e-04
	89	25	-4.750000	67.250000	9.715470e+04	1.452847e-04
	0	31	-27.000000	65.750000	9.813518e+04	1.024192e-04
	288	70	45.000000	56.000000	9.911917e+04	1.031526e-04
	251	79	35.750000	53.750000	9.860627e+04	1.448912e-04
2022	2	20	4	0
	141	0	8.250000	73.500000	9.652124e+04	1.821613e-04
	284	72	44.000000	55.500000	9.885891e+04	-2.505178e-06
	288	82	45.000000	53.000000	9.902597e+04	1.004023e-04
	267	83	39.750000	52.750000	9.879736e+04	6.748628e-05
