2022	2	16	5	0
	53	39	-13.750000	63.750000	9.735049e+04	3.394756e-04
	118	54	2.500000	60.000000	9.797537e+04	2.472172e-04
	65	67	-10.750000	56.750000	9.712196e+04	3.377573e-04
	171	120	15.750000	43.500000	1.014253e+05	1.694621e-05
	280	121	43.000000	43.250000	1.021095e+05	2.090640e-05
2022	2	16	5	3
	46	37	-15.500000	64.250000	9.752822e+04	2.843738e-04
	123	54	3.750000	60.000000	9.792252e+04	2.328941e-04
	74	66	-8.500000	57.000000	9.711677e+04	2.985484e-04
	280	121	43.000000	43.250000	1.022040e+05	3.250503e-05
	173	122	16.250000	43.000000	1.013893e+05	3.086808e-05
2022	2	16	3	6
	125	52	4.250000	60.500000	9.786212e+04	1.795554e-04
	84	66	-6.000000	57.000000	9.740821e+04	3.119122e-04
	99	67	-2.250000	56.750000	9.740821e+04	2.365089e-04
2022	2	16	3	9
	110	66	0.500000	57.000000	9.747333e+04	2.321126e-04
	137	116	7.250000	44.500000	1.011882e+05	8.230081e-05
	184	129	19.000000	41.250000	1.014532e+05	1.086321e-04
2022	2	16	3	12
	65	56	-10.750000	59.500000	9.744769e+04	6.271541e-05
	122	66	3.500000	57.000000	9.740601e+04	2.336953e-04
	64	68	-11.000000	56.500000	9.744455e+04	1.778037e-04
2022	2	16	3	15
	67	55	-10.250000	59.750000	9.739626e+04	7.989725e-05
	133	66	6.250000	57.000000	9.721114e+04	2.155946e-04
	78	67	-7.500000	56.750000	9.726509e+04	2.406533e-04
2022	2	16	6	18
	124	44	4.000000	62.500000	9.741309e+04	1.039142e-04
	124	45	4.000000	62.250000	9.741309e+04	9.964910e-05
	144	66	9.000000	57.000000	9.722120e+04	2.477133e-04
	102	68	-1.500000	56.500000	9.730566e+04	1.940292e-04
	148	108	10.000000	46.500000	1.005282e+05	-3.962439e-05
	186	135	19.500000	39.750000	1.011649e+05	1.175804e-04
2022	2	16	4	21
	288	10	45.000000	71.000000	9.888902e+04	9.942062e-05
	124	43	4.000000	62.750000	9.730236e+04	1.126911e-04
	155	66	11.750000	57.000000	9.703938e+04	1.996699e-04
	279	120	42.750000	43.500000	1.021301e+05	-3.741621e-05
2022	2	17	5	0
	288	10	45.000000	71.000000	9.892723e+04	1.176840e-04
	125	42	4.250000	63.000000	9.730110e+04	1.143216e-04
	186	61	19.500000	58.250000	9.676477e+04	2.020162e-04
	173	65	16.250000	57.250000	9.676477e+04	1.537347e-04
	158	66	12.500000	57.000000	9.683351e+04	1.956805e-04
2022	2	17	4	3
	288	11	45.000000	70.750000	9.898102e+04	1.011455e-04
	125	42	4.250000	63.000000	9.731730e+04	1.030950e-04
	193	58	21.250000	59.000000	9.643495e+04	2.536447e-04
	150	109	10.500000	46.250000	1.001380e+05	3.515307e-07
2022	2	17	4	6
	288	12	45.000000	70.500000	9.906266e+04	8.769746e-05
	126	42	4.500000	63.000000	9.732344e+04	8.575375e-05
	196	56	22.000000	59.500000	9.621712e+04	2.553630e-04
	189	64	20.250000	57.500000	9.621712e+04	1.236671e-04
2022	2	17	4	9
	130	41	5.500000	63.250000	9.741875e+04	1.086366e-04
	198	55	22.500000	59.750000	9.617434e+04	2.421639e-04
	203	64	23.750000	57.500000	9.617434e+04	2.077535e-04
	188	155	20.000000	34.750000	1.012235e+05	1.342542e-04
2022	2	17	6	12
	134	40	6.500000	63.500000	9.747034e+04	1.177509e-04
	203	55	23.750000	59.750000	9.616254e+04	1.694842e-04
	279	120	42.750000	43.500000	1.012534e+05	-1.568535e-05
	196	143	22.000000	37.750000	1.010806e+05	1.247528e-05
	197	143	22.250000	37.750000	1.010806e+05	1.679446e-05
	192	156	21.000000	34.500000	1.010870e+05	1.037397e-04
2022	2	17	5	15
	138	39	7.500000	63.750000	9.746436e+04	1.310081e-04
	208	53	25.000000	60.250000	9.621853e+04	1.507854e-04
	13	109	-23.750000	46.250000	1.009326e+05	2.001098e-04
	28	115	-20.000000	44.750000	1.009346e+05	1.588150e-04
	192	157	21.000000	34.250000	1.010733e+05	1.054941e-04
2022	2	17	5	18
	140	39	8.000000	63.750000	9.751312e+04	9.147827e-05
	218	49	27.500000	61.250000	9.621429e+04	1.685403e-04
	22	106	-21.500000	47.000000	1.004392e+05	1.734703e-04
	32	112	-19.000000	45.500000	1.004392e+05	1.591556e-04
	279	120	42.750000	43.500000	1.012212e+05	-1.179228e-05
2022	2	17	4	21
	142	39	8.500000	63.750000	9.761189e+04	3.953725e-05
	219	45	27.750000	62.250000	9.619384e+04	1.708046e-04
	28	103	-20.000000	47.750000	9.990820e+04	2.719854e-04
	38	108	-17.500000	46.500000	9.990820e+04	1.112745e-04
2022	2	18	4	0
	220	42	28.000000	63.000000	9.618141e+04	1.626763e-04
	37	46	-17.750000	62.000000	9.854316e+04	2.107884e-04
	46	104	-15.500000	47.500000	9.938068e+04	2.146477e-04
	149	111	10.250000	45.750000	1.013720e+05	6.925101e-05
2022	2	18	6	3
	222	40	28.500000	63.500000	9.617859e+04	1.684773e-04
	36	47	-18.000000	61.750000	9.846813e+04	2.136775e-04
	53	99	-13.750000	48.750000	9.864224e+04	3.252689e-04
	43	104	-16.250000	47.500000	9.864224e+04	3.703678e-04
	147	111	9.750000	45.750000	1.013649e+05	2.551102e-05
	138	117	7.500000	44.250000	1.013649e+05	1.135567e-04
2022	2	18	3	6
	222	38	28.500000	64.000000	9.618677e+04	1.830779e-04
	35	48	-18.250000	61.500000	9.835426e+04	2.859574e-04
	59	97	-12.250000	49.250000	9.825345e+04	4.212904e-04
2022	2	18	3	9
	223	37	28.750000	64.250000	9.625518e+04	1.682800e-04
	36	49	-18.000000	61.250000	9.837313e+04	3.395947e-04
	66	98	-10.500000	49.000000	9.844218e+04	5.021772e-04
2022	2	18	5	12
	152	29	11.000000	66.250000	9.770170e+04	5.497785e-05
	228	34	30.000000	65.000000	9.639422e+04	1.571774e-04
	38	50	-17.500000	61.000000	9.842472e+04	3.400648e-04
	84	89	-6.000000	51.250000	9.871255e+04	2.678934e-04
	77	98	-7.750000	49.000000	9.871255e+04	4.485409e-04
2022	2	18	5	15
	152	29	11.000000	66.250000	9.775722e+04	6.609993e-05
	234	31	31.500000	65.750000	9.650180e+04	1.745897e-04
	38	50	-17.500000	61.000000	9.851170e+04	2.875007e-04
	90	89	-4.500000	51.250000	9.880125e+04	3.256730e-04
	275	117	41.750000	44.250000	1.002665e+05	-1.111507e-04
2022	2	18	8	18
	131	26	5.750000	67.000000	9.769887e+04	5.780493e-05
	152	29	11.000000	66.250000	9.769887e+04	6.050165e-05
	235	29	31.750000	66.250000	9.655732e+04	1.437179e-04
	40	51	-17.000000	60.750000	9.852523e+04	2.696900e-04
	0	58	-27.000000	59.000000	9.842677e+04	1.144953e-04
	116	84	2.000000	52.500000	9.874951e+04	2.182150e-04
	104	91	-1.000000	50.750000	9.874951e+04	2.536376e-04
	280	119	43.000000	43.750000	1.005450e+05	2.338258e-05
2022	2	18	7	21
	152	28	11.000000	66.500000	9.771318e+04	6.617258e-05
	236	28	32.000000	66.500000	9.664020e+04	1.465145e-04
	41	50	-16.750000	61.000000	9.858200e+04	2.628526e-04
	0	54	-27.000000	60.000000	9.830157e+04	9.795719e-05
	130	81	5.500000	53.250000	9.851500e+04	2.086988e-04
	108	137	0.000000	39.250000	1.014370e+05	7.788965e-05
	273	153	41.250000	35.250000	1.013789e+05	1.173997e-04
2022	2	19	7	0
	237	27	32.250000	66.750000	9.674920e+04	1.169784e-04
	152	28	11.000000	66.500000	9.770689e+04	6.633584e-05
	22	47	-21.500000	61.750000	9.824306e+04	-2.438494e-05
	42	49	-16.500000	61.250000	9.837770e+04	2.510926e-04
	16	55	-23.000000	59.750000	9.824306e+04	1.397337e-04
	148	78	10.000000	54.000000	9.831981e+04	2.300087e-04
	275	153	41.750000	35.250000	1.013572e+05	9.049175e-05
2022	2	19	5	3
	227	19	29.750000	68.750000	9.680724e+04	1.621524e-04
	152	28	11.000000	66.500000	9.767921e+04	5.015314e-05
	40	47	-17.000000	61.750000	9.816615e+04	1.914793e-04
	23	53	-21.250000	60.250000	9.816615e+04	1.833464e-04
	167	75	14.750000	54.750000	9.803671e+04	2.321712e-04
2022	2	19	6	6
	228	21	30.000000	68.250000	9.686449e+04	1.334050e-04
	254	22	36.500000	68.000000	9.686449e+04	1.394301e-04
	150	28	10.500000	66.500000	9.772089e+04	6.423159e-05
	26	51	-20.500000	60.750000	9.812919e+04	1.873488e-04
	179	72	17.750000	55.500000	9.793841e+04	2.066616e-04
	281	140	43.250000	38.500000	1.013552e+05	-3.217332e-06
2022	2	19	7	9
	261	19	38.250000	68.750000	9.697994e+04	1.236814e-04
	229	22	30.250000	68.000000	9.698198e+04	1.177358e-04
	80	27	-7.000000	66.750000	9.815420e+04	2.028213e-04
	150	29	10.500000	66.250000	9.787172e+04	5.157480e-05
	27	50	-20.250000	61.000000	9.817307e+04	2.015866e-04
	188	71	20.000000	55.750000	9.784073e+04	2.844736e-04
	283	141	43.750000	38.250000	1.011053e+05	1.988908e-05
2022	2	19	7	12
	264	17	39.000000	69.250000	9.704395e+04	1.362745e-04
	83	29	-6.250000	66.250000	9.828159e+04	2.148456e-04
	145	29	9.250000	66.250000	9.806439e+04	6.348070e-05
	146	29	9.500000	66.250000	9.806439e+04	6.051905e-05
	199	70	22.750000	56.000000	9.791088e+04	3.401676e-04
	136	118	7.000000	44.000000	1.015142e+05	1.107306e-04
	283	151	43.750000	35.750000	1.009658e+05	1.055950e-04
2022	2	19	8	15
	236	11	32.000000	70.750000	9.709695e+04	9.831453e-05
	237	11	32.250000	70.750000	9.709695e+04	9.492836e-05
	269	15	40.250000	69.750000	9.709695e+04	1.375295e-04
	87	29	-5.250000	66.250000	9.839421e+04	2.140248e-04
	143	30	8.750000	66.000000	9.823881e+04	9.613949e-05
	0	58	-27.000000	59.000000	9.635097e+04	1.523456e-04
	212	70	26.000000	56.000000	9.797301e+04	3.159428e-04
	136	120	7.000000	43.500000	1.013758e+05	1.449687e-04
2022	2	19	9	18
	237	12	32.250000	70.500000	9.711473e+04	9.030771e-05
	273	14	41.250000	70.000000	9.711173e+04	1.530795e-04
	274	14	41.500000	70.000000	9.711173e+04	1.534532e-04
	87	29	-5.250000	66.250000	9.842299e+04	2.056272e-04
	0	53	-27.000000	60.250000	9.524544e+04	1.280281e-04
	226	69	29.500000	56.250000	9.803875e+04	2.549736e-04
	157	116	12.250000	44.500000	1.016018e+05	7.210941e-05
	137	121	7.250000	43.250000	1.015782e+05	1.432372e-04
	278	145	42.500000	37.250000	1.018016e+05	1.159138e-04
2022	2	19	10	21
	240	12	33.000000	70.500000	9.719179e+04	1.013733e-04
	279	12	42.750000	70.500000	9.718109e+04	1.455259e-04
	54	25	-13.500000	67.250000	9.842409e+04	1.363131e-04
	87	29	-5.250000	66.250000	9.844123e+04	1.888161e-04
	147	33	9.750000	65.250000	9.852082e+04	1.956744e-04
	0	50	-27.000000	61.000000	9.465500e+04	1.172331e-04
	241	67	33.250000	56.750000	9.797537e+04	1.610539e-04
	161	114	13.250000	45.000000	1.016926e+05	1.204403e-04
	277	150	42.250000	36.000000	1.020611e+05	1.137537e-04
	281	151	43.250000	35.750000	1.020611e+05	8.120193e-05
2022	2	20	9	0
	283	9	43.750000	71.250000	9.722026e+04	1.398238e-04
	48	26	-15.000000	67.000000	9.738179e+04	8.097729e-05
	151	34	10.750000	65.000000	9.864130e+04	1.822031e-04
	0	49	-27.000000	61.250000	9.466428e+04	1.305895e-04
	252	66	36.000000	57.000000	9.791388e+04	1.709830e-04
	161	120	13.250000	43.500000	1.017125e+05	-6.426685e-06
	151	125	10.750000	42.250000	1.017599e+05	7.567893e-05
	151	126	10.750000	42.000000	1.017599e+05	7.360610e-05
	280	146	43.000000	37.000000	1.022294e+05	2.417194e-05
