2022	2	10	8	0
	8	6	-25.000000	72.000000	1.001895e+05	-1.003658e-05
	171	8	15.750000	71.500000	9.697533e+04	1.062820e-04
	148	22	10.000000	68.000000	9.643976e+04	3.652280e-04
	59	57	-12.250000	59.250000	9.854823e+04	5.550052e-04
	152	106	11.000000	47.000000	1.022570e+05	-4.775538e-05
	139	110	7.750000	46.000000	1.022570e+05	-7.994851e-05
	248	152	35.000000	35.500000	1.007616e+05	1.315371e-04
	279	162	42.750000	33.000000	1.008269e+05	1.031152e-04
2022	2	10	8	6
	177	5	17.250000	72.250000	9.714337e+04	1.328332e-04
	8	6	-25.000000	72.000000	1.003263e+05	-1.213469e-05
	4	17	-26.000000	69.250000	1.003263e+05	2.669098e-05
	163	24	13.750000	67.500000	9.685223e+04	4.704871e-04
	77	59	-7.750000	58.750000	9.896716e+04	5.202950e-04
	158	106	12.500000	47.000000	1.021114e+05	-5.027630e-05
	235	147	31.750000	36.750000	1.010098e+05	1.297371e-05
	250	150	35.500000	36.000000	1.010076e+05	1.124180e-04
2022	2	10	10	12
	202	0	23.500000	73.500000	9.724555e+04	1.036129e-05
	178	4	17.500000	72.500000	9.724555e+04	2.052085e-04
	177	5	17.250000	72.250000	9.724555e+04	2.452185e-04
	1	18	-26.750000	69.000000	1.002669e+05	1.477841e-05
	22	21	-21.500000	68.250000	1.002669e+05	6.946315e-05
	189	29	20.250000	66.250000	9.752106e+04	1.999001e-04
	94	64	-3.500000	57.500000	9.997519e+04	3.612095e-04
	137	117	7.250000	44.250000	1.022224e+05	1.289733e-04
	283	139	43.750000	38.750000	1.008925e+05	1.428913e-05
	260	144	38.000000	37.500000	1.009811e+05	3.733721e-05
2022	2	10	9	18
	8	6	-25.000000	72.000000	9.999219e+04	-2.828849e-06
	191	7	20.750000	71.750000	9.746928e+04	1.649111e-04
	9	14	-24.750000	70.000000	9.987455e+04	7.536401e-06
	44	17	-16.000000	69.250000	9.986459e+04	1.317517e-04
	209	30	25.250000	66.000000	9.804061e+04	1.798948e-04
	109	69	0.250000	56.250000	1.005616e+05	3.433922e-04
	281	138	43.250000	39.000000	1.011462e+05	-8.878729e-06
	274	151	41.500000	35.750000	1.012769e+05	8.972934e-05
	87	156	-5.250000	34.500000	1.021141e+05	4.029522e-08
2022	2	11	3	0
	207	7	24.750000	71.750000	9.766623e+04	1.835479e-04
	61	13	-11.750000	70.250000	9.948397e+04	1.896153e-04
	123	76	3.750000	54.500000	1.010592e+05	3.221357e-04
2022	2	11	2	6
	218	7	27.500000	71.750000	9.799821e+04	1.515518e-04
	68	12	-10.000000	70.500000	9.926943e+04	2.096665e-04
2022	2	11	7	12
	225	8	29.250000	71.500000	9.843862e+04	2.307435e-04
	79	15	-7.250000	69.750000	9.936927e+04	3.077044e-04
	4	58	-26.000000	59.000000	9.899725e+04	1.273065e-04
	26	60	-20.500000	58.500000	9.899725e+04	1.953446e-04
	2	68	-26.500000	56.500000	9.899725e+04	8.859885e-05
	156	109	12.000000	46.250000	1.019694e+05	3.363038e-05
	135	119	6.750000	43.750000	1.019932e+05	8.558935e-05
2022	2	11	8	18
	234	11	31.500000	70.750000	9.868520e+04	2.395347e-04
	235	11	31.750000	70.750000	9.868520e+04	2.317362e-04
	125	17	4.250000	69.250000	9.927197e+04	1.081889e-04
	22	55	-21.500000	59.750000	9.868227e+04	2.101373e-04
	1	58	-26.750000	59.000000	9.868227e+04	8.900344e-05
	23	64	-21.250000	57.500000	9.868227e+04	9.777150e-05
	280	80	43.000000	53.500000	1.002038e+05	1.599678e-04
	135	123	6.750000	42.750000	1.021286e+05	6.642683e-05
2022	2	12	6	0
	250	0	35.500000	73.500000	9.886106e+04	5.963313e-05
	244	15	34.000000	69.750000	9.882277e+04	2.194901e-04
	154	20	11.500000	68.500000	9.895680e+04	1.963130e-04
	43	50	-16.250000	61.000000	9.861038e+04	1.637745e-04
	21	57	-21.750000	59.250000	9.858126e+04	2.166342e-04
	42	59	-16.500000	58.750000	9.858126e+04	7.186909e-05
2022	2	12	7	6
	251	1	35.750000	73.250000	9.887591e+04	1.327419e-04
	252	17	36.000000	69.250000	9.889330e+04	1.906049e-04
	253	17	36.250000	69.250000	9.889330e+04	1.899778e-04
	156	23	12.000000	67.750000	9.913227e+04	2.325991e-04
	56	54	-13.000000	60.000000	9.849685e+04	1.120278e-04
	57	54	-12.750000	60.000000	9.849685e+04	1.115083e-04
	32	58	-19.000000	59.000000	9.851365e+04	1.585578e-04
2022	2	12	2	12
	255	1	36.750000	73.250000	9.897966e+04	1.241049e-04
	65	50	-10.750000	61.000000	9.848473e+04	2.001512e-04
2022	2	12	5	18
	261	3	38.250000	72.750000	9.896149e+04	1.394000e-04
	84	51	-6.000000	60.750000	9.848512e+04	1.665926e-04
	47	58	-15.250000	59.000000	9.859298e+04	1.656857e-04
	0	68	-27.000000	56.500000	9.953419e+04	1.065342e-04
	286	103	44.500000	47.750000	1.014467e+05	1.188117e-04
2022	2	13	2	0
	229	0	30.250000	73.500000	9.909592e+04	2.189456e-05
	96	49	-3.000000	61.250000	9.861877e+04	1.899832e-04
2022	2	13	7	6
	176	0	17.000000	73.500000	9.869029e+04	1.551106e-04
	214	0	26.500000	73.500000	9.869029e+04	2.169640e-05
	150	18	10.500000	69.000000	9.876395e+04	4.277412e-04
	124	42	4.000000	63.000000	9.864887e+04	1.244716e-04
	103	48	-1.250000	61.500000	9.864887e+04	2.025142e-04
	64	94	-11.000000	50.000000	9.850212e+04	2.606318e-04
	285	128	44.250000	41.500000	1.023211e+05	-1.327632e-05
2022	2	13	6	12
	196	1	22.000000	73.250000	9.882041e+04	2.490576e-04
	154	20	11.500000	68.500000	9.856855e+04	3.604977e-04
	40	36	-17.000000	64.500000	1.005334e+05	3.861867e-05
	108	49	0.000000	61.250000	9.897380e+04	1.976969e-04
	79	90	-7.250000	51.000000	9.810528e+04	2.758581e-04
	270	120	40.500000	43.500000	1.027046e+05	7.546974e-05
2022	2	13	4	18
	215	2	26.750000	73.000000	9.891284e+04	2.774739e-04
	164	22	14.000000	68.000000	9.886790e+04	3.421973e-04
	204	37	24.000000	64.250000	9.926102e+04	7.951687e-05
	90	84	-4.500000	52.500000	9.783134e+04	2.700136e-04
2022	2	14	5	0
	194	2	21.500000	73.000000	9.902929e+04	2.676945e-05
	195	2	21.750000	73.000000	9.902929e+04	1.608845e-05
	231	2	30.750000	73.000000	9.902929e+04	3.657463e-04
	1	17	-26.750000	69.250000	9.987162e+04	3.495271e-05
	103	78	-1.250000	54.000000	9.802615e+04	1.751531e-04
2022	2	14	4	6
	242	1	33.500000	73.250000	9.909827e+04	2.508146e-04
	204	5	24.000000	72.250000	9.909827e+04	7.784867e-05
	253	33	36.250000	65.250000	9.953321e+04	9.784333e-05
	111	72	0.750000	55.500000	9.796030e+04	1.101113e-04
2022	2	14	6	12
	253	0	36.250000	73.500000	9.924266e+04	1.883526e-04
	219	7	27.750000	71.750000	9.927490e+04	6.631595e-05
	288	28	45.000000	66.500000	1.000313e+05	7.137923e-05
	264	31	39.000000	65.750000	9.966295e+04	8.226574e-05
	0	46	-27.000000	62.000000	9.772466e+04	1.121930e-04
	118	70	2.500000	56.000000	9.815570e+04	1.759318e-04
2022	2	14	4	18
	265	0	39.250000	73.500000	9.924266e+04	8.802831e-05
	251	8	35.750000	71.500000	9.924266e+04	-1.144374e-05
	279	31	42.750000	65.750000	9.978624e+04	9.236240e-05
	127	68	4.750000	56.500000	9.843862e+04	2.051789e-04
2022	2	15	5	0
	274	0	41.500000	73.500000	9.940327e+04	1.578277e-04
	6	7	-25.500000	71.750000	9.878212e+04	2.598933e-05
	0	37	-27.000000	64.250000	9.630788e+04	6.592143e-05
	137	68	7.250000	56.500000	9.880088e+04	1.715202e-04
	138	120	7.500000	43.500000	1.012009e+05	7.338301e-05
2022	2	15	5	6
	284	0	44.000000	73.500000	9.964595e+04	1.319289e-04
	0	31	-27.000000	65.750000	9.590576e+04	9.760254e-05
	36	35	-18.000000	64.750000	9.608962e+04	3.226997e-05
	122	47	3.500000	61.750000	9.942027e+04	1.006245e-04
	150	67	10.500000	56.750000	9.918267e+04	1.577161e-04
2022	2	15	2	12
	0	33	-27.000000	65.250000	9.623851e+04	-6.508849e-05
	165	63	14.250000	57.750000	9.954356e+04	1.190626e-04
2022	2	15	4	18
	71	36	-9.250000	64.500000	9.642784e+04	3.419032e-04
	88	42	-5.000000	63.000000	9.642784e+04	3.829394e-04
	191	55	20.750000	59.750000	9.978175e+04	1.010871e-04
	179	62	17.750000	58.000000	9.978175e+04	9.310528e-05
2022	2	16	6	0
	283	0	43.750000	73.500000	1.003208e+05	7.556422e-05
	62	28	-11.500000	66.500000	9.594894e+04	3.007122e-04
	83	30	-6.250000	66.000000	9.594894e+04	3.234301e-04
	200	52	23.000000	60.500000	9.978468e+04	6.270834e-05
	0	81	-27.000000	53.250000	9.675747e+04	1.070774e-04
	280	121	43.000000	43.250000	1.022013e+05	-8.737080e-06
2022	2	16	7	6
	278	1	42.500000	73.250000	1.004447e+05	9.281038e-05
	55	22	-13.250000	68.000000	9.527855e+04	3.809100e-04
	214	47	26.500000	61.750000	9.973817e+04	6.455462e-05
	18	71	-22.500000	55.750000	9.449561e+04	6.256574e-04
	280	121	43.000000	43.250000	1.023746e+05	-2.494583e-05
	283	129	43.750000	41.250000	1.022251e+05	3.831461e-06
	164	159	14.000000	33.750000	1.018017e+05	4.075352e-05
2022	2	16	4	12
	22	19	-21.500000	68.750000	9.483364e+04	3.632066e-04
	223	44	28.750000	62.500000	9.981711e+04	3.842533e-05
	49	55	-14.750000	59.750000	9.282247e+04	4.417245e-04
	164	161	14.000000	33.250000	1.018185e+05	3.926132e-05
2022	2	16	1	18
	80	47	-7.000000	61.750000	9.233262e+04	3.555443e-04
2022	2	17	2	0
	0	43	-27.000000	62.750000	9.513356e+04	1.638611e-04
	95	43	-3.250000	62.750000	9.251883e+04	3.390771e-04
2022	2	17	3	6
	118	36	2.500000	64.500000	9.274353e+04	2.932778e-04
	0	43	-27.000000	62.750000	9.546280e+04	1.802299e-04
	288	43	45.000000	62.750000	1.000293e+05	1.496641e-04
2022	2	17	3	12
	130	31	5.500000	65.750000	9.305030e+04	3.013281e-04
	288	39	45.000000	63.750000	9.977432e+04	1.112769e-04
	3	42	-26.250000	63.000000	9.597629e+04	2.241565e-04
2022	2	17	3	18
	145	27	9.250000	66.750000	9.346218e+04	3.011260e-04
	0	40	-27.000000	63.500000	9.648314e+04	1.192431e-04
	137	117	7.250000	44.250000	1.019742e+05	1.186575e-04
2022	2	18	5	0
	153	24	11.250000	67.500000	9.397372e+04	4.129317e-04
	288	32	45.000000	65.500000	9.745033e+04	1.382159e-04
	0	38	-27.000000	64.000000	9.690343e+04	1.492430e-04
	150	109	10.500000	46.250000	1.018785e+05	2.598518e-05
	137	117	7.250000	44.250000	1.019905e+05	9.640709e-05
2022	2	18	4	6
	162	22	13.500000	68.000000	9.453254e+04	3.845852e-04
	0	37	-27.000000	64.250000	9.732215e+04	8.988692e-05
	150	109	10.500000	46.250000	1.019805e+05	5.595535e-06
	137	117	7.250000	44.250000	1.020737e+05	5.639983e-05
2022	2	18	4	12
	170	21	15.500000	68.250000	9.545577e+04	1.855865e-04
	67	60	-10.250000	58.500000	9.835441e+04	2.131521e-04
	154	108	11.500000	46.500000	1.021057e+05	-4.510204e-05
	145	125	9.250000	42.250000	1.021452e+05	8.707456e-05
2022	2	18	2	18
	184	22	19.000000	68.000000	9.601517e+04	3.821148e-05
	0	42	-27.000000	63.000000	9.796323e+04	3.564765e-05
2022	2	19	2	0
	211	20	25.750000	68.500000	9.622991e+04	1.049059e-04
	184	22	19.000000	68.000000	9.622991e+04	-5.843392e-06
2022	2	19	5	6
	7	6	-25.250000	72.000000	1.003716e+05	1.592345e-06
	220	18	28.000000	69.000000	9.640009e+04	1.282422e-04
	185	23	19.250000	67.750000	9.641553e+04	5.322006e-06
	123	54	3.750000	60.000000	9.766311e+04	1.638346e-04
	22	58	-21.500000	59.000000	9.876610e+04	3.657552e-04
2022	2	19	5	12
	7	6	-25.250000	72.000000	1.010770e+05	1.768808e-05
	6	14	-25.500000	70.000000	1.010643e+05	-4.091904e-05
	226	17	29.500000	69.250000	9.674770e+04	1.101407e-04
	50	64	-14.500000	57.500000	9.999434e+04	2.914963e-04
	137	116	7.250000	44.500000	1.019451e+05	7.092770e-05
2022	2	19	2	18
	7	6	-25.250000	72.000000	1.013226e+05	4.344392e-05
	7	14	-25.250000	70.000000	1.013226e+05	1.023785e-05
2022	2	20	1	0
	137	119	7.250000	43.750000	1.010434e+05	1.064179e-04
