2022	2	16	5	0
	58	40	-12.500000	63.500000	9.743055e+04	3.687460e-04
	116	54	2.000000	60.000000	9.797852e+04	2.104216e-04
	66	67	-10.500000	56.750000	9.735348e+04	2.807904e-04
	280	121	43.000000	43.250000	1.020790e+05	2.768595e-05
	172	122	16.000000	43.000000	1.014744e+05	3.716708e-05
2022	2	16	5	3
	50	38	-14.500000	64.000000	9.722718e+04	3.842523e-04
	121	53	3.250000	60.250000	9.793510e+04	2.039056e-04
	75	67	-8.250000	56.750000	9.734199e+04	2.661212e-04
	280	121	43.000000	43.250000	1.021421e+05	3.189145e-05
	173	123	16.250000	42.750000	1.014426e+05	4.606978e-05
2022	2	16	4	6
	44	37	-16.000000	64.250000	9.754536e+04	2.758700e-04
	123	52	3.750000	60.500000	9.788965e+04	1.855814e-04
	84	67	-6.000000	56.750000	9.765514e+04	2.698282e-04
	99	68	-2.250000	56.500000	9.765514e+04	2.140334e-04
2022	2	16	5	9
	37	34	-17.750000	65.000000	9.770925e+04	2.533658e-04
	118	34	2.500000	65.000000	9.783476e+04	1.904366e-04
	108	66	0.000000	57.000000	9.761912e+04	2.162708e-04
	46	68	-15.500000	56.500000	9.728255e+04	2.387692e-04
	182	132	18.500000	40.500000	1.014749e+05	1.328877e-04
2022	2	16	6	12
	112	34	1.000000	65.000000	9.763705e+04	1.928668e-04
	67	55	-10.250000	59.750000	9.697820e+04	1.151065e-04
	118	66	2.500000	57.000000	9.748387e+04	2.169080e-04
	56	67	-13.000000	56.750000	9.682816e+04	3.023082e-04
	183	128	18.750000	41.500000	1.011951e+05	9.812199e-05
	183	136	18.750000	39.500000	1.011951e+05	1.635672e-04
2022	2	16	3	15
	78	57	-7.500000	59.250000	9.670737e+04	1.619892e-05
	127	66	4.750000	57.000000	9.742173e+04	2.343928e-04
	68	67	-10.000000	56.750000	9.670737e+04	2.907299e-04
2022	2	16	5	18
	0	31	-27.000000	65.750000	9.815955e+04	6.439180e-05
	84	65	-6.000000	57.250000	9.693605e+04	3.524470e-04
	110	68	0.500000	56.500000	9.705260e+04	1.980398e-04
	281	121	43.250000	43.250000	1.021812e+05	-2.654035e-05
	185	133	19.250000	40.250000	1.011348e+05	1.232251e-04
2022	2	16	4	21
	288	10	45.000000	71.000000	9.890710e+04	9.211446e-05
	124	68	4.000000	56.500000	9.679874e+04	2.283858e-04
	137	117	7.250000	44.250000	1.011490e+05	6.821717e-05
	184	132	19.000000	40.500000	1.011536e+05	1.160599e-04
2022	2	17	5	0
	288	10	45.000000	71.000000	9.894422e+04	9.291378e-05
	153	66	11.250000	57.000000	9.660324e+04	1.862363e-04
	134	67	6.500000	56.750000	9.660324e+04	2.493707e-04
	279	121	42.750000	43.250000	1.020230e+05	-3.170019e-05
	184	132	19.000000	40.500000	1.011782e+05	9.831874e-05
2022	2	17	4	3
	288	11	45.000000	70.750000	9.899487e+04	9.885672e-05
	195	61	21.750000	58.250000	9.664587e+04	1.646032e-04
	142	68	8.500000	56.500000	9.660073e+04	2.474708e-04
	166	70	14.500000	56.000000	9.655795e+04	1.557017e-04
2022	2	17	5	6
	130	42	5.500000	63.000000	9.741262e+04	9.410651e-05
	200	58	23.000000	59.000000	9.634153e+04	1.929069e-04
	183	69	18.750000	56.250000	9.628884e+04	1.765037e-04
	0	109	-27.000000	46.250000	1.007629e+05	1.184421e-04
	279	121	42.750000	43.250000	1.017259e+05	-1.067771e-05
2022	2	17	5	9
	132	42	6.000000	63.000000	9.752538e+04	8.047962e-05
	203	55	23.750000	59.750000	9.623301e+04	1.733567e-04
	191	67	20.750000	56.750000	9.614257e+04	2.342829e-04
	9	105	-24.750000	47.250000	1.002858e+05	2.441254e-04
	278	120	42.500000	43.500000	1.015875e+05	-1.003716e-05
2022	2	17	3	12
	138	40	7.500000	63.500000	9.767024e+04	9.443520e-05
	210	64	25.500000	57.500000	9.616679e+04	1.860195e-04
	19	100	-22.250000	48.500000	9.978662e+04	3.315674e-04
2022	2	17	2	15
	215	60	26.750000	58.500000	9.626588e+04	1.572341e-04
	29	97	-19.750000	49.250000	9.920499e+04	3.709196e-04
2022	2	17	3	18
	8	45	-25.000000	62.250000	9.904960e+04	1.079039e-04
	216	54	27.000000	60.000000	9.637109e+04	1.103805e-04
	40	92	-17.000000	50.500000	9.859679e+04	4.532975e-04
2022	2	17	3	21
	57	48	-12.750000	61.500000	9.877624e+04	1.266973e-04
	219	52	27.750000	60.500000	9.641451e+04	1.227342e-04
	48	91	-15.000000	50.750000	9.808358e+04	5.249525e-04
2022	2	18	3	0
	223	44	28.750000	62.500000	9.644942e+04	7.671685e-05
	58	48	-12.500000	61.500000	9.854819e+04	1.231504e-04
	60	86	-12.000000	52.000000	9.757178e+04	5.583738e-04
2022	2	18	3	3
	226	42	29.500000	63.000000	9.643983e+04	8.033976e-05
	56	48	-13.000000	61.500000	9.834891e+04	1.597753e-04
	73	83	-8.750000	52.750000	9.727641e+04	5.441863e-04
2022	2	18	4	6
	227	39	29.750000	63.750000	9.645729e+04	1.247485e-04
	54	47	-13.500000	61.750000	9.812919e+04	1.800031e-04
	65	53	-10.750000	60.250000	9.812919e+04	9.044031e-05
	85	75	-5.750000	54.750000	9.676603e+04	4.144731e-04
2022	2	18	4	9
	231	35	30.750000	64.750000	9.648182e+04	1.082262e-04
	50	48	-14.500000	61.500000	9.811031e+04	1.960533e-04
	66	52	-10.500000	60.500000	9.811031e+04	1.317274e-04
	95	75	-3.250000	54.750000	9.676383e+04	4.144096e-04
2022	2	18	5	12
	234	32	31.500000	65.500000	9.653703e+04	1.200604e-04
	47	48	-15.250000	61.500000	9.825171e+04	2.336047e-04
	64	51	-11.000000	60.750000	9.825171e+04	1.619644e-04
	114	72	1.500000	55.500000	9.665326e+04	3.119598e-04
	232	137	31.000000	39.250000	1.007729e+05	-1.389129e-05
2022	2	18	6	15
	235	29	31.750000	66.250000	9.655496e+04	1.291821e-04
	134	31	6.500000	65.750000	9.777515e+04	7.381009e-05
	64	51	-11.000000	60.750000	9.830676e+04	1.648564e-04
	127	69	4.750000	56.250000	9.652098e+04	2.779072e-04
	229	142	30.250000	38.000000	1.007430e+05	1.094958e-05
	258	162	37.500000	33.000000	1.007808e+05	1.297608e-05
2022	2	18	8	18
	248	17	35.000000	69.250000	9.650730e+04	1.723681e-04
	237	27	32.250000	66.750000	9.650730e+04	1.191153e-04
	138	33	7.500000	65.250000	9.766458e+04	7.072942e-05
	66	52	-10.500000	60.500000	9.834592e+04	2.325127e-04
	139	68	7.750000	56.500000	9.647805e+04	2.723967e-04
	109	126	0.250000	42.000000	1.011451e+05	3.712401e-05
	231	148	30.750000	36.500000	1.008253e+05	2.231898e-05
	221	150	28.250000	36.000000	1.008253e+05	1.659233e-04
2022	2	18	9	21
	243	17	33.750000	69.250000	9.656062e+04	1.621373e-04
	237	26	32.250000	67.000000	9.656062e+04	1.127319e-04
	139	33	7.750000	65.250000	9.761677e+04	8.733434e-05
	140	33	8.000000	65.250000	9.761677e+04	8.503498e-05
	0	58	-27.000000	59.000000	9.832941e+04	1.269838e-04
	150	68	10.500000	56.500000	9.656770e+04	2.251590e-04
	136	114	7.000000	45.000000	1.010620e+05	5.983609e-05
	222	151	28.500000	35.750000	1.008189e+05	1.701166e-04
	266	162	39.500000	33.000000	1.009194e+05	5.932911e-06
2022	2	19	9	0
	244	22	34.000000	68.000000	9.662809e+04	5.696661e-05
	145	34	9.250000	65.000000	9.762935e+04	1.054875e-04
	21	46	-21.750000	62.000000	9.851138e+04	1.751034e-04
	44	49	-16.000000	61.250000	9.851138e+04	1.888256e-04
	3	57	-26.250000	59.250000	9.834246e+04	2.283655e-04
	160	68	13.000000	56.500000	9.679277e+04	1.900276e-04
	158	105	12.500000	47.250000	1.005889e+05	-9.705550e-05
	137	117	7.250000	44.250000	1.011779e+05	1.484011e-04
	222	155	28.500000	34.750000	1.008676e+05	1.537669e-04
2022	2	19	9	3
	240	16	33.000000	69.500000	9.656628e+04	2.094084e-04
	149	34	10.250000	65.000000	9.760843e+04	1.269896e-04
	16	45	-23.000000	62.250000	9.853324e+04	1.856840e-04
	42	49	-16.500000	61.250000	9.861456e+04	1.771450e-04
	11	58	-24.250000	59.000000	9.857351e+04	2.142903e-04
	179	65	17.750000	57.250000	9.687471e+04	1.677643e-04
	137	117	7.250000	44.250000	1.011284e+05	1.442774e-04
	225	162	29.250000	33.000000	1.009400e+05	6.387683e-05
	272	162	41.000000	33.000000	1.007519e+05	1.075160e-04
2022	2	19	11	6
	236	17	32.000000	69.250000	9.662873e+04	2.291631e-04
	237	17	32.250000	69.250000	9.662873e+04	2.152823e-04
	150	33	10.500000	65.250000	9.769620e+04	1.205787e-04
	11	44	-24.250000	62.500000	9.862447e+04	2.154439e-04
	39	48	-17.250000	61.500000	9.876697e+04	1.766939e-04
	18	58	-22.500000	59.000000	9.888839e+04	1.616254e-04
	50	64	-14.500000	57.500000	9.888005e+04	1.668280e-04
	192	65	21.000000	57.250000	9.700369e+04	1.594598e-04
	137	117	7.250000	44.250000	1.011625e+05	1.209404e-04
	261	162	38.250000	33.000000	1.009228e+05	2.787409e-05
	276	162	42.000000	33.000000	1.009186e+05	1.199523e-04
2022	2	19	11	9
	261	12	38.250000	70.500000	9.677248e+04	7.260797e-05
	236	18	32.000000	69.000000	9.677248e+04	2.056502e-04
	150	31	10.500000	65.750000	9.783145e+04	7.353168e-05
	7	44	-25.250000	62.500000	9.869886e+04	2.145107e-04
	34	48	-18.500000	61.500000	9.876823e+04	1.690496e-04
	201	64	23.250000	57.500000	9.727562e+04	1.469568e-04
	202	64	23.500000	57.500000	9.727562e+04	1.618188e-04
	67	66	-10.250000	57.000000	9.895476e+04	1.603722e-04
	138	118	7.500000	44.000000	1.013321e+05	1.036885e-04
	272	162	41.000000	33.000000	1.008498e+05	1.112385e-04
	284	162	44.000000	33.000000	1.008498e+05	1.008185e-04
2022	2	19	7	12
	262	11	38.500000	70.750000	9.687062e+04	1.015256e-04
	149	32	10.250000	65.500000	9.803702e+04	1.025639e-04
	212	62	26.000000	58.000000	9.758390e+04	1.491642e-04
	75	67	-8.250000	56.750000	9.908011e+04	1.901112e-04
	153	116	11.250000	44.500000	1.013008e+05	3.541460e-05
	136	119	7.000000	43.750000	1.012987e+05	1.128257e-04
	277	162	42.250000	33.000000	1.006559e+05	1.661644e-04
2022	2	19	8	15
	264	11	39.000000	70.750000	9.698466e+04	8.112391e-05
	149	32	10.250000	65.500000	9.818880e+04	8.189169e-05
	225	61	29.250000	58.250000	9.784309e+04	1.105457e-04
	78	68	-7.500000	56.500000	9.935347e+04	1.711477e-04
	154	116	11.500000	44.500000	1.012165e+05	2.776846e-05
	136	120	7.000000	43.500000	1.011495e+05	1.206018e-04
	268	162	40.000000	33.000000	1.006565e+05	9.234594e-05
	280	162	43.000000	33.000000	1.006565e+05	1.556166e-04
2022	2	19	9	18
	270	9	40.500000	71.250000	9.709239e+04	9.081158e-05
	64	19	-11.000000	68.750000	9.912258e+04	3.572188e-04
	0	53	-27.000000	60.250000	9.696373e+04	1.003845e-04
	82	71	-6.500000	55.750000	9.978033e+04	1.556741e-04
	118	79	2.500000	53.750000	9.965859e+04	1.562623e-04
	160	115	13.000000	44.750000	1.013741e+05	5.217501e-05
	136	120	7.000000	43.500000	1.012729e+05	1.224103e-04
	277	146	42.250000	37.000000	1.011029e+05	-2.463301e-06
	281	162	43.250000	33.000000	1.007792e+05	1.222127e-04
2022	2	19	7	21
	276	4	42.000000	72.500000	9.716459e+04	8.345892e-05
	63	19	-11.250000	68.750000	9.900038e+04	3.212110e-04
	0	48	-27.000000	61.500000	9.618488e+04	1.136847e-04
	126	78	4.500000	54.000000	9.951688e+04	1.695999e-04
	139	121	7.750000	43.250000	1.013756e+05	1.049831e-04
	281	147	43.250000	36.750000	1.009955e+05	-4.552674e-05
	281	162	43.250000	33.000000	1.008481e+05	8.588235e-05
2022	2	20	7	0
	278	2	42.500000	73.000000	9.722246e+04	7.384430e-05
	264	16	39.000000	69.500000	9.723221e+04	3.594464e-05
	62	18	-11.500000	69.000000	9.892141e+04	2.911708e-04
	0	43	-27.000000	62.750000	9.574291e+04	1.727531e-04
	130	79	5.500000	53.750000	9.968801e+04	1.368176e-04
	152	106	11.000000	47.000000	1.011045e+05	-1.206735e-04
	283	162	43.750000	33.000000	1.008470e+05	6.626114e-05
