2022	2	14	7	0
	2	6	-26.500000	72.000000	9.976088e+04	-1.147436e-05
	218	9	27.500000	71.250000	9.841757e+04	1.070488e-04
	194	12	21.500000	70.500000	9.841757e+04	1.430828e-04
	1	17	-26.750000	69.250000	9.976088e+04	1.766957e-06
	219	23	27.750000	67.750000	9.844763e+04	9.720868e-05
	113	62	1.250000	58.000000	9.851812e+04	8.373828e-05
	104	71	-1.000000	55.750000	9.851812e+04	1.306271e-04
2022	2	14	6	3
	63	5	-11.250000	72.250000	1.001310e+05	1.013545e-04
	210	9	25.500000	71.250000	9.813748e+04	2.206281e-04
	1	17	-26.750000	69.250000	9.975838e+04	-1.400717e-05
	227	22	29.750000	68.000000	9.828162e+04	8.703028e-05
	125	61	4.250000	58.250000	9.846350e+04	1.280773e-04
	108	70	0.000000	56.000000	9.845532e+04	1.180916e-04
2022	2	14	2	6
	219	8	27.750000	71.500000	9.802675e+04	2.202998e-04
	108	70	0.000000	56.000000	9.847870e+04	1.807215e-04
2022	2	14	5	9
	225	8	29.250000	71.500000	9.804713e+04	1.912582e-04
	227	8	29.750000	71.500000	9.804713e+04	1.742520e-04
	0	52	-27.000000	60.500000	9.798834e+04	1.127194e-04
	125	68	4.250000	56.500000	9.859511e+04	1.237257e-04
	111	70	0.750000	56.000000	9.859511e+04	1.887917e-04
2022	2	14	4	12
	233	6	31.250000	72.000000	9.800671e+04	1.977341e-04
	0	48	-27.000000	61.500000	9.755143e+04	1.056962e-04
	131	64	5.750000	57.500000	9.854200e+04	1.810962e-04
	113	71	1.250000	55.750000	9.854417e+04	1.929172e-04
2022	2	14	4	15
	6	7	-25.500000	71.750000	9.985324e+04	5.086603e-05
	231	7	30.750000	71.750000	9.803895e+04	2.027655e-04
	7	45	-25.250000	62.250000	9.711785e+04	2.833929e-04
	134	62	6.500000	58.000000	9.855536e+04	1.715602e-04
2022	2	14	4	18
	252	6	36.000000	72.000000	9.807185e+04	1.265094e-04
	1	41	-26.750000	63.250000	9.678633e+04	1.976383e-04
	133	61	6.250000	58.250000	9.881407e+04	1.606561e-04
	137	120	7.250000	43.500000	1.010451e+05	1.353732e-04
2022	2	14	6	21
	246	5	34.500000	72.250000	9.811945e+04	9.845661e-05
	260	13	38.000000	70.250000	9.811945e+04	1.468134e-04
	0	38	-27.000000	64.000000	9.668027e+04	1.481728e-04
	27	39	-20.250000	63.750000	9.668027e+04	-1.976123e-05
	131	62	5.750000	58.000000	9.890309e+04	1.451948e-04
	138	121	7.500000	43.250000	1.010471e+05	1.011486e-04
2022	2	15	6	0
	242	6	33.500000	72.000000	9.811510e+04	1.298687e-04
	6	7	-25.500000	71.750000	9.963495e+04	5.050762e-05
	264	11	39.000000	70.750000	9.811510e+04	1.351329e-04
	0	40	-27.000000	63.500000	9.707610e+04	8.951916e-05
	123	53	3.750000	60.250000	9.892363e+04	5.306906e-05
	146	118	9.500000	44.000000	1.010000e+05	1.289884e-04
2022	2	15	8	3
	6	7	-25.500000	71.750000	9.963729e+04	4.866378e-05
	268	10	40.000000	71.000000	9.811978e+04	2.061154e-04
	241	11	33.250000	70.750000	9.811978e+04	2.713330e-04
	3	37	-26.250000	64.250000	9.698173e+04	1.583044e-04
	122	52	3.500000	60.500000	9.885048e+04	4.728500e-05
	135	58	6.750000	59.000000	9.885048e+04	1.456194e-04
	171	103	15.750000	47.750000	1.009439e+05	4.573519e-05
	147	117	9.750000	44.250000	1.009602e+05	1.012676e-04
2022	2	15	5	6
	269	10	40.250000	71.000000	9.817690e+04	1.957681e-04
	0	34	-27.000000	65.000000	9.686499e+04	7.652036e-05
	24	35	-21.000000	64.750000	9.686499e+04	9.282018e-05
	122	51	3.500000	60.750000	9.879169e+04	3.864635e-05
	159	113	12.750000	45.250000	1.009928e+05	1.057122e-04
2022	2	15	4	9
	272	10	41.000000	71.000000	9.832188e+04	2.215845e-04
	0	33	-27.000000	65.250000	9.705105e+04	4.457758e-05
	9	85	-24.750000	52.250000	9.894568e+04	1.825430e-04
	158	111	12.500000	45.750000	1.010967e+05	9.469072e-05
2022	2	15	6	12
	276	10	42.000000	71.000000	9.846300e+04	2.028305e-04
	25	34	-20.750000	65.000000	9.717714e+04	9.703052e-05
	0	38	-27.000000	64.000000	9.717714e+04	-1.057007e-05
	41	40	-16.750000	63.500000	9.755660e+04	1.888509e-04
	20	82	-22.000000	53.000000	9.872839e+04	1.963183e-04
	156	118	12.000000	44.000000	1.011329e+05	3.375162e-07
2022	2	15	5	15
	279	10	42.750000	71.000000	9.857974e+04	2.316460e-04
	0	39	-27.000000	63.750000	9.713823e+04	1.273559e-05
	32	79	-19.000000	53.750000	9.842175e+04	2.141443e-04
	1	82	-26.750000	53.000000	9.841055e+04	1.046445e-04
	163	162	13.750000	33.000000	1.015261e+05	2.099297e-05
2022	2	15	2	18
	279	10	42.750000	71.000000	9.870066e+04	2.304276e-04
	163	162	13.750000	33.000000	1.015493e+05	1.016015e-05
2022	2	15	5	21
	283	10	43.750000	71.000000	9.884296e+04	2.650056e-04
	0	40	-27.000000	63.500000	9.720570e+04	2.679291e-05
	118	54	2.500000	60.000000	9.818174e+04	1.520182e-04
	118	55	2.500000	59.750000	9.818174e+04	1.750956e-04
	51	75	-14.250000	54.750000	9.823937e+04	1.991074e-04
2022	2	16	2	0
	285	10	44.250000	71.000000	9.896138e+04	2.043790e-04
	121	54	3.250000	60.000000	9.812830e+04	1.983317e-04
2022	2	16	2	3
	286	9	44.500000	71.250000	9.903219e+04	1.714008e-04
	12	72	-24.000000	55.500000	9.751752e+04	1.738130e-04
2022	2	16	4	6
	283	10	43.750000	71.000000	9.911286e+04	2.011387e-04
	38	66	-17.500000	57.000000	9.726399e+04	1.671179e-04
	22	69	-21.500000	56.250000	9.726399e+04	2.152668e-04
	137	116	7.250000	44.500000	1.012388e+05	6.930983e-05
2022	2	16	2	9
	46	63	-15.500000	57.750000	9.709197e+04	2.125379e-04
	31	67	-19.250000	56.750000	9.709197e+04	2.337947e-04
2022	2	16	1	12
	50	62	-14.500000	58.000000	9.682975e+04	2.529497e-04
2022	2	16	3	15
	70	61	-9.500000	58.250000	9.683659e+04	1.829621e-04
	54	64	-13.500000	57.500000	9.683659e+04	3.414989e-04
	183	144	18.750000	37.500000	1.011999e+05	1.342972e-04
2022	2	16	3	18
	0	37	-27.000000	64.250000	9.822851e+04	-2.633401e-05
	74	61	-8.500000	58.250000	9.713623e+04	1.121891e-04
	186	140	19.500000	38.500000	1.011740e+05	1.323934e-04
2022	2	16	5	21
	280	5	43.000000	72.250000	9.908096e+04	2.001768e-04
	98	62	-2.500000	58.000000	9.726650e+04	1.232472e-04
	138	117	7.500000	44.250000	1.010021e+05	5.300598e-05
	280	121	43.000000	43.250000	1.018750e+05	-2.285858e-05
	188	141	20.000000	38.250000	1.011379e+05	1.223082e-04
2022	2	17	4	0
	275	6	41.750000	72.000000	9.903787e+04	2.014689e-04
	134	68	6.500000	56.500000	9.712320e+04	2.068430e-04
	138	117	7.500000	44.250000	1.008592e+05	8.800654e-05
	186	140	19.500000	38.500000	1.010402e+05	1.415439e-04
2022	2	17	3	3
	272	6	41.000000	72.000000	9.900798e+04	2.025858e-04
	166	75	14.500000	54.750000	9.716027e+04	2.173558e-04
	184	142	19.000000	38.000000	1.009863e+05	1.678099e-04
2022	2	17	4	6
	269	7	40.250000	71.750000	9.898543e+04	1.851900e-04
	112	37	1.000000	64.250000	9.785907e+04	1.169400e-04
	183	75	18.750000	54.750000	9.704002e+04	1.745873e-04
	184	146	19.000000	37.000000	1.010736e+05	1.545092e-04
2022	2	17	5	9
	267	7	39.750000	71.750000	9.901866e+04	1.763321e-04
	110	37	0.500000	64.250000	9.797197e+04	1.207328e-04
	195	73	21.750000	55.250000	9.697422e+04	2.024354e-04
	49	92	-14.750000	50.500000	1.000171e+05	1.843423e-04
	137	118	7.250000	44.000000	1.009609e+05	5.800806e-05
2022	2	17	4	12
	267	8	39.750000	71.500000	9.903537e+04	1.668422e-04
	108	37	0.000000	64.250000	9.805180e+04	1.395682e-04
	205	72	24.250000	55.500000	9.688988e+04	1.972112e-04
	60	88	-12.000000	51.500000	9.984606e+04	2.089242e-04
2022	2	17	4	15
	269	9	40.250000	71.250000	9.906593e+04	1.427106e-04
	106	38	-0.500000	64.000000	9.807786e+04	1.677797e-04
	211	71	25.750000	55.750000	9.691259e+04	2.058828e-04
	71	85	-9.250000	52.250000	9.966719e+04	2.124630e-04
2022	2	17	5	18
	107	40	-0.250000	63.500000	9.806199e+04	1.897788e-04
	0	52	-27.000000	60.500000	9.915662e+04	-4.638702e-05
	4	64	-26.000000	57.500000	9.884713e+04	2.175733e-04
	219	68	27.750000	56.500000	9.699927e+04	2.367220e-04
	86	81	-5.500000	53.250000	9.939912e+04	2.335871e-04
2022	2	17	3	21
	109	41	0.250000	63.250000	9.805013e+04	1.321493e-04
	225	65	29.250000	57.250000	9.709764e+04	2.191276e-04
	97	79	-2.750000	53.750000	9.942368e+04	2.154378e-04
2022	2	18	4	0
	112	41	1.000000	63.250000	9.804112e+04	8.031386e-05
	25	48	-20.750000	61.500000	9.837130e+04	2.031870e-04
	225	56	29.250000	59.500000	9.717965e+04	1.538872e-04
	112	76	1.000000	54.500000	9.929941e+04	1.937777e-04
2022	2	18	5	3
	116	40	2.000000	63.500000	9.798734e+04	7.243628e-05
	74	49	-8.500000	61.250000	9.815252e+04	1.967432e-04
	23	50	-21.250000	61.000000	9.823319e+04	2.614448e-04
	227	54	29.750000	60.000000	9.714708e+04	1.836178e-04
	124	75	4.000000	54.750000	9.916530e+04	1.606999e-04
2022	2	18	5	6
	122	33	3.500000	65.250000	9.789230e+04	8.215357e-05
	79	49	-7.250000	61.250000	9.804145e+04	2.193053e-04
	229	52	30.250000	60.500000	9.713689e+04	1.895618e-04
	25	53	-20.750000	60.250000	9.812663e+04	3.106201e-04
	135	74	6.750000	55.000000	9.910518e+04	1.703612e-04
2022	2	18	5	9
	6	7	-25.500000	71.750000	1.002090e+05	-3.209354e-05
	120	33	3.000000	65.250000	9.787243e+04	7.795829e-05
	84	49	-6.000000	61.250000	9.805348e+04	2.005505e-04
	232	50	31.000000	61.000000	9.720186e+04	1.409837e-04
	31	55	-19.250000	59.750000	9.809623e+04	3.793426e-04
2022	2	18	6	12
	6	7	-25.500000	71.750000	1.002260e+05	-4.158357e-05
	134	32	6.500000	65.500000	9.784688e+04	1.678056e-04
	238	47	32.500000	61.750000	9.731059e+04	8.345096e-05
	91	48	-4.250000	61.500000	9.798901e+04	1.812163e-04
	36	56	-18.000000	59.500000	9.827360e+04	3.138455e-04
	275	117	41.750000	44.250000	1.001554e+05	-8.909072e-05
2022	2	18	4	15
	135	29	6.750000	66.250000	9.773314e+04	1.621069e-04
	243	44	33.750000	62.500000	9.740762e+04	7.406230e-05
	44	58	-16.000000	59.000000	9.843177e+04	2.602739e-04
	278	118	42.500000	44.000000	1.004189e+05	-1.892660e-05
2022	2	18	7	18
	6	7	-25.500000	71.750000	1.001490e+05	-3.513966e-05
	133	28	6.250000	66.500000	9.763076e+04	1.552765e-04
	118	35	2.500000	64.750000	9.763076e+04	1.153473e-04
	247	38	34.750000	64.000000	9.744888e+04	5.350835e-05
	0	59	-27.000000	58.750000	9.846651e+04	1.658102e-04
	52	60	-14.000000	58.500000	9.855937e+04	2.726945e-04
	119	83	2.750000	52.750000	9.916246e+04	1.413569e-04
2022	2	18	5	21
	6	7	-25.500000	71.750000	1.001337e+05	-2.885629e-05
	131	29	5.750000	66.250000	9.757280e+04	1.808524e-04
	251	35	35.750000	64.750000	9.741931e+04	5.947875e-05
	0	54	-27.000000	60.000000	9.803995e+04	1.307880e-04
	129	81	5.250000	53.250000	9.901532e+04	1.755749e-04
2022	2	19	7	0
	6	7	-25.500000	71.750000	1.001233e+05	-1.490461e-05
	131	29	5.750000	66.250000	9.755710e+04	1.947377e-04
	252	31	36.000000	65.750000	9.743051e+04	8.016894e-05
	118	39	2.500000	63.750000	9.755710e+04	1.710203e-04
	3	51	-26.250000	60.750000	9.776938e+04	1.892365e-04
	147	79	9.750000	53.750000	9.889223e+04	1.935248e-04
	106	135	-0.500000	39.750000	1.013870e+05	4.809277e-05
2022	2	19	6	3
	133	28	6.250000	66.500000	9.751418e+04	2.228172e-04
	252	29	36.000000	66.250000	9.740027e+04	1.234566e-04
	121	41	3.250000	63.250000	9.752938e+04	2.331410e-04
	4	48	-26.000000	61.500000	9.756445e+04	2.071122e-04
	162	78	13.500000	54.000000	9.873623e+04	2.291943e-04
	108	139	0.000000	38.750000	1.013941e+05	5.680790e-05
2022	2	19	8	6
	263	20	38.750000	68.500000	9.742116e+04	1.085158e-04
	134	27	6.500000	66.750000	9.752520e+04	2.281091e-04
	253	28	36.250000	66.500000	9.742116e+04	1.364053e-04
	129	37	5.250000	64.250000	9.752520e+04	1.480662e-04
	1	45	-26.750000	62.250000	9.720770e+04	1.946968e-04
	24	50	-21.000000	61.000000	9.721573e+04	1.799438e-04
	177	76	17.250000	54.500000	9.859327e+04	2.230788e-04
	137	117	7.250000	44.250000	1.012984e+05	1.550433e-04
2022	2	19	9	9
	288	12	45.000000	70.500000	9.788445e+04	5.905217e-05
	136	26	7.000000	67.000000	9.757932e+04	1.870913e-04
	254	27	36.500000	66.750000	9.748545e+04	1.351999e-04
	0	42	-27.000000	63.000000	9.698641e+04	1.272481e-04
	24	47	-21.000000	61.750000	9.704052e+04	1.514261e-04
	25	47	-20.750000	61.750000	9.709464e+04	1.537934e-04
	188	75	20.000000	54.750000	9.860730e+04	2.064605e-04
	189	75	20.250000	54.750000	9.860730e+04	2.053380e-04
	137	117	7.250000	44.250000	1.014033e+05	1.274149e-04
2022	2	19	7	12
	138	25	7.500000	67.250000	9.760788e+04	1.502837e-04
	256	25	37.000000	67.250000	9.752654e+04	1.480167e-04
	21	43	-21.750000	62.750000	9.736120e+04	1.283140e-04
	212	75	26.000000	54.750000	9.847720e+04	1.959594e-04
	148	115	10.000000	44.750000	1.013981e+05	4.881910e-05
	137	118	7.250000	44.000000	1.013981e+05	1.173116e-04
	95	145	-3.250000	37.250000	1.017763e+05	4.298283e-05
2022	2	19	6	15
	261	19	38.250000	68.750000	9.755995e+04	1.352909e-04
	141	23	8.250000	67.750000	9.764429e+04	1.168066e-04
	222	74	28.500000	55.000000	9.843812e+04	1.966858e-04
	135	120	6.750000	43.500000	1.014125e+05	1.548112e-04
	146	126	9.500000	42.000000	1.014125e+05	5.524930e-06
	96	144	-3.000000	37.500000	1.016804e+05	1.758837e-05
2022	2	19	4	18
	262	19	38.500000	68.750000	9.755126e+04	1.840032e-04
	135	23	6.750000	67.750000	9.764145e+04	1.891789e-04
	232	74	31.000000	55.000000	9.837966e+04	2.140864e-04
	139	122	7.750000	43.000000	1.017036e+05	7.498593e-05
2022	2	19	6	21
	264	20	39.000000	68.500000	9.759502e+04	1.663885e-04
	137	22	7.250000	68.000000	9.759886e+04	2.250153e-04
	242	74	33.500000	55.000000	9.840738e+04	1.835317e-04
	276	150	42.000000	36.000000	1.013467e+05	3.567609e-05
	280	150	43.000000	36.000000	1.012431e+05	-2.373401e-05
	286	162	44.500000	33.000000	1.011646e+05	1.049669e-04
2022	2	20	11	0
	278	9	42.500000	71.250000	9.763143e+04	9.026155e-05
	266	20	39.500000	68.500000	9.763143e+04	1.280903e-04
	141	22	8.250000	68.000000	9.754641e+04	2.411117e-04
	264	74	39.000000	55.000000	9.829314e+04	1.638275e-04
	288	76	45.000000	54.500000	9.911136e+04	9.562096e-05
	274	150	41.500000	36.000000	1.012854e+05	4.178248e-05
	68	151	-10.000000	35.750000	1.023468e+05	1.383910e-04
	263	156	38.750000	34.500000	1.014512e+05	-6.187051e-06
	273	159	41.250000	33.750000	1.011191e+05	-1.392365e-05
	86	162	-5.500000	33.000000	1.023002e+05	-2.790284e-05
	285	162	44.250000	33.000000	1.011191e+05	1.291420e-04
