2022	2	16	6	0
	288	11	45.000000	70.750000	9.885745e+04	9.328163e-05
	55	39	-13.250000	63.750000	9.730094e+04	3.550386e-04
	118	53	2.500000	60.250000	9.794860e+04	1.597522e-04
	66	67	-10.500000	56.750000	9.724332e+04	2.875103e-04
	171	121	15.750000	43.250000	1.014402e+05	3.570714e-05
	280	121	43.000000	43.250000	1.021087e+05	1.674503e-05
2022	2	16	6	3
	51	38	-14.250000	64.000000	9.719376e+04	3.635247e-04
	120	52	3.000000	60.500000	9.792062e+04	1.473612e-04
	75	67	-8.250000	56.750000	9.732435e+04	2.730660e-04
	90	70	-4.500000	56.000000	9.732435e+04	2.076108e-04
	280	121	43.000000	43.250000	1.021551e+05	2.014628e-05
	174	123	16.500000	42.750000	1.014518e+05	5.851028e-05
2022	2	16	4	6
	120	34	3.000000	65.000000	9.780705e+04	2.179016e-04
	45	37	-15.750000	64.250000	9.742378e+04	3.127355e-04
	121	51	3.250000	60.750000	9.784127e+04	1.407538e-04
	100	67	-2.000000	56.750000	9.746346e+04	2.306878e-04
2022	2	16	6	9
	37	34	-17.750000	65.000000	9.748991e+04	2.636026e-04
	114	34	1.500000	65.000000	9.765244e+04	2.257048e-04
	43	60	-16.250000	58.500000	9.752670e+04	6.222605e-05
	112	66	1.000000	57.000000	9.745145e+04	2.458665e-04
	50	70	-14.500000	56.000000	9.752670e+04	1.582859e-04
	183	137	18.750000	39.250000	1.014887e+05	1.154849e-04
2022	2	16	7	12
	29	31	-19.750000	65.750000	9.765533e+04	2.019844e-04
	110	35	0.500000	64.750000	9.745662e+04	1.925209e-04
	124	47	4.000000	61.750000	9.750907e+04	1.392266e-04
	50	59	-14.500000	58.750000	9.710466e+04	7.262892e-05
	123	66	3.750000	57.000000	9.725563e+04	2.437631e-04
	65	67	-10.750000	56.750000	9.710466e+04	2.169665e-04
	184	140	19.000000	38.500000	1.012555e+05	1.723438e-04
2022	2	16	5	15
	20	30	-22.000000	66.000000	9.780766e+04	1.934017e-04
	106	36	-0.500000	64.500000	9.727251e+04	1.730576e-04
	77	66	-7.750000	57.000000	9.686293e+04	2.828324e-04
	135	66	6.750000	57.000000	9.703884e+04	2.449428e-04
	185	137	19.250000	39.250000	1.011080e+05	1.762421e-04
2022	2	16	6	18
	7	28	-25.250000	66.500000	9.794769e+04	2.357876e-04
	102	36	-1.500000	64.500000	9.716821e+04	1.891333e-04
	91	66	-4.250000	57.000000	9.693530e+04	3.066447e-04
	147	66	9.750000	57.000000	9.691523e+04	2.492168e-04
	278	120	42.500000	43.500000	1.022057e+05	-1.443221e-05
	186	137	19.500000	39.250000	1.011674e+05	1.349562e-04
2022	2	16	8	21
	288	9	45.000000	71.250000	9.912823e+04	1.258861e-04
	0	27	-27.000000	66.750000	9.825692e+04	1.192152e-04
	174	63	16.500000	57.750000	9.665860e+04	1.909457e-04
	157	65	12.250000	57.250000	9.665860e+04	2.195809e-04
	110	67	0.500000	56.750000	9.693378e+04	2.405201e-04
	137	117	7.250000	44.250000	1.011605e+05	5.232539e-05
	278	120	42.500000	43.500000	1.021605e+05	-2.983827e-05
	184	135	19.000000	39.750000	1.011919e+05	1.121034e-04
2022	2	17	4	0
	287	9	44.750000	71.250000	9.912473e+04	1.136559e-04
	191	59	20.750000	58.750000	9.635241e+04	2.296414e-04
	138	117	7.500000	44.250000	1.010226e+05	4.636026e-05
	183	135	18.750000	39.750000	1.012485e+05	1.156726e-04
2022	2	17	5	3
	284	10	44.000000	71.000000	9.916487e+04	1.879293e-04
	198	54	22.500000	60.000000	9.601352e+04	2.944222e-04
	184	62	19.000000	58.000000	9.601352e+04	1.401983e-04
	138	117	7.500000	44.250000	1.008524e+05	6.921226e-05
	183	136	18.750000	39.500000	1.011650e+05	9.655652e-05
2022	2	17	3	6
	284	11	44.000000	70.750000	9.921154e+04	1.616298e-04
	200	51	23.000000	60.750000	9.590831e+04	2.853899e-04
	197	65	22.250000	57.250000	9.597187e+04	1.722813e-04
2022	2	17	3	9
	201	48	23.250000	61.500000	9.585070e+04	2.540326e-04
	206	60	24.500000	58.500000	9.585145e+04	2.201768e-04
	4	122	-26.000000	43.000000	1.011849e+05	1.275656e-04
2022	2	17	4	12
	202	48	23.500000	61.500000	9.577331e+04	2.268418e-04
	213	54	26.250000	60.000000	9.577331e+04	2.018098e-04
	17	113	-22.750000	45.250000	1.007776e+05	1.767424e-04
	273	119	41.250000	43.750000	1.012757e+05	-3.887575e-05
2022	2	17	2	15
	215	48	26.750000	61.500000	9.574640e+04	1.728470e-04
	22	109	-21.500000	46.250000	1.002419e+05	2.232393e-04
2022	2	17	3	18
	3	38	-26.250000	64.000000	9.919877e+04	2.156691e-05
	215	43	26.750000	62.750000	9.566126e+04	1.521504e-04
	29	106	-19.750000	47.000000	9.990025e+04	2.581416e-04
2022	2	17	3	21
	2	37	-26.500000	64.250000	9.913294e+04	1.039650e-05
	214	40	26.500000	63.500000	9.563967e+04	1.373327e-04
	37	103	-17.750000	47.750000	9.970078e+04	2.915100e-04
2022	2	18	3	0
	6	7	-25.500000	71.750000	1.004681e+05	-1.931178e-05
	213	38	26.250000	64.000000	9.563238e+04	1.433128e-04
	50	97	-14.500000	49.250000	9.955194e+04	2.437246e-04
2022	2	18	4	3
	6	7	-25.500000	71.750000	1.004372e+05	-6.609440e-06
	213	37	26.250000	64.250000	9.560774e+04	1.631583e-04
	214	37	26.500000	64.250000	9.560774e+04	1.644670e-04
	60	93	-12.000000	50.250000	9.928847e+04	2.698044e-04
2022	2	18	8	6
	6	7	-25.500000	71.750000	1.003671e+05	-2.152232e-05
	213	36	26.250000	64.500000	9.564682e+04	1.687258e-04
	87	88	-5.250000	51.500000	9.911393e+04	2.000058e-04
	69	90	-9.750000	51.000000	9.911393e+04	3.028115e-04
	137	113	7.250000	45.250000	1.015040e+05	-1.357250e-05
	144	125	9.000000	42.250000	1.015047e+05	1.412729e-04
	251	161	35.750000	33.250000	1.011598e+05	1.891135e-05
	264	161	39.000000	33.250000	1.011598e+05	4.697007e-05
2022	2	18	5	9
	6	7	-25.500000	71.750000	1.003592e+05	-2.298913e-05
	214	36	26.500000	64.500000	9.576920e+04	1.711585e-04
	76	90	-8.000000	51.000000	9.899793e+04	3.489275e-04
	268	159	40.000000	33.750000	1.010568e+05	8.481227e-05
	256	162	37.000000	33.000000	1.010568e+05	4.611723e-06
2022	2	18	8	12
	6	7	-25.500000	71.750000	1.003886e+05	-3.561164e-05
	216	35	27.000000	64.750000	9.595681e+04	1.890055e-04
	109	85	0.250000	52.250000	9.900781e+04	1.179844e-04
	86	89	-5.500000	51.250000	9.896859e+04	3.978708e-04
	275	117	41.750000	44.250000	1.002780e+05	-9.909754e-05
	270	158	40.500000	34.000000	1.008229e+05	8.382351e-05
	269	159	40.250000	33.750000	1.008229e+05	6.149856e-05
	257	162	37.250000	33.000000	1.008229e+05	-4.153330e-06
2022	2	18	9	15
	2	6	-26.500000	72.000000	1.004217e+05	2.050586e-05
	217	34	27.250000	65.000000	9.608848e+04	1.523734e-04
	0	57	-27.000000	59.250000	9.854472e+04	1.704943e-05
	119	83	2.750000	52.750000	9.884103e+04	1.431941e-04
	97	87	-2.750000	51.750000	9.879026e+04	3.999135e-04
	278	118	42.500000	44.000000	1.004552e+05	-3.806296e-05
	273	129	41.250000	41.250000	1.004552e+05	5.023835e-06
	272	156	41.000000	34.500000	1.008800e+05	9.921227e-05
	257	162	37.250000	33.000000	1.009245e+05	-1.024871e-05
2022	2	18	8	18
	6	7	-25.500000	71.750000	1.003171e+05	-3.055669e-05
	220	33	28.000000	65.250000	9.614214e+04	1.340464e-04
	0	54	-27.000000	60.000000	9.795544e+04	5.706854e-05
	134	78	6.500000	54.000000	9.872716e+04	2.351090e-04
	116	84	2.000000	52.500000	9.872807e+04	3.020590e-04
	282	121	43.500000	43.250000	1.005183e+05	5.543360e-06
	272	155	41.000000	34.750000	1.010405e+05	1.040540e-04
	260	162	38.000000	33.000000	1.010577e+05	-1.525436e-05
2022	2	18	7	21
	6	7	-25.500000	71.750000	1.003424e+05	-1.391841e-05
	222	33	28.500000	65.250000	9.619444e+04	1.331556e-04
	0	50	-27.000000	61.000000	9.782059e+04	1.095915e-04
	152	77	11.000000	54.250000	9.843206e+04	1.970610e-04
	153	77	11.250000	54.250000	9.843206e+04	1.916547e-04
	107	128	-0.250000	41.500000	1.015057e+05	4.297494e-05
	273	154	41.250000	35.000000	1.010934e+05	1.102272e-04
2022	2	19	7	0
	6	7	-25.500000	71.750000	1.002919e+05	-5.490222e-06
	227	32	29.750000	65.500000	9.630132e+04	7.150115e-05
	17	52	-22.750000	60.500000	9.774062e+04	2.325535e-04
	166	75	14.500000	54.750000	9.819793e+04	2.105871e-04
	139	109	7.750000	46.250000	1.006961e+05	-8.555075e-05
	128	122	5.000000	43.000000	1.013625e+05	1.183902e-04
	287	140	44.750000	38.500000	1.012394e+05	-2.403895e-06
2022	2	19	5	3
	231	32	30.750000	65.500000	9.638555e+04	1.034523e-04
	19	50	-22.250000	61.000000	9.770063e+04	2.292995e-04
	39	55	-17.250000	59.750000	9.770063e+04	2.139771e-04
	180	73	18.000000	55.250000	9.789341e+04	2.375144e-04
	137	117	7.250000	44.250000	1.013131e+05	1.054059e-04
2022	2	19	5	6
	236	30	32.000000	66.000000	9.650762e+04	1.003540e-04
	20	49	-22.000000	61.250000	9.778608e+04	2.150618e-04
	47	54	-15.250000	60.000000	9.777573e+04	2.257622e-04
	193	71	21.250000	55.750000	9.779155e+04	2.441794e-04
	137	117	7.250000	44.250000	1.013000e+05	1.136011e-04
2022	2	19	7	9
	241	29	33.250000	66.250000	9.669980e+04	1.170960e-04
	240	30	33.000000	66.000000	9.669980e+04	1.247451e-04
	16	48	-23.000000	61.500000	9.801580e+04	1.950701e-04
	60	54	-12.000000	60.000000	9.780645e+04	2.393476e-04
	75	59	-8.250000	58.750000	9.780645e+04	2.797364e-04
	209	70	25.250000	56.000000	9.771280e+04	2.205644e-04
	137	117	7.250000	44.250000	1.014498e+05	1.174666e-04
2022	2	19	9	12
	6	7	-25.500000	71.750000	1.002309e+05	1.854649e-05
	247	16	34.750000	69.500000	9.694473e+04	6.741673e-05
	251	29	35.750000	66.250000	9.693576e+04	1.476124e-04
	61	53	-11.750000	60.250000	9.794616e+04	2.474258e-04
	82	57	-6.500000	59.250000	9.794616e+04	2.754380e-04
	219	70	27.750000	56.000000	9.769607e+04	1.735309e-04
	137	117	7.250000	44.250000	1.014449e+05	1.049036e-04
	267	162	39.750000	33.000000	1.010276e+05	6.391067e-05
	278	162	42.500000	33.000000	1.010276e+05	1.012842e-04
2022	2	19	9	15
	6	14	-25.500000	70.000000	1.000036e+05	-1.090098e-05
	260	15	38.000000	69.750000	9.707471e+04	7.571474e-05
	258	26	37.500000	67.000000	9.707471e+04	1.523792e-04
	0	49	-27.000000	61.250000	9.798509e+04	8.247539e-05
	64	54	-11.000000	60.000000	9.804180e+04	2.895024e-04
	85	55	-5.750000	59.750000	9.804180e+04	2.688468e-04
	86	55	-5.500000	59.750000	9.804180e+04	2.717706e-04
	230	70	30.500000	56.000000	9.773362e+04	2.050742e-04
	135	119	6.750000	43.750000	1.013677e+05	1.061070e-04
2022	2	19	8	18
	259	15	37.750000	69.750000	9.717277e+04	8.476525e-05
	264	24	39.000000	67.500000	9.717277e+04	7.735137e-05
	90	55	-4.500000	59.750000	9.823852e+04	2.405384e-04
	68	56	-10.000000	59.500000	9.823852e+04	2.529928e-04
	246	67	34.500000	56.750000	9.775445e+04	1.698338e-04
	135	119	6.750000	43.750000	1.015507e+05	1.102201e-04
	267	161	39.750000	33.250000	1.013243e+05	8.568564e-05
	279	162	42.750000	33.000000	1.013243e+05	2.302082e-05
2022	2	19	7	21
	261	15	38.250000	69.750000	9.719998e+04	8.720773e-05
	128	33	5.000000	65.250000	9.842248e+04	1.705653e-04
	0	54	-27.000000	60.000000	9.653576e+04	1.167995e-04
	95	56	-3.250000	59.500000	9.850838e+04	2.268759e-04
	125	61	4.250000	58.250000	9.856889e+04	2.027348e-04
	254	66	36.500000	57.000000	9.771827e+04	1.541114e-04
	141	122	8.250000	43.000000	1.016841e+05	5.674580e-05
2022	2	20	6	0
	276	17	42.000000	69.250000	9.727859e+04	1.278267e-04
	131	34	5.750000	65.000000	9.846748e+04	1.804702e-04
	0	51	-27.000000	60.750000	9.605320e+04	1.032423e-04
	100	56	-2.000000	59.500000	9.869812e+04	2.126495e-04
	131	62	5.750000	58.000000	9.868748e+04	2.107021e-04
	262	65	38.500000	57.250000	9.777802e+04	1.646680e-04
