2022	2	10	8	0
	162	5	13.500000	72.250000	9.695202e+04	1.367317e-04
	148	22	10.000000	68.000000	9.654235e+04	4.167349e-04
	59	56	-12.250000	59.500000	9.858971e+04	4.881663e-04
	152	106	11.000000	47.000000	1.022624e+05	-4.145070e-05
	139	110	7.750000	46.000000	1.022624e+05	-8.150130e-05
	260	146	38.000000	37.000000	1.008066e+05	3.847585e-05
	248	157	35.000000	34.250000	1.007980e+05	1.535124e-04
	277	162	42.250000	33.000000	1.008347e+05	9.300226e-05
2022	2	10	8	6
	175	4	16.750000	72.500000	9.710942e+04	1.451871e-04
	8	6	-25.000000	72.000000	1.002780e+05	-1.292890e-05
	171	12	15.750000	70.500000	9.680384e+04	4.061945e-05
	10	14	-24.500000	70.000000	1.002780e+05	5.050934e-05
	166	22	14.500000	68.000000	9.680384e+04	3.974063e-04
	76	59	-8.000000	58.750000	9.910699e+04	4.684597e-04
	158	106	12.500000	47.000000	1.021421e+05	-4.125494e-05
	250	152	35.500000	35.500000	1.010548e+05	8.149216e-05
2022	2	10	10	12
	204	0	24.000000	73.500000	9.727720e+04	-2.934609e-05
	176	6	17.000000	72.000000	9.727720e+04	2.572361e-04
	6	7	-25.500000	71.750000	1.002205e+05	-1.192088e-05
	206	8	24.500000	71.500000	9.727720e+04	-4.375922e-06
	19	20	-22.250000	68.500000	1.002021e+05	7.010611e-05
	191	26	20.750000	67.000000	9.746440e+04	1.901761e-04
	94	63	-3.500000	57.750000	9.991692e+04	3.890697e-04
	137	117	7.250000	44.250000	1.022638e+05	1.277158e-04
	284	139	44.000000	38.750000	1.010175e+05	3.323199e-05
	269	157	40.250000	34.250000	1.010111e+05	3.047723e-05
2022	2	10	8	18
	189	4	20.250000	72.500000	9.749184e+04	1.691251e-04
	8	6	-25.000000	72.000000	9.997357e+04	-5.330141e-05
	10	14	-24.500000	70.000000	9.980755e+04	-5.683268e-06
	38	16	-17.500000	69.500000	9.980755e+04	1.225781e-04
	208	27	25.000000	66.750000	9.795032e+04	1.889665e-04
	110	69	0.500000	56.250000	1.003840e+05	3.603568e-04
	136	119	7.000000	43.750000	1.022716e+05	8.587403e-05
	87	156	-5.250000	34.500000	1.021233e+05	1.023249e-05
2022	2	11	5	0
	202	7	23.500000	71.750000	9.778527e+04	1.924116e-04
	47	12	-15.250000	70.500000	9.945100e+04	2.030572e-04
	0	70	-27.000000	56.000000	9.965034e+04	1.269676e-04
	125	75	4.250000	54.750000	1.008641e+05	3.172042e-04
	137	117	7.250000	44.250000	1.022256e+05	9.340396e-05
2022	2	11	5	6
	221	0	28.250000	73.500000	9.809164e+04	-4.516975e-05
	215	9	26.750000	71.250000	9.809164e+04	1.760200e-04
	54	13	-13.500000	70.250000	9.943022e+04	2.303064e-04
	137	80	7.250000	53.500000	1.014784e+05	2.543434e-04
	115	154	1.750000	35.000000	1.023994e+05	-5.649879e-06
2022	2	11	7	12
	232	0	31.000000	73.500000	9.852876e+04	-3.167808e-05
	234	12	31.500000	70.500000	9.852288e+04	1.574254e-04
	72	16	-9.000000	69.500000	9.953352e+04	1.908181e-04
	106	16	-0.500000	69.500000	9.953352e+04	9.422794e-05
	1	57	-26.750000	59.250000	9.893881e+04	1.016125e-04
	20	57	-22.000000	59.250000	9.893881e+04	2.092951e-04
	134	119	6.500000	43.750000	1.021460e+05	8.836014e-05
2022	2	11	6	18
	244	0	34.000000	73.500000	9.873359e+04	-1.695817e-07
	244	14	34.000000	70.000000	9.871928e+04	1.396337e-04
	131	17	5.750000	69.250000	9.903349e+04	1.520665e-04
	19	54	-22.250000	60.000000	9.854836e+04	2.325465e-04
	26	63	-20.500000	57.750000	9.854836e+04	4.555764e-05
	281	77	43.250000	54.250000	9.987713e+04	2.138436e-04
2022	2	12	6	0
	253	0	36.250000	73.500000	9.885316e+04	4.090939e-05
	251	15	35.750000	69.750000	9.880239e+04	1.108633e-04
	150	18	10.500000	69.000000	9.900134e+04	1.904245e-04
	40	50	-17.000000	61.000000	9.860226e+04	2.138961e-04
	16	57	-23.000000	59.250000	9.858207e+04	2.677792e-04
	46	58	-15.500000	59.000000	9.860226e+04	2.972237e-05
2022	2	12	5	6
	255	15	36.750000	69.750000	9.876241e+04	9.766762e-05
	256	15	37.000000	69.750000	9.876241e+04	1.020430e-04
	157	26	12.250000	67.000000	9.934790e+04	2.112128e-04
	36	52	-18.000000	60.500000	9.851072e+04	2.160356e-04
	62	54	-11.500000	60.000000	9.852189e+04	5.189171e-05
2022	2	12	3	12
	256	14	37.000000	70.000000	9.880220e+04	1.110877e-04
	79	49	-7.250000	61.250000	9.850504e+04	1.141279e-04
	280	120	43.000000	43.500000	1.015335e+05	2.225726e-05
2022	2	12	5	18
	255	16	36.750000	69.500000	9.885002e+04	8.723028e-05
	89	47	-4.750000	61.750000	9.846054e+04	1.555530e-04
	90	47	-4.500000	61.750000	9.846054e+04	1.465769e-04
	91	47	-4.250000	61.750000	9.846054e+04	1.372508e-04
	287	123	44.750000	42.750000	1.016360e+05	1.878921e-05
2022	2	13	5	0
	155	0	11.750000	73.500000	9.889354e+04	1.221217e-04
	257	17	37.250000	69.250000	9.910602e+04	1.155237e-04
	119	44	2.750000	62.500000	9.858716e+04	1.572472e-04
	52	93	-14.000000	50.250000	9.962977e+04	2.023193e-04
	287	123	44.750000	42.750000	1.019098e+05	-2.885091e-05
2022	2	13	3	6
	162	3	13.500000	72.750000	9.887315e+04	2.087588e-04
	191	10	20.750000	71.000000	9.887315e+04	7.296380e-05
	73	89	-8.750000	51.250000	9.879612e+04	2.433069e-04
2022	2	13	10	12
	178	0	17.500000	73.500000	9.903820e+04	1.367678e-05
	9	6	-24.750000	72.000000	9.949706e+04	-4.458153e-05
	193	10	21.250000	71.000000	9.903820e+04	1.348350e-04
	165	13	14.250000	70.250000	9.903820e+04	2.107343e-04
	9	14	-24.750000	70.000000	9.949706e+04	5.862430e-05
	202	33	23.500000	65.250000	9.863284e+04	8.584598e-05
	182	41	18.500000	63.250000	9.863284e+04	8.050711e-05
	179	42	17.750000	63.000000	9.865852e+04	1.049027e-04
	86	85	-5.500000	52.250000	9.851091e+04	2.345772e-04
	270	120	40.500000	43.500000	1.029473e+05	3.862514e-05
2022	2	13	5	18
	244	7	34.000000	71.750000	9.916070e+04	1.332277e-04
	195	11	21.750000	70.750000	9.916168e+04	1.035713e-04
	2	17	-26.500000	69.250000	9.950510e+04	8.114587e-05
	216	31	27.000000	65.750000	9.863166e+04	6.857421e-05
	104	80	-1.000000	53.500000	9.847505e+04	1.561504e-04
2022	2	14	4	0
	231	4	30.750000	72.500000	9.895548e+04	1.964498e-04
	1	17	-26.750000	69.250000	9.971052e+04	3.043664e-05
	235	29	31.750000	66.250000	9.868870e+04	5.368705e-05
	118	74	2.500000	55.000000	9.860010e+04	1.468941e-04
2022	2	14	5	6
	68	3	-10.000000	72.750000	1.000898e+05	8.427216e-05
	235	13	31.750000	70.250000	9.862225e+04	3.068293e-04
	251	25	35.750000	67.250000	9.861461e+04	1.556544e-04
	0	47	-27.000000	61.750000	9.889550e+04	1.344890e-04
	132	67	6.000000	56.750000	9.856129e+04	1.623126e-04
2022	2	14	3	12
	257	16	37.250000	69.500000	9.854502e+04	1.151629e-04
	146	67	9.500000	56.750000	9.878652e+04	1.099478e-04
	171	103	15.750000	47.750000	1.007404e+05	7.656232e-05
2022	2	14	6	18
	262	16	38.500000	69.500000	9.854953e+04	1.173496e-04
	288	20	45.000000	68.500000	9.911503e+04	1.793109e-05
	0	31	-27.000000	65.750000	9.777802e+04	7.985757e-05
	0	40	-27.000000	63.500000	9.777802e+04	-1.594509e-05
	157	64	12.250000	57.500000	9.903095e+04	1.101990e-04
	139	120	7.750000	43.500000	1.011698e+05	1.053573e-04
2022	2	15	7	0
	6	7	-25.500000	71.750000	9.841409e+04	1.008257e-06
	262	17	38.500000	69.250000	9.872849e+04	1.329634e-04
	125	53	4.250000	60.250000	1.001239e+05	1.315714e-04
	196	55	22.000000	59.750000	9.937573e+04	2.094390e-04
	168	64	15.000000	57.500000	9.935142e+04	1.131716e-04
	18	65	-22.500000	57.250000	9.768707e+04	2.202915e-04
	145	117	9.250000	44.250000	1.012286e+05	1.115078e-04
2022	2	15	9	6
	6	7	-25.500000	71.750000	9.767277e+04	-4.410089e-05
	258	21	37.500000	68.250000	9.912072e+04	1.532564e-04
	5	28	-25.750000	66.500000	9.641827e+04	1.936170e-04
	37	35	-17.750000	64.750000	9.641396e+04	1.737398e-04
	194	59	21.500000	58.750000	9.949530e+04	1.630553e-04
	157	115	12.250000	44.750000	1.012916e+05	8.887269e-05
	146	118	9.500000	44.000000	1.012916e+05	7.053227e-05
	277	121	42.250000	43.250000	1.019760e+05	-1.832311e-05
	273	130	41.250000	41.000000	1.019760e+05	2.634144e-05
2022	2	15	4	12
	10	23	-24.500000	67.750000	9.598959e+04	2.858068e-04
	283	23	43.750000	67.750000	9.940905e+04	1.570016e-04
	199	59	22.750000	58.750000	9.971484e+04	1.435820e-04
	153	127	11.250000	41.750000	1.015423e+05	4.714497e-05
2022	2	15	7	18
	6	21	-25.500000	68.250000	9.588355e+04	1.445549e-04
	288	24	45.000000	67.500000	9.951784e+04	9.502032e-05
	61	28	-11.750000	66.500000	9.586002e+04	4.494881e-04
	258	29	37.500000	66.250000	9.952960e+04	2.694924e-05
	259	29	37.750000	66.250000	9.952588e+04	1.125011e-05
	0	31	-27.000000	65.750000	9.588355e+04	8.615707e-05
	0	73	-27.000000	55.250000	9.755260e+04	1.183828e-04
2022	2	16	5	0
	40	18	-17.000000	69.000000	9.583199e+04	3.233909e-04
	288	25	45.000000	67.250000	9.965113e+04	1.094323e-04
	0	32	-27.000000	65.500000	9.600645e+04	7.297372e-05
	269	52	40.250000	60.500000	1.000071e+05	1.009926e-04
	25	61	-20.750000	58.250000	9.658861e+04	2.507784e-04
2022	2	16	4	6
	24	13	-21.000000	70.250000	9.532745e+04	5.695182e-04
	10	22	-24.500000	68.000000	9.532745e+04	7.080051e-05
	51	49	-14.250000	61.250000	9.543428e+04	4.474233e-04
	280	121	43.000000	43.250000	1.020386e+05	-2.084014e-05
2022	2	16	2	12
	76	39	-8.000000	63.750000	9.512988e+04	3.491151e-04
	163	158	13.750000	34.000000	1.016460e+05	1.211244e-04
2022	2	16	4	18
	0	30	-27.000000	66.000000	9.631105e+04	1.150972e-04
	100	32	-2.000000	65.500000	9.526885e+04	3.066736e-04
	159	155	12.750000	34.750000	1.016881e+05	1.679063e-04
	160	156	13.000000	34.500000	1.016881e+05	1.538050e-04
2022	2	17	5	0
	134	33	6.500000	65.250000	9.555385e+04	2.608762e-04
	178	47	17.500000	61.750000	9.706943e+04	2.028261e-04
	136	116	7.000000	44.500000	1.026719e+05	3.237078e-05
	162	162	13.500000	33.000000	1.017297e+05	-1.300019e-05
	163	162	13.750000	33.000000	1.017297e+05	-1.360922e-05
2022	2	17	8	6
	80	11	-7.000000	70.750000	9.774862e+04	1.454674e-04
	148	32	10.000000	65.500000	9.626127e+04	3.420895e-04
	162	41	13.500000	63.250000	9.626127e+04	5.070554e-05
	198	47	22.500000	61.750000	9.678286e+04	2.558919e-04
	0	112	-27.000000	45.500000	1.006341e+05	4.573712e-05
	136	116	7.000000	44.500000	1.027470e+05	3.404032e-05
	145	158	9.250000	34.000000	1.016675e+05	1.504301e-04
	156	162	12.000000	33.000000	1.016675e+05	-6.308058e-06
2022	2	17	5	12
	66	9	-10.500000	71.250000	9.799932e+04	1.388643e-04
	162	24	13.500000	67.500000	9.775372e+04	9.829857e-05
	217	49	27.250000	61.250000	9.708178e+04	1.935082e-04
	7	105	-25.250000	47.250000	1.002033e+05	2.348143e-04
	147	161	9.750000	33.250000	1.018073e+05	4.831416e-05
2022	2	17	7	18
	47	8	-15.250000	71.500000	9.804342e+04	2.025812e-04
	158	18	12.500000	69.000000	9.821337e+04	8.276194e-05
	232	49	31.000000	61.250000	9.719684e+04	1.658768e-04
	0	112	-27.000000	45.500000	9.983773e+04	-2.614128e-06
	83	161	-6.250000	33.250000	1.019374e+05	-1.476489e-06
	63	162	-11.250000	33.000000	1.020590e+05	2.729655e-05
	64	162	-11.000000	33.000000	1.020403e+05	3.671166e-05
2022	2	18	6	0
	29	9	-19.750000	71.250000	9.814378e+04	4.924901e-04
	168	16	15.000000	69.500000	9.845016e+04	8.313720e-05
	0	29	-27.000000	66.250000	9.755260e+04	1.014856e-04
	246	50	34.500000	61.000000	9.726055e+04	1.096425e-04
	56	71	-13.000000	55.750000	9.993652e+04	2.204716e-04
	65	162	-10.750000	33.000000	1.021035e+05	4.831006e-05
2022	2	18	6	6
	152	14	11.000000	70.000000	9.859011e+04	1.500097e-04
	37	34	-17.750000	65.000000	9.789641e+04	-2.668247e-05
	256	50	37.000000	61.000000	9.746852e+04	1.122419e-04
	76	61	-8.000000	58.250000	9.940141e+04	2.267186e-04
	283	121	43.750000	43.250000	1.006432e+05	-9.053748e-06
	286	152	44.500000	35.500000	1.013120e+05	5.050491e-05
2022	2	18	7	12
	174	15	16.500000	69.750000	9.867988e+04	1.462014e-04
	40	26	-17.000000	67.000000	9.819475e+04	3.914499e-05
	41	26	-16.750000	67.000000	9.820338e+04	5.480621e-05
	0	32	-27.000000	65.500000	9.789838e+04	9.967269e-05
	264	50	39.000000	61.000000	9.778351e+04	9.357714e-05
	103	52	-1.250000	60.500000	9.887609e+04	2.853887e-04
	59	158	-12.250000	34.000000	1.020666e+05	4.411198e-05
2022	2	18	6	18
	177	14	17.250000	70.000000	9.851523e+04	1.494758e-04
	1	30	-26.750000	66.000000	9.807087e+04	1.726677e-04
	103	30	-1.250000	66.000000	9.831706e+04	2.239339e-04
	0	46	-27.000000	62.000000	9.829628e+04	5.617686e-05
	129	46	5.250000	62.000000	9.847720e+04	3.480518e-04
	275	51	41.750000	60.750000	9.815770e+04	7.900473e-05
2022	2	19	6	0
	179	14	17.750000	70.000000	9.844231e+04	1.307437e-04
	106	27	-0.500000	66.750000	9.793954e+04	3.188676e-04
	158	46	12.500000	62.000000	9.878730e+04	2.216789e-04
	0	47	-27.000000	61.750000	9.668740e+04	1.232610e-04
	284	50	44.000000	61.000000	9.843957e+04	3.111109e-06
	287	130	44.750000	41.000000	1.001429e+05	2.169814e-05
2022	2	19	6	6
	188	13	20.000000	70.250000	9.854189e+04	1.160302e-04
	119	29	2.750000	66.250000	9.816789e+04	3.417405e-04
	0	38	-27.000000	64.000000	9.607898e+04	1.341934e-04
	17	43	-22.750000	62.750000	9.607898e+04	7.006977e-05
	288	50	45.000000	61.000000	9.851562e+04	4.463784e-05
	202	57	23.500000	59.250000	9.879769e+04	1.761985e-04
2022	2	19	7	12
	193	13	21.250000	70.250000	9.878495e+04	9.816726e-05
	143	31	8.750000	65.750000	9.862343e+04	3.174232e-04
	24	35	-21.000000	64.750000	9.557816e+04	3.714520e-04
	0	37	-27.000000	64.250000	9.631909e+04	7.796198e-05
	288	49	45.000000	61.250000	9.848191e+04	3.467638e-05
	0	54	-27.000000	60.000000	9.609171e+04	1.730435e-04
	235	69	31.750000	56.250000	9.875241e+04	1.749151e-04
2022	2	19	8	18
	195	13	21.750000	70.250000	9.909034e+04	8.273008e-05
	51	29	-14.250000	66.250000	9.535745e+04	3.860568e-04
	12	33	-24.000000	65.250000	9.515653e+04	3.902446e-04
	18	50	-22.500000	61.000000	9.555640e+04	1.905104e-04
	288	51	45.000000	60.750000	9.845447e+04	1.595069e-05
	266	81	39.500000	53.250000	9.859011e+04	1.848066e-04
	284	147	44.000000	36.750000	1.017351e+05	4.584253e-05
	150	158	10.500000	34.000000	1.018804e+05	4.994594e-05
2022	2	20	9	0
	195	13	21.750000	70.250000	9.943101e+04	8.098128e-05
	196	13	22.000000	70.250000	9.943101e+04	7.169355e-05
	34	27	-18.500000	66.750000	9.481900e+04	4.536440e-04
	32	40	-19.000000	63.500000	9.507441e+04	-9.443937e-05
	13	41	-23.750000	63.250000	9.531570e+04	3.012495e-04
	50	43	-14.500000	62.750000	9.533452e+04	2.565773e-04
	288	53	45.000000	60.250000	9.860931e+04	4.623146e-05
	284	87	44.000000	51.750000	9.841801e+04	1.593108e-04
	152	156	11.000000	34.500000	1.018971e+05	8.928158e-05
