2022	2	16	7	0
	288	11	45.000000	70.750000	9.876970e+04	8.561784e-05
	54	39	-13.500000	63.750000	9.715443e+04	4.021079e-04
	184	43	19.000000	62.750000	9.899221e+04	1.551752e-04
	118	53	2.500000	60.250000	9.800928e+04	1.262692e-04
	65	67	-10.750000	56.750000	9.706962e+04	3.199820e-04
	280	121	43.000000	43.250000	1.020677e+05	2.652557e-05
	172	122	16.000000	43.000000	1.014217e+05	4.490350e-05
2022	2	16	5	3
	49	38	-14.750000	64.000000	9.722917e+04	3.548232e-04
	75	66	-8.250000	57.000000	9.719894e+04	2.904672e-04
	90	70	-4.500000	56.000000	9.719894e+04	2.019540e-04
	280	121	43.000000	43.250000	1.021395e+05	3.112200e-05
	173	122	16.250000	43.000000	1.014076e+05	5.074992e-05
2022	2	16	3	6
	118	34	2.500000	65.000000	9.782802e+04	2.336250e-04
	44	35	-16.000000	64.750000	9.760209e+04	2.788364e-04
	99	67	-2.250000	56.750000	9.751262e+04	2.045623e-04
2022	2	16	5	9
	112	35	1.000000	64.750000	9.773095e+04	2.221128e-04
	45	62	-15.750000	58.000000	9.764116e+04	9.912500e-05
	110	66	0.500000	57.000000	9.757884e+04	2.127665e-04
	202	125	23.500000	42.250000	1.015764e+05	-9.401608e-05
	183	130	18.750000	41.000000	1.014446e+05	1.122507e-04
2022	2	16	5	12
	110	36	0.500000	64.500000	9.756395e+04	1.634647e-04
	118	65	2.500000	57.250000	9.751573e+04	1.874090e-04
	66	68	-10.500000	56.500000	9.739633e+04	1.893164e-04
	279	120	42.750000	43.500000	1.019951e+05	1.829416e-05
	184	136	19.000000	39.500000	1.011951e+05	1.481537e-04
2022	2	16	6	15
	6	28	-25.500000	66.500000	9.766536e+04	1.700635e-04
	106	36	-0.500000	64.500000	9.743013e+04	1.377109e-04
	127	65	4.750000	57.250000	9.733384e+04	2.040913e-04
	128	65	5.000000	57.250000	9.733384e+04	1.987105e-04
	81	66	-6.750000	57.000000	9.704775e+04	2.505514e-04
	185	135	19.250000	39.750000	1.010485e+05	1.378022e-04
2022	2	16	6	18
	0	34	-27.000000	65.000000	9.790927e+04	2.808155e-05
	135	65	6.750000	57.250000	9.723088e+04	1.654492e-04
	100	68	-2.000000	56.500000	9.719180e+04	1.912142e-04
	136	116	7.000000	44.500000	1.011134e+05	5.429497e-05
	278	120	42.500000	43.500000	1.021930e+05	-2.281658e-05
	185	133	19.250000	40.250000	1.011288e+05	9.110929e-05
2022	2	16	5	21
	288	9	45.000000	71.250000	9.894383e+04	1.011658e-04
	144	65	9.000000	57.250000	9.708559e+04	1.399716e-04
	112	67	1.000000	56.750000	9.710327e+04	1.890639e-04
	137	117	7.250000	44.250000	1.010720e+05	4.970217e-05
	278	120	42.500000	43.500000	1.021402e+05	-3.970691e-05
2022	2	17	4	0
	287	9	44.750000	71.250000	9.893282e+04	1.610329e-04
	184	62	19.000000	58.000000	9.684291e+04	2.110022e-04
	156	65	12.000000	57.250000	9.692619e+04	1.224942e-04
	137	117	7.250000	44.250000	1.009661e+05	8.364163e-05
2022	2	17	6	3
	284	10	44.000000	71.000000	9.895313e+04	2.186415e-04
	190	60	20.500000	58.500000	9.651094e+04	1.821080e-04
	186	71	19.500000	55.750000	9.651094e+04	1.577568e-04
	0	117	-27.000000	44.250000	1.008472e+05	1.185195e-04
	137	117	7.250000	44.250000	1.008267e+05	1.026995e-04
	279	121	42.750000	43.250000	1.018005e+05	-2.477878e-05
2022	2	17	6	6
	284	11	44.000000	70.750000	9.901531e+04	1.924970e-04
	114	37	1.500000	64.250000	9.748673e+04	3.329694e-05
	194	58	21.500000	59.000000	9.632223e+04	2.126359e-04
	197	68	22.250000	56.500000	9.632223e+04	1.549307e-04
	0	113	-27.000000	45.250000	1.001370e+05	1.735726e-04
	279	121	42.750000	43.250000	1.017278e+05	-1.446914e-05
2022	2	17	7	9
	284	12	44.000000	70.500000	9.915114e+04	1.654067e-04
	110	41	0.500000	63.250000	9.764023e+04	6.405025e-05
	197	57	22.250000	59.250000	9.633525e+04	2.536524e-04
	206	64	24.500000	57.500000	9.633525e+04	1.700318e-04
	13	106	-23.750000	47.000000	9.977030e+04	2.697610e-04
	278	120	42.500000	43.500000	1.016287e+05	-4.401065e-05
	271	131	40.750000	40.750000	1.016031e+05	-3.139695e-07
2022	2	17	4	12
	114	42	1.500000	63.000000	9.781515e+04	7.025895e-05
	207	56	24.750000	59.500000	9.636409e+04	4.262179e-05
	22	100	-21.500000	48.500000	9.921642e+04	3.050861e-04
	273	119	41.250000	43.750000	1.012206e+05	-6.122424e-05
2022	2	17	3	15
	121	42	3.250000	63.000000	9.798059e+04	8.075120e-05
	216	54	27.000000	60.000000	9.644860e+04	1.200127e-04
	29	95	-19.750000	49.750000	9.862316e+04	4.249146e-04
2022	2	17	5	18
	129	38	5.250000	64.000000	9.810448e+04	6.292490e-05
	52	43	-14.000000	62.750000	9.866131e+04	1.442937e-04
	26	49	-20.500000	61.250000	9.872721e+04	1.247195e-04
	221	50	28.250000	61.000000	9.645868e+04	9.609092e-05
	39	90	-17.250000	51.000000	9.803362e+04	4.836680e-04
2022	2	17	5	21
	134	39	6.500000	63.750000	9.821163e+04	6.884670e-05
	53	42	-13.750000	63.000000	9.848345e+04	1.413415e-04
	226	47	29.500000	61.750000	9.647837e+04	1.475329e-04
	25	48	-20.750000	61.500000	9.852858e+04	1.287456e-04
	49	86	-14.750000	52.000000	9.742610e+04	5.699896e-04
2022	2	18	5	0
	150	27	10.500000	66.750000	9.830653e+04	2.456612e-05
	52	41	-14.000000	63.250000	9.829041e+04	1.657953e-04
	226	43	29.500000	62.750000	9.648348e+04	1.271293e-04
	22	46	-21.500000	62.000000	9.825505e+04	1.447072e-04
	59	80	-12.250000	53.500000	9.668150e+04	5.225950e-04
2022	2	18	4	3
	227	40	29.750000	63.500000	9.647589e+04	1.058412e-04
	50	41	-14.500000	63.250000	9.798773e+04	1.960723e-04
	19	46	-22.250000	62.000000	9.805627e+04	2.070514e-04
	68	74	-10.000000	55.000000	9.609770e+04	4.984185e-04
2022	2	18	6	6
	226	38	29.500000	64.000000	9.653807e+04	1.217756e-04
	227	38	29.750000	64.000000	9.653807e+04	1.208672e-04
	46	41	-15.500000	63.250000	9.779917e+04	2.031867e-04
	19	47	-22.250000	61.750000	9.795330e+04	2.220741e-04
	81	68	-6.750000	56.500000	9.545125e+04	4.206388e-04
	137	117	7.250000	44.250000	1.014135e+05	9.686473e-05
2022	2	18	6	9
	230	36	30.500000	64.500000	9.662584e+04	1.379678e-04
	40	41	-17.000000	63.250000	9.776010e+04	1.977498e-04
	23	48	-21.250000	61.500000	9.776010e+04	2.138886e-04
	100	66	-2.000000	57.000000	9.528844e+04	4.073487e-04
	85	68	-5.750000	56.500000	9.528844e+04	4.416799e-04
	287	141	44.750000	38.250000	1.012469e+05	2.705983e-05
2022	2	18	5	12
	232	34	31.000000	65.000000	9.666072e+04	1.300776e-04
	35	42	-18.250000	63.000000	9.779623e+04	2.099881e-04
	108	63	0.000000	57.750000	9.501739e+04	3.878835e-04
	287	141	44.750000	38.250000	1.010587e+05	1.308634e-05
	256	162	37.000000	33.000000	1.006957e+05	-2.623611e-05
2022	2	18	3	15
	235	32	31.750000	65.500000	9.675174e+04	1.364217e-04
	32	43	-19.000000	62.750000	9.779142e+04	2.227393e-04
	114	63	1.500000	57.750000	9.493366e+04	3.338405e-04
2022	2	18	6	18
	6	7	-25.500000	71.750000	1.000627e+05	-4.603196e-05
	236	31	32.000000	65.750000	9.676275e+04	1.434931e-04
	30	44	-19.500000	62.500000	9.781391e+04	1.853784e-04
	0	58	-27.000000	59.000000	9.778723e+04	1.106389e-04
	125	64	4.250000	57.500000	9.520843e+04	3.097277e-04
	218	149	27.500000	36.250000	1.008999e+05	1.546090e-04
2022	2	18	5	21
	6	7	-25.500000	71.750000	1.001024e+05	-3.133907e-05
	238	30	32.500000	66.000000	9.687672e+04	1.392477e-04
	48	46	-15.000000	62.000000	9.785795e+04	2.054033e-04
	9	57	-24.750000	59.250000	9.761155e+04	1.743609e-04
	140	65	8.000000	57.250000	9.555670e+04	3.579952e-04
2022	2	19	7	0
	6	7	-25.500000	71.750000	1.000386e+05	-1.886203e-05
	240	29	33.000000	66.250000	9.700651e+04	1.402819e-04
	34	46	-18.500000	62.000000	9.760380e+04	1.480941e-04
	13	55	-23.750000	59.750000	9.747060e+04	1.870626e-04
	154	65	11.500000	57.250000	9.583255e+04	3.522878e-04
	137	117	7.250000	44.250000	1.015078e+05	9.862412e-05
	109	138	0.250000	39.000000	1.016845e+05	7.060124e-05
2022	2	19	7	3
	6	7	-25.500000	71.750000	9.990148e+04	-2.148488e-05
	112	20	1.000000	68.500000	9.737788e+04	1.195231e-04
	245	29	34.250000	66.250000	9.716048e+04	1.051575e-04
	32	47	-19.000000	61.750000	9.753495e+04	1.134451e-04
	17	55	-22.750000	59.750000	9.753495e+04	1.845692e-04
	46	59	-15.500000	58.750000	9.756798e+04	1.856140e-04
	169	64	15.250000	57.500000	9.606606e+04	3.276045e-04
2022	2	19	8	6
	6	7	-25.500000	71.750000	9.977727e+04	-2.525119e-05
	268	18	40.000000	69.000000	9.724948e+04	1.268746e-04
	104	21	-1.000000	68.250000	9.738951e+04	1.587878e-04
	130	23	5.500000	67.750000	9.738951e+04	3.347035e-05
	193	48	21.250000	61.500000	9.638038e+04	1.628945e-04
	61	60	-11.750000	58.500000	9.740765e+04	2.224942e-04
	184	63	19.000000	57.750000	9.621601e+04	2.052253e-04
	137	117	7.250000	44.250000	1.016141e+05	5.626994e-05
2022	2	19	12	9
	6	7	-25.500000	71.750000	9.976952e+04	-2.365058e-05
	278	15	42.500000	69.750000	9.735679e+04	1.352692e-04
	101	23	-1.750000	67.750000	9.748347e+04	1.770546e-04
	100	24	-2.000000	67.500000	9.748347e+04	1.988078e-04
	134	24	6.500000	67.500000	9.749479e+04	8.214657e-05
	135	24	6.750000	67.500000	9.750332e+04	8.997614e-05
	198	47	22.500000	61.750000	9.652256e+04	1.222271e-04
	72	60	-9.000000	58.500000	9.730174e+04	2.682754e-04
	200	60	23.000000	58.500000	9.647884e+04	2.479069e-04
	134	118	6.500000	44.000000	1.017728e+05	1.095099e-04
	251	157	35.750000	34.250000	1.005718e+05	6.299677e-05
	261	162	38.250000	33.000000	1.005718e+05	1.042063e-04
2022	2	19	9	12
	278	15	42.500000	69.750000	9.744037e+04	1.471670e-04
	135	23	6.750000	67.750000	9.757899e+04	7.506029e-05
	104	26	-1.000000	67.000000	9.757651e+04	1.596374e-04
	202	47	23.500000	61.750000	9.670507e+04	1.099823e-04
	211	58	25.750000	59.000000	9.670507e+04	3.674981e-04
	72	59	-9.000000	58.750000	9.753511e+04	2.608254e-04
	134	118	6.500000	44.000000	1.018731e+05	1.187957e-04
	94	145	-3.500000	37.250000	1.019191e+05	5.601429e-05
	260	160	38.000000	33.500000	1.005382e+05	1.151453e-04
2022	2	19	10	15
	278	15	42.500000	69.750000	9.753418e+04	1.568091e-04
	114	27	1.500000	66.750000	9.760644e+04	1.463219e-04
	216	43	27.000000	62.750000	9.693548e+04	5.595526e-05
	222	55	28.500000	59.750000	9.693115e+04	3.310778e-04
	0	57	-27.000000	59.250000	9.777870e+04	-1.727970e-06
	108	62	0.000000	58.000000	9.769451e+04	2.278605e-04
	0	66	-27.000000	57.000000	9.777870e+04	1.074102e-04
	134	118	6.500000	44.000000	1.017932e+05	1.198201e-04
	259	159	37.750000	33.750000	1.008191e+05	1.240406e-04
	272	161	41.000000	33.250000	1.008191e+05	8.941185e-05
2022	2	19	6	18
	278	16	42.500000	69.500000	9.761527e+04	1.493747e-04
	120	26	3.000000	67.000000	9.763853e+04	1.659751e-04
	223	41	28.750000	63.250000	9.712435e+04	6.131246e-05
	229	52	30.250000	60.500000	9.712435e+04	1.977689e-04
	0	62	-27.000000	58.000000	9.705178e+04	1.498763e-04
	117	62	2.250000	58.000000	9.771373e+04	2.244386e-04
2022	2	19	6	21
	278	16	42.500000	69.500000	9.764055e+04	1.819109e-04
	123	25	3.750000	67.250000	9.763930e+04	1.744440e-04
	230	39	30.500000	63.750000	9.730236e+04	3.693230e-05
	237	51	32.250000	60.750000	9.728406e+04	1.866841e-04
	0	59	-27.000000	58.750000	9.647030e+04	1.203876e-04
	122	62	3.500000	58.000000	9.783406e+04	2.484628e-04
2022	2	20	12	0
	277	17	42.250000	69.250000	9.768676e+04	1.603005e-04
	121	24	3.250000	67.500000	9.770226e+04	1.338750e-04
	250	36	35.500000	64.500000	9.749680e+04	6.044811e-05
	251	36	35.750000	64.500000	9.749680e+04	6.035437e-05
	249	50	35.250000	61.000000	9.746084e+04	9.862175e-05
	0	57	-27.000000	59.250000	9.617570e+04	1.105373e-04
	148	62	10.000000	58.000000	9.793935e+04	1.525825e-04
	130	64	5.500000	57.500000	9.793935e+04	1.869554e-04
	107	124	-0.250000	42.500000	1.026966e+05	6.233922e-05
	276	154	42.000000	35.000000	1.012362e+05	1.016031e-04
	71	155	-9.250000	34.750000	1.023598e+05	1.200143e-04
	86	162	-5.500000	33.000000	1.022969e+05	1.153782e-05
