2022	2	16	5	0
	55	39	-13.250000	63.750000	9.791922e+04	2.377086e-04
	120	52	3.000000	60.500000	9.799235e+04	1.832556e-04
	66	68	-10.500000	56.500000	9.732690e+04	2.868688e-04
	172	121	16.000000	43.250000	1.014481e+05	3.185267e-05
	280	121	43.000000	43.250000	1.020823e+05	2.558260e-05
2022	2	16	6	3
	49	38	-14.750000	64.000000	9.786323e+04	1.957083e-04
	121	51	3.250000	60.750000	9.791057e+04	1.643587e-04
	78	68	-7.500000	56.500000	9.722545e+04	2.934545e-04
	93	70	-3.750000	56.000000	9.722545e+04	2.321126e-04
	280	121	43.000000	43.250000	1.021561e+05	3.060185e-05
	174	123	16.500000	42.750000	1.014072e+05	5.057287e-05
2022	2	16	2	6
	123	49	3.750000	61.250000	9.785096e+04	1.418252e-04
	100	68	-2.000000	56.500000	9.747915e+04	2.289864e-04
2022	2	16	9	9
	116	35	2.000000	64.750000	9.780865e+04	1.962023e-04
	124	47	4.000000	61.750000	9.780566e+04	1.336104e-04
	44	60	-16.000000	58.500000	9.770390e+04	9.405710e-05
	112	67	1.000000	56.750000	9.755590e+04	2.381523e-04
	137	116	7.250000	44.500000	1.013292e+05	6.539730e-05
	279	120	42.750000	43.500000	1.021399e+05	3.220881e-05
	202	125	23.500000	42.250000	1.016037e+05	-6.396743e-05
	183	131	18.750000	40.750000	1.014642e+05	9.994139e-05
	181	139	18.250000	38.750000	1.014642e+05	1.711385e-04
2022	2	16	7	12
	112	35	1.000000	64.750000	9.761551e+04	1.798917e-04
	126	45	4.500000	62.250000	9.761551e+04	1.111704e-04
	64	56	-11.000000	59.500000	9.741152e+04	1.782828e-05
	50	60	-14.500000	58.500000	9.737030e+04	1.179471e-04
	67	68	-10.250000	56.500000	9.736464e+04	1.926978e-04
	126	68	4.500000	56.500000	9.745524e+04	2.278114e-04
	184	136	19.000000	39.500000	1.011916e+05	1.680126e-04
2022	2	16	5	15
	106	35	-0.500000	64.750000	9.746499e+04	1.612209e-04
	44	40	-16.000000	63.500000	9.772608e+04	1.459164e-04
	79	65	-7.250000	57.250000	9.695776e+04	2.804746e-04
	151	67	10.750000	56.750000	9.726367e+04	2.428361e-04
	185	134	19.250000	40.000000	1.010274e+05	1.649707e-04
2022	2	16	3	18
	87	65	-5.250000	57.250000	9.707965e+04	2.821746e-04
	161	66	13.250000	57.000000	9.711048e+04	2.867029e-04
	184	131	19.000000	40.750000	1.011144e+05	1.026419e-04
2022	2	16	4	21
	172	65	16.000000	57.250000	9.677248e+04	2.244418e-04
	110	66	0.500000	57.000000	9.696530e+04	2.420735e-04
	137	117	7.250000	44.250000	1.011265e+05	3.734828e-05
	182	131	18.500000	40.750000	1.011888e+05	1.202889e-04
2022	2	17	3	0
	125	37	4.250000	64.250000	9.728805e+04	9.540099e-05
	182	63	18.500000	57.750000	9.654883e+04	2.583731e-04
	122	67	3.500000	56.750000	9.702255e+04	2.047041e-04
2022	2	17	6	3
	288	10	45.000000	71.000000	9.902050e+04	1.100277e-04
	123	36	3.750000	64.500000	9.729088e+04	1.002419e-04
	190	60	20.500000	58.500000	9.628773e+04	2.323316e-04
	131	68	5.750000	56.500000	9.714225e+04	2.184693e-04
	0	121	-27.000000	43.250000	1.014832e+05	2.707362e-05
	279	121	42.750000	43.250000	1.018100e+05	-3.475486e-05
2022	2	17	5	6
	288	11	45.000000	70.750000	9.904976e+04	1.158050e-04
	120	36	3.000000	64.500000	9.726257e+04	1.165928e-04
	194	58	21.500000	59.000000	9.613408e+04	2.465453e-04
	0	109	-27.000000	46.250000	1.008399e+05	1.174588e-04
	279	121	42.750000	43.250000	1.016117e+05	-1.218193e-05
2022	2	17	5	9
	288	11	45.000000	70.750000	9.918927e+04	1.166004e-04
	118	36	2.500000	64.500000	9.733272e+04	1.085157e-04
	199	56	22.750000	59.500000	9.612983e+04	2.233154e-04
	5	108	-25.750000	46.500000	1.004648e+05	2.446666e-04
	278	120	42.500000	43.500000	1.015836e+05	-9.745517e-06
2022	2	17	3	12
	114	37	1.500000	64.250000	9.742945e+04	1.015759e-04
	204	55	24.000000	59.750000	9.613753e+04	2.043817e-04
	17	105	-22.750000	47.250000	9.996089e+04	3.046472e-04
2022	2	17	3	15
	112	38	1.000000	64.000000	9.751830e+04	1.065631e-04
	211	53	25.750000	60.250000	9.619934e+04	1.262849e-04
	29	100	-19.750000	48.500000	9.921207e+04	3.787343e-04
2022	2	17	4	18
	0	29	-27.000000	66.250000	9.921302e+04	1.018644e-04
	214	47	26.500000	61.750000	9.627657e+04	9.566053e-05
	38	98	-17.500000	49.000000	9.866851e+04	5.501865e-04
	37	99	-17.750000	48.750000	9.866851e+04	5.504966e-04
2022	2	17	3	21
	134	38	6.500000	64.000000	9.768283e+04	6.878984e-05
	215	43	26.750000	62.750000	9.632061e+04	1.163338e-04
	50	95	-14.500000	49.750000	9.816065e+04	6.132905e-04
2022	2	18	2	0
	218	42	27.500000	63.000000	9.635459e+04	1.074589e-04
	63	89	-11.250000	51.250000	9.752507e+04	5.562648e-04
2022	2	18	4	3
	222	40	28.500000	63.500000	9.638620e+04	9.798777e-05
	55	47	-13.250000	61.750000	9.810230e+04	2.063916e-04
	78	86	-7.500000	52.000000	9.695005e+04	5.020112e-04
	153	111	11.250000	45.750000	1.012407e+05	8.054615e-05
2022	2	18	3	6
	224	37	29.000000	64.250000	9.642851e+04	9.004294e-05
	54	48	-13.500000	61.500000	9.779213e+04	2.088405e-04
	91	80	-4.250000	53.500000	9.639972e+04	5.137470e-04
2022	2	18	4	9
	116	25	2.000000	67.250000	9.756612e+04	7.634713e-05
	229	35	30.250000	64.750000	9.652586e+04	7.235608e-05
	55	50	-13.250000	61.000000	9.760717e+04	3.457035e-04
	105	74	-0.750000	55.000000	9.587944e+04	3.989077e-04
2022	2	18	6	12
	114	27	1.500000	66.750000	9.750258e+04	5.999632e-05
	149	29	10.250000	66.250000	9.751139e+04	4.489322e-05
	236	31	32.000000	65.750000	9.659334e+04	1.296269e-04
	59	52	-12.250000	60.500000	9.760607e+04	3.466048e-04
	122	75	3.500000	54.750000	9.563124e+04	2.435364e-04
	274	118	41.500000	44.000000	1.003075e+05	-7.227351e-05
2022	2	18	5	15
	110	28	0.500000	66.500000	9.746043e+04	7.957942e-05
	238	28	32.500000	66.500000	9.665530e+04	1.373629e-04
	65	53	-10.750000	60.250000	9.757556e+04	3.225175e-04
	135	72	6.750000	55.500000	9.554631e+04	3.369522e-04
	277	118	42.250000	44.000000	1.005257e+05	1.309310e-05
2022	2	18	7	18
	240	26	33.000000	67.000000	9.664886e+04	1.133181e-04
	151	29	10.750000	66.250000	9.742158e+04	6.109367e-05
	112	30	1.000000	66.000000	9.740805e+04	7.060872e-05
	0	49	-27.000000	61.250000	9.872057e+04	1.026426e-04
	72	54	-9.000000	60.000000	9.768770e+04	3.139410e-04
	146	71	9.500000	55.750000	9.571932e+04	3.260142e-04
	279	119	42.750000	43.750000	1.006092e+05	4.727959e-05
2022	2	18	3	21
	241	24	33.250000	67.500000	9.665923e+04	1.109866e-04
	79	55	-7.250000	59.750000	9.785096e+04	3.000148e-04
	159	71	12.750000	55.750000	9.603829e+04	2.877020e-04
2022	2	19	3	0
	229	17	30.250000	69.250000	9.664146e+04	1.615001e-04
	88	56	-5.000000	59.500000	9.785820e+04	3.071133e-04
	176	69	17.000000	56.250000	9.622624e+04	2.755036e-04
2022	2	19	5	3
	226	17	29.500000	69.250000	9.659459e+04	1.722439e-04
	225	18	29.250000	69.000000	9.659459e+04	1.752271e-04
	95	56	-3.250000	59.500000	9.780393e+04	2.894843e-04
	187	69	19.750000	56.250000	9.637991e+04	2.491708e-04
	67	71	-10.250000	55.750000	9.892771e+04	1.907741e-04
2022	2	19	6	6
	223	18	28.750000	69.000000	9.666427e+04	2.174185e-04
	104	56	-1.000000	59.500000	9.780582e+04	2.630199e-04
	194	68	21.500000	56.500000	9.669352e+04	1.883659e-04
	78	71	-7.500000	55.750000	9.870531e+04	1.806626e-04
	91	147	-4.250000	36.750000	1.017479e+05	5.533711e-05
	248	154	35.000000	35.000000	1.010965e+05	1.792142e-04
2022	2	19	8	9
	234	13	31.500000	70.250000	9.681400e+04	1.172378e-04
	155	28	11.750000	66.500000	9.763580e+04	1.000013e-04
	112	56	1.000000	59.500000	9.784986e+04	2.977346e-04
	204	69	24.000000	56.250000	9.712102e+04	2.256800e-04
	89	71	-4.750000	55.750000	9.874746e+04	2.213802e-04
	174	114	16.500000	45.000000	1.014599e+05	1.009003e-04
	247	156	34.750000	34.500000	1.011952e+05	1.875268e-04
	265	162	39.250000	33.000000	1.012158e+05	4.641318e-05
2022	2	19	8	12
	234	12	31.500000	70.500000	9.691372e+04	1.178876e-04
	44	17	-16.000000	69.250000	9.855873e+04	2.194633e-04
	155	28	11.750000	66.500000	9.773032e+04	1.206222e-04
	118	56	2.500000	59.500000	9.785725e+04	3.184791e-04
	218	67	27.500000	56.750000	9.739264e+04	1.568900e-04
	101	73	-1.750000	55.250000	9.876177e+04	2.448069e-04
	264	153	39.000000	35.250000	1.012176e+05	2.402592e-05
	264	162	39.000000	33.000000	1.012176e+05	3.163124e-05
2022	2	19	8	15
	236	12	32.000000	70.500000	9.703561e+04	7.503283e-05
	38	18	-17.500000	69.000000	9.855070e+04	2.311830e-04
	156	29	12.000000	66.250000	9.779402e+04	1.248114e-04
	233	53	31.250000	60.250000	9.756188e+04	1.092650e-04
	125	56	4.250000	59.500000	9.790570e+04	3.374756e-04
	0	61	-27.000000	58.250000	9.760481e+04	1.386331e-04
	132	75	6.000000	54.750000	9.869980e+04	1.696371e-04
	264	162	39.000000	33.000000	1.013660e+05	2.271961e-05
2022	2	19	6	18
	244	12	34.000000	70.500000	9.708893e+04	7.339897e-05
	36	19	-18.000000	68.750000	9.848496e+04	2.595951e-04
	237	51	32.250000	60.750000	9.761520e+04	9.606276e-05
	0	55	-27.000000	59.750000	9.657918e+04	9.850926e-05
	130	57	5.500000	59.250000	9.815876e+04	2.650478e-04
	139	75	7.750000	54.750000	9.872655e+04	1.649938e-04
2022	2	19	5	21
	242	12	33.500000	70.500000	9.717119e+04	8.690487e-05
	243	12	33.750000	70.500000	9.717119e+04	9.485411e-05
	32	20	-19.000000	68.500000	9.841938e+04	2.754754e-04
	244	49	34.000000	61.250000	9.769509e+04	1.181354e-04
	0	50	-27.000000	61.000000	9.589234e+04	1.667580e-04
2022	2	20	5	0
	244	12	34.000000	70.500000	9.721759e+04	1.002555e-04
	26	20	-20.500000	68.500000	9.835662e+04	2.697103e-04
	0	55	-27.000000	59.750000	9.520612e+04	1.509186e-04
	72	162	-9.000000	33.000000	1.021340e+05	-1.157120e-05
	84	162	-6.000000	33.000000	1.021340e+05	-4.382607e-06
