2022	2	14	7	0
	5	6	-25.750000	72.000000	9.978730e+04	-3.640783e-05
	217	9	27.250000	71.250000	9.838495e+04	9.968046e-05
	194	12	21.500000	70.500000	9.838495e+04	1.284978e-04
	1	17	-26.750000	69.250000	9.978730e+04	6.598796e-06
	218	23	27.500000	67.750000	9.842145e+04	1.296802e-04
	117	61	2.250000	58.250000	9.854882e+04	9.257070e-05
	105	71	-0.750000	55.750000	9.854882e+04	8.608427e-05
2022	2	14	6	3
	59	5	-12.250000	72.250000	1.001364e+05	1.042239e-04
	217	8	27.250000	71.500000	9.814916e+04	1.682628e-04
	1	17	-26.750000	69.250000	9.973262e+04	-1.192172e-05
	226	22	29.500000	68.000000	9.827731e+04	1.018202e-04
	107	71	-0.250000	55.750000	9.853409e+04	1.051459e-04
	108	71	0.000000	55.750000	9.853409e+04	9.145588e-05
2022	2	14	3	6
	66	3	-10.500000	72.750000	1.001301e+05	1.218959e-04
	219	8	27.750000	71.500000	9.800612e+04	2.432493e-04
	117	70	2.250000	56.000000	9.855588e+04	5.684262e-05
2022	2	14	4	9
	68	2	-10.000000	73.000000	1.002077e+05	7.325177e-05
	217	9	27.250000	71.250000	9.806048e+04	3.177579e-04
	0	55	-27.000000	59.750000	9.796804e+04	1.066398e-04
	125	71	4.250000	55.750000	9.855117e+04	1.696136e-04
2022	2	14	6	12
	76	0	-8.000000	73.500000	1.002106e+05	5.429338e-05
	72	1	-9.000000	73.250000	1.002106e+05	4.122130e-05
	73	1	-8.750000	73.250000	1.002106e+05	4.915433e-05
	227	8	29.750000	71.500000	9.807176e+04	1.790857e-04
	3	51	-26.250000	60.750000	9.754174e+04	2.586132e-04
	130	67	5.500000	56.750000	9.844401e+04	1.832693e-04
2022	2	14	6	15
	237	5	32.250000	72.250000	9.810012e+04	1.368064e-04
	6	7	-25.500000	71.750000	9.978464e+04	2.862277e-05
	288	13	45.000000	70.250000	9.938153e+04	-6.913396e-06
	2	46	-26.500000	62.000000	9.712985e+04	2.170831e-04
	135	63	6.750000	57.750000	9.837758e+04	2.330872e-04
	113	126	1.250000	42.000000	1.010902e+05	9.629573e-06
2022	2	14	3	18
	252	12	36.000000	70.500000	9.812612e+04	1.507262e-04
	4	43	-26.000000	62.750000	9.688842e+04	2.856043e-04
	138	62	7.500000	58.000000	9.856543e+04	2.576615e-04
2022	2	14	6	21
	258	11	37.500000	70.750000	9.810200e+04	1.527166e-04
	288	12	45.000000	70.500000	9.882456e+04	6.345380e-05
	1	39	-26.750000	63.750000	9.671562e+04	2.379229e-04
	27	39	-20.250000	63.750000	9.671562e+04	1.989467e-05
	143	60	8.750000	58.500000	9.868575e+04	2.677162e-04
	139	121	7.750000	43.250000	1.011021e+05	1.250426e-04
2022	2	15	7	0
	6	7	-25.500000	71.750000	9.955669e+04	5.466658e-05
	263	10	38.750000	71.000000	9.807395e+04	1.536423e-04
	0	35	-27.000000	64.750000	9.701235e+04	1.356878e-04
	21	36	-21.750000	64.500000	9.701235e+04	4.944796e-05
	127	54	4.750000	60.000000	9.873823e+04	5.099756e-05
	147	58	9.750000	59.000000	9.873823e+04	3.129784e-04
	145	118	9.250000	44.000000	1.011237e+05	1.355034e-04
2022	2	15	5	3
	266	10	39.500000	71.000000	9.811657e+04	1.911906e-04
	20	39	-22.000000	63.750000	9.739227e+04	1.921072e-04
	126	53	4.500000	60.250000	9.878289e+04	5.556274e-05
	151	55	10.750000	59.750000	9.873667e+04	3.473857e-04
	146	118	9.500000	44.000000	1.009877e+05	9.026035e-05
2022	2	15	8	6
	270	10	40.500000	71.000000	9.816748e+04	2.106361e-04
	271	10	40.750000	71.000000	9.816748e+04	2.040601e-04
	0	32	-27.000000	65.500000	9.740528e+04	5.220701e-05
	126	53	4.500000	60.250000	9.892280e+04	7.094590e-05
	153	53	11.250000	60.250000	9.874294e+04	3.328860e-04
	0	85	-27.000000	52.250000	9.871129e+04	1.113636e-04
	157	115	12.250000	44.750000	1.010858e+05	7.673439e-05
	146	117	9.500000	44.250000	1.010858e+05	9.253478e-05
2022	2	15	8	9
	273	9	41.250000	71.250000	9.828938e+04	2.095201e-04
	0	30	-27.000000	66.000000	9.736361e+04	8.199658e-05
	34	36	-18.500000	64.500000	9.748847e+04	1.392872e-04
	0	39	-27.000000	63.750000	9.736361e+04	-2.366036e-05
	124	49	4.000000	61.250000	9.891512e+04	1.105105e-04
	155	51	11.750000	60.750000	9.881845e+04	2.837711e-04
	9	82	-24.750000	53.000000	9.846626e+04	2.407244e-04
	10	82	-24.500000	53.000000	9.846626e+04	2.352882e-04
2022	2	15	7	12
	275	8	41.750000	71.500000	9.841895e+04	1.921678e-04
	0	29	-27.000000	66.250000	9.734794e+04	1.020233e-04
	0	37	-27.000000	64.250000	9.734794e+04	-5.654640e-05
	123	48	3.750000	61.500000	9.886138e+04	1.509267e-04
	161	49	13.250000	61.250000	9.888253e+04	2.643411e-04
	23	80	-21.250000	53.500000	9.848145e+04	2.208884e-04
	158	118	12.500000	44.000000	1.011834e+05	-7.910698e-07
2022	2	15	7	15
	277	9	42.250000	71.250000	9.853691e+04	1.826475e-04
	0	27	-27.000000	66.750000	9.735499e+04	1.377205e-04
	0	36	-27.000000	64.500000	9.735499e+04	-5.468764e-05
	166	47	14.500000	61.750000	9.885621e+04	2.065122e-04
	41	79	-16.750000	53.750000	9.849869e+04	2.228009e-04
	156	118	12.000000	44.000000	1.011876e+05	-8.302580e-06
	164	162	14.000000	33.000000	1.014758e+05	7.111503e-06
2022	2	15	5	18
	278	9	42.500000	71.250000	9.866773e+04	2.023272e-04
	0	37	-27.000000	64.250000	9.742674e+04	-1.472177e-05
	167	46	14.750000	62.000000	9.888473e+04	1.800571e-04
	56	78	-13.000000	54.000000	9.858830e+04	1.908984e-04
	165	161	14.250000	33.250000	1.015638e+05	-7.236095e-06
2022	2	15	7	21
	278	9	42.500000	71.250000	9.882018e+04	2.178188e-04
	279	9	42.750000	71.250000	9.882018e+04	2.288518e-04
	178	45	17.500000	62.250000	9.889945e+04	1.086042e-04
	179	45	17.750000	62.250000	9.889945e+04	1.080669e-04
	66	78	-10.500000	54.000000	9.881344e+04	1.527249e-04
	176	116	17.000000	44.500000	1.013901e+05	6.679171e-06
	169	162	15.250000	33.000000	1.016428e+05	-2.666149e-05
2022	2	16	2	0
	278	9	42.500000	71.250000	9.896557e+04	2.188253e-04
	183	43	18.750000	62.750000	9.893110e+04	1.397958e-04
2022	2	16	4	3
	280	10	43.000000	71.000000	9.904422e+04	2.051798e-04
	184	43	19.000000	62.750000	9.892170e+04	1.303457e-04
	0	65	-27.000000	57.250000	9.653184e+04	1.027287e-04
	279	121	42.750000	43.250000	1.020301e+05	-3.728194e-06
2022	2	16	3	6
	281	10	43.250000	71.000000	9.913618e+04	2.047970e-04
	132	39	6.000000	63.750000	9.855791e+04	1.395185e-04
	0	59	-27.000000	58.750000	9.571277e+04	1.441337e-04
2022	2	16	6	9
	282	10	43.500000	71.000000	9.919932e+04	1.811402e-04
	129	39	5.250000	63.750000	9.856465e+04	1.655414e-04
	28	58	-20.000000	59.000000	9.546366e+04	2.514924e-04
	5	63	-25.750000	57.750000	9.535978e+04	3.552766e-04
	137	116	7.250000	44.500000	1.009822e+05	1.041743e-04
	279	120	42.750000	43.500000	1.020891e+05	4.482917e-06
2022	2	16	9	12
	283	10	43.750000	71.000000	9.921562e+04	1.956826e-04
	129	38	5.250000	64.000000	9.857373e+04	1.668720e-04
	128	39	5.000000	63.750000	9.857373e+04	1.569148e-04
	26	53	-20.500000	60.250000	9.527424e+04	2.629159e-04
	168	53	15.000000	60.250000	9.877223e+04	8.436817e-05
	4	54	-26.000000	60.000000	9.527424e+04	4.053155e-04
	16	61	-23.000000	58.250000	9.527424e+04	3.018854e-04
	137	116	7.250000	44.500000	1.009638e+05	8.355577e-05
	278	120	42.500000	43.500000	1.016995e+05	-9.037172e-06
2022	2	16	9	15
	282	10	43.500000	71.000000	9.917895e+04	1.821554e-04
	22	50	-21.500000	61.000000	9.495839e+04	3.528367e-04
	0	52	-27.000000	60.500000	9.665545e+04	1.322113e-04
	179	53	17.750000	60.250000	9.873119e+04	8.856834e-05
	179	54	17.750000	60.000000	9.873119e+04	9.709998e-05
	28	59	-20.000000	58.750000	9.495839e+04	2.454161e-04
	136	119	7.000000	43.750000	1.010051e+05	1.462684e-04
	279	121	42.750000	43.250000	1.018284e+05	-5.529424e-06
	183	140	18.750000	38.500000	1.009537e+05	1.975983e-04
2022	2	16	8	18
	282	10	43.500000	71.000000	9.909623e+04	1.871163e-04
	288	28	45.000000	66.500000	9.929943e+04	1.170642e-04
	190	48	20.500000	61.500000	9.866413e+04	4.959461e-05
	18	50	-22.500000	61.000000	9.526970e+04	4.720784e-04
	59	53	-12.250000	60.250000	9.572044e+04	2.626812e-04
	40	57	-17.000000	59.250000	9.533456e+04	2.125707e-04
	278	120	42.500000	43.500000	1.018820e+05	-2.289093e-05
	185	139	19.250000	38.750000	1.008964e+05	1.819875e-04
2022	2	16	6	21
	282	9	43.500000	71.250000	9.907085e+04	2.154833e-04
	192	48	21.000000	61.500000	9.860381e+04	8.389205e-05
	60	51	-12.000000	60.750000	9.565495e+04	2.633919e-04
	24	52	-21.000000	60.500000	9.568973e+04	3.628875e-04
	150	109	10.500000	46.250000	1.007569e+05	1.288610e-05
	186	138	19.500000	39.000000	1.008516e+05	1.685669e-04
2022	2	17	6	0
	280	9	43.000000	71.250000	9.904907e+04	1.878679e-04
	202	42	23.500000	63.000000	9.849054e+04	9.659844e-05
	60	51	-12.000000	60.750000	9.567093e+04	3.275973e-04
	33	53	-18.750000	60.250000	9.578624e+04	3.383620e-04
	138	117	7.500000	44.250000	1.009982e+05	4.561632e-05
	185	138	19.250000	39.000000	1.007358e+05	1.759930e-04
2022	2	17	7	3
	272	8	41.000000	71.500000	9.899377e+04	1.387873e-04
	205	40	24.250000	63.500000	9.831820e+04	9.859369e-05
	62	51	-11.500000	60.750000	9.582620e+04	4.172800e-04
	83	52	-6.250000	60.500000	9.582620e+04	2.275182e-04
	124	56	4.000000	59.500000	9.655831e+04	2.824665e-04
	184	140	19.000000	38.500000	1.006477e+05	2.015751e-04
	202	144	23.500000	37.500000	1.007002e+05	6.967600e-05
2022	2	17	7	6
	270	9	40.500000	71.250000	9.894238e+04	1.353345e-04
	62	51	-11.500000	60.750000	9.600323e+04	3.915832e-04
	63	51	-11.250000	60.750000	9.600323e+04	3.880182e-04
	98	51	-2.500000	60.750000	9.637485e+04	2.217807e-04
	151	62	10.750000	58.000000	9.692398e+04	2.357464e-04
	202	143	23.500000	37.750000	1.007027e+05	7.062522e-05
	185	144	19.250000	37.500000	1.006734e+05	2.131476e-04
2022	2	17	7	9
	268	10	40.000000	71.000000	9.892358e+04	1.186443e-04
	10	45	-24.500000	62.250000	9.775795e+04	2.824167e-04
	103	50	-1.250000	61.000000	9.641574e+04	2.061776e-04
	68	53	-10.000000	60.250000	9.614470e+04	3.896230e-04
	158	61	12.500000	58.250000	9.696551e+04	2.837148e-04
	196	143	22.000000	37.750000	1.007121e+05	1.106883e-05
	187	147	19.750000	36.750000	1.007121e+05	1.953935e-04
2022	2	17	7	12
	264	12	39.000000	70.500000	9.890102e+04	8.865886e-05
	11	44	-24.250000	62.500000	9.799170e+04	2.656502e-04
	79	55	-7.250000	59.750000	9.638566e+04	3.751615e-04
	164	60	14.000000	58.500000	9.707972e+04	2.877786e-04
	197	144	22.250000	37.500000	1.005989e+05	1.964699e-05
	188	150	20.000000	36.000000	1.005989e+05	1.772733e-04
	205	152	24.250000	35.500000	1.007928e+05	-2.355434e-05
2022	2	17	9	15
	288	32	45.000000	65.500000	9.876017e+04	7.936632e-05
	253	35	36.250000	64.750000	9.798230e+04	1.448304e-04
	10	43	-24.500000	62.750000	9.814900e+04	2.640188e-04
	93	55	-3.750000	59.750000	9.657492e+04	3.723635e-04
	175	61	16.750000	58.250000	9.722840e+04	2.374966e-04
	7	100	-25.250000	48.500000	1.002229e+05	2.101209e-04
	21	106	-21.750000	47.000000	1.002229e+05	1.385707e-04
	279	120	42.750000	43.500000	1.012127e+05	-9.884077e-06
	189	153	20.250000	35.250000	1.006355e+05	1.773827e-04
2022	2	17	8	18
	288	30	45.000000	66.000000	9.846782e+04	4.852214e-05
	256	33	37.000000	65.250000	9.789723e+04	1.771725e-04
	8	40	-25.000000	63.500000	9.834390e+04	2.709458e-04
	108	56	0.000000	59.500000	9.672423e+04	3.415079e-04
	182	61	18.500000	58.250000	9.721320e+04	2.256871e-04
	15	96	-23.250000	49.500000	9.991656e+04	1.994053e-04
	32	99	-19.000000	48.750000	9.991656e+04	1.726382e-04
	189	157	20.250000	34.250000	1.007624e+05	2.013536e-04
2022	2	17	9	21
	288	28	45.000000	66.500000	9.823564e+04	5.122225e-05
	261	32	38.250000	65.500000	9.790616e+04	1.734561e-04
	5	38	-25.750000	64.000000	9.850291e+04	2.242311e-04
	140	50	8.000000	61.000000	9.696989e+04	-1.436316e-05
	121	57	3.250000	59.250000	9.696989e+04	2.728761e-04
	192	60	21.000000	58.500000	9.713675e+04	2.339907e-04
	23	91	-21.250000	50.750000	9.964505e+04	2.515329e-04
	36	94	-18.000000	50.000000	9.964505e+04	1.838386e-04
	189	161	20.250000	33.250000	1.009031e+05	1.354575e-04
2022	2	18	6	0
	280	29	43.000000	66.250000	9.809855e+04	9.408048e-05
	0	36	-27.000000	64.500000	9.866899e+04	1.494864e-04
	141	50	8.250000	61.000000	9.732506e+04	-4.519461e-05
	196	59	22.000000	58.750000	9.711952e+04	2.428386e-04
	135	60	6.750000	58.500000	9.732506e+04	2.306272e-04
	30	87	-19.500000	51.750000	9.933108e+04	3.134116e-04
2022	2	18	8	3
	288	27	45.000000	66.750000	9.823470e+04	1.176932e-04
	0	32	-27.000000	65.500000	9.898828e+04	5.990119e-05
	148	37	10.000000	64.250000	9.768885e+04	1.380043e-04
	35	45	-18.250000	62.250000	9.901195e+04	2.126973e-04
	145	52	9.250000	60.500000	9.748142e+04	-6.196701e-05
	201	60	23.250000	58.500000	9.721195e+04	2.435718e-04
	148	61	10.000000	58.250000	9.748142e+04	2.903095e-04
	45	83	-15.750000	52.750000	9.886890e+04	1.457356e-04
2022	2	18	6	6
	151	36	10.750000	64.500000	9.800564e+04	2.030295e-04
	31	45	-19.250000	62.250000	9.889710e+04	2.124834e-04
	207	60	24.750000	58.500000	9.733728e+04	2.020145e-04
	157	62	12.250000	58.000000	9.779743e+04	1.595121e-04
	49	79	-14.750000	53.750000	9.824284e+04	2.910401e-04
	156	109	12.000000	46.250000	1.012563e+05	3.215922e-05
2022	2	18	6	9
	30	45	-19.500000	62.250000	9.887767e+04	2.259673e-04
	47	46	-15.250000	62.000000	9.887767e+04	1.488807e-04
	48	46	-15.000000	62.000000	9.887767e+04	1.543883e-04
	213	60	26.250000	58.500000	9.751088e+04	1.858424e-04
	56	80	-13.000000	53.500000	9.785148e+04	4.544557e-04
	138	117	7.500000	44.250000	1.014084e+05	4.063683e-05
2022	2	18	4	12
	31	45	-19.250000	62.250000	9.889757e+04	2.618682e-04
	218	59	27.500000	58.750000	9.773162e+04	1.455146e-04
	66	76	-10.500000	54.500000	9.766848e+04	4.580053e-04
	144	125	9.000000	42.250000	1.015159e+05	7.294122e-05
2022	2	18	4	15
	6	7	-25.500000	71.750000	1.004814e+05	-3.114607e-05
	29	45	-19.750000	62.250000	9.885715e+04	2.209169e-04
	224	59	29.000000	58.750000	9.797698e+04	1.572346e-04
	81	70	-6.750000	56.000000	9.749630e+04	3.105488e-04
2022	2	18	5	18
	160	25	13.000000	67.250000	9.886341e+04	4.407701e-05
	46	44	-15.500000	62.500000	9.880513e+04	1.939589e-04
	26	45	-20.500000	62.250000	9.872241e+04	1.914224e-04
	229	57	30.250000	59.250000	9.821323e+04	1.226698e-04
	96	69	-3.000000	56.250000	9.753250e+04	3.343445e-04
2022	2	18	11	21
	6	7	-25.500000	71.750000	1.003704e+05	-1.889825e-06
	160	25	13.000000	67.250000	9.883788e+04	4.842878e-05
	149	32	10.250000	65.500000	9.883788e+04	3.359036e-05
	150	32	10.500000	65.500000	9.883788e+04	3.607709e-05
	248	40	35.000000	63.500000	9.834812e+04	8.383577e-05
	232	48	31.000000	61.500000	9.834812e+04	6.201040e-05
	0	55	-27.000000	59.750000	9.744899e+04	1.288858e-04
	104	66	-1.000000	57.000000	9.736126e+04	2.847335e-04
	280	119	43.000000	43.750000	1.005675e+05	4.280700e-05
	263	151	38.750000	35.750000	1.006540e+05	1.917366e-05
	261	162	38.250000	33.000000	1.006540e+05	-2.343957e-05
2022	2	19	8	0
	6	7	-25.500000	71.750000	1.002720e+05	-4.055357e-07
	160	25	13.000000	67.250000	9.877803e+04	6.930449e-05
	252	36	36.000000	64.500000	9.835487e+04	1.114553e-04
	238	44	32.500000	62.500000	9.835487e+04	4.862668e-05
	0	50	-27.000000	61.000000	9.735922e+04	1.292961e-04
	119	64	2.750000	57.500000	9.733745e+04	2.207204e-04
	118	124	2.500000	42.500000	1.013004e+05	9.011734e-05
	262	162	38.500000	33.000000	1.004955e+05	3.102537e-05
2022	2	19	8	3
	6	7	-25.500000	71.750000	1.001213e+05	2.154954e-05
	253	34	36.250000	65.000000	9.830990e+04	9.799252e-05
	12	50	-24.000000	61.000000	9.718735e+04	2.317034e-04
	31	55	-19.250000	59.750000	9.718735e+04	2.326902e-04
	132	65	6.000000	57.250000	9.743912e+04	1.953945e-04
	117	125	2.250000	42.250000	1.013144e+05	3.332010e-05
	52	138	-14.000000	39.000000	1.016692e+05	1.485901e-04
	265	162	39.250000	33.000000	1.005060e+05	4.537630e-05
2022	2	19	7	6
	6	7	-25.500000	71.750000	9.994178e+04	1.949061e-05
	255	32	36.750000	65.500000	9.827355e+04	9.552272e-05
	8	47	-25.000000	61.750000	9.710557e+04	2.649862e-04
	37	52	-17.750000	60.500000	9.723733e+04	1.897998e-04
	144	65	9.000000	57.250000	9.759658e+04	2.294314e-04
	52	138	-14.000000	39.000000	1.015920e+05	1.950617e-04
	269	162	40.250000	33.000000	1.006286e+05	2.907858e-05
2022	2	19	8	9
	6	7	-25.500000	71.750000	9.985467e+04	5.783574e-06
	256	30	37.000000	66.000000	9.825538e+04	1.053321e-04
	4	45	-26.000000	62.250000	9.713127e+04	2.696642e-04
	37	49	-17.750000	61.250000	9.746810e+04	2.149079e-04
	156	66	12.000000	57.000000	9.788892e+04	1.471073e-04
	107	124	-0.250000	42.500000	1.015085e+05	7.385980e-05
	51	139	-14.250000	38.750000	1.017847e+05	2.014872e-04
	269	162	40.250000	33.000000	1.003468e+05	4.437176e-05
2022	2	19	11	12
	6	7	-25.500000	71.750000	9.983290e+04	-5.483551e-06
	257	29	37.250000	66.250000	9.824942e+04	1.215738e-04
	0	43	-27.000000	62.750000	9.714238e+04	1.840500e-04
	38	47	-17.500000	61.750000	9.782422e+04	2.318691e-04
	67	54	-10.250000	60.000000	9.800548e+04	2.655689e-04
	188	63	20.000000	57.750000	9.802898e+04	1.639356e-04
	165	126	14.250000	42.000000	1.014538e+05	4.500176e-05
	48	139	-15.000000	38.750000	1.018261e+05	2.146185e-04
	282	141	43.500000	38.250000	1.004853e+05	-1.046062e-05
	260	158	38.000000	34.000000	1.001035e+05	6.253923e-06
	274	159	41.500000	33.750000	1.001035e+05	1.194775e-04
2022	2	19	10	15
	6	7	-25.500000	71.750000	9.984747e+04	8.015487e-06
	257	28	37.250000	66.500000	9.822623e+04	1.333897e-04
	0	40	-27.000000	63.500000	9.732804e+04	1.113427e-04
	72	53	-9.000000	60.250000	9.810670e+04	2.645299e-04
	92	56	-4.000000	59.500000	9.810670e+04	1.772517e-04
	201	62	23.250000	58.000000	9.814774e+04	1.453468e-04
	45	141	-15.750000	38.250000	1.017200e+05	2.260648e-04
	282	141	43.500000	38.250000	1.004005e+05	-3.075344e-05
	275	155	41.750000	34.750000	1.001661e+05	1.950477e-04
	261	156	38.250000	34.500000	1.001661e+05	2.054087e-05
2022	2	19	11	18
	6	7	-25.500000	71.750000	9.984230e+04	5.403690e-06
	260	26	38.000000	67.000000	9.820007e+04	1.203027e-04
	78	53	-7.500000	60.250000	9.843257e+04	2.442844e-04
	102	55	-1.500000	59.750000	9.844119e+04	1.901252e-04
	0	60	-27.000000	58.500000	9.665295e+04	1.104933e-04
	211	62	25.750000	58.000000	9.831727e+04	1.204842e-04
	150	109	10.500000	46.250000	1.013976e+05	2.018278e-05
	136	116	7.000000	44.500000	1.014369e+05	5.541329e-05
	43	144	-16.250000	37.500000	1.016457e+05	2.526101e-04
	277	153	42.250000	35.250000	1.004530e+05	2.280124e-04
	266	157	39.500000	34.250000	1.004530e+05	1.462870e-05
2022	2	19	9	21
	6	7	-25.500000	71.750000	9.970521e+04	-1.884996e-05
	264	24	39.000000	67.500000	9.817814e+04	1.088262e-04
	85	54	-5.750000	60.000000	9.886608e+04	1.952499e-04
	0	56	-27.000000	59.500000	9.551112e+04	1.573564e-04
	112	56	1.000000	59.500000	9.883820e+04	1.961538e-04
	136	116	7.000000	44.500000	1.015301e+05	5.091506e-05
	42	146	-16.500000	37.000000	1.017518e+05	2.607285e-04
	275	151	41.750000	35.750000	1.005382e+05	1.915987e-04
	272	160	41.000000	33.500000	1.005382e+05	-2.168982e-05
2022	2	20	9	0
	266	20	39.500000	68.500000	9.813255e+04	1.143757e-04
	0	55	-27.000000	59.750000	9.450530e+04	9.467698e-05
	121	57	3.250000	59.250000	9.913900e+04	1.899844e-04
	146	63	9.500000	57.750000	9.911926e+04	1.806400e-04
	135	117	6.750000	44.250000	1.015492e+05	6.708771e-05
	146	134	9.500000	40.000000	1.016835e+05	-2.211230e-05
	40	148	-17.000000	36.500000	1.017935e+05	2.521535e-04
	273	148	41.250000	36.500000	1.006880e+05	1.473706e-04
	277	158	42.250000	34.000000	1.006880e+05	5.937268e-05
