2022	2	10	7	0
	172	8	16.000000	71.500000	9.672523e+04	1.202261e-04
	148	22	10.000000	68.000000	9.647552e+04	4.078400e-04
	59	56	-12.250000	59.500000	9.858458e+04	4.794165e-04
	152	106	11.000000	47.000000	1.022292e+05	-4.577774e-05
	139	110	7.750000	46.000000	1.022292e+05	-8.520031e-05
	282	140	43.500000	38.500000	1.008994e+05	6.002558e-06
	247	150	34.750000	36.000000	1.007634e+05	8.229454e-05
2022	2	10	7	6
	8	6	-25.000000	72.000000	1.003036e+05	-2.529753e-06
	4	17	-26.000000	69.250000	1.003036e+05	2.396917e-05
	164	22	14.000000	68.000000	9.675766e+04	3.544882e-04
	4	25	-26.000000	67.250000	1.003439e+05	1.258037e-04
	76	59	-8.000000	58.750000	9.904629e+04	4.905610e-04
	158	106	12.500000	47.000000	1.021417e+05	-3.988244e-05
	249	152	35.250000	35.500000	1.010215e+05	8.574335e-05
2022	2	10	10	12
	209	0	25.250000	73.500000	9.725084e+04	-4.079193e-05
	178	4	17.500000	72.500000	9.725084e+04	2.469473e-04
	8	6	-25.000000	72.000000	1.002532e+05	-2.486524e-05
	195	15	21.750000	69.750000	9.726353e+04	3.071676e-06
	20	21	-22.000000	68.250000	1.001264e+05	1.325387e-04
	188	27	20.000000	66.750000	9.754509e+04	1.770364e-04
	189	27	20.250000	66.750000	9.754509e+04	1.786431e-04
	92	63	-4.000000	57.750000	9.986323e+04	3.789735e-04
	137	117	7.250000	44.250000	1.022349e+05	1.077137e-04
	270	152	40.500000	35.500000	1.010682e+05	7.070228e-05
2022	2	10	6	18
	192	6	21.000000	72.000000	9.741730e+04	2.182613e-04
	9	14	-24.750000	70.000000	9.972312e+04	-1.178769e-06
	39	16	-17.250000	69.500000	9.972312e+04	1.547454e-04
	205	29	24.250000	66.250000	9.801521e+04	1.250803e-04
	108	68	0.000000	56.500000	1.003636e+05	3.561147e-04
	87	156	-5.250000	34.500000	1.020835e+05	1.176674e-05
2022	2	11	4	0
	207	6	24.750000	72.000000	9.762423e+04	1.836104e-04
	48	12	-15.000000	70.500000	9.940503e+04	1.945501e-04
	0	70	-27.000000	56.000000	9.962934e+04	1.261512e-04
	122	74	3.500000	55.000000	1.008136e+05	3.680832e-04
2022	2	11	5	6
	210	7	25.500000	71.750000	9.778366e+04	2.655896e-04
	48	14	-15.000000	70.000000	9.939233e+04	3.515637e-04
	79	15	-7.250000	69.750000	9.939233e+04	8.568892e-05
	133	80	6.250000	53.500000	1.012964e+05	2.613841e-04
	188	123	20.000000	42.750000	1.020704e+05	3.320883e-06
2022	2	11	6	12
	224	8	29.000000	71.500000	9.805331e+04	3.670077e-04
	96	17	-3.000000	69.250000	9.955314e+04	1.223251e-04
	121	20	3.250000	68.500000	9.955314e+04	1.087786e-04
	5	56	-25.750000	59.500000	9.889897e+04	1.576126e-04
	2	67	-26.500000	56.750000	9.889897e+04	1.330559e-04
	135	119	6.750000	43.750000	1.020219e+05	9.630754e-05
2022	2	11	6	18
	238	0	32.500000	73.500000	9.818559e+04	-2.630656e-05
	235	8	31.750000	71.500000	9.818559e+04	3.382400e-04
	133	20	6.250000	68.500000	9.917369e+04	1.752912e-04
	23	54	-21.250000	60.000000	9.874421e+04	1.629195e-04
	21	63	-21.750000	57.750000	9.874421e+04	1.104529e-04
	135	123	6.750000	42.750000	1.020852e+05	4.723870e-05
2022	2	12	5	0
	243	8	33.750000	71.500000	9.830947e+04	2.739697e-04
	144	22	9.000000	68.000000	9.908498e+04	2.233717e-04
	16	55	-23.000000	59.750000	9.861213e+04	2.176762e-04
	17	55	-22.750000	59.750000	9.861213e+04	2.115209e-04
	35	57	-18.250000	59.250000	9.861213e+04	1.050764e-04
2022	2	12	4	6
	250	10	35.500000	71.000000	9.833506e+04	2.645515e-04
	157	27	12.250000	66.750000	9.944528e+04	2.236814e-04
	46	53	-15.500000	60.250000	9.843373e+04	1.368038e-04
	248	92	35.000000	50.500000	1.012638e+05	1.471910e-04
2022	2	12	4	12
	247	0	34.750000	73.500000	9.847398e+04	6.765922e-05
	257	11	37.250000	70.750000	9.847398e+04	2.745118e-04
	55	51	-13.250000	60.750000	9.841889e+04	1.562744e-04
	265	95	39.250000	49.750000	1.011473e+05	1.460701e-04
2022	2	12	5	18
	254	0	36.500000	73.500000	9.876473e+04	7.325524e-05
	266	13	39.500000	70.250000	9.856270e+04	2.770899e-04
	59	52	-12.250000	60.500000	9.826062e+04	1.620153e-04
	286	96	44.500000	49.500000	1.009508e+05	1.390022e-04
	287	96	44.750000	49.500000	1.009508e+05	1.151429e-04
2022	2	13	3	0
	258	0	37.500000	73.500000	9.918150e+04	2.606567e-05
	278	14	42.500000	70.000000	9.884387e+04	2.184685e-04
	70	54	-9.500000	60.000000	9.826668e+04	1.170373e-04
2022	2	13	4	6
	171	0	15.750000	73.500000	9.884543e+04	2.130930e-04
	288	13	45.000000	70.250000	9.909905e+04	1.093819e-04
	76	55	-8.000000	59.750000	9.808906e+04	9.614816e-05
	57	104	-12.750000	47.500000	9.961762e+04	2.076868e-04
2022	2	13	5	12
	182	3	18.500000	72.750000	9.892398e+04	3.105784e-04
	183	3	18.750000	72.750000	9.892398e+04	3.072021e-04
	184	3	19.000000	72.750000	9.892398e+04	2.966346e-04
	85	55	-5.750000	59.750000	9.813245e+04	1.126266e-04
	77	99	-7.750000	48.750000	9.920769e+04	1.677684e-04
2022	2	13	5	18
	195	4	21.750000	72.500000	9.887337e+04	3.342832e-04
	224	8	29.000000	71.500000	9.887337e+04	-1.250957e-06
	92	55	-4.000000	59.750000	9.813088e+04	1.006581e-04
	100	92	-2.000000	50.500000	9.874891e+04	1.985018e-04
	91	100	-4.250000	48.500000	9.874891e+04	3.184497e-04
2022	2	14	5	0
	201	5	23.250000	72.250000	9.893316e+04	3.115251e-04
	6	14	-25.500000	70.000000	9.961156e+04	3.551646e-05
	100	55	-2.000000	59.750000	9.828720e+04	1.024386e-04
	116	83	2.000000	52.750000	9.846949e+04	1.554216e-04
	107	91	-0.250000	50.750000	9.846949e+04	3.145911e-04
2022	2	14	5	6
	207	7	24.750000	71.750000	9.890620e+04	2.535357e-04
	6	14	-25.500000	70.000000	9.976631e+04	-2.032839e-05
	210	35	25.500000	64.750000	9.906505e+04	1.207007e-04
	107	53	-0.250000	60.250000	9.832979e+04	8.943672e-05
	122	82	3.500000	53.000000	9.836184e+04	2.810742e-04
2022	2	14	6	12
	6	7	-25.500000	71.750000	9.996385e+04	3.865269e-06
	208	9	25.000000	71.250000	9.905411e+04	2.230567e-04
	215	35	26.750000	64.750000	9.927334e+04	7.599475e-05
	234	35	31.500000	64.750000	9.927334e+04	3.057119e-05
	113	55	1.250000	59.750000	9.853123e+04	7.733566e-05
	134	76	6.500000	54.500000	9.830380e+04	3.112039e-04
2022	2	14	4	18
	212	11	26.000000	70.750000	9.942965e+04	1.936701e-04
	118	53	2.500000	60.250000	9.865609e+04	9.009028e-05
	151	68	10.750000	56.500000	9.828035e+04	2.152118e-04
	137	120	7.250000	43.500000	1.006489e+05	2.209942e-04
2022	2	15	9	0
	286	5	44.500000	72.250000	9.925907e+04	1.522621e-04
	7	6	-25.250000	72.000000	9.998378e+04	6.434205e-05
	0	38	-27.000000	64.000000	9.803885e+04	1.155151e-04
	26	50	-20.500000	61.000000	9.818970e+04	1.751223e-04
	120	53	3.000000	60.250000	9.878447e+04	8.658595e-05
	171	60	15.750000	58.500000	9.836672e+04	1.604452e-04
	169	61	15.250000	58.250000	9.836672e+04	1.585832e-04
	145	118	9.250000	44.000000	1.006700e+05	1.889575e-04
	280	121	43.000000	43.250000	1.020260e+05	2.613992e-05
2022	2	15	9	6
	8	6	-25.000000	72.000000	9.985482e+04	8.099086e-05
	286	6	44.500000	72.000000	9.910647e+04	1.547070e-04
	287	6	44.750000	72.000000	9.910647e+04	1.385073e-04
	0	33	-27.000000	65.250000	9.819653e+04	1.150180e-04
	21	44	-21.750000	62.500000	9.829227e+04	1.814858e-04
	191	52	20.750000	60.500000	9.838040e+04	1.793335e-04
	53	54	-13.750000	60.000000	9.849138e+04	1.817418e-04
	147	117	9.750000	44.250000	1.006639e+05	1.839527e-04
	282	122	43.500000	43.000000	1.020061e+05	1.592805e-05
2022	2	15	7	12
	243	5	33.750000	72.250000	9.928076e+04	8.544901e-05
	8	6	-25.000000	72.000000	9.984974e+04	6.972745e-05
	9	6	-24.750000	72.000000	9.984974e+04	7.879754e-05
	202	48	23.500000	61.500000	9.867466e+04	1.723732e-04
	201	49	23.250000	61.250000	9.867466e+04	1.913658e-04
	0	67	-27.000000	56.750000	9.625766e+04	1.679229e-04
	148	119	10.000000	43.750000	1.009484e+05	1.657846e-04
2022	2	15	6	18
	257	9	37.250000	71.250000	9.934368e+04	1.041745e-04
	243	41	33.750000	63.250000	9.898220e+04	1.188094e-04
	219	45	27.750000	62.250000	9.898220e+04	1.587403e-04
	6	59	-25.500000	58.750000	9.523927e+04	2.844929e-04
	149	120	10.250000	43.500000	1.013296e+05	1.364232e-04
	281	121	43.250000	43.250000	1.021325e+05	5.366164e-06
2022	2	16	7	0
	257	39	37.250000	63.750000	9.923973e+04	9.789786e-05
	239	43	32.750000	62.750000	9.923973e+04	1.362690e-04
	27	53	-20.250000	60.250000	9.507280e+04	1.328667e-04
	187	116	19.750000	44.500000	1.015395e+05	4.758600e-06
	172	123	16.000000	42.750000	1.015278e+05	5.702840e-05
	285	123	44.250000	42.750000	1.020170e+05	-1.953846e-05
	151	125	10.750000	42.250000	1.016374e+05	1.544315e-04
2022	2	16	5	6
	272	38	41.000000	64.000000	9.930519e+04	1.160175e-04
	0	42	-27.000000	63.000000	9.670666e+04	7.247132e-05
	45	49	-15.750000	61.250000	9.481645e+04	1.823124e-04
	175	123	16.750000	42.750000	1.016268e+05	4.643179e-05
	285	123	44.250000	42.750000	1.020055e+05	-3.856075e-05
2022	2	16	4	12
	288	37	45.000000	64.250000	9.940855e+04	1.331051e-04
	0	39	-27.000000	63.750000	9.708788e+04	1.218431e-04
	64	45	-11.000000	62.250000	9.479202e+04	1.466320e-04
	278	120	42.500000	43.500000	1.016772e+05	-7.750094e-07
2022	2	16	2	18
	288	42	45.000000	63.000000	9.989703e+04	8.928458e-05
	74	45	-8.500000	62.250000	9.483052e+04	1.313173e-04
2022	2	17	1	0
	95	41	-3.250000	63.250000	9.507514e+04	1.020929e-04
2022	2	17	2	6
	99	38	-2.250000	64.000000	9.546886e+04	1.468107e-04
	0	104	-27.000000	47.500000	9.951816e+04	1.073474e-04
2022	2	17	3	12
	116	41	2.000000	63.250000	9.614823e+04	1.431984e-04
	182	41	18.500000	63.250000	9.655583e+04	1.573185e-04
	7	92	-25.250000	50.500000	9.845523e+04	2.623366e-04
2022	2	17	3	18
	2	29	-26.500000	66.250000	9.875164e+04	9.497028e-05
	188	40	20.000000	63.500000	9.650854e+04	1.237939e-04
	19	86	-22.250000	52.000000	9.761113e+04	3.277493e-04
2022	2	18	4	0
	68	35	-10.000000	64.750000	9.818578e+04	1.886967e-04
	69	35	-9.750000	64.750000	9.818578e+04	1.835009e-04
	195	38	21.750000	64.000000	9.667638e+04	1.229581e-04
	38	74	-17.500000	55.000000	9.640538e+04	4.161056e-04
2022	2	18	4	6
	59	34	-12.250000	65.000000	9.731980e+04	3.373658e-04
	210	39	25.500000	63.750000	9.691788e+04	7.433402e-05
	242	39	33.500000	63.750000	9.693898e+04	7.480126e-05
	53	68	-13.750000	56.500000	9.569160e+04	4.305397e-04
2022	2	18	4	12
	248	31	35.000000	65.750000	9.685868e+04	1.644174e-04
	55	34	-13.250000	65.000000	9.730848e+04	2.894764e-04
	80	62	-7.000000	58.000000	9.562517e+04	7.743168e-05
	0	63	-27.000000	57.750000	9.772896e+04	1.793012e-05
2022	2	18	5	18
	255	24	36.750000	67.500000	9.686161e+04	1.602930e-04
	46	33	-15.500000	65.250000	9.745052e+04	2.022892e-04
	105	54	-0.750000	60.000000	9.526741e+04	3.542185e-04
	14	61	-23.500000	58.250000	9.681003e+04	1.887110e-04
	227	149	29.750000	36.250000	1.005891e+05	1.228569e-04
2022	2	19	8	0
	6	7	-25.500000	71.750000	9.976436e+04	-4.464876e-05
	253	14	36.250000	70.000000	9.675708e+04	1.352142e-04
	254	14	36.500000	70.000000	9.675708e+04	1.330397e-04
	10	54	-24.500000	60.000000	9.652261e+04	2.847284e-04
	126	55	4.500000	59.750000	9.589696e+04	1.723822e-04
	149	56	10.250000	59.500000	9.589696e+04	2.604928e-04
	28	57	-20.000000	59.250000	9.652261e+04	1.962170e-04
	224	152	29.000000	35.500000	1.005074e+05	1.534278e-04
2022	2	19	8	6
	256	10	37.000000	71.000000	9.665156e+04	1.220558e-04
	3	53	-26.250000	60.250000	9.655817e+04	2.854670e-04
	25	53	-20.750000	60.250000	9.655817e+04	2.265501e-04
	163	54	13.750000	60.000000	9.637841e+04	1.947707e-04
	51	55	-14.250000	59.750000	9.669631e+04	2.156069e-04
	137	117	7.250000	44.250000	1.017146e+05	7.111534e-05
	165	126	14.250000	42.000000	1.020000e+05	3.133748e-05
	237	162	32.250000	33.000000	1.007810e+05	9.960019e-05
2022	2	19	10	12
	269	0	40.250000	73.500000	9.674927e+04	1.035113e-04
	270	0	40.500000	73.500000	9.674927e+04	1.167428e-04
	260	10	38.000000	71.000000	9.674927e+04	1.475116e-04
	0	39	-27.000000	63.750000	9.768187e+04	1.407931e-05
	192	52	21.000000	60.500000	9.692512e+04	8.664768e-05
	193	52	21.250000	60.500000	9.692512e+04	8.548296e-05
	51	54	-14.250000	60.000000	9.652984e+04	3.369425e-04
	3	57	-26.250000	59.250000	9.716759e+04	2.667503e-04
	153	106	11.250000	47.000000	1.016161e+05	-2.773024e-05
	284	162	44.000000	33.000000	1.007880e+05	5.176427e-05
2022	2	19	7	18
	270	0	40.500000	73.500000	9.716584e+04	7.862812e-05
	213	51	26.250000	60.750000	9.749312e+04	1.038676e-04
	64	52	-11.000000	60.500000	9.678267e+04	3.144471e-04
	212	52	26.000000	60.500000	9.749312e+04	1.054729e-04
	113	56	1.250000	59.500000	9.705368e+04	2.526583e-04
	23	57	-21.250000	59.250000	9.759434e+04	1.894337e-04
	0	79	-27.000000	53.750000	9.789699e+04	1.031175e-04
2022	2	20	8	0
	281	1	43.250000	73.250000	9.750602e+04	2.029454e-04
	138	44	7.500000	62.500000	9.734227e+04	1.244409e-05
	233	48	31.250000	61.500000	9.799391e+04	5.680144e-05
	70	51	-9.500000	60.750000	9.746459e+04	2.918631e-04
	129	56	5.250000	59.500000	9.733270e+04	2.622065e-04
	0	72	-27.000000	55.500000	9.607535e+04	1.848407e-04
	282	162	43.500000	33.000000	1.012327e+05	1.385795e-04
	283	162	43.750000	33.000000	1.012327e+05	1.179826e-04
