2022	2	10	9	0
	7	6	-25.250000	72.000000	1.001745e+05	-1.711786e-05
	169	8	15.250000	71.500000	9.696404e+04	7.309987e-05
	148	23	10.000000	67.750000	9.645618e+04	4.389279e-04
	59	56	-12.250000	59.500000	9.860666e+04	4.782928e-04
	152	106	11.000000	47.000000	1.022392e+05	-4.273599e-05
	139	110	7.750000	46.000000	1.022392e+05	-7.520254e-05
	252	141	36.000000	38.250000	1.008301e+05	7.937050e-05
	247	151	34.750000	35.750000	1.008301e+05	9.210993e-05
	33	158	-18.750000	34.000000	1.020489e+05	6.440795e-05
2022	2	10	6	6
	8	6	-25.000000	72.000000	1.003439e+05	-1.847518e-05
	179	6	17.750000	72.000000	9.717371e+04	1.530654e-04
	2	17	-26.500000	69.250000	1.003439e+05	3.876904e-05
	165	24	14.250000	67.500000	9.674383e+04	3.036109e-04
	77	59	-7.750000	58.750000	9.905215e+04	5.057642e-04
	152	106	11.000000	47.000000	1.021193e+05	-4.866408e-05
2022	2	10	7	12
	205	0	24.250000	73.500000	9.726348e+04	-8.228346e-06
	206	0	24.500000	73.500000	9.726348e+04	-2.133067e-05
	179	3	17.750000	72.750000	9.726348e+04	1.436071e-04
	19	20	-22.250000	68.500000	1.002006e+05	9.631901e-05
	190	28	20.500000	66.500000	9.753238e+04	1.658266e-04
	92	62	-4.000000	58.000000	9.989443e+04	4.253436e-04
	137	117	7.250000	44.250000	1.022615e+05	1.117385e-04
2022	2	10	6	18
	214	0	26.500000	73.500000	9.738381e+04	7.269723e-06
	184	6	19.000000	72.000000	9.738381e+04	2.056656e-04
	39	16	-17.250000	69.500000	9.979117e+04	1.304642e-04
	209	30	25.250000	66.000000	9.802021e+04	1.421722e-04
	109	68	0.250000	56.500000	1.004111e+05	3.591721e-04
	138	117	7.500000	44.250000	1.022040e+05	1.114157e-04
2022	2	11	6	0
	218	0	27.500000	73.500000	9.754123e+04	1.690851e-05
	200	7	23.000000	71.750000	9.754123e+04	2.275312e-04
	54	14	-13.500000	70.000000	9.934042e+04	2.405664e-04
	0	71	-27.000000	55.750000	9.988369e+04	1.347917e-04
	124	74	4.000000	55.000000	1.007980e+05	3.057128e-04
	135	119	6.750000	43.750000	1.022084e+05	8.109864e-05
2022	2	11	3	6
	208	7	25.000000	71.750000	9.775005e+04	2.322090e-04
	76	14	-8.000000	70.000000	9.916910e+04	1.917857e-04
	136	79	7.000000	53.750000	1.011767e+05	2.570019e-04
2022	2	11	7	12
	229	0	30.250000	73.500000	9.812410e+04	1.291518e-05
	215	9	26.750000	71.250000	9.812410e+04	3.548717e-04
	86	14	-5.500000	70.000000	9.927362e+04	2.092415e-04
	7	57	-25.250000	59.250000	9.899420e+04	1.963788e-04
	30	61	-19.500000	58.250000	9.900558e+04	1.042827e-04
	0	68	-27.000000	56.500000	9.907091e+04	5.816836e-05
	135	119	6.750000	43.750000	1.019651e+05	1.034173e-04
2022	2	11	7	18
	223	1	28.750000	73.250000	9.842755e+04	-8.152302e-06
	233	11	31.250000	70.750000	9.842755e+04	2.759644e-04
	132	16	6.000000	69.500000	9.903677e+04	1.210292e-04
	37	55	-17.750000	59.750000	9.884352e+04	1.922240e-04
	3	57	-26.250000	59.250000	9.879695e+04	2.153477e-04
	20	64	-22.000000	57.500000	9.879695e+04	1.421782e-04
	135	123	6.750000	42.750000	1.020576e+05	8.654927e-05
2022	2	12	3	0
	238	10	32.500000	71.000000	9.849793e+04	2.125064e-04
	153	17	11.250000	69.250000	9.861109e+04	2.012071e-04
	33	53	-18.750000	60.250000	9.845495e+04	2.493232e-04
2022	2	12	5	6
	160	1	13.000000	73.250000	9.851795e+04	2.586055e-04
	242	10	33.500000	71.000000	9.841764e+04	1.739077e-04
	153	22	11.250000	68.000000	9.896744e+04	3.495369e-04
	50	53	-14.500000	60.250000	9.837719e+04	1.049235e-04
	33	56	-18.750000	59.500000	9.837719e+04	1.918616e-04
2022	2	12	6	12
	172	2	16.000000	73.000000	9.858433e+04	2.407008e-04
	173	2	16.250000	73.000000	9.858433e+04	2.520082e-04
	8	7	-25.000000	71.750000	1.006984e+05	-2.896207e-05
	241	9	33.250000	71.250000	9.847180e+04	2.133467e-04
	211	31	25.750000	65.750000	9.952987e+04	8.788279e-05
	62	51	-11.500000	60.750000	9.848613e+04	1.451403e-04
2022	2	12	5	18
	228	1	30.000000	73.250000	9.850088e+04	1.020857e-04
	184	3	19.000000	72.750000	9.865345e+04	1.424621e-04
	246	11	34.500000	70.750000	9.850088e+04	2.195352e-04
	79	49	-7.250000	61.250000	9.841048e+04	1.550806e-04
	280	120	43.000000	43.500000	1.020137e+05	-4.294449e-05
2022	2	13	5	0
	226	0	29.500000	73.500000	9.874975e+04	3.012464e-05
	195	4	21.750000	72.500000	9.874975e+04	2.182642e-04
	252	13	36.000000	70.250000	9.871709e+04	2.986335e-04
	60	105	-12.000000	47.250000	1.003051e+05	1.391554e-04
	288	109	45.000000	46.250000	1.019788e+05	1.010186e-04
2022	2	13	3	6
	206	6	24.500000	72.000000	9.871520e+04	1.587289e-04
	133	36	6.250000	64.500000	9.795109e+04	1.699164e-04
	75	100	-8.250000	48.500000	9.932252e+04	2.116716e-04
2022	2	13	5	12
	219	3	27.750000	72.750000	9.885533e+04	1.532449e-04
	8	7	-25.000000	71.750000	1.000767e+05	-6.533195e-05
	2	17	-26.500000	69.250000	1.000767e+05	5.154080e-05
	141	36	8.250000	64.500000	9.781959e+04	2.020803e-04
	89	98	-4.750000	49.000000	9.898682e+04	2.469231e-04
2022	2	13	6	18
	9	6	-24.750000	72.000000	1.000931e+05	-8.904766e-05
	10	14	-24.500000	70.000000	1.000931e+05	5.337467e-05
	164	26	14.000000	67.000000	9.785416e+04	1.515468e-04
	151	35	10.750000	64.750000	9.785416e+04	2.473622e-04
	174	36	16.500000	64.500000	9.785416e+04	6.116293e-05
	116	83	2.000000	52.750000	9.854893e+04	2.528740e-04
2022	2	14	3	0
	200	26	23.000000	67.000000	9.832471e+04	1.380759e-04
	166	34	14.500000	65.000000	9.827456e+04	1.557862e-04
	126	79	4.500000	53.750000	9.827582e+04	3.172477e-04
2022	2	14	6	6
	164	22	14.000000	68.000000	9.860372e+04	1.387026e-04
	204	24	24.000000	67.500000	9.848318e+04	1.202835e-04
	193	36	21.250000	64.500000	9.849245e+04	3.121460e-05
	194	36	21.500000	64.500000	9.849245e+04	1.208020e-05
	145	63	9.250000	57.750000	9.819680e+04	-1.717081e-05
	140	77	8.000000	54.250000	9.814496e+04	3.822327e-04
2022	2	14	3	12
	184	22	19.000000	68.000000	9.866546e+04	-2.753438e-05
	209	22	25.250000	68.000000	9.866546e+04	4.279555e-05
	164	67	14.000000	56.750000	9.851268e+04	2.014914e-04
2022	2	14	7	18
	4	14	-26.000000	70.000000	9.822967e+04	-5.630308e-05
	214	20	26.500000	68.500000	9.875291e+04	8.398146e-05
	182	25	18.500000	67.250000	9.876471e+04	6.376058e-05
	0	33	-27.000000	65.250000	9.793845e+04	6.439346e-05
	186	61	19.500000	58.250000	9.881508e+04	9.329131e-05
	280	121	43.000000	43.250000	1.019697e+05	-8.416588e-06
	265	123	39.250000	42.750000	1.018692e+05	3.275476e-05
2022	2	15	3	0
	2	6	-26.500000	72.000000	9.867642e+04	-1.567575e-05
	280	121	43.000000	43.250000	1.019889e+05	-3.256590e-05
	131	123	5.750000	42.750000	1.007005e+05	1.702824e-04
2022	2	15	6	6
	10	19	-24.500000	68.750000	9.741647e+04	1.848544e-04
	234	33	31.500000	65.250000	9.889663e+04	3.233640e-05
	235	33	31.750000	65.250000	9.889663e+04	3.263983e-05
	135	121	6.750000	43.250000	1.005656e+05	1.289992e-04
	282	122	43.500000	43.000000	1.021657e+05	-1.421406e-05
	128	134	5.000000	40.000000	1.006191e+05	1.121522e-04
2022	2	15	5	12
	27	19	-20.250000	68.750000	9.713873e+04	1.624418e-04
	244	31	34.000000	65.750000	9.884732e+04	7.663410e-05
	133	122	6.250000	43.000000	1.007989e+05	1.762944e-04
	146	133	9.500000	40.250000	1.008712e+05	2.639386e-06
	142	152	8.500000	35.500000	1.011443e+05	6.860118e-06
2022	2	15	7	18
	27	16	-20.250000	69.500000	9.643722e+04	2.478627e-04
	47	21	-15.250000	68.250000	9.643722e+04	3.077473e-04
	253	29	36.250000	66.250000	9.882520e+04	8.919960e-05
	200	76	23.000000	54.500000	1.007194e+05	1.129742e-04
	20	89	-22.000000	51.250000	9.953935e+04	1.669726e-04
	146	122	9.500000	43.000000	1.009561e+05	1.069969e-04
	134	124	6.500000	42.500000	1.009561e+05	1.726986e-04
2022	2	16	9	0
	24	11	-21.000000	70.750000	9.601491e+04	2.410375e-04
	261	27	38.250000	66.750000	9.883173e+04	1.100375e-04
	288	27	45.000000	66.750000	9.921630e+04	9.758003e-05
	0	31	-27.000000	65.750000	9.607434e+04	1.220400e-04
	70	71	-9.500000	55.750000	9.871583e+04	1.827619e-04
	211	71	25.750000	55.750000	1.005070e+05	1.633734e-04
	145	120	9.250000	43.500000	1.012979e+05	1.444652e-04
	279	121	42.750000	43.250000	1.023271e+05	-2.773492e-05
	136	127	7.000000	41.750000	1.012979e+05	1.403634e-04
2022	2	16	9	6
	2	10	-26.500000	71.000000	9.613503e+04	2.610003e-05
	271	23	40.750000	67.750000	9.890780e+04	9.277466e-05
	0	25	-27.000000	67.250000	9.587773e+04	1.076390e-04
	0	36	-27.000000	64.500000	9.587773e+04	8.561586e-05
	96	64	-3.000000	57.500000	9.764005e+04	2.305776e-04
	224	69	29.000000	56.250000	1.003650e+05	1.599044e-04
	279	121	42.750000	43.250000	1.022510e+05	-3.033758e-05
	283	129	43.750000	41.250000	1.022510e+05	1.251947e-05
	136	131	7.000000	40.750000	1.014669e+05	1.529023e-04
2022	2	16	7	12
	271	21	40.750000	68.250000	9.907765e+04	7.201031e-05
	260	30	38.000000	66.000000	9.907765e+04	1.430506e-04
	0	32	-27.000000	65.500000	9.592072e+04	1.302959e-04
	116	55	2.000000	59.750000	9.681421e+04	3.343068e-04
	241	67	33.250000	56.750000	1.003412e+05	1.263855e-04
	3	104	-26.250000	47.500000	1.003913e+05	1.565309e-04
	278	120	42.500000	43.500000	1.018776e+05	-3.583770e-06
2022	2	16	7	18
	269	21	40.250000	68.250000	9.914824e+04	3.515477e-05
	0	28	-27.000000	66.500000	9.622944e+04	9.999738e-05
	129	37	5.250000	64.250000	9.706266e+04	-1.908537e-05
	257	67	37.250000	56.750000	1.004843e+05	1.436311e-04
	258	67	37.500000	56.750000	1.004843e+05	1.400419e-04
	23	97	-21.250000	49.250000	1.001220e+05	1.710197e-04
	278	120	42.500000	43.500000	1.021996e+05	-1.417902e-06
2022	2	17	4	0
	32	1	-19.000000	73.250000	9.699859e+04	1.061271e-04
	269	20	40.250000	68.500000	9.919355e+04	5.052639e-05
	134	31	6.500000	65.750000	9.664120e+04	2.141940e-04
	51	88	-14.250000	51.500000	9.959709e+04	1.824767e-04
2022	2	17	5	6
	45	16	-15.750000	69.500000	9.660348e+04	2.028167e-04
	142	27	8.500000	66.750000	9.645766e+04	2.872460e-04
	0	37	-27.000000	64.250000	9.579892e+04	1.316980e-04
	181	44	18.250000	62.500000	9.732670e+04	2.195429e-04
	84	79	-6.000000	53.750000	9.892255e+04	1.908780e-04
2022	2	17	5	12
	31	16	-19.250000	69.500000	9.639148e+04	3.105029e-04
	126	19	4.500000	68.750000	9.638116e+04	2.175298e-04
	5	36	-25.750000	64.500000	9.570135e+04	2.559735e-04
	192	43	21.000000	62.750000	9.746578e+04	1.897591e-04
	115	74	1.750000	55.000000	9.836580e+04	2.799421e-04
2022	2	17	7	18
	121	14	3.250000	70.000000	9.621700e+04	1.996051e-04
	288	15	45.000000	69.750000	9.934232e+04	-4.110831e-05
	17	18	-22.750000	69.000000	9.663741e+04	2.595275e-04
	288	23	45.000000	67.750000	9.934401e+04	-3.117942e-05
	0	35	-27.000000	64.750000	9.622459e+04	1.381208e-04
	202	38	23.500000	64.000000	9.757073e+04	6.873679e-05
	149	70	10.250000	56.000000	9.730479e+04	4.271218e-04
2022	2	18	5	0
	131	10	5.750000	71.000000	9.602334e+04	2.623306e-04
	217	39	27.250000	63.750000	9.748391e+04	9.717653e-05
	50	40	-14.500000	63.500000	9.709975e+04	1.770092e-04
	185	66	19.250000	57.000000	9.668714e+04	3.403754e-04
	0	110	-27.000000	46.000000	1.009955e+05	6.368229e-05
2022	2	18	6	6
	119	7	2.750000	71.750000	9.608445e+04	3.339981e-04
	226	37	29.500000	64.250000	9.743459e+04	9.131330e-05
	217	66	27.250000	57.000000	9.675499e+04	1.737823e-04
	0	106	-27.000000	47.000000	1.000270e+05	4.166299e-05
	137	117	7.250000	44.250000	1.018479e+05	1.048771e-04
	133	162	6.250000	33.000000	1.018215e+05	1.244941e-04
2022	2	18	4	12
	102	7	-1.500000	71.750000	9.624271e+04	4.320233e-04
	239	64	32.750000	57.500000	9.672359e+04	1.497502e-04
	4	98	-26.000000	49.000000	9.946918e+04	2.244613e-04
	158	108	12.500000	46.500000	1.018171e+05	-4.468988e-06
2022	2	18	5	18
	90	7	-4.500000	71.750000	9.636051e+04	3.180498e-04
	145	37	9.250000	64.250000	9.825433e+04	1.896173e-04
	252	63	36.000000	57.750000	9.676321e+04	1.823752e-04
	32	80	-19.000000	53.500000	9.858433e+04	3.618588e-04
	84	162	-6.000000	33.000000	1.022348e+05	1.040516e-04
2022	2	19	3	0
	83	11	-6.250000	70.750000	9.688122e+04	3.339484e-04
	270	63	40.500000	57.750000	9.684834e+04	7.966500e-05
	53	70	-13.750000	56.000000	9.844462e+04	2.041518e-04
2022	2	19	7	6
	83	13	-6.250000	70.250000	9.724810e+04	3.616178e-04
	280	62	43.000000	58.000000	9.696930e+04	1.025000e-04
	79	66	-7.250000	57.000000	9.861530e+04	1.630024e-04
	96	70	-3.000000	56.000000	9.861530e+04	1.484768e-04
	286	122	44.500000	43.000000	1.002706e+05	2.921831e-06
	287	130	44.750000	41.000000	1.002706e+05	-1.927321e-05
	277	135	42.250000	39.750000	1.011162e+05	-1.283516e-05
2022	2	19	4	12
	81	14	-6.750000	70.000000	9.763099e+04	3.237264e-04
	15	45	-23.250000	62.250000	9.821134e+04	6.702964e-05
	288	60	45.000000	58.500000	9.720912e+04	1.106968e-04
	117	65	2.250000	57.250000	9.911389e+04	1.519963e-04
2022	2	19	4	18
	81	14	-6.750000	70.000000	9.785162e+04	3.036229e-04
	18	39	-22.500000	63.750000	9.791337e+04	1.767816e-04
	10	47	-24.500000	61.750000	9.791337e+04	1.150222e-04
	136	66	7.000000	57.000000	9.927762e+04	2.199000e-04
2022	2	20	3	0
	81	14	-6.750000	70.000000	9.797616e+04	3.118829e-04
	9	35	-24.750000	64.750000	9.785015e+04	1.901256e-04
	168	72	15.000000	55.500000	9.955347e+04	2.121516e-04
