2022	2	16	7	0
	288	11	45.000000	70.750000	9.871956e+04	9.834396e-05
	55	39	-13.250000	63.750000	9.748930e+04	3.060442e-04
	119	53	2.750000	60.250000	9.801884e+04	1.779341e-04
	65	67	-10.750000	56.750000	9.730504e+04	2.928571e-04
	65	68	-10.750000	56.500000	9.730504e+04	3.177498e-04
	280	121	43.000000	43.250000	1.020775e+05	3.112977e-05
	173	122	16.250000	43.000000	1.014942e+05	4.352619e-05
2022	2	16	5	3
	49	38	-14.750000	64.000000	9.735491e+04	3.345760e-04
	187	42	19.750000	63.000000	9.892587e+04	1.116207e-04
	123	52	3.750000	60.500000	9.794084e+04	1.891205e-04
	76	67	-8.000000	56.750000	9.726810e+04	2.648335e-04
	280	121	43.000000	43.250000	1.020958e+05	3.536592e-05
2022	2	16	4	6
	121	35	3.250000	64.750000	9.792427e+04	1.844262e-04
	44	38	-16.000000	64.000000	9.758630e+04	2.329212e-04
	125	51	4.250000	60.750000	9.789995e+04	1.619305e-04
	99	68	-2.250000	56.500000	9.748916e+04	2.343047e-04
2022	2	16	4	9
	116	35	2.000000	64.750000	9.779656e+04	1.832816e-04
	109	67	0.250000	56.750000	9.740903e+04	2.673050e-04
	47	69	-15.250000	56.250000	9.716456e+04	2.524149e-04
	180	138	18.000000	39.000000	1.014806e+05	1.707414e-04
2022	2	16	7	12
	112	35	1.000000	64.750000	9.762523e+04	1.569660e-04
	58	53	-12.500000	60.250000	9.694214e+04	5.006421e-05
	44	59	-16.000000	58.750000	9.657438e+04	4.892678e-05
	58	66	-12.500000	57.000000	9.657438e+04	3.183046e-04
	59	66	-12.250000	57.000000	9.657438e+04	3.269424e-04
	123	68	3.750000	56.500000	9.730687e+04	2.519248e-04
	183	136	18.750000	39.500000	1.011842e+05	1.722648e-04
2022	2	16	5	15
	69	56	-9.750000	59.500000	9.627669e+04	2.642501e-05
	70	65	-9.500000	57.250000	9.627669e+04	3.415252e-04
	135	67	6.750000	56.750000	9.727463e+04	2.525008e-04
	153	68	11.250000	56.500000	9.727463e+04	2.114114e-04
	185	135	19.250000	39.750000	1.010414e+05	1.594450e-04
2022	2	16	3	18
	84	63	-6.000000	57.750000	9.635362e+04	4.003888e-04
	164	66	14.000000	57.000000	9.731204e+04	2.411446e-04
	184	134	19.000000	40.000000	1.011182e+05	1.169702e-04
2022	2	16	5	21
	102	62	-1.500000	58.000000	9.638023e+04	3.074429e-04
	177	64	17.250000	57.500000	9.695035e+04	2.179265e-04
	137	117	7.250000	44.250000	1.012278e+05	5.256108e-05
	278	120	42.500000	43.500000	1.021245e+05	-3.475107e-05
	184	133	19.000000	40.250000	1.012137e+05	1.120668e-04
2022	2	17	5	0
	186	61	19.500000	58.250000	9.660220e+04	2.231306e-04
	115	65	1.750000	57.250000	9.643617e+04	2.638523e-04
	137	117	7.250000	44.250000	1.012131e+05	6.931847e-05
	278	121	42.500000	43.250000	1.020267e+05	-4.728369e-05
	182	133	18.500000	40.250000	1.012467e+05	1.241167e-04
2022	2	17	4	3
	191	59	20.750000	58.750000	9.622241e+04	2.445493e-04
	127	66	4.750000	57.000000	9.664461e+04	2.240371e-04
	177	67	17.250000	56.750000	9.622241e+04	1.288865e-04
	150	109	10.500000	46.250000	1.001894e+05	1.935182e-05
2022	2	17	4	6
	194	57	21.500000	59.250000	9.591288e+04	2.633247e-04
	198	67	22.500000	56.750000	9.591288e+04	1.485345e-04
	0	117	-27.000000	44.250000	1.009979e+05	8.944822e-05
	279	121	42.750000	43.250000	1.017221e+05	-2.993862e-05
2022	2	17	2	9
	197	56	22.250000	59.500000	9.575826e+04	2.718693e-04
	0	110	-27.000000	46.000000	1.003037e+05	1.699867e-04
2022	2	17	2	12
	202	56	23.500000	59.500000	9.574913e+04	2.029805e-04
	8	106	-25.000000	47.000000	9.971674e+04	2.841038e-04
2022	2	17	2	15
	216	53	27.000000	60.250000	9.575294e+04	1.564406e-04
	18	101	-22.500000	48.250000	9.898881e+04	3.592129e-04
2022	2	17	3	18
	219	50	27.750000	61.000000	9.580523e+04	1.474899e-04
	220	50	28.000000	61.000000	9.580523e+04	1.465133e-04
	28	96	-20.000000	49.500000	9.836805e+04	3.440624e-04
2022	2	17	2	21
	222	48	28.500000	61.500000	9.584689e+04	1.135609e-04
	37	91	-17.750000	50.750000	9.774259e+04	3.360247e-04
2022	2	18	3	0
	6	7	-25.500000	71.750000	1.003010e+05	-8.953051e-06
	224	45	29.000000	62.250000	9.591424e+04	1.243561e-04
	44	89	-16.000000	51.250000	9.691569e+04	5.022827e-04
2022	2	18	4	3
	6	7	-25.500000	71.750000	1.003133e+05	-2.713553e-05
	227	42	29.750000	63.000000	9.597764e+04	1.284803e-04
	38	45	-17.500000	62.250000	9.861785e+04	1.336672e-04
	60	85	-12.000000	52.250000	9.630147e+04	3.784202e-04
2022	2	18	5	6
	6	7	-25.500000	71.750000	1.002326e+05	-1.608900e-05
	231	39	30.750000	63.750000	9.603982e+04	1.371813e-04
	34	46	-18.500000	62.000000	9.831789e+04	1.928929e-04
	68	83	-10.000000	52.750000	9.621679e+04	4.941750e-04
	137	115	7.250000	44.750000	1.015007e+05	3.875304e-05
2022	2	18	4	9
	6	7	-25.500000	71.750000	1.002289e+05	-3.676254e-05
	130	25	5.500000	67.250000	9.785905e+04	7.143312e-05
	235	35	31.750000	64.750000	9.614625e+04	1.475946e-04
	87	77	-5.250000	54.250000	9.619611e+04	4.073808e-04
2022	2	18	4	12
	125	25	4.250000	67.250000	9.783184e+04	7.090312e-05
	238	33	32.500000	65.250000	9.626651e+04	1.414370e-04
	95	75	-3.250000	54.750000	9.618395e+04	4.038502e-04
	257	162	37.250000	33.000000	1.008790e+05	-7.737926e-06
2022	2	18	5	15
	125	26	4.250000	67.000000	9.770595e+04	6.228403e-05
	239	31	32.750000	65.750000	9.641610e+04	1.370775e-04
	240	31	33.000000	65.750000	9.641610e+04	1.284146e-04
	25	47	-20.750000	61.750000	9.818319e+04	2.011154e-04
	112	74	1.000000	55.000000	9.627776e+04	2.564448e-04
2022	2	18	7	18
	2	6	-26.500000	72.000000	1.003294e+05	2.561069e-05
	261	19	38.250000	68.750000	9.656540e+04	9.929446e-05
	114	27	1.500000	66.750000	9.757353e+04	6.901211e-05
	240	30	33.000000	66.000000	9.651903e+04	1.405309e-04
	23	47	-21.250000	61.750000	9.813666e+04	1.931269e-04
	131	71	5.750000	55.750000	9.635469e+04	2.100170e-04
	274	117	41.500000	44.250000	1.005994e+05	-1.239115e-04
2022	2	18	9	21
	6	7	-25.500000	71.750000	1.003611e+05	9.143540e-06
	261	18	38.250000	69.000000	9.669220e+04	1.084651e-04
	112	28	1.000000	66.500000	9.754237e+04	7.419880e-05
	248	30	35.000000	66.000000	9.666863e+04	1.351768e-04
	20	47	-22.000000	61.750000	9.810018e+04	2.265801e-04
	143	69	8.750000	56.250000	9.651037e+04	2.728901e-04
	136	114	7.000000	45.000000	1.013718e+05	3.286830e-05
	282	121	43.500000	43.250000	1.007066e+05	6.216593e-05
	107	138	-0.250000	39.000000	1.015722e+05	6.471336e-05
2022	2	19	8	0
	6	7	-25.500000	71.750000	1.003793e+05	1.047142e-05
	262	17	38.500000	69.250000	9.675635e+04	1.373602e-04
	110	29	0.500000	66.250000	9.753978e+04	1.308205e-04
	251	29	35.750000	66.250000	9.676395e+04	1.386826e-04
	16	46	-23.000000	62.000000	9.807053e+04	2.597678e-04
	155	65	11.750000	57.250000	9.667988e+04	2.530373e-04
	137	117	7.250000	44.250000	1.014524e+05	1.099074e-04
	237	151	32.250000	35.750000	1.009196e+05	1.287508e-04
2022	2	19	8	3
	6	7	-25.500000	71.750000	1.003282e+05	-2.105524e-06
	262	17	38.500000	69.250000	9.673081e+04	1.720834e-04
	253	28	36.250000	66.500000	9.673081e+04	1.228067e-04
	108	30	0.000000	66.000000	9.753096e+04	1.703931e-04
	12	45	-24.000000	62.250000	9.812845e+04	2.891662e-04
	179	62	17.750000	58.000000	9.691948e+04	1.398745e-04
	137	117	7.250000	44.250000	1.013459e+05	9.952462e-05
	239	155	32.750000	34.750000	1.008699e+05	1.687644e-04
2022	2	19	7	6
	264	17	39.000000	69.250000	9.677748e+04	1.570508e-04
	136	25	7.000000	67.250000	9.761565e+04	6.708763e-05
	110	33	0.500000	65.250000	9.760591e+04	2.016801e-04
	9	45	-24.750000	62.250000	9.825784e+04	2.864245e-04
	189	61	20.250000	58.250000	9.705373e+04	9.404173e-05
	137	117	7.250000	44.250000	1.013280e+05	9.622981e-05
	245	153	34.250000	35.250000	1.009283e+05	1.452740e-04
2022	2	19	7	9
	266	17	39.500000	69.250000	9.691873e+04	1.439225e-04
	133	23	6.250000	67.750000	9.773195e+04	8.987232e-05
	116	34	2.000000	65.000000	9.770778e+04	2.023042e-04
	8	45	-25.000000	62.250000	9.847159e+04	2.732935e-04
	196	61	22.000000	58.250000	9.729881e+04	7.835581e-05
	137	117	7.250000	44.250000	1.014853e+05	9.882766e-05
	254	157	36.500000	34.250000	1.010172e+05	-7.643390e-06
2022	2	19	10	12
	277	13	42.250000	70.250000	9.708703e+04	3.770258e-05
	278	13	42.500000	70.250000	9.708703e+04	3.771887e-05
	130	23	5.500000	67.750000	9.784537e+04	1.063122e-04
	122	34	3.500000	65.000000	9.784537e+04	2.200648e-04
	5	44	-25.750000	62.500000	9.856540e+04	2.457410e-04
	217	62	27.250000	58.000000	9.757095e+04	1.233881e-04
	92	76	-4.000000	54.500000	9.910162e+04	2.528486e-04
	135	119	6.750000	43.750000	1.014749e+05	1.144710e-04
	95	145	-3.250000	37.250000	1.018229e+05	5.585995e-05
	254	157	36.500000	34.250000	1.009012e+05	1.631625e-05
2022	2	19	9	15
	274	18	41.500000	69.000000	9.714206e+04	1.054468e-04
	126	23	4.500000	67.750000	9.792670e+04	1.480542e-04
	129	34	5.250000	65.000000	9.792670e+04	2.279542e-04
	130	34	5.500000	65.000000	9.792670e+04	2.376906e-04
	0	42	-27.000000	63.000000	9.835042e+04	1.390914e-04
	0	59	-27.000000	58.750000	9.842097e+04	7.277564e-05
	231	61	30.750000	58.250000	9.777862e+04	1.131861e-04
	101	77	-1.750000	54.250000	9.922066e+04	2.252393e-04
	135	119	6.750000	43.750000	1.013783e+05	1.370790e-04
2022	2	19	6	18
	123	25	3.750000	67.250000	9.801777e+04	1.198821e-04
	136	34	7.000000	65.000000	9.801777e+04	2.389772e-04
	241	61	33.250000	58.250000	9.793613e+04	8.318522e-05
	112	78	1.000000	54.000000	9.945099e+04	1.946215e-04
	135	120	6.750000	43.500000	1.014546e+05	1.480117e-04
	91	162	-4.250000	33.000000	1.019116e+05	-2.386439e-05
2022	2	19	8	21
	121	27	3.250000	66.750000	9.811538e+04	1.379733e-04
	144	33	9.000000	65.250000	9.811538e+04	2.323642e-04
	0	49	-27.000000	61.250000	9.677612e+04	1.038714e-04
	250	61	35.500000	58.250000	9.811553e+04	7.822533e-05
	251	61	35.750000	58.250000	9.811553e+04	8.042785e-05
	128	75	5.000000	54.750000	9.963237e+04	9.574033e-05
	127	76	4.750000	54.500000	9.963237e+04	1.091568e-04
	139	121	7.750000	43.250000	1.014837e+05	1.146481e-04
2022	2	20	7	0
	125	29	4.250000	66.250000	9.819930e+04	7.550699e-05
	149	31	10.250000	65.750000	9.819930e+04	2.664550e-04
	0	44	-27.000000	62.500000	9.629934e+04	1.220611e-04
	261	60	38.250000	58.500000	9.824932e+04	6.619572e-05
	161	112	13.250000	45.500000	1.014048e+05	1.750343e-04
	71	156	-9.250000	34.500000	1.023810e+05	1.064520e-04
	86	162	-5.500000	33.000000	1.023227e+05	-4.112855e-05
