2022	2	14	4	0
	4	6	-26.000000	72.000000	9.974668e+04	-2.458463e-05
	221	11	28.250000	70.750000	9.830678e+04	1.509280e-04
	1	17	-26.750000	69.250000	9.974668e+04	1.318202e-05
	105	71	-0.750000	55.750000	9.842695e+04	1.175674e-04
2022	2	14	2	3
	215	9	26.750000	71.250000	9.804195e+04	2.562774e-04
	109	70	0.250000	56.000000	9.836156e+04	1.196932e-04
2022	2	14	3	6
	214	10	26.500000	71.000000	9.788736e+04	2.856946e-04
	111	70	0.750000	56.000000	9.834067e+04	1.030718e-04
	123	120	3.750000	43.500000	1.008567e+05	2.148356e-04
2022	2	14	2	9
	218	13	27.500000	70.250000	9.791902e+04	2.510476e-04
	126	69	4.500000	56.250000	9.842764e+04	1.678437e-04
2022	2	14	4	12
	226	7	29.500000	71.750000	9.790139e+04	2.115953e-04
	0	46	-27.000000	62.000000	9.773791e+04	1.312898e-04
	132	65	6.000000	57.250000	9.827357e+04	2.237495e-04
	116	71	2.000000	55.750000	9.827357e+04	1.605506e-04
2022	2	14	4	15
	6	7	-25.500000	71.750000	9.988877e+04	3.653495e-05
	239	12	32.750000	70.500000	9.789147e+04	2.224097e-04
	3	44	-26.250000	62.500000	9.733166e+04	2.035652e-04
	137	63	7.250000	57.750000	9.820869e+04	2.298539e-04
2022	2	14	2	18
	246	12	34.500000	70.500000	9.793974e+04	1.909403e-04
	144	60	9.000000	58.500000	9.843243e+04	2.669367e-04
2022	2	14	7	21
	250	4	35.500000	72.500000	9.801198e+04	8.034600e-05
	254	12	36.500000	70.500000	9.801198e+04	1.956394e-04
	0	38	-27.000000	64.000000	9.710209e+04	1.426477e-04
	22	45	-21.500000	62.250000	9.712161e+04	1.744410e-04
	127	54	4.750000	60.000000	9.858805e+04	8.741647e-05
	149	57	10.250000	59.250000	9.858805e+04	3.308902e-04
	141	122	8.250000	43.000000	1.011160e+05	1.153272e-04
2022	2	15	9	0
	249	3	35.250000	72.750000	9.809809e+04	9.946142e-05
	6	7	-25.500000	71.750000	9.970902e+04	5.914810e-05
	262	12	38.500000	70.500000	9.809809e+04	2.015983e-04
	13	41	-23.750000	63.250000	9.738936e+04	2.268382e-04
	126	53	4.500000	60.250000	9.872038e+04	1.016648e-04
	127	54	4.750000	60.000000	9.864300e+04	7.406680e-05
	153	54	11.250000	60.000000	9.858086e+04	3.564764e-04
	144	62	9.000000	58.000000	9.858086e+04	1.434276e-04
	146	119	9.500000	43.750000	1.010673e+05	1.327876e-04
2022	2	15	7	3
	244	5	34.000000	72.250000	9.816486e+04	8.444322e-05
	269	12	40.250000	70.500000	9.816486e+04	2.190150e-04
	3	36	-26.250000	64.500000	9.725925e+04	1.425590e-04
	125	52	4.250000	60.500000	9.876745e+04	1.181959e-04
	155	52	11.750000	60.500000	9.864916e+04	3.000375e-04
	150	60	10.500000	58.500000	9.864916e+04	1.424532e-04
	147	119	9.750000	43.750000	1.009875e+05	1.022590e-04
2022	2	15	8	6
	274	11	41.500000	70.750000	9.823128e+04	1.919118e-04
	242	12	33.500000	70.500000	9.823128e+04	2.139104e-04
	28	38	-20.000000	64.000000	9.729709e+04	1.067965e-04
	125	51	4.250000	60.750000	9.870583e+04	1.242940e-04
	159	51	12.750000	60.750000	9.864146e+04	2.412788e-04
	137	57	7.250000	59.250000	9.867741e+04	7.639061e-05
	0	89	-27.000000	51.250000	9.929405e+04	1.174866e-04
	156	118	12.000000	44.000000	1.010222e+05	6.512080e-05
2022	2	15	5	9
	278	10	42.500000	71.000000	9.829770e+04	2.065009e-04
	162	48	13.500000	61.500000	9.865823e+04	2.526934e-04
	125	51	4.250000	60.750000	9.869470e+04	1.258372e-04
	4	86	-26.000000	52.000000	9.899343e+04	1.766063e-04
	159	113	12.750000	45.250000	1.010832e+05	1.040804e-04
2022	2	15	6	12
	280	9	43.000000	71.250000	9.839785e+04	2.109519e-04
	0	37	-27.000000	64.250000	9.748180e+04	-2.877963e-05
	39	40	-17.250000	63.500000	9.778207e+04	1.652735e-04
	166	47	14.500000	61.750000	9.861304e+04	2.352987e-04
	13	83	-23.750000	52.750000	9.878458e+04	1.743426e-04
	160	111	13.000000	45.750000	1.010361e+05	1.042239e-04
2022	2	15	7	15
	283	9	43.750000	71.250000	9.849047e+04	2.538307e-04
	0	35	-27.000000	64.750000	9.748625e+04	-3.602086e-05
	170	45	15.500000	62.250000	9.860945e+04	2.012408e-04
	0	82	-27.000000	53.000000	9.825491e+04	1.047807e-04
	161	111	13.250000	45.750000	1.010058e+05	1.088125e-04
	162	152	13.500000	35.500000	1.016332e+05	3.714409e-05
	163	162	13.750000	33.000000	1.016332e+05	5.404182e-05
2022	2	15	5	18
	286	9	44.500000	71.250000	9.859575e+04	1.716512e-04
	179	43	17.750000	62.750000	9.867022e+04	1.194009e-04
	119	58	2.750000	59.000000	9.813336e+04	1.377003e-04
	23	77	-21.250000	54.250000	9.794214e+04	2.156189e-04
	164	161	14.000000	33.250000	1.016909e+05	1.553130e-05
2022	2	15	8	21
	288	9	45.000000	71.250000	9.871644e+04	9.232979e-05
	185	42	19.250000	63.000000	9.871644e+04	1.327334e-04
	121	57	3.250000	59.250000	9.799846e+04	1.879273e-04
	28	74	-20.000000	55.000000	9.774219e+04	1.815209e-04
	14	75	-23.500000	54.750000	9.774219e+04	2.174295e-04
	174	109	16.500000	46.250000	1.012465e+05	1.544915e-04
	167	148	14.750000	36.500000	1.018085e+05	9.023793e-05
	168	159	15.000000	33.750000	1.018085e+05	6.822829e-07
2022	2	16	6	0
	194	38	21.500000	64.000000	9.879228e+04	1.218703e-04
	191	39	20.750000	63.750000	9.879228e+04	1.236399e-04
	53	42	-13.750000	63.000000	9.815134e+04	1.968026e-04
	138	44	7.500000	62.500000	9.802722e+04	-2.898578e-05
	126	57	4.500000	59.250000	9.797432e+04	2.228351e-04
	26	71	-20.500000	55.750000	9.743010e+04	2.583157e-04
2022	2	16	4	3
	196	36	22.000000	64.500000	9.874417e+04	1.533372e-04
	50	40	-14.500000	63.500000	9.800205e+04	2.171421e-04
	131	57	5.750000	59.250000	9.806813e+04	2.057310e-04
	33	69	-18.750000	56.250000	9.715055e+04	3.059797e-04
2022	2	16	5	6
	197	34	22.250000	65.000000	9.874075e+04	1.937844e-04
	144	42	9.000000	63.000000	9.803441e+04	3.657460e-06
	151	54	10.750000	60.000000	9.803304e+04	1.804496e-04
	41	67	-16.750000	56.750000	9.679104e+04	3.386460e-04
	280	121	43.000000	43.250000	1.022175e+05	4.534604e-06
2022	2	16	5	9
	145	42	9.250000	63.000000	9.798562e+04	2.172777e-05
	155	51	11.750000	60.750000	9.798562e+04	1.099768e-04
	53	65	-13.750000	57.250000	9.653117e+04	4.033715e-04
	137	117	7.250000	44.250000	1.012306e+05	1.133240e-04
	182	139	18.500000	38.750000	1.014202e+05	1.710057e-04
2022	2	16	5	12
	63	65	-11.250000	57.250000	9.647468e+04	4.298537e-04
	91	65	-4.250000	57.250000	9.656627e+04	1.622777e-04
	137	117	7.250000	44.250000	1.011140e+05	9.861142e-05
	278	120	42.500000	43.500000	1.019914e+05	1.315039e-05
	185	137	19.250000	39.250000	1.011820e+05	1.747428e-04
2022	2	16	5	15
	0	35	-27.000000	64.750000	9.822940e+04	-1.716573e-05
	80	64	-7.000000	57.500000	9.654024e+04	3.280932e-04
	96	65	-3.000000	57.250000	9.654024e+04	1.379664e-04
	280	121	43.000000	43.250000	1.020566e+05	5.231120e-06
	186	136	19.500000	39.500000	1.010763e+05	1.564567e-04
2022	2	16	5	18
	0	31	-27.000000	65.750000	9.837611e+04	4.503338e-05
	107	63	-0.250000	57.750000	9.658390e+04	2.430667e-04
	148	108	10.000000	46.500000	1.002585e+05	-6.901193e-05
	280	121	43.000000	43.250000	1.020704e+05	-1.516664e-05
	186	136	19.500000	39.500000	1.011080e+05	1.355809e-04
2022	2	16	4	21
	282	0	43.500000	73.500000	9.887274e+04	1.583217e-04
	123	63	3.750000	57.750000	9.628294e+04	2.355810e-04
	138	117	7.500000	44.250000	1.008483e+05	7.096677e-05
	187	137	19.750000	39.250000	1.011540e+05	1.234468e-04
2022	2	17	6	0
	278	0	42.500000	73.500000	9.889294e+04	9.071456e-05
	145	63	9.250000	57.750000	9.620454e+04	1.986410e-04
	129	64	5.250000	57.500000	9.620454e+04	2.347241e-04
	137	113	7.250000	45.250000	1.003578e+05	5.121425e-06
	188	139	20.000000	38.750000	1.010907e+05	1.128476e-04
	202	144	23.500000	37.500000	1.011082e+05	7.671904e-05
2022	2	17	6	3
	275	0	41.750000	73.500000	9.889055e+04	2.957787e-05
	148	63	10.000000	57.750000	9.612664e+04	1.990278e-04
	138	117	7.500000	44.250000	1.005758e+05	1.222531e-04
	281	121	43.250000	43.250000	1.017859e+05	-1.468129e-05
	188	142	20.000000	38.000000	1.009110e+05	1.298938e-04
	202	143	23.500000	37.750000	1.009110e+05	8.131960e-05
2022	2	17	6	6
	156	63	12.000000	57.750000	9.624186e+04	1.499865e-04
	172	78	16.000000	54.000000	9.637316e+04	3.278746e-04
	138	117	7.500000	44.250000	1.005502e+05	9.530877e-05
	204	143	24.000000	37.750000	1.009520e+05	8.016374e-05
	190	145	20.500000	37.250000	1.009520e+05	1.057871e-04
	191	145	20.750000	37.250000	1.009520e+05	1.046644e-04
2022	2	17	4	9
	180	59	18.000000	58.750000	9.621806e+04	1.665939e-04
	1	74	-26.750000	55.000000	9.924217e+04	1.743899e-04
	187	75	19.750000	54.750000	9.616482e+04	3.153167e-04
	277	120	42.250000	43.500000	1.013872e+05	-1.596382e-06
2022	2	17	5	12
	8	7	-25.000000	71.750000	1.004616e+05	-7.979330e-06
	288	21	45.000000	68.250000	9.903931e+04	9.846899e-06
	51	52	-14.250000	60.500000	9.914955e+04	1.422497e-04
	192	65	21.000000	57.250000	9.611517e+04	1.296695e-04
	9	72	-24.750000	55.500000	9.915795e+04	3.041750e-04
2022	2	17	6	15
	8	7	-25.000000	71.750000	1.004208e+05	-1.785985e-05
	51	52	-14.250000	60.500000	9.910197e+04	1.573619e-04
	197	64	22.250000	57.500000	9.604293e+04	1.735867e-04
	33	67	-18.750000	56.750000	9.891468e+04	1.053004e-04
	15	69	-23.250000	56.250000	9.891468e+04	3.324623e-04
	46	90	-15.500000	51.000000	9.968573e+04	1.379675e-04
2022	2	17	7	18
	9	6	-24.750000	72.000000	1.003346e+05	-2.364128e-05
	21	41	-21.750000	63.250000	9.916377e+04	1.712604e-04
	52	51	-14.000000	60.750000	9.891725e+04	1.937270e-04
	203	62	23.750000	58.000000	9.595699e+04	2.388363e-04
	36	64	-18.000000	57.500000	9.868716e+04	1.076121e-04
	19	67	-22.250000	56.750000	9.868716e+04	2.555682e-04
	50	88	-14.500000	51.500000	9.917883e+04	1.452353e-04
2022	2	17	5	21
	16	41	-23.000000	63.250000	9.906191e+04	1.861005e-04
	51	51	-14.250000	60.750000	9.870360e+04	1.895422e-04
	207	60	24.750000	58.500000	9.593200e+04	2.599490e-04
	21	68	-21.750000	56.500000	9.855209e+04	3.115230e-04
	57	85	-12.750000	52.250000	9.871866e+04	2.160346e-04
2022	2	18	6	0
	13	41	-23.750000	63.250000	9.894053e+04	2.273105e-04
	51	51	-14.250000	60.750000	9.859112e+04	2.163258e-04
	210	56	25.500000	59.500000	9.596863e+04	2.960747e-04
	29	69	-19.750000	56.250000	9.846188e+04	2.871158e-04
	66	81	-10.500000	53.250000	9.810220e+04	3.468940e-04
	279	119	42.750000	43.750000	1.006321e+05	1.556491e-05
2022	2	18	7	3
	11	41	-24.250000	63.250000	9.880084e+04	2.631221e-04
	51	50	-14.250000	61.000000	9.845999e+04	2.528318e-04
	214	55	26.500000	59.750000	9.600373e+04	2.844362e-04
	37	70	-17.750000	56.000000	9.837920e+04	2.357630e-04
	75	78	-8.250000	54.000000	9.764272e+04	4.077548e-04
	153	111	11.250000	45.750000	1.010700e+05	1.048181e-04
	283	122	43.750000	43.000000	1.005179e+05	5.852067e-07
2022	2	18	9	6
	152	18	11.000000	69.000000	9.809502e+04	1.791700e-04
	11	40	-24.250000	63.500000	9.867519e+04	2.512083e-04
	50	49	-14.500000	61.250000	9.833383e+04	2.662606e-04
	218	53	27.500000	60.250000	9.617954e+04	2.752959e-04
	45	73	-15.750000	55.250000	9.834820e+04	3.153343e-04
	85	76	-5.750000	54.500000	9.723734e+04	4.550650e-04
	151	111	10.750000	45.750000	1.010366e+05	5.786322e-05
	138	117	7.500000	44.250000	1.012124e+05	9.647848e-05
	283	122	43.750000	43.000000	1.005941e+05	-1.523262e-05
2022	2	18	8	9
	147	18	9.750000	69.000000	9.802380e+04	1.684964e-04
	8	39	-25.000000	63.750000	9.870805e+04	2.597620e-04
	49	49	-14.750000	61.250000	9.842541e+04	2.283081e-04
	222	51	28.500000	60.750000	9.635844e+04	2.476833e-04
	52	73	-14.000000	55.250000	9.848499e+04	2.275617e-04
	91	76	-4.250000	54.500000	9.713205e+04	4.582528e-04
	255	159	36.750000	33.750000	1.007757e+05	-4.159184e-06
	265	162	39.250000	33.000000	1.007757e+05	1.206213e-04
2022	2	18	6	12
	136	20	7.000000	68.500000	9.794898e+04	2.836597e-04
	5	38	-25.750000	64.000000	9.869641e+04	2.329987e-04
	49	49	-14.750000	61.250000	9.846821e+04	2.557999e-04
	228	49	30.000000	61.250000	9.661762e+04	2.715072e-04
	105	71	-0.750000	55.750000	9.718222e+04	4.267728e-04
	60	76	-12.000000	54.500000	9.871798e+04	2.258735e-04
2022	2	18	7	15
	137	23	7.250000	67.750000	9.776838e+04	2.758201e-04
	4	37	-26.000000	64.250000	9.856083e+04	2.304327e-04
	226	38	29.500000	64.000000	9.684326e+04	6.894611e-05
	233	46	31.250000	62.000000	9.684326e+04	2.251540e-04
	51	49	-14.250000	61.250000	9.845828e+04	2.857404e-04
	120	72	3.000000	55.500000	9.704184e+04	3.139968e-04
	120	125	3.000000	42.250000	1.009841e+05	8.149073e-05
2022	2	18	5	18
	138	25	7.500000	67.250000	9.764221e+04	2.252583e-04
	229	34	30.250000	65.000000	9.685934e+04	5.967019e-05
	2	35	-26.500000	64.750000	9.842661e+04	2.208916e-04
	52	48	-14.000000	61.500000	9.850194e+04	2.508272e-04
	134	71	6.500000	55.750000	9.693142e+04	2.701827e-04
2022	2	18	7	21
	140	26	8.000000	67.000000	9.754840e+04	2.075751e-04
	235	29	31.750000	66.250000	9.683076e+04	2.729852e-05
	55	47	-13.250000	61.750000	9.852351e+04	2.629668e-04
	0	54	-27.000000	60.000000	9.848259e+04	1.218948e-04
	153	64	11.250000	57.500000	9.703910e+04	2.268199e-04
	169	64	15.250000	57.500000	9.703910e+04	1.951280e-04
	262	156	38.500000	34.500000	1.008223e+05	9.895562e-05
2022	2	19	9	0
	245	16	34.250000	69.500000	9.680012e+04	1.500490e-04
	237	27	32.250000	66.750000	9.680012e+04	1.792485e-05
	144	28	9.000000	66.500000	9.750988e+04	1.662243e-04
	56	46	-13.000000	62.000000	9.848516e+04	2.971546e-04
	38	47	-17.500000	61.750000	9.848516e+04	1.561647e-04
	13	56	-23.750000	59.500000	9.827323e+04	1.776726e-04
	181	62	18.250000	58.000000	9.699202e+04	2.168183e-04
	161	65	13.250000	57.250000	9.699202e+04	2.471044e-04
	138	111	7.500000	45.750000	1.007880e+05	-2.207432e-05
2022	2	19	10	3
	246	15	34.500000	69.750000	9.681090e+04	1.623240e-04
	240	25	33.000000	67.250000	9.681090e+04	5.727868e-05
	150	29	10.500000	66.250000	9.748830e+04	1.692420e-04
	56	45	-13.000000	62.250000	9.844784e+04	2.550140e-04
	35	46	-18.250000	62.000000	9.841531e+04	7.789576e-05
	20	54	-22.000000	60.000000	9.825525e+04	2.021300e-04
	190	61	20.500000	58.250000	9.675406e+04	2.434608e-04
	158	106	12.500000	47.000000	1.006648e+05	-5.834915e-05
	137	117	7.250000	44.250000	1.010902e+05	1.572528e-04
	235	161	31.750000	33.250000	1.009070e+05	1.184708e-04
2022	2	19	6	6
	248	14	35.000000	70.000000	9.675629e+04	1.261701e-04
	153	30	11.250000	66.000000	9.751861e+04	2.406749e-04
	57	44	-12.750000	62.500000	9.842798e+04	2.367583e-04
	28	46	-20.000000	62.000000	9.817736e+04	3.435128e-05
	200	60	23.000000	58.500000	9.678453e+04	2.450498e-04
	137	117	7.250000	44.250000	1.011831e+05	1.267250e-04
2022	2	19	7	9
	257	10	37.250000	71.000000	9.677289e+04	1.153905e-04
	258	10	37.500000	71.000000	9.677289e+04	1.070614e-04
	155	31	11.750000	65.750000	9.772302e+04	2.064041e-04
	219	57	27.750000	59.250000	9.699099e+04	1.690567e-04
	136	117	7.000000	44.250000	1.013864e+05	1.174889e-04
	107	146	-0.250000	37.000000	1.017234e+05	1.047205e-04
	93	147	-3.750000	36.750000	1.017234e+05	8.199868e-05
2022	2	19	7	12
	268	0	40.000000	73.500000	9.674362e+04	9.157343e-05
	260	10	38.000000	71.000000	9.674362e+04	8.090856e-05
	232	54	31.000000	60.000000	9.705519e+04	1.708419e-04
	0	60	-27.000000	58.500000	9.766686e+04	1.160247e-04
	136	118	7.000000	44.000000	1.014173e+05	1.237025e-04
	94	145	-3.500000	37.250000	1.018036e+05	5.919885e-05
	277	155	42.250000	34.750000	1.006997e+05	4.517230e-05
2022	2	19	6	15
	269	0	40.250000	73.500000	9.677495e+04	7.486303e-05
	243	50	33.750000	61.000000	9.717656e+04	1.649594e-04
	0	54	-27.000000	60.000000	9.681620e+04	1.078886e-04
	283	148	43.750000	36.500000	1.010003e+05	-4.368829e-05
	276	155	42.000000	34.750000	1.009291e+05	2.578237e-05
	287	162	44.750000	33.000000	1.009291e+05	4.273418e-05
2022	2	19	6	18
	271	0	40.750000	73.500000	9.673814e+04	9.065003e-05
	111	9	0.750000	71.250000	9.836002e+04	2.186272e-04
	250	48	35.500000	61.500000	9.722536e+04	1.728119e-04
	251	48	35.750000	61.500000	9.722536e+04	1.633614e-04
	0	49	-27.000000	61.250000	9.587277e+04	1.114249e-04
	284	148	44.000000	36.500000	1.011282e+05	-5.894712e-05
2022	2	19	6	21
	275	0	41.750000	73.500000	9.681005e+04	1.435306e-04
	111	9	0.750000	71.250000	9.821484e+04	2.566271e-04
	117	43	2.250000	62.750000	9.890407e+04	1.081927e-04
	257	47	37.250000	61.750000	9.735752e+04	1.778492e-04
	0	49	-27.000000	61.250000	9.474905e+04	2.783633e-04
	276	159	42.000000	33.750000	1.011980e+05	7.006033e-05
2022	2	20	11	0
	279	0	42.750000	73.500000	9.686877e+04	1.431301e-04
	280	0	43.000000	73.500000	9.686877e+04	1.453699e-04
	113	9	1.250000	71.250000	9.803013e+04	2.861618e-04
	270	13	40.500000	70.250000	9.697730e+04	1.022423e-04
	27	39	-20.250000	63.750000	9.446659e+04	6.355936e-05
	288	40	45.000000	63.500000	9.766960e+04	1.653514e-04
	269	42	40.250000	63.000000	9.740237e+04	8.925454e-05
	7	45	-25.250000	62.250000	9.446659e+04	4.544720e-04
	281	147	43.250000	36.750000	1.012845e+05	-3.941552e-05
	288	159	45.000000	33.750000	1.012403e+05	8.311851e-05
	86	162	-5.500000	33.000000	1.023315e+05	-7.156420e-06
