2022	2	16	5	0
	288	11	45.000000	70.750000	9.879978e+04	9.331959e-05
	53	38	-13.750000	64.000000	9.747230e+04	3.302213e-04
	118	53	2.500000	60.250000	9.800587e+04	1.492016e-04
	65	67	-10.750000	56.750000	9.726484e+04	2.885719e-04
	172	123	16.000000	42.750000	1.014746e+05	3.396596e-05
2022	2	16	6	3
	46	37	-15.500000	64.250000	9.771172e+04	2.705019e-04
	121	51	3.250000	60.750000	9.795362e+04	1.411619e-04
	76	67	-8.000000	56.750000	9.727523e+04	2.828513e-04
	92	71	-4.000000	55.750000	9.727523e+04	1.958541e-04
	280	121	43.000000	43.250000	1.021494e+05	3.434854e-05
	173	123	16.250000	42.750000	1.014203e+05	3.991985e-05
2022	2	16	3	6
	120	34	3.000000	65.000000	9.786523e+04	1.812250e-04
	124	48	4.000000	61.500000	9.788508e+04	1.228786e-04
	99	67	-2.250000	56.750000	9.769125e+04	2.040164e-04
2022	2	16	6	9
	116	35	2.000000	64.750000	9.776862e+04	2.032909e-04
	57	54	-12.750000	60.000000	9.755434e+04	7.518485e-05
	113	67	1.250000	56.750000	9.768815e+04	2.023003e-04
	54	70	-13.500000	56.000000	9.752425e+04	1.909112e-04
	202	125	23.500000	42.250000	1.016332e+05	-9.851043e-05
	181	136	18.250000	39.500000	1.014574e+05	1.394017e-04
2022	2	16	5	12
	112	35	1.000000	64.750000	9.756643e+04	1.877912e-04
	68	67	-10.000000	56.750000	9.704419e+04	2.351350e-04
	126	67	4.500000	56.750000	9.763187e+04	1.994678e-04
	137	117	7.250000	44.250000	1.012783e+05	9.528935e-05
	183	139	18.750000	38.750000	1.011866e+05	1.809550e-04
2022	2	16	4	15
	108	35	0.000000	64.750000	9.741121e+04	1.552122e-04
	79	65	-7.250000	57.250000	9.656970e+04	3.288231e-04
	137	117	7.250000	44.250000	1.012263e+05	7.337694e-05
	184	136	19.000000	39.500000	1.010278e+05	1.778443e-04
2022	2	16	4	18
	115	60	1.750000	58.500000	9.685688e+04	1.529713e-05
	100	66	-2.000000	57.000000	9.685688e+04	2.317848e-04
	280	121	43.000000	43.250000	1.021133e+05	-2.176873e-05
	185	134	19.250000	40.000000	1.010005e+05	1.573126e-04
2022	2	16	4	21
	111	66	0.750000	57.000000	9.671561e+04	2.561958e-04
	137	67	7.250000	56.750000	9.683563e+04	1.842610e-04
	137	117	7.250000	44.250000	1.012117e+05	4.860183e-05
	185	134	19.250000	40.000000	1.011002e+05	1.340996e-04
2022	2	17	5	0
	121	67	3.250000	56.750000	9.681780e+04	2.538843e-04
	158	67	12.500000	56.750000	9.675252e+04	1.811539e-04
	138	117	7.500000	44.250000	1.010103e+05	5.559998e-05
	278	121	42.500000	43.250000	1.019790e+05	-3.971071e-05
	185	135	19.250000	39.750000	1.011728e+05	9.462119e-05
2022	2	17	4	3
	285	10	44.250000	71.000000	9.905857e+04	1.921087e-04
	194	59	21.500000	58.750000	9.638332e+04	2.232615e-04
	177	67	17.250000	56.750000	9.639045e+04	1.710258e-04
	138	117	7.500000	44.250000	1.009362e+05	8.758179e-05
2022	2	17	3	6
	287	11	44.750000	70.750000	9.909579e+04	1.470823e-04
	196	57	22.000000	59.250000	9.620081e+04	2.235017e-04
	195	66	21.750000	57.000000	9.620081e+04	1.265474e-04
2022	2	17	3	9
	288	12	45.000000	70.500000	9.921270e+04	7.898968e-05
	288	24	45.000000	67.500000	9.921270e+04	-7.040385e-06
	203	62	23.750000	58.000000	9.607289e+04	1.554687e-04
2022	2	17	3	12
	208	59	25.000000	58.750000	9.597039e+04	1.170863e-04
	37	74	-17.750000	55.000000	9.949630e+04	1.562222e-04
	278	120	42.500000	43.500000	1.012840e+05	-1.152693e-05
2022	2	17	1	15
	213	55	26.250000	59.750000	9.600466e+04	1.437737e-04
2022	2	17	1	18
	217	52	27.250000	60.500000	9.601536e+04	1.672346e-04
2022	2	17	2	21
	221	49	28.250000	61.250000	9.603040e+04	1.498556e-04
	42	108	-16.500000	46.500000	1.001790e+05	9.856919e-05
2022	2	18	2	0
	221	43	28.250000	62.750000	9.593798e+04	1.414420e-04
	51	102	-14.250000	48.000000	9.964083e+04	1.503498e-04
2022	2	18	5	3
	6	7	-25.500000	71.750000	1.004564e+05	-2.510594e-05
	4	37	-26.000000	64.250000	9.921859e+04	1.025282e-04
	222	40	28.500000	63.500000	9.585332e+04	1.526064e-04
	34	56	-18.500000	59.500000	9.920619e+04	1.482957e-04
	58	97	-12.500000	49.250000	9.899298e+04	1.966993e-04
2022	2	18	5	6
	6	7	-25.500000	71.750000	1.004462e+05	-2.652453e-05
	1	35	-26.750000	64.750000	9.922697e+04	9.141337e-05
	223	38	28.750000	64.000000	9.579766e+04	1.736964e-04
	34	55	-18.500000	59.750000	9.911269e+04	1.759690e-04
	62	94	-11.500000	50.000000	9.843911e+04	3.218980e-04
2022	2	18	4	9
	6	7	-25.500000	71.750000	1.004854e+05	-2.979156e-05
	223	36	28.750000	64.500000	9.585534e+04	1.513085e-04
	35	55	-18.250000	59.750000	9.922620e+04	1.770271e-04
	67	94	-10.250000	50.000000	9.827955e+04	4.521813e-04
2022	2	18	4	12
	6	7	-25.500000	71.750000	1.005289e+05	-3.335942e-05
	224	35	29.000000	64.750000	9.598869e+04	1.580838e-04
	40	56	-17.000000	59.500000	9.938575e+04	1.785281e-04
	79	94	-7.250000	50.000000	9.828653e+04	4.717490e-04
2022	2	18	5	15
	6	7	-25.500000	71.750000	1.004854e+05	-2.447741e-05
	227	34	29.750000	65.000000	9.613274e+04	1.650635e-04
	92	89	-4.000000	51.250000	9.816713e+04	3.121414e-04
	275	117	41.750000	44.250000	1.003057e+05	-1.102431e-04
	273	129	41.250000	41.250000	1.003347e+05	-1.911474e-05
2022	2	18	3	18
	2	6	-26.500000	72.000000	1.005552e+05	6.912629e-06
	229	32	30.250000	65.500000	9.627819e+04	1.739950e-04
	105	88	-0.750000	51.500000	9.814759e+04	2.852030e-04
2022	2	18	6	21
	2	6	-26.500000	72.000000	1.005796e+05	1.553290e-05
	229	32	30.250000	65.500000	9.645682e+04	1.674491e-04
	118	85	2.500000	52.250000	9.826994e+04	2.993138e-04
	127	121	4.750000	43.250000	1.010213e+05	1.516182e-04
	108	126	0.000000	42.000000	1.011545e+05	7.708358e-05
	109	135	0.250000	39.750000	1.011545e+05	9.598574e-05
2022	2	19	7	0
	229	32	30.250000	65.500000	9.665220e+04	1.363699e-04
	0	47	-27.000000	61.750000	9.835569e+04	8.798338e-05
	141	78	8.250000	54.000000	9.832467e+04	1.637675e-04
	155	78	11.750000	54.000000	9.849663e+04	2.064165e-04
	129	82	5.250000	53.000000	9.832467e+04	3.158458e-04
	108	138	0.000000	39.000000	1.011944e+05	8.528050e-05
	276	154	42.000000	35.000000	1.013330e+05	1.024863e-04
2022	2	19	9	3
	6	7	-25.500000	71.750000	1.004174e+05	-3.407356e-06
	237	21	32.250000	68.250000	9.683749e+04	1.110087e-04
	231	32	30.750000	65.500000	9.683749e+04	1.113569e-04
	141	37	8.250000	64.250000	9.798431e+04	1.281472e-04
	166	75	14.500000	54.750000	9.844469e+04	1.811333e-04
	137	117	7.250000	44.250000	1.011213e+05	1.595519e-04
	115	136	1.750000	39.500000	1.011989e+05	1.224930e-04
	106	141	-0.500000	38.250000	1.011989e+05	1.933458e-05
	276	152	42.000000	35.500000	1.014068e+05	8.933627e-05
2022	2	19	9	6
	6	7	-25.500000	71.750000	1.003240e+05	5.999054e-06
	237	21	32.250000	68.250000	9.704636e+04	1.214050e-04
	237	32	32.250000	65.500000	9.704636e+04	1.470904e-04
	146	37	9.500000	64.250000	9.805720e+04	1.172521e-04
	177	73	17.250000	55.250000	9.835599e+04	2.024953e-04
	137	117	7.250000	44.250000	1.010854e+05	1.416558e-04
	114	139	1.500000	38.750000	1.012897e+05	1.548967e-04
	281	140	43.250000	38.500000	1.013652e+05	9.573250e-06
	274	148	41.500000	36.500000	1.013652e+05	6.590196e-05
2022	2	19	7	9
	6	7	-25.500000	71.750000	1.002637e+05	8.334354e-06
	240	19	33.000000	68.750000	9.726530e+04	1.693895e-04
	246	30	34.500000	66.000000	9.726530e+04	1.019345e-04
	186	72	19.500000	55.500000	9.835538e+04	2.027401e-04
	136	118	7.000000	44.000000	1.012665e+05	1.162794e-04
	287	142	44.750000	38.000000	1.011934e+05	1.594538e-05
	275	147	41.750000	36.750000	1.011934e+05	8.693827e-05
2022	2	19	7	12
	240	22	33.000000	68.000000	9.744176e+04	1.440998e-04
	288	24	45.000000	67.500000	9.786430e+04	-1.718054e-05
	197	71	22.250000	55.750000	9.847788e+04	2.292665e-04
	135	119	6.750000	43.750000	1.012218e+05	1.125882e-04
	287	141	44.750000	38.250000	1.011156e+05	-1.452485e-05
	276	148	42.000000	36.500000	1.011156e+05	1.369815e-04
	287	158	44.750000	34.000000	1.013758e+05	-2.051763e-05
2022	2	19	6	15
	6	7	-25.500000	71.750000	9.985791e+04	8.236117e-06
	0	50	-27.000000	61.000000	9.656691e+04	1.120593e-04
	213	71	26.250000	55.750000	9.866519e+04	1.149770e-04
	135	119	6.750000	43.750000	1.012172e+05	1.230290e-04
	146	126	9.500000	42.000000	1.012172e+05	-9.868989e-06
	279	148	42.750000	36.500000	1.014584e+05	1.442000e-04
2022	2	19	7	18
	6	7	-25.500000	71.750000	9.949879e+04	-2.693740e-06
	274	18	41.500000	69.000000	9.770133e+04	6.560471e-05
	0	46	-27.000000	62.000000	9.544955e+04	1.471106e-04
	239	71	32.750000	55.750000	9.877574e+04	1.272966e-04
	136	122	7.000000	43.000000	1.013252e+05	1.198178e-04
	92	147	-4.000000	36.750000	1.019184e+05	1.450810e-04
	280	150	43.000000	36.000000	1.017445e+05	1.633594e-04
2022	2	19	9	21
	6	7	-25.500000	71.750000	9.915331e+04	-7.148170e-06
	276	17	42.000000	69.250000	9.774707e+04	5.305618e-05
	27	39	-20.250000	63.750000	9.471782e+04	7.847451e-05
	0	43	-27.000000	62.750000	9.468680e+04	1.262438e-04
	253	69	36.250000	56.250000	9.878489e+04	1.462695e-04
	158	118	12.500000	44.000000	1.014451e+05	3.451496e-05
	147	127	9.750000	41.750000	1.014423e+05	-8.048278e-07
	279	145	42.750000	37.250000	1.018404e+05	3.053472e-05
	285	152	44.250000	35.500000	1.018404e+05	9.050225e-05
2022	2	20	9	0
	6	7	-25.500000	71.750000	9.864208e+04	9.690685e-06
	278	17	42.500000	69.250000	9.781313e+04	6.368605e-05
	35	36	-18.250000	64.500000	9.440010e+04	6.924376e-05
	0	42	-27.000000	63.000000	9.436412e+04	1.393250e-04
	263	68	38.750000	56.500000	9.876195e+04	1.567121e-04
	149	126	10.250000	42.000000	1.014770e+05	2.934303e-05
	288	155	45.000000	34.750000	1.018794e+05	7.217946e-05
	0	162	-27.000000	33.000000	1.038099e+05	7.160815e-05
	94	162	-3.500000	33.000000	1.023454e+05	-8.510271e-05
