2022	2	14	8	0
	5	6	-25.750000	72.000000	9.980188e+04	-4.353026e-05
	222	10	28.500000	71.000000	9.838055e+04	1.365228e-04
	194	12	21.500000	70.500000	9.838055e+04	1.210397e-04
	1	17	-26.750000	69.250000	9.980188e+04	1.868373e-05
	220	20	28.000000	68.500000	9.838055e+04	1.062739e-04
	115	62	1.750000	58.000000	9.848709e+04	1.033360e-04
	105	71	-0.750000	55.750000	9.848709e+04	9.414026e-05
	139	107	7.750000	46.750000	1.005009e+05	-1.458146e-04
2022	2	14	5	3
	58	4	-12.500000	72.500000	1.001017e+05	1.048044e-04
	220	8	28.000000	71.500000	9.811155e+04	1.531695e-04
	227	22	29.750000	68.000000	9.823955e+04	1.236296e-04
	122	64	3.500000	57.500000	9.840907e+04	1.473799e-04
	111	71	0.750000	55.750000	9.840907e+04	4.490198e-05
2022	2	14	5	6
	62	4	-11.500000	72.500000	1.000858e+05	8.177538e-05
	63	4	-11.250000	72.500000	1.000858e+05	9.476693e-05
	218	9	27.500000	71.250000	9.797995e+04	2.391251e-04
	114	71	1.500000	55.750000	9.839810e+04	7.590346e-05
	115	71	1.750000	55.750000	9.839810e+04	6.974452e-05
2022	2	14	4	9
	70	2	-9.500000	73.000000	1.001635e+05	8.636880e-05
	225	8	29.250000	71.500000	9.800972e+04	1.854411e-04
	0	52	-27.000000	60.500000	9.807380e+04	1.133164e-04
	124	68	4.000000	56.500000	9.844119e+04	1.408452e-04
2022	2	14	5	12
	80	1	-7.000000	73.250000	1.001705e+05	9.242006e-05
	81	1	-6.750000	73.250000	1.001705e+05	9.776211e-05
	228	9	30.000000	71.250000	9.799655e+04	1.942418e-04
	0	48	-27.000000	61.500000	9.766990e+04	1.430539e-04
	130	64	5.500000	57.500000	9.835705e+04	1.736866e-04
2022	2	14	3	15
	236	6	32.000000	72.000000	9.804826e+04	1.020527e-04
	1	45	-26.750000	62.250000	9.729436e+04	1.697261e-04
	133	62	6.250000	58.000000	9.826430e+04	2.253720e-04
2022	2	14	5	18
	254	12	36.500000	70.500000	9.803369e+04	1.500939e-04
	288	12	45.000000	70.500000	9.905769e+04	1.019183e-04
	0	41	-27.000000	63.250000	9.701470e+04	1.311712e-04
	128	54	5.000000	60.000000	9.835659e+04	9.762217e-05
	136	61	7.000000	58.250000	9.835659e+04	2.528466e-04
2022	2	14	6	21
	250	4	35.500000	72.500000	9.799624e+04	1.125958e-04
	259	12	37.750000	70.500000	9.799624e+04	1.721854e-04
	0	37	-27.000000	64.250000	9.718077e+04	1.300570e-04
	27	39	-20.250000	63.750000	9.718077e+04	-2.345685e-05
	142	59	8.500000	58.750000	9.843634e+04	2.353776e-04
	139	121	7.750000	43.250000	1.011483e+05	1.182687e-04
2022	2	15	6	0
	241	5	33.250000	72.250000	9.805812e+04	1.326378e-04
	263	11	38.750000	70.750000	9.805812e+04	1.867143e-04
	0	36	-27.000000	64.500000	9.728386e+04	1.343959e-04
	127	53	4.750000	60.250000	9.849430e+04	8.711278e-05
	147	57	9.750000	59.250000	9.849430e+04	2.617140e-04
	145	118	9.250000	44.000000	1.011671e+05	1.370969e-04
2022	2	15	8	3
	239	9	32.750000	71.250000	9.814007e+04	2.168519e-04
	269	12	40.250000	70.500000	9.814007e+04	2.317022e-04
	0	34	-27.000000	65.000000	9.737050e+04	1.018410e-04
	34	44	-18.500000	62.500000	9.743880e+04	2.672003e-04
	126	51	4.500000	60.750000	9.855305e+04	1.157439e-04
	151	54	10.750000	60.000000	9.850637e+04	3.088008e-04
	171	103	15.750000	47.750000	1.009965e+05	5.790313e-05
	146	117	9.500000	44.250000	1.010769e+05	9.977676e-05
2022	2	15	8	6
	6	7	-25.500000	71.750000	9.958112e+04	3.074302e-05
	276	10	42.000000	71.000000	9.816388e+04	2.112633e-04
	244	11	34.000000	70.750000	9.816388e+04	1.523540e-04
	27	38	-20.250000	64.000000	9.731770e+04	1.907507e-04
	126	48	4.500000	61.500000	9.867682e+04	1.652886e-04
	60	51	-12.000000	60.750000	9.765987e+04	2.709339e-04
	154	51	11.500000	60.750000	9.847910e+04	2.921374e-04
	155	117	11.750000	44.250000	1.011370e+05	1.006706e-04
2022	2	15	8	9
	276	9	42.000000	71.250000	9.827261e+04	2.028265e-04
	35	36	-18.250000	64.500000	9.741672e+04	7.718168e-05
	58	48	-12.500000	61.500000	9.754785e+04	3.257042e-04
	125	48	4.250000	61.500000	9.861462e+04	1.899285e-04
	158	49	12.500000	61.250000	9.856919e+04	2.541177e-04
	5	83	-25.750000	52.750000	9.863844e+04	2.032160e-04
	159	113	12.750000	45.250000	1.012096e+05	1.033920e-04
	148	162	10.000000	33.000000	1.017407e+05	-6.472867e-06
2022	2	15	6	12
	279	10	42.750000	71.000000	9.840782e+04	2.297542e-04
	0	30	-27.000000	66.000000	9.747124e+04	1.037146e-04
	55	46	-13.250000	62.000000	9.754456e+04	3.227145e-04
	126	46	4.500000	62.000000	9.859112e+04	2.057260e-04
	164	47	14.000000	61.750000	9.862152e+04	2.299540e-04
	14	80	-23.500000	53.500000	9.849509e+04	2.043012e-04
2022	2	15	8	15
	2	6	-26.500000	72.000000	9.959601e+04	5.096215e-05
	283	9	43.750000	71.250000	9.848756e+04	2.512803e-04
	0	39	-27.000000	63.750000	9.749568e+04	3.437694e-05
	54	44	-13.500000	62.500000	9.755553e+04	2.806555e-04
	168	45	15.000000	62.250000	9.866476e+04	1.670371e-04
	28	77	-20.000000	54.250000	9.814320e+04	2.331723e-04
	141	158	8.250000	34.000000	1.014737e+05	-2.161155e-06
	153	162	11.250000	33.000000	1.014737e+05	-9.320176e-06
2022	2	15	6	18
	285	8	44.250000	71.500000	9.857953e+04	2.311992e-04
	51	41	-14.250000	63.250000	9.742189e+04	3.002000e-04
	172	43	16.000000	62.750000	9.870534e+04	1.350424e-04
	120	58	3.000000	59.000000	9.832870e+04	1.774233e-04
	39	75	-17.250000	54.750000	9.804732e+04	2.290361e-04
	160	162	13.000000	33.000000	1.014928e+05	-4.276789e-05
2022	2	15	7	21
	285	8	44.250000	71.500000	9.873119e+04	2.260750e-04
	46	38	-15.500000	64.000000	9.739604e+04	3.220769e-04
	132	41	6.000000	63.250000	9.841393e+04	1.547125e-04
	179	42	17.750000	63.000000	9.881156e+04	1.153450e-04
	126	58	4.500000	59.000000	9.827261e+04	2.047384e-04
	53	73	-13.750000	55.250000	9.793702e+04	2.526707e-04
	161	161	13.250000	33.250000	1.016047e+05	-2.502058e-05
2022	2	16	8	0
	288	9	45.000000	71.250000	9.884086e+04	1.116546e-04
	39	34	-17.250000	65.000000	9.761146e+04	2.935134e-04
	131	40	5.750000	63.500000	9.828295e+04	1.782377e-04
	129	57	5.250000	59.250000	9.826870e+04	1.904040e-04
	66	72	-10.500000	55.500000	9.791180e+04	2.640542e-04
	0	75	-27.000000	54.750000	9.779383e+04	1.007927e-04
	279	121	42.750000	43.250000	1.019882e+05	1.883382e-05
	163	160	13.750000	33.500000	1.015735e+05	5.737109e-06
2022	2	16	5	3
	288	9	45.000000	71.250000	9.891794e+04	1.074953e-04
	130	39	5.500000	63.750000	9.813803e+04	1.946873e-04
	8	71	-25.000000	55.750000	9.730031e+04	2.760525e-04
	79	71	-7.250000	55.750000	9.796146e+04	2.522955e-04
	165	159	14.250000	33.750000	1.014524e+05	4.827137e-05
2022	2	16	5	6
	129	39	5.250000	63.750000	9.800909e+04	2.030853e-04
	17	68	-22.750000	56.500000	9.690675e+04	3.438333e-04
	101	74	-1.750000	55.000000	9.817845e+04	1.842226e-04
	168	148	15.000000	36.500000	1.014888e+05	7.875156e-05
	168	158	15.000000	34.000000	1.014888e+05	9.087428e-05
2022	2	16	7	9
	0	38	-27.000000	64.000000	9.745291e+04	-3.795641e-06
	127	38	4.750000	64.000000	9.789080e+04	1.892619e-04
	42	65	-16.500000	57.250000	9.694451e+04	2.542284e-04
	26	69	-20.500000	56.250000	9.694451e+04	3.655313e-04
	124	76	4.000000	54.500000	9.830583e+04	1.970859e-04
	168	144	15.000000	37.500000	1.015016e+05	7.721666e-05
	171	153	15.750000	35.250000	1.015016e+05	1.116312e-04
2022	2	16	5	12
	125	37	4.250000	64.250000	9.782531e+04	1.588147e-04
	165	51	14.250000	60.750000	9.806220e+04	1.165750e-04
	51	62	-14.250000	58.000000	9.666470e+04	2.871591e-04
	137	116	7.250000	44.500000	1.012401e+05	9.769350e-05
	173	152	16.250000	35.500000	1.013293e+05	1.405302e-04
2022	2	16	7	15
	121	37	3.250000	64.250000	9.768745e+04	1.455860e-04
	179	45	17.750000	62.250000	9.788454e+04	1.359065e-04
	57	63	-12.750000	57.750000	9.676418e+04	3.294777e-04
	73	64	-8.750000	57.500000	9.676418e+04	1.507376e-04
	168	144	15.000000	37.500000	1.011200e+05	5.132032e-05
	174	151	16.500000	35.750000	1.011200e+05	1.676242e-04
	175	151	16.750000	35.750000	1.011200e+05	1.614857e-04
2022	2	16	6	18
	288	9	45.000000	71.250000	9.909169e+04	1.113983e-04
	116	39	2.000000	63.750000	9.759563e+04	1.497709e-04
	180	44	18.000000	62.500000	9.771330e+04	1.365076e-04
	67	65	-10.250000	57.250000	9.719550e+04	2.565891e-04
	177	150	17.250000	36.000000	1.011071e+05	1.637787e-04
	177	151	17.250000	35.750000	1.011071e+05	1.604980e-04
2022	2	16	6	21
	288	9	45.000000	71.250000	9.913540e+04	1.258572e-04
	179	43	17.750000	62.750000	9.756524e+04	1.246632e-04
	116	68	2.000000	56.500000	9.717795e+04	2.179310e-04
	138	74	7.500000	55.000000	9.726709e+04	2.236190e-04
	137	117	7.250000	44.250000	1.009721e+05	9.074434e-05
	177	149	17.250000	36.250000	1.011355e+05	1.640237e-04
2022	2	17	6	0
	6	7	-25.500000	71.750000	1.001995e+05	-3.403670e-05
	288	7	45.000000	71.750000	9.914245e+04	1.309210e-04
	126	69	4.500000	56.250000	9.725770e+04	1.917620e-04
	151	73	10.750000	55.250000	9.702786e+04	2.044494e-04
	137	117	7.250000	44.250000	1.008752e+05	9.411776e-05
	178	148	17.500000	36.500000	1.010035e+05	1.426993e-04
2022	2	17	3	3
	161	73	13.250000	55.250000	9.691302e+04	2.391328e-04
	179	77	17.750000	54.250000	9.691302e+04	1.818268e-04
	175	150	16.750000	36.000000	1.009310e+05	1.782837e-04
2022	2	17	6	6
	285	10	44.250000	71.000000	9.933688e+04	1.211553e-04
	171	74	15.750000	55.000000	9.701078e+04	2.338204e-04
	191	76	20.750000	54.500000	9.701078e+04	1.795390e-04
	0	116	-27.000000	44.500000	1.007457e+05	9.244651e-05
	280	121	43.000000	43.250000	1.014335e+05	-1.163278e-05
	175	151	16.750000	35.750000	1.009796e+05	1.573317e-04
2022	2	17	7	9
	45	41	-15.750000	63.250000	9.906912e+04	1.584406e-04
	10	64	-24.500000	57.500000	9.942289e+04	2.299781e-04
	187	73	19.750000	55.250000	9.691788e+04	1.422038e-04
	201	74	23.250000	55.000000	9.691788e+04	2.008387e-04
	0	114	-27.000000	45.000000	1.002243e+05	1.187821e-04
	279	120	42.750000	43.500000	1.012191e+05	-4.654013e-06
	174	158	16.500000	34.000000	1.010874e+05	1.815224e-04
2022	2	17	6	12
	46	40	-15.500000	63.500000	9.914684e+04	1.584995e-04
	17	61	-22.750000	58.250000	9.918632e+04	2.389444e-04
	209	73	25.250000	55.250000	9.687432e+04	1.564263e-04
	19	105	-22.250000	47.250000	9.964113e+04	2.199621e-04
	7	110	-25.250000	46.000000	9.964113e+04	3.480896e-04
	178	162	17.500000	33.000000	1.009133e+05	8.298489e-05
2022	2	17	5	15
	48	40	-15.000000	63.500000	9.917598e+04	1.738066e-04
	22	58	-21.500000	59.000000	9.891355e+04	2.523483e-04
	218	71	27.500000	55.750000	9.693542e+04	2.043056e-04
	15	106	-23.250000	47.000000	9.909639e+04	4.030658e-04
	84	162	-6.000000	33.000000	1.020714e+05	1.015557e-04
2022	2	17	5	18
	48	40	-15.000000	63.500000	9.908495e+04	2.178956e-04
	24	55	-21.000000	59.750000	9.860272e+04	2.803278e-04
	224	67	29.000000	56.750000	9.696691e+04	2.094895e-04
	24	102	-21.000000	48.000000	9.868199e+04	5.064502e-04
	84	162	-6.000000	33.000000	1.019838e+05	7.161378e-05
2022	2	17	6	21
	155	22	11.750000	68.000000	9.823532e+04	3.042546e-06
	47	40	-15.250000	63.500000	9.887909e+04	2.264536e-04
	26	53	-20.500000	60.250000	9.833606e+04	3.204166e-04
	228	64	30.000000	57.500000	9.701156e+04	2.057584e-04
	33	98	-18.750000	49.000000	9.836145e+04	5.471877e-04
	84	162	-6.000000	33.000000	1.021444e+05	-3.724883e-05
2022	2	18	5	0
	145	19	9.250000	68.750000	9.824723e+04	3.750338e-05
	44	40	-16.000000	63.500000	9.858016e+04	1.998727e-04
	26	52	-20.500000	60.500000	9.822498e+04	3.233996e-04
	233	60	31.250000	58.500000	9.707408e+04	1.969373e-04
	44	95	-16.000000	49.750000	9.824629e+04	5.324082e-04
2022	2	18	6	3
	137	21	7.250000	68.250000	9.818754e+04	1.247747e-04
	41	40	-16.750000	63.500000	9.817312e+04	1.776624e-04
	27	51	-20.250000	60.750000	9.805265e+04	3.360623e-04
	233	51	31.250000	60.750000	9.707298e+04	1.062498e-04
	72	89	-9.000000	51.250000	9.804073e+04	6.590567e-05
	55	91	-13.250000	50.750000	9.804073e+04	4.994030e-04
2022	2	18	8	6
	135	22	6.750000	68.000000	9.810638e+04	1.314032e-04
	37	40	-17.750000	63.500000	9.807944e+04	1.405534e-04
	235	48	31.750000	61.500000	9.708723e+04	1.272700e-04
	235	49	31.750000	61.250000	9.708723e+04	1.469711e-04
	29	52	-19.750000	60.500000	9.801943e+04	3.372551e-04
	67	89	-10.250000	51.250000	9.782328e+04	4.657819e-04
	137	117	7.250000	44.250000	1.013709e+05	6.546149e-05
	144	124	9.000000	42.500000	1.013709e+05	1.349389e-05
2022	2	18	5	9
	138	24	7.500000	67.500000	9.806518e+04	1.040053e-04
	48	45	-15.000000	62.250000	9.816075e+04	1.450688e-04
	239	45	32.750000	62.250000	9.710980e+04	1.032898e-04
	33	53	-18.750000	60.250000	9.816075e+04	3.199975e-04
	80	86	-7.000000	52.000000	9.777926e+04	3.823866e-04
2022	2	18	6	12
	138	25	7.500000	67.250000	9.802601e+04	1.161535e-04
	242	38	33.500000	64.000000	9.713627e+04	5.683892e-05
	242	39	33.500000	63.750000	9.713627e+04	6.584881e-05
	44	46	-16.000000	62.000000	9.829173e+04	1.046723e-04
	39	55	-17.250000	59.750000	9.829173e+04	2.760882e-04
	96	82	-3.000000	53.000000	9.746732e+04	2.879039e-04
2022	2	18	6	15
	138	26	7.500000	67.000000	9.790662e+04	1.597493e-04
	244	33	34.000000	65.250000	9.711074e+04	1.050580e-04
	43	47	-16.250000	61.750000	9.838714e+04	1.127714e-04
	47	57	-15.250000	59.250000	9.838714e+04	2.735574e-04
	118	73	2.500000	55.250000	9.709664e+04	3.191177e-04
	230	149	30.500000	36.250000	1.007958e+05	4.452192e-05
2022	2	18	6	18
	142	27	8.500000	66.750000	9.779226e+04	1.821497e-04
	245	29	34.250000	66.250000	9.704180e+04	1.231973e-04
	57	59	-12.750000	58.750000	9.861948e+04	2.890372e-04
	0	62	-27.000000	58.000000	9.838777e+04	1.402969e-04
	129	71	5.250000	55.750000	9.668475e+04	3.391194e-04
	229	149	30.250000	36.250000	1.007306e+05	1.363475e-04
2022	2	18	7	21
	246	27	34.500000	66.750000	9.698979e+04	1.142771e-04
	144	28	9.000000	66.500000	9.772896e+04	1.960930e-04
	0	57	-27.000000	59.250000	9.814869e+04	1.359590e-04
	69	60	-9.750000	58.500000	9.876926e+04	2.625306e-04
	142	70	8.500000	56.000000	9.678345e+04	2.690215e-04
	226	150	29.500000	36.000000	1.006258e+05	1.598428e-04
	227	150	29.750000	36.000000	1.006258e+05	1.628646e-04
2022	2	19	8	0
	7	6	-25.250000	72.000000	1.003247e+05	1.435241e-05
	250	24	35.500000	67.500000	9.700592e+04	7.886127e-05
	148	28	10.000000	66.500000	9.771032e+04	2.199442e-04
	12	57	-24.000000	59.250000	9.821057e+04	2.579733e-04
	80	60	-7.000000	58.500000	9.886577e+04	2.563666e-04
	158	69	12.500000	56.250000	9.686461e+04	2.617198e-04
	138	117	7.500000	44.250000	1.012538e+05	1.071259e-04
	230	154	30.500000	35.000000	1.006659e+05	1.479969e-04
2022	2	19	11	3
	7	6	-25.250000	72.000000	1.002786e+05	3.116774e-05
	1	17	-26.750000	69.250000	9.980736e+04	-8.199047e-06
	255	17	36.750000	69.250000	9.690832e+04	7.659886e-05
	150	28	10.500000	66.500000	9.770139e+04	2.219646e-04
	0	48	-27.000000	61.500000	9.843947e+04	1.103049e-04
	17	56	-22.750000	59.500000	9.838620e+04	2.344355e-04
	91	60	-4.250000	58.500000	9.897951e+04	2.492001e-04
	40	62	-17.000000	58.000000	9.840453e+04	2.473094e-04
	177	67	17.250000	56.750000	9.682638e+04	2.773253e-04
	137	117	7.250000	44.250000	1.011591e+05	1.392631e-04
	229	156	30.250000	34.500000	1.006786e+05	1.402255e-04
2022	2	19	11	6
	245	16	34.250000	69.500000	9.689297e+04	9.404711e-05
	246	16	34.500000	69.500000	9.689297e+04	9.060904e-05
	247	16	34.750000	69.500000	9.689297e+04	8.799240e-05
	150	28	10.500000	66.500000	9.776437e+04	1.291924e-04
	19	54	-22.250000	60.000000	9.851655e+04	2.152291e-04
	102	60	-1.500000	58.500000	9.895162e+04	2.287843e-04
	48	63	-15.000000	57.750000	9.856716e+04	2.653065e-04
	64	65	-11.000000	57.250000	9.856716e+04	2.152519e-04
	185	68	19.250000	56.500000	9.700358e+04	2.248371e-04
	150	110	10.500000	46.000000	1.012221e+05	6.972509e-05
	137	117	7.250000	44.250000	1.012221e+05	1.292721e-04
2022	2	19	9	9
	261	11	38.250000	70.750000	9.693809e+04	9.128207e-05
	149	29	10.250000	66.250000	9.791588e+04	1.434155e-04
	22	52	-21.500000	60.500000	9.861838e+04	1.911517e-04
	110	59	0.500000	58.750000	9.902652e+04	1.674617e-04
	65	64	-10.750000	57.500000	9.880326e+04	2.148827e-04
	81	67	-6.750000	56.750000	9.880326e+04	2.262770e-04
	196	68	22.000000	56.500000	9.735734e+04	1.516135e-04
	136	118	7.000000	44.000000	1.014270e+05	1.576624e-04
	95	146	-3.250000	37.000000	1.018209e+05	4.669777e-05
2022	2	19	10	12
	260	10	38.000000	71.000000	9.697146e+04	1.153416e-04
	149	30	10.250000	66.000000	9.808413e+04	1.877615e-04
	18	49	-22.500000	61.250000	9.865598e+04	1.682532e-04
	117	59	2.250000	58.750000	9.904030e+04	1.686676e-04
	72	66	-9.000000	57.000000	9.912177e+04	2.242585e-04
	99	68	-2.250000	56.500000	9.905659e+04	1.992795e-04
	221	68	28.250000	56.500000	9.754174e+04	9.261985e-05
	143	120	8.750000	43.500000	1.015679e+05	9.485988e-05
	162	124	13.500000	42.500000	1.016511e+05	-3.688866e-05
	193	134	21.250000	40.000000	1.015425e+05	-2.617532e-06
2022	2	19	7	15
	259	9	37.750000	71.250000	9.701172e+04	1.220884e-04
	152	32	11.000000	65.500000	9.826212e+04	2.386572e-04
	14	45	-23.500000	62.250000	9.819412e+04	1.577651e-04
	122	59	3.500000	58.750000	9.900567e+04	1.427203e-04
	232	66	31.000000	57.000000	9.767194e+04	1.856849e-04
	117	68	2.250000	56.500000	9.900567e+04	1.552496e-04
	145	124	9.250000	42.500000	1.016044e+05	4.443339e-05
2022	2	19	7	18
	257	9	37.250000	71.250000	9.704682e+04	1.239414e-04
	7	42	-25.250000	63.000000	9.733681e+04	1.215793e-04
	127	60	4.750000	58.500000	9.896588e+04	1.336368e-04
	238	66	32.500000	57.000000	9.781717e+04	1.684215e-04
	133	68	6.250000	56.500000	9.896588e+04	8.548114e-05
	149	126	10.250000	42.000000	1.017043e+05	3.755395e-05
	92	139	-4.000000	38.750000	1.019578e+05	5.533512e-05
2022	2	19	4	21
	255	9	36.750000	71.250000	9.707956e+04	1.664444e-04
	245	65	34.250000	57.250000	9.795911e+04	1.605907e-04
	145	68	9.250000	56.500000	9.891778e+04	1.570476e-04
	89	140	-4.750000	38.500000	1.021759e+05	5.853228e-05
2022	2	20	7	0
	254	10	36.500000	71.000000	9.712312e+04	1.730694e-04
	0	46	-27.000000	62.000000	9.633929e+04	1.120081e-04
	252	65	36.000000	57.250000	9.808382e+04	1.638394e-04
	157	67	12.250000	56.750000	9.876675e+04	2.254632e-04
	279	119	42.750000	43.750000	1.013918e+05	-2.516776e-05
	75	150	-8.250000	36.000000	1.023136e+05	1.019916e-04
	86	162	-5.500000	33.000000	1.022394e+05	4.752345e-06
