2022	2	16	6	0
	53	39	-13.750000	63.750000	9.721538e+04	3.611167e-04
	185	43	19.250000	62.750000	9.900338e+04	1.623056e-04
	117	54	2.250000	60.000000	9.798555e+04	2.258392e-04
	65	67	-10.750000	56.750000	9.702945e+04	3.348660e-04
	171	121	15.750000	43.250000	1.014501e+05	2.012455e-05
	280	121	43.000000	43.250000	1.021105e+05	1.913503e-05
2022	2	16	4	3
	46	37	-15.500000	64.250000	9.736299e+04	2.937386e-04
	123	54	3.750000	60.000000	9.792725e+04	2.164527e-04
	74	66	-8.500000	57.000000	9.705395e+04	2.964569e-04
	280	121	43.000000	43.250000	1.022358e+05	2.776466e-05
2022	2	16	2	6
	84	66	-6.000000	57.000000	9.736687e+04	3.056100e-04
	99	67	-2.250000	56.750000	9.736687e+04	2.029633e-04
2022	2	16	4	9
	105	65	-0.750000	57.250000	9.752906e+04	2.036490e-04
	279	120	42.750000	43.500000	1.021894e+05	3.204208e-05
	202	125	23.500000	42.250000	1.016516e+05	-7.093586e-05
	181	136	18.250000	39.500000	1.014791e+05	1.478882e-04
2022	2	16	4	12
	70	58	-9.500000	59.000000	9.759930e+04	8.440638e-05
	117	65	2.250000	57.250000	9.744920e+04	2.163646e-04
	183	128	18.750000	41.500000	1.012224e+05	1.037794e-04
	183	136	18.750000	39.500000	1.012224e+05	1.590955e-04
2022	2	16	3	15
	72	56	-9.000000	59.500000	9.745509e+04	9.205157e-05
	132	66	6.000000	57.000000	9.734686e+04	1.816939e-04
	185	135	19.250000	39.750000	1.010489e+05	1.490897e-04
2022	2	16	1	18
	185	133	19.250000	40.250000	1.011572e+05	1.012442e-04
2022	2	16	3	21
	179	65	17.750000	57.250000	9.714962e+04	2.111893e-04
	126	69	4.500000	56.250000	9.702093e+04	2.287693e-04
	137	117	7.250000	44.250000	1.012317e+05	6.175788e-05
2022	2	17	3	0
	189	62	20.250000	58.000000	9.686137e+04	2.514451e-04
	139	68	7.750000	56.500000	9.679112e+04	2.640423e-04
	137	117	7.250000	44.250000	1.009627e+05	9.800698e-05
2022	2	17	4	3
	126	40	4.500000	63.500000	9.735942e+04	8.396679e-05
	195	59	21.750000	58.750000	9.660257e+04	2.334638e-04
	151	69	10.750000	56.250000	9.673081e+04	2.608206e-04
	138	117	7.500000	44.250000	1.007253e+05	8.808194e-05
2022	2	17	5	6
	127	40	4.750000	63.500000	9.740749e+04	8.563012e-05
	198	57	22.500000	59.250000	9.651187e+04	2.490377e-04
	185	71	19.250000	55.750000	9.672398e+04	1.638489e-04
	1	114	-26.750000	45.000000	1.004394e+05	1.513795e-04
	279	121	42.750000	43.250000	1.016030e+05	-1.677972e-05
2022	2	17	5	9
	128	40	5.000000	63.500000	9.752937e+04	8.029900e-05
	201	56	23.250000	59.500000	9.652023e+04	2.101843e-04
	195	69	21.750000	56.250000	9.661622e+04	2.130716e-04
	3	105	-26.250000	47.250000	1.000234e+05	2.688546e-04
	278	120	42.500000	43.500000	1.015812e+05	-5.184662e-06
2022	2	17	4	12
	205	55	24.250000	59.750000	9.655016e+04	1.756366e-04
	206	66	24.500000	57.000000	9.655016e+04	1.872421e-04
	16	101	-23.000000	48.250000	9.952809e+04	2.397465e-04
	17	101	-22.750000	48.250000	9.952809e+04	2.255902e-04
2022	2	17	3	15
	213	53	26.250000	60.250000	9.658629e+04	5.935648e-05
	215	63	26.750000	57.750000	9.658629e+04	1.751715e-04
	24	96	-21.000000	49.500000	9.867527e+04	3.526809e-04
2022	2	17	4	18
	13	50	-23.750000	61.000000	9.943831e+04	4.777260e-05
	217	52	27.250000	60.500000	9.660025e+04	6.218821e-05
	32	90	-19.000000	51.000000	9.803378e+04	4.549674e-04
	155	109	11.750000	46.250000	1.006583e+05	4.734595e-05
2022	2	17	4	21
	150	29	10.500000	66.250000	9.810511e+04	2.653958e-05
	222	46	28.500000	62.000000	9.660847e+04	7.298673e-05
	32	51	-19.000000	60.750000	9.919627e+04	1.573221e-04
	39	89	-17.250000	51.250000	9.729414e+04	5.554305e-04
2022	2	18	4	0
	152	29	11.000000	66.250000	9.814945e+04	2.315964e-05
	227	43	29.750000	62.750000	9.660055e+04	8.850597e-05
	29	48	-19.750000	61.500000	9.882862e+04	1.732354e-04
	51	85	-14.250000	52.250000	9.676973e+04	5.673432e-04
2022	2	18	3	3
	230	40	30.500000	63.500000	9.660847e+04	1.068241e-04
	23	45	-21.250000	62.250000	9.848268e+04	2.057144e-04
	62	80	-11.500000	53.500000	9.640906e+04	4.696224e-04
2022	2	18	5	6
	146	27	9.500000	66.750000	9.814620e+04	6.954462e-05
	233	38	31.250000	64.000000	9.665995e+04	1.100050e-04
	17	44	-22.750000	62.500000	9.799982e+04	2.970747e-04
	72	76	-9.000000	54.500000	9.634874e+04	3.891727e-04
	137	117	7.250000	44.250000	1.014829e+05	7.449273e-05
2022	2	18	4	9
	152	27	11.000000	66.750000	9.812527e+04	4.453851e-05
	237	35	32.250000	64.750000	9.669995e+04	1.078527e-04
	15	44	-23.250000	62.500000	9.783329e+04	3.855976e-04
	85	73	-5.750000	55.250000	9.652784e+04	2.836560e-04
2022	2	18	4	12
	152	27	11.000000	66.750000	9.811270e+04	7.548098e-05
	239	32	32.750000	65.500000	9.677035e+04	1.304052e-04
	14	43	-23.500000	62.750000	9.790895e+04	3.748327e-04
	98	71	-2.500000	55.750000	9.665297e+04	2.372196e-04
2022	2	18	6	15
	152	27	11.000000	66.750000	9.801626e+04	6.533670e-05
	242	31	33.500000	65.750000	9.682493e+04	1.481095e-04
	14	42	-23.500000	63.000000	9.794167e+04	3.200116e-04
	113	66	1.250000	57.000000	9.653218e+04	2.658368e-04
	237	138	32.250000	39.000000	1.006220e+05	2.102402e-05
	260	162	38.000000	33.000000	1.005819e+05	-4.420383e-07
2022	2	18	6	18
	151	26	10.750000	67.000000	9.789950e+04	4.299637e-05
	243	28	33.750000	66.500000	9.680555e+04	1.339368e-04
	14	41	-23.500000	63.250000	9.785267e+04	3.250862e-04
	125	66	4.250000	57.000000	9.645759e+04	2.311664e-04
	107	128	-0.250000	41.500000	1.012739e+05	3.845978e-05
	258	162	37.500000	33.000000	1.007669e+05	-2.013877e-05
2022	2	18	6	21
	244	27	34.000000	66.750000	9.679361e+04	1.443004e-04
	152	28	11.000000	66.500000	9.779793e+04	9.638823e-05
	13	40	-23.750000	63.500000	9.785484e+04	3.442568e-04
	135	65	6.750000	57.250000	9.648147e+04	2.202187e-04
	277	118	42.250000	44.000000	1.009564e+05	2.341843e-05
	224	151	29.000000	35.750000	1.007469e+05	1.343785e-04
2022	2	19	6	0
	258	18	37.500000	69.000000	9.684447e+04	1.104879e-04
	245	26	34.250000	67.000000	9.684447e+04	1.440863e-04
	152	28	11.000000	66.500000	9.779498e+04	1.023498e-04
	9	38	-24.750000	64.000000	9.785159e+04	3.221522e-04
	145	64	9.250000	57.500000	9.659529e+04	2.273291e-04
	223	154	28.750000	35.000000	1.007185e+05	1.361222e-04
2022	2	19	10	3
	6	7	-25.500000	71.750000	1.003090e+05	2.184225e-05
	257	17	37.250000	69.250000	9.681020e+04	1.421858e-04
	247	25	34.750000	67.250000	9.681020e+04	1.156435e-04
	154	28	11.500000	66.500000	9.775498e+04	1.174318e-04
	5	37	-25.750000	64.250000	9.804277e+04	2.571794e-04
	0	50	-27.000000	61.000000	9.828095e+04	6.304079e-05
	16	53	-23.000000	60.250000	9.828095e+04	1.145782e-04
	182	57	18.500000	59.250000	9.681811e+04	1.847556e-04
	157	64	12.250000	57.500000	9.675329e+04	1.842208e-04
	137	117	7.250000	44.250000	1.013166e+05	1.331380e-04
2022	2	19	9	6
	6	7	-25.500000	71.750000	1.001820e+05	1.182161e-05
	257	17	37.250000	69.250000	9.676973e+04	1.245886e-04
	152	28	11.000000	66.500000	9.779871e+04	1.412552e-04
	0	36	-27.000000	64.500000	9.817101e+04	1.603361e-04
	0	50	-27.000000	61.000000	9.824141e+04	9.235400e-05
	21	52	-21.750000	60.500000	9.824141e+04	1.144789e-04
	50	59	-14.500000	58.750000	9.853804e+04	1.950965e-04
	175	61	16.750000	58.250000	9.694929e+04	1.142620e-04
	137	117	7.250000	44.250000	1.013003e+05	1.351922e-04
2022	2	19	6	9
	259	16	37.750000	69.500000	9.682090e+04	1.371029e-04
	154	29	11.500000	66.250000	9.791950e+04	1.555410e-04
	192	57	21.000000	59.250000	9.708946e+04	1.476970e-04
	59	58	-12.250000	59.000000	9.850145e+04	2.072717e-04
	137	117	7.250000	44.250000	1.014547e+05	1.334782e-04
	275	162	41.750000	33.000000	1.006928e+05	7.648950e-05
2022	2	19	7	12
	261	15	38.250000	69.750000	9.693548e+04	1.545983e-04
	154	28	11.500000	66.500000	9.804169e+04	1.204299e-04
	201	56	23.250000	59.500000	9.725352e+04	1.215801e-04
	66	58	-10.500000	59.000000	9.862673e+04	2.283069e-04
	153	108	11.250000	46.500000	1.016244e+05	-1.439019e-05
	136	118	7.000000	44.000000	1.014876e+05	9.607097e-05
	94	146	-3.500000	37.000000	1.017375e+05	7.289386e-05
2022	2	19	9	15
	267	12	39.750000	70.500000	9.705644e+04	1.149071e-04
	154	28	11.500000	66.500000	9.821551e+04	1.339291e-04
	220	53	28.000000	60.250000	9.745029e+04	1.333028e-04
	85	58	-5.750000	59.000000	9.885064e+04	1.679960e-04
	153	109	11.250000	46.250000	1.015397e+05	-2.123922e-07
	135	119	6.750000	43.750000	1.014739e+05	1.257318e-04
	94	145	-3.500000	37.250000	1.016220e+05	8.359498e-05
	261	162	38.250000	33.000000	1.004938e+05	3.172048e-05
	276	162	42.000000	33.000000	1.004676e+05	1.185576e-04
2022	2	19	8	18
	269	12	40.250000	70.500000	9.716684e+04	9.844995e-05
	154	29	11.500000	66.250000	9.833615e+04	1.348179e-04
	249	48	35.250000	61.500000	9.757805e+04	1.242491e-04
	0	51	-27.000000	60.750000	9.634812e+04	1.047602e-04
	232	51	31.000000	60.750000	9.757805e+04	1.067124e-04
	89	58	-4.750000	59.000000	9.899562e+04	1.731371e-04
	90	58	-4.500000	59.000000	9.899562e+04	1.644139e-04
	277	160	42.250000	33.500000	1.007140e+05	1.796776e-04
2022	2	19	7	21
	272	13	41.000000	70.250000	9.728298e+04	8.861884e-05
	155	31	11.750000	65.750000	9.853617e+04	1.424362e-04
	260	46	38.000000	62.000000	9.757697e+04	1.424038e-04
	0	47	-27.000000	61.750000	9.546024e+04	1.072664e-04
	238	51	32.500000	60.750000	9.757697e+04	1.088474e-04
	262	156	38.500000	34.500000	1.007842e+05	-7.166810e-06
	277	158	42.250000	34.000000	1.007467e+05	1.606530e-04
2022	2	20	8	0
	6	7	-25.500000	71.750000	9.939645e+04	-3.952625e-05
	281	10	43.250000	71.000000	9.742207e+04	5.701072e-05
	267	44	39.750000	62.500000	9.757868e+04	1.359066e-04
	0	51	-27.000000	60.750000	9.489133e+04	1.503561e-04
	280	147	43.000000	36.750000	1.007881e+05	-4.571174e-05
	263	156	38.750000	34.500000	1.007881e+05	-1.059788e-05
	277	157	42.250000	34.250000	1.007881e+05	1.585025e-04
	86	162	-5.500000	33.000000	1.020556e+05	-4.550087e-05
