2022	2	14	6	0
	4	6	-26.000000	72.000000	9.976422e+04	-3.119097e-05
	222	10	28.500000	71.000000	9.847486e+04	1.451352e-04
	190	13	20.500000	70.250000	9.847486e+04	1.751738e-04
	1	17	-26.750000	69.250000	9.976422e+04	7.296368e-06
	114	62	1.500000	58.000000	9.844813e+04	1.070286e-04
	104	71	-1.000000	55.750000	9.844813e+04	1.439183e-04
2022	2	14	3	3
	225	8	29.250000	71.500000	9.820095e+04	1.464022e-04
	119	63	2.750000	57.750000	9.841807e+04	1.078819e-04
	108	70	0.000000	56.000000	9.841807e+04	1.554112e-04
2022	2	14	2	6
	219	8	27.750000	71.500000	9.806751e+04	2.421211e-04
	109	70	0.250000	56.000000	9.846667e+04	1.814275e-04
2022	2	14	3	9
	234	7	31.500000	71.750000	9.813431e+04	1.502243e-04
	0	55	-27.000000	59.750000	9.798166e+04	1.170020e-04
	111	70	0.750000	56.000000	9.859745e+04	1.760315e-04
2022	2	14	4	12
	236	6	32.000000	72.000000	9.811677e+04	1.738916e-04
	222	15	28.500000	69.750000	9.811677e+04	2.270515e-04
	0	50	-27.000000	61.000000	9.743402e+04	1.449735e-04
	129	62	5.250000	58.000000	9.861014e+04	8.408022e-05
2022	2	14	3	15
	234	7	31.500000	71.750000	9.816788e+04	1.403068e-04
	0	45	-27.000000	62.250000	9.698424e+04	1.578896e-04
	131	61	5.750000	58.250000	9.858793e+04	1.383812e-04
2022	2	14	5	18
	240	7	33.000000	71.750000	9.826809e+04	8.688997e-05
	288	12	45.000000	70.500000	9.905557e+04	9.006013e-05
	0	41	-27.000000	63.250000	9.691794e+04	1.048918e-04
	148	58	10.000000	59.000000	9.867044e+04	2.042834e-04
	132	60	6.000000	58.500000	9.867044e+04	1.799093e-04
2022	2	14	7	21
	255	5	36.750000	72.250000	9.835060e+04	1.380418e-04
	262	13	38.500000	70.250000	9.835060e+04	9.359257e-05
	27	39	-20.250000	63.750000	9.700211e+04	4.082492e-06
	0	41	-27.000000	63.250000	9.697188e+04	8.770720e-05
	127	51	4.750000	60.750000	9.874459e+04	6.971972e-05
	153	53	11.250000	60.250000	9.874526e+04	2.704659e-04
	137	120	7.250000	43.500000	1.011511e+05	1.311924e-04
2022	2	15	9	0
	251	4	35.750000	72.500000	9.842592e+04	6.591048e-05
	6	7	-25.500000	71.750000	9.964748e+04	3.633403e-05
	267	12	39.750000	70.500000	9.842592e+04	1.142973e-04
	0	38	-27.000000	64.000000	9.707844e+04	1.002487e-04
	27	39	-20.250000	63.750000	9.707844e+04	7.907592e-05
	127	50	4.750000	61.000000	9.874827e+04	8.983084e-05
	154	51	11.500000	60.750000	9.877716e+04	2.163260e-04
	137	58	7.250000	59.000000	9.874827e+04	1.548378e-04
	146	116	9.500000	44.500000	1.011318e+05	1.328173e-04
2022	2	15	6	3
	249	5	35.250000	72.250000	9.844513e+04	9.302494e-05
	6	7	-25.500000	71.750000	9.966368e+04	4.622677e-05
	274	11	41.500000	70.750000	9.844513e+04	1.216827e-04
	125	49	4.250000	61.250000	9.869148e+04	1.454550e-04
	143	58	8.750000	59.000000	9.870300e+04	1.739133e-04
	152	117	11.000000	44.250000	1.010584e+05	9.502412e-05
2022	2	15	7	6
	276	10	42.000000	71.000000	9.848054e+04	1.573209e-04
	0	33	-27.000000	65.250000	9.731644e+04	6.004256e-05
	24	35	-21.000000	64.750000	9.731644e+04	9.354628e-05
	125	48	4.250000	61.500000	9.863520e+04	1.846437e-04
	157	49	12.250000	61.250000	9.867778e+04	1.321068e-04
	148	57	10.000000	59.250000	9.872405e+04	1.742982e-04
	156	118	12.000000	44.000000	1.010685e+05	8.598876e-05
2022	2	15	7	9
	275	9	41.750000	71.250000	9.861064e+04	1.701447e-04
	35	36	-18.250000	64.500000	9.755393e+04	8.644992e-05
	0	42	-27.000000	63.000000	9.738892e+04	3.220803e-05
	62	47	-11.500000	61.750000	9.757748e+04	2.914085e-04
	125	47	4.250000	61.750000	9.854902e+04	1.758670e-04
	8	85	-25.000000	52.250000	9.900112e+04	1.855232e-04
	158	115	12.500000	44.750000	1.011054e+05	1.159774e-04
2022	2	15	8	12
	281	9	43.250000	71.250000	9.872438e+04	1.629678e-04
	10	31	-24.500000	65.750000	9.741982e+04	8.746194e-05
	0	40	-27.000000	63.500000	9.741982e+04	2.052571e-05
	57	44	-12.750000	62.500000	9.752921e+04	3.167778e-04
	125	45	4.250000	62.250000	9.849456e+04	2.263471e-04
	20	82	-22.000000	53.000000	9.888355e+04	2.008410e-04
	144	109	9.000000	46.250000	1.011130e+05	-7.120000e-05
	161	111	13.250000	45.750000	1.011130e+05	9.844733e-05
2022	2	15	5	15
	285	8	44.250000	71.500000	9.877949e+04	1.882416e-04
	54	42	-13.500000	63.000000	9.752153e+04	3.372158e-04
	96	54	-3.000000	60.000000	9.808588e+04	1.836676e-04
	152	110	11.000000	46.000000	1.011329e+05	2.376118e-05
	162	162	13.500000	33.000000	1.016705e+05	1.808648e-05
2022	2	15	6	18
	283	8	43.750000	71.500000	9.888438e+04	2.308996e-04
	48	39	-15.000000	63.750000	9.745389e+04	3.553987e-04
	128	43	5.000000	62.750000	9.803627e+04	1.179860e-04
	108	54	0.000000	60.000000	9.798901e+04	1.541726e-04
	109	54	0.250000	60.000000	9.798901e+04	1.506589e-04
	163	162	13.750000	33.000000	1.017070e+05	-1.925573e-05
2022	2	15	4	21
	282	8	43.500000	71.500000	9.900463e+04	2.102184e-04
	39	37	-17.250000	64.250000	9.778208e+04	2.599952e-04
	128	43	5.000000	62.750000	9.789916e+04	5.787231e-05
	113	54	1.250000	60.000000	9.788496e+04	1.775902e-04
2022	2	16	4	0
	285	9	44.250000	71.250000	9.908697e+04	1.814870e-04
	130	43	5.500000	62.750000	9.793239e+04	3.892215e-05
	123	53	3.750000	60.250000	9.793239e+04	1.424025e-04
	169	162	15.250000	33.000000	1.017694e+05	-2.962623e-05
2022	2	16	5	3
	288	9	45.000000	71.250000	9.912438e+04	1.031382e-04
	136	40	7.000000	63.500000	9.815185e+04	4.422368e-05
	134	41	6.500000	63.250000	9.808488e+04	5.344126e-05
	126	55	4.500000	59.750000	9.803143e+04	2.133964e-04
	149	55	10.250000	59.750000	9.803143e+04	2.048005e-04
2022	2	16	3	6
	288	9	45.000000	71.250000	9.913106e+04	1.070534e-04
	151	54	10.750000	60.000000	9.813682e+04	1.871339e-04
	4	57	-26.000000	59.250000	9.577070e+04	2.843512e-04
2022	2	16	3	9
	5	53	-25.750000	60.250000	9.538873e+04	3.595133e-04
	155	55	11.750000	59.750000	9.819577e+04	1.702383e-04
	137	117	7.250000	44.250000	1.012395e+05	1.247641e-04
2022	2	16	5	12
	130	33	5.500000	65.250000	9.827811e+04	1.641459e-04
	176	51	17.000000	60.750000	9.812312e+04	1.769980e-04
	11	54	-24.250000	60.000000	9.542998e+04	2.995013e-04
	48	55	-15.000000	59.750000	9.559817e+04	3.386604e-04
	136	119	7.000000	43.750000	1.013220e+05	1.491833e-04
2022	2	16	3	15
	15	48	-23.250000	61.500000	9.529988e+04	3.706530e-04
	178	50	17.500000	61.000000	9.795193e+04	1.626657e-04
	43	51	-16.250000	60.750000	9.519951e+04	3.794595e-04
2022	2	16	5	18
	9	47	-24.750000	61.750000	9.539491e+04	4.461635e-04
	181	48	18.250000	61.500000	9.785840e+04	1.703306e-04
	36	49	-18.000000	61.250000	9.525445e+04	3.694394e-04
	64	52	-11.000000	60.500000	9.557730e+04	2.678042e-04
	186	147	19.500000	36.750000	1.012483e+05	1.426173e-04
2022	2	16	6	21
	288	7	45.000000	71.750000	9.917783e+04	1.142480e-04
	6	47	-25.500000	61.750000	9.558097e+04	4.242422e-04
	182	47	18.500000	61.750000	9.777005e+04	1.890302e-04
	29	48	-19.750000	61.500000	9.558097e+04	4.386916e-04
	64	50	-11.000000	61.000000	9.577238e+04	2.501433e-04
	186	147	19.500000	36.750000	1.011505e+05	2.147002e-04
2022	2	17	6	0
	22	46	-21.500000	62.000000	9.596845e+04	4.267192e-04
	182	47	18.500000	61.750000	9.766032e+04	1.493199e-04
	63	50	-11.250000	61.000000	9.586323e+04	3.387702e-04
	95	51	-3.250000	60.750000	9.617955e+04	1.963939e-04
	138	117	7.500000	44.250000	1.010247e+05	5.294667e-05
	188	149	20.000000	36.250000	1.007944e+05	2.380411e-04
2022	2	17	7	3
	6	7	-25.500000	71.750000	9.986493e+04	-5.827546e-05
	16	45	-23.000000	62.250000	9.619125e+04	4.458338e-04
	65	50	-10.750000	61.000000	9.605145e+04	3.702707e-04
	100	51	-2.000000	60.750000	9.621129e+04	1.721211e-04
	127	57	4.750000	59.250000	9.626908e+04	2.277272e-04
	146	61	9.500000	58.250000	9.626908e+04	2.930874e-04
	189	151	20.250000	35.750000	1.004899e+05	2.584444e-04
2022	2	17	7	6
	6	7	-25.500000	71.750000	9.992455e+04	-5.938171e-05
	10	43	-24.500000	62.750000	9.650006e+04	4.175136e-04
	73	51	-8.750000	60.750000	9.637079e+04	3.352812e-04
	105	51	-0.750000	60.750000	9.630949e+04	1.941068e-04
	130	56	5.500000	59.500000	9.615968e+04	1.402248e-04
	152	60	11.000000	58.500000	9.613145e+04	2.544540e-04
	192	154	21.000000	35.000000	1.004176e+05	2.409047e-04
2022	2	17	5	9
	5	42	-25.750000	63.000000	9.686366e+04	3.647692e-04
	109	51	0.250000	60.750000	9.650507e+04	2.100149e-04
	83	53	-6.250000	60.250000	9.653914e+04	3.434801e-04
	161	59	13.250000	58.750000	9.609922e+04	2.819725e-04
	194	156	21.500000	34.500000	1.004645e+05	2.713758e-04
2022	2	17	9	12
	288	21	45.000000	68.250000	9.952689e+04	-4.484976e-05
	288	29	45.000000	66.250000	9.952689e+04	-4.969122e-05
	2	40	-26.500000	63.500000	9.711635e+04	3.381167e-04
	136	40	7.000000	63.500000	9.685513e+04	1.131151e-04
	117	53	2.250000	60.250000	9.683860e+04	1.983757e-04
	169	58	15.250000	59.000000	9.622949e+04	2.511900e-04
	187	61	19.750000	58.250000	9.622949e+04	2.036057e-04
	205	152	24.250000	35.500000	1.003954e+05	4.167028e-05
	195	159	21.750000	33.750000	1.003954e+05	2.413688e-04
2022	2	17	3	15
	0	37	-27.000000	64.250000	9.793456e+04	9.841278e-05
	178	59	17.500000	58.750000	9.636879e+04	2.122328e-04
	198	162	22.500000	33.000000	1.004497e+05	1.411463e-04
2022	2	17	1	18
	195	57	21.750000	59.250000	9.630298e+04	2.031906e-04
2022	2	17	1	21
	195	57	21.750000	59.250000	9.632420e+04	2.590262e-04
2022	2	18	4	0
	46	43	-15.500000	62.750000	9.896004e+04	1.668009e-04
	43	57	-16.250000	59.250000	9.904538e+04	1.608106e-04
	198	58	22.500000	59.000000	9.656854e+04	2.734306e-04
	64	78	-11.000000	54.000000	9.950151e+04	1.238558e-04
2022	2	18	5	3
	221	14	28.250000	70.000000	9.776755e+04	1.410569e-04
	45	44	-15.750000	62.500000	9.871920e+04	1.334446e-04
	43	55	-16.250000	59.750000	9.871920e+04	1.388108e-04
	204	60	24.000000	58.500000	9.684245e+04	2.021635e-04
	74	74	-8.500000	55.000000	9.901599e+04	1.807353e-04
2022	2	18	6	6
	213	15	26.250000	69.750000	9.771711e+04	1.625478e-04
	41	44	-16.750000	62.500000	9.844095e+04	1.386944e-04
	64	46	-11.000000	62.000000	9.844095e+04	5.375416e-05
	43	53	-16.250000	60.250000	9.844095e+04	1.406164e-04
	212	61	26.000000	58.250000	9.715076e+04	1.814819e-04
	82	70	-6.500000	56.000000	9.848004e+04	2.171892e-04
2022	2	18	12	9
	209	16	25.250000	69.500000	9.774967e+04	1.386051e-04
	140	25	8.000000	67.250000	9.787360e+04	2.839046e-05
	125	32	4.250000	65.500000	9.787360e+04	2.188332e-04
	36	45	-18.000000	62.250000	9.832338e+04	1.527118e-04
	0	53	-27.000000	60.250000	9.822016e+04	8.835107e-05
	43	54	-16.250000	60.000000	9.832338e+04	1.826294e-04
	219	61	27.750000	58.250000	9.744170e+04	1.616670e-04
	95	65	-3.250000	57.250000	9.810441e+04	3.066486e-04
	108	72	0.000000	55.500000	9.810441e+04	2.434160e-04
	134	118	6.500000	44.000000	1.017639e+05	6.984646e-05
	251	162	35.750000	33.000000	1.007991e+05	-1.753661e-05
	261	162	38.250000	33.000000	1.007991e+05	-2.514835e-05
2022	2	18	9	12
	6	7	-25.500000	71.750000	1.002599e+05	-1.791266e-05
	209	18	25.250000	69.000000	9.781748e+04	1.287318e-04
	132	34	6.000000	65.000000	9.786876e+04	2.238571e-04
	30	45	-19.500000	62.250000	9.842325e+04	2.590410e-04
	229	47	30.250000	61.750000	9.770458e+04	8.056398e-05
	49	54	-14.750000	60.000000	9.841807e+04	2.124166e-04
	102	64	-1.500000	57.500000	9.754525e+04	3.929700e-04
	121	68	3.250000	56.500000	9.754525e+04	2.242119e-04
	275	118	41.750000	44.000000	1.003446e+05	-5.073309e-05
2022	2	18	9	15
	6	7	-25.500000	71.750000	1.002299e+05	-2.365294e-05
	208	18	25.000000	69.000000	9.787895e+04	1.054312e-04
	120	27	3.000000	66.750000	9.775352e+04	8.082145e-05
	141	35	8.250000	64.750000	9.775352e+04	2.249127e-04
	237	43	32.250000	62.750000	9.788746e+04	9.313901e-05
	24	45	-21.000000	62.250000	9.823536e+04	1.867059e-04
	57	54	-12.750000	60.000000	9.844480e+04	2.122495e-04
	113	64	1.250000	57.500000	9.748846e+04	3.700366e-04
	130	64	5.500000	57.500000	9.748846e+04	2.184182e-04
2022	2	18	11	18
	6	7	-25.500000	71.750000	1.001338e+05	-1.768341e-05
	148	27	10.000000	66.750000	9.764662e+04	5.959538e-05
	120	28	3.000000	66.500000	9.767519e+04	1.221456e-04
	121	28	3.250000	66.500000	9.766817e+04	9.956021e-05
	254	33	36.500000	65.250000	9.791268e+04	8.871417e-05
	149	35	10.250000	64.750000	9.764662e+04	2.041554e-04
	0	49	-27.000000	61.250000	9.812195e+04	5.778515e-05
	65	54	-10.750000	60.000000	9.850259e+04	2.248464e-04
	0	60	-27.000000	58.500000	9.812195e+04	5.130041e-05
	133	63	6.250000	57.750000	9.745355e+04	2.606429e-04
	229	149	30.250000	36.250000	1.006770e+05	9.847387e-05
2022	2	18	11	21
	6	7	-25.500000	71.750000	1.001178e+05	-3.813982e-06
	148	24	10.000000	67.500000	9.767702e+04	6.281022e-05
	126	30	4.500000	66.000000	9.767702e+04	1.331329e-04
	150	32	10.500000	65.500000	9.767702e+04	1.262439e-04
	8	42	-25.000000	63.000000	9.795527e+04	1.648594e-04
	151	61	10.750000	58.250000	9.725765e+04	2.760295e-04
	282	121	43.500000	43.250000	1.007371e+05	1.798462e-05
	117	124	2.250000	42.500000	1.015581e+05	7.627017e-05
	273	129	41.250000	41.250000	1.007371e+05	-1.341073e-05
	108	130	0.000000	41.000000	1.015581e+05	4.176970e-05
	233	150	31.250000	36.000000	1.004620e+05	1.096349e-04
2022	2	19	10	0
	6	7	-25.500000	71.750000	1.000593e+05	1.004812e-06
	148	27	10.000000	66.750000	9.772028e+04	6.728680e-05
	128	32	5.000000	65.500000	9.772028e+04	1.329777e-04
	0	55	-27.000000	59.750000	9.777540e+04	9.916761e-05
	24	57	-21.000000	59.250000	9.780178e+04	1.987698e-04
	167	60	14.750000	58.500000	9.726867e+04	1.975472e-04
	282	121	43.500000	43.250000	1.009190e+05	5.671220e-05
	108	131	0.000000	40.750000	1.016037e+05	3.723073e-05
	47	141	-15.250000	38.250000	1.016964e+05	1.447312e-04
	234	151	31.500000	35.750000	1.003147e+05	1.276256e-04
2022	2	19	9	3
	6	7	-25.500000	71.750000	9.997032e+04	-7.106840e-06
	148	28	10.000000	66.500000	9.779177e+04	4.865520e-05
	30	54	-19.500000	60.000000	9.784504e+04	1.888545e-04
	1	55	-26.750000	59.750000	9.779661e+04	1.662515e-04
	187	60	19.750000	58.500000	9.716027e+04	2.033231e-04
	125	121	4.250000	43.250000	1.015730e+05	1.180928e-04
	283	122	43.750000	43.000000	1.012495e+05	4.106722e-05
	48	142	-15.000000	38.000000	1.016704e+05	1.428994e-04
	232	155	31.000000	34.750000	1.003197e+05	1.929447e-04
2022	2	19	7	6
	247	3	34.750000	72.750000	9.770208e+04	1.717111e-04
	10	52	-24.500000	60.500000	9.778241e+04	1.573223e-04
	32	52	-19.000000	60.500000	9.778241e+04	1.856382e-04
	194	61	21.500000	58.250000	9.719618e+04	2.008703e-04
	139	109	7.750000	46.250000	1.013859e+05	-4.283574e-05
	47	143	-15.250000	37.750000	1.016246e+05	1.641030e-04
	229	159	30.250000	33.750000	1.005819e+05	1.537840e-04
2022	2	19	8	9
	247	2	34.750000	73.000000	9.769038e+04	1.482214e-04
	280	7	43.000000	71.750000	9.769038e+04	5.338022e-05
	33	51	-18.750000	60.750000	9.791252e+04	2.293917e-04
	9	52	-24.750000	60.500000	9.791252e+04	1.586237e-04
	216	61	27.000000	58.250000	9.743435e+04	1.633748e-04
	137	112	7.250000	45.500000	1.015737e+05	5.655972e-06
	47	143	-15.250000	37.750000	1.017474e+05	1.809393e-04
	261	162	38.250000	33.000000	1.005063e+05	1.955265e-05
2022	2	19	6	12
	246	2	34.500000	73.000000	9.765898e+04	1.274695e-04
	8	49	-25.000000	61.250000	9.785573e+04	1.113613e-04
	82	56	-6.500000	59.500000	9.858024e+04	2.199677e-04
	230	61	30.500000	58.250000	9.752538e+04	1.147706e-04
	136	114	7.000000	45.000000	1.016637e+05	6.056564e-05
	45	144	-15.750000	37.500000	1.018506e+05	2.283785e-04
2022	2	19	6	15
	246	2	34.500000	73.000000	9.765047e+04	1.434877e-04
	4	46	-26.000000	62.000000	9.761122e+04	1.124210e-04
	90	56	-4.500000	59.500000	9.867210e+04	2.176322e-04
	243	60	33.750000	58.500000	9.764679e+04	1.287012e-04
	43	145	-16.250000	37.250000	1.017621e+05	2.381407e-04
	277	162	42.250000	33.000000	1.002155e+05	1.256816e-04
2022	2	19	9	18
	246	2	34.500000	73.000000	9.761289e+04	1.559752e-04
	0	42	-27.000000	63.000000	9.732245e+04	1.120216e-04
	96	56	-3.000000	59.500000	9.887252e+04	2.220723e-04
	6	58	-25.500000	59.000000	9.717414e+04	2.363831e-04
	257	58	37.250000	59.000000	9.764762e+04	1.445446e-04
	130	60	5.500000	58.500000	9.898125e+04	1.863510e-04
	39	146	-17.250000	37.000000	1.017836e+05	2.272627e-04
	276	146	42.000000	37.000000	1.007705e+05	-1.893250e-05
	279	162	42.750000	33.000000	1.004740e+05	1.613846e-04
2022	2	19	10	21
	111	0	0.750000	73.500000	9.896271e+04	1.121851e-04
	247	3	34.750000	72.750000	9.761706e+04	1.570832e-04
	1	41	-26.750000	63.250000	9.713171e+04	1.166459e-04
	17	54	-22.750000	60.000000	9.700278e+04	1.906406e-04
	103	56	-1.250000	59.500000	9.902467e+04	1.838786e-04
	266	56	39.500000	59.500000	9.766750e+04	1.428736e-04
	156	60	12.000000	58.500000	9.895302e+04	1.493776e-04
	268	145	40.000000	37.250000	1.009828e+05	-2.387853e-05
	37	149	-17.750000	36.250000	1.018491e+05	2.178358e-04
	279	159	42.750000	33.750000	1.006237e+05	1.961594e-04
2022	2	20	11	0
	114	1	1.500000	73.250000	9.897106e+04	1.470383e-04
	249	4	35.250000	72.500000	9.762892e+04	1.340534e-04
	280	14	43.000000	70.000000	9.768538e+04	4.530899e-05
	0	39	-27.000000	63.750000	9.695468e+04	8.902529e-05
	26	50	-20.500000	61.000000	9.682373e+04	2.580418e-04
	272	55	41.000000	59.750000	9.774249e+04	1.518833e-04
	288	55	45.000000	59.750000	9.805565e+04	1.041280e-04
	169	60	15.250000	58.500000	9.891311e+04	1.195698e-04
	268	149	40.000000	36.250000	1.007583e+05	5.056272e-05
	36	151	-18.000000	35.750000	1.018536e+05	2.038334e-04
	279	158	42.750000	34.000000	1.007214e+05	1.810197e-04
