2022	2	10	7	0
	172	11	16.000000	70.750000	9.675099e+04	1.377289e-04
	148	22	10.000000	68.000000	9.659695e+04	4.814385e-04
	59	56	-12.250000	59.500000	9.857885e+04	4.732486e-04
	152	106	11.000000	47.000000	1.022708e+05	-3.476146e-05
	139	110	7.750000	46.000000	1.022708e+05	-7.165373e-05
	283	140	43.750000	38.500000	1.009508e+05	2.563350e-05
	248	157	35.000000	34.250000	1.007519e+05	1.321218e-04
2022	2	10	9	6
	8	6	-25.000000	72.000000	1.003167e+05	-2.851673e-06
	177	7	17.250000	71.750000	9.726622e+04	2.048622e-04
	195	14	21.750000	70.000000	9.722155e+04	-4.850910e-05
	164	16	14.000000	69.500000	9.701693e+04	1.702263e-04
	165	24	14.250000	67.500000	9.701693e+04	3.396169e-04
	78	58	-7.500000	59.000000	9.900832e+04	4.864373e-04
	150	109	10.500000	46.250000	1.021954e+05	-2.671828e-06
	249	150	35.250000	36.000000	1.009835e+05	7.709215e-05
	255	157	36.750000	34.250000	1.009835e+05	4.230806e-05
2022	2	10	7	12
	181	7	18.250000	71.750000	9.744619e+04	1.579555e-04
	195	15	21.750000	69.750000	9.744619e+04	-1.062930e-05
	190	29	20.500000	66.250000	9.778904e+04	1.348968e-04
	94	62	-3.500000	58.000000	9.978464e+04	3.852111e-04
	137	117	7.250000	44.250000	1.022660e+05	1.277872e-04
	284	139	44.000000	38.750000	1.009917e+05	2.433471e-05
	270	152	40.500000	35.500000	1.009428e+05	7.134835e-05
2022	2	10	6	18
	218	0	27.500000	73.500000	9.764132e+04	2.466097e-05
	189	7	20.250000	71.750000	9.764132e+04	1.857749e-04
	38	18	-17.500000	69.000000	9.988642e+04	1.195001e-04
	110	67	0.500000	56.750000	1.003949e+05	3.646170e-04
	274	152	41.500000	35.500000	1.012519e+05	5.695782e-05
	89	157	-4.750000	34.250000	1.020769e+05	-2.580835e-05
2022	2	11	6	0
	187	0	19.750000	73.500000	9.783983e+04	1.748247e-05
	226	0	29.500000	73.500000	9.783983e+04	-2.589466e-05
	201	8	23.250000	71.500000	9.783983e+04	1.523219e-04
	55	15	-13.250000	69.750000	9.960468e+04	1.916938e-04
	0	70	-27.000000	56.000000	9.990560e+04	1.311706e-04
	84	154	-6.000000	35.000000	1.023275e+05	8.123956e-05
2022	2	11	4	6
	192	2	21.000000	73.000000	9.808153e+04	1.334971e-04
	215	9	26.750000	71.250000	9.808153e+04	1.230187e-04
	75	16	-8.250000	69.500000	9.946202e+04	1.829477e-04
	140	78	8.000000	54.000000	1.010697e+05	2.089731e-04
2022	2	11	5	12
	203	8	23.750000	71.500000	9.832956e+04	2.237698e-04
	230	9	30.500000	71.250000	9.832956e+04	1.077437e-04
	88	15	-5.000000	69.750000	9.954378e+04	1.606848e-04
	4	58	-26.000000	59.000000	9.904393e+04	9.806636e-05
	135	119	6.750000	43.750000	1.020571e+05	7.813651e-05
2022	2	11	6	18
	223	9	28.750000	71.250000	9.845326e+04	1.985080e-04
	224	9	29.000000	71.250000	9.845326e+04	1.984004e-04
	135	22	6.750000	68.000000	9.955684e+04	1.563355e-04
	39	56	-17.250000	59.500000	9.885491e+04	1.311899e-04
	19	64	-22.250000	57.500000	9.884795e+04	1.115271e-04
	134	122	6.500000	43.000000	1.021145e+05	6.956393e-05
2022	2	12	4	0
	243	5	33.750000	72.250000	9.850067e+04	1.061152e-04
	143	25	8.750000	67.250000	9.956991e+04	1.993165e-04
	33	53	-18.750000	60.250000	9.855504e+04	1.670252e-04
	228	89	30.000000	51.250000	1.012222e+05	1.736655e-04
2022	2	12	5	6
	178	1	17.500000	73.250000	9.868801e+04	2.135982e-04
	242	10	33.500000	71.000000	9.852806e+04	1.998549e-04
	160	25	13.000000	67.250000	9.970667e+04	1.758463e-04
	29	55	-19.750000	59.750000	9.821387e+04	2.574956e-04
	246	91	34.500000	50.750000	1.011000e+05	1.954925e-04
2022	2	12	6	12
	236	1	32.000000	73.250000	9.866609e+04	7.507619e-05
	193	5	21.250000	72.250000	9.882351e+04	2.988265e-04
	248	9	35.000000	71.250000	9.866609e+04	1.559217e-04
	56	52	-13.000000	60.500000	9.823241e+04	1.065014e-04
	36	61	-18.000000	58.250000	9.823368e+04	1.259999e-04
	268	94	40.000000	50.000000	1.009287e+05	1.356522e-04
2022	2	12	5	18
	232	0	31.000000	73.500000	9.874659e+04	8.069223e-05
	211	8	25.750000	71.500000	9.874786e+04	1.734568e-04
	249	8	35.250000	71.500000	9.874659e+04	1.939886e-04
	59	54	-12.250000	60.000000	9.810450e+04	1.063579e-04
	287	95	44.750000	49.750000	1.008044e+05	1.028897e-04
2022	2	13	5	0
	106	0	-0.500000	73.500000	9.952228e+04	1.543989e-04
	229	0	30.250000	73.500000	9.890253e+04	7.034558e-05
	230	0	30.500000	73.500000	9.890253e+04	8.174688e-05
	253	7	36.250000	71.750000	9.890253e+04	1.554525e-04
	66	57	-10.500000	59.250000	9.802084e+04	1.414639e-04
2022	2	13	5	6
	228	0	30.000000	73.500000	9.901759e+04	8.123438e-05
	254	5	36.500000	72.250000	9.901759e+04	1.052133e-04
	140	15	8.000000	69.750000	9.838835e+04	3.176255e-04
	117	44	2.250000	62.500000	9.779494e+04	2.267744e-04
	77	58	-7.750000	59.000000	9.787860e+04	8.519257e-05
2022	2	13	4	12
	230	0	30.500000	73.500000	9.908860e+04	3.595843e-05
	139	18	7.750000	69.000000	9.799071e+04	2.385104e-04
	121	45	3.250000	62.250000	9.805330e+04	2.349000e-04
	78	58	-7.500000	59.000000	9.811019e+04	1.765255e-04
2022	2	13	2	18
	145	19	9.250000	68.750000	9.777745e+04	2.571436e-04
	14	37	-23.500000	64.250000	1.001448e+05	1.326489e-04
2022	2	14	5	0
	148	22	10.000000	68.000000	9.788830e+04	2.034470e-04
	175	25	16.750000	67.250000	9.788830e+04	-4.483384e-05
	199	30	22.750000	66.000000	9.832598e+04	1.314949e-04
	7	33	-25.250000	65.250000	1.000674e+05	1.252656e-04
	124	51	4.000000	60.750000	9.839995e+04	2.092461e-04
2022	2	14	3	6
	159	23	12.750000	67.750000	9.787839e+04	2.734553e-04
	204	25	24.000000	67.250000	9.829732e+04	1.034619e-04
	3	30	-26.250000	66.000000	9.974145e+04	4.580633e-05
2022	2	14	3	12
	186	10	19.500000	71.000000	9.838814e+04	1.663354e-04
	165	24	14.250000	67.500000	9.827077e+04	2.192110e-04
	138	53	7.500000	60.250000	9.864123e+04	5.139059e-05
2022	2	14	5	18
	186	7	19.500000	71.750000	9.822377e+04	2.657389e-04
	198	15	22.500000	69.750000	9.822377e+04	-5.651158e-05
	141	58	8.250000	59.000000	9.891665e+04	8.743645e-05
	137	120	7.250000	43.500000	1.007985e+05	8.153230e-05
	116	127	2.000000	41.750000	1.010950e+05	5.249422e-05
2022	2	15	3	0
	193	10	21.250000	71.000000	9.817341e+04	2.290934e-04
	155	60	11.750000	58.500000	9.909555e+04	1.094582e-04
	139	120	7.750000	43.500000	1.009306e+05	3.733994e-05
2022	2	15	6	6
	190	0	20.500000	73.500000	9.836454e+04	1.379756e-04
	201	10	23.250000	71.000000	9.836454e+04	1.519965e-04
	0	50	-27.000000	61.000000	9.545796e+04	1.796899e-04
	163	60	13.750000	58.500000	9.923042e+04	1.549383e-04
	149	126	10.250000	42.000000	1.008223e+05	1.357150e-04
	143	134	8.750000	40.000000	1.008223e+05	1.524135e-04
2022	2	15	7	12
	190	1	20.500000	73.250000	9.862479e+04	2.137090e-04
	215	5	26.750000	72.250000	9.862479e+04	8.367377e-05
	27	38	-20.250000	64.000000	9.436786e+04	1.097923e-04
	288	39	45.000000	63.750000	9.994859e+04	1.612873e-04
	1	43	-26.750000	62.750000	9.435564e+04	2.792685e-04
	174	61	16.500000	58.250000	9.950795e+04	1.400583e-04
	152	129	11.000000	41.250000	1.008775e+05	1.263493e-04
2022	2	15	9	18
	190	0	20.500000	73.500000	9.871625e+04	1.298729e-04
	190	1	20.500000	73.250000	9.871625e+04	1.472428e-04
	215	6	26.750000	72.000000	9.871625e+04	7.968897e-05
	216	6	27.000000	72.000000	9.871625e+04	8.993352e-05
	30	37	-19.500000	64.250000	9.409770e+04	1.655508e-04
	5	38	-25.750000	64.000000	9.409770e+04	3.497983e-04
	165	123	14.250000	42.750000	1.008478e+05	-3.252573e-06
	153	127	11.250000	41.750000	1.008478e+05	1.209109e-04
	147	134	9.750000	40.000000	1.008478e+05	-4.150196e-06
2022	2	16	6	0
	184	0	19.000000	73.500000	9.867305e+04	1.095527e-04
	217	5	27.250000	72.250000	9.867305e+04	1.185497e-04
	38	32	-17.500000	65.500000	9.498488e+04	2.541982e-04
	0	34	-27.000000	65.000000	9.423025e+04	2.259357e-04
	0	86	-27.000000	52.000000	9.852280e+04	1.108756e-04
	151	126	10.750000	42.000000	1.010823e+05	1.226859e-04
2022	2	16	8	6
	191	5	20.750000	72.250000	9.849203e+04	1.346518e-04
	192	5	21.000000	72.250000	9.849203e+04	1.375756e-04
	50	30	-14.500000	66.000000	9.620837e+04	2.577695e-04
	0	31	-27.000000	65.750000	9.580924e+04	5.295697e-05
	139	63	7.750000	57.750000	9.874891e+04	2.650075e-04
	24	76	-21.000000	54.500000	9.774773e+04	2.528844e-04
	148	137	10.000000	39.250000	1.014631e+05	1.076249e-04
	169	155	15.250000	34.750000	1.014450e+05	4.507534e-05
2022	2	16	8	12
	210	7	25.500000	71.750000	9.850552e+04	1.535280e-04
	17	25	-22.750000	67.250000	9.638222e+04	2.865823e-04
	0	35	-27.000000	64.750000	9.637568e+04	5.100943e-05
	288	44	45.000000	62.500000	9.914213e+04	6.236037e-05
	58	64	-12.500000	57.500000	9.702052e+04	3.737440e-04
	155	64	11.750000	57.500000	9.910736e+04	2.909553e-04
	170	69	15.500000	56.250000	9.910736e+04	1.817910e-04
	171	151	15.750000	35.750000	1.015274e+05	9.685620e-05
2022	2	16	7	18
	193	1	21.250000	73.250000	9.844083e+04	6.712933e-05
	224	4	29.000000	72.500000	9.844083e+04	2.020414e-04
	0	36	-27.000000	64.500000	9.681062e+04	2.095867e-05
	288	37	45.000000	64.250000	9.920745e+04	2.184443e-05
	90	58	-4.500000	59.000000	9.647978e+04	5.289082e-04
	176	66	17.000000	57.000000	9.951048e+04	1.038059e-04
	171	144	15.750000	37.500000	1.017151e+05	1.083221e-04
2022	2	17	3	0
	184	1	19.000000	73.250000	9.830385e+04	1.200990e-04
	0	33	-27.000000	65.250000	9.769548e+04	-2.484324e-05
	121	56	3.250000	59.500000	9.694275e+04	2.951273e-04
2022	2	17	4	6
	178	1	17.500000	73.250000	9.823895e+04	1.036088e-04
	132	23	6.000000	67.750000	9.791316e+04	2.211293e-04
	153	63	11.250000	57.750000	9.767377e+04	2.944580e-04
	182	69	18.500000	56.250000	9.790347e+04	2.175034e-04
2022	2	17	5	12
	167	0	14.750000	73.500000	9.836623e+04	9.321941e-05
	32	20	-19.000000	68.500000	9.840331e+04	2.879853e-04
	139	21	7.750000	68.250000	9.809417e+04	2.014973e-04
	63	62	-11.250000	58.000000	9.956401e+04	2.093077e-04
	206	71	24.500000	55.750000	9.810893e+04	2.070913e-04
2022	2	17	7	18
	137	9	7.250000	71.250000	9.812473e+04	-1.586345e-05
	163	12	13.750000	70.500000	9.812473e+04	9.844215e-05
	147	19	9.750000	68.750000	9.812473e+04	2.435406e-04
	79	56	-7.250000	59.500000	9.917605e+04	3.100601e-04
	236	78	32.000000	54.000000	9.832766e+04	1.583407e-04
	39	86	-17.250000	52.000000	1.002575e+05	2.760308e-04
	156	162	12.000000	33.000000	1.013963e+05	6.564237e-05
2022	2	18	8	0
	167	7	14.750000	71.750000	9.819848e+04	1.309744e-04
	157	17	12.250000	69.250000	9.819848e+04	2.484011e-04
	288	30	45.000000	66.000000	9.929133e+04	3.861745e-05
	0	43	-27.000000	62.750000	9.729003e+04	1.188388e-04
	99	51	-2.250000	60.750000	9.921315e+04	3.004996e-04
	63	75	-11.250000	54.750000	9.953788e+04	2.695696e-04
	264	85	39.000000	52.250000	9.837107e+04	1.281446e-04
	265	85	39.250000	52.250000	9.837107e+04	1.280250e-04
2022	2	18	10	6
	132	0	6.000000	73.500000	9.829521e+04	4.511340e-05
	165	3	14.250000	72.750000	9.823094e+04	1.827176e-04
	167	15	14.750000	69.750000	9.820755e+04	1.683415e-04
	288	24	45.000000	67.500000	9.936993e+04	4.463939e-05
	0	40	-27.000000	63.500000	9.673097e+04	1.612869e-04
	120	48	3.000000	61.500000	9.906964e+04	1.983207e-04
	78	68	-7.500000	56.500000	9.888989e+04	3.936821e-04
	278	85	42.500000	52.250000	9.836096e+04	1.364733e-04
	282	119	43.500000	43.750000	9.957307e+04	-1.502107e-05
	157	162	12.250000	33.000000	1.010541e+05	4.794787e-05
2022	2	18	5	12
	153	0	11.250000	73.500000	9.833841e+04	1.280472e-04
	114	1	1.500000	73.250000	9.833841e+04	7.383645e-05
	178	13	17.500000	70.250000	9.832766e+04	2.112182e-04
	119	64	2.750000	57.500000	9.837318e+04	2.158570e-04
	158	162	12.500000	33.000000	1.012479e+05	8.042675e-05
2022	2	18	6	18
	105	3	-0.750000	72.750000	9.824127e+04	1.458495e-04
	105	4	-0.750000	72.500000	9.824127e+04	1.462455e-04
	187	11	19.750000	70.750000	9.836096e+04	1.719470e-04
	130	62	5.500000	58.000000	9.764280e+04	4.054808e-04
	288	91	45.000000	50.750000	9.933516e+04	1.015928e-04
	158	162	12.500000	33.000000	1.012859e+05	6.604116e-05
2022	2	19	11	0
	97	5	-2.750000	72.250000	9.818711e+04	1.280134e-04
	193	11	21.250000	70.750000	9.828341e+04	1.476717e-04
	109	19	0.250000	68.750000	9.820860e+04	3.849184e-05
	0	42	-27.000000	63.000000	9.754881e+04	1.037399e-04
	183	56	18.750000	59.500000	9.776544e+04	1.748972e-04
	162	60	13.500000	58.500000	9.776544e+04	2.490709e-04
	136	117	7.000000	44.250000	1.016367e+05	8.211464e-05
	285	128	44.250000	41.500000	1.008368e+05	-3.952116e-05
	280	151	43.000000	35.750000	1.008948e+05	1.152181e-04
	159	162	12.750000	33.000000	1.012814e+05	1.105860e-04
	172	162	16.000000	33.000000	1.012814e+05	3.061943e-06
2022	2	19	11	6
	83	3	-6.250000	72.750000	9.802970e+04	2.226802e-04
	127	17	4.750000	69.250000	9.815718e+04	9.935634e-05
	6	44	-25.500000	62.500000	9.775891e+04	2.899771e-04
	7	44	-25.250000	62.500000	9.775891e+04	2.918895e-04
	57	46	-12.750000	62.000000	9.822230e+04	1.794072e-04
	193	59	21.250000	58.750000	9.744534e+04	2.074719e-04
	73	65	-8.750000	57.250000	9.870908e+04	2.939295e-04
	134	117	6.500000	44.250000	1.013520e+05	8.070096e-05
	159	152	12.750000	35.500000	1.012549e+05	5.897286e-05
	284	153	44.000000	35.250000	1.011295e+05	1.174462e-04
	160	161	13.000000	33.250000	1.012549e+05	1.312006e-04
2022	2	19	8	12
	75	11	-8.250000	70.750000	9.800420e+04	2.155102e-04
	133	12	6.250000	70.500000	9.813211e+04	1.953220e-04
	13	44	-23.750000	62.500000	9.817573e+04	1.766943e-04
	71	44	-9.250000	62.500000	9.829816e+04	2.049802e-04
	13	45	-23.750000	62.250000	9.817573e+04	1.829841e-04
	213	56	26.250000	59.500000	9.732797e+04	2.098524e-04
	102	64	-1.500000	57.500000	9.907195e+04	2.087579e-04
	164	156	14.000000	34.500000	1.013822e+05	1.223588e-04
2022	2	19	5	18
	131	9	5.750000	71.250000	9.798755e+04	1.675056e-04
	79	16	-7.250000	69.500000	9.797996e+04	2.477868e-04
	86	41	-5.500000	63.250000	9.829479e+04	2.473351e-04
	229	57	30.250000	59.250000	9.776459e+04	1.750588e-04
	122	63	3.500000	57.750000	9.882709e+04	2.386300e-04
2022	2	20	7	0
	129	7	5.250000	71.750000	9.793950e+04	1.626010e-04
	107	11	-0.250000	70.750000	9.793107e+04	1.817408e-06
	85	19	-5.750000	68.750000	9.793107e+04	1.642182e-04
	86	19	-5.500000	68.750000	9.793107e+04	1.651973e-04
	99	39	-2.250000	63.750000	9.812684e+04	2.109180e-04
	258	56	37.500000	59.500000	9.810682e+04	6.240053e-05
	148	63	10.000000	57.750000	9.876534e+04	2.126740e-04
