2022	2	14	6	0
	4	6	-26.000000	72.000000	9.975566e+04	-2.758060e-05
	222	9	28.500000	71.250000	9.837852e+04	1.396656e-04
	191	12	20.750000	70.500000	9.837852e+04	1.595114e-04
	1	17	-26.750000	69.250000	9.975566e+04	1.839214e-05
	219	23	27.750000	67.750000	9.843570e+04	1.311922e-04
	105	71	-0.750000	55.750000	9.847268e+04	9.613388e-05
2022	2	14	3	3
	213	9	26.250000	71.250000	9.808429e+04	2.304471e-04
	196	17	22.000000	69.250000	9.808429e+04	3.425908e-05
	111	70	0.750000	56.000000	9.844181e+04	6.926020e-05
2022	2	14	3	6
	63	4	-11.250000	72.500000	1.001339e+05	8.344460e-05
	217	8	27.250000	71.500000	9.799781e+04	2.774916e-04
	114	70	1.500000	56.000000	9.843868e+04	6.563343e-05
2022	2	14	6	9
	65	3	-10.750000	72.750000	1.002066e+05	8.134873e-05
	66	3	-10.500000	72.750000	1.002066e+05	8.690798e-05
	7	6	-25.250000	72.000000	1.000165e+05	1.351546e-05
	226	7	29.500000	71.750000	9.807270e+04	1.985473e-04
	0	51	-27.000000	60.750000	9.802131e+04	1.054581e-04
	117	69	2.250000	56.250000	9.853034e+04	6.827577e-05
2022	2	14	5	12
	7	6	-25.250000	72.000000	9.998002e+04	3.280704e-05
	236	6	32.000000	72.000000	9.808461e+04	1.422227e-04
	0	49	-27.000000	61.250000	9.758012e+04	1.188587e-04
	129	63	5.250000	57.750000	9.847362e+04	7.732724e-05
	134	112	6.500000	45.500000	1.007678e+05	-9.241078e-05
2022	2	14	3	15
	236	6	32.000000	72.000000	9.816576e+04	1.061641e-04
	1	45	-26.750000	62.250000	9.720662e+04	1.669610e-04
	130	62	5.500000	58.000000	9.843179e+04	1.151559e-04
2022	2	14	6	18
	247	5	34.750000	72.250000	9.814523e+04	9.958904e-05
	288	12	45.000000	70.500000	9.915341e+04	9.637637e-05
	252	13	36.000000	70.250000	9.814523e+04	1.899982e-04
	0	41	-27.000000	63.250000	9.698744e+04	1.281636e-04
	146	59	9.500000	58.750000	9.845889e+04	2.309371e-04
	131	62	5.750000	58.000000	9.845889e+04	1.803978e-04
2022	2	14	7	21
	248	4	35.000000	72.500000	9.815354e+04	1.062749e-04
	259	12	37.750000	70.500000	9.815354e+04	1.860691e-04
	0	38	-27.000000	64.000000	9.695407e+04	1.598510e-04
	27	39	-20.250000	63.750000	9.695407e+04	-3.032688e-05
	150	55	10.500000	59.750000	9.846641e+04	3.030898e-04
	133	61	6.250000	58.250000	9.846641e+04	2.116593e-04
	138	121	7.500000	43.250000	1.011101e+05	1.257389e-04
2022	2	15	9	0
	244	5	34.000000	72.250000	9.818691e+04	8.792205e-05
	6	7	-25.500000	71.750000	9.961027e+04	4.291530e-05
	264	11	39.000000	70.750000	9.818691e+04	1.926777e-04
	0	37	-27.000000	64.250000	9.729623e+04	1.195619e-04
	28	38	-20.000000	64.000000	9.731222e+04	-4.261078e-05
	126	53	4.500000	60.250000	9.849195e+04	7.453261e-05
	151	53	10.750000	60.250000	9.849195e+04	2.630130e-04
	136	61	7.000000	58.250000	9.849195e+04	2.366435e-04
	151	116	10.750000	44.500000	1.010430e+05	6.522885e-05
2022	2	15	9	3
	242	7	33.500000	71.750000	9.825788e+04	1.904872e-04
	267	9	39.750000	71.250000	9.825788e+04	1.962853e-04
	0	35	-27.000000	64.750000	9.729530e+04	9.590822e-05
	28	38	-20.000000	64.000000	9.730078e+04	1.821205e-05
	152	52	11.000000	60.500000	9.848177e+04	1.837574e-04
	126	53	4.500000	60.250000	9.848177e+04	6.451790e-05
	141	60	8.250000	58.500000	9.848177e+04	2.173291e-04
	171	103	15.750000	47.750000	1.009786e+05	6.616235e-05
	152	116	11.000000	44.500000	1.009402e+05	1.163809e-04
2022	2	15	8	6
	269	10	40.250000	71.000000	9.832102e+04	2.092780e-04
	28	39	-20.000000	63.750000	9.738898e+04	1.416522e-04
	153	51	11.250000	60.750000	9.847628e+04	1.326013e-04
	128	53	5.000000	60.250000	9.847628e+04	7.838001e-05
	146	59	9.500000	58.750000	9.847628e+04	1.975490e-04
	0	88	-27.000000	51.500000	9.918663e+04	1.230566e-04
	171	103	15.750000	47.750000	1.010258e+05	4.073339e-05
	158	113	12.500000	45.250000	1.010344e+05	1.047220e-04
2022	2	15	7	9
	273	9	41.250000	71.250000	9.847033e+04	2.083811e-04
	24	35	-21.000000	64.750000	9.747218e+04	1.543242e-04
	56	48	-13.000000	61.500000	9.780463e+04	2.618287e-04
	125	49	4.250000	61.250000	9.854647e+04	1.529061e-04
	152	57	11.000000	59.250000	9.858987e+04	1.535381e-04
	0	83	-27.000000	52.750000	9.865223e+04	1.016797e-04
	160	111	13.000000	45.750000	1.010744e+05	1.089983e-04
2022	2	15	7	12
	274	8	41.500000	71.500000	9.858815e+04	2.108736e-04
	0	29	-27.000000	66.250000	9.759250e+04	1.207381e-04
	52	45	-14.000000	62.250000	9.785571e+04	2.622825e-04
	125	48	4.250000	61.500000	9.854491e+04	1.891831e-04
	155	48	11.750000	61.500000	9.859426e+04	8.416511e-05
	11	81	-24.250000	53.250000	9.850762e+04	2.287465e-04
	153	162	11.250000	33.000000	1.016409e+05	5.620965e-05
2022	2	15	5	15
	277	9	42.250000	71.250000	9.867933e+04	1.888777e-04
	0	39	-27.000000	63.750000	9.760300e+04	1.793345e-06
	47	41	-15.250000	63.250000	9.783785e+04	2.450106e-04
	25	78	-20.750000	54.000000	9.830301e+04	2.457598e-04
	161	162	13.250000	33.000000	1.015495e+05	3.008475e-05
2022	2	15	5	18
	279	9	42.750000	71.250000	9.878994e+04	2.128766e-04
	280	9	43.000000	71.250000	9.878994e+04	2.201241e-04
	40	38	-17.000000	64.000000	9.787795e+04	2.003889e-04
	36	76	-18.000000	54.500000	9.825052e+04	2.604683e-04
	163	161	13.750000	33.250000	1.016072e+05	4.503366e-05
2022	2	15	4	21
	282	8	43.500000	71.500000	9.887955e+04	2.367612e-04
	184	44	19.000000	62.500000	9.873150e+04	8.003919e-05
	122	61	3.500000	58.250000	9.850809e+04	1.441372e-04
	48	75	-15.000000	54.750000	9.842239e+04	2.308683e-04
2022	2	16	4	0
	283	8	43.750000	71.500000	9.894912e+04	2.185262e-04
	192	42	21.000000	63.000000	9.875547e+04	9.307857e-05
	130	62	5.500000	58.000000	9.847393e+04	1.453048e-04
	61	75	-11.750000	54.750000	9.857780e+04	2.055359e-04
2022	2	16	5	3
	283	8	43.750000	71.500000	9.898891e+04	1.974544e-04
	199	39	22.750000	63.750000	9.876941e+04	9.447819e-05
	133	54	6.250000	60.000000	9.845858e+04	-7.822405e-06
	137	62	7.250000	58.000000	9.845858e+04	1.535755e-04
	279	121	42.750000	43.250000	1.020185e+05	1.201055e-07
2022	2	16	5	6
	283	8	43.750000	71.500000	9.901398e+04	2.108181e-04
	204	37	24.000000	64.250000	9.883098e+04	1.028122e-04
	144	62	9.000000	58.000000	9.844338e+04	1.558372e-04
	10	65	-24.500000	57.250000	9.654155e+04	3.141024e-04
	279	121	42.750000	43.250000	1.019945e+05	2.306837e-06
2022	2	16	7	9
	283	8	43.750000	71.500000	9.906944e+04	1.993387e-04
	209	36	25.250000	64.500000	9.895727e+04	1.129728e-04
	131	38	5.750000	64.000000	9.853002e+04	1.584922e-04
	29	62	-19.750000	58.000000	9.630373e+04	2.975941e-04
	149	62	10.250000	58.000000	9.847237e+04	1.482876e-04
	15	66	-23.250000	57.000000	9.630373e+04	4.751702e-04
	138	117	7.500000	44.250000	1.009544e+05	1.204005e-04
2022	2	16	8	12
	283	8	43.750000	71.500000	9.911299e+04	1.826945e-04
	213	35	26.250000	64.750000	9.910595e+04	9.476368e-05
	131	38	5.750000	64.000000	9.848537e+04	1.751905e-04
	29	60	-19.750000	58.500000	9.602125e+04	3.758146e-04
	155	62	11.750000	58.000000	9.850966e+04	1.221700e-04
	58	64	-12.500000	57.500000	9.649612e+04	2.144241e-04
	138	117	7.500000	44.250000	1.009056e+05	1.355775e-04
	184	137	19.000000	39.250000	1.010148e+05	1.906847e-04
2022	2	16	5	15
	283	8	43.750000	71.500000	9.912098e+04	1.974589e-04
	166	59	14.500000	58.750000	9.847299e+04	8.263168e-05
	64	60	-11.000000	58.500000	9.637736e+04	2.429933e-04
	34	62	-18.500000	58.000000	9.630874e+04	3.472482e-04
	185	135	19.250000	39.750000	1.008364e+05	1.732912e-04
2022	2	16	3	18
	283	8	43.750000	71.500000	9.913884e+04	1.956323e-04
	63	58	-11.250000	59.000000	9.637955e+04	2.200366e-04
	184	135	19.000000	39.750000	1.008405e+05	1.747700e-04
2022	2	16	7	21
	283	7	43.750000	71.750000	9.919274e+04	1.835120e-04
	0	30	-27.000000	66.000000	9.841048e+04	9.942592e-05
	61	59	-11.750000	58.750000	9.660783e+04	2.405911e-04
	103	63	-1.250000	57.750000	9.687558e+04	2.648685e-04
	150	109	10.500000	46.250000	1.003184e+05	2.487793e-05
	138	117	7.500000	44.250000	1.006542e+05	5.341598e-05
	184	137	19.000000	39.250000	1.008419e+05	1.697033e-04
2022	2	17	8	0
	280	7	43.000000	71.750000	9.925369e+04	1.708471e-04
	0	28	-27.000000	66.500000	9.867557e+04	9.953943e-05
	108	62	0.000000	58.000000	9.680053e+04	2.433251e-04
	83	63	-6.250000	57.750000	9.687181e+04	2.177904e-04
	134	71	6.500000	55.750000	9.697459e+04	2.777378e-04
	138	117	7.500000	44.250000	1.006811e+05	1.085968e-04
	202	138	23.500000	39.000000	1.008478e+05	8.988891e-05
	185	140	19.250000	38.500000	1.008185e+05	1.702237e-04
2022	2	17	7	3
	283	10	43.750000	71.000000	9.928894e+04	1.489129e-04
	0	27	-27.000000	66.750000	9.902510e+04	1.038968e-04
	0	36	-27.000000	64.500000	9.902510e+04	-6.949469e-05
	112	62	1.000000	58.000000	9.674632e+04	2.423610e-04
	143	70	8.750000	56.000000	9.658448e+04	3.468977e-04
	202	136	23.500000	39.500000	1.007322e+05	1.038858e-04
	188	144	20.000000	37.500000	1.006741e+05	1.685985e-04
2022	2	17	8	6
	285	9	44.250000	71.250000	9.934189e+04	1.185172e-04
	287	9	44.750000	71.250000	9.934189e+04	1.036213e-04
	115	63	1.750000	57.750000	9.684973e+04	2.681897e-04
	149	69	10.250000	56.250000	9.644692e+04	3.735255e-04
	2	73	-26.500000	55.250000	9.922408e+04	1.347492e-04
	0	118	-27.000000	44.000000	1.011749e+05	8.902783e-05
	280	121	43.000000	43.250000	1.012365e+05	-1.425176e-05
	191	148	20.750000	36.500000	1.007245e+05	1.476523e-04
2022	2	17	5	9
	287	9	44.750000	71.250000	9.943997e+04	6.401441e-05
	119	66	2.750000	57.000000	9.726302e+04	2.951879e-04
	154	69	11.500000	56.250000	9.659451e+04	3.666378e-04
	7	71	-25.250000	55.750000	9.900051e+04	2.700649e-04
	279	120	42.750000	43.500000	1.010744e+05	5.437582e-06
2022	2	17	4	12
	12	68	-24.000000	56.500000	9.890008e+04	3.496908e-04
	160	71	13.000000	55.750000	9.679332e+04	3.236567e-04
	18	110	-22.500000	46.000000	1.008848e+05	1.203789e-04
	198	153	22.500000	35.250000	1.005740e+05	1.961897e-04
2022	2	17	6	15
	17	65	-22.750000	57.250000	9.887360e+04	2.934539e-04
	185	70	19.250000	56.000000	9.699245e+04	1.680846e-04
	186	70	19.500000	56.000000	9.699245e+04	1.763703e-04
	169	72	15.250000	55.500000	9.699245e+04	3.045924e-04
	23	108	-21.250000	46.500000	1.006172e+05	1.452097e-04
	202	156	23.500000	34.500000	1.004940e+05	1.942047e-04
2022	2	17	8	18
	39	49	-17.250000	61.250000	9.905048e+04	1.555621e-04
	21	63	-21.750000	57.750000	9.870784e+04	2.920459e-04
	189	69	20.250000	56.250000	9.719330e+04	1.439617e-04
	188	70	20.000000	56.000000	9.719330e+04	1.374953e-04
	175	74	16.750000	55.000000	9.719330e+04	3.008382e-04
	33	105	-18.750000	47.250000	1.005030e+05	1.239420e-04
	138	113	7.500000	45.250000	1.003316e+05	-8.697478e-05
	204	158	24.000000	34.000000	1.005912e+05	1.846268e-04
2022	2	17	3	21
	31	49	-19.250000	61.250000	9.876722e+04	1.697808e-04
	23	62	-21.250000	58.000000	9.857796e+04	3.128240e-04
	183	75	18.750000	54.750000	9.754299e+04	2.670618e-04
2022	2	18	7	0
	160	25	13.000000	67.250000	9.875265e+04	6.533242e-05
	211	34	25.750000	65.000000	9.828154e+04	9.148033e-05
	29	49	-19.750000	61.250000	9.851655e+04	1.616971e-04
	60	55	-12.000000	59.750000	9.878430e+04	5.146673e-05
	29	62	-19.750000	58.000000	9.849728e+04	2.802837e-04
	204	67	24.000000	56.750000	9.793953e+04	8.443921e-05
	194	74	21.500000	55.000000	9.793953e+04	9.999206e-05
2022	2	18	5	3
	151	22	10.750000	68.000000	9.869484e+04	5.697442e-05
	26	49	-20.500000	61.250000	9.851670e+04	1.779371e-04
	57	54	-12.750000	60.000000	9.847770e+04	9.135337e-05
	34	62	-18.500000	58.000000	9.839544e+04	2.721838e-04
	211	65	25.750000	57.250000	9.813881e+04	5.646087e-05
2022	2	18	4	6
	148	22	10.000000	68.000000	9.862324e+04	7.128884e-05
	53	54	-13.750000	60.000000	9.843320e+04	1.182627e-04
	221	61	28.250000	58.250000	9.827621e+04	9.720903e-05
	39	63	-17.250000	57.750000	9.843320e+04	2.682760e-04
2022	2	18	7	9
	144	23	9.000000	67.750000	9.860444e+04	8.992429e-05
	25	49	-20.750000	61.250000	9.880764e+04	2.047804e-04
	225	58	29.250000	59.000000	9.841111e+04	8.846014e-05
	54	59	-13.500000	58.750000	9.853269e+04	1.236761e-04
	46	66	-15.500000	57.000000	9.853269e+04	3.336842e-04
	254	158	36.500000	34.000000	1.003999e+05	-7.435887e-07
	265	162	39.250000	33.000000	1.003999e+05	7.082039e-05
2022	2	18	7	12
	138	26	7.500000	67.000000	9.855133e+04	1.017086e-04
	2	40	-26.500000	63.500000	9.886154e+04	1.102878e-04
	22	47	-21.500000	61.750000	9.886154e+04	1.660157e-04
	234	52	31.500000	60.500000	9.853456e+04	8.007885e-05
	56	60	-13.000000	58.500000	9.869045e+04	9.576960e-05
	55	68	-13.250000	56.500000	9.869045e+04	3.657356e-04
	216	139	27.000000	38.750000	1.001450e+05	1.841588e-04
2022	2	18	6	15
	139	29	7.750000	66.250000	9.843398e+04	1.050591e-04
	234	50	31.500000	61.000000	9.854036e+04	9.360288e-05
	0	55	-27.000000	59.750000	9.836395e+04	8.347464e-05
	132	65	6.000000	57.250000	9.872539e+04	1.077356e-04
	66	71	-10.500000	55.750000	9.880420e+04	3.044225e-04
	225	142	29.250000	38.000000	1.002000e+05	4.430337e-05
2022	2	18	9	18
	139	30	7.750000	66.000000	9.834139e+04	1.316338e-04
	4	39	-26.000000	63.750000	9.806784e+04	1.162768e-04
	225	40	29.250000	63.500000	9.851686e+04	-4.508091e-05
	235	49	31.750000	61.250000	9.851686e+04	9.912637e-05
	0	50	-27.000000	61.000000	9.806784e+04	4.653443e-05
	141	65	8.250000	57.250000	9.858987e+04	1.198282e-04
	77	72	-7.750000	55.500000	9.898641e+04	2.817474e-04
	223	149	28.750000	36.250000	1.001978e+05	1.524117e-04
	275	162	41.750000	33.000000	1.002348e+05	1.065992e-04
2022	2	18	6	21
	142	32	8.500000	65.500000	9.827856e+04	1.809094e-04
	239	47	32.750000	61.750000	9.846782e+04	1.181824e-04
	151	64	10.750000	57.500000	9.851279e+04	1.085337e-04
	88	74	-5.000000	55.000000	9.935317e+04	2.662320e-04
	224	152	29.000000	35.500000	1.001422e+05	1.699706e-04
	280	161	43.000000	33.250000	1.002233e+05	1.211572e-04
2022	2	19	8	0
	163	26	13.750000	67.000000	9.818362e+04	1.530781e-05
	146	32	9.500000	65.500000	9.818362e+04	2.628845e-04
	224	37	29.000000	64.250000	9.839372e+04	-4.121187e-05
	246	43	34.500000	62.750000	9.839372e+04	1.328776e-04
	30	52	-19.500000	60.500000	9.816999e+04	1.431103e-04
	160	64	13.000000	57.500000	9.843962e+04	1.175223e-04
	229	158	30.250000	34.000000	1.000359e+05	1.950456e-04
	281	160	43.250000	33.500000	1.002545e+05	1.504230e-04
2022	2	19	7	3
	147	31	9.750000	65.750000	9.812832e+04	2.732448e-04
	253	36	36.250000	64.500000	9.832149e+04	8.958798e-05
	33	51	-18.750000	60.750000	9.828765e+04	1.534948e-04
	192	77	21.000000	54.250000	9.842959e+04	2.700989e-04
	238	151	32.500000	35.750000	9.997813e+04	-3.101343e-05
	281	158	43.250000	34.000000	1.003379e+05	1.837242e-04
	230	159	30.500000	33.750000	9.997813e+04	1.776578e-04
2022	2	19	9	6
	147	31	9.750000	65.750000	9.809259e+04	1.922891e-04
	253	35	36.250000	64.750000	9.823564e+04	1.153755e-04
	32	48	-19.000000	61.500000	9.828562e+04	1.901666e-04
	152	107	11.000000	46.750000	1.007317e+05	-3.237143e-05
	137	117	7.250000	44.250000	1.009227e+05	1.229055e-04
	108	139	0.000000	38.750000	1.012818e+05	9.209118e-05
	239	151	32.750000	35.750000	1.002225e+05	-3.987312e-05
	284	157	44.000000	34.250000	1.006589e+05	1.650975e-04
	235	160	31.750000	33.500000	1.002225e+05	1.734661e-04
2022	2	19	10	9
	161	27	13.250000	66.750000	9.821402e+04	3.103208e-05
	145	33	9.250000	65.250000	9.821402e+04	2.056726e-04
	255	33	36.750000	65.250000	9.827418e+04	1.457525e-04
	256	33	37.000000	65.250000	9.827418e+04	1.295147e-04
	200	70	23.000000	56.000000	9.857452e+04	1.022343e-04
	150	109	10.500000	46.250000	1.009894e+05	2.128485e-05
	137	117	7.250000	44.250000	1.010360e+05	1.227679e-04
	281	136	43.250000	39.500000	1.007909e+05	9.438871e-06
	285	155	44.250000	34.750000	1.008202e+05	1.284112e-04
	232	162	31.000000	33.000000	1.005177e+05	9.436560e-05
2022	2	19	8	12
	9	6	-24.750000	72.000000	1.003889e+05	-2.459377e-05
	279	23	42.750000	67.750000	9.827856e+04	1.160337e-04
	163	27	13.750000	66.750000	9.834280e+04	5.342636e-05
	256	31	37.000000	65.750000	9.827825e+04	1.768494e-04
	149	34	10.250000	65.000000	9.834280e+04	2.491013e-04
	222	75	28.500000	54.750000	9.860115e+04	2.344375e-04
	155	109	11.750000	46.250000	1.009379e+05	4.316806e-05
	284	141	44.000000	38.250000	1.007905e+05	-2.197729e-05
2022	2	19	10	15
	281	21	43.250000	68.250000	9.834875e+04	1.444143e-04
	282	21	43.500000	68.250000	9.834875e+04	1.426696e-04
	258	30	37.500000	66.000000	9.832102e+04	1.736520e-04
	152	35	11.000000	64.750000	9.853691e+04	2.491900e-04
	153	35	11.250000	64.750000	9.853691e+04	2.500595e-04
	85	60	-5.750000	58.500000	9.872978e+04	2.214794e-04
	0	66	-27.000000	57.000000	9.817391e+04	1.070672e-04
	232	74	31.000000	55.000000	9.864063e+04	2.404749e-04
	154	108	11.500000	46.500000	1.009509e+05	-3.098594e-06
	136	115	7.000000	44.750000	1.010175e+05	9.209577e-05
2022	2	19	6	18
	284	19	44.000000	68.750000	9.835674e+04	1.143697e-04
	259	29	37.750000	66.250000	9.836082e+04	1.561994e-04
	158	37	12.500000	64.250000	9.883553e+04	1.821205e-04
	239	72	32.750000	55.500000	9.858407e+04	2.214012e-04
	153	108	11.250000	46.500000	1.012299e+05	-1.579036e-06
	134	119	6.500000	43.750000	1.011370e+05	1.138142e-04
2022	2	19	6	21
	284	18	44.000000	69.000000	9.837930e+04	1.285806e-04
	262	28	38.500000	66.500000	9.839074e+04	1.216992e-04
	0	59	-27.000000	58.750000	9.676653e+04	1.022116e-04
	124	64	4.000000	57.500000	9.912788e+04	1.613183e-04
	245	71	34.250000	55.750000	9.857530e+04	2.257761e-04
	135	118	6.750000	44.000000	1.012429e+05	1.200298e-04
2022	2	20	6	0
	286	17	44.500000	69.250000	9.840531e+04	7.012605e-05
	265	27	39.250000	66.750000	9.841315e+04	1.227326e-04
	0	57	-27.000000	59.250000	9.634869e+04	1.350470e-04
	140	64	8.000000	57.500000	9.920245e+04	1.458373e-04
	253	68	36.250000	56.500000	9.855995e+04	2.206902e-04
	139	122	7.750000	43.000000	1.012928e+05	1.055264e-04
