2022	2	14	7	0
	4	6	-26.000000	72.000000	9.974798e+04	-3.336615e-05
	216	9	27.000000	71.250000	9.836677e+04	9.359566e-05
	217	9	27.250000	71.250000	9.836677e+04	9.424873e-05
	1	17	-26.750000	69.250000	9.974798e+04	1.049291e-05
	221	20	28.250000	68.500000	9.836677e+04	9.699161e-05
	107	71	-0.250000	55.750000	9.846202e+04	7.103502e-05
	107	72	-0.250000	55.500000	9.846202e+04	5.797632e-05
2022	2	14	4	3
	58	4	-12.500000	72.500000	1.001552e+05	9.817224e-05
	217	8	27.250000	71.500000	9.806063e+04	1.810723e-04
	227	22	29.750000	68.000000	9.820258e+04	9.022636e-05
	111	72	0.750000	55.500000	9.844463e+04	2.501374e-05
2022	2	14	4	6
	65	3	-10.750000	72.750000	1.001406e+05	1.228605e-04
	217	8	27.250000	71.500000	9.788955e+04	2.623652e-04
	121	58	3.250000	59.000000	9.843006e+04	1.250044e-04
	113	72	1.250000	55.500000	9.838322e+04	9.311522e-05
2022	2	14	5	9
	68	2	-10.000000	73.000000	1.001854e+05	7.655683e-05
	213	11	26.250000	70.750000	9.796883e+04	3.205929e-04
	0	52	-27.000000	60.500000	9.796256e+04	1.299337e-04
	122	61	3.500000	58.250000	9.837930e+04	5.530275e-05
	117	71	2.250000	55.750000	9.837930e+04	1.663113e-04
2022	2	14	6	12
	74	0	-8.500000	73.500000	1.001768e+05	4.695525e-05
	72	1	-9.000000	73.250000	1.001768e+05	4.874434e-05
	231	14	30.750000	70.000000	9.804058e+04	2.151581e-04
	0	49	-27.000000	61.250000	9.749850e+04	1.576247e-04
	126	66	4.500000	57.000000	9.832995e+04	1.785770e-04
	127	66	4.750000	57.000000	9.832995e+04	1.759780e-04
2022	2	14	5	15
	240	13	33.000000	70.250000	9.807849e+04	1.959025e-04
	241	13	33.250000	70.250000	9.807849e+04	1.955077e-04
	288	13	45.000000	70.250000	9.937589e+04	-1.300208e-05
	1	45	-26.750000	62.250000	9.708896e+04	1.889115e-04
	130	62	5.500000	58.000000	9.823454e+04	2.295671e-04
2022	2	14	4	18
	250	13	35.500000	70.250000	9.810388e+04	1.554596e-04
	0	42	-27.000000	63.000000	9.684487e+04	1.267182e-04
	132	61	6.000000	58.250000	9.831319e+04	2.919396e-04
	136	121	7.000000	43.250000	1.010230e+05	1.556955e-04
2022	2	14	6	21
	256	12	37.000000	70.500000	9.813255e+04	1.404535e-04
	288	12	45.000000	70.500000	9.878007e+04	7.857459e-05
	0	37	-27.000000	64.250000	9.673786e+04	1.551413e-04
	27	39	-20.250000	63.750000	9.673786e+04	2.731556e-05
	137	62	7.250000	58.000000	9.843931e+04	2.692365e-04
	142	120	8.500000	43.500000	1.010632e+05	1.353236e-04
2022	2	15	9	0
	253	4	36.250000	72.500000	9.817140e+04	1.284031e-04
	6	7	-25.500000	71.750000	9.958301e+04	4.808255e-05
	288	9	45.000000	71.250000	9.866633e+04	8.107330e-05
	262	12	38.500000	70.500000	9.817140e+04	1.597411e-04
	0	37	-27.000000	64.250000	9.718688e+04	8.036627e-05
	22	42	-21.500000	63.000000	9.718688e+04	2.121475e-04
	127	51	4.750000	60.750000	9.855588e+04	1.145375e-04
	146	59	9.500000	58.750000	9.854036e+04	2.468234e-04
	145	117	9.250000	44.250000	1.010247e+05	1.208226e-04
2022	2	15	6	3
	6	7	-25.500000	71.750000	9.959962e+04	2.701520e-05
	266	11	39.500000	70.750000	9.825977e+04	1.500554e-04
	21	39	-21.750000	63.750000	9.732052e+04	2.314252e-04
	126	50	4.500000	61.000000	9.861008e+04	1.546913e-04
	150	57	10.500000	59.250000	9.858220e+04	2.077730e-04
	154	116	11.500000	44.500000	1.009688e+05	1.054265e-04
2022	2	15	7	6
	246	10	34.500000	71.000000	9.833309e+04	1.916128e-04
	271	11	40.750000	70.750000	9.833309e+04	1.574347e-04
	11	34	-24.250000	65.000000	9.725613e+04	1.378730e-04
	36	41	-18.000000	63.250000	9.727070e+04	2.347214e-04
	127	48	4.750000	61.500000	9.860930e+04	1.816220e-04
	154	54	11.500000	60.000000	9.866915e+04	1.922199e-04
	158	113	12.500000	45.250000	1.010051e+05	9.711528e-05
2022	2	15	6	9
	246	5	34.500000	72.250000	9.847659e+04	1.177320e-04
	279	11	42.750000	70.750000	9.847519e+04	1.720160e-04
	32	36	-19.000000	64.500000	9.732084e+04	1.277661e-04
	127	47	4.750000	61.750000	9.860695e+04	1.892058e-04
	158	52	12.500000	60.500000	9.871802e+04	1.905735e-04
	161	111	13.250000	45.750000	1.011096e+05	1.085359e-04
2022	2	15	5	12
	284	9	44.000000	71.250000	9.856418e+04	1.910318e-04
	12	29	-24.000000	66.250000	9.723561e+04	1.041908e-04
	135	43	6.750000	62.750000	9.864377e+04	1.996584e-05
	65	48	-10.750000	61.500000	9.813976e+04	2.310450e-04
	2	82	-26.500000	53.000000	9.852156e+04	1.560445e-04
2022	2	15	11	15
	2	6	-26.500000	72.000000	9.974015e+04	4.531400e-05
	283	8	43.750000	71.500000	9.862418e+04	1.963060e-04
	0	38	-27.000000	64.000000	9.723373e+04	2.777191e-05
	0	39	-27.000000	63.750000	9.723373e+04	3.632465e-05
	134	41	6.500000	63.250000	9.857812e+04	1.301064e-04
	63	45	-11.250000	62.250000	9.817563e+04	2.224328e-04
	173	47	16.250000	61.750000	9.867808e+04	4.806152e-05
	24	77	-21.000000	54.250000	9.829752e+04	2.395225e-04
	153	110	11.250000	46.000000	1.011254e+05	2.724707e-05
	149	155	10.250000	34.750000	1.016056e+05	2.207079e-05
	163	162	13.750000	33.000000	1.015813e+05	2.829463e-05
2022	2	15	9	18
	2	6	-26.500000	72.000000	9.958363e+04	3.546859e-05
	280	7	43.000000	71.750000	9.870330e+04	2.083135e-04
	133	40	6.250000	63.500000	9.852610e+04	1.949486e-04
	60	42	-12.000000	63.000000	9.820415e+04	2.077489e-04
	178	45	17.500000	62.250000	9.862841e+04	1.114319e-04
	97	56	-2.750000	59.500000	9.832807e+04	1.772468e-04
	119	63	2.750000	57.750000	9.831303e+04	2.268294e-04
	36	75	-18.000000	54.750000	9.828718e+04	2.114423e-04
	163	162	13.750000	33.000000	1.016175e+05	1.756312e-05
2022	2	15	8	21
	282	8	43.500000	71.500000	9.880404e+04	2.047193e-04
	57	39	-12.750000	63.750000	9.829548e+04	1.969004e-04
	129	39	5.250000	63.750000	9.848929e+04	2.160927e-04
	181	43	18.250000	62.750000	9.863797e+04	1.531476e-04
	100	56	-2.000000	59.500000	9.831898e+04	1.536661e-04
	125	62	4.250000	58.000000	9.827308e+04	2.313693e-04
	48	74	-15.000000	55.000000	9.839450e+04	1.929880e-04
	167	162	14.750000	33.000000	1.017551e+05	-4.443960e-05
2022	2	16	7	0
	285	8	44.250000	71.500000	9.887000e+04	1.812383e-04
	125	39	4.250000	63.750000	9.846782e+04	1.886870e-04
	184	41	19.000000	63.250000	9.868779e+04	1.756957e-04
	105	57	-0.750000	59.250000	9.831727e+04	1.422698e-04
	131	62	5.750000	58.000000	9.830159e+04	1.787163e-04
	0	66	-27.000000	57.000000	9.644050e+04	1.346278e-04
	170	162	15.500000	33.000000	1.017241e+05	-1.687971e-05
2022	2	16	6	3
	288	7	45.000000	71.750000	9.891230e+04	9.378781e-05
	123	39	3.750000	63.750000	9.840202e+04	1.686475e-04
	188	40	20.000000	63.500000	9.874482e+04	1.910310e-04
	1	62	-26.750000	58.000000	9.576744e+04	1.622289e-04
	141	64	8.250000	57.500000	9.830316e+04	2.331863e-04
	274	149	41.500000	36.250000	1.016826e+05	1.385556e-05
2022	2	16	6	6
	287	6	44.750000	72.000000	9.894426e+04	1.146845e-04
	191	39	20.750000	63.750000	9.889037e+04	1.520853e-04
	123	40	3.750000	63.500000	9.837962e+04	1.402814e-04
	22	57	-21.500000	59.250000	9.549640e+04	2.592978e-04
	5	61	-25.750000	58.250000	9.549640e+04	4.767166e-04
	147	63	9.750000	57.750000	9.835001e+04	2.219545e-04
2022	2	16	7	9
	282	5	43.500000	72.250000	9.896791e+04	1.500236e-04
	196	35	22.000000	64.750000	9.900787e+04	1.383263e-04
	123	39	3.750000	63.750000	9.832416e+04	1.432215e-04
	20	62	-22.000000	58.000000	9.548951e+04	2.979151e-04
	153	62	11.250000	58.000000	9.844463e+04	1.985644e-04
	137	116	7.250000	44.500000	1.013457e+05	9.549647e-05
	183	137	18.750000	39.250000	1.015030e+05	1.522742e-04
2022	2	16	6	12
	274	5	41.500000	72.250000	9.900082e+04	1.871391e-04
	0	44	-27.000000	62.500000	9.720505e+04	1.042400e-04
	20	56	-22.000000	59.500000	9.556424e+04	4.212022e-04
	35	60	-18.250000	58.500000	9.556424e+04	3.181798e-04
	158	61	12.500000	58.250000	9.850151e+04	1.789384e-04
	278	120	42.500000	43.500000	1.017767e+05	3.636738e-06
2022	2	16	4	15
	271	6	40.750000	72.000000	9.896980e+04	1.954083e-04
	50	58	-14.500000	59.000000	9.561986e+04	2.967273e-04
	29	59	-19.750000	58.750000	9.561986e+04	2.796854e-04
	187	136	19.750000	39.500000	1.011384e+05	1.491235e-04
2022	2	16	6	18
	272	8	41.000000	71.500000	9.897230e+04	1.977612e-04
	0	40	-27.000000	63.500000	9.775826e+04	2.584271e-06
	61	57	-11.750000	59.250000	9.573752e+04	3.002202e-04
	150	109	10.500000	46.250000	1.007029e+05	7.961581e-06
	137	117	7.250000	44.250000	1.012060e+05	5.026412e-05
	186	136	19.500000	39.500000	1.011798e+05	1.387536e-04
2022	2	16	5	21
	277	9	42.250000	71.250000	9.897732e+04	1.226120e-04
	72	56	-9.000000	59.500000	9.586834e+04	3.109869e-04
	125	60	4.250000	58.500000	9.649816e+04	3.556852e-04
	138	117	7.500000	44.250000	1.011626e+05	7.999868e-05
	193	144	21.250000	37.500000	1.012027e+05	1.197369e-04
2022	2	17	8	0
	282	9	43.500000	71.250000	9.896180e+04	1.669054e-04
	113	53	1.250000	60.250000	9.616930e+04	2.516247e-04
	82	56	-6.500000	59.500000	9.602312e+04	3.003562e-04
	129	58	5.250000	59.000000	9.644880e+04	2.753076e-04
	138	117	7.500000	44.250000	1.011123e+05	1.123930e-04
	280	121	43.000000	43.250000	1.015723e+05	-2.046175e-05
	186	140	19.500000	38.500000	1.010800e+05	1.373517e-04
	200	145	23.000000	37.250000	1.010805e+05	1.026905e-04
2022	2	17	9	3
	283	8	43.750000	71.500000	9.890603e+04	1.592406e-04
	108	52	0.000000	60.500000	9.630122e+04	1.755940e-04
	94	56	-3.500000	59.500000	9.630122e+04	2.600274e-04
	144	61	9.000000	58.250000	9.676073e+04	2.246249e-04
	166	70	14.500000	56.000000	9.671138e+04	3.319556e-04
	138	117	7.500000	44.250000	1.009710e+05	9.726329e-05
	281	121	43.250000	43.250000	1.014571e+05	-1.011064e-05
	188	143	20.000000	37.750000	1.009965e+05	1.344902e-04
	201	145	23.250000	37.250000	1.009965e+05	8.726184e-05
2022	2	17	8	6
	9	6	-24.750000	72.000000	1.003922e+05	-2.007461e-05
	285	7	44.250000	71.750000	9.890274e+04	1.726249e-04
	108	57	0.000000	59.250000	9.654813e+04	2.308413e-04
	150	61	10.500000	58.250000	9.695579e+04	1.983491e-04
	176	69	17.000000	56.250000	9.639130e+04	3.670573e-04
	281	121	43.250000	43.250000	1.014422e+05	-5.479080e-06
	202	145	23.500000	37.250000	1.010565e+05	6.862680e-05
	191	146	20.750000	37.000000	1.010565e+05	1.105592e-04
2022	2	17	8	9
	9	6	-24.750000	72.000000	1.003787e+05	-2.314337e-05
	287	7	44.750000	71.750000	9.891543e+04	1.289791e-04
	288	7	45.000000	71.750000	9.891543e+04	1.163046e-04
	135	44	6.750000	62.500000	9.685239e+04	-9.634648e-06
	121	58	3.250000	59.000000	9.682983e+04	2.179264e-04
	185	71	19.250000	55.750000	9.642170e+04	4.060045e-04
	8	73	-25.000000	55.250000	9.896807e+04	1.686922e-04
	202	145	23.500000	37.250000	1.011836e+05	4.969734e-05
2022	2	17	6	12
	6	7	-25.500000	71.750000	1.003585e+05	-1.636579e-05
	288	7	45.000000	71.750000	9.895052e+04	1.147938e-04
	288	21	45.000000	68.250000	9.902996e+04	-4.062106e-05
	131	59	5.750000	58.750000	9.715915e+04	2.105993e-04
	9	72	-24.750000	55.500000	9.883145e+04	2.479062e-04
	196	72	22.000000	55.500000	9.656395e+04	4.000224e-04
2022	2	17	4	15
	139	38	7.750000	64.000000	9.751636e+04	6.487910e-05
	143	61	8.750000	58.250000	9.742095e+04	1.846174e-04
	13	71	-23.750000	55.750000	9.876095e+04	2.377577e-04
	207	72	24.750000	55.500000	9.683562e+04	2.936287e-04
2022	2	17	4	18
	141	37	8.250000	64.250000	9.766504e+04	8.574640e-05
	153	62	11.250000	58.000000	9.762227e+04	1.808581e-04
	216	63	27.000000	57.750000	9.697820e+04	1.100334e-04
	20	71	-22.000000	55.750000	9.877945e+04	2.388661e-04
2022	2	17	5	21
	143	36	8.750000	64.500000	9.775152e+04	9.864878e-05
	0	48	-27.000000	61.500000	9.937166e+04	-6.470500e-05
	219	61	27.750000	58.250000	9.708363e+04	1.444543e-04
	223	70	28.750000	56.000000	9.708363e+04	1.581800e-04
	28	71	-20.000000	55.750000	9.880780e+04	1.942195e-04
2022	2	18	4	0
	144	35	9.000000	64.750000	9.781294e+04	1.221575e-04
	25	51	-20.750000	60.750000	9.855728e+04	2.273260e-04
	224	58	29.000000	59.000000	9.716432e+04	1.337494e-04
	116	124	2.000000	42.500000	1.016863e+05	1.199231e-05
2022	2	18	3	3
	145	34	9.250000	65.000000	9.779195e+04	1.408211e-04
	28	53	-20.000000	60.250000	9.846093e+04	2.208187e-04
	227	56	29.750000	59.500000	9.724798e+04	1.445385e-04
2022	2	18	5	6
	6	7	-25.500000	71.750000	1.003225e+05	-1.201256e-05
	147	34	9.750000	65.000000	9.773320e+04	1.629864e-04
	32	54	-19.000000	60.000000	9.846955e+04	2.015822e-04
	229	56	30.250000	59.500000	9.734605e+04	1.443968e-04
	43	77	-16.250000	54.250000	9.881626e+04	3.275675e-04
2022	2	18	8	9
	2	6	-26.500000	72.000000	1.004173e+05	3.587368e-05
	3	17	-26.250000	69.250000	9.994727e+04	-4.435962e-05
	148	34	10.000000	65.000000	9.776985e+04	1.821631e-04
	233	50	31.250000	61.000000	9.745040e+04	7.508200e-05
	123	53	3.750000	60.250000	9.797823e+04	1.333811e-04
	36	56	-18.000000	59.500000	9.860241e+04	2.328108e-04
	53	77	-13.750000	54.250000	9.901413e+04	3.022575e-04
	279	119	42.750000	43.750000	9.987159e+04	5.307870e-05
2022	2	18	8	12
	7	6	-25.250000	72.000000	1.004063e+05	1.353918e-06
	136	20	7.000000	68.500000	9.793922e+04	9.338985e-05
	151	34	10.750000	65.000000	9.779022e+04	1.601788e-04
	238	47	32.500000	61.750000	9.751182e+04	2.937036e-05
	125	53	4.250000	60.250000	9.796570e+04	1.375675e-04
	44	58	-16.000000	59.000000	9.873620e+04	2.390974e-04
	61	79	-11.750000	53.750000	9.921891e+04	3.253792e-04
	279	119	42.750000	43.750000	9.981504e+04	2.734673e-05
2022	2	18	8	15
	7	6	-25.250000	72.000000	1.003765e+05	2.442950e-06
	2	17	-26.500000	69.250000	9.990732e+04	-6.078323e-05
	137	22	7.250000	68.000000	9.788423e+04	8.682412e-05
	155	34	11.750000	65.000000	9.784020e+04	1.480193e-04
	245	44	34.250000	62.500000	9.753845e+04	8.381560e-05
	126	53	4.500000	60.250000	9.797745e+04	1.133597e-04
	54	59	-13.500000	58.750000	9.880795e+04	2.198651e-04
	70	81	-9.500000	53.250000	9.956953e+04	2.833315e-04
2022	2	18	6	18
	6	7	-25.500000	71.750000	1.003328e+05	6.479961e-06
	135	24	6.750000	67.500000	9.786056e+04	1.011177e-04
	246	40	34.500000	63.500000	9.748299e+04	1.139582e-04
	128	53	5.000000	60.250000	9.810576e+04	1.214319e-04
	62	59	-11.500000	58.750000	9.894019e+04	2.304247e-04
	108	125	0.000000	42.250000	1.014112e+05	4.241875e-05
2022	2	18	8	21
	6	14	-25.500000	70.000000	1.002456e+05	-3.415484e-05
	136	26	7.000000	67.000000	9.782344e+04	1.321220e-04
	249	38	35.250000	64.000000	9.743301e+04	1.174087e-04
	70	60	-9.500000	58.500000	9.902886e+04	2.179625e-04
	0	62	-27.000000	58.000000	9.800188e+04	1.286658e-04
	137	117	7.250000	44.250000	1.011710e+05	1.427566e-04
	109	126	0.250000	42.000000	1.015729e+05	5.325908e-05
	110	137	0.500000	39.250000	1.015729e+05	4.759656e-05
2022	2	19	6	0
	7	14	-25.250000	70.000000	1.002214e+05	-4.090052e-05
	140	28	8.000000	66.500000	9.779648e+04	1.472576e-04
	251	35	35.750000	64.750000	9.738836e+04	9.176732e-05
	0	56	-27.000000	59.500000	9.764045e+04	1.305072e-04
	76	60	-8.000000	58.500000	9.907837e+04	2.230529e-04
	137	117	7.250000	44.250000	1.011062e+05	1.444429e-04
2022	2	19	5	3
	146	29	9.500000	66.250000	9.776531e+04	1.663766e-04
	252	33	36.000000	65.250000	9.736173e+04	9.400189e-05
	0	53	-27.000000	60.250000	9.749756e+04	1.415030e-04
	17	59	-22.750000	58.750000	9.749756e+04	2.235868e-04
	83	59	-6.250000	58.750000	9.912192e+04	2.333792e-04
2022	2	19	7	6
	150	28	10.500000	66.500000	9.769841e+04	1.594025e-04
	254	31	36.500000	65.750000	9.740058e+04	7.423131e-05
	0	49	-27.000000	61.250000	9.748910e+04	1.603264e-04
	21	57	-21.750000	59.250000	9.759658e+04	2.264259e-04
	198	57	22.500000	59.250000	9.823893e+04	1.152761e-04
	227	75	29.750000	54.750000	9.863499e+04	1.788475e-04
	137	118	7.250000	44.000000	1.011275e+05	1.501070e-04
2022	2	19	8	9
	271	22	40.750000	68.000000	9.741233e+04	1.404379e-04
	150	28	10.500000	66.500000	9.775184e+04	1.607809e-04
	258	29	37.500000	66.250000	9.741233e+04	2.985873e-05
	0	45	-27.000000	62.250000	9.778959e+04	1.326815e-04
	22	54	-21.500000	60.000000	9.797400e+04	2.031956e-04
	57	67	-12.750000	56.750000	9.827841e+04	2.616662e-04
	239	74	32.750000	55.000000	9.856261e+04	2.098995e-04
	143	119	8.750000	43.750000	1.012895e+05	6.570140e-05
2022	2	19	7	12
	271	20	40.750000	68.500000	9.741562e+04	1.777137e-04
	152	28	11.000000	66.500000	9.787686e+04	1.850670e-04
	21	51	-21.750000	60.750000	9.824770e+04	2.041215e-04
	62	66	-11.500000	57.000000	9.840578e+04	2.755709e-04
	76	70	-8.000000	56.000000	9.840578e+04	2.249309e-04
	251	73	35.750000	55.250000	9.850464e+04	2.110477e-04
	144	119	9.000000	43.750000	1.013081e+05	1.044464e-04
2022	2	19	7	15
	273	19	41.250000	68.750000	9.750241e+04	1.212197e-04
	154	20	11.500000	68.500000	9.801441e+04	6.478478e-05
	154	28	11.500000	66.500000	9.801441e+04	1.847960e-04
	19	47	-22.250000	61.750000	9.825977e+04	2.112197e-04
	69	67	-9.750000	56.750000	9.865974e+04	2.658016e-04
	261	71	38.250000	55.750000	9.848866e+04	2.548802e-04
	262	71	38.500000	55.750000	9.848866e+04	2.616633e-04
2022	2	19	6	18
	274	18	41.500000	69.000000	9.760425e+04	1.016874e-04
	152	19	11.000000	68.750000	9.820884e+04	6.793493e-05
	158	29	12.500000	66.250000	9.820884e+04	1.706837e-04
	77	69	-7.750000	56.250000	9.915498e+04	2.405977e-04
	270	69	40.500000	56.250000	9.837226e+04	2.544663e-04
	111	73	0.750000	55.250000	9.908918e+04	2.089589e-04
2022	2	19	9	21
	277	17	42.250000	69.250000	9.774431e+04	9.588245e-05
	278	17	42.500000	69.250000	9.774431e+04	9.581963e-05
	154	20	11.500000	68.500000	9.832604e+04	1.045140e-04
	0	59	-27.000000	58.750000	9.685380e+04	1.040995e-04
	278	66	42.500000	57.000000	9.829000e+04	2.708911e-04
	84	71	-6.000000	55.750000	9.960604e+04	2.027575e-04
	126	74	4.500000	55.000000	9.907869e+04	1.776400e-04
	175	125	16.750000	42.250000	1.015094e+05	9.227191e-05
	153	126	11.250000	42.000000	1.014855e+05	1.127355e-04
2022	2	20	7	0
	279	17	42.750000	69.250000	9.785336e+04	7.594242e-05
	154	20	11.500000	68.500000	9.838416e+04	1.056435e-04
	178	21	17.500000	68.250000	9.838416e+04	2.864827e-05
	0	55	-27.000000	59.750000	9.603927e+04	1.355538e-04
	284	63	44.000000	57.750000	9.816576e+04	2.392291e-04
	135	74	6.750000	55.000000	9.912365e+04	1.809519e-04
	177	124	17.250000	42.500000	1.014485e+05	8.133753e-05
