2022	2	14	5	0
	4	6	-26.000000	72.000000	9.972948e+04	-2.969860e-05
	225	13	29.250000	70.250000	9.827795e+04	1.299347e-04
	1	17	-26.750000	69.250000	9.972948e+04	3.114385e-06
	114	62	1.500000	58.000000	9.843077e+04	8.602259e-05
	105	71	-0.750000	55.750000	9.843077e+04	1.053487e-04
2022	2	14	4	3
	56	5	-13.000000	72.250000	1.001076e+05	1.215020e-04
	225	9	29.250000	71.250000	9.805114e+04	2.128524e-04
	116	62	2.000000	58.000000	9.841723e+04	9.855432e-05
	110	71	0.500000	55.750000	9.841723e+04	6.888413e-05
2022	2	14	4	6
	63	3	-11.250000	72.750000	1.000677e+05	1.284327e-04
	214	10	26.500000	71.000000	9.787510e+04	2.988777e-04
	120	67	3.000000	56.750000	9.847085e+04	7.116931e-05
	122	121	3.500000	43.250000	1.008642e+05	2.026151e-04
2022	2	14	5	9
	67	2	-10.250000	73.000000	1.001153e+05	9.417219e-05
	222	8	28.500000	71.500000	9.786675e+04	2.552967e-04
	0	52	-27.000000	60.500000	9.800087e+04	9.639223e-05
	125	64	4.250000	57.500000	9.853999e+04	7.412713e-05
	111	72	0.750000	55.500000	9.853999e+04	1.648860e-04
2022	2	14	4	12
	69	1	-9.750000	73.250000	1.001071e+05	4.173204e-05
	223	9	28.750000	71.250000	9.791235e+04	2.342213e-04
	0	49	-27.000000	61.250000	9.757882e+04	1.372645e-04
	131	63	5.750000	57.750000	9.852062e+04	1.502690e-04
2022	2	14	3	15
	239	12	32.750000	70.500000	9.791469e+04	1.869521e-04
	1	45	-26.750000	62.250000	9.717781e+04	1.283913e-04
	131	62	5.750000	58.000000	9.853766e+04	1.672213e-04
2022	2	14	5	18
	247	12	34.750000	70.500000	9.792170e+04	1.894321e-04
	0	41	-27.000000	63.250000	9.687602e+04	1.232881e-04
	128	53	5.000000	60.250000	9.863753e+04	7.965917e-05
	148	58	10.000000	59.000000	9.863753e+04	2.474345e-04
	133	62	6.250000	58.000000	9.863753e+04	2.175883e-04
2022	2	14	8	21
	250	4	35.500000	72.500000	9.797916e+04	1.013330e-04
	254	12	36.500000	70.500000	9.797916e+04	2.141052e-04
	0	38	-27.000000	64.000000	9.687434e+04	1.543111e-04
	27	39	-20.250000	63.750000	9.687434e+04	3.307960e-05
	127	51	4.750000	60.750000	9.874075e+04	9.695485e-05
	153	54	11.250000	60.000000	9.873724e+04	2.996553e-04
	138	62	7.500000	58.000000	9.873724e+04	2.188451e-04
	139	121	7.750000	43.250000	1.010432e+05	1.324801e-04
2022	2	15	9	0
	244	5	34.000000	72.250000	9.806366e+04	9.549566e-05
	6	7	-25.500000	71.750000	9.955412e+04	5.306768e-05
	264	12	39.000000	70.500000	9.806366e+04	2.124040e-04
	22	35	-21.500000	64.750000	9.709080e+04	-1.805569e-05
	0	36	-27.000000	64.500000	9.709080e+04	1.096034e-04
	125	51	4.250000	60.750000	9.885064e+04	1.411163e-04
	154	53	11.500000	60.250000	9.879853e+04	2.649534e-04
	144	60	9.000000	58.500000	9.879853e+04	2.206586e-04
	142	122	8.500000	43.000000	1.010108e+05	1.168078e-04
2022	2	15	9	3
	6	7	-25.500000	71.750000	9.954142e+04	5.205144e-05
	243	8	33.750000	71.500000	9.812897e+04	2.084358e-04
	271	11	40.750000	70.750000	9.812897e+04	1.964157e-04
	31	42	-19.250000	63.000000	9.739610e+04	2.115272e-04
	124	50	4.000000	61.000000	9.883395e+04	1.707724e-04
	125	50	4.250000	61.000000	9.883395e+04	1.460525e-04
	150	58	10.500000	59.000000	9.880522e+04	2.658999e-04
	171	103	15.750000	47.750000	1.009243e+05	6.037347e-05
	146	118	9.500000	44.000000	1.008697e+05	1.359131e-04
2022	2	15	8	6
	275	10	41.750000	71.000000	9.818158e+04	1.944353e-04
	248	11	35.000000	70.750000	9.818158e+04	1.544713e-04
	0	33	-27.000000	65.250000	9.724495e+04	2.698198e-05
	65	50	-10.750000	61.000000	9.761038e+04	2.772150e-04
	125	50	4.250000	61.000000	9.876413e+04	1.516153e-04
	157	51	12.250000	60.750000	9.869999e+04	3.149345e-04
	0	85	-27.000000	52.250000	9.872638e+04	1.513520e-04
	147	118	9.750000	44.000000	1.009255e+05	1.377247e-04
2022	2	15	8	9
	275	8	41.750000	71.500000	9.831285e+04	1.689113e-04
	258	14	37.500000	70.000000	9.831285e+04	1.380789e-04
	25	34	-20.750000	65.000000	9.713555e+04	1.819649e-04
	61	46	-11.750000	62.000000	9.739727e+04	3.477892e-04
	125	49	4.250000	61.250000	9.874576e+04	1.381954e-04
	160	50	13.000000	61.000000	9.866927e+04	3.118118e-04
	8	82	-25.000000	53.000000	9.833556e+04	2.545928e-04
	156	118	12.000000	44.000000	1.010297e+05	8.774584e-05
2022	2	15	5	12
	277	8	42.250000	71.500000	9.837531e+04	1.911111e-04
	57	43	-12.750000	62.750000	9.736470e+04	3.494695e-04
	164	48	14.000000	61.500000	9.861381e+04	2.593888e-04
	20	78	-22.000000	54.000000	9.801339e+04	2.695260e-04
	157	112	12.250000	45.500000	1.010360e+05	1.113724e-04
2022	2	15	7	15
	278	8	42.500000	71.500000	9.843661e+04	2.333874e-04
	0	39	-27.000000	63.750000	9.707810e+04	3.084369e-05
	54	40	-13.500000	63.500000	9.720888e+04	3.534411e-04
	169	46	15.250000	62.000000	9.864438e+04	1.810206e-04
	34	74	-18.500000	55.000000	9.761773e+04	2.891605e-04
	157	112	12.250000	45.500000	1.010775e+05	1.020357e-04
	148	118	10.000000	44.000000	1.010775e+05	1.172056e-04
2022	2	15	8	18
	283	8	43.750000	71.500000	9.851294e+04	2.480257e-04
	45	37	-15.750000	64.250000	9.719685e+04	3.207930e-04
	179	44	17.750000	62.500000	9.863520e+04	1.394081e-04
	180	44	18.000000	62.500000	9.863520e+04	1.446585e-04
	121	57	3.250000	59.250000	9.830316e+04	2.149273e-04
	44	72	-16.000000	55.500000	9.742884e+04	2.938233e-04
	161	111	13.250000	45.750000	1.013280e+05	6.625494e-05
	164	162	14.000000	33.000000	1.016620e+05	1.192814e-05
2022	2	15	7	21
	285	8	44.250000	71.500000	9.861648e+04	2.040592e-04
	286	8	44.500000	71.500000	9.861648e+04	1.803485e-04
	38	32	-17.500000	65.500000	9.746741e+04	3.042537e-04
	182	43	18.500000	62.750000	9.865423e+04	1.573848e-04
	122	55	3.500000	59.750000	9.824655e+04	1.786312e-04
	53	71	-13.750000	55.750000	9.745423e+04	3.123826e-04
	167	159	14.750000	33.750000	1.017551e+05	9.641839e-06
2022	2	16	4	0
	288	8	45.000000	71.500000	9.868312e+04	1.124474e-04
	185	42	19.250000	63.000000	9.870784e+04	1.704506e-04
	89	47	-4.750000	61.750000	9.828897e+04	8.678199e-05
	66	69	-10.500000	56.250000	9.741648e+04	3.090283e-04
2022	2	16	6	3
	288	7	45.000000	71.750000	9.872789e+04	1.265815e-04
	0	39	-27.000000	63.750000	9.708745e+04	6.440091e-05
	188	41	20.000000	63.250000	9.876747e+04	1.301294e-04
	92	47	-4.000000	61.750000	9.816972e+04	8.023439e-05
	78	68	-7.500000	56.500000	9.748195e+04	2.789834e-04
	172	123	16.000000	42.750000	1.014848e+05	3.117114e-05
2022	2	16	3	6
	94	47	-3.500000	61.750000	9.803995e+04	8.803583e-05
	41	66	-16.750000	57.000000	9.775118e+04	1.908007e-04
	86	68	-5.500000	56.500000	9.772696e+04	2.790517e-04
2022	2	16	6	9
	286	4	44.500000	72.500000	9.879637e+04	1.194677e-04
	97	47	-2.750000	61.750000	9.795076e+04	7.987192e-05
	115	48	1.750000	61.500000	9.795076e+04	6.705538e-05
	45	64	-15.750000	57.500000	9.752420e+04	2.103413e-04
	109	68	0.250000	56.500000	9.774616e+04	2.288348e-04
	136	116	7.000000	44.500000	1.013051e+05	9.196621e-05
2022	2	16	5	12
	276	4	42.000000	72.500000	9.878116e+04	1.612718e-04
	50	64	-14.500000	57.500000	9.731810e+04	2.342449e-04
	65	65	-10.750000	57.250000	9.731810e+04	2.073733e-04
	119	68	2.750000	56.500000	9.776755e+04	2.167606e-04
	137	117	7.250000	44.250000	1.014412e+05	1.135845e-04
2022	2	16	7	15
	274	5	41.500000	72.250000	9.870918e+04	2.166279e-04
	98	47	-2.500000	61.750000	9.768755e+04	8.104005e-05
	74	63	-8.500000	57.750000	9.697823e+04	2.928227e-04
	58	64	-12.500000	57.500000	9.697823e+04	2.869295e-04
	133	69	6.250000	56.250000	9.762191e+04	2.305515e-04
	161	71	13.250000	55.750000	9.771610e+04	2.182578e-04
	181	141	18.250000	38.250000	1.013245e+05	1.461268e-04
2022	2	16	7	18
	273	5	41.250000	72.250000	9.865056e+04	2.274084e-04
	114	46	1.500000	62.000000	9.756913e+04	8.019868e-05
	79	63	-7.250000	57.750000	9.698691e+04	2.951767e-04
	94	63	-3.500000	57.750000	9.698691e+04	1.430375e-04
	147	69	9.750000	56.250000	9.762976e+04	2.420064e-04
	176	69	17.000000	56.250000	9.751802e+04	2.309850e-04
	185	144	19.250000	37.500000	1.013302e+05	1.721717e-04
2022	2	16	6	21
	269	4	40.250000	72.500000	9.864973e+04	1.621755e-04
	112	46	1.000000	62.000000	9.751819e+04	1.288095e-04
	105	63	-0.750000	57.750000	9.732295e+04	1.946062e-04
	84	64	-6.000000	57.500000	9.732295e+04	3.367619e-04
	188	67	20.000000	56.750000	9.719735e+04	2.526981e-04
	187	142	19.750000	38.000000	1.013400e+05	1.442148e-04
2022	2	17	7	0
	264	4	39.000000	72.500000	9.863169e+04	1.433053e-04
	113	46	1.250000	62.000000	9.750716e+04	1.456704e-04
	115	64	1.750000	57.500000	9.751952e+04	1.553966e-04
	199	64	22.750000	57.500000	9.698457e+04	2.500184e-04
	200	64	23.000000	57.500000	9.698457e+04	2.501629e-04
	280	121	43.000000	43.250000	1.020086e+05	-2.964761e-05
	185	140	19.250000	38.500000	1.012745e+05	1.448804e-04
2022	2	17	8	3
	259	4	37.750000	72.500000	9.858209e+04	1.794584e-04
	136	41	7.000000	63.250000	9.754709e+04	6.026175e-06
	115	47	1.750000	61.750000	9.754709e+04	1.368540e-04
	188	54	20.000000	60.000000	9.672370e+04	5.138290e-05
	208	61	25.000000	58.250000	9.671618e+04	2.647989e-04
	138	117	7.500000	44.250000	1.009873e+05	7.927810e-05
	280	121	43.000000	43.250000	1.018444e+05	-2.938139e-05
	185	139	19.250000	38.750000	1.012072e+05	1.156358e-04
2022	2	17	7	6
	256	4	37.000000	72.500000	9.853849e+04	1.716481e-04
	140	40	8.000000	63.500000	9.768838e+04	3.336484e-05
	121	45	3.250000	62.250000	9.768838e+04	1.004697e-04
	215	58	26.750000	59.000000	9.660161e+04	2.309361e-04
	8	106	-25.000000	47.000000	1.005459e+05	1.460896e-04
	138	117	7.500000	44.250000	1.009128e+05	7.629333e-05
	280	121	43.000000	43.250000	1.017652e+05	-2.096724e-05
2022	2	17	5	9
	248	4	35.000000	72.500000	9.851477e+04	1.366443e-04
	145	36	9.250000	64.500000	9.780796e+04	3.708835e-05
	222	54	28.500000	60.000000	9.656620e+04	2.091945e-04
	18	100	-22.500000	48.500000	1.000949e+05	1.858887e-04
	278	120	42.500000	43.500000	1.016645e+05	-3.757130e-05
2022	2	17	3	12
	229	50	30.250000	61.000000	9.649989e+04	1.666555e-04
	27	95	-20.250000	49.750000	9.967420e+04	2.450400e-04
	277	120	42.250000	43.500000	1.014618e+05	-1.915056e-05
2022	2	17	3	15
	35	42	-18.250000	63.000000	9.897023e+04	1.878522e-04
	232	47	31.000000	61.750000	9.647718e+04	1.706733e-04
	33	91	-18.750000	50.750000	9.901498e+04	3.221867e-04
2022	2	17	3	18
	34	42	-18.500000	63.000000	9.884029e+04	2.144088e-04
	234	45	31.500000	62.250000	9.639618e+04	2.037975e-04
	39	86	-17.250000	52.000000	9.836613e+04	3.760922e-04
2022	2	17	4	21
	33	41	-18.750000	63.250000	9.880755e+04	2.254167e-04
	234	44	31.500000	62.500000	9.633955e+04	1.852402e-04
	32	54	-19.000000	60.000000	9.903420e+04	1.390994e-04
	48	82	-15.000000	53.000000	9.763193e+04	5.074237e-04
2022	2	18	4	0
	30	41	-19.500000	63.250000	9.880588e+04	1.638251e-04
	237	44	32.250000	62.500000	9.635759e+04	1.916460e-04
	33	53	-18.750000	60.250000	9.878367e+04	1.989904e-04
	55	78	-13.250000	54.000000	9.678348e+04	6.318603e-04
2022	2	18	4	3
	26	40	-20.500000	63.500000	9.855570e+04	1.283102e-04
	243	43	33.750000	62.750000	9.645714e+04	1.620396e-04
	35	52	-18.250000	60.500000	9.851895e+04	1.997350e-04
	63	75	-11.250000	54.750000	9.609254e+04	7.072114e-04
2022	2	18	3	6
	257	38	37.250000	64.000000	9.651793e+04	6.909656e-05
	38	53	-17.500000	60.250000	9.830667e+04	1.907091e-04
	72	72	-9.000000	55.500000	9.573612e+04	6.434605e-04
2022	2	18	5	9
	2	6	-26.500000	72.000000	1.003533e+05	-1.342513e-05
	288	28	45.000000	66.500000	9.685463e+04	7.099667e-05
	266	34	39.500000	65.000000	9.652628e+04	1.396229e-04
	41	52	-16.750000	60.500000	9.830784e+04	2.335415e-04
	82	70	-6.500000	56.000000	9.574782e+04	4.959810e-04
2022	2	18	3	12
	278	28	42.500000	66.500000	9.665422e+04	1.691200e-04
	45	53	-15.750000	60.250000	9.834843e+04	1.563385e-04
	95	68	-3.250000	56.500000	9.593288e+04	4.018126e-04
2022	2	18	5	15
	6	7	-25.500000	71.750000	1.002021e+05	-6.391269e-05
	287	22	44.750000	68.000000	9.669597e+04	5.454085e-05
	275	31	41.750000	65.750000	9.669597e+04	2.012422e-04
	48	52	-15.000000	60.500000	9.840688e+04	1.418878e-04
	109	65	0.250000	57.250000	9.588027e+04	4.074932e-04
2022	2	18	10	18
	207	1	24.750000	73.250000	9.813164e+04	1.553433e-04
	6	7	-25.500000	71.750000	1.001305e+05	-4.090472e-05
	288	18	45.000000	69.000000	9.678098e+04	6.880035e-05
	35	43	-18.250000	62.750000	9.835043e+04	1.839720e-04
	0	44	-27.000000	62.500000	9.815836e+04	7.344552e-05
	0	58	-27.000000	59.000000	9.807619e+04	8.344008e-05
	121	62	3.250000	58.000000	9.587943e+04	3.727503e-04
	282	121	43.500000	43.250000	1.009474e+05	2.128629e-05
	108	130	0.000000	41.000000	1.012254e+05	8.797315e-05
	229	150	30.250000	36.000000	1.010030e+05	8.445976e-05
2022	2	18	10	21
	206	2	24.500000	73.000000	9.804145e+04	1.961708e-04
	6	7	-25.500000	71.750000	1.001310e+05	-1.155924e-05
	288	19	45.000000	68.750000	9.709280e+04	1.853560e-05
	3	55	-26.250000	59.750000	9.780813e+04	1.381937e-04
	130	60	5.500000	58.500000	9.600636e+04	3.046486e-04
	125	121	4.250000	43.250000	1.013694e+05	1.430425e-04
	282	121	43.500000	43.250000	1.010997e+05	5.447086e-06
	108	131	0.000000	40.750000	1.013759e+05	9.562393e-05
	232	150	31.000000	36.000000	1.009058e+05	1.235125e-04
	260	162	38.000000	33.000000	1.009258e+05	3.361838e-06
2022	2	19	6	0
	217	4	27.250000	72.500000	9.799987e+04	1.406537e-04
	6	7	-25.500000	71.750000	1.000071e+05	4.200856e-06
	17	56	-22.750000	59.500000	9.756362e+04	2.281772e-04
	136	61	7.000000	58.250000	9.627642e+04	3.302450e-04
	107	135	-0.250000	39.750000	1.013273e+05	3.053655e-05
	231	152	30.750000	35.500000	1.007815e+05	1.627626e-04
2022	2	19	5	3
	221	5	28.250000	72.250000	9.794759e+04	1.358687e-04
	6	7	-25.500000	71.750000	9.999470e+04	-5.297979e-06
	21	55	-21.750000	59.750000	9.753255e+04	1.984326e-04
	147	61	9.750000	58.250000	9.653664e+04	3.466663e-04
	229	154	30.250000	35.000000	1.006684e+05	1.916017e-04
2022	2	19	9	6
	224	5	29.000000	72.250000	9.790634e+04	1.253649e-04
	131	19	5.750000	68.750000	9.793606e+04	2.769254e-04
	180	52	18.000000	60.500000	9.693530e+04	1.871885e-04
	24	54	-21.000000	60.000000	9.741097e+04	2.031534e-04
	45	56	-15.750000	59.500000	9.741097e+04	2.160328e-04
	157	61	12.250000	58.250000	9.693012e+04	2.938090e-04
	136	116	7.000000	44.500000	1.014663e+05	7.504819e-05
	123	136	3.750000	39.500000	1.013798e+05	2.977173e-05
	228	156	30.000000	34.500000	1.008310e+05	1.641968e-04
2022	2	19	9	9
	228	6	30.000000	72.000000	9.799936e+04	1.090510e-04
	146	13	9.500000	70.250000	9.790400e+04	7.659495e-05
	133	20	6.250000	68.500000	9.790400e+04	3.180533e-04
	190	50	20.500000	61.000000	9.718666e+04	1.903578e-04
	27	53	-20.250000	60.250000	9.734499e+04	1.923395e-04
	46	54	-15.500000	60.000000	9.734499e+04	1.766085e-04
	126	135	4.500000	39.750000	1.015491e+05	4.698353e-05
	126	136	4.500000	39.500000	1.015491e+05	4.550373e-05
	226	160	29.500000	33.500000	1.009606e+05	1.095448e-04
2022	2	19	6	12
	239	6	32.750000	72.000000	9.809205e+04	9.411193e-05
	152	10	11.000000	71.000000	9.792220e+04	1.070106e-04
	137	22	7.250000	68.000000	9.788095e+04	2.021206e-04
	205	48	24.250000	61.500000	9.731861e+04	1.226461e-04
	26	53	-20.500000	60.250000	9.721038e+04	2.018512e-04
	131	134	5.750000	40.000000	1.016002e+05	2.789306e-05
2022	2	19	7	15
	247	6	34.750000	72.000000	9.816003e+04	1.019662e-04
	153	9	11.250000	71.250000	9.805498e+04	1.342667e-04
	143	23	8.750000	67.750000	9.789581e+04	1.966058e-04
	218	46	27.500000	62.000000	9.741598e+04	1.096859e-04
	22	52	-21.500000	60.500000	9.696838e+04	1.827843e-04
	72	53	-9.000000	60.250000	9.728453e+04	2.331225e-04
	1	67	-26.750000	56.750000	9.686182e+04	1.530379e-04
2022	2	19	9	18
	156	7	12.000000	71.750000	9.810258e+04	1.725012e-04
	150	23	10.500000	67.750000	9.791953e+04	2.414562e-04
	227	44	29.750000	62.500000	9.752220e+04	1.394592e-04
	73	50	-8.750000	61.000000	9.706223e+04	2.533817e-04
	18	51	-22.500000	60.750000	9.666407e+04	1.777339e-04
	15	65	-23.250000	57.250000	9.655250e+04	2.476580e-04
	135	134	6.750000	40.000000	1.016819e+05	8.630035e-05
	146	135	9.500000	39.750000	1.016819e+05	-1.029427e-05
	253	162	36.250000	33.000000	1.007641e+05	-3.204400e-05
2022	2	19	9	21
	157	7	12.250000	71.750000	9.796980e+04	2.026135e-04
	155	24	11.750000	67.500000	9.788963e+04	3.061399e-04
	288	41	45.000000	63.250000	9.862317e+04	-2.369003e-05
	236	42	32.000000	63.000000	9.756362e+04	1.366311e-04
	70	49	-9.500000	61.250000	9.687217e+04	2.527135e-04
	21	50	-21.750000	61.000000	9.652912e+04	1.959487e-04
	27	64	-20.250000	57.500000	9.636595e+04	3.536694e-04
	137	135	7.250000	39.750000	1.018364e+05	1.064107e-04
	260	162	38.000000	33.000000	1.007030e+05	4.166666e-05
2022	2	20	9	0
	277	2	42.250000	73.000000	9.821732e+04	1.091603e-04
	160	6	13.000000	72.000000	9.800655e+04	1.915772e-04
	159	23	12.750000	67.750000	9.793172e+04	2.536272e-04
	288	38	45.000000	64.000000	9.823319e+04	1.099627e-04
	246	40	34.500000	63.500000	9.766717e+04	1.399280e-04
	17	50	-22.750000	61.000000	9.650323e+04	2.553849e-04
	40	62	-17.000000	58.000000	9.617288e+04	3.381473e-04
	147	135	9.750000	39.750000	1.018524e+05	-6.480439e-06
	265	162	39.250000	33.000000	1.005811e+05	1.554259e-05
