2022	2	10	6	0
	7	6	-25.250000	72.000000	1.002239e+05	-1.278054e-05
	172	10	16.000000	71.000000	9.683559e+04	1.605167e-04
	9	14	-24.750000	70.000000	1.002239e+05	7.587625e-05
	148	23	10.000000	67.750000	9.647002e+04	4.716463e-04
	59	56	-12.250000	59.500000	9.848857e+04	5.084430e-04
	247	151	34.750000	35.750000	1.008170e+05	9.955454e-05
2022	2	10	8	6
	7	6	-25.250000	72.000000	1.004166e+05	-6.132888e-06
	177	6	17.250000	72.000000	9.709177e+04	1.575246e-04
	168	23	15.000000	67.750000	9.683010e+04	3.277900e-04
	5	24	-25.750000	67.500000	1.003950e+05	1.408871e-04
	78	59	-7.500000	58.750000	9.892039e+04	5.187066e-04
	158	106	12.500000	47.000000	1.021393e+05	-3.869099e-05
	249	150	35.250000	36.000000	1.010934e+05	8.916642e-05
	281	162	43.250000	33.000000	1.011591e+05	1.144550e-04
2022	2	10	10	12
	198	0	22.500000	73.500000	9.726466e+04	-2.793970e-06
	199	0	22.750000	73.500000	9.726466e+04	-2.117387e-06
	201	0	23.250000	73.500000	9.726466e+04	-1.777848e-06
	8	6	-25.000000	72.000000	1.002586e+05	-1.727032e-05
	179	6	17.750000	72.000000	9.726466e+04	1.715643e-04
	22	21	-21.500000	68.250000	1.001647e+05	1.029597e-04
	193	27	21.250000	66.750000	9.725251e+04	2.718005e-04
	93	64	-3.750000	57.500000	1.000194e+05	3.592170e-04
	137	117	7.250000	44.250000	1.022424e+05	1.234623e-04
	281	153	43.250000	35.250000	1.010703e+05	9.158159e-05
2022	2	10	9	18
	217	0	27.250000	73.500000	9.748714e+04	5.177922e-05
	8	6	-25.000000	72.000000	1.000869e+05	-4.073150e-05
	187	8	19.750000	71.500000	9.748380e+04	2.553959e-04
	212	13	26.000000	70.250000	9.748380e+04	4.715758e-07
	9	14	-24.750000	70.000000	9.980343e+04	2.903154e-06
	39	17	-17.250000	69.250000	9.980343e+04	1.321179e-04
	211	28	25.750000	66.500000	9.782232e+04	2.549116e-04
	108	69	0.000000	56.250000	1.006441e+05	3.243281e-04
	137	117	7.250000	44.250000	1.022479e+05	1.051188e-04
2022	2	11	5	0
	220	0	28.000000	73.500000	9.779723e+04	-3.043390e-06
	204	9	24.000000	71.250000	9.779723e+04	1.640664e-04
	50	13	-14.500000	70.250000	9.959860e+04	1.599862e-04
	0	70	-27.000000	56.000000	9.971170e+04	1.467130e-04
	137	117	7.250000	44.250000	1.022117e+05	1.003204e-04
2022	2	11	3	6
	229	0	30.250000	73.500000	9.817730e+04	-3.775560e-05
	216	10	27.000000	71.000000	9.817730e+04	1.401482e-04
	71	14	-9.250000	70.000000	9.958762e+04	1.140234e-04
2022	2	11	8	12
	238	0	32.500000	73.500000	9.850229e+04	-4.363674e-05
	234	14	31.500000	70.000000	9.854267e+04	1.488610e-04
	99	16	-2.250000	69.500000	9.951117e+04	7.196198e-05
	124	18	4.000000	69.000000	9.951117e+04	1.189433e-04
	19	58	-22.250000	59.000000	9.878220e+04	2.430130e-04
	0	59	-27.000000	58.750000	9.894509e+04	5.348057e-05
	3	69	-26.250000	56.250000	9.884669e+04	1.398919e-04
	135	119	6.750000	43.750000	1.019958e+05	1.013958e-04
2022	2	11	7	18
	250	0	35.500000	73.500000	9.867047e+04	2.621725e-05
	245	15	34.250000	69.750000	9.871830e+04	1.182357e-04
	139	17	7.750000	69.250000	9.880807e+04	2.473989e-04
	13	56	-23.750000	59.500000	9.835371e+04	3.115938e-04
	26	64	-20.500000	57.500000	9.835371e+04	1.293178e-04
	285	78	44.250000	54.000000	1.001351e+05	1.741543e-04
	136	123	7.000000	42.750000	1.020192e+05	7.203320e-05
2022	2	12	6	0
	259	0	37.750000	73.500000	9.883120e+04	4.318011e-05
	252	15	36.000000	69.750000	9.881278e+04	8.186878e-05
	152	20	11.000000	68.500000	9.859070e+04	4.210532e-04
	41	59	-16.750000	58.750000	9.862225e+04	1.000498e-04
	15	60	-23.250000	58.500000	9.849151e+04	2.457337e-04
	136	126	7.000000	42.000000	1.020909e+05	1.003436e-04
2022	2	12	6	6
	176	0	17.000000	73.500000	9.886452e+04	5.602543e-07
	258	3	37.500000	72.750000	9.879357e+04	2.814710e-05
	257	16	37.250000	69.500000	9.878749e+04	6.323941e-05
	169	21	15.250000	68.250000	9.894273e+04	3.119725e-04
	51	50	-14.250000	61.000000	9.837449e+04	2.075407e-04
	22	63	-21.500000	57.750000	9.851033e+04	1.656030e-04
2022	2	12	3	12
	178	0	17.500000	73.500000	9.891255e+04	4.318709e-05
	261	15	38.250000	69.750000	9.885904e+04	8.712357e-05
	74	51	-8.500000	60.750000	9.845486e+04	1.453826e-04
2022	2	12	3	18
	271	5	40.750000	72.250000	9.889334e+04	3.339129e-05
	263	15	38.750000	69.750000	9.889334e+04	1.026416e-04
	84	50	-6.000000	61.000000	9.835979e+04	1.841465e-04
2022	2	13	6	0
	153	0	11.250000	73.500000	9.875005e+04	1.567899e-05
	185	0	19.250000	73.500000	9.875005e+04	5.499561e-05
	264	16	39.000000	69.500000	9.907426e+04	8.694123e-05
	39	36	-17.250000	64.500000	1.002650e+05	-2.113791e-05
	101	48	-1.750000	61.500000	9.846799e+04	1.624713e-04
	102	48	-1.500000	61.500000	9.846799e+04	1.588481e-04
2022	2	13	4	6
	185	0	19.250000	73.500000	9.874241e+04	3.774325e-05
	272	13	41.000000	70.250000	9.929458e+04	4.240856e-05
	40	36	-17.000000	64.500000	1.006024e+05	1.138408e-05
	128	44	5.000000	62.500000	9.849877e+04	2.046269e-04
2022	2	13	5	12
	197	0	22.250000	73.500000	9.890530e+04	6.559800e-05
	8	14	-25.000000	70.000000	9.968543e+04	4.318127e-05
	200	33	23.000000	65.250000	9.864832e+04	1.397930e-04
	175	41	16.750000	63.250000	9.870673e+04	8.655111e-05
	93	81	-3.750000	53.250000	9.877710e+04	1.679928e-04
2022	2	13	7	18
	206	0	24.500000	73.500000	9.910248e+04	7.490717e-05
	9	6	-24.750000	72.000000	9.979834e+04	-6.027358e-05
	1	17	-26.750000	69.250000	9.979834e+04	5.049773e-05
	157	22	12.250000	68.000000	9.951216e+04	2.017701e-04
	213	30	26.250000	66.000000	9.864185e+04	1.244182e-04
	204	39	24.000000	63.750000	9.864185e+04	-8.221526e-06
	111	75	0.750000	54.750000	9.860696e+04	1.849317e-04
2022	2	14	3	0
	9	6	-24.750000	72.000000	1.000106e+05	2.776006e-05
	229	29	30.250000	66.250000	9.880631e+04	8.142911e-05
	114	74	1.500000	55.000000	9.864245e+04	2.255240e-04
2022	2	14	6	6
	250	15	35.500000	69.750000	9.882258e+04	1.379638e-04
	251	24	35.750000	67.500000	9.882258e+04	8.016319e-05
	129	66	5.250000	57.000000	9.874280e+04	1.333849e-04
	121	75	3.250000	54.750000	9.874280e+04	2.604825e-04
	280	121	43.000000	43.250000	1.015707e+05	1.821480e-05
	271	131	40.750000	40.750000	1.014498e+05	3.725868e-05
2022	2	14	4	12
	260	14	38.000000	70.000000	9.851895e+04	1.477412e-04
	0	42	-27.000000	63.000000	9.769276e+04	1.152449e-04
	130	67	5.500000	56.750000	9.894509e+04	1.735942e-04
	278	120	42.500000	43.500000	1.014882e+05	1.350873e-05
2022	2	14	5	18
	264	12	39.000000	70.500000	9.835077e+04	1.872186e-04
	288	17	45.000000	69.250000	9.881788e+04	-4.644555e-05
	0	34	-27.000000	65.000000	9.722075e+04	3.337481e-05
	147	70	9.750000	56.000000	9.928517e+04	1.804158e-04
	279	120	42.750000	43.500000	1.017044e+05	-1.458789e-05
2022	2	15	4	0
	6	7	-25.500000	71.750000	9.859266e+04	8.183159e-06
	285	19	44.250000	68.750000	9.851778e+04	1.782088e-04
	152	66	11.000000	57.000000	9.966230e+04	1.167248e-04
	280	121	43.000000	43.250000	1.018132e+05	-5.117842e-05
2022	2	15	6	6
	288	16	45.000000	69.500000	9.868655e+04	6.166506e-05
	0	32	-27.000000	65.500000	9.709334e+04	-1.871245e-05
	177	64	17.250000	57.500000	1.000775e+05	9.805557e-05
	156	67	12.000000	56.750000	1.000775e+05	9.990179e-05
	160	111	13.000000	45.750000	1.007725e+05	1.090948e-04
	279	121	42.750000	43.250000	1.020174e+05	-3.732059e-05
2022	2	15	3	12
	170	114	15.500000	45.000000	1.007939e+05	4.691253e-05
	278	120	42.500000	43.500000	1.017540e+05	-2.578530e-05
	163	123	13.750000	42.750000	1.007939e+05	3.543233e-05
2022	2	15	4	18
	29	11	-19.750000	70.750000	9.706492e+04	2.379978e-04
	52	39	-14.000000	63.750000	9.601370e+04	3.664341e-04
	200	57	23.000000	59.250000	1.007619e+05	8.651065e-05
	278	120	42.500000	43.500000	1.021115e+05	-2.338738e-05
2022	2	16	4	0
	63	26	-11.250000	67.000000	9.568675e+04	4.715508e-04
	204	56	24.000000	59.500000	1.009915e+05	5.411046e-05
	280	121	43.000000	43.250000	1.020345e+05	-1.533941e-05
	152	126	11.000000	42.000000	1.009940e+05	9.936635e-05
2022	2	16	8	6
	46	10	-15.500000	71.000000	9.511105e+04	2.788010e-04
	95	55	-3.250000	59.750000	9.743716e+04	3.454845e-04
	215	56	26.750000	59.500000	1.011740e+05	4.441227e-05
	280	121	43.000000	43.250000	1.020737e+05	-1.412441e-05
	178	124	17.500000	42.500000	1.011957e+05	4.193313e-05
	151	127	10.750000	41.750000	1.010575e+05	5.253187e-05
	159	134	12.750000	40.000000	1.010575e+05	6.299219e-05
	147	136	9.750000	39.500000	1.010575e+05	1.995792e-04
2022	2	16	3	12
	36	7	-18.000000	71.750000	9.480684e+04	3.812824e-04
	5	10	-25.750000	71.000000	9.480684e+04	2.591499e-05
	153	142	11.250000	38.000000	1.011318e+05	2.183794e-04
2022	2	16	6	18
	27	2	-20.250000	73.000000	9.529864e+04	4.420654e-04
	0	15	-27.000000	69.750000	9.564304e+04	-5.250368e-05
	0	31	-27.000000	65.750000	9.544409e+04	6.275447e-05
	143	60	8.750000	58.500000	9.973777e+04	1.520161e-04
	156	146	12.000000	37.000000	1.012671e+05	1.845062e-04
	185	155	19.250000	34.750000	1.011783e+05	1.147272e-04
2022	2	17	5	0
	89	5	-4.750000	72.250000	9.714078e+04	2.038927e-04
	0	34	-27.000000	65.000000	9.510341e+04	1.563024e-04
	244	55	34.000000	59.750000	1.012486e+05	6.449188e-05
	155	58	11.750000	59.000000	1.001790e+05	9.865516e-05
	188	151	20.000000	35.750000	1.008809e+05	1.896177e-04
2022	2	17	7	6
	0	32	-27.000000	65.500000	9.508891e+04	1.769533e-04
	170	58	15.500000	59.000000	1.003417e+05	6.193778e-05
	0	93	-27.000000	50.250000	9.967916e+04	4.343682e-05
	19	93	-22.250000	50.250000	9.886394e+04	1.982452e-04
	11	101	-24.250000	48.250000	9.886394e+04	4.537533e-04
	137	113	7.250000	45.250000	1.021877e+05	-2.235369e-05
	189	146	20.250000	37.000000	1.004568e+05	2.150451e-04
2022	2	17	4	12
	22	0	-21.500000	73.500000	9.733445e+04	3.143310e-05
	188	58	20.000000	59.000000	1.004036e+05	1.098443e-04
	32	82	-19.000000	53.000000	9.768237e+04	3.981659e-04
	180	143	18.000000	37.750000	1.005781e+05	2.761453e-04
2022	2	17	2	18
	54	66	-13.500000	57.000000	9.615052e+04	6.147868e-04
	173	150	16.250000	36.000000	1.006416e+05	2.928803e-04
2022	2	18	5	0
	0	37	-27.000000	64.250000	9.628891e+04	3.459963e-05
	0	38	-27.000000	64.000000	9.628891e+04	3.612957e-05
	4	46	-26.000000	62.000000	9.628891e+04	2.662327e-04
	78	55	-7.500000	59.750000	9.554229e+04	2.827882e-04
	167	156	14.750000	34.500000	1.007862e+05	3.051411e-04
2022	2	18	3	6
	36	34	-18.000000	65.000000	9.636260e+04	-7.477764e-05
	0	39	-27.000000	63.750000	9.580534e+04	1.236858e-04
	103	45	-1.250000	62.250000	9.507323e+04	2.386492e-04
2022	2	18	2	12
	8	35	-25.000000	64.750000	9.557208e+04	3.909469e-04
	120	36	3.000000	64.500000	9.507009e+04	3.829183e-04
2022	2	18	2	18
	135	29	6.750000	66.250000	9.503912e+04	3.636619e-04
	14	33	-23.500000	65.250000	9.608309e+04	3.000105e-04
2022	2	19	5	0
	154	23	11.500000	67.750000	9.501658e+04	3.802742e-04
	51	27	-14.250000	66.750000	9.683402e+04	1.223297e-04
	17	32	-22.750000	65.500000	9.672602e+04	1.950552e-04
	159	106	12.750000	47.000000	1.017595e+05	-1.507763e-05
	260	106	38.000000	47.000000	1.011277e+05	1.265254e-04
2022	2	19	5	6
	162	18	13.500000	69.000000	9.511556e+04	3.803181e-04
	262	106	38.500000	47.000000	1.012355e+05	1.350197e-04
	278	119	42.500000	43.750000	1.012426e+05	3.658796e-05
	282	141	43.500000	38.250000	1.011389e+05	-2.817585e-05
	224	149	29.000000	36.250000	1.008108e+05	1.278061e-04
2022	2	19	10	12
	179	14	17.750000	70.000000	9.558698e+04	2.528224e-04
	91	16	-4.250000	69.500000	9.589903e+04	1.403914e-04
	39	51	-17.250000	60.750000	9.587826e+04	2.142130e-04
	40	51	-17.000000	60.750000	9.587826e+04	2.220863e-04
	0	53	-27.000000	60.250000	9.604134e+04	9.822515e-05
	280	120	43.000000	43.500000	1.009989e+05	6.607189e-05
	275	133	41.750000	40.250000	1.009566e+05	1.353615e-05
	287	141	44.750000	38.250000	1.008180e+05	4.033246e-06
	272	148	41.000000	36.500000	1.007398e+05	1.288949e-04
	272	149	41.000000	36.250000	1.007398e+05	1.368186e-04
2022	2	19	6	18
	194	11	21.500000	70.750000	9.574732e+04	1.844481e-04
	288	14	45.000000	70.000000	9.838586e+04	5.723587e-05
	87	17	-5.250000	69.250000	9.551406e+04	1.105663e-04
	75	46	-8.250000	62.000000	9.507480e+04	2.512545e-04
	19	52	-22.250000	60.500000	9.578241e+04	3.411860e-04
	284	157	44.000000	34.250000	1.008519e+05	5.710334e-05
2022	2	20	3	0
	120	38	3.000000	64.000000	9.423233e+04	2.667452e-04
	49	51	-14.750000	60.750000	9.573438e+04	2.654585e-04
	287	154	44.750000	35.000000	1.007753e+05	1.161159e-04
