2022	2	10	7	0
	145	8	9.250000	71.500000	9.668061e+04	7.164359e-05
	148	22	10.000000	68.000000	9.650570e+04	4.732839e-04
	59	56	-12.250000	59.500000	9.850910e+04	5.025333e-04
	152	106	11.000000	47.000000	1.022575e+05	-4.318358e-05
	139	110	7.750000	46.000000	1.022575e+05	-7.786405e-05
	38	150	-17.500000	36.000000	1.020365e+05	6.299021e-05
	248	150	35.000000	36.000000	1.008016e+05	1.066984e-04
2022	2	10	7	6
	175	5	16.750000	72.250000	9.724895e+04	1.621370e-04
	177	5	17.250000	72.250000	9.724895e+04	1.416572e-04
	8	6	-25.000000	72.000000	1.003127e+05	-6.469224e-06
	166	22	14.500000	68.000000	9.672760e+04	4.020752e-04
	78	59	-7.500000	58.750000	9.894678e+04	4.953081e-04
	158	106	12.500000	47.000000	1.021870e+05	-4.259065e-05
	249	152	35.250000	35.500000	1.010638e+05	9.698132e-05
2022	2	10	7	12
	184	4	19.000000	72.500000	9.738107e+04	9.971419e-05
	16	21	-23.000000	68.250000	1.001701e+05	1.398021e-04
	187	27	19.750000	66.750000	9.757705e+04	1.715706e-04
	93	62	-3.750000	58.000000	9.986261e+04	4.088374e-04
	137	117	7.250000	44.250000	1.023153e+05	1.273206e-04
	284	139	44.000000	38.750000	1.009727e+05	1.674126e-05
	270	157	40.500000	34.250000	1.010216e+05	2.365984e-05
2022	2	10	8	18
	191	5	20.750000	72.250000	9.752500e+04	1.567037e-04
	38	9	-17.500000	71.250000	9.986071e+04	1.041850e-05
	39	17	-17.250000	69.250000	9.986071e+04	1.433875e-04
	207	30	24.750000	66.000000	9.813442e+04	1.633645e-04
	110	66	0.500000	57.000000	1.004168e+05	3.422341e-04
	136	119	7.000000	43.750000	1.023482e+05	8.553889e-05
	87	156	-5.250000	34.500000	1.021288e+05	-5.886754e-06
	276	158	42.000000	34.000000	1.013615e+05	-7.707899e-06
2022	2	11	4	0
	195	5	21.750000	72.250000	9.764574e+04	1.583632e-04
	56	13	-13.000000	70.250000	9.956105e+04	2.612790e-04
	124	72	4.000000	55.500000	1.008071e+05	3.389764e-04
	0	73	-27.000000	55.250000	9.992646e+04	1.522643e-04
2022	2	11	3	6
	206	6	24.500000	72.000000	9.779347e+04	1.551167e-04
	57	11	-12.750000	70.750000	9.943020e+04	2.094212e-04
	138	76	7.500000	54.500000	1.010882e+05	2.561782e-04
2022	2	11	6	12
	194	1	21.500000	73.250000	9.797680e+04	4.550468e-05
	213	7	26.250000	71.750000	9.797680e+04	2.338264e-04
	89	15	-4.750000	69.750000	9.967570e+04	1.091552e-04
	0	59	-27.000000	58.750000	9.908228e+04	4.745567e-05
	0	68	-27.000000	56.500000	9.908228e+04	8.482660e-05
	135	119	6.750000	43.750000	1.021376e+05	5.528579e-05
2022	2	11	5	18
	226	9	29.500000	71.250000	9.801831e+04	2.517354e-04
	147	21	9.750000	68.250000	9.914634e+04	1.612694e-04
	12	56	-24.000000	59.500000	9.887451e+04	1.174770e-04
	281	84	43.250000	52.500000	1.004931e+05	1.949187e-04
	132	122	6.000000	43.000000	1.022637e+05	8.787382e-05
2022	2	12	6	0
	149	0	10.250000	73.500000	9.870423e+04	1.423387e-04
	236	9	32.000000	71.250000	9.806488e+04	2.749377e-04
	156	23	12.000000	67.750000	9.899905e+04	3.340988e-04
	38	50	-17.500000	61.000000	9.860077e+04	2.302573e-04
	22	55	-21.500000	59.750000	9.860077e+04	1.859691e-04
	215	93	26.750000	50.250000	1.015697e+05	1.789138e-04
2022	2	12	5	6
	220	2	28.000000	73.000000	9.803306e+04	9.445274e-05
	240	8	33.000000	71.500000	9.803306e+04	2.359780e-04
	23	53	-21.250000	60.250000	9.825391e+04	3.281358e-04
	52	54	-14.000000	60.000000	9.833335e+04	1.078612e-04
	232	96	31.000000	49.500000	1.014958e+05	1.955602e-04
2022	2	12	5	12
	213	3	26.250000	72.750000	9.819554e+04	1.997102e-04
	8	7	-25.000000	71.750000	1.006181e+05	-2.278770e-05
	246	8	34.500000	71.500000	9.819554e+04	2.099639e-04
	57	51	-12.750000	60.750000	9.827709e+04	1.680741e-04
	249	100	35.250000	48.500000	1.014094e+05	1.539993e-04
2022	2	12	4	18
	220	4	28.000000	72.500000	9.826381e+04	8.674256e-05
	253	8	36.250000	71.500000	9.826381e+04	2.115420e-04
	60	53	-12.000000	60.250000	9.818542e+04	1.600817e-04
	273	102	41.250000	48.000000	1.014597e+05	9.695142e-05
2022	2	13	4	0
	215	5	26.750000	72.250000	9.858159e+04	1.034146e-04
	266	7	39.500000	71.750000	9.844862e+04	2.395774e-04
	87	47	-5.250000	61.750000	9.827941e+04	7.594460e-05
	88	47	-5.000000	61.750000	9.827941e+04	6.984100e-05
2022	2	13	5	6
	85	0	-5.750000	73.500000	9.950269e+04	1.074173e-04
	272	2	41.000000	73.000000	9.845473e+04	1.917848e-04
	219	5	27.750000	72.250000	9.863533e+04	9.706497e-05
	125	37	4.250000	64.250000	9.793508e+04	1.703829e-04
	86	102	-5.500000	48.000000	9.954609e+04	1.766762e-04
2022	2	13	4	12
	267	0	39.750000	73.500000	9.870297e+04	6.830983e-05
	145	3	9.250000	72.750000	9.875797e+04	1.330610e-04
	144	34	9.000000	65.000000	9.790937e+04	2.105976e-04
	103	93	-1.250000	50.250000	9.911241e+04	2.329888e-04
2022	2	13	2	18
	148	7	10.000000	71.750000	9.855988e+04	1.340468e-04
	157	32	12.250000	65.500000	9.802295e+04	2.425716e-04
2022	2	14	3	0
	152	10	11.000000	71.000000	9.839025e+04	2.611824e-04
	167	33	14.750000	65.250000	9.830512e+04	1.005042e-04
	113	56	1.250000	59.500000	9.824484e+04	1.820928e-04
2022	2	14	4	6
	189	12	20.250000	70.500000	9.839004e+04	1.093689e-04
	144	16	9.000000	69.500000	9.827435e+04	2.777581e-04
	149	59	10.250000	58.750000	9.778588e+04	2.603850e-04
	124	61	4.000000	58.250000	9.791885e+04	4.700197e-05
2022	2	14	4	12
	182	8	18.500000	71.500000	9.830048e+04	1.958998e-04
	155	18	11.750000	69.000000	9.818838e+04	3.352340e-04
	161	54	13.250000	60.000000	9.771044e+04	2.617665e-04
	137	120	7.250000	43.500000	1.008785e+05	1.627509e-04
2022	2	14	6	18
	6	7	-25.500000	71.750000	9.980698e+04	-4.794111e-06
	177	8	17.250000	71.500000	9.795320e+04	2.468980e-04
	163	19	13.750000	68.750000	9.795320e+04	3.273416e-04
	184	44	19.000000	62.500000	9.776523e+04	2.522931e-04
	0	50	-27.000000	61.000000	9.711892e+04	1.493196e-04
	144	120	9.000000	43.500000	1.009040e+05	1.476890e-04
2022	2	15	6	0
	181	5	18.250000	72.250000	9.769148e+04	3.163535e-04
	6	7	-25.500000	71.750000	9.972543e+04	1.854718e-05
	203	33	23.750000	65.250000	9.787734e+04	1.888562e-04
	193	42	21.250000	63.000000	9.787734e+04	3.069291e-04
	8	47	-25.000000	61.750000	9.712566e+04	2.696920e-04
	146	118	9.500000	44.000000	1.009346e+05	1.239961e-04
2022	2	15	5	6
	175	7	16.750000	71.750000	9.766913e+04	2.438184e-04
	215	23	26.750000	67.750000	9.774542e+04	1.332216e-04
	35	36	-18.250000	64.500000	9.724831e+04	-7.180285e-06
	18	44	-22.500000	62.500000	9.713747e+04	2.099631e-04
	146	118	9.500000	44.000000	1.009411e+05	1.107552e-04
2022	2	15	6	12
	227	8	29.750000	71.500000	9.753005e+04	1.618799e-04
	181	12	18.250000	70.500000	9.754102e+04	2.416510e-04
	226	21	29.500000	68.250000	9.753616e+04	7.923611e-05
	23	39	-21.250000	63.750000	9.751657e+04	2.126588e-04
	0	77	-27.000000	54.250000	9.904541e+04	1.009624e-04
	154	122	11.500000	43.000000	1.011200e+05	4.000147e-05
2022	2	15	7	18
	219	5	27.750000	72.250000	9.734019e+04	2.218320e-04
	23	30	-21.250000	66.000000	9.788281e+04	1.468401e-04
	0	67	-27.000000	56.750000	9.819870e+04	9.445078e-05
	123	69	3.750000	56.250000	9.947445e+04	2.255876e-04
	280	121	43.000000	43.250000	1.021756e+05	8.485609e-06
	166	124	14.500000	42.500000	1.011198e+05	9.176922e-05
	154	125	11.500000	42.250000	1.011198e+05	7.375596e-05
2022	2	16	7	0
	214	4	26.500000	72.500000	9.743755e+04	1.711169e-04
	6	7	-25.500000	71.750000	9.918617e+04	4.286912e-05
	128	70	5.000000	56.000000	9.980108e+04	1.891264e-04
	167	120	14.750000	43.500000	1.011556e+05	6.679168e-05
	280	121	43.000000	43.250000	1.021043e+05	-3.022903e-06
	154	126	11.500000	42.000000	1.011556e+05	8.425241e-05
	171	129	15.750000	41.250000	1.011556e+05	-5.539488e-06
2022	2	16	5	6
	221	7	28.250000	71.750000	9.766028e+04	2.015063e-04
	0	44	-27.000000	62.500000	9.496106e+04	1.272280e-04
	139	74	7.750000	55.000000	1.004250e+05	1.602745e-04
	162	118	13.500000	44.000000	1.010452e+05	5.682081e-05
	282	122	43.500000	43.000000	1.022693e+05	-2.789551e-05
2022	2	16	3	12
	230	9	30.500000	71.250000	9.796395e+04	1.901120e-04
	35	35	-18.250000	64.750000	9.446922e+04	8.492124e-05
	4	44	-26.000000	62.500000	9.419548e+04	2.873262e-04
2022	2	16	6	18
	240	2	33.000000	73.000000	9.830259e+04	4.003002e-05
	241	12	33.250000	70.500000	9.830259e+04	1.919588e-04
	42	26	-16.500000	67.000000	9.468859e+04	3.243174e-04
	0	34	-27.000000	65.000000	9.455541e+04	1.208185e-04
	188	119	20.000000	43.750000	1.011620e+05	3.806012e-05
	164	133	14.000000	40.250000	1.010606e+05	3.618903e-05
2022	2	17	9	0
	238	0	32.500000	73.500000	9.870782e+04	3.754215e-05
	239	0	32.750000	73.500000	9.870782e+04	3.709201e-05
	240	0	33.000000	73.500000	9.870782e+04	3.744958e-05
	245	8	34.250000	71.500000	9.856621e+04	4.555624e-05
	259	15	37.750000	69.750000	9.856621e+04	1.806569e-04
	35	23	-18.250000	67.750000	9.479670e+04	4.309457e-04
	0	30	-27.000000	66.000000	9.567923e+04	2.073775e-04
	158	141	12.500000	38.250000	1.010265e+05	1.219500e-04
	169	143	15.250000	37.750000	1.010265e+05	6.513836e-05
2022	2	17	7	6
	78	18	-7.500000	69.000000	9.570788e+04	2.721836e-04
	278	18	42.500000	69.000000	9.864607e+04	1.936224e-04
	32	22	-19.000000	68.000000	9.535027e+04	4.404538e-04
	0	26	-27.000000	67.000000	9.645576e+04	9.888657e-05
	134	115	6.500000	44.750000	1.020902e+05	6.866750e-05
	159	146	12.750000	37.000000	1.009203e+05	1.213226e-04
	171	147	15.750000	36.750000	1.009203e+05	1.229171e-04
2022	2	17	5	12
	61	15	-11.750000	69.750000	9.612365e+04	3.563720e-04
	98	15	-2.500000	69.750000	9.614830e+04	2.602071e-04
	288	16	45.000000	69.500000	9.889979e+04	-9.814882e-05
	21	22	-21.750000	68.000000	9.592262e+04	5.416925e-04
	156	150	12.000000	36.000000	1.011367e+05	1.519756e-04
2022	2	17	7	18
	5	0	-25.750000	73.500000	9.769042e+04	-1.077348e-04
	116	12	2.000000	70.500000	9.675268e+04	2.677972e-04
	38	15	-17.500000	69.750000	9.646966e+04	3.615651e-04
	0	27	-27.000000	66.750000	9.593779e+04	2.374178e-04
	57	35	-12.750000	64.750000	9.711218e+04	3.123704e-04
	0	42	-27.000000	63.000000	9.664099e+04	-2.449954e-05
	155	155	11.750000	34.750000	1.011093e+05	1.601198e-04
2022	2	18	5	0
	129	10	5.250000	71.000000	9.682495e+04	3.014467e-04
	14	20	-23.500000	68.500000	9.635398e+04	4.872694e-04
	77	28	-7.750000	66.500000	9.715748e+04	3.067486e-04
	0	45	-27.000000	62.250000	9.561305e+04	9.043053e-05
	154	159	11.500000	33.750000	1.011527e+05	1.422031e-04
2022	2	18	9	6
	140	8	8.000000	71.500000	9.665995e+04	3.878315e-04
	288	11	45.000000	70.750000	9.843071e+04	-5.607018e-06
	288	19	45.000000	68.750000	9.843071e+04	-1.437724e-05
	97	22	-2.750000	68.000000	9.712545e+04	2.988248e-04
	0	24	-27.000000	67.500000	9.563097e+04	1.087298e-04
	0	44	-27.000000	62.500000	9.428947e+04	2.577154e-04
	155	153	11.750000	35.250000	1.011270e+05	1.399650e-04
	154	162	11.500000	33.000000	1.011270e+05	5.751134e-05
	169	162	15.250000	33.000000	1.011344e+05	5.438238e-05
2022	2	18	8	12
	147	5	9.750000	72.250000	9.667429e+04	3.375688e-04
	108	18	0.000000	69.000000	9.706666e+04	3.313320e-04
	288	18	45.000000	69.000000	9.830848e+04	-5.229936e-05
	12	39	-24.000000	63.750000	9.467700e+04	4.485155e-04
	2	89	-26.500000	51.250000	9.985692e+04	2.516345e-04
	160	156	13.000000	34.500000	1.011938e+05	8.282212e-05
	153	162	11.250000	33.000000	1.011938e+05	9.394318e-05
	168	162	15.000000	33.000000	1.011948e+05	4.841554e-05
2022	2	18	7	18
	152	1	11.000000	73.250000	9.641593e+04	3.593106e-04
	127	15	4.750000	69.750000	9.675668e+04	3.612592e-04
	147	31	9.750000	65.750000	9.767546e+04	3.396719e-04
	17	34	-22.750000	65.000000	9.512964e+04	4.272520e-04
	32	78	-19.000000	54.000000	9.873711e+04	4.152584e-04
	163	162	13.750000	33.000000	1.010952e+05	3.193977e-05
	164	162	14.000000	33.000000	1.010952e+05	1.454222e-05
2022	2	19	6	0
	146	0	9.500000	73.500000	9.613756e+04	3.578057e-04
	147	10	9.750000	71.000000	9.613756e+04	2.508271e-04
	11	32	-24.250000	65.500000	9.568302e+04	4.171610e-04
	57	64	-12.750000	57.500000	9.807795e+04	4.810960e-04
	57	73	-12.750000	55.250000	9.807795e+04	4.965558e-04
	164	162	14.000000	33.000000	1.009826e+05	2.212543e-05
2022	2	19	9	6
	146	0	9.500000	73.500000	9.591524e+04	2.935545e-04
	9	34	-24.750000	65.000000	9.586066e+04	3.167854e-04
	41	35	-16.750000	64.750000	9.592915e+04	1.081797e-05
	77	49	-7.750000	61.250000	9.740636e+04	4.508650e-04
	170	103	15.500000	47.750000	1.021762e+05	2.917323e-05
	157	105	12.250000	47.250000	1.021770e+05	-2.895648e-05
	276	155	42.000000	34.750000	1.018757e+05	-1.114517e-05
	81	161	-6.750000	33.250000	1.016787e+05	6.354181e-06
	162	162	13.500000	33.000000	1.005776e+05	1.114788e-04
2022	2	19	7	12
	158	0	12.500000	73.500000	9.618477e+04	2.824758e-04
	44	30	-16.000000	66.000000	9.647999e+04	1.613252e-05
	11	34	-24.250000	65.000000	9.633796e+04	2.686370e-04
	241	34	33.250000	65.000000	9.804466e+04	2.038206e-04
	91	38	-4.250000	64.000000	9.717814e+04	4.040030e-04
	34	39	-18.500000	63.750000	9.633796e+04	5.861350e-05
	156	162	12.000000	33.000000	1.004708e+05	2.839030e-04
2022	2	19	5	18
	164	0	14.000000	73.500000	9.682264e+04	6.914749e-05
	106	31	-0.500000	65.750000	9.692590e+04	3.755208e-04
	260	33	38.000000	65.250000	9.808280e+04	1.811620e-04
	288	39	45.000000	63.750000	9.866546e+04	1.005669e-04
	158	162	12.500000	33.000000	1.008497e+05	9.182753e-05
2022	2	20	6	0
	144	0	9.000000	73.500000	9.720153e+04	-2.191322e-05
	130	25	5.500000	67.250000	9.684666e+04	1.849552e-04
	284	37	44.000000	64.250000	9.835127e+04	1.157949e-04
	0	57	-27.000000	59.250000	9.466709e+04	9.481222e-05
	166	162	14.500000	33.000000	1.011183e+05	1.394304e-05
	180	162	18.000000	33.000000	1.011183e+05	6.540484e-06
