2022	2	10	6	0
	148	22	10.000000	68.000000	9.656940e+04	4.141909e-04
	60	55	-12.000000	59.750000	9.866106e+04	4.126198e-04
	152	106	11.000000	47.000000	1.022418e+05	-4.142969e-05
	139	110	7.750000	46.000000	1.022418e+05	-7.390707e-05
	247	151	34.750000	35.750000	1.007768e+05	1.028224e-04
	278	162	42.500000	33.000000	1.008527e+05	8.298422e-05
2022	2	10	9	6
	175	4	16.750000	72.500000	9.721409e+04	1.460519e-04
	8	6	-25.000000	72.000000	1.003329e+05	-1.211329e-05
	4	17	-26.000000	69.250000	1.003329e+05	3.625839e-05
	166	22	14.500000	68.000000	9.680755e+04	3.688908e-04
	4	25	-26.000000	67.250000	1.003452e+05	1.065284e-04
	76	59	-8.000000	58.750000	9.918559e+04	4.671162e-04
	152	106	11.000000	47.000000	1.021219e+05	-5.143494e-05
	139	110	7.750000	46.000000	1.021219e+05	-6.250413e-05
	250	152	35.500000	35.500000	1.010136e+05	1.109332e-04
2022	2	10	10	12
	178	4	17.500000	72.500000	9.735580e+04	2.318493e-04
	8	6	-25.000000	72.000000	1.002599e+05	-2.314741e-05
	192	16	21.000000	69.500000	9.737600e+04	2.077268e-05
	18	21	-22.500000	68.250000	1.001913e+05	1.395274e-04
	191	27	20.750000	66.750000	9.762945e+04	1.210433e-04
	92	63	-4.000000	57.750000	1.000390e+05	3.840548e-04
	137	117	7.250000	44.250000	1.022362e+05	1.205784e-04
	284	139	44.000000	38.750000	1.008946e+05	2.818848e-05
	271	147	40.750000	36.750000	1.009789e+05	6.923055e-05
	281	153	43.250000	35.250000	1.009789e+05	9.334039e-05
2022	2	10	8	18
	212	0	26.000000	73.500000	9.755241e+04	2.680267e-06
	190	6	20.500000	72.000000	9.755241e+04	1.743534e-04
	10	14	-24.500000	70.000000	9.978462e+04	-6.490954e-06
	37	17	-17.750000	69.250000	9.978462e+04	1.559726e-04
	110	69	0.500000	56.250000	1.005397e+05	2.666411e-04
	267	146	39.750000	37.000000	1.013408e+05	4.067997e-05
	277	151	42.250000	35.750000	1.013255e+05	4.847178e-05
	89	157	-4.750000	34.250000	1.020635e+05	-1.969043e-05
2022	2	11	4	0
	202	5	23.500000	72.250000	9.776293e+04	1.993479e-04
	49	14	-14.750000	70.000000	9.963525e+04	1.462329e-04
	0	72	-27.000000	55.500000	9.968798e+04	1.435274e-04
	137	117	7.250000	44.250000	1.021191e+05	9.598266e-05
2022	2	11	3	6
	215	6	26.750000	72.000000	9.800755e+04	2.121700e-04
	68	14	-10.000000	70.000000	9.961741e+04	1.070539e-04
	188	123	20.000000	42.750000	1.020907e+05	-1.258435e-05
2022	2	11	5	12
	232	7	31.000000	71.750000	9.827256e+04	1.852594e-04
	99	16	-2.250000	69.500000	9.948785e+04	9.487676e-05
	124	21	4.000000	68.250000	9.948785e+04	1.602990e-04
	10	57	-24.500000	59.250000	9.875946e+04	2.147769e-04
	136	118	7.000000	44.000000	1.019931e+05	1.008263e-04
2022	2	11	6	18
	242	6	33.500000	72.000000	9.837214e+04	2.456609e-04
	131	20	5.750000	68.500000	9.902545e+04	2.505019e-04
	30	53	-19.500000	60.250000	9.860814e+04	1.225198e-04
	2	57	-26.500000	59.250000	9.855326e+04	1.995791e-04
	16	62	-23.000000	58.000000	9.855326e+04	9.635381e-05
	17	62	-22.750000	58.000000	9.855326e+04	9.983772e-05
2022	2	12	6	0
	288	0	45.000000	73.500000	9.908426e+04	2.736723e-05
	253	6	36.250000	72.000000	9.847818e+04	1.742241e-04
	0	17	-27.000000	69.250000	1.008743e+05	3.656655e-05
	151	21	10.750000	68.250000	9.903173e+04	2.898058e-04
	36	57	-18.000000	59.250000	9.852072e+04	5.750269e-05
	227	88	29.750000	51.500000	1.009707e+05	2.146417e-04
2022	2	12	4	6
	259	4	37.750000	72.500000	9.850798e+04	1.819508e-04
	167	25	14.750000	67.250000	9.942944e+04	2.285951e-04
	53	53	-13.750000	60.250000	9.827198e+04	1.548114e-04
	244	91	34.000000	50.750000	1.008205e+05	2.454039e-04
2022	2	12	4	12
	266	2	39.500000	73.000000	9.869419e+04	1.337638e-04
	56	52	-13.000000	60.500000	9.828256e+04	1.736300e-04
	277	92	42.250000	50.500000	1.007745e+05	1.107290e-04
	263	93	38.750000	50.250000	1.007745e+05	2.059478e-04
2022	2	12	2	18
	272	0	41.000000	73.500000	9.879023e+04	1.408200e-04
	60	55	-12.000000	59.750000	9.825786e+04	1.576325e-04
2022	2	13	1	0
	71	57	-9.250000	59.250000	9.830471e+04	8.037953e-05
2022	2	13	1	6
	94	54	-3.500000	60.000000	9.803755e+04	1.219130e-04
2022	2	13	6	12
	176	0	17.000000	73.500000	9.912072e+04	1.616271e-05
	8	14	-25.000000	70.000000	9.959664e+04	8.200439e-05
	42	36	-16.500000	64.500000	1.001780e+05	1.475669e-05
	106	50	-0.500000	61.000000	9.799403e+04	1.856082e-04
	270	120	40.500000	43.500000	1.027185e+05	6.639145e-05
	227	144	29.750000	37.500000	1.017361e+05	1.703855e-05
2022	2	13	5	18
	191	0	20.750000	73.500000	9.921421e+04	6.459959e-05
	10	6	-24.500000	72.000000	9.960055e+04	-8.519165e-05
	1	17	-26.750000	69.250000	9.960055e+04	1.340226e-05
	221	30	28.250000	66.000000	9.900683e+04	1.215064e-04
	115	48	1.750000	61.500000	9.799089e+04	2.506923e-04
2022	2	14	1	0
	116	53	2.000000	60.250000	9.826864e+04	2.062229e-04
2022	2	14	4	6
	84	0	-6.000000	73.500000	1.001425e+05	9.626314e-05
	271	13	40.750000	70.250000	9.877377e+04	1.755648e-04
	185	51	19.250000	60.750000	9.878298e+04	1.095067e-04
	118	57	2.500000	59.250000	9.847015e+04	1.203387e-04
2022	2	14	4	12
	99	0	-2.250000	73.500000	1.000982e+05	6.884218e-05
	284	10	44.000000	71.000000	9.868321e+04	1.772161e-04
	211	44	25.750000	62.500000	9.891862e+04	1.040013e-04
	121	59	3.250000	58.750000	9.883512e+04	9.358666e-05
2022	2	14	7	18
	288	5	45.000000	72.250000	9.861755e+04	1.180876e-04
	6	7	-25.500000	71.750000	9.956743e+04	1.867406e-05
	229	40	30.250000	63.500000	9.904055e+04	1.234278e-04
	151	60	10.750000	58.500000	9.924538e+04	8.062908e-05
	130	64	5.500000	57.500000	9.924538e+04	1.670940e-04
	136	120	7.000000	43.500000	1.009685e+05	1.564153e-04
	132	131	6.000000	40.750000	1.009685e+05	1.204482e-04
2022	2	15	7	0
	0	35	-27.000000	64.750000	9.705159e+04	1.263564e-04
	24	35	-21.000000	64.750000	9.705159e+04	3.393665e-05
	251	39	35.750000	63.750000	9.936220e+04	6.751825e-05
	252	39	36.000000	63.750000	9.936220e+04	7.542144e-05
	150	61	10.500000	58.250000	9.963466e+04	9.526071e-05
	138	66	7.500000	57.000000	9.963466e+04	1.295961e-04
	136	122	7.000000	43.000000	1.010056e+05	1.519499e-04
2022	2	15	7	6
	266	11	39.500000	70.750000	9.925675e+04	2.841844e-05
	0	30	-27.000000	66.000000	9.691850e+04	1.252163e-04
	268	38	40.000000	64.000000	9.955920e+04	7.994452e-05
	172	63	16.000000	57.750000	1.000418e+05	5.988697e-05
	154	65	11.500000	57.250000	1.000418e+05	8.087135e-05
	280	121	43.000000	43.250000	1.020954e+05	2.783022e-05
	146	125	9.500000	42.250000	1.010144e+05	1.103267e-04
2022	2	15	6	12
	6	7	-25.500000	71.750000	9.848348e+04	2.384159e-05
	279	14	42.750000	70.000000	9.973580e+04	4.370113e-05
	0	28	-27.000000	66.500000	9.721919e+04	1.037028e-04
	285	37	44.250000	64.250000	9.975795e+04	7.089813e-05
	0	61	-27.000000	58.250000	9.629851e+04	1.583023e-04
	146	126	9.500000	42.000000	1.011514e+05	1.708215e-04
2022	2	15	4	18
	6	7	-25.500000	71.750000	9.775077e+04	-1.833838e-05
	16	50	-23.000000	61.000000	9.454124e+04	6.150572e-04
	280	121	43.000000	43.250000	1.022565e+05	-2.371236e-05
	147	128	9.750000	41.500000	1.014107e+05	1.193794e-04
2022	2	16	3	0
	33	41	-18.750000	63.250000	9.405238e+04	4.197737e-04
	281	121	43.250000	43.250000	1.021891e+05	-3.882016e-05
	154	129	11.500000	41.250000	1.016842e+05	9.385956e-05
2022	2	16	4	6
	248	8	35.000000	71.500000	1.004826e+05	5.463210e-05
	41	35	-16.750000	64.750000	9.382325e+04	2.735184e-04
	278	121	42.500000	43.250000	1.023542e+05	-2.590608e-05
	107	124	-0.250000	42.500000	1.027801e+05	9.398753e-05
2022	2	16	3	12
	258	10	37.500000	71.000000	1.005408e+05	9.728112e-05
	54	30	-13.500000	66.000000	9.391498e+04	2.650229e-04
	277	120	42.250000	43.500000	1.019811e+05	-4.270687e-05
2022	2	16	6	18
	259	12	37.750000	70.500000	1.003856e+05	1.208356e-04
	35	23	-18.250000	67.750000	9.391616e+04	3.285322e-04
	58	24	-12.500000	67.500000	9.391616e+04	3.023480e-04
	0	26	-27.000000	67.000000	9.549112e+04	-1.562556e-06
	0	35	-27.000000	64.750000	9.549112e+04	8.377947e-05
	175	144	16.750000	37.500000	1.021209e+05	5.759927e-05
2022	2	17	2	0
	36	23	-18.000000	67.750000	9.426487e+04	2.490030e-04
	177	49	17.250000	61.250000	9.797639e+04	1.733761e-04
2022	2	17	5	6
	0	26	-27.000000	67.000000	9.564774e+04	-9.037009e-05
	22	26	-21.500000	67.000000	9.440855e+04	3.039971e-04
	191	45	20.750000	62.250000	9.760122e+04	2.869380e-04
	137	113	7.250000	45.250000	1.024290e+05	2.742486e-06
	107	124	-0.250000	42.500000	1.029257e+05	4.803362e-05
2022	2	17	2	12
	7	30	-25.250000	66.000000	9.486447e+04	4.529555e-04
	206	45	24.500000	62.250000	9.768727e+04	1.840553e-04
2022	2	17	5	18
	288	14	45.000000	70.000000	1.000008e+05	-1.912147e-05
	0	34	-27.000000	65.000000	9.558286e+04	2.177762e-05
	5	46	-25.750000	62.000000	9.558541e+04	3.281242e-04
	222	46	28.500000	62.000000	9.770197e+04	1.735233e-04
	288	54	45.000000	60.000000	1.002607e+05	7.534931e-05
2022	2	18	4	0
	56	17	-13.000000	69.250000	9.641318e+04	1.768935e-04
	27	42	-20.250000	63.000000	9.593882e+04	2.490639e-04
	3	43	-26.250000	62.750000	9.593882e+04	1.563609e-04
	234	44	31.500000	62.500000	9.770354e+04	1.196619e-04
2022	2	18	4	6
	44	24	-16.000000	67.500000	9.632889e+04	1.247803e-04
	52	39	-14.000000	63.750000	9.599587e+04	2.330068e-04
	241	41	33.250000	63.250000	9.774038e+04	1.211007e-04
	288	43	45.000000	62.750000	9.918089e+04	8.907211e-05
2022	2	18	3	12
	73	36	-8.750000	64.500000	9.613052e+04	2.835919e-04
	249	38	35.250000	64.000000	9.786485e+04	8.964499e-05
	155	62	11.750000	58.000000	9.786877e+04	3.060207e-04
2022	2	18	3	18
	96	33	-3.000000	65.250000	9.620755e+04	2.280494e-04
	59	45	-12.250000	62.250000	9.700651e+04	2.721755e-04
	170	59	15.500000	58.750000	9.737070e+04	3.560630e-04
2022	2	19	8	0
	6	7	-25.500000	71.750000	9.913581e+04	-2.985871e-05
	115	20	1.750000	68.500000	9.627616e+04	1.315387e-04
	118	29	2.500000	66.250000	9.627616e+04	1.869612e-04
	269	30	40.250000	66.000000	9.794326e+04	9.430343e-05
	88	43	-5.000000	62.750000	9.669759e+04	2.232455e-04
	192	66	21.000000	57.000000	9.768433e+04	2.952247e-04
	211	70	25.750000	56.000000	9.768433e+04	2.469937e-04
	283	150	43.750000	36.000000	1.012259e+05	8.390139e-05
2022	2	19	7	6
	106	20	-0.500000	68.500000	9.620540e+04	3.369581e-04
	134	26	6.500000	67.000000	9.620403e+04	1.651391e-04
	69	44	-9.750000	62.500000	9.728759e+04	1.956643e-04
	243	78	33.750000	54.000000	9.811752e+04	2.337047e-04
	150	109	10.500000	46.250000	1.017792e+05	7.242671e-06
	137	117	7.250000	44.250000	1.017875e+05	9.590234e-05
	116	124	2.000000	42.500000	1.021632e+05	-4.549779e-06
2022	2	19	6	12
	269	18	40.250000	69.000000	9.803441e+04	7.644742e-05
	144	22	9.000000	68.000000	9.628361e+04	2.318792e-04
	108	25	0.000000	67.250000	9.634320e+04	1.703442e-04
	84	43	-6.000000	62.750000	9.722997e+04	1.558513e-04
	91	59	-4.250000	58.750000	9.718762e+04	2.176598e-04
	255	80	36.750000	53.500000	9.819180e+04	1.980782e-04
2022	2	19	4	18
	151	21	10.750000	68.250000	9.649041e+04	2.208974e-04
	121	27	3.250000	66.750000	9.649295e+04	1.538797e-04
	113	54	1.250000	60.000000	9.678541e+04	1.912250e-04
	271	82	40.750000	53.000000	9.856580e+04	1.972887e-04
2022	2	20	7	0
	157	21	12.250000	68.250000	9.677031e+04	2.589866e-04
	120	52	3.000000	60.500000	9.684970e+04	3.563887e-04
	141	62	8.250000	58.000000	9.695104e+04	1.926915e-04
	275	86	41.750000	52.000000	9.904113e+04	1.805792e-04
	137	117	7.250000	44.250000	1.011549e+05	1.709780e-04
	282	121	43.500000	43.250000	1.001843e+05	-7.770333e-05
	287	130	44.750000	41.000000	1.002837e+05	-1.584394e-05
