2022	2	10	6	0
	165	6	14.250000	72.000000	9.686478e+04	5.549807e-05
	148	23	10.000000	67.750000	9.658409e+04	4.542822e-04
	58	56	-12.500000	59.500000	9.858939e+04	4.883134e-04
	152	106	11.000000	47.000000	1.022394e+05	-3.840553e-05
	139	110	7.750000	46.000000	1.022394e+05	-7.033261e-05
	247	150	34.750000	36.000000	1.007812e+05	9.231346e-05
2022	2	10	5	6
	177	6	17.250000	72.000000	9.723904e+04	1.211275e-04
	165	24	14.250000	67.500000	9.697816e+04	3.017128e-04
	76	59	-8.000000	58.750000	9.912570e+04	5.228306e-04
	152	106	11.000000	47.000000	1.021952e+05	-4.354181e-05
	249	152	35.250000	35.500000	1.010330e+05	7.203326e-05
2022	2	10	9	12
	210	1	25.500000	73.250000	9.738191e+04	-1.628453e-05
	180	5	18.000000	72.250000	9.738191e+04	1.261970e-04
	22	19	-21.500000	68.750000	1.001555e+05	8.648570e-05
	190	29	20.500000	66.250000	9.767420e+04	1.768634e-04
	191	29	20.750000	66.250000	9.767420e+04	1.777445e-04
	93	64	-3.750000	57.500000	1.000499e+05	3.609028e-04
	137	117	7.250000	44.250000	1.022799e+05	1.202197e-04
	284	139	44.000000	38.750000	1.009664e+05	3.627734e-05
	270	152	40.500000	35.500000	1.010631e+05	6.274633e-05
2022	2	10	7	18
	215	0	26.750000	73.500000	9.760591e+04	2.164271e-05
	187	6	19.750000	72.000000	9.760591e+04	1.077434e-04
	40	16	-17.000000	69.500000	9.970204e+04	1.407065e-04
	211	30	25.750000	66.000000	9.808848e+04	1.594002e-04
	110	68	0.500000	56.500000	1.004280e+05	3.159140e-04
	137	117	7.250000	44.250000	1.023146e+05	9.742900e-05
	87	156	-5.250000	34.500000	1.021362e+05	7.547702e-06
2022	2	11	6	0
	221	0	28.250000	73.500000	9.785816e+04	1.942757e-06
	198	8	22.500000	71.500000	9.785816e+04	1.215232e-04
	54	14	-13.500000	70.000000	9.929997e+04	2.364070e-04
	123	73	3.750000	55.250000	1.007734e+05	3.090993e-04
	0	76	-27.000000	54.500000	9.985587e+04	1.637805e-04
	137	117	7.250000	44.250000	1.022063e+05	9.074534e-05
2022	2	11	5	6
	229	0	30.250000	73.500000	9.820102e+04	1.116848e-05
	202	10	23.500000	71.000000	9.822483e+04	1.888764e-04
	69	14	-9.750000	70.000000	9.918997e+04	1.797031e-04
	3	65	-26.250000	57.250000	9.923970e+04	1.549138e-04
	135	79	6.750000	53.750000	1.011790e+05	2.578587e-04
2022	2	11	7	12
	215	0	26.750000	73.500000	9.851331e+04	-1.479023e-05
	80	14	-7.000000	70.000000	9.941819e+04	9.233563e-05
	108	16	0.000000	69.500000	9.941819e+04	8.018514e-05
	221	16	28.250000	69.500000	9.859381e+04	1.702266e-04
	0	59	-27.000000	58.750000	9.879485e+04	1.326140e-04
	3	68	-26.250000	56.500000	9.879485e+04	1.041876e-04
	135	119	6.750000	43.750000	1.020807e+05	6.645863e-05
2022	2	11	6	18
	221	1	28.250000	73.250000	9.861046e+04	5.769006e-05
	127	17	4.750000	69.250000	9.916699e+04	9.660657e-05
	27	54	-20.250000	60.000000	9.890148e+04	1.356330e-04
	0	63	-27.000000	57.750000	9.877504e+04	1.289270e-04
	17	63	-22.750000	57.750000	9.877504e+04	9.840166e-05
	135	123	6.750000	42.750000	1.021393e+05	6.551240e-05
2022	2	12	6	0
	144	0	9.000000	73.500000	9.858728e+04	1.267580e-04
	225	3	29.250000	72.750000	9.864691e+04	1.601343e-04
	154	19	11.500000	68.750000	9.880791e+04	1.766348e-04
	43	52	-16.250000	60.500000	9.871182e+04	1.278597e-04
	22	55	-21.500000	59.750000	9.871182e+04	1.610014e-04
	228	92	30.000000	50.500000	1.013097e+05	1.563032e-04
2022	2	12	4	6
	156	0	12.000000	73.500000	9.849941e+04	1.315290e-04
	227	3	29.750000	72.750000	9.858391e+04	1.892035e-04
	160	21	13.000000	68.250000	9.886650e+04	2.649243e-04
	57	55	-12.750000	59.750000	9.842881e+04	1.255309e-04
2022	2	12	5	12
	226	1	29.500000	73.250000	9.867916e+04	1.392471e-04
	170	7	15.500000	71.750000	9.857464e+04	3.379701e-04
	249	15	35.250000	69.750000	9.870128e+04	1.813462e-04
	250	15	35.500000	69.750000	9.870128e+04	1.829614e-04
	64	53	-11.000000	60.250000	9.828952e+04	2.036866e-04
2022	2	12	3	18
	228	1	30.000000	73.250000	9.868590e+04	1.126479e-04
	186	7	19.500000	71.750000	9.842017e+04	2.421560e-04
	74	54	-8.500000	60.000000	9.813632e+04	1.738223e-04
2022	2	13	5	0
	96	0	-3.000000	73.500000	9.929322e+04	9.419420e-05
	228	0	30.000000	73.500000	9.835695e+04	8.640620e-05
	198	8	22.500000	71.500000	9.833103e+04	2.857087e-04
	97	48	-2.750000	61.500000	9.817257e+04	7.087227e-05
	45	105	-15.750000	47.250000	1.001838e+05	1.392918e-04
2022	2	13	6	6
	224	0	29.000000	73.500000	9.843703e+04	1.860434e-05
	163	2	13.750000	73.000000	9.867347e+04	2.171974e-04
	100	5	-2.000000	72.250000	9.911958e+04	2.752434e-04
	211	8	25.750000	71.500000	9.843703e+04	2.120098e-04
	131	34	5.750000	65.000000	9.762320e+04	2.329961e-04
	63	102	-11.250000	48.000000	9.928248e+04	2.153954e-04
2022	2	13	5	12
	157	2	12.250000	73.000000	9.841827e+04	2.556343e-04
	133	35	6.250000	64.750000	9.749950e+04	3.129440e-04
	21	41	-21.750000	63.250000	1.009685e+05	1.069890e-04
	163	41	13.750000	63.250000	9.753027e+04	4.822733e-05
	88	96	-5.000000	49.500000	9.884395e+04	2.070002e-04
2022	2	13	5	18
	147	4	9.750000	72.500000	9.801473e+04	3.428334e-04
	152	33	11.000000	65.250000	9.756441e+04	2.162247e-04
	178	36	17.500000	64.500000	9.756441e+04	7.707704e-05
	104	87	-1.000000	51.750000	9.873395e+04	2.926342e-04
	95	96	-3.250000	49.500000	9.873395e+04	2.110273e-04
2022	2	14	6	0
	140	7	8.000000	71.750000	9.804529e+04	4.133054e-04
	1	17	-26.750000	69.250000	9.987315e+04	2.196051e-05
	2	17	-26.500000	69.250000	9.987315e+04	3.887546e-05
	162	33	13.500000	65.250000	9.795488e+04	1.752557e-04
	198	33	22.500000	65.250000	9.815908e+04	8.101537e-05
	123	80	3.750000	53.500000	9.892192e+04	2.267469e-04
2022	2	14	9	6
	177	13	17.250000	70.250000	9.824695e+04	1.475584e-04
	140	15	8.000000	69.750000	9.820312e+04	3.390682e-04
	1	17	-26.750000	69.250000	9.984934e+04	1.129570e-05
	182	22	18.500000	68.000000	9.818879e+04	1.506180e-05
	202	30	23.500000	66.000000	9.818879e+04	6.610826e-05
	203	30	23.750000	66.000000	9.818879e+04	6.889535e-05
	179	36	17.750000	64.500000	9.818879e+04	1.056307e-04
	264	137	39.000000	39.250000	1.016631e+05	-2.647288e-05
	280	142	43.000000	38.000000	1.016580e+05	-1.200902e-05
2022	2	14	8	12
	175	14	16.750000	70.000000	9.832302e+04	1.813164e-04
	184	22	19.000000	68.000000	9.832302e+04	-5.397779e-05
	148	23	10.000000	67.750000	9.838309e+04	2.697372e-04
	203	26	23.750000	67.000000	9.833820e+04	4.597914e-05
	0	43	-27.000000	62.750000	9.817889e+04	1.161903e-04
	288	47	45.000000	61.750000	1.004512e+05	6.822307e-05
	162	66	13.500000	57.000000	9.886797e+04	2.224107e-04
	121	111	3.250000	45.750000	1.003112e+05	1.011785e-04
2022	2	14	6	18
	6	7	-25.500000	71.750000	9.960025e+04	4.498359e-06
	176	15	17.000000	69.750000	9.841069e+04	1.401555e-04
	207	24	24.750000	67.500000	9.840753e+04	8.179109e-05
	0	34	-27.000000	65.000000	9.739034e+04	1.343861e-04
	184	62	19.000000	58.000000	9.894510e+04	1.903791e-04
	121	106	3.250000	47.000000	1.004978e+05	2.182426e-04
2022	2	15	3	0
	221	25	28.250000	67.250000	9.853586e+04	5.137435e-05
	0	30	-27.000000	66.000000	9.754333e+04	1.267860e-04
	23	30	-21.250000	66.000000	9.754333e+04	8.254425e-05
2022	2	15	7	6
	222	22	28.500000	68.000000	9.867600e+04	9.306578e-05
	23	24	-21.250000	67.500000	9.750034e+04	2.777728e-04
	0	29	-27.000000	66.250000	9.775364e+04	1.398847e-04
	288	37	45.000000	64.250000	1.001401e+05	-3.491146e-05
	277	121	42.250000	43.250000	1.021282e+05	-5.937197e-05
	130	122	5.500000	43.000000	1.010981e+05	1.520927e-04
	133	122	6.250000	43.000000	1.010981e+05	8.800987e-05
2022	2	15	3	12
	19	22	-22.250000	68.000000	9.744850e+04	2.903100e-04
	0	33	-27.000000	65.250000	9.767588e+04	5.295214e-06
	0	72	-27.000000	55.500000	9.811314e+04	1.201004e-04
2022	2	15	4	18
	272	36	41.000000	64.500000	9.902791e+04	1.708708e-04
	0	59	-27.000000	58.750000	9.531003e+04	1.557701e-04
	278	120	42.500000	43.500000	1.019939e+05	-6.207330e-05
	143	153	8.750000	35.250000	1.015986e+05	3.858794e-05
2022	2	16	3	0
	282	32	43.500000	65.500000	9.899778e+04	1.613111e-04
	12	48	-24.000000	61.500000	9.412004e+04	4.139045e-04
	281	121	43.250000	43.250000	1.020835e+05	-2.971985e-05
2022	2	16	3	6
	274	28	41.500000	66.500000	9.896174e+04	1.094954e-04
	53	38	-13.750000	64.000000	9.414280e+04	3.346335e-04
	278	120	42.500000	43.500000	1.022202e+05	-5.380100e-05
2022	2	16	3	12
	282	28	43.500000	66.500000	9.916931e+04	1.175466e-04
	66	33	-10.500000	65.250000	9.431159e+04	3.076062e-04
	0	94	-27.000000	50.000000	1.000312e+05	1.110518e-04
2022	2	16	5	18
	288	27	45.000000	66.750000	9.925592e+04	1.508367e-04
	87	29	-5.250000	66.250000	9.493345e+04	2.111813e-04
	0	30	-27.000000	66.000000	9.697184e+04	1.048600e-04
	16	84	-23.000000	52.500000	9.920514e+04	1.800449e-04
	142	162	8.500000	33.000000	1.017767e+05	1.530559e-05
2022	2	17	5	0
	123	25	3.750000	67.250000	9.555216e+04	1.990636e-04
	288	25	45.000000	67.250000	9.939163e+04	9.050505e-05
	95	26	-3.250000	67.000000	9.555216e+04	2.394069e-04
	44	70	-16.000000	56.000000	9.867684e+04	1.894747e-04
	106	146	-0.500000	37.000000	1.022752e+05	1.767560e-04
2022	2	17	7	6
	144	21	9.000000	68.250000	9.572685e+04	2.839009e-04
	288	23	45.000000	67.750000	9.940786e+04	1.023436e-04
	112	24	1.000000	67.500000	9.574898e+04	1.735206e-04
	69	59	-9.750000	58.750000	9.828236e+04	3.059937e-04
	99	150	-2.250000	36.000000	1.019937e+05	1.528485e-04
	123	158	3.750000	34.000000	1.013988e+05	-1.341634e-05
	134	162	6.500000	33.000000	1.013988e+05	7.279356e-05
2022	2	17	5	12
	150	19	10.500000	68.750000	9.589416e+04	2.141549e-04
	127	151	4.750000	35.750000	1.009219e+05	-5.432097e-05
	91	152	-4.250000	35.500000	1.019602e+05	9.342047e-05
	89	162	-4.750000	33.000000	1.019602e+05	-4.959275e-06
	130	162	5.500000	33.000000	1.009219e+05	1.327565e-04
2022	2	17	2	18
	160	13	13.000000	70.250000	9.571821e+04	2.489521e-04
	123	162	3.750000	33.000000	1.004154e+05	1.388765e-04
2022	2	18	2	0
	159	12	12.750000	70.500000	9.577152e+04	2.225882e-04
	121	161	3.250000	33.250000	1.005626e+05	1.878036e-04
2022	2	18	3	6
	162	11	13.500000	70.750000	9.596729e+04	1.964737e-04
	286	159	44.500000	33.750000	1.010237e+05	7.679307e-05
	135	161	6.750000	33.250000	1.006495e+05	1.398787e-04
2022	2	18	6	12
	160	9	13.000000	71.250000	9.627284e+04	2.323283e-04
	256	52	37.000000	60.500000	9.831207e+04	1.995740e-04
	0	63	-27.000000	57.750000	9.937498e+04	1.190101e-04
	286	151	44.500000	35.750000	1.006366e+05	-6.546004e-06
	131	157	5.750000	34.250000	1.007236e+05	9.079664e-05
	287	159	44.750000	33.750000	1.006366e+05	5.832013e-05
2022	2	18	6	18
	164	8	14.000000	71.500000	9.639402e+04	2.789527e-04
	21	52	-21.750000	60.500000	9.913180e+04	1.727617e-04
	279	57	42.750000	59.250000	9.850995e+04	1.776992e-04
	126	145	4.500000	37.250000	1.008400e+05	1.605329e-04
	129	157	5.250000	34.250000	1.008136e+05	1.050119e-04
	281	159	43.250000	33.750000	1.008471e+05	9.033603e-05
2022	2	19	7	0
	164	7	14.000000	71.750000	9.655333e+04	2.360393e-04
	48	43	-15.000000	62.750000	9.906479e+04	2.134597e-04
	132	143	6.000000	37.750000	1.009708e+05	8.276071e-05
	121	144	3.250000	37.500000	1.009708e+05	1.769123e-04
	287	153	44.750000	35.250000	1.009192e+05	6.960351e-05
	134	158	6.500000	34.000000	1.010543e+05	1.248476e-04
	283	162	43.750000	33.000000	1.009192e+05	2.322417e-05
2022	2	19	9	6
	164	8	14.000000	71.500000	9.679609e+04	2.799676e-04
	76	37	-8.000000	64.250000	9.920071e+04	2.184260e-04
	0	47	-27.000000	61.750000	9.827582e+04	1.092265e-04
	121	146	3.250000	37.000000	1.009919e+05	1.526798e-04
	285	149	44.250000	36.250000	1.015215e+05	-9.052953e-05
	36	152	-18.000000	35.500000	1.019621e+05	1.441874e-04
	134	156	6.500000	34.500000	1.011398e+05	8.182183e-05
	263	156	38.750000	34.500000	1.016707e+05	2.346844e-05
	285	162	44.250000	33.000000	1.014842e+05	-2.462303e-05
2022	2	19	6	12
	171	10	15.750000	71.000000	9.733977e+04	2.446660e-04
	277	25	42.250000	67.250000	9.814264e+04	1.043184e-04
	128	37	5.000000	64.250000	9.969002e+04	1.634454e-04
	0	39	-27.000000	63.750000	9.712503e+04	7.444411e-05
	139	151	7.750000	35.750000	1.012703e+05	3.159372e-05
	34	154	-18.500000	35.000000	1.019840e+05	1.518255e-04
2022	2	19	8	18
	188	12	20.000000	70.500000	9.786280e+04	2.252544e-04
	280	26	43.000000	67.000000	9.829859e+04	7.190002e-05
	0	31	-27.000000	65.750000	9.617486e+04	1.321780e-04
	154	37	11.500000	64.250000	9.978717e+04	1.907870e-04
	0	41	-27.000000	63.250000	9.617486e+04	9.158404e-05
	145	150	9.250000	36.000000	1.013579e+05	6.508208e-05
	34	156	-18.500000	34.500000	1.017737e+05	1.586876e-04
	133	161	6.250000	33.250000	1.013653e+05	6.563467e-05
2022	2	20	4	0
	192	12	21.000000	70.500000	9.861299e+04	2.509663e-04
	285	29	44.250000	66.250000	9.860604e+04	1.352944e-04
	0	32	-27.000000	65.500000	9.568344e+04	2.269323e-04
	148	151	10.000000	35.750000	1.015484e+05	8.728393e-05
