2022	2	10	7	0
	163	5	13.750000	72.250000	9.683421e+04	9.638737e-05
	150	22	10.500000	68.000000	9.646865e+04	4.238307e-04
	59	56	-12.250000	59.500000	9.859991e+04	5.128550e-04
	152	106	11.000000	47.000000	1.022507e+05	-4.333812e-05
	139	110	7.750000	46.000000	1.022507e+05	-8.230138e-05
	282	140	43.500000	38.500000	1.008837e+05	1.577371e-05
	248	156	35.000000	34.500000	1.007278e+05	1.566322e-04
2022	2	10	5	6
	177	5	17.250000	72.250000	9.715273e+04	1.481487e-04
	8	6	-25.000000	72.000000	1.003250e+05	-1.883020e-05
	169	21	15.250000	68.250000	9.674346e+04	3.303498e-04
	78	58	-7.500000	59.000000	9.905329e+04	4.638649e-04
	152	106	11.000000	47.000000	1.020584e+05	-4.582582e-05
2022	2	10	10	12
	183	4	18.750000	72.500000	9.728975e+04	1.710355e-04
	8	6	-25.000000	72.000000	1.002331e+05	-3.197144e-05
	206	8	24.500000	71.500000	9.728975e+04	8.668059e-06
	21	20	-21.750000	68.500000	1.002002e+05	1.082716e-04
	184	25	19.000000	67.250000	9.753987e+04	1.687151e-04
	93	62	-3.750000	58.000000	9.981637e+04	3.916770e-04
	137	117	7.250000	44.250000	1.022134e+05	1.312528e-04
	283	139	43.750000	38.750000	1.009336e+05	1.978325e-05
	272	147	41.000000	36.750000	1.009336e+05	8.198423e-05
	268	156	40.000000	34.500000	1.009974e+05	4.196072e-05
2022	2	10	7	18
	192	5	21.000000	72.250000	9.752458e+04	2.075327e-04
	8	6	-25.000000	72.000000	9.996123e+04	-4.408220e-05
	9	14	-24.750000	70.000000	9.977854e+04	4.475424e-06
	40	15	-17.000000	69.750000	9.977854e+04	1.590410e-04
	108	66	0.000000	57.000000	1.003981e+05	3.508626e-04
	136	119	7.000000	43.750000	1.022050e+05	1.072932e-04
	89	157	-4.750000	34.250000	1.021966e+05	-1.049157e-05
2022	2	11	4	0
	206	6	24.500000	72.000000	9.779272e+04	1.927490e-04
	48	12	-15.000000	70.500000	9.948962e+04	1.549952e-04
	121	72	3.250000	55.500000	1.009127e+05	3.108605e-04
	0	73	-27.000000	55.250000	9.976442e+04	1.196227e-04
2022	2	11	5	6
	224	7	29.000000	71.750000	9.809204e+04	1.788280e-04
	61	13	-11.750000	70.250000	9.945433e+04	1.783950e-04
	96	17	-3.000000	69.250000	9.946707e+04	7.464402e-05
	9	65	-24.750000	57.250000	9.916580e+04	2.050821e-04
	137	117	7.250000	44.250000	1.020264e+05	1.059653e-04
2022	2	11	5	12
	240	8	33.000000	71.500000	9.843153e+04	1.484426e-04
	103	15	-1.250000	69.750000	9.949609e+04	1.281080e-04
	72	16	-9.000000	69.500000	9.949609e+04	1.486957e-04
	7	60	-25.250000	58.500000	9.879984e+04	2.317626e-04
	135	119	6.750000	43.750000	1.019121e+05	1.348648e-04
2022	2	11	7	18
	246	0	34.500000	73.500000	9.858991e+04	2.028196e-05
	252	9	36.000000	71.250000	9.858991e+04	1.230021e-04
	127	16	4.750000	69.500000	9.871909e+04	2.075422e-04
	42	57	-16.500000	59.250000	9.901271e+04	1.940527e-04
	4	61	-26.000000	58.250000	9.870772e+04	2.390677e-04
	21	68	-21.750000	56.500000	9.870772e+04	1.617333e-04
	284	81	44.000000	53.250000	1.004368e+05	1.396263e-04
2022	2	12	6	0
	253	0	36.250000	73.500000	9.867361e+04	2.877509e-05
	262	9	38.500000	71.250000	9.867361e+04	1.535458e-04
	146	17	9.500000	69.250000	9.889471e+04	9.011792e-05
	132	24	6.000000	67.500000	9.889471e+04	3.065177e-04
	37	55	-17.750000	59.750000	9.871673e+04	1.904534e-04
	11	63	-24.250000	57.750000	9.885335e+04	1.726169e-04
2022	2	12	5	6
	256	0	37.000000	73.500000	9.871458e+04	5.727831e-05
	270	7	40.500000	71.750000	9.871458e+04	1.314346e-04
	158	28	12.500000	66.500000	9.908523e+04	2.683782e-04
	32	57	-19.000000	59.250000	9.864519e+04	2.051469e-04
	57	58	-12.750000	59.000000	9.867753e+04	1.485856e-04
2022	2	12	4	12
	275	4	41.750000	72.500000	9.882866e+04	1.147264e-04
	209	32	25.250000	65.500000	9.970229e+04	1.616049e-04
	80	51	-7.000000	60.750000	9.858481e+04	1.814955e-04
	28	62	-20.000000	58.000000	9.875613e+04	1.792534e-04
2022	2	12	2	18
	278	1	42.500000	73.250000	9.884140e+04	9.157051e-05
	94	51	-3.500000	60.750000	9.854914e+04	1.746885e-04
2022	2	13	3	0
	188	0	20.000000	73.500000	9.860049e+04	1.040173e-04
	277	25	42.250000	67.250000	9.915326e+04	2.924823e-04
	104	50	-1.000000	61.000000	9.861774e+04	2.174518e-04
2022	2	13	3	6
	188	0	20.000000	73.500000	9.853346e+04	1.079749e-04
	281	28	43.250000	66.500000	9.937377e+04	2.212860e-04
	103	54	-1.250000	60.000000	9.859050e+04	1.514785e-04
2022	2	13	3	12
	197	2	22.250000	73.000000	9.865616e+04	2.008495e-04
	6	14	-25.500000	70.000000	9.973836e+04	7.718798e-05
	126	56	4.500000	59.500000	9.861480e+04	1.014009e-04
2022	2	13	2	18
	209	2	25.250000	73.000000	9.872634e+04	2.026294e-04
	139	57	7.750000	59.250000	9.870595e+04	1.150030e-04
2022	2	14	3	0
	220	0	28.000000	73.500000	9.892431e+04	1.569210e-04
	6	14	-25.500000	70.000000	9.971385e+04	7.373111e-05
	160	55	13.000000	59.750000	9.891098e+04	1.984947e-04
2022	2	14	4	6
	224	0	29.000000	73.500000	9.904231e+04	9.337319e-05
	258	33	37.500000	65.250000	9.903682e+04	1.061296e-04
	130	87	5.500000	51.750000	9.886590e+04	2.367281e-04
	280	121	43.000000	43.250000	1.015472e+05	4.827571e-06
2022	2	14	6	12
	234	0	31.500000	73.500000	9.921265e+04	9.743638e-05
	271	31	40.750000	65.750000	9.911797e+04	1.182372e-04
	256	40	37.000000	63.500000	9.911797e+04	3.083456e-05
	145	80	9.250000	53.500000	9.881552e+04	2.044497e-04
	136	120	7.000000	43.500000	1.007306e+05	1.582414e-04
	274	135	41.500000	39.750000	1.012139e+05	-2.081351e-05
2022	2	14	7	18
	240	0	33.000000	73.500000	9.937652e+04	5.042596e-05
	241	0	33.250000	73.500000	9.937652e+04	5.110387e-05
	288	28	45.000000	66.500000	9.917246e+04	1.407932e-04
	0	46	-27.000000	62.000000	9.730994e+04	2.100574e-04
	159	74	12.750000	55.000000	9.875103e+04	1.451755e-04
	146	119	9.500000	43.750000	1.005806e+05	1.591743e-04
	262	122	38.500000	43.000000	1.017330e+05	1.030208e-04
2022	2	15	8	0
	250	0	35.500000	73.500000	9.958998e+04	9.612815e-05
	6	7	-25.500000	71.750000	9.915090e+04	3.001795e-05
	288	22	45.000000	68.000000	9.968073e+04	1.358988e-05
	0	37	-27.000000	64.250000	9.702768e+04	2.200746e-04
	18	44	-22.500000	62.500000	9.702768e+04	3.196398e-04
	170	69	15.500000	56.250000	9.878965e+04	1.775443e-04
	157	118	12.250000	44.000000	1.003307e+05	1.009855e-04
	281	121	43.250000	43.250000	1.017622e+05	-2.095514e-05
2022	2	15	5	6
	6	7	-25.500000	71.750000	9.884453e+04	3.969684e-05
	176	64	17.000000	57.500000	9.866184e+04	2.368665e-04
	161	113	13.250000	45.250000	1.002000e+05	1.646640e-04
	281	121	43.250000	43.250000	1.018680e+05	-1.120849e-05
	164	124	14.000000	42.500000	1.002000e+05	-2.606143e-05
2022	2	15	7	12
	231	0	30.750000	73.500000	9.979834e+04	1.274460e-04
	6	7	-25.500000	71.750000	9.850034e+04	-1.220939e-05
	238	9	32.500000	71.250000	9.979834e+04	3.454302e-05
	177	61	17.250000	58.250000	9.880161e+04	2.149955e-04
	89	84	-4.750000	52.500000	9.956018e+04	2.565823e-04
	182	108	18.500000	46.500000	1.002890e+05	1.782607e-04
	183	108	18.750000	46.500000	1.002890e+05	1.509886e-04
2022	2	15	7	18
	234	6	31.500000	72.000000	1.001516e+05	1.489225e-04
	235	6	31.750000	72.000000	1.001516e+05	1.435873e-04
	176	60	17.000000	58.500000	9.895763e+04	2.522875e-04
	0	73	-27.000000	55.250000	9.723741e+04	1.151926e-04
	111	92	0.750000	50.500000	9.960566e+04	2.036435e-04
	187	101	19.750000	48.250000	1.001886e+05	2.060994e-04
	152	111	11.000000	45.750000	1.007957e+05	6.651016e-05
2022	2	16	10	0
	243	11	33.750000	70.750000	1.004313e+05	1.213304e-04
	276	16	42.000000	69.500000	1.004111e+05	9.456970e-05
	288	50	45.000000	61.000000	1.013686e+05	-2.333313e-05
	172	61	16.000000	58.250000	9.914796e+04	2.192929e-04
	0	63	-27.000000	57.750000	9.495111e+04	1.214259e-04
	202	91	23.500000	50.750000	1.001304e+05	1.627528e-04
	118	95	2.500000	49.750000	1.003601e+05	1.293270e-04
	132	97	6.000000	49.250000	1.003601e+05	1.356907e-04
	139	117	7.750000	44.250000	1.004916e+05	1.718096e-04
	281	121	43.250000	43.250000	1.017841e+05	-3.618441e-05
2022	2	16	6	6
	250	16	35.500000	69.500000	1.005971e+05	1.503082e-04
	288	48	45.000000	61.500000	1.012138e+05	2.009072e-04
	5	53	-25.750000	60.250000	9.433856e+04	5.809711e-04
	26	62	-20.500000	58.000000	9.435209e+04	3.882271e-04
	171	64	15.750000	57.500000	9.937788e+04	1.936292e-04
	147	119	9.750000	43.750000	1.002280e+05	1.940256e-04
2022	2	16	7	12
	0	45	-27.000000	62.250000	9.550328e+04	2.412957e-04
	19	46	-22.250000	62.000000	9.447656e+04	3.268984e-04
	288	47	45.000000	61.750000	1.011791e+05	2.094086e-04
	50	52	-14.500000	60.500000	9.436523e+04	3.894320e-04
	178	66	17.500000	57.000000	9.972424e+04	1.516625e-04
	149	123	10.250000	42.750000	1.004513e+05	2.137469e-04
	166	125	14.500000	42.250000	1.004532e+05	6.103930e-05
2022	2	16	7	18
	283	15	43.750000	69.750000	1.008705e+05	1.715157e-05
	50	44	-14.500000	62.500000	9.439620e+04	3.997486e-04
	288	47	45.000000	61.750000	1.011357e+05	1.571493e-05
	213	57	26.250000	59.250000	9.956626e+04	1.527656e-04
	189	63	20.250000	57.750000	9.961663e+04	9.998126e-05
	168	123	15.000000	42.750000	1.009252e+05	8.344550e-05
	156	134	12.000000	40.000000	1.008892e+05	1.414507e-04
2022	2	17	8	0
	0	38	-27.000000	64.000000	9.559109e+04	1.546966e-04
	26	40	-20.500000	63.500000	9.451851e+04	2.418500e-04
	47	40	-15.250000	63.500000	9.451851e+04	4.573197e-04
	288	46	45.000000	62.000000	1.009789e+05	2.123037e-06
	212	52	26.000000	60.500000	9.921461e+04	1.379232e-04
	240	103	33.000000	47.750000	1.007139e+05	1.413740e-04
	137	116	7.250000	44.500000	1.014288e+05	8.641168e-05
	172	143	16.000000	37.750000	1.011879e+05	6.028712e-05
2022	2	17	8	6
	55	35	-13.250000	64.750000	9.501580e+04	3.701104e-04
	288	43	45.000000	62.750000	1.006545e+05	1.037753e-05
	211	47	25.750000	61.750000	9.899409e+04	1.168596e-04
	148	70	10.000000	56.000000	9.869027e+04	2.123693e-04
	0	106	-27.000000	47.000000	9.927165e+04	1.397847e-04
	137	117	7.250000	44.250000	1.012453e+05	1.432881e-04
	281	121	43.250000	43.250000	1.011767e+05	1.210287e-05
	179	153	17.750000	35.250000	1.011685e+05	1.139869e-04
2022	2	17	6	12
	38	28	-17.500000	66.500000	9.569616e+04	3.031553e-04
	0	32	-27.000000	65.500000	9.629067e+04	1.666539e-04
	288	40	45.000000	63.500000	1.004726e+05	1.595844e-05
	203	47	23.750000	61.750000	9.901938e+04	9.587462e-05
	176	75	17.000000	54.750000	9.893646e+04	1.670234e-04
	32	89	-19.000000	51.250000	9.823042e+04	2.914721e-04
2022	2	17	7	18
	7	26	-25.250000	67.000000	9.595627e+04	5.564647e-04
	0	37	-27.000000	64.250000	9.617423e+04	8.498771e-06
	288	40	45.000000	63.500000	1.003156e+05	5.671155e-05
	209	46	25.250000	62.000000	9.933280e+04	2.357828e-05
	53	75	-13.750000	54.750000	9.682951e+04	3.752861e-04
	200	79	23.000000	53.750000	9.917129e+04	1.497232e-04
	155	129	11.750000	41.250000	1.013323e+05	1.452296e-04
2022	2	18	5	0
	207	45	24.750000	62.250000	9.971130e+04	1.221915e-06
	68	64	-10.000000	57.500000	9.605761e+04	4.931593e-04
	92	64	-4.000000	57.500000	9.614445e+04	1.189020e-04
	209	79	25.250000	53.750000	9.955018e+04	1.448842e-04
	136	117	7.000000	44.250000	1.017122e+05	6.379852e-05
2022	2	18	7	6
	0	42	-27.000000	63.000000	9.655784e+04	8.586387e-05
	214	48	26.500000	61.500000	9.991536e+04	6.800726e-05
	215	48	26.750000	61.500000	9.991536e+04	6.652110e-05
	10	49	-24.500000	61.250000	9.655784e+04	1.186248e-04
	86	59	-5.500000	58.750000	9.628498e+04	9.754689e-05
	216	80	27.000000	53.500000	9.994378e+04	8.863538e-05
	217	80	27.250000	53.500000	9.994378e+04	8.231660e-05
2022	2	18	10	12
	20	42	-22.000000	63.000000	9.698730e+04	2.152498e-04
	229	42	30.250000	63.000000	9.994417e+04	6.238882e-05
	1	45	-26.750000	62.250000	9.698730e+04	7.036349e-05
	214	48	26.500000	61.500000	9.994417e+04	8.198222e-05
	92	51	-4.000000	60.750000	9.658488e+04	3.158196e-04
	105	58	-0.750000	59.000000	9.658488e+04	1.888132e-04
	224	80	29.000000	53.500000	1.000955e+05	2.502667e-05
	137	117	7.250000	44.250000	1.014352e+05	1.441427e-04
	223	144	28.750000	37.500000	1.002746e+05	7.803197e-06
	258	162	37.500000	33.000000	1.003093e+05	1.614477e-05
2022	2	18	9	18
	14	39	-23.500000	63.750000	9.730955e+04	2.124717e-04
	39	41	-17.250000	63.250000	9.730955e+04	2.195816e-04
	90	44	-4.500000	62.500000	9.723409e+04	3.718520e-04
	212	49	26.000000	61.250000	9.999866e+04	7.943963e-05
	118	58	2.500000	59.000000	9.734581e+04	4.115930e-04
	119	59	2.750000	58.750000	9.734287e+04	4.180923e-04
	137	65	7.250000	57.250000	9.734287e+04	4.137044e-04
	224	152	29.000000	35.500000	1.003380e+05	7.558967e-05
	265	161	39.250000	33.250000	1.005745e+05	9.744732e-05
2022	2	19	6	0
	30	36	-19.500000	64.500000	9.773784e+04	1.246919e-04
	87	40	-5.250000	63.500000	9.750929e+04	3.228572e-04
	147	63	9.750000	57.750000	9.783879e+04	3.743919e-04
	163	121	13.750000	43.250000	1.013012e+05	-2.105259e-05
	233	156	31.250000	34.500000	1.003564e+05	1.072957e-04
	282	162	43.500000	33.000000	1.005702e+05	-1.451844e-05
2022	2	19	5	6
	32	30	-19.000000	66.000000	9.782624e+04	2.249629e-04
	88	36	-5.000000	64.500000	9.783722e+04	2.885237e-04
	156	64	12.000000	57.500000	9.828511e+04	3.481396e-04
	279	119	42.750000	43.750000	1.004699e+05	2.727643e-05
	172	132	16.000000	40.500000	1.011050e+05	1.015690e-04
2022	2	19	7	12
	46	30	-15.500000	66.000000	9.840546e+04	1.711905e-04
	96	33	-3.000000	65.250000	9.820847e+04	3.137189e-04
	288	35	45.000000	64.750000	1.004954e+05	-4.440164e-05
	167	65	14.750000	57.250000	9.881729e+04	2.273637e-04
	256	86	37.000000	52.000000	1.001557e+05	1.536336e-04
	183	136	18.750000	39.500000	1.008821e+05	1.401884e-04
	196	138	22.000000	39.000000	1.008821e+05	-1.784781e-05
2022	2	19	6	18
	98	27	-2.500000	66.750000	9.856502e+04	2.966887e-04
	62	28	-11.500000	66.500000	9.874084e+04	2.148319e-04
	173	68	16.250000	56.500000	9.940376e+04	2.429748e-04
	258	84	37.500000	52.500000	1.001614e+05	1.865130e-04
	189	139	20.250000	38.750000	1.006398e+05	1.465924e-04
	201	145	23.250000	37.250000	1.006398e+05	9.075012e-05
2022	2	20	8	0
	95	23	-3.250000	67.750000	9.878495e+04	3.169002e-04
	0	53	-27.000000	60.250000	9.664349e+04	7.044855e-06
	177	73	17.250000	55.250000	1.000518e+05	2.178269e-04
	266	77	39.500000	54.250000	1.001298e+05	1.205377e-04
	214	138	26.500000	39.000000	1.003413e+05	5.061400e-05
	194	142	21.500000	38.000000	1.003413e+05	1.492393e-04
	206	144	24.500000	37.500000	1.003413e+05	1.486760e-04
	208	152	25.000000	35.500000	1.003413e+05	4.296462e-05
