2022	2	14	9	0
	5	6	-25.750000	72.000000	9.979662e+04	-4.319332e-05
	222	10	28.500000	71.000000	9.838384e+04	1.364423e-04
	194	12	21.500000	70.500000	9.838384e+04	1.208427e-04
	1	17	-26.750000	69.250000	9.979662e+04	1.866000e-05
	220	20	28.000000	68.500000	9.838384e+04	1.061651e-04
	115	62	1.750000	58.000000	9.845883e+04	1.034423e-04
	116	62	2.000000	58.000000	9.845883e+04	1.046025e-04
	106	71	-0.500000	55.750000	9.845883e+04	7.413625e-05
	139	107	7.750000	46.750000	1.004859e+05	-1.459417e-04
2022	2	14	5	3
	58	5	-12.500000	72.250000	1.000919e+05	1.081088e-04
	220	8	28.000000	71.500000	9.810776e+04	1.511746e-04
	227	22	29.750000	68.000000	9.823987e+04	1.248856e-04
	122	64	3.500000	57.500000	9.838300e+04	1.470472e-04
	111	71	0.750000	55.750000	9.838300e+04	4.796991e-05
2022	2	14	3	6
	64	4	-11.000000	72.500000	1.000654e+05	1.139588e-04
	219	8	27.750000	71.500000	9.795945e+04	2.178083e-04
	115	71	1.750000	55.750000	9.837281e+04	7.272226e-05
2022	2	14	4	9
	68	3	-10.000000	72.750000	1.001143e+05	9.120552e-05
	225	8	29.250000	71.500000	9.798617e+04	1.798963e-04
	0	53	-27.000000	60.250000	9.809089e+04	1.066379e-04
	124	68	4.000000	56.500000	9.840371e+04	1.468270e-04
2022	2	14	4	12
	73	2	-8.750000	73.000000	1.001136e+05	5.723975e-05
	228	9	30.000000	71.250000	9.797214e+04	1.772086e-04
	0	49	-27.000000	61.250000	9.769489e+04	1.362001e-04
	131	64	5.750000	57.500000	9.830550e+04	1.740895e-04
2022	2	14	5	15
	85	0	-5.750000	73.500000	1.001266e+05	7.420945e-05
	234	6	31.500000	72.000000	9.803460e+04	1.156045e-04
	235	6	31.750000	72.000000	9.803460e+04	9.149257e-05
	1	45	-26.750000	62.250000	9.731777e+04	1.745558e-04
	133	62	6.250000	58.000000	9.820112e+04	2.355600e-04
2022	2	14	5	18
	232	8	31.000000	71.500000	9.800822e+04	2.908076e-04
	254	12	36.500000	70.500000	9.800822e+04	1.580242e-04
	288	12	45.000000	70.500000	9.905658e+04	9.621755e-05
	0	41	-27.000000	63.250000	9.704202e+04	1.305302e-04
	136	60	7.000000	58.500000	9.830233e+04	2.458589e-04
2022	2	14	6	21
	250	3	35.500000	72.750000	9.797681e+04	1.113022e-04
	257	12	37.250000	70.500000	9.797681e+04	1.706031e-04
	0	37	-27.000000	64.250000	9.726449e+04	1.149869e-04
	15	43	-23.250000	62.750000	9.726449e+04	1.729204e-04
	141	59	8.250000	58.750000	9.838617e+04	2.256929e-04
	138	121	7.500000	43.250000	1.010791e+05	1.153549e-04
2022	2	15	8	0
	242	4	33.500000	72.500000	9.804012e+04	1.213517e-04
	262	11	38.500000	70.750000	9.804012e+04	1.933848e-04
	7	38	-25.250000	64.000000	9.720938e+04	2.582358e-04
	28	38	-20.000000	64.000000	9.720938e+04	-3.964972e-05
	31	47	-19.250000	61.750000	9.739477e+04	1.615134e-04
	127	52	4.750000	60.500000	9.846801e+04	1.179993e-04
	149	55	10.250000	59.750000	9.846801e+04	3.020524e-04
	145	118	9.250000	44.000000	1.010743e+05	1.222974e-04
2022	2	15	8	3
	237	7	32.250000	71.750000	9.812947e+04	2.002487e-04
	269	12	40.250000	70.500000	9.812947e+04	2.346314e-04
	0	34	-27.000000	65.000000	9.711819e+04	1.156109e-04
	34	44	-18.500000	62.500000	9.754992e+04	2.321988e-04
	127	51	4.750000	60.750000	9.851093e+04	1.200874e-04
	152	52	11.000000	60.500000	9.847970e+04	3.134801e-04
	171	103	15.750000	47.750000	1.009975e+05	5.188543e-05
	146	117	9.500000	44.250000	1.009596e+05	9.283101e-05
2022	2	15	8	6
	6	7	-25.500000	71.750000	9.962509e+04	3.752216e-05
	276	9	42.000000	71.250000	9.813180e+04	2.175022e-04
	241	11	33.250000	70.750000	9.813180e+04	1.711647e-04
	27	39	-20.250000	63.750000	9.744670e+04	1.619048e-04
	127	48	4.750000	61.500000	9.863252e+04	1.740514e-04
	154	50	11.500000	61.000000	9.847987e+04	2.768221e-04
	138	54	7.500000	60.000000	9.847987e+04	1.617807e-05
	146	117	9.500000	44.250000	1.010289e+05	1.005886e-04
2022	2	15	7	9
	275	9	41.750000	71.250000	9.824154e+04	2.179638e-04
	24	35	-21.000000	64.750000	9.743819e+04	1.537775e-04
	59	47	-12.250000	61.750000	9.779877e+04	2.631706e-04
	127	47	4.750000	61.750000	9.864705e+04	1.952990e-04
	160	48	13.000000	61.500000	9.854751e+04	2.672409e-04
	6	83	-25.500000	52.750000	9.860580e+04	2.012968e-04
	157	118	12.250000	44.000000	1.011272e+05	2.903076e-05
2022	2	15	8	12
	279	10	42.750000	71.000000	9.838417e+04	2.397679e-04
	0	33	-27.000000	65.250000	9.754341e+04	3.403825e-07
	35	36	-18.250000	64.500000	9.770308e+04	1.263134e-04
	53	43	-13.750000	62.750000	9.776404e+04	2.697967e-04
	138	44	7.500000	62.500000	9.862451e+04	-5.747296e-06
	165	46	14.250000	62.000000	9.861064e+04	2.366999e-04
	14	80	-23.500000	53.500000	9.837782e+04	2.271400e-04
	161	115	13.250000	44.750000	1.011558e+05	7.921381e-05
2022	2	15	6	15
	285	9	44.250000	71.250000	9.845431e+04	2.348521e-04
	0	38	-27.000000	64.000000	9.753205e+04	4.508449e-06
	46	39	-15.500000	63.750000	9.770424e+04	2.575096e-04
	168	44	15.000000	62.500000	9.862250e+04	2.001965e-04
	25	77	-20.750000	54.250000	9.802692e+04	2.536557e-04
	162	119	13.500000	43.750000	1.011633e+05	-4.442431e-05
2022	2	15	4	18
	285	8	44.250000	71.500000	9.854968e+04	2.310449e-04
	40	36	-17.000000	64.500000	9.778491e+04	2.344787e-04
	171	42	15.750000	63.000000	9.860430e+04	1.740505e-04
	36	75	-18.000000	54.750000	9.790667e+04	2.689761e-04
2022	2	15	4	21
	283	7	43.750000	71.750000	9.869348e+04	2.692007e-04
	128	58	5.000000	59.000000	9.831034e+04	1.876403e-04
	50	73	-14.500000	55.250000	9.784287e+04	2.587144e-04
	186	113	19.500000	45.250000	1.014279e+05	7.771433e-06
2022	2	16	3	0
	284	9	44.000000	71.250000	9.879970e+04	2.229722e-04
	285	9	44.250000	71.250000	9.879970e+04	2.028341e-04
	67	72	-10.250000	55.500000	9.784504e+04	2.611717e-04
2022	2	16	5	3
	288	9	45.000000	71.250000	9.884930e+04	1.410729e-04
	138	38	7.500000	64.000000	9.816855e+04	1.560538e-04
	79	71	-7.250000	55.750000	9.791168e+04	2.461387e-04
	15	75	-23.250000	54.750000	9.808755e+04	1.403166e-04
	173	124	16.250000	42.500000	1.014791e+05	4.438680e-05
2022	2	16	4	6
	288	8	45.000000	71.500000	9.892045e+04	1.158756e-04
	137	37	7.250000	64.250000	9.803444e+04	1.770579e-04
	87	49	-5.250000	61.250000	9.814233e+04	1.167836e-04
	106	75	-0.500000	54.750000	9.809223e+04	1.742418e-04
2022	2	16	6	9
	134	36	6.500000	64.500000	9.794324e+04	1.850306e-04
	52	67	-14.000000	56.750000	9.759669e+04	1.746889e-04
	37	70	-17.750000	56.000000	9.759669e+04	1.525126e-04
	122	75	3.500000	54.750000	9.810726e+04	2.099221e-04
	137	116	7.250000	44.500000	1.011817e+05	8.716302e-05
	184	134	19.000000	40.000000	1.015135e+05	9.759431e-05
2022	2	16	6	12
	131	36	5.750000	64.500000	9.789431e+04	1.547282e-04
	164	51	14.000000	60.750000	9.803477e+04	9.875056e-05
	46	55	-15.500000	59.750000	9.724962e+04	1.539852e-04
	61	65	-11.750000	57.250000	9.715192e+04	2.698467e-04
	138	76	7.500000	54.500000	9.808204e+04	2.175534e-04
	137	116	7.250000	44.500000	1.011311e+05	8.832882e-05
2022	2	16	4	15
	127	37	4.750000	64.250000	9.777456e+04	1.466543e-04
	180	46	18.000000	62.000000	9.784655e+04	1.228022e-04
	69	64	-9.750000	57.500000	9.692979e+04	3.422530e-04
	160	76	13.000000	54.500000	9.792655e+04	2.338991e-04
2022	2	16	5	18
	126	37	4.500000	64.250000	9.767284e+04	1.484310e-04
	181	45	18.250000	62.250000	9.771927e+04	1.205377e-04
	49	54	-14.750000	60.000000	9.781731e+04	1.718560e-04
	79	65	-7.250000	57.250000	9.707527e+04	3.187220e-04
	171	75	15.750000	54.750000	9.777857e+04	2.516691e-04
2022	2	16	7	21
	288	6	45.000000	72.000000	9.895202e+04	1.072149e-04
	125	38	4.250000	64.000000	9.764395e+04	1.521573e-04
	184	44	19.000000	62.500000	9.760654e+04	1.510530e-04
	56	56	-13.000000	59.500000	9.808555e+04	1.737988e-04
	118	73	2.500000	55.250000	9.736988e+04	2.272073e-04
	183	74	18.750000	55.000000	9.771243e+04	1.902038e-04
	138	117	7.500000	44.250000	1.009801e+05	9.254909e-05
2022	2	17	7	0
	286	4	44.500000	72.500000	9.895370e+04	1.966343e-04
	127	39	4.750000	63.750000	9.765113e+04	1.507352e-04
	128	39	5.000000	63.750000	9.765113e+04	1.438843e-04
	184	44	19.000000	62.500000	9.755277e+04	1.387083e-04
	193	72	21.250000	55.500000	9.762491e+04	1.597463e-04
	132	75	6.000000	54.750000	9.719184e+04	2.534306e-04
	286	152	44.500000	35.500000	1.014578e+05	1.181049e-05
2022	2	17	5	3
	280	4	43.000000	72.500000	9.895503e+04	1.976481e-04
	129	40	5.250000	63.500000	9.768137e+04	1.519850e-04
	144	76	9.000000	54.500000	9.697956e+04	2.842442e-04
	159	78	12.750000	54.000000	9.697956e+04	2.875724e-04
	0	115	-27.000000	44.750000	1.010279e+05	9.384921e-05
2022	2	17	7	6
	275	5	41.750000	72.250000	9.900046e+04	1.525282e-04
	132	40	6.000000	63.500000	9.775302e+04	1.216502e-04
	209	61	25.250000	58.250000	9.737372e+04	4.286482e-05
	210	61	25.500000	58.250000	9.737372e+04	5.207102e-05
	169	78	15.250000	54.000000	9.698858e+04	2.931421e-04
	0	109	-27.000000	46.250000	9.983052e+04	1.235914e-04
	280	121	43.000000	43.250000	1.015005e+05	-9.441588e-06
2022	2	17	6	9
	277	6	42.250000	72.000000	9.904104e+04	1.282711e-04
	134	40	6.500000	63.500000	9.785823e+04	1.308729e-04
	218	56	27.500000	59.500000	9.731326e+04	4.610108e-05
	191	78	20.750000	54.000000	9.705005e+04	1.705849e-04
	177	79	17.250000	53.750000	9.705005e+04	3.084371e-04
	5	104	-25.750000	47.500000	9.905741e+04	3.437216e-04
2022	2	17	5	12
	138	39	7.500000	63.750000	9.799152e+04	1.019502e-04
	224	52	29.000000	60.500000	9.728253e+04	8.480418e-05
	199	77	22.750000	54.250000	9.701998e+04	1.374870e-04
	10	98	-24.500000	49.000000	9.829114e+04	3.479973e-04
	0	103	-27.000000	47.750000	9.870150e+04	2.379606e-04
2022	2	17	6	15
	288	23	45.000000	67.750000	9.892262e+04	8.779582e-05
	229	47	30.250000	61.750000	9.732812e+04	1.174174e-04
	16	48	-23.000000	61.500000	9.922910e+04	1.554715e-04
	230	48	30.500000	61.500000	9.732812e+04	1.167200e-04
	207	76	24.750000	54.500000	9.707109e+04	1.526304e-04
	14	96	-23.500000	49.500000	9.781932e+04	5.597974e-04
2022	2	17	5	18
	232	44	31.000000	62.500000	9.744520e+04	1.153253e-04
	233	44	31.250000	62.500000	9.744520e+04	1.139342e-04
	13	45	-23.750000	62.250000	9.889657e+04	1.635926e-04
	212	75	26.000000	54.750000	9.719552e+04	2.137947e-04
	27	92	-20.250000	50.500000	9.782667e+04	4.529701e-04
2022	2	17	7	21
	142	21	8.500000	68.250000	9.842977e+04	1.234801e-04
	239	41	32.750000	63.250000	9.758316e+04	1.291073e-04
	8	43	-25.000000	62.750000	9.862501e+04	2.241754e-04
	76	48	-8.000000	61.500000	9.939378e+04	1.718056e-04
	218	73	27.500000	55.250000	9.744838e+04	2.150561e-04
	45	79	-15.750000	53.750000	9.744036e+04	3.876422e-04
	54	87	-13.500000	51.750000	9.744036e+04	-3.741313e-05
2022	2	18	9	0
	141	22	8.250000	68.000000	9.846434e+04	1.208556e-04
	288	28	45.000000	66.500000	9.875277e+04	2.629073e-05
	246	37	34.500000	64.250000	9.771594e+04	1.205028e-04
	3	41	-26.250000	63.250000	9.848738e+04	2.378153e-04
	82	48	-6.500000	61.500000	9.932330e+04	1.848719e-04
	0	54	-27.000000	60.000000	9.884764e+04	2.707219e-05
	225	70	29.250000	56.000000	9.771961e+04	1.751639e-04
	49	73	-14.750000	55.250000	9.673221e+04	5.158325e-04
	68	82	-10.000000	53.000000	9.680737e+04	7.378051e-07
2022	2	18	4	3
	142	23	8.500000	67.750000	9.845381e+04	1.166052e-04
	143	23	8.750000	67.750000	9.845381e+04	1.147868e-04
	250	33	35.500000	65.250000	9.781698e+04	1.320444e-04
	58	75	-12.500000	54.750000	9.617889e+04	3.606617e-04
2022	2	18	4	6
	144	23	9.000000	67.750000	9.842175e+04	1.311659e-04
	252	31	36.000000	65.750000	9.791152e+04	1.618779e-04
	70	72	-9.500000	55.500000	9.590164e+04	3.732227e-04
	140	122	8.000000	43.000000	1.012973e+05	1.032134e-04
2022	2	18	9	9
	6	7	-25.500000	71.750000	1.003615e+05	-1.239929e-05
	144	22	9.000000	68.000000	9.840321e+04	1.216556e-04
	253	29	36.250000	66.250000	9.799569e+04	1.752966e-04
	35	43	-18.250000	62.750000	9.876446e+04	2.026038e-04
	91	65	-4.250000	57.250000	9.605129e+04	2.194596e-04
	78	69	-7.500000	56.250000	9.605129e+04	3.222199e-04
	141	107	8.250000	46.750000	1.013405e+05	-4.138569e-05
	134	119	6.500000	43.750000	1.015364e+05	8.236687e-05
	117	124	2.250000	42.500000	1.016133e+05	6.712432e-05
2022	2	18	7	12
	2	6	-26.500000	72.000000	1.004819e+05	7.196005e-06
	142	21	8.500000	68.250000	9.835745e+04	1.230082e-04
	258	26	37.500000	67.000000	9.811059e+04	1.515836e-04
	34	42	-18.500000	63.000000	9.873490e+04	2.252294e-04
	100	63	-2.000000	57.750000	9.611041e+04	3.441650e-04
	88	70	-5.000000	56.000000	9.611041e+04	2.737987e-04
	218	147	27.500000	36.750000	1.004381e+05	1.859847e-04
2022	2	18	6	15
	6	7	-25.500000	71.750000	1.003359e+05	-9.378577e-06
	137	22	7.250000	68.000000	9.823018e+04	1.307445e-04
	260	25	38.000000	67.250000	9.819861e+04	1.291877e-04
	34	41	-18.500000	63.250000	9.879553e+04	1.929620e-04
	108	61	0.000000	58.250000	9.593638e+04	2.965808e-04
	221	148	28.250000	36.500000	1.003099e+05	2.115383e-04
2022	2	18	7	18
	6	7	-25.500000	71.750000	1.003840e+05	-8.256930e-07
	272	20	41.000000	68.500000	9.819945e+04	1.389378e-04
	134	23	6.500000	67.750000	9.813598e+04	1.403794e-04
	131	55	5.750000	59.750000	9.614732e+04	1.273259e-05
	0	60	-27.000000	58.500000	9.846150e+04	3.750513e-05
	115	62	1.750000	58.000000	9.614732e+04	1.983153e-04
	223	150	28.750000	36.000000	1.002917e+05	1.899140e-04
2022	2	18	7	21
	6	7	-25.500000	71.750000	1.003606e+05	-3.506970e-06
	272	18	41.000000	69.000000	9.814901e+04	1.906754e-04
	131	24	5.750000	67.500000	9.806133e+04	1.354245e-04
	0	57	-27.000000	59.250000	9.820245e+04	1.243923e-04
	147	57	9.750000	59.250000	9.650106e+04	2.176478e-04
	127	63	4.750000	57.750000	9.649689e+04	1.350245e-04
	224	153	29.000000	35.250000	1.002631e+05	1.771925e-04
2022	2	19	8	0
	6	7	-25.500000	71.750000	1.003583e+05	3.458581e-07
	276	16	42.000000	69.500000	9.812880e+04	1.633202e-04
	130	26	5.500000	67.000000	9.807052e+04	1.421592e-04
	2	54	-26.500000	60.000000	9.825573e+04	1.452183e-04
	18	59	-22.500000	58.750000	9.825573e+04	2.175420e-04
	137	64	7.250000	57.500000	9.675059e+04	1.862738e-04
	224	148	29.000000	36.500000	1.002274e+05	5.949320e-07
	224	156	29.000000	34.500000	1.002274e+05	1.957241e-04
2022	2	19	8	3
	278	15	42.500000	69.750000	9.807535e+04	1.558879e-04
	131	28	5.750000	66.500000	9.808521e+04	1.433435e-04
	3	51	-26.250000	60.750000	9.827277e+04	1.525188e-04
	26	58	-20.500000	59.000000	9.830400e+04	1.986100e-04
	149	64	10.250000	57.500000	9.708077e+04	1.773528e-04
	136	117	7.000000	44.250000	1.014073e+05	7.708910e-05
	116	143	2.000000	37.750000	1.011064e+05	1.687185e-05
	232	159	31.000000	33.750000	1.002609e+05	1.903564e-04
2022	2	19	11	6
	281	14	43.250000	70.000000	9.807052e+04	1.620566e-04
	135	31	6.750000	65.750000	9.817173e+04	1.651193e-04
	4	48	-26.000000	61.500000	9.824104e+04	1.120321e-04
	184	54	19.000000	60.000000	9.738925e+04	1.319163e-04
	28	56	-20.000000	59.500000	9.823052e+04	1.788619e-04
	45	57	-15.750000	59.250000	9.823052e+04	2.466021e-04
	169	64	15.250000	57.500000	9.738892e+04	1.648482e-04
	203	112	23.750000	45.500000	1.010843e+05	-1.795268e-05
	136	117	7.000000	44.250000	1.014153e+05	5.851345e-05
	280	146	43.000000	37.000000	1.010255e+05	-5.422047e-06
	227	162	29.750000	33.000000	1.004882e+05	5.915244e-05
2022	2	19	11	9
	285	13	44.250000	70.250000	9.817373e+04	1.335743e-04
	141	24	8.250000	67.500000	9.831185e+04	1.643436e-04
	163	26	13.750000	67.000000	9.831185e+04	-2.404525e-05
	138	32	7.500000	65.500000	9.831185e+04	2.186718e-04
	1	45	-26.750000	62.250000	9.804379e+04	1.154501e-04
	31	55	-19.250000	59.750000	9.831486e+04	1.364410e-04
	49	56	-14.750000	59.500000	9.831486e+04	2.412482e-04
	185	61	19.250000	58.250000	9.755510e+04	6.351074e-05
	121	140	3.250000	38.500000	1.013455e+05	4.619302e-05
	283	146	43.750000	37.000000	1.011536e+05	-2.053122e-05
	225	162	29.250000	33.000000	1.009038e+05	1.444858e-05
2022	2	19	6	12
	287	13	44.750000	70.250000	9.826425e+04	1.051469e-04
	152	15	11.000000	69.750000	9.834091e+04	1.720913e-04
	143	23	8.750000	67.750000	9.834091e+04	1.438665e-04
	196	58	22.000000	59.000000	9.770475e+04	8.145323e-05
	0	59	-27.000000	58.750000	9.762007e+04	1.042395e-04
	128	148	5.000000	36.500000	1.013998e+05	-5.132448e-05
2022	2	19	7	15
	288	14	45.000000	70.000000	9.833573e+04	9.081738e-05
	154	15	11.500000	69.750000	9.834893e+04	2.059075e-04
	0	54	-27.000000	60.000000	9.693547e+04	1.182870e-04
	204	57	24.000000	59.250000	9.791134e+04	1.257643e-04
	96	144	-3.000000	37.500000	1.014885e+05	4.664665e-05
	134	152	6.500000	35.500000	1.011615e+05	-4.985353e-05
	136	162	7.000000	33.000000	1.011615e+05	8.326889e-05
2022	2	19	4	18
	153	13	11.250000	70.250000	9.834659e+04	1.884868e-04
	212	56	26.000000	59.500000	9.813631e+04	1.229611e-04
	92	139	-4.000000	38.750000	1.018030e+05	3.230313e-05
	137	162	7.250000	33.000000	1.012188e+05	9.528676e-05
2022	2	19	7	21
	6	7	-25.500000	71.750000	9.966234e+04	7.735483e-06
	151	12	10.750000	70.500000	9.828162e+04	2.009272e-04
	0	53	-27.000000	60.250000	9.561304e+04	1.059533e-04
	224	58	29.000000	59.000000	9.831135e+04	1.162741e-04
	89	140	-4.750000	38.500000	1.020518e+05	3.495025e-05
	141	162	8.250000	33.000000	1.013966e+05	7.943319e-05
	152	162	11.000000	33.000000	1.013966e+05	-2.755592e-05
2022	2	20	6	0
	6	7	-25.500000	71.750000	9.952188e+04	3.016503e-06
	151	12	10.750000	70.500000	9.829899e+04	2.515074e-04
	5	51	-25.750000	60.750000	9.537721e+04	2.683802e-04
	234	58	31.500000	59.000000	9.846366e+04	1.165170e-04
	76	149	-8.000000	36.250000	1.021302e+05	8.063067e-05
	146	162	9.500000	33.000000	1.014502e+05	7.903190e-05
