2022	2	14	8	0
	6	6	-25.500000	72.000000	9.976620e+04	-3.994805e-05
	222	10	28.500000	71.000000	9.837645e+04	1.327499e-04
	194	12	21.500000	70.500000	9.837645e+04	1.167138e-04
	1	17	-26.750000	69.250000	9.976620e+04	7.081129e-06
	222	20	28.500000	68.500000	9.837645e+04	8.342291e-05
	104	71	-1.000000	55.750000	9.849817e+04	1.253482e-04
	105	71	-0.750000	55.750000	9.849817e+04	1.057144e-04
	139	107	7.750000	46.750000	1.005316e+05	-1.480755e-04
2022	2	14	3	3
	213	9	26.250000	71.250000	9.807806e+04	2.093867e-04
	116	61	2.000000	58.250000	9.843398e+04	7.250977e-05
	108	70	0.000000	56.000000	9.843398e+04	1.572136e-04
2022	2	14	3	6
	216	9	27.000000	71.250000	9.795292e+04	2.603171e-04
	123	62	3.750000	58.000000	9.842866e+04	6.583861e-05
	108	71	0.000000	55.750000	9.842644e+04	1.820990e-04
2022	2	14	4	9
	224	8	29.000000	71.500000	9.799898e+04	2.098428e-04
	0	55	-27.000000	59.750000	9.802842e+04	1.350251e-04
	110	71	0.500000	55.750000	9.847557e+04	1.931603e-04
	126	71	4.500000	55.750000	9.847557e+04	1.527333e-04
2022	2	14	3	12
	225	9	29.250000	71.250000	9.802277e+04	2.078242e-04
	0	50	-27.000000	61.000000	9.761088e+04	1.456815e-04
	130	66	5.500000	57.000000	9.832663e+04	1.972651e-04
2022	2	14	5	15
	235	6	31.750000	72.000000	9.812788e+04	1.085587e-04
	6	7	-25.500000	71.750000	9.988500e+04	2.809043e-05
	243	14	33.750000	70.000000	9.812788e+04	1.827590e-04
	0	45	-27.000000	62.250000	9.722792e+04	1.435165e-04
	134	62	6.500000	58.000000	9.814398e+04	2.602725e-04
2022	2	14	4	18
	252	14	36.000000	70.000000	9.812908e+04	1.705799e-04
	0	42	-27.000000	63.000000	9.700332e+04	1.310438e-04
	137	60	7.250000	58.500000	9.834684e+04	2.476233e-04
	137	121	7.250000	43.250000	1.010798e+05	1.407592e-04
2022	2	14	7	21
	259	13	37.750000	70.250000	9.811316e+04	1.724285e-04
	0	38	-27.000000	64.000000	9.715739e+04	1.193616e-04
	27	39	-20.250000	63.750000	9.715739e+04	-2.344632e-05
	128	52	5.000000	60.500000	9.857538e+04	6.893048e-05
	140	58	8.000000	59.000000	9.857538e+04	2.239765e-04
	141	58	8.250000	59.000000	9.857538e+04	2.327691e-04
	139	121	7.750000	43.250000	1.011234e+05	1.324343e-04
2022	2	15	7	0
	264	12	39.000000	70.500000	9.813764e+04	1.652904e-04
	240	14	33.000000	70.000000	9.813764e+04	1.820835e-04
	0	37	-27.000000	64.250000	9.731814e+04	1.228600e-04
	27	39	-20.250000	63.750000	9.731814e+04	2.296761e-05
	126	51	4.500000	60.750000	9.865105e+04	1.355210e-04
	149	54	10.250000	60.000000	9.865105e+04	2.845752e-04
	146	119	9.500000	43.750000	1.010664e+05	1.461025e-04
2022	2	15	8	3
	6	7	-25.500000	71.750000	9.974959e+04	5.641735e-05
	246	8	34.500000	71.500000	9.822615e+04	1.125745e-04
	269	13	40.250000	70.250000	9.822615e+04	1.938112e-04
	125	51	4.250000	60.750000	9.863941e+04	1.275941e-04
	152	51	11.000000	60.750000	9.864352e+04	2.910865e-04
	139	56	7.750000	59.500000	9.863941e+04	1.742401e-05
	146	117	9.500000	44.250000	1.009426e+05	1.048151e-04
	147	118	9.750000	44.000000	1.009426e+05	1.070843e-04
2022	2	15	8	6
	247	12	34.750000	70.500000	9.834016e+04	2.125078e-04
	274	12	41.500000	70.500000	9.834016e+04	1.736530e-04
	4	35	-26.000000	64.750000	9.743644e+04	1.396509e-04
	36	44	-18.000000	62.500000	9.764974e+04	2.328085e-04
	125	49	4.250000	61.250000	9.858634e+04	1.779267e-04
	155	49	11.750000	61.250000	9.860345e+04	2.743989e-04
	0	87	-27.000000	51.750000	9.914511e+04	1.112130e-04
	158	113	12.500000	45.250000	1.009717e+05	1.282070e-04
2022	2	15	7	9
	279	12	42.750000	70.500000	9.848995e+04	2.176640e-04
	0	32	-27.000000	65.500000	9.747188e+04	4.849369e-05
	28	40	-20.000000	63.500000	9.758811e+04	2.013303e-04
	157	47	12.250000	61.750000	9.852762e+04	2.161999e-04
	126	48	4.500000	61.500000	9.853309e+04	1.839038e-04
	1	84	-26.750000	52.500000	9.860516e+04	1.418616e-04
	160	111	13.000000	45.750000	1.009716e+05	1.157443e-04
2022	2	15	9	12
	284	11	44.000000	70.750000	9.863359e+04	2.411341e-04
	22	35	-21.500000	64.750000	9.763776e+04	2.674384e-04
	23	35	-21.250000	64.750000	9.763776e+04	2.513777e-04
	0	37	-27.000000	64.250000	9.769373e+04	-3.922916e-05
	135	42	6.750000	63.000000	9.855570e+04	9.952566e-05
	47	44	-15.250000	62.500000	9.783634e+04	2.486448e-04
	160	45	13.000000	62.250000	9.855570e+04	2.020469e-04
	12	81	-24.000000	53.250000	9.841771e+04	2.418128e-04
	160	111	13.000000	45.750000	1.010106e+05	1.141866e-04
2022	2	15	9	15
	286	11	44.500000	70.750000	9.871695e+04	1.813061e-04
	287	11	44.750000	70.750000	9.871695e+04	1.488486e-04
	0	36	-27.000000	64.500000	9.767884e+04	-4.578149e-05
	39	40	-17.250000	63.500000	9.790824e+04	1.875297e-04
	137	41	7.250000	63.250000	9.848584e+04	1.065432e-04
	24	78	-21.000000	54.000000	9.803630e+04	2.456644e-04
	0	83	-27.000000	52.750000	9.829530e+04	9.640032e-05
	152	110	11.000000	46.000000	1.010262e+05	1.078369e-05
	163	162	13.750000	33.000000	1.016810e+05	-2.957978e-05
2022	2	15	6	18
	288	11	45.000000	70.750000	9.883627e+04	1.116860e-04
	36	36	-18.000000	64.500000	9.783994e+04	2.051974e-04
	0	40	-27.000000	63.500000	9.763245e+04	1.074530e-05
	138	40	7.500000	63.500000	9.845623e+04	9.460622e-05
	68	49	-10.000000	61.250000	9.814380e+04	1.918170e-04
	34	76	-18.500000	54.500000	9.790277e+04	2.581023e-04
2022	2	15	3	21
	68	48	-10.000000	61.500000	9.806762e+04	1.844223e-04
	125	60	4.250000	58.500000	9.820166e+04	1.963838e-04
	43	75	-16.250000	54.750000	9.782949e+04	2.650357e-04
2022	2	16	4	0
	64	47	-11.000000	61.750000	9.801438e+04	1.812954e-04
	127	59	4.750000	58.750000	9.811282e+04	1.812908e-04
	61	74	-11.750000	55.000000	9.781580e+04	2.645954e-04
	0	77	-27.000000	54.250000	9.780741e+04	1.052141e-04
2022	2	16	3	3
	62	46	-11.500000	62.000000	9.792142e+04	1.954062e-04
	75	73	-8.250000	55.250000	9.790071e+04	2.413557e-04
	7	75	-25.250000	54.750000	9.735563e+04	3.346853e-04
2022	2	16	4	6
	60	45	-12.000000	62.250000	9.777112e+04	1.914904e-04
	23	70	-21.250000	56.000000	9.701736e+04	3.212565e-04
	88	74	-5.000000	55.000000	9.796610e+04	1.776864e-04
	138	117	7.500000	44.250000	1.008991e+05	1.175394e-04
2022	2	16	4	9
	56	45	-13.000000	62.250000	9.770401e+04	1.668317e-04
	32	67	-19.000000	56.750000	9.672377e+04	3.463409e-04
	119	77	2.750000	54.250000	9.795309e+04	2.098409e-04
	139	118	7.750000	44.000000	1.008368e+05	1.722550e-04
2022	2	16	4	12
	52	44	-14.000000	62.500000	9.768192e+04	1.928594e-04
	48	67	-15.000000	56.750000	9.673780e+04	2.780556e-04
	134	78	6.500000	54.000000	9.783617e+04	2.105804e-04
	138	118	7.500000	44.000000	1.008397e+05	1.508237e-04
2022	2	16	4	15
	288	9	45.000000	71.250000	9.922882e+04	1.174800e-04
	46	45	-15.500000	62.250000	9.777420e+04	1.848231e-04
	67	65	-10.250000	57.250000	9.673403e+04	2.389276e-04
	280	121	43.000000	43.250000	1.017430e+05	1.171458e-06
2022	2	16	8	18
	288	10	45.000000	71.000000	9.919920e+04	1.028223e-04
	0	34	-27.000000	65.000000	9.866680e+04	-3.343689e-06
	0	35	-27.000000	64.750000	9.866680e+04	-1.875956e-05
	44	46	-16.000000	62.000000	9.802705e+04	2.391974e-04
	80	68	-7.000000	56.500000	9.696754e+04	2.292285e-04
	102	73	-1.500000	55.250000	9.700452e+04	1.599629e-04
	163	78	13.750000	54.000000	9.756894e+04	2.243587e-04
	137	113	7.250000	45.250000	1.002121e+05	-2.140431e-05
2022	2	16	6	21
	288	11	45.000000	70.750000	9.924920e+04	9.395690e-05
	0	35	-27.000000	64.750000	9.892838e+04	6.141038e-06
	42	46	-16.500000	62.000000	9.826398e+04	2.188113e-04
	174	77	16.500000	54.250000	9.737019e+04	2.121080e-04
	131	81	5.750000	53.250000	9.695333e+04	2.454378e-04
	137	115	7.250000	44.750000	1.003577e+05	1.099789e-04
2022	2	17	2	0
	41	46	-16.750000	62.000000	9.838998e+04	2.483205e-04
	148	81	10.000000	53.250000	9.663338e+04	2.609368e-04
2022	2	17	3	3
	43	46	-16.250000	62.000000	9.853207e+04	2.500873e-04
	190	73	20.500000	55.250000	9.688999e+04	1.487689e-04
	162	81	13.500000	53.250000	9.648563e+04	3.142196e-04
2022	2	17	5	6
	44	46	-16.000000	62.000000	9.856459e+04	2.425249e-04
	192	71	21.000000	55.750000	9.666213e+04	1.071464e-04
	184	81	19.000000	53.250000	9.666213e+04	1.710623e-04
	0	115	-27.000000	44.750000	1.005978e+05	1.287603e-04
	280	121	43.000000	43.250000	1.011285e+05	9.229218e-08
2022	2	17	6	9
	46	46	-15.500000	62.000000	9.857504e+04	2.619810e-04
	203	67	23.750000	56.750000	9.684856e+04	7.983117e-05
	195	79	21.750000	53.750000	9.680542e+04	1.327128e-04
	0	112	-27.000000	45.500000	9.924542e+04	2.298977e-04
	175	115	16.750000	44.750000	9.935995e+04	-8.010657e-05
	278	119	42.500000	43.750000	1.008979e+05	3.048877e-05
2022	2	17	5	12
	48	46	-15.000000	62.000000	9.848225e+04	2.864920e-04
	206	70	24.500000	56.000000	9.688417e+04	9.436786e-05
	202	78	23.500000	54.000000	9.688417e+04	1.037889e-04
	2	108	-26.500000	46.500000	9.893711e+04	3.252330e-04
	279	120	42.750000	43.500000	1.006821e+05	4.607640e-05
2022	2	17	4	15
	132	34	6.000000	65.000000	9.809022e+04	4.385770e-05
	52	46	-14.000000	62.000000	9.841873e+04	3.097007e-04
	30	101	-19.500000	48.250000	9.909820e+04	2.197828e-04
	9	106	-24.750000	47.000000	9.888609e+04	4.294183e-04
2022	2	17	4	18
	139	34	7.750000	65.000000	9.816127e+04	6.694089e-05
	58	46	-12.500000	62.000000	9.827939e+04	3.056539e-04
	212	54	26.000000	60.000000	9.726388e+04	8.471213e-05
	18	107	-22.500000	46.750000	9.854439e+04	5.407184e-04
2022	2	17	6	21
	147	25	9.750000	67.250000	9.822135e+04	1.740421e-05
	138	33	7.500000	65.250000	9.822135e+04	6.182042e-05
	22	44	-21.500000	62.500000	9.899685e+04	9.719227e-05
	62	45	-11.500000	62.250000	9.829634e+04	3.336180e-04
	214	52	26.500000	60.500000	9.732037e+04	1.092006e-04
	30	101	-19.500000	48.250000	9.822152e+04	4.720656e-04
2022	2	18	7	0
	149	25	10.250000	67.250000	9.832920e+04	2.413119e-05
	139	32	7.750000	65.500000	9.832920e+04	5.803751e-05
	37	42	-17.750000	63.000000	9.844288e+04	1.085126e-04
	19	44	-22.250000	62.500000	9.884209e+04	1.062430e-04
	65	45	-10.750000	62.250000	9.833297e+04	3.033107e-04
	217	50	27.250000	61.000000	9.740340e+04	1.158804e-04
	41	95	-16.750000	49.750000	9.769202e+04	4.173226e-04
2022	2	18	8	3
	153	23	11.250000	67.750000	9.832304e+04	6.685281e-05
	142	32	8.500000	65.500000	9.832304e+04	5.932506e-05
	16	44	-23.000000	62.500000	9.864488e+04	1.489297e-04
	67	44	-10.250000	62.500000	9.822615e+04	3.232003e-04
	220	45	28.000000	62.250000	9.746965e+04	9.976753e-05
	66	79	-10.500000	53.750000	9.722912e+04	2.781542e-04
	51	90	-14.250000	51.000000	9.713924e+04	4.342239e-04
	212	143	26.000000	37.750000	9.998412e+04	1.436586e-04
2022	2	18	9	6
	152	19	11.000000	68.750000	9.827888e+04	8.271455e-05
	221	42	28.250000	63.000000	9.753881e+04	1.038919e-04
	66	43	-10.500000	62.750000	9.803219e+04	3.526617e-04
	12	44	-24.000000	62.500000	9.851580e+04	1.663620e-04
	69	75	-9.750000	54.750000	9.668678e+04	2.798567e-04
	64	84	-11.000000	52.500000	9.668678e+04	3.032197e-04
	79	87	-7.250000	51.750000	9.668678e+04	1.273556e-04
	215	144	26.750000	37.500000	1.000170e+05	1.622756e-04
	213	153	26.250000	35.250000	1.000170e+05	1.202283e-04
2022	2	18	7	9
	153	19	11.250000	68.750000	9.830558e+04	8.621487e-05
	223	38	28.750000	64.000000	9.766995e+04	1.086244e-04
	224	38	29.000000	64.000000	9.766995e+04	1.089262e-04
	64	43	-11.000000	62.750000	9.794316e+04	3.446343e-04
	10	45	-24.500000	62.250000	9.850228e+04	1.853422e-04
	71	72	-9.250000	55.500000	9.605560e+04	3.700940e-04
	216	153	27.000000	35.250000	1.000538e+05	1.465412e-04
2022	2	18	6	12
	228	35	30.000000	64.750000	9.776188e+04	8.936935e-05
	60	44	-12.000000	62.500000	9.780176e+04	3.371981e-04
	8	45	-25.000000	62.250000	9.844407e+04	1.900816e-04
	78	68	-7.500000	56.500000	9.566254e+04	4.437356e-04
	226	143	29.500000	37.750000	9.982115e+04	-6.339345e-06
	220	154	28.000000	35.000000	9.980899e+04	1.923681e-04
2022	2	18	6	15
	234	31	31.500000	65.750000	9.782915e+04	5.971842e-05
	56	45	-13.000000	62.250000	9.766463e+04	3.572598e-04
	9	46	-24.750000	62.000000	9.832458e+04	1.786002e-04
	95	64	-3.250000	57.500000	9.540302e+04	2.680846e-04
	107	130	-0.250000	41.000000	1.008495e+05	9.227973e-05
	222	155	28.500000	34.750000	9.964893e+04	2.217590e-04
2022	2	18	8	18
	238	25	32.500000	67.250000	9.782641e+04	1.215361e-04
	7	45	-25.250000	62.250000	9.828076e+04	1.832550e-04
	53	46	-13.750000	62.000000	9.764563e+04	3.401672e-04
	101	60	-1.750000	58.500000	9.508545e+04	3.269016e-04
	102	60	-1.500000	58.500000	9.508545e+04	3.290889e-04
	107	130	-0.250000	41.000000	1.007985e+05	6.976265e-05
	235	149	31.750000	36.250000	9.948338e+04	-5.898237e-05
	228	157	30.000000	34.250000	9.948338e+04	2.464255e-04
2022	2	18	8	21
	218	9	27.500000	71.250000	9.764888e+04	1.454511e-04
	171	12	15.750000	70.500000	9.766618e+04	2.248257e-04
	4	45	-26.000000	62.250000	9.832766e+04	1.936592e-04
	51	47	-14.250000	61.750000	9.772763e+04	3.183311e-04
	0	54	-27.000000	60.000000	9.847420e+04	-1.769487e-05
	106	60	-0.500000	58.500000	9.509350e+04	3.053468e-04
	108	130	0.000000	41.000000	1.009991e+05	9.076836e-05
	227	157	29.750000	34.250000	9.929011e+04	2.512126e-04
2022	2	19	8	0
	216	8	27.000000	71.500000	9.741127e+04	1.384573e-04
	217	8	27.250000	71.500000	9.741127e+04	1.346552e-04
	171	12	15.750000	70.500000	9.744499e+04	2.223817e-04
	1	45	-26.750000	62.250000	9.839084e+04	1.704678e-04
	51	49	-14.250000	61.250000	9.779628e+04	2.835811e-04
	116	58	2.000000	59.000000	9.523234e+04	2.168358e-04
	110	135	0.500000	39.750000	1.010530e+05	6.331150e-05
	226	160	29.500000	33.500000	9.923345e+04	2.496220e-04
2022	2	19	6	3
	206	6	24.500000	72.000000	9.721012e+04	1.710170e-04
	0	44	-27.000000	62.500000	9.846120e+04	1.162645e-04
	50	50	-14.500000	61.000000	9.787298e+04	2.735202e-04
	123	57	3.750000	59.250000	9.543126e+04	3.088891e-04
	112	137	1.000000	39.250000	1.010310e+05	3.754687e-05
	230	162	30.500000	33.000000	9.927110e+04	1.771154e-04
2022	2	19	8	6
	191	5	20.750000	72.250000	9.697764e+04	2.135202e-04
	172	11	16.000000	70.750000	9.697764e+04	2.364302e-04
	52	51	-14.000000	60.750000	9.795019e+04	2.763314e-04
	128	57	5.000000	59.250000	9.585377e+04	2.601792e-04
	63	76	-11.250000	54.500000	9.887342e+04	1.691812e-04
	115	137	1.750000	39.250000	1.011323e+05	7.289722e-05
	237	149	32.250000	36.250000	9.987730e+04	-1.075602e-04
	232	162	31.000000	33.000000	9.961777e+04	1.926027e-04
2022	2	19	9	9
	179	6	17.750000	72.000000	9.681877e+04	2.976173e-04
	156	46	12.000000	62.000000	9.625384e+04	4.699351e-05
	54	52	-13.500000	60.500000	9.813524e+04	2.736001e-04
	151	55	10.750000	59.750000	9.625384e+04	2.563655e-04
	71	76	-9.250000	54.500000	9.905951e+04	1.916075e-04
	129	133	5.250000	40.250000	1.013292e+05	5.275531e-05
	130	133	5.500000	40.250000	1.013292e+05	4.491571e-05
	238	149	32.500000	36.250000	1.002829e+05	-9.774780e-05
	233	162	31.250000	33.000000	1.000788e+05	1.333353e-04
2022	2	19	5	12
	175	7	16.750000	71.750000	9.662806e+04	3.342689e-04
	166	43	14.500000	62.750000	9.654829e+04	1.099388e-04
	56	53	-13.000000	60.250000	9.831311e+04	2.540830e-04
	133	131	6.250000	40.750000	1.014125e+05	7.273191e-05
	235	162	31.750000	33.000000	1.003720e+05	9.729271e-05
2022	2	19	6	15
	192	1	21.000000	73.250000	9.651422e+04	1.471960e-04
	288	3	45.000000	72.750000	9.804656e+04	3.952184e-05
	175	8	16.750000	71.500000	9.651422e+04	3.714896e-04
	180	38	18.000000	64.000000	9.681090e+04	1.424181e-04
	60	52	-12.000000	60.500000	9.834581e+04	2.406606e-04
	135	131	6.750000	40.750000	1.013810e+05	9.421551e-05
2022	2	19	7	18
	188	0	20.000000	73.500000	9.638463e+04	1.030943e-04
	179	8	17.750000	71.500000	9.638463e+04	3.126462e-04
	61	26	-11.750000	67.000000	9.808046e+04	1.586854e-04
	200	31	23.000000	65.750000	9.695145e+04	1.681720e-04
	0	55	-27.000000	59.750000	9.586318e+04	1.240619e-04
	115	78	1.750000	54.000000	9.953920e+04	1.764386e-04
	138	129	7.500000	41.250000	1.015221e+05	1.042836e-04
2022	2	19	6	21
	183	7	18.750000	71.750000	9.630708e+04	3.086616e-04
	206	29	24.500000	66.250000	9.709388e+04	1.462083e-04
	0	51	-27.000000	60.750000	9.544341e+04	1.554776e-04
	130	75	5.500000	54.750000	9.954159e+04	1.892306e-04
	145	120	9.250000	43.500000	1.016514e+05	2.661002e-05
	261	161	38.250000	33.250000	1.010989e+05	1.600643e-04
2022	2	20	4	0
	185	6	19.250000	72.000000	9.621309e+04	2.457760e-04
	0	48	-27.000000	61.500000	9.528831e+04	1.643021e-04
	29	52	-19.750000	60.500000	9.552284e+04	2.350394e-04
	147	119	9.750000	43.750000	1.016757e+05	2.713569e-05
