2022	2	14	7	0
	5	6	-25.750000	72.000000	9.978594e+04	-3.637843e-05
	217	9	27.250000	71.250000	9.838450e+04	9.970336e-05
	194	12	21.500000	70.500000	9.838450e+04	1.284397e-04
	1	17	-26.750000	69.250000	9.978594e+04	6.577890e-06
	218	23	27.500000	67.750000	9.842141e+04	1.297195e-04
	117	61	2.250000	58.250000	9.853732e+04	9.267891e-05
	106	71	-0.500000	55.750000	9.853732e+04	7.297478e-05
2022	2	14	5	3
	59	5	-12.250000	72.250000	1.001265e+05	1.063160e-04
	217	8	27.250000	71.500000	9.814350e+04	1.681403e-04
	1	17	-26.750000	69.250000	9.973650e+04	-1.178760e-05
	226	22	29.500000	68.000000	9.827511e+04	1.036984e-04
	107	71	-0.250000	55.750000	9.853415e+04	1.057838e-04
2022	2	14	4	6
	68	3	-10.000000	72.750000	1.001016e+05	1.207503e-04
	217	8	27.250000	71.500000	9.798801e+04	2.451128e-04
	121	61	3.250000	58.250000	9.855937e+04	7.393420e-05
	118	70	2.500000	56.000000	9.855937e+04	6.020987e-05
2022	2	14	4	9
	70	2	-9.500000	73.000000	1.001701e+05	9.408275e-05
	216	9	27.000000	71.250000	9.803177e+04	3.193698e-04
	0	55	-27.000000	59.750000	9.801723e+04	9.772485e-05
	125	71	4.250000	55.750000	9.852162e+04	1.746731e-04
2022	2	14	3	12
	225	8	29.250000	71.500000	9.806383e+04	1.941965e-04
	3	51	-26.250000	60.750000	9.760588e+04	2.446313e-04
	130	67	5.500000	56.750000	9.840070e+04	1.829471e-04
2022	2	14	5	15
	81	0	-6.750000	73.500000	1.001602e+05	4.217870e-05
	235	5	31.750000	72.250000	9.808388e+04	1.300263e-04
	6	7	-25.500000	71.750000	9.979862e+04	2.940407e-05
	3	46	-26.250000	62.000000	9.718216e+04	2.388599e-04
	136	63	7.000000	57.750000	9.830884e+04	2.407012e-04
2022	2	14	4	18
	236	6	32.000000	72.000000	9.809907e+04	5.047040e-05
	252	13	36.000000	70.250000	9.809907e+04	1.541999e-04
	0	42	-27.000000	63.000000	9.693530e+04	1.255810e-04
	138	62	7.500000	58.000000	9.850191e+04	2.672518e-04
2022	2	14	7	21
	246	5	34.500000	72.250000	9.807786e+04	7.589646e-05
	259	12	37.750000	70.500000	9.807786e+04	1.511771e-04
	288	12	45.000000	70.500000	9.881206e+04	6.091454e-05
	0	38	-27.000000	64.000000	9.677998e+04	2.054666e-04
	27	39	-20.250000	63.750000	9.677998e+04	4.318609e-05
	143	60	8.750000	58.500000	9.863954e+04	2.896926e-04
	138	121	7.500000	43.250000	1.010985e+05	1.169780e-04
2022	2	15	8	0
	245	5	34.250000	72.250000	9.805364e+04	7.219966e-05
	6	7	-25.500000	71.750000	9.960422e+04	5.490778e-05
	264	11	39.000000	70.750000	9.805364e+04	1.712286e-04
	0	35	-27.000000	64.750000	9.718917e+04	1.138846e-04
	28	38	-20.000000	64.000000	9.724145e+04	-2.195306e-05
	128	54	5.000000	60.000000	9.867962e+04	5.146081e-05
	148	57	10.000000	59.250000	9.867962e+04	3.388728e-04
	146	118	9.500000	44.000000	1.011129e+05	1.348625e-04
2022	2	15	5	3
	266	10	39.500000	71.000000	9.808555e+04	1.909149e-04
	35	43	-18.250000	62.750000	9.759318e+04	2.012152e-04
	128	54	5.000000	60.000000	9.868279e+04	3.841499e-05
	151	55	10.750000	59.750000	9.868279e+04	3.616144e-04
	146	118	9.500000	44.000000	1.009811e+05	8.830420e-05
2022	2	15	7	6
	267	10	39.750000	71.000000	9.815118e+04	1.839969e-04
	268	10	40.000000	71.000000	9.815118e+04	1.883860e-04
	0	32	-27.000000	65.500000	9.743318e+04	4.792801e-05
	125	51	4.250000	60.750000	9.897357e+04	9.409873e-05
	153	53	11.250000	60.250000	9.872538e+04	3.318376e-04
	0	85	-27.000000	52.250000	9.870216e+04	1.170252e-04
	146	117	9.500000	44.250000	1.010588e+05	8.141230e-05
2022	2	15	8	9
	270	9	40.500000	71.250000	9.828245e+04	2.151383e-04
	271	9	40.750000	71.250000	9.828245e+04	2.172402e-04
	0	31	-27.000000	65.750000	9.739142e+04	6.636035e-05
	25	34	-20.750000	65.000000	9.739142e+04	2.012899e-04
	0	39	-27.000000	63.750000	9.739142e+04	-2.364748e-05
	124	49	4.000000	61.250000	9.893733e+04	1.251547e-04
	156	51	12.000000	60.750000	9.882659e+04	2.864777e-04
	9	82	-24.750000	53.000000	9.850642e+04	2.199462e-04
2022	2	15	6	12
	274	10	41.500000	71.000000	9.840371e+04	1.904573e-04
	0	29	-27.000000	66.250000	9.739694e+04	1.066471e-04
	0	37	-27.000000	64.250000	9.739694e+04	-4.155759e-05
	162	49	13.500000	61.250000	9.889173e+04	2.630925e-04
	19	81	-22.250000	53.250000	9.856688e+04	2.146454e-04
	158	119	12.500000	43.750000	1.011292e+05	-3.823576e-06
2022	2	15	7	15
	277	9	42.250000	71.250000	9.852095e+04	2.019912e-04
	0	26	-27.000000	67.000000	9.741581e+04	1.353113e-04
	0	36	-27.000000	64.500000	9.741581e+04	-4.428708e-05
	166	47	14.500000	61.750000	9.886501e+04	2.211591e-04
	38	79	-17.500000	53.750000	9.859712e+04	2.011392e-04
	161	111	13.250000	45.750000	1.011466e+05	7.835547e-05
	152	118	11.000000	44.000000	1.011301e+05	7.605008e-05
2022	2	15	4	18
	279	10	42.750000	71.000000	9.865089e+04	2.360890e-04
	0	37	-27.000000	64.250000	9.749548e+04	-8.177863e-06
	167	45	14.750000	62.250000	9.890609e+04	2.122416e-04
	56	79	-13.000000	53.750000	9.867327e+04	1.989675e-04
2022	2	15	4	21
	281	10	43.250000	71.000000	9.879269e+04	2.492994e-04
	179	45	17.750000	62.250000	9.891845e+04	1.112175e-04
	66	78	-10.500000	54.000000	9.884230e+04	1.620618e-04
	176	116	17.000000	44.500000	1.013288e+05	3.637218e-05
2022	2	16	4	0
	285	10	44.250000	71.000000	9.891277e+04	1.908317e-04
	183	43	18.750000	62.750000	9.893432e+04	1.495918e-04
	122	53	3.500000	60.250000	9.846651e+04	1.339747e-04
	181	114	18.250000	45.000000	1.013419e+05	1.898007e-05
2022	2	16	7	3
	285	10	44.250000	71.000000	9.896755e+04	1.815139e-04
	131	42	5.750000	63.000000	9.845816e+04	5.630311e-05
	132	42	6.000000	63.000000	9.845816e+04	4.382755e-05
	184	43	19.000000	62.750000	9.893415e+04	1.418194e-04
	125	52	4.250000	60.500000	9.845816e+04	1.201370e-04
	0	65	-27.000000	57.250000	9.672954e+04	1.007266e-04
	279	121	42.750000	43.250000	1.020746e+05	2.744957e-06
2022	2	16	4	6
	283	10	43.750000	71.000000	9.905908e+04	1.922982e-04
	134	41	6.500000	63.250000	9.853030e+04	4.486828e-05
	187	42	19.750000	63.000000	9.899645e+04	1.417546e-04
	0	60	-27.000000	58.500000	9.589613e+04	1.097669e-04
2022	2	16	5	9
	284	11	44.000000	70.750000	9.914142e+04	1.480298e-04
	134	40	6.500000	63.500000	9.853532e+04	6.800977e-05
	0	59	-27.000000	58.750000	9.550882e+04	3.225498e-04
	34	63	-18.500000	57.750000	9.594473e+04	3.238065e-04
	278	120	42.500000	43.500000	1.020909e+05	-1.337865e-05
2022	2	16	6	12
	286	10	44.500000	71.000000	9.917315e+04	1.417432e-04
	136	38	7.000000	64.000000	9.856705e+04	1.108524e-04
	37	56	-17.750000	59.500000	9.500945e+04	4.110214e-04
	9	60	-24.750000	58.500000	9.554757e+04	2.774425e-04
	137	116	7.250000	44.500000	1.009046e+05	8.879780e-05
	278	120	42.500000	43.500000	1.017096e+05	-3.905927e-06
2022	2	16	6	15
	285	10	44.250000	71.000000	9.914709e+04	1.660009e-04
	12	52	-24.000000	60.500000	9.446363e+04	2.897111e-04
	34	52	-18.500000	60.500000	9.446363e+04	4.555797e-04
	23	60	-21.250000	58.500000	9.446363e+04	2.333315e-04
	136	119	7.000000	43.750000	1.010093e+05	1.533759e-04
	280	121	43.000000	43.250000	1.018341e+05	-1.440002e-05
2022	2	16	6	18
	283	9	43.750000	71.250000	9.906442e+04	1.824088e-04
	281	10	43.250000	71.000000	9.906442e+04	1.859528e-04
	192	47	21.000000	61.750000	9.861949e+04	7.703307e-05
	32	51	-19.000000	60.750000	9.446497e+04	4.946989e-04
	57	52	-12.750000	60.500000	9.453812e+04	2.270120e-04
	278	120	42.500000	43.500000	1.018975e+05	-2.536208e-05
2022	2	16	6	21
	281	9	43.250000	71.250000	9.903837e+04	2.213904e-04
	200	43	23.000000	62.750000	9.852813e+04	9.295817e-05
	55	49	-13.250000	61.250000	9.481704e+04	2.011285e-04
	30	51	-19.500000	60.750000	9.481437e+04	4.682559e-04
	150	109	10.500000	46.250000	1.007008e+05	8.660631e-06
	278	120	42.500000	43.500000	1.018603e+05	-2.931490e-05
2022	2	17	8	0
	280	9	43.000000	71.250000	9.900998e+04	2.317378e-04
	204	40	24.000000	63.500000	9.840972e+04	8.968467e-05
	0	42	-27.000000	63.000000	9.771895e+04	5.442051e-05
	50	47	-14.500000	61.750000	9.518113e+04	2.435853e-04
	31	52	-19.250000	60.500000	9.518113e+04	4.858037e-04
	138	117	7.500000	44.250000	1.009667e+05	8.845984e-05
	280	121	43.000000	43.250000	1.017592e+05	-2.334253e-05
	200	145	23.000000	37.250000	1.009879e+05	8.822232e-05
2022	2	17	5	3
	275	8	41.750000	71.500000	9.893916e+04	1.801510e-04
	206	39	24.500000	63.750000	9.821665e+04	1.134184e-04
	38	53	-17.500000	60.250000	9.535450e+04	4.994513e-04
	191	139	20.750000	38.750000	1.007740e+05	4.131278e-05
	203	144	23.750000	37.500000	1.007740e+05	7.512336e-05
2022	2	17	7	6
	269	8	40.250000	71.500000	9.885866e+04	1.822863e-04
	48	53	-15.000000	60.250000	9.556811e+04	4.682022e-04
	113	53	1.250000	60.250000	9.662983e+04	2.072643e-04
	147	62	9.750000	58.000000	9.682323e+04	2.358747e-04
	280	121	43.000000	43.250000	1.015274e+05	-3.397184e-05
	205	143	24.250000	37.750000	1.008037e+05	9.439296e-05
	192	144	21.000000	37.500000	1.008037e+05	4.454751e-05
2022	2	17	6	9
	265	9	39.250000	71.250000	9.883795e+04	1.562834e-04
	117	52	2.250000	60.500000	9.673856e+04	2.133673e-04
	56	53	-13.000000	60.250000	9.590732e+04	4.528035e-04
	154	62	11.500000	58.000000	9.689121e+04	2.617545e-04
	205	143	24.250000	37.750000	1.008909e+05	6.981615e-05
	206	144	24.500000	37.500000	1.008909e+05	5.844175e-05
2022	2	17	9	12
	262	9	38.500000	71.250000	9.880873e+04	1.291005e-04
	263	9	38.750000	71.250000	9.880873e+04	1.281587e-04
	288	34	45.000000	65.000000	9.907461e+04	8.659609e-05
	123	52	3.750000	60.500000	9.679501e+04	2.370803e-04
	64	53	-11.000000	60.250000	9.622181e+04	4.381412e-04
	164	61	14.000000	58.250000	9.694833e+04	2.748657e-04
	1	102	-26.750000	48.000000	1.001649e+05	9.434547e-05
	9	110	-24.750000	46.000000	1.001649e+05	7.156464e-05
	197	145	22.250000	37.250000	1.007621e+05	3.244965e-05
2022	2	17	5	15
	128	51	5.000000	60.750000	9.705272e+04	2.398927e-04
	76	53	-8.000000	60.250000	9.632887e+04	4.401387e-04
	173	62	16.250000	58.000000	9.705489e+04	2.363343e-04
	9	95	-24.750000	49.750000	9.963211e+04	2.883891e-04
	16	103	-23.000000	47.750000	9.963211e+04	6.032596e-05
2022	2	17	5	18
	144	39	9.000000	63.750000	9.742917e+04	1.228533e-04
	88	52	-5.000000	60.500000	9.654215e+04	4.176113e-04
	138	53	7.500000	60.250000	9.745105e+04	1.503928e-04
	181	62	18.250000	58.000000	9.703952e+04	2.336810e-04
	25	95	-20.750000	49.750000	9.917048e+04	8.510491e-05
2022	2	17	8	21
	258	31	37.500000	65.750000	9.795644e+04	1.581946e-04
	0	38	-27.000000	64.000000	9.924463e+04	8.764734e-05
	146	38	9.500000	64.000000	9.756545e+04	1.130084e-04
	30	53	-19.500000	60.250000	9.812963e+04	3.081029e-04
	98	53	-2.500000	60.250000	9.688386e+04	4.113611e-04
	143	53	8.750000	60.250000	9.762374e+04	1.482191e-04
	190	62	20.500000	58.000000	9.701480e+04	2.440818e-04
	30	88	-19.500000	51.500000	9.849039e+04	2.412115e-04
2022	2	18	7	0
	282	27	43.500000	66.750000	9.803695e+04	6.263184e-05
	146	37	9.500000	64.250000	9.778892e+04	1.136550e-04
	0	38	-27.000000	64.000000	9.934067e+04	1.152216e-04
	34	53	-18.500000	60.250000	9.793823e+04	3.551722e-04
	108	54	0.000000	60.000000	9.727602e+04	3.811818e-04
	194	62	21.500000	58.000000	9.713038e+04	2.471108e-04
	36	83	-18.000000	52.750000	9.763393e+04	5.074784e-04
2022	2	18	5	3
	147	37	9.750000	64.250000	9.799669e+04	1.337864e-04
	39	52	-17.250000	60.500000	9.762575e+04	3.922544e-04
	122	55	3.500000	59.750000	9.753957e+04	3.495604e-04
	203	64	23.750000	57.500000	9.734282e+04	2.020978e-04
	42	80	-16.500000	53.500000	9.696988e+04	6.043370e-04
2022	2	18	5	6
	149	36	10.250000	64.500000	9.820763e+04	1.540602e-04
	42	51	-16.500000	60.750000	9.740245e+04	4.461913e-04
	136	56	7.000000	59.500000	9.806032e+04	2.526194e-04
	210	64	25.500000	57.500000	9.760604e+04	1.310412e-04
	52	80	-14.000000	53.500000	9.646966e+04	6.204587e-04
2022	2	18	6	9
	149	36	10.250000	64.500000	9.844112e+04	1.126897e-04
	41	50	-16.750000	61.000000	9.729555e+04	4.505265e-04
	148	58	10.000000	59.000000	9.837080e+04	2.341025e-04
	217	65	27.250000	57.250000	9.793205e+04	1.389092e-04
	68	75	-10.000000	54.750000	9.649855e+04	4.880553e-04
	138	117	7.500000	44.250000	1.014715e+05	5.457190e-05
2022	2	18	8	12
	262	4	38.500000	72.500000	9.884830e+04	1.728542e-04
	151	35	10.750000	64.750000	9.860330e+04	1.105428e-04
	40	50	-17.000000	61.000000	9.719885e+04	4.626219e-04
	227	54	29.750000	60.000000	9.827595e+04	6.719829e-05
	144	55	9.000000	59.750000	9.861348e+04	4.105363e-05
	159	58	12.750000	59.000000	9.861348e+04	1.842894e-04
	226	63	29.500000	57.750000	9.827595e+04	7.594136e-05
	80	70	-7.000000	56.000000	9.650523e+04	4.511152e-04
2022	2	18	5	15
	264	4	39.000000	72.500000	9.885432e+04	1.728587e-04
	6	7	-25.500000	71.750000	1.003990e+05	-3.473418e-05
	232	50	31.000000	61.000000	9.847536e+04	9.136135e-05
	41	51	-16.750000	60.750000	9.721523e+04	4.218539e-04
	95	68	-3.250000	56.500000	9.655250e+04	2.296354e-04
2022	2	18	7	18
	265	4	39.250000	72.500000	9.888305e+04	1.309780e-04
	6	7	-25.500000	71.750000	1.003317e+05	-5.415832e-06
	248	43	35.000000	62.750000	9.858141e+04	8.192177e-05
	43	51	-16.250000	60.750000	9.736604e+04	3.879284e-04
	0	63	-27.000000	57.750000	9.812045e+04	1.197001e-04
	110	64	0.500000	57.500000	9.644745e+04	3.205990e-04
	265	162	39.250000	33.000000	1.007232e+05	9.051655e-05
2022	2	18	9	21
	271	5	40.750000	72.250000	9.893115e+04	1.552409e-04
	6	7	-25.500000	71.750000	1.003374e+05	1.545004e-05
	261	39	38.250000	63.750000	9.857807e+04	1.080001e-04
	22	51	-21.500000	60.750000	9.742700e+04	5.910289e-05
	45	51	-15.750000	60.750000	9.742700e+04	3.834402e-04
	5	59	-25.750000	58.750000	9.783184e+04	2.129088e-04
	146	59	9.500000	58.750000	9.634641e+04	2.250166e-04
	125	62	4.250000	58.000000	9.634641e+04	2.310420e-04
	263	162	38.750000	33.000000	1.007094e+05	6.712917e-05
2022	2	19	11	0
	276	5	42.000000	72.250000	9.895920e+04	1.531765e-04
	277	5	42.250000	72.250000	9.895920e+04	1.562867e-04
	6	7	-25.500000	71.750000	1.003433e+05	1.108535e-06
	268	34	40.000000	65.000000	9.850459e+04	1.380100e-04
	268	35	40.000000	64.750000	9.850459e+04	1.390408e-04
	48	50	-15.000000	61.000000	9.740930e+04	3.900138e-04
	10	58	-24.500000	59.000000	9.781398e+04	2.089461e-04
	142	62	8.500000	58.000000	9.632970e+04	2.630097e-04
	282	121	43.500000	43.250000	1.007508e+05	1.191343e-05
	46	141	-15.500000	38.250000	1.016492e+05	1.425698e-04
	267	155	39.750000	34.750000	1.005717e+05	1.546781e-04
2022	2	19	7	3
	6	7	-25.500000	71.750000	1.002215e+05	-9.446017e-06
	277	31	42.250000	65.750000	9.845048e+04	1.166929e-04
	49	48	-14.750000	61.500000	9.727001e+04	3.525201e-04
	38	59	-17.500000	58.750000	9.728287e+04	1.695864e-04
	157	59	12.250000	58.750000	9.630131e+04	2.288081e-04
	46	144	-15.500000	37.500000	1.015884e+05	1.781842e-04
	263	155	38.750000	34.750000	1.005808e+05	7.991953e-05
2022	2	19	8	6
	6	7	-25.500000	71.750000	1.000420e+05	1.072982e-06
	284	27	44.000000	66.750000	9.841573e+04	1.237137e-04
	47	48	-15.250000	61.500000	9.724562e+04	3.455280e-04
	50	57	-14.500000	59.250000	9.724562e+04	1.654653e-04
	171	57	15.750000	59.250000	9.639618e+04	1.881876e-04
	46	144	-15.500000	37.500000	1.015299e+05	2.093954e-04
	233	154	31.250000	35.000000	1.006798e+05	1.259418e-04
	262	155	38.500000	34.750000	1.007322e+05	8.828994e-05
2022	2	19	9	9
	45	48	-15.750000	61.500000	9.741030e+04	3.965897e-04
	185	55	19.250000	59.750000	9.650190e+04	1.031041e-04
	56	56	-13.000000	59.500000	9.741030e+04	2.865839e-04
	183	56	18.750000	59.500000	9.650190e+04	9.862719e-05
	72	57	-9.000000	59.250000	9.741030e+04	1.570411e-04
	139	110	7.750000	46.000000	1.012789e+05	4.935346e-06
	44	144	-16.000000	37.500000	1.016677e+05	2.216051e-04
	233	156	31.250000	34.500000	1.005323e+05	1.879978e-04
	268	159	40.000000	33.750000	1.006132e+05	7.986472e-05
2022	2	19	9	12
	7	6	-25.250000	72.000000	9.990302e+04	5.963422e-06
	6	14	-25.500000	70.000000	9.990302e+04	-5.023874e-05
	45	50	-15.750000	61.000000	9.788846e+04	3.167859e-04
	193	52	21.250000	60.500000	9.663818e+04	2.535740e-05
	66	57	-10.500000	59.250000	9.789448e+04	2.245691e-04
	136	116	7.000000	44.500000	1.014214e+05	8.250703e-05
	42	145	-16.500000	37.250000	1.017584e+05	2.274204e-04
	232	158	31.000000	34.000000	1.004625e+05	2.137533e-04
	275	162	41.750000	33.000000	1.004281e+05	4.110692e-05
2022	2	19	9	15
	7	6	-25.250000	72.000000	9.987830e+04	9.589073e-06
	6	14	-25.500000	70.000000	9.987830e+04	-4.459572e-05
	47	51	-15.250000	60.750000	9.829198e+04	2.073315e-04
	78	55	-7.500000	59.750000	9.817673e+04	1.739282e-04
	211	55	25.750000	59.750000	9.678950e+04	2.208430e-04
	0	64	-27.000000	57.500000	9.802475e+04	1.094865e-04
	38	146	-17.500000	37.000000	1.016754e+05	2.188204e-04
	277	160	42.250000	33.500000	1.005375e+05	1.060327e-04
	232	162	31.000000	33.000000	1.006031e+05	1.584975e-04
2022	2	19	7	18
	52	51	-14.000000	60.750000	9.858325e+04	1.580635e-04
	219	53	27.750000	60.250000	9.687234e+04	2.010852e-04
	80	55	-7.000000	59.750000	9.862334e+04	2.202550e-04
	0	59	-27.000000	58.750000	9.713823e+04	1.085003e-04
	34	149	-18.500000	36.250000	1.016435e+05	2.154501e-04
	278	158	42.500000	34.000000	1.008119e+05	1.575234e-04
	235	162	31.750000	33.000000	1.009738e+05	7.720041e-05
2022	2	19	7	21
	158	4	12.500000	72.500000	9.865540e+04	2.478150e-04
	225	52	29.250000	60.500000	9.704453e+04	1.704476e-04
	0	57	-27.000000	59.250000	9.581730e+04	1.079653e-04
	135	64	6.750000	57.500000	9.886752e+04	1.766839e-04
	33	151	-18.750000	35.750000	1.016587e+05	2.517200e-04
	273	156	41.250000	34.500000	1.009388e+05	9.737259e-05
	242	162	33.500000	33.000000	1.011311e+05	5.238953e-05
2022	2	20	7	0
	157	6	12.250000	72.000000	9.871386e+04	2.531539e-04
	230	49	30.500000	61.250000	9.717848e+04	1.528745e-04
	0	53	-27.000000	60.250000	9.434839e+04	1.089682e-04
	144	65	9.000000	57.250000	9.895620e+04	2.097707e-04
	136	117	7.000000	44.250000	1.016183e+05	7.256312e-05
	31	153	-19.250000	35.250000	1.016154e+05	2.557198e-04
	277	154	42.250000	35.000000	1.009236e+05	1.269134e-04
