2022	2	14	8	0
	5	6	-25.750000	72.000000	9.978673e+04	-3.682424e-05
	217	9	27.250000	71.250000	9.836447e+04	1.152084e-04
	194	12	21.500000	70.500000	9.836447e+04	1.325287e-04
	1	17	-26.750000	69.250000	9.978673e+04	1.755439e-05
	218	24	27.500000	67.500000	9.847078e+04	1.459541e-04
	218	25	27.500000	67.250000	9.849030e+04	1.348301e-04
	115	62	1.750000	58.000000	9.851460e+04	1.037175e-04
	102	71	-1.500000	55.750000	9.851460e+04	1.481160e-04
2022	2	14	6	3
	59	5	-12.250000	72.250000	1.001512e+05	1.026186e-04
	214	8	26.500000	71.500000	9.805992e+04	2.004945e-04
	1	17	-26.750000	69.250000	9.981310e+04	1.136448e-05
	234	20	31.500000	68.500000	9.816178e+04	7.650349e-05
	123	64	3.750000	57.500000	9.846564e+04	1.389673e-04
	103	72	-1.250000	55.500000	9.846342e+04	1.833941e-04
2022	2	14	4	6
	217	8	27.250000	71.500000	9.792484e+04	1.980250e-04
	125	64	4.250000	57.500000	9.842987e+04	6.834605e-05
	111	71	0.750000	55.750000	9.842987e+04	8.402303e-05
	107	72	-0.250000	55.500000	9.842987e+04	1.560113e-04
2022	2	14	4	9
	69	3	-9.750000	72.750000	1.001873e+05	9.600428e-05
	222	8	28.500000	71.500000	9.796970e+04	1.927840e-04
	0	52	-27.000000	60.500000	9.810751e+04	1.019523e-04
	125	72	4.250000	55.500000	9.843877e+04	1.499892e-04
2022	2	14	3	12
	236	6	32.000000	72.000000	9.793444e+04	1.635403e-04
	0	49	-27.000000	61.250000	9.766566e+04	1.285416e-04
	129	68	5.250000	56.500000	9.828316e+04	2.032544e-04
2022	2	14	6	15
	234	6	31.500000	72.000000	9.795532e+04	8.426645e-05
	6	7	-25.500000	71.750000	9.992831e+04	3.293667e-05
	288	14	45.000000	70.000000	9.923892e+04	6.009703e-06
	1	45	-26.750000	62.250000	9.726730e+04	1.578107e-04
	133	64	6.250000	57.500000	9.812258e+04	2.569052e-04
	113	126	1.250000	42.000000	1.011133e+05	2.053614e-05
2022	2	14	6	18
	231	7	30.750000	71.750000	9.800736e+04	2.123055e-04
	252	13	36.000000	70.250000	9.800736e+04	1.435711e-04
	0	41	-27.000000	63.250000	9.700349e+04	1.501723e-04
	152	56	11.000000	59.500000	9.815014e+04	2.038130e-04
	135	62	6.750000	58.000000	9.815014e+04	3.141659e-04
	137	121	7.250000	43.250000	1.010964e+05	1.638414e-04
2022	2	14	7	21
	6	7	-25.500000	71.750000	9.984751e+04	1.762641e-05
	233	11	31.250000	70.750000	9.804091e+04	2.504282e-04
	257	12	37.250000	70.500000	9.804091e+04	1.210615e-04
	0	37	-27.000000	64.250000	9.713941e+04	1.215159e-04
	19	43	-22.250000	62.750000	9.713941e+04	2.238174e-04
	138	60	7.500000	58.500000	9.830370e+04	2.543410e-04
	139	121	7.750000	43.250000	1.011000e+05	1.216807e-04
2022	2	15	9	0
	245	5	34.250000	72.250000	9.805701e+04	1.153678e-04
	246	5	34.500000	72.250000	9.805701e+04	1.122222e-04
	6	7	-25.500000	71.750000	9.978400e+04	5.958087e-05
	262	12	38.500000	70.500000	9.805701e+04	1.536856e-04
	2	36	-26.500000	64.500000	9.720276e+04	1.626575e-04
	29	44	-19.750000	62.500000	9.722381e+04	2.085502e-04
	127	55	4.750000	59.750000	9.846890e+04	8.287571e-05
	143	59	8.750000	58.750000	9.846890e+04	2.598906e-04
	146	118	9.500000	44.000000	1.010635e+05	1.361932e-04
2022	2	15	6	3
	238	8	32.500000	71.500000	9.814312e+04	1.893927e-04
	264	11	39.000000	70.750000	9.814312e+04	1.592151e-04
	23	39	-21.250000	63.750000	9.718136e+04	2.501790e-04
	127	54	4.750000	60.000000	9.848225e+04	6.875943e-05
	149	56	10.250000	59.500000	9.848225e+04	3.142379e-04
	153	117	11.250000	44.250000	1.010246e+05	1.088367e-04
2022	2	15	7	6
	272	11	41.000000	70.750000	9.824070e+04	1.758218e-04
	245	14	34.250000	70.000000	9.824070e+04	1.721832e-04
	10	33	-24.500000	65.250000	9.730616e+04	1.076560e-04
	124	50	4.000000	61.000000	9.867775e+04	1.103729e-04
	152	54	11.000000	60.000000	9.847112e+04	3.253029e-04
	0	89	-27.000000	51.250000	9.936731e+04	1.271899e-04
	158	113	12.500000	45.250000	1.010325e+05	1.095889e-04
2022	2	15	8	9
	275	10	41.750000	71.000000	9.839545e+04	1.893253e-04
	277	10	42.250000	71.000000	9.839545e+04	1.843279e-04
	0	30	-27.000000	66.000000	9.741418e+04	9.589696e-05
	34	36	-18.500000	64.500000	9.766601e+04	1.436853e-04
	0	41	-27.000000	63.250000	9.741418e+04	2.922294e-05
	124	49	4.000000	61.250000	9.860157e+04	1.385973e-04
	155	51	11.750000	60.750000	9.847934e+04	2.749496e-04
	161	111	13.250000	45.750000	1.011049e+05	1.001380e-04
2022	2	15	7	12
	281	10	43.250000	71.000000	9.851323e+04	2.149840e-04
	0	41	-27.000000	63.250000	9.743062e+04	5.240329e-05
	124	48	4.000000	61.500000	9.855723e+04	1.741658e-04
	157	49	12.250000	61.250000	9.856699e+04	1.984129e-04
	76	52	-8.000000	60.500000	9.812548e+04	2.560590e-04
	7	80	-25.250000	53.500000	9.826380e+04	2.742948e-04
	167	111	14.750000	45.750000	1.011479e+05	8.743962e-05
2022	2	15	7	15
	281	10	43.250000	71.000000	9.860362e+04	2.329798e-04
	39	35	-17.250000	64.750000	9.803886e+04	1.800709e-04
	0	39	-27.000000	63.750000	9.747461e+04	3.430830e-05
	166	47	14.500000	61.750000	9.862913e+04	1.821073e-04
	75	50	-8.250000	61.000000	9.818985e+04	2.183708e-04
	16	77	-23.000000	54.250000	9.791355e+04	2.308016e-04
	162	162	13.500000	33.000000	1.016553e+05	-4.336367e-05
2022	2	15	6	18
	284	9	44.000000	71.250000	9.868905e+04	1.967491e-04
	169	45	15.250000	62.250000	9.864505e+04	1.325027e-04
	75	49	-8.250000	61.250000	9.820458e+04	2.139288e-04
	120	60	3.000000	58.500000	9.829480e+04	1.762225e-04
	27	75	-20.250000	54.750000	9.777505e+04	2.572848e-04
	162	162	13.500000	33.000000	1.016163e+05	-5.510740e-05
2022	2	15	7	21
	288	9	45.000000	71.250000	9.879588e+04	1.006475e-04
	173	44	16.250000	62.500000	9.865841e+04	1.242547e-04
	75	48	-8.250000	61.500000	9.816503e+04	2.230102e-04
	124	59	4.000000	58.750000	9.818352e+04	2.026716e-04
	125	59	4.250000	58.750000	9.818352e+04	1.993020e-04
	38	73	-17.500000	55.250000	9.780758e+04	2.303184e-04
	164	162	14.000000	33.000000	1.017488e+05	-4.973285e-05
2022	2	16	6	0
	288	9	45.000000	71.250000	9.888952e+04	1.008904e-04
	73	47	-8.750000	61.750000	9.811881e+04	2.063817e-04
	127	59	4.750000	58.750000	9.816623e+04	1.807334e-04
	128	59	5.000000	58.750000	9.816623e+04	1.792599e-04
	53	71	-13.750000	55.750000	9.777523e+04	2.575951e-04
	167	162	14.750000	33.000000	1.016967e+05	-5.394985e-05
2022	2	16	4	3
	72	47	-9.000000	61.750000	9.801062e+04	2.150948e-04
	61	70	-11.750000	56.000000	9.784405e+04	2.183536e-04
	5	73	-25.750000	55.250000	9.793495e+04	1.847591e-04
	280	121	43.000000	43.250000	1.021156e+05	1.255608e-05
2022	2	16	7	6
	125	38	4.250000	64.000000	9.798117e+04	1.881365e-04
	70	48	-9.500000	61.500000	9.794710e+04	1.951163e-04
	148	58	10.000000	59.000000	9.803441e+04	1.702092e-04
	15	69	-23.250000	56.250000	9.771069e+04	1.954551e-04
	75	71	-8.250000	55.750000	9.796867e+04	1.811309e-04
	137	116	7.250000	44.500000	1.009570e+05	1.020924e-04
	280	121	43.000000	43.250000	1.021697e+05	5.232304e-06
2022	2	16	8	9
	240	13	33.000000	70.250000	9.914100e+04	5.837960e-05
	122	38	3.500000	64.000000	9.789506e+04	1.644975e-04
	123	39	3.750000	63.750000	9.789506e+04	1.570009e-04
	68	48	-10.000000	61.500000	9.802773e+04	1.547836e-04
	152	58	11.000000	59.000000	9.792793e+04	1.700795e-04
	21	67	-21.750000	56.750000	9.745544e+04	2.281140e-04
	96	72	-3.000000	55.500000	9.814089e+04	1.618953e-04
	138	117	7.500000	44.250000	1.010700e+05	1.539512e-04
2022	2	16	8	12
	119	39	2.750000	63.750000	9.781152e+04	1.591286e-04
	144	42	9.000000	63.000000	9.781152e+04	8.181463e-05
	64	48	-11.000000	61.500000	9.802945e+04	1.454182e-04
	21	53	-21.750000	60.250000	9.744962e+04	1.102687e-04
	157	56	12.250000	59.500000	9.783617e+04	1.677037e-04
	27	67	-20.250000	56.750000	9.727826e+04	2.511477e-04
	127	75	4.750000	54.750000	9.808611e+04	1.818118e-04
	137	119	7.250000	43.750000	1.012015e+05	1.582636e-04
2022	2	16	4	15
	117	39	2.250000	63.750000	9.773671e+04	1.479481e-04
	160	55	13.000000	59.750000	9.774938e+04	1.188006e-04
	40	64	-17.000000	57.500000	9.716167e+04	2.936159e-04
	135	75	6.750000	54.750000	9.796679e+04	1.569951e-04
2022	2	16	4	18
	287	6	44.750000	72.000000	9.899652e+04	1.156821e-04
	112	39	1.000000	63.750000	9.762988e+04	1.615756e-04
	164	53	14.000000	60.250000	9.768860e+04	8.405364e-05
	54	59	-13.500000	58.750000	9.692474e+04	1.830105e-04
2022	2	16	6	21
	285	6	44.250000	72.000000	9.898727e+04	1.747699e-04
	110	41	0.500000	63.250000	9.753110e+04	1.374209e-04
	172	52	16.000000	60.500000	9.763622e+04	8.887010e-05
	54	60	-13.500000	58.500000	9.689906e+04	2.834822e-04
	150	109	10.500000	46.250000	1.001135e+05	1.492062e-05
	193	149	21.250000	36.250000	1.012780e+05	1.108068e-04
2022	2	17	6	0
	283	5	43.750000	72.250000	9.901192e+04	1.974029e-04
	109	42	0.250000	63.000000	9.742342e+04	9.231262e-05
	75	61	-8.250000	58.250000	9.722587e+04	1.690034e-04
	124	78	4.000000	54.000000	9.744568e+04	2.746094e-04
	137	113	7.250000	45.250000	1.004917e+05	1.598975e-05
	194	148	21.500000	36.500000	1.011092e+05	1.456107e-04
2022	2	17	6	3
	282	5	43.500000	72.250000	9.902767e+04	1.692619e-04
	108	43	0.000000	62.750000	9.739963e+04	9.244756e-05
	177	49	17.250000	61.250000	9.734502e+04	1.182177e-04
	43	50	-16.250000	61.000000	9.820441e+04	1.300529e-04
	143	79	8.750000	53.750000	9.719985e+04	3.363832e-04
	193	146	21.250000	37.000000	1.008908e+05	1.285579e-04
2022	2	17	5	6
	282	6	43.500000	72.000000	9.900422e+04	1.627652e-04
	177	49	17.250000	61.250000	9.729212e+04	1.433157e-04
	41	50	-16.750000	61.000000	9.828812e+04	1.509392e-04
	163	80	13.750000	53.500000	9.711425e+04	3.468789e-04
	194	147	21.500000	36.750000	1.009496e+05	1.377223e-04
2022	2	17	4	9
	282	5	43.500000	72.250000	9.909529e+04	1.785755e-04
	39	50	-17.250000	61.000000	9.833879e+04	1.545416e-04
	181	81	18.250000	53.250000	9.711545e+04	3.321106e-04
	4	127	-26.000000	41.750000	1.015618e+05	1.093576e-04
2022	2	17	6	12
	282	5	43.500000	72.250000	9.913741e+04	1.657457e-04
	9	6	-24.750000	72.000000	1.004657e+05	-7.663414e-05
	38	50	-17.500000	61.000000	9.841857e+04	2.050969e-04
	210	60	25.500000	58.500000	9.715585e+04	1.075666e-04
	196	82	22.000000	53.000000	9.703225e+04	2.934774e-04
	16	121	-23.000000	43.250000	1.012936e+05	1.477848e-04
2022	2	17	6	15
	9	6	-24.750000	72.000000	1.004801e+05	-6.881612e-05
	36	50	-18.000000	61.000000	9.846513e+04	2.008750e-04
	58	54	-12.500000	60.000000	9.846513e+04	1.803583e-04
	214	56	26.500000	59.500000	9.713154e+04	1.036899e-04
	209	82	25.250000	53.000000	9.709988e+04	2.231069e-04
	27	115	-20.250000	44.750000	1.007697e+05	1.675500e-04
2022	2	17	5	18
	38	50	-17.500000	61.000000	9.848807e+04	1.996588e-04
	216	54	27.000000	60.000000	9.701598e+04	1.247223e-04
	65	55	-10.750000	59.750000	9.848430e+04	1.688330e-04
	220	82	28.000000	53.000000	9.711888e+04	1.858720e-04
	37	111	-17.750000	45.750000	1.005504e+05	1.956906e-04
2022	2	17	6	21
	124	34	4.000000	65.000000	9.801729e+04	7.566246e-05
	38	50	-17.500000	61.000000	9.845246e+04	2.339803e-04
	218	53	27.500000	60.250000	9.700127e+04	1.568849e-04
	228	81	30.000000	53.250000	9.722125e+04	1.745567e-04
	46	108	-15.500000	46.500000	1.002858e+05	1.941585e-04
	36	112	-18.000000	45.500000	1.002858e+05	2.452642e-04
2022	2	18	7	0
	6	7	-25.500000	71.750000	1.003999e+05	-2.537346e-05
	120	33	3.000000	65.250000	9.802020e+04	1.115122e-04
	38	50	-17.500000	61.000000	9.834444e+04	2.656167e-04
	221	51	28.250000	60.750000	9.697062e+04	1.443180e-04
	234	79	31.500000	53.750000	9.731249e+04	1.719911e-04
	55	105	-13.250000	47.250000	9.992951e+04	1.789982e-04
	43	109	-16.250000	46.250000	9.992951e+04	2.654371e-04
2022	2	18	8	3
	6	7	-25.500000	71.750000	1.003580e+05	-3.172653e-05
	142	26	8.500000	67.000000	9.800856e+04	1.949206e-05
	120	33	3.000000	65.250000	9.800856e+04	1.232509e-04
	224	47	29.000000	61.750000	9.696873e+04	1.198409e-04
	37	50	-17.750000	61.000000	9.824463e+04	2.841029e-04
	91	54	-4.250000	60.000000	9.836447e+04	1.823517e-04
	64	102	-11.000000	48.000000	9.967752e+04	1.647389e-04
	51	106	-14.250000	47.000000	9.967752e+04	2.989050e-04
2022	2	18	6	6
	6	7	-25.500000	71.750000	1.002751e+05	-4.632684e-05
	122	33	3.500000	65.250000	9.795173e+04	1.053359e-04
	225	44	29.250000	62.500000	9.700263e+04	1.041367e-04
	37	51	-17.750000	60.750000	9.809450e+04	2.772991e-04
	73	100	-8.750000	48.500000	9.952259e+04	1.808945e-04
	57	105	-12.750000	47.250000	9.952259e+04	3.353567e-04
2022	2	18	7	9
	6	7	-25.500000	71.750000	1.002467e+05	-5.382084e-05
	120	33	3.000000	65.250000	9.795224e+04	1.352794e-04
	144	36	9.000000	64.500000	9.795224e+04	3.452845e-05
	226	41	29.500000	63.250000	9.701462e+04	1.139443e-04
	38	51	-17.500000	60.750000	9.803732e+04	3.267607e-04
	85	97	-5.750000	49.250000	9.968111e+04	1.570058e-04
	65	104	-10.750000	47.500000	9.958438e+04	3.537688e-04
2022	2	18	6	12
	6	7	-25.500000	71.750000	1.002255e+05	-5.183410e-05
	117	37	2.250000	64.250000	9.795652e+04	2.002505e-04
	227	37	29.750000	64.250000	9.709456e+04	1.062729e-04
	40	52	-17.000000	60.500000	9.804468e+04	3.827382e-04
	99	94	-2.250000	50.000000	9.982594e+04	1.498466e-04
	74	102	-8.500000	48.000000	9.970748e+04	3.418298e-04
2022	2	18	6	15
	6	7	-25.500000	71.750000	1.002214e+05	-3.265345e-05
	228	35	30.000000	64.750000	9.718307e+04	1.274258e-04
	229	35	30.250000	64.750000	9.718307e+04	1.247591e-04
	121	37	3.250000	64.250000	9.789266e+04	1.652520e-04
	43	53	-16.250000	60.250000	9.808731e+04	3.263754e-04
	286	122	44.500000	43.000000	1.000016e+05	2.193186e-06
2022	2	18	5	18
	139	27	7.750000	66.750000	9.779286e+04	2.082401e-05
	230	33	30.500000	65.250000	9.715671e+04	8.480954e-05
	125	38	4.250000	64.000000	9.778806e+04	1.169889e-04
	49	53	-14.750000	60.250000	9.802157e+04	3.137751e-04
	0	59	-27.000000	58.750000	9.839580e+04	1.602689e-04
2022	2	18	9	21
	6	7	-25.500000	71.750000	1.002204e+05	-3.735538e-05
	142	25	8.500000	67.250000	9.775623e+04	3.252364e-05
	232	31	31.000000	65.750000	9.715739e+04	7.451994e-05
	131	37	5.750000	64.250000	9.774852e+04	9.252393e-05
	54	53	-13.500000	60.250000	9.799658e+04	3.411238e-04
	0	55	-27.000000	59.750000	9.832236e+04	1.004304e-04
	149	84	10.250000	52.500000	9.935533e+04	1.175753e-04
	266	151	39.500000	35.750000	1.009414e+05	2.307308e-05
	261	162	38.250000	33.000000	1.009414e+05	3.174542e-05
2022	2	19	9	0
	6	7	-25.500000	71.750000	1.001466e+05	-4.652057e-05
	146	23	9.500000	67.750000	9.774236e+04	7.657838e-05
	234	28	31.500000	66.500000	9.713770e+04	9.198352e-05
	134	37	6.500000	64.250000	9.771719e+04	1.336976e-04
	59	52	-12.250000	60.500000	9.790790e+04	3.844027e-04
	6	55	-25.500000	59.750000	9.841052e+04	1.119587e-04
	22	58	-21.500000	59.000000	9.841052e+04	1.203454e-04
	108	133	0.000000	40.250000	1.012807e+05	6.286652e-05
	271	159	40.750000	33.750000	1.008293e+05	3.268014e-05
2022	2	19	9	3
	218	16	27.500000	69.500000	9.709388e+04	1.220396e-04
	142	26	8.500000	67.000000	9.768192e+04	2.948763e-05
	236	27	32.000000	66.750000	9.709337e+04	9.604981e-05
	141	36	8.250000	64.500000	9.768192e+04	1.634303e-04
	64	51	-11.000000	60.750000	9.780039e+04	3.652356e-04
	2	54	-26.500000	60.000000	9.849287e+04	1.079368e-04
	106	135	-0.500000	39.750000	1.012364e+05	1.494020e-05
	121	142	3.250000	38.000000	1.012465e+05	-1.745650e-05
	271	159	40.750000	33.750000	1.008478e+05	2.105929e-05
2022	2	19	7	6
	242	15	33.500000	69.750000	9.695282e+04	1.000529e-04
	215	17	26.750000	69.250000	9.695282e+04	1.119500e-04
	144	34	9.000000	65.000000	9.767816e+04	1.520667e-04
	69	51	-9.750000	60.750000	9.773568e+04	3.952619e-04
	137	117	7.250000	44.250000	1.012874e+05	1.267395e-04
	262	151	38.500000	35.750000	1.010892e+05	1.259511e-04
	273	155	41.250000	34.750000	1.010892e+05	7.135252e-05
2022	2	19	8	9
	239	13	32.750000	70.250000	9.685506e+04	1.126756e-04
	214	18	26.500000	69.000000	9.685506e+04	9.072242e-05
	145	33	9.250000	65.250000	9.779029e+04	1.360577e-04
	74	50	-8.500000	61.000000	9.778412e+04	3.993157e-04
	136	117	7.000000	44.250000	1.014305e+05	9.435012e-05
	275	154	41.750000	35.000000	1.010765e+05	6.906963e-05
	261	162	38.250000	33.000000	1.010765e+05	4.816808e-05
	271	162	40.750000	33.000000	1.010765e+05	3.589404e-05
2022	2	19	7	12
	234	12	31.500000	70.500000	9.672273e+04	1.050930e-04
	213	18	26.250000	69.000000	9.672273e+04	5.644716e-05
	146	33	9.500000	65.250000	9.793923e+04	1.612146e-04
	79	50	-7.250000	61.000000	9.780039e+04	3.844790e-04
	80	65	-7.000000	57.250000	9.842524e+04	2.009873e-04
	134	119	6.500000	43.750000	1.014384e+05	1.076939e-04
	275	152	41.750000	35.500000	1.009589e+05	7.956590e-05
2022	2	19	3	15
	231	11	30.750000	70.750000	9.661608e+04	1.105503e-04
	148	33	10.000000	65.250000	9.807053e+04	1.671814e-04
	84	50	-6.000000	61.000000	9.788445e+04	3.823967e-04
2022	2	19	2	18
	229	11	30.250000	70.750000	9.655342e+04	1.168557e-04
	89	50	-4.750000	61.000000	9.799658e+04	3.601800e-04
2022	2	19	5	21
	228	11	30.000000	70.750000	9.650806e+04	9.613280e-05
	96	49	-3.000000	61.250000	9.806574e+04	3.072796e-04
	0	53	-27.000000	60.250000	9.632454e+04	1.396236e-04
	129	66	5.250000	57.000000	9.869727e+04	1.821982e-04
	256	73	37.000000	55.250000	9.891434e+04	1.938345e-04
2022	2	20	11	0
	226	11	29.500000	70.750000	9.656370e+04	8.434407e-05
	227	11	29.750000	70.750000	9.656370e+04	7.961809e-05
	119	27	2.750000	66.750000	9.841959e+04	1.471126e-04
	0	48	-27.000000	61.500000	9.599431e+04	1.310679e-04
	101	48	-1.750000	61.500000	9.806659e+04	2.955388e-04
	138	67	7.500000	56.750000	9.870566e+04	2.218293e-04
	268	72	40.000000	55.500000	9.869248e+04	1.671819e-04
	144	125	9.000000	42.250000	1.016183e+05	7.081483e-05
	150	136	10.500000	39.500000	1.016183e+05	9.266478e-05
	263	156	38.750000	34.500000	1.016312e+05	-2.205281e-05
	86	162	-5.500000	33.000000	1.022372e+05	3.567775e-06
