2022	2	10	9	0
	7	6	-25.250000	72.000000	1.001196e+05	-1.559992e-05
	160	10	13.000000	71.000000	9.660428e+04	7.653792e-05
	148	23	10.000000	67.750000	9.650971e+04	4.625677e-04
	60	56	-12.000000	59.500000	9.853299e+04	4.848736e-04
	152	106	11.000000	47.000000	1.022451e+05	-4.036525e-05
	139	110	7.750000	46.000000	1.022451e+05	-7.687342e-05
	39	149	-17.250000	36.250000	1.020524e+05	7.460617e-05
	248	150	35.000000	36.000000	1.007607e+05	9.465093e-05
	40	161	-17.000000	33.250000	1.020542e+05	-6.449745e-05
2022	2	10	8	6
	7	6	-25.250000	72.000000	1.003087e+05	-9.081935e-06
	178	7	17.500000	71.750000	9.729187e+04	9.150445e-05
	165	14	14.250000	70.000000	9.686767e+04	5.621444e-05
	4	17	-26.000000	69.250000	1.003087e+05	3.910234e-05
	165	24	14.250000	67.500000	9.686767e+04	3.230819e-04
	78	59	-7.500000	58.750000	9.898416e+04	5.142999e-04
	150	109	10.500000	46.250000	1.021941e+05	-3.135249e-07
	250	152	35.500000	35.500000	1.010373e+05	1.003021e-04
2022	2	10	10	12
	206	0	24.500000	73.500000	9.746830e+04	-1.528099e-05
	7	6	-25.250000	72.000000	1.002919e+05	-1.880061e-05
	184	6	19.000000	72.000000	9.746830e+04	7.847363e-05
	185	6	19.250000	72.000000	9.746830e+04	8.074543e-05
	36	13	-18.000000	70.250000	1.002188e+05	5.017082e-05
	21	20	-21.750000	68.500000	1.002188e+05	1.150870e-04
	191	29	20.750000	66.250000	9.763263e+04	1.850843e-04
	94	63	-3.500000	57.750000	9.988667e+04	3.770663e-04
	137	117	7.250000	44.250000	1.022421e+05	1.160104e-04
	282	139	43.500000	38.750000	1.010559e+05	1.267754e-05
2022	2	10	6	18
	212	0	26.000000	73.500000	9.763009e+04	-3.949391e-05
	193	6	21.250000	72.000000	9.763009e+04	1.395322e-04
	10	14	-24.500000	70.000000	9.973915e+04	2.957857e-06
	40	15	-17.000000	69.750000	9.973915e+04	1.499248e-04
	111	68	0.750000	56.500000	1.004455e+05	3.448259e-04
	137	117	7.250000	44.250000	1.022411e+05	1.049581e-04
2022	2	11	6	0
	220	0	28.000000	73.500000	9.786241e+04	3.134739e-05
	203	7	23.750000	71.750000	9.786241e+04	1.842047e-04
	47	13	-15.250000	70.250000	9.933898e+04	2.077272e-04
	0	71	-27.000000	55.750000	9.981184e+04	1.284469e-04
	125	74	4.250000	55.000000	1.008525e+05	3.414030e-04
	137	117	7.250000	44.250000	1.022081e+05	9.753694e-05
2022	2	11	6	6
	212	0	26.000000	73.500000	9.814807e+04	-3.428077e-05
	215	9	26.750000	71.250000	9.814807e+04	1.808712e-04
	65	14	-10.750000	70.000000	9.931847e+04	2.042905e-04
	96	18	-3.000000	69.000000	9.931847e+04	1.270359e-04
	137	80	7.250000	53.500000	1.013482e+05	2.533623e-04
	188	123	20.000000	42.750000	1.020798e+05	7.317247e-06
2022	2	11	7	12
	230	0	30.500000	73.500000	9.847653e+04	-8.625938e-06
	230	11	30.500000	70.750000	9.847653e+04	1.278570e-04
	108	16	0.000000	69.500000	9.941362e+04	1.016242e-04
	82	18	-6.500000	69.000000	9.941362e+04	1.333666e-04
	0	58	-27.000000	59.000000	9.904922e+04	7.618240e-05
	0	71	-27.000000	55.750000	9.903926e+04	1.110309e-04
	135	119	6.750000	43.750000	1.020940e+05	6.502686e-05
2022	2	11	6	18
	246	0	34.500000	73.500000	9.863714e+04	3.747742e-05
	123	17	3.750000	69.250000	9.920827e+04	1.219256e-04
	124	17	4.000000	69.250000	9.920827e+04	1.167514e-04
	20	56	-22.000000	59.500000	9.887669e+04	7.993448e-05
	20	66	-22.000000	57.000000	9.887669e+04	1.486253e-04
	134	123	6.500000	42.750000	1.021429e+05	5.972874e-05
2022	2	12	5	0
	249	11	35.250000	70.750000	9.871842e+04	8.111619e-05
	156	20	12.000000	68.500000	9.915962e+04	1.176495e-04
	47	52	-15.250000	60.500000	9.873835e+04	1.186534e-04
	26	54	-20.500000	60.000000	9.873835e+04	1.742393e-04
	36	61	-18.000000	58.250000	9.873835e+04	1.350519e-04
2022	2	12	5	6
	254	1	36.500000	73.250000	9.866137e+04	-2.157958e-06
	252	12	36.000000	70.500000	9.866137e+04	1.287520e-04
	151	21	10.750000	68.250000	9.938276e+04	1.259909e-04
	44	51	-16.000000	60.750000	9.838333e+04	1.891991e-04
	254	96	36.500000	49.500000	1.014375e+05	1.390221e-04
2022	2	12	4	12
	257	13	37.250000	70.250000	9.875418e+04	1.630835e-04
	150	25	10.500000	67.250000	9.980109e+04	1.302574e-04
	63	55	-11.250000	59.750000	9.831884e+04	1.052638e-04
	40	56	-17.000000	59.500000	9.831884e+04	1.864986e-04
2022	2	12	2	18
	264	15	39.000000	69.750000	9.887454e+04	1.992242e-04
	69	53	-9.750000	60.250000	9.816312e+04	1.487830e-04
2022	2	13	2	0
	269	17	40.250000	69.250000	9.910666e+04	1.875343e-04
	75	53	-8.250000	60.250000	9.821373e+04	1.526430e-04
2022	2	13	3	6
	173	0	16.250000	73.500000	9.874343e+04	1.183093e-04
	280	22	43.000000	68.000000	9.940054e+04	2.052999e-04
	59	108	-12.250000	46.500000	9.929112e+04	2.648244e-04
2022	2	13	4	12
	184	1	19.000000	73.250000	9.877880e+04	1.987879e-04
	288	22	45.000000	68.000000	9.995389e+04	8.719959e-05
	40	36	-17.000000	64.500000	1.004076e+05	1.344920e-05
	77	101	-7.750000	48.250000	9.840033e+04	2.930364e-04
2022	2	13	4	18
	197	0	22.250000	73.500000	9.880264e+04	1.421669e-04
	6	14	-25.500000	70.000000	9.953262e+04	6.586224e-05
	175	40	16.750000	63.500000	9.837512e+04	3.875717e-05
	90	97	-4.500000	49.250000	9.792123e+04	4.137935e-04
2022	2	14	5	0
	203	2	23.750000	73.000000	9.886243e+04	1.584088e-04
	1	17	-26.750000	69.250000	9.964282e+04	2.508119e-05
	212	27	26.000000	66.750000	9.844917e+04	1.252236e-04
	208	35	25.000000	64.750000	9.844917e+04	1.858452e-05
	108	93	0.000000	50.250000	9.806816e+04	3.396398e-04
2022	2	14	4	6
	66	1	-10.500000	73.250000	9.999238e+04	8.564600e-05
	224	26	29.000000	67.000000	9.851424e+04	8.592229e-05
	123	80	3.750000	53.500000	9.829462e+04	2.256275e-04
	271	131	40.750000	40.750000	1.015280e+05	2.892356e-05
2022	2	14	6	12
	236	6	32.000000	72.000000	9.845386e+04	2.107635e-04
	237	6	32.250000	72.000000	9.845386e+04	2.131459e-04
	0	46	-27.000000	62.000000	9.834991e+04	4.273788e-05
	0	54	-27.000000	60.000000	9.834991e+04	2.659440e-05
	142	69	8.500000	56.250000	9.840873e+04	1.751913e-04
	278	120	42.500000	43.500000	1.015668e+05	5.460133e-05
2022	2	14	3	18
	246	11	34.500000	70.750000	9.829442e+04	1.070739e-04
	157	64	12.250000	57.500000	9.866841e+04	1.702616e-04
	278	120	42.500000	43.500000	1.016642e+05	2.608884e-05
2022	2	15	6	0
	261	11	38.250000	70.750000	9.830654e+04	1.043137e-04
	0	33	-27.000000	65.250000	9.699291e+04	8.581222e-05
	122	65	3.500000	57.250000	9.992126e+04	2.381700e-04
	175	65	16.750000	57.250000	9.901542e+04	1.432120e-04
	280	121	43.000000	43.250000	1.018388e+05	1.471205e-06
	138	122	7.500000	43.000000	1.009766e+05	5.180525e-05
2022	2	15	8	6
	267	3	39.750000	72.750000	9.835070e+04	7.297068e-05
	6	7	-25.500000	71.750000	9.850798e+04	1.422969e-05
	269	11	40.250000	70.750000	9.835070e+04	1.127063e-04
	27	32	-20.250000	65.500000	9.710253e+04	4.144143e-05
	199	57	22.750000	59.250000	9.917896e+04	1.874225e-04
	127	70	4.750000	56.000000	1.001823e+05	1.862328e-04
	146	119	9.500000	43.750000	1.009310e+05	8.177786e-05
	280	121	43.000000	43.250000	1.019326e+05	-4.501909e-06
2022	2	15	6	12
	280	14	43.000000	70.000000	9.853456e+04	1.484118e-04
	31	27	-19.250000	66.750000	9.753982e+04	1.965026e-04
	205	57	24.250000	59.250000	9.951171e+04	2.294058e-04
	134	72	6.500000	55.500000	1.003751e+05	1.748220e-04
	147	119	9.750000	43.750000	1.009506e+05	7.893657e-05
	278	120	42.500000	43.500000	1.018269e+05	-1.214046e-05
2022	2	15	6	18
	280	7	43.000000	71.750000	9.862190e+04	1.198379e-04
	17	18	-22.750000	69.000000	9.766526e+04	2.152160e-04
	215	56	26.750000	59.500000	9.990465e+04	2.508899e-04
	139	72	7.750000	55.500000	1.005455e+05	1.513328e-04
	281	121	43.250000	43.250000	1.021802e+05	-2.946317e-05
	164	122	14.000000	43.000000	1.009766e+05	7.159178e-06
2022	2	16	6	0
	287	11	44.750000	70.750000	9.870494e+04	5.572985e-05
	222	56	28.500000	59.500000	1.003378e+05	2.044453e-04
	26	83	-20.500000	52.750000	9.818833e+04	2.444308e-04
	2	91	-26.500000	50.750000	9.819028e+04	2.104595e-04
	281	121	43.250000	43.250000	1.021880e+05	-4.319126e-05
	173	129	16.250000	41.250000	1.009099e+05	1.098088e-04
2022	2	16	4	6
	24	9	-21.000000	71.250000	9.785127e+04	1.885399e-04
	254	52	36.500000	60.500000	1.006264e+05	8.997954e-05
	39	75	-17.250000	54.750000	9.738839e+04	2.241191e-04
	170	121	15.500000	43.250000	1.006120e+05	1.113164e-04
2022	2	16	4	12
	6	7	-25.500000	71.750000	9.793158e+04	2.096625e-05
	47	68	-15.250000	56.500000	9.692883e+04	2.402588e-04
	30	69	-19.500000	56.250000	9.692883e+04	1.394691e-04
	167	118	14.750000	44.000000	1.006004e+05	1.084695e-04
2022	2	16	7	18
	92	25	-4.000000	67.250000	9.895270e+04	2.713351e-04
	247	55	34.750000	59.750000	1.006135e+05	2.866045e-05
	57	59	-12.750000	58.750000	9.574377e+04	3.661962e-04
	246	65	34.500000	57.250000	1.006135e+05	1.072332e-04
	55	72	-13.250000	55.500000	9.583463e+04	1.771142e-04
	165	120	14.250000	43.500000	1.008890e+05	9.739520e-05
	177	133	17.250000	40.250000	1.009439e+05	6.320237e-05
2022	2	17	4	0
	85	19	-5.750000	68.750000	9.849020e+04	2.935045e-04
	63	55	-11.250000	59.750000	9.489929e+04	4.526713e-04
	80	57	-7.000000	59.250000	9.489929e+04	1.822558e-04
	261	60	38.250000	58.500000	1.003027e+05	1.175268e-04
2022	2	17	3	6
	81	52	-6.750000	60.500000	9.475197e+04	3.672095e-04
	277	56	42.250000	59.500000	9.999375e+04	1.872776e-04
	136	116	7.000000	44.500000	1.013156e+05	8.096968e-05
2022	2	17	3	12
	77	41	-7.750000	63.250000	9.494306e+04	3.145137e-04
	98	47	-2.500000	61.750000	9.494306e+04	3.275609e-04
	145	59	9.250000	58.750000	9.721176e+04	3.218212e-04
2022	2	17	5	18
	286	8	44.500000	71.500000	9.996971e+04	1.305178e-04
	74	39	-8.500000	63.750000	9.471680e+04	3.717486e-04
	106	39	-0.500000	63.750000	9.486764e+04	3.328912e-04
	159	55	12.750000	59.750000	9.759159e+04	2.974767e-04
	15	80	-23.250000	53.500000	9.948690e+04	2.217596e-04
2022	2	18	7	0
	287	11	44.750000	70.750000	9.985189e+04	8.380744e-05
	0	31	-27.000000	65.750000	9.721703e+04	5.212504e-05
	89	37	-4.750000	64.250000	9.447373e+04	4.899143e-04
	0	43	-27.000000	62.750000	9.720023e+04	1.001355e-04
	174	52	16.500000	60.500000	9.780380e+04	2.132770e-04
	36	75	-18.000000	54.750000	9.917056e+04	2.179320e-04
	65	88	-10.750000	51.500000	9.966334e+04	2.616229e-04
2022	2	18	5	6
	84	31	-6.000000	65.750000	9.467459e+04	3.453568e-04
	182	49	18.500000	61.250000	9.785772e+04	1.763309e-04
	58	68	-12.500000	56.500000	9.844097e+04	1.861574e-04
	86	81	-5.500000	53.250000	9.876962e+04	3.704852e-04
	137	117	7.250000	44.250000	1.016663e+05	9.636902e-05
2022	2	18	4	12
	75	30	-8.250000	66.000000	9.485123e+04	4.959902e-04
	192	50	21.000000	61.000000	9.817562e+04	1.762411e-04
	73	61	-8.750000	58.250000	9.816136e+04	3.287971e-04
	104	74	-1.000000	55.000000	9.821431e+04	3.883923e-04
2022	2	18	6	18
	64	29	-11.000000	66.250000	9.513494e+04	4.977180e-04
	0	36	-27.000000	64.500000	9.751227e+04	1.038710e-04
	46	37	-15.500000	64.250000	9.513494e+04	1.077706e-04
	204	50	24.000000	61.000000	9.835675e+04	1.375112e-04
	86	53	-5.500000	60.250000	9.780320e+04	3.394986e-04
	122	69	3.500000	56.250000	9.759238e+04	4.214991e-04
2022	2	19	4	0
	46	33	-15.500000	65.250000	9.591943e+04	2.660353e-04
	92	41	-4.000000	63.250000	9.699917e+04	2.805261e-04
	218	50	27.500000	61.000000	9.833819e+04	1.496258e-04
	137	68	7.250000	56.500000	9.749527e+04	4.253184e-04
2022	2	19	3	6
	52	41	-14.000000	63.250000	9.659979e+04	3.336940e-04
	224	47	29.000000	61.750000	9.829364e+04	1.208078e-04
	157	68	12.250000	56.500000	9.762384e+04	3.910415e-04
2022	2	19	4	12
	132	17	6.000000	69.250000	9.902929e+04	1.157016e-04
	66	43	-10.500000	62.750000	9.731629e+04	2.974112e-04
	227	44	29.750000	62.500000	9.837160e+04	9.322035e-05
	173	70	16.250000	56.000000	9.807109e+04	3.575266e-04
2022	2	19	5	18
	144	20	9.000000	68.500000	9.919811e+04	1.074983e-04
	77	41	-7.750000	63.250000	9.773345e+04	4.858555e-04
	228	43	30.000000	62.750000	9.847614e+04	9.005622e-05
	193	72	21.250000	55.500000	9.835226e+04	3.379866e-04
	125	90	4.250000	51.000000	1.005043e+05	4.035720e-04
2022	2	20	6	0
	172	23	16.000000	67.750000	9.923582e+04	2.129935e-05
	150	24	10.500000	67.500000	9.923582e+04	1.444576e-04
	80	40	-7.000000	63.500000	9.816448e+04	3.380838e-04
	0	53	-27.000000	60.250000	9.740676e+04	1.046737e-04
	234	61	31.500000	58.250000	9.839309e+04	1.083417e-04
	150	95	10.500000	49.750000	1.008675e+05	3.583869e-04
