2022	2	16	6	0
	58	40	-12.500000	63.500000	9.743275e+04	3.463978e-04
	185	43	19.250000	62.750000	9.902317e+04	1.669512e-04
	118	54	2.500000	60.000000	9.794602e+04	2.200454e-04
	65	67	-10.750000	56.750000	9.718038e+04	3.085212e-04
	171	121	15.750000	43.250000	1.014314e+05	1.339131e-05
	280	121	43.000000	43.250000	1.021119e+05	1.687030e-05
2022	2	16	5	3
	48	39	-15.000000	63.750000	9.734245e+04	2.843319e-04
	123	54	3.750000	60.000000	9.790055e+04	2.133215e-04
	75	66	-8.250000	57.000000	9.705997e+04	3.109706e-04
	90	70	-4.500000	56.000000	9.705997e+04	1.952629e-04
	280	121	43.000000	43.250000	1.021639e+05	3.270698e-05
2022	2	16	3	6
	45	38	-15.750000	64.000000	9.740402e+04	2.425027e-04
	99	67	-2.250000	56.750000	9.738759e+04	2.070194e-04
	280	121	43.000000	43.250000	1.022777e+05	2.682393e-05
2022	2	16	3	9
	37	36	-17.750000	64.500000	9.757642e+04	2.276389e-04
	44	61	-16.000000	58.250000	9.757764e+04	7.708526e-05
	109	66	0.250000	57.000000	9.742028e+04	2.535529e-04
2022	2	16	5	12
	110	35	0.500000	64.750000	9.761641e+04	1.800529e-04
	49	60	-14.750000	58.500000	9.728102e+04	9.817754e-05
	120	66	3.000000	57.000000	9.727433e+04	2.448507e-04
	64	68	-11.000000	56.500000	9.728102e+04	2.254156e-04
	183	138	18.750000	39.000000	1.012480e+05	1.808957e-04
2022	2	16	5	15
	106	36	-0.500000	64.500000	9.743807e+04	1.520770e-04
	70	55	-9.500000	59.750000	9.700478e+04	7.818775e-05
	130	66	5.500000	57.000000	9.714845e+04	2.415328e-04
	76	67	-8.000000	56.750000	9.692390e+04	2.814705e-04
	185	137	19.250000	39.250000	1.010581e+05	1.731617e-04
2022	2	16	4	18
	0	33	-27.000000	65.250000	9.802659e+04	4.741766e-05
	157	65	12.250000	57.250000	9.712655e+04	2.325843e-04
	89	67	-4.750000	56.750000	9.702865e+04	2.681999e-04
	185	135	19.250000	39.750000	1.010843e+05	1.503472e-04
2022	2	16	6	21
	0	31	-27.000000	65.750000	9.828155e+04	8.002904e-05
	172	64	16.000000	57.500000	9.690140e+04	2.010837e-04
	108	67	0.000000	56.750000	9.681139e+04	2.810052e-04
	137	117	7.250000	44.250000	1.011235e+05	5.987361e-05
	278	120	42.500000	43.500000	1.021239e+05	-3.626520e-05
	185	134	19.250000	40.000000	1.011483e+05	1.179991e-04
2022	2	17	5	0
	182	61	18.500000	58.250000	9.652830e+04	2.333207e-04
	157	65	12.250000	57.250000	9.658593e+04	1.058700e-04
	119	68	2.750000	56.500000	9.681793e+04	3.068697e-04
	278	120	42.500000	43.500000	1.019927e+05	-4.379477e-05
	184	134	19.000000	40.000000	1.011696e+05	1.199155e-04
2022	2	17	3	3
	187	59	19.750000	58.750000	9.623442e+04	2.598047e-04
	137	113	7.250000	45.250000	1.006022e+05	4.240549e-06
	183	134	18.750000	40.000000	1.011262e+05	9.613010e-05
2022	2	17	5	6
	191	58	20.750000	59.000000	9.597931e+04	2.694459e-04
	194	68	21.500000	56.500000	9.597931e+04	1.413694e-04
	0	108	-27.000000	46.500000	1.008491e+05	8.807940e-05
	137	113	7.250000	45.250000	1.006952e+05	-8.573577e-06
	279	121	42.750000	43.250000	1.017069e+05	-2.083808e-05
2022	2	17	5	9
	194	57	21.500000	59.250000	9.597552e+04	2.928541e-04
	204	65	24.000000	57.250000	9.597552e+04	1.466690e-04
	10	104	-24.500000	47.500000	1.004191e+05	1.502848e-04
	137	113	7.250000	45.250000	1.008144e+05	-1.319955e-05
	278	120	42.500000	43.500000	1.016768e+05	-2.566521e-05
2022	2	17	2	12
	200	58	23.000000	59.000000	9.602173e+04	2.375402e-04
	20	102	-22.000000	48.000000	9.981678e+04	1.861479e-04
2022	2	17	3	15
	216	55	27.000000	59.750000	9.604605e+04	1.511321e-04
	217	55	27.250000	59.750000	9.604605e+04	1.685566e-04
	28	96	-20.000000	49.500000	9.896357e+04	2.938122e-04
2022	2	17	4	18
	220	51	28.000000	60.750000	9.604499e+04	1.675742e-04
	51	52	-14.250000	60.500000	9.896950e+04	9.803547e-05
	36	90	-18.000000	51.000000	9.793203e+04	4.477952e-04
	158	108	12.500000	46.500000	1.006879e+05	1.135991e-05
2022	2	17	5	21
	222	49	28.500000	61.250000	9.607829e+04	1.521829e-04
	51	52	-14.250000	60.500000	9.886809e+04	7.622349e-05
	27	56	-20.250000	59.500000	9.888710e+04	1.431111e-04
	43	87	-16.250000	51.750000	9.697452e+04	4.977874e-04
	153	111	11.250000	45.750000	1.010808e+05	1.103060e-04
2022	2	18	4	0
	223	46	28.750000	62.000000	9.607342e+04	1.281963e-04
	26	55	-20.500000	59.750000	9.870481e+04	1.559858e-04
	55	60	-13.250000	58.500000	9.861830e+04	1.660219e-04
	53	84	-13.750000	52.500000	9.629722e+04	5.720225e-04
2022	2	18	3	3
	225	44	29.250000	62.500000	9.610976e+04	1.362101e-04
	62	81	-11.500000	53.250000	9.580660e+04	5.825213e-04
	138	117	7.500000	44.250000	1.013041e+05	7.581583e-05
2022	2	18	5	6
	226	42	29.500000	63.000000	9.615355e+04	1.127431e-04
	71	80	-9.250000	53.500000	9.581573e+04	5.602585e-04
	141	107	8.250000	46.750000	1.010379e+05	-7.957775e-05
	137	117	7.250000	44.250000	1.012520e+05	7.786385e-05
	250	161	35.500000	33.250000	1.010607e+05	-3.597495e-06
2022	2	18	6	9
	131	31	5.750000	65.750000	9.800257e+04	9.821061e-05
	132	31	6.000000	65.750000	9.800257e+04	9.517457e-05
	228	40	30.000000	63.500000	9.624279e+04	1.095693e-04
	37	57	-17.750000	59.250000	9.817756e+04	2.399775e-04
	85	79	-5.750000	53.750000	9.620630e+04	3.072361e-04
	251	162	35.750000	33.000000	1.009795e+05	1.906765e-06
2022	2	18	4	12
	132	32	6.000000	65.500000	9.794769e+04	7.300842e-05
	233	37	31.250000	64.250000	9.639178e+04	1.290126e-04
	43	58	-16.250000	59.000000	9.818395e+04	2.463998e-04
	101	75	-1.750000	54.750000	9.637384e+04	2.666857e-04
2022	2	18	5	15
	134	32	6.500000	65.500000	9.784978e+04	1.081347e-04
	236	35	32.000000	64.750000	9.651569e+04	9.406871e-05
	48	58	-15.000000	59.000000	9.828855e+04	2.576801e-04
	117	64	2.250000	57.500000	9.638205e+04	2.054295e-04
	115	73	1.750000	55.250000	9.638205e+04	2.340668e-04
2022	2	18	7	18
	6	7	-25.500000	71.750000	1.005300e+05	-2.537023e-05
	136	33	7.000000	65.250000	9.772450e+04	8.846489e-05
	239	34	32.750000	65.000000	9.653925e+04	6.996701e-05
	53	59	-13.750000	58.750000	9.847463e+04	2.188585e-04
	129	70	5.250000	56.000000	9.647616e+04	1.470027e-04
	240	140	33.000000	38.500000	1.009722e+05	7.834118e-05
	229	149	30.250000	36.250000	1.009689e+05	7.071522e-05
2022	2	18	8	21
	6	7	-25.500000	71.750000	1.005336e+05	-5.103876e-06
	244	31	34.000000	65.750000	9.655598e+04	6.581298e-05
	136	33	7.000000	65.250000	9.770002e+04	1.150363e-04
	60	61	-12.000000	58.250000	9.863138e+04	2.246805e-04
	141	68	8.250000	56.500000	9.662773e+04	1.736137e-04
	137	117	7.250000	44.250000	1.010974e+05	1.296630e-04
	227	150	29.750000	36.000000	1.008646e+05	1.626576e-04
	260	162	38.000000	33.000000	1.008974e+05	3.898419e-05
2022	2	19	8	0
	6	7	-25.500000	71.750000	1.005183e+05	6.787635e-07
	261	19	38.250000	68.750000	9.659444e+04	8.910828e-05
	248	30	35.000000	66.000000	9.659140e+04	8.366865e-05
	138	33	7.500000	65.250000	9.767251e+04	1.166198e-04
	66	62	-10.500000	58.000000	9.875939e+04	2.257846e-04
	157	68	12.250000	56.500000	9.669189e+04	2.400911e-04
	137	117	7.250000	44.250000	1.010975e+05	1.306569e-04
	226	151	29.500000	35.750000	1.007487e+05	1.706553e-04
2022	2	19	8	3
	259	19	37.750000	68.750000	9.662302e+04	1.073983e-04
	250	30	35.500000	66.000000	9.662302e+04	7.460072e-05
	140	33	8.000000	65.250000	9.768056e+04	9.052877e-05
	19	43	-22.250000	62.750000	9.899185e+04	8.118011e-05
	20	43	-22.000000	62.750000	9.899185e+04	8.002965e-05
	75	63	-8.250000	57.750000	9.890975e+04	2.610201e-04
	171	66	15.750000	57.000000	9.678144e+04	1.985057e-04
	138	118	7.500000	44.000000	1.010677e+05	1.212505e-04
2022	2	19	8	6
	260	18	38.000000	69.000000	9.680440e+04	1.213028e-04
	288	24	45.000000	67.500000	9.708627e+04	-2.880709e-05
	262	30	38.500000	66.000000	9.680075e+04	1.587625e-04
	140	32	8.000000	65.500000	9.777102e+04	9.331829e-05
	24	43	-21.000000	62.750000	9.886688e+04	8.197164e-05
	82	63	-6.500000	57.750000	9.916030e+04	2.235665e-04
	179	65	17.750000	57.250000	9.687874e+04	2.068691e-04
	138	118	7.500000	44.000000	1.010802e+05	1.276941e-04
2022	2	19	6	9
	261	19	38.250000	68.750000	9.692025e+04	9.486295e-05
	160	25	13.000000	67.250000	9.798280e+04	5.549459e-05
	270	28	40.500000	66.500000	9.692025e+04	2.022427e-04
	144	32	9.000000	65.500000	9.798280e+04	1.059408e-04
	189	63	20.250000	57.750000	9.711181e+04	1.709961e-04
	136	120	7.000000	43.500000	1.012970e+05	1.311724e-04
2022	2	19	5	12
	263	18	38.750000	69.000000	9.703807e+04	1.255167e-04
	277	25	42.250000	67.250000	9.703807e+04	1.797708e-04
	148	32	10.000000	65.500000	9.815521e+04	1.064590e-04
	201	61	23.250000	58.250000	9.738410e+04	1.220245e-04
	146	118	9.500000	44.000000	1.013132e+05	8.948740e-05
2022	2	19	4	15
	266	19	39.500000	68.750000	9.722431e+04	1.326850e-04
	152	32	11.000000	65.500000	9.831606e+04	1.373512e-04
	223	57	28.750000	59.250000	9.762629e+04	1.156488e-04
	146	119	9.500000	43.750000	1.012704e+05	6.134189e-05
2022	2	19	7	18
	275	14	41.750000	70.000000	9.740569e+04	6.825506e-05
	273	15	41.250000	69.750000	9.740569e+04	7.530480e-05
	153	32	11.250000	65.500000	9.851219e+04	1.645907e-04
	241	52	33.250000	60.500000	9.773120e+04	1.159340e-04
	160	118	13.000000	44.000000	1.013897e+05	-2.472030e-05
	151	125	10.750000	42.250000	1.013897e+05	3.330669e-05
	125	157	4.250000	34.250000	1.017500e+05	4.534522e-05
2022	2	19	6	21
	288	9	45.000000	71.250000	9.751713e+04	9.159641e-05
	154	33	11.500000	65.250000	9.872458e+04	1.740450e-04
	0	44	-27.000000	62.500000	9.578958e+04	1.389154e-04
	251	49	35.750000	61.250000	9.781025e+04	1.307903e-04
	168	123	15.000000	42.750000	1.014273e+05	1.276289e-05
	152	125	11.000000	42.250000	1.014273e+05	7.910117e-05
2022	2	20	7	0
	288	10	45.000000	71.000000	9.764636e+04	9.848241e-05
	156	33	12.000000	65.250000	9.897862e+04	1.326739e-04
	27	39	-20.250000	63.750000	9.546498e+04	9.416001e-05
	256	47	37.000000	61.750000	9.789387e+04	1.130509e-04
	0	48	-27.000000	61.500000	9.540904e+04	1.031404e-04
	170	123	15.500000	42.750000	1.013718e+05	4.085647e-05
	282	162	43.500000	33.000000	1.007728e+05	8.890558e-05
