2022	2	16	5	0
	55	39	-13.250000	63.750000	9.792338e+04	2.375077e-04
	120	52	3.000000	60.500000	9.798788e+04	1.834035e-04
	66	68	-10.500000	56.500000	9.732763e+04	2.869256e-04
	172	121	16.000000	43.250000	1.014462e+05	3.193607e-05
	280	121	43.000000	43.250000	1.020824e+05	2.558321e-05
2022	2	16	6	3
	49	38	-14.750000	64.000000	9.786182e+04	2.018097e-04
	122	51	3.500000	60.750000	9.790260e+04	1.781360e-04
	78	68	-7.500000	56.500000	9.722452e+04	2.936226e-04
	94	71	-3.500000	55.750000	9.722452e+04	2.232374e-04
	280	121	43.000000	43.250000	1.021481e+05	3.066631e-05
	174	123	16.500000	42.750000	1.014051e+05	5.102601e-05
2022	2	16	2	6
	123	50	3.750000	61.000000	9.784817e+04	1.485514e-04
	99	68	-2.250000	56.500000	9.746936e+04	2.256261e-04
2022	2	16	8	9
	116	35	2.000000	64.750000	9.780367e+04	1.972434e-04
	124	47	4.000000	61.750000	9.780770e+04	1.270362e-04
	44	61	-16.000000	58.250000	9.769202e+04	9.425490e-05
	112	67	1.000000	56.750000	9.755325e+04	2.362129e-04
	137	116	7.250000	44.500000	1.013014e+05	6.685498e-05
	279	120	42.750000	43.500000	1.021280e+05	3.261563e-05
	202	125	23.500000	42.250000	1.015820e+05	-6.267647e-05
	181	138	18.250000	39.000000	1.014507e+05	1.727902e-04
2022	2	16	7	12
	112	35	1.000000	64.750000	9.761465e+04	1.860887e-04
	48	39	-15.000000	63.750000	9.775327e+04	1.548219e-04
	126	45	4.500000	62.250000	9.761465e+04	1.032506e-04
	50	60	-14.500000	58.500000	9.737663e+04	1.153888e-04
	67	68	-10.250000	56.500000	9.736299e+04	1.898218e-04
	126	68	4.500000	56.500000	9.745138e+04	2.259930e-04
	184	136	19.000000	39.500000	1.011758e+05	1.695904e-04
2022	2	16	5	15
	108	36	0.000000	64.500000	9.746191e+04	1.517484e-04
	44	40	-16.000000	63.500000	9.770397e+04	1.389817e-04
	78	66	-7.500000	57.000000	9.695580e+04	2.965214e-04
	151	67	10.750000	56.750000	9.727367e+04	2.333342e-04
	185	134	19.250000	40.000000	1.010109e+05	1.666885e-04
2022	2	16	3	18
	93	66	-3.750000	57.000000	9.708450e+04	2.977015e-04
	160	66	13.000000	57.000000	9.711427e+04	2.808710e-04
	184	131	19.000000	40.750000	1.010956e+05	1.080000e-04
2022	2	16	5	21
	170	65	15.500000	57.250000	9.679112e+04	2.428320e-04
	108	66	0.000000	57.000000	9.691766e+04	2.478577e-04
	137	117	7.250000	44.250000	1.010823e+05	4.066493e-05
	278	120	42.500000	43.500000	1.021325e+05	-3.980398e-05
	181	130	18.250000	41.000000	1.011672e+05	1.182742e-04
2022	2	17	3	0
	288	10	45.000000	71.000000	9.900229e+04	9.858696e-05
	182	63	18.500000	57.750000	9.661963e+04	2.362649e-04
	120	67	3.000000	56.750000	9.701147e+04	2.197496e-04
2022	2	17	3	3
	127	37	4.750000	64.250000	9.728763e+04	1.006515e-04
	191	59	20.750000	58.750000	9.634564e+04	2.098530e-04
	135	69	6.750000	56.250000	9.718700e+04	2.037393e-04
2022	2	17	6	6
	5	0	-25.750000	73.500000	1.003967e+05	-1.664186e-05
	288	12	45.000000	70.500000	9.908198e+04	8.713298e-05
	125	37	4.250000	64.250000	9.726841e+04	1.033627e-04
	195	57	21.750000	59.250000	9.620314e+04	2.193031e-04
	0	109	-27.000000	46.250000	1.008953e+05	1.116234e-04
	279	121	42.750000	43.250000	1.015764e+05	-1.354536e-05
2022	2	17	4	9
	123	37	3.750000	64.250000	9.732283e+04	1.201775e-04
	199	56	22.750000	59.500000	9.622066e+04	2.227547e-04
	7	107	-25.250000	46.750000	1.005020e+05	2.169975e-04
	278	120	42.500000	43.500000	1.015803e+05	-8.605542e-06
2022	2	17	3	12
	122	37	3.500000	64.250000	9.738501e+04	1.055504e-04
	205	55	24.250000	59.750000	9.622640e+04	1.735886e-04
	17	104	-22.750000	47.500000	1.000910e+05	2.719551e-04
2022	2	17	3	15
	121	37	3.250000	64.250000	9.745758e+04	1.046171e-04
	211	52	25.750000	60.500000	9.628206e+04	8.912206e-05
	30	99	-19.500000	48.750000	9.942343e+04	3.105143e-04
2022	2	17	4	18
	119	39	2.750000	63.750000	9.755805e+04	7.276321e-05
	120	39	3.000000	63.750000	9.755805e+04	7.055693e-05
	213	44	26.250000	62.500000	9.632005e+04	9.153967e-05
	40	94	-17.000000	50.000000	9.870131e+04	3.844507e-04
2022	2	17	4	21
	139	38	7.750000	64.000000	9.764535e+04	3.714200e-05
	214	42	26.500000	63.000000	9.633944e+04	7.901392e-05
	215	42	26.750000	63.000000	9.633944e+04	7.832091e-05
	48	93	-15.000000	50.250000	9.816977e+04	5.669552e-04
2022	2	18	3	0
	215	40	26.750000	63.500000	9.636487e+04	9.157883e-05
	60	90	-12.000000	51.000000	9.756876e+04	6.092401e-04
	153	111	11.250000	45.750000	1.011806e+05	1.101012e-04
2022	2	18	5	3
	6	7	-25.500000	71.750000	1.001924e+05	-4.300169e-05
	218	37	27.500000	64.250000	9.639727e+04	8.406986e-05
	59	48	-12.250000	61.500000	9.817690e+04	1.674100e-04
	76	84	-8.000000	52.500000	9.703721e+04	4.491377e-04
	153	111	11.250000	45.750000	1.012071e+05	7.608989e-05
2022	2	18	4	6
	6	7	-25.500000	71.750000	1.000505e+05	-3.698187e-05
	223	36	28.750000	64.500000	9.644333e+04	8.255948e-05
	60	49	-12.000000	61.250000	9.789779e+04	2.012777e-04
	89	82	-4.750000	53.000000	9.655435e+04	5.066898e-04
2022	2	18	4	9
	6	7	-25.500000	71.750000	1.000043e+05	-3.822819e-05
	227	34	29.750000	65.000000	9.653078e+04	9.893815e-05
	59	51	-12.250000	60.750000	9.771513e+04	2.610842e-04
	106	79	-0.500000	53.750000	9.609273e+04	2.701696e-04
2022	2	18	5	12
	6	7	-25.500000	71.750000	1.000835e+05	-3.427298e-05
	236	31	32.000000	65.750000	9.661653e+04	9.483068e-05
	62	54	-11.500000	60.000000	9.776258e+04	3.489895e-04
	120	75	3.000000	54.750000	9.580882e+04	2.641657e-04
	274	118	41.500000	44.000000	1.002811e+05	-7.463442e-05
2022	2	18	5	15
	6	7	-25.500000	71.750000	1.001950e+05	-4.433525e-05
	241	27	33.250000	66.750000	9.668600e+04	1.032623e-04
	70	56	-9.500000	59.500000	9.781731e+04	2.332384e-04
	132	73	6.000000	55.250000	9.573222e+04	3.465320e-04
	277	118	42.250000	44.000000	1.004803e+05	4.808596e-07
2022	2	18	5	18
	6	7	-25.500000	71.750000	1.001217e+05	-3.237265e-05
	242	25	33.500000	67.250000	9.667421e+04	8.737290e-05
	0	47	-27.000000	61.750000	9.852672e+04	9.621870e-05
	80	58	-7.000000	59.000000	9.789686e+04	2.815750e-04
	143	72	8.750000	55.500000	9.593427e+04	3.330767e-04
2022	2	18	6	21
	240	16	33.000000	69.500000	9.664847e+04	1.520496e-04
	0	47	-27.000000	61.750000	9.858920e+04	6.229398e-05
	89	58	-4.750000	59.000000	9.801673e+04	2.660040e-04
	4	60	-26.000000	58.500000	9.859820e+04	1.333012e-04
	157	72	12.250000	55.500000	9.630920e+04	2.771916e-04
	152	108	11.000000	46.500000	1.007442e+05	-4.245439e-07
2022	2	19	3	0
	234	15	31.500000	69.750000	9.661746e+04	1.911543e-04
	13	60	-23.750000	58.500000	9.864223e+04	1.658121e-04
	172	70	16.000000	56.000000	9.654117e+04	2.248551e-04
2022	2	19	2	3
	230	16	30.500000	69.500000	9.656055e+04	1.792683e-04
	185	68	19.250000	56.500000	9.669220e+04	1.107598e-04
2022	2	19	4	6
	242	13	33.500000	70.250000	9.661560e+04	1.402225e-04
	41	61	-16.750000	58.250000	9.884505e+04	1.338865e-04
	195	67	21.750000	56.750000	9.698620e+04	7.448411e-05
	92	147	-4.000000	36.750000	1.017079e+05	5.459178e-05
2022	2	19	6	9
	240	13	33.000000	70.250000	9.671592e+04	1.470445e-04
	204	65	24.000000	57.250000	9.730888e+04	1.043776e-04
	174	114	16.500000	45.000000	1.014508e+05	9.774668e-05
	87	148	-5.250000	36.500000	1.019598e+05	7.225660e-05
	104	149	-1.000000	36.250000	1.019967e+05	6.554511e-05
	265	162	39.250000	33.000000	1.011986e+05	5.718087e-05
2022	2	19	4	12
	6	7	-25.500000	71.750000	9.973014e+04	-5.108412e-05
	237	13	32.250000	70.250000	9.680477e+04	1.431375e-04
	66	19	-10.500000	68.750000	9.838980e+04	2.077415e-04
	217	62	27.250000	58.000000	9.750502e+04	8.209706e-05
2022	2	19	6	15
	6	7	-25.500000	71.750000	9.967634e+04	-4.858556e-05
	236	14	32.000000	70.000000	9.695192e+04	1.425873e-04
	62	20	-11.500000	68.500000	9.847663e+04	2.395740e-04
	0	60	-27.000000	58.500000	9.770211e+04	1.276382e-04
	227	61	29.750000	58.250000	9.768489e+04	4.489497e-05
	137	76	7.250000	54.500000	9.882645e+04	1.716691e-04
2022	2	19	6	18
	6	7	-25.500000	71.750000	9.957368e+04	-4.717500e-05
	243	13	33.750000	70.250000	9.707055e+04	1.152893e-04
	58	21	-12.500000	68.250000	9.851912e+04	2.382771e-04
	0	55	-27.000000	59.750000	9.665793e+04	1.427938e-04
	232	56	31.000000	59.500000	9.778366e+04	6.242423e-05
	149	75	10.250000	54.750000	9.875000e+04	1.594388e-04
2022	2	19	7	21
	6	7	-25.500000	71.750000	9.946591e+04	-2.525934e-05
	280	8	43.000000	71.500000	9.718932e+04	1.002649e-04
	245	13	34.250000	70.250000	9.718669e+04	1.218239e-04
	54	21	-13.500000	68.250000	9.856688e+04	2.140156e-04
	0	51	-27.000000	60.750000	9.602063e+04	1.433430e-04
	240	56	33.000000	59.500000	9.786895e+04	4.589136e-05
	159	74	12.750000	55.000000	9.870845e+04	1.790254e-04
2022	2	20	8	0
	284	6	44.000000	72.000000	9.730949e+04	1.042026e-04
	285	6	44.250000	72.000000	9.731182e+04	1.011648e-04
	6	7	-25.500000	71.750000	9.934730e+04	-7.038114e-06
	247	13	34.750000	70.250000	9.728375e+04	1.313966e-04
	47	21	-15.250000	68.250000	9.851633e+04	2.153140e-04
	0	48	-27.000000	61.500000	9.558259e+04	1.099501e-04
	0	56	-27.000000	59.500000	9.558259e+04	1.515671e-04
	165	74	14.250000	55.000000	9.875062e+04	1.830596e-04
