2022	2	10	8	0
	148	22	10.000000	68.000000	9.647873e+04	5.127520e-04
	59	55	-12.250000	59.750000	9.853902e+04	4.523004e-04
	152	106	11.000000	47.000000	1.022424e+05	-4.022048e-05
	139	110	7.750000	46.000000	1.022424e+05	-7.495935e-05
	282	140	43.500000	38.500000	1.008952e+05	6.875841e-06
	39	149	-17.250000	36.250000	1.020371e+05	8.704126e-05
	38	150	-17.500000	36.000000	1.020371e+05	8.035303e-05
	250	151	35.500000	35.750000	1.007510e+05	1.190305e-04
2022	2	10	5	6
	175	4	16.750000	72.500000	9.711091e+04	1.473523e-04
	6	7	-25.500000	71.750000	1.003332e+05	-3.307314e-06
	166	22	14.500000	68.000000	9.669494e+04	3.773130e-04
	76	59	-8.000000	58.750000	9.905762e+04	4.861086e-04
	235	147	31.750000	36.750000	1.010378e+05	2.859502e-06
2022	2	10	8	12
	203	0	23.750000	73.500000	9.725231e+04	-2.183213e-05
	171	3	15.750000	72.750000	9.725231e+04	2.633934e-04
	193	12	21.250000	70.500000	9.725231e+04	-1.740489e-05
	23	19	-21.250000	68.750000	1.001827e+05	1.158605e-04
	190	25	20.500000	67.250000	9.741310e+04	1.792679e-04
	94	63	-3.500000	57.750000	9.994438e+04	3.741484e-04
	137	117	7.250000	44.250000	1.022687e+05	1.230758e-04
	283	139	43.750000	38.750000	1.010199e+05	1.409657e-05
2022	2	10	8	18
	215	0	26.750000	73.500000	9.746641e+04	1.003702e-05
	182	6	18.500000	72.000000	9.746641e+04	2.136970e-04
	41	14	-16.750000	70.000000	9.967190e+04	1.501670e-04
	207	26	24.750000	67.000000	9.794835e+04	1.326196e-04
	110	68	0.500000	56.500000	1.004272e+05	3.250013e-04
	137	117	7.250000	44.250000	1.022683e+05	1.028507e-04
	46	156	-15.500000	34.500000	1.021368e+05	3.371119e-05
	87	156	-5.250000	34.500000	1.021387e+05	-3.553863e-06
2022	2	11	7	0
	220	0	28.000000	73.500000	9.768030e+04	1.700115e-05
	198	6	22.500000	72.000000	9.768030e+04	1.931680e-04
	51	10	-14.250000	71.000000	9.925803e+04	1.530497e-04
	213	13	26.250000	70.250000	9.768030e+04	-2.587275e-05
	0	73	-27.000000	55.250000	9.987568e+04	1.331199e-04
	123	74	3.750000	55.000000	1.008431e+05	3.172127e-04
	135	119	6.750000	43.750000	1.022540e+05	7.579513e-05
2022	2	11	3	6
	200	4	23.000000	72.500000	9.779873e+04	1.801212e-04
	51	13	-14.250000	70.250000	9.914761e+04	2.946373e-04
	135	79	6.750000	53.750000	1.013305e+05	2.372959e-04
2022	2	11	7	12
	210	7	25.500000	71.750000	9.804508e+04	2.407627e-04
	83	9	-6.250000	71.250000	9.933326e+04	8.244748e-05
	75	17	-8.250000	69.250000	9.933326e+04	1.825922e-04
	0	57	-27.000000	59.250000	9.879295e+04	6.264477e-05
	19	59	-22.250000	58.750000	9.883025e+04	1.015379e-04
	2	68	-26.500000	56.500000	9.878537e+04	1.205931e-04
	134	119	6.500000	43.750000	1.021368e+05	8.702868e-05
2022	2	11	5	18
	224	7	29.000000	71.750000	9.808195e+04	2.422584e-04
	137	16	7.250000	69.500000	9.907406e+04	1.529750e-04
	20	56	-22.000000	59.500000	9.874090e+04	1.077750e-04
	19	64	-22.250000	57.500000	9.874090e+04	1.153049e-04
	281	79	43.250000	53.750000	1.003591e+05	1.324185e-04
2022	2	12	4	0
	135	0	6.750000	73.500000	9.849477e+04	1.206420e-04
	233	8	31.250000	71.500000	9.801473e+04	2.914000e-04
	161	15	13.250000	69.750000	9.871751e+04	1.343289e-04
	27	55	-20.250000	59.750000	9.860477e+04	1.656830e-04
2022	2	12	4	6
	147	0	9.750000	73.500000	9.830827e+04	1.688633e-04
	242	7	33.500000	71.750000	9.787523e+04	3.590177e-04
	164	15	14.000000	69.750000	9.846338e+04	2.558894e-04
	49	54	-14.750000	60.000000	9.847285e+04	1.340832e-04
2022	2	12	3	12
	156	3	12.000000	72.750000	9.845516e+04	2.218820e-04
	247	6	34.750000	72.000000	9.788577e+04	3.438830e-04
	65	54	-10.750000	60.000000	9.841933e+04	1.229387e-04
2022	2	12	4	18
	169	4	15.250000	72.500000	9.843113e+04	2.143101e-04
	247	5	34.750000	72.250000	9.789525e+04	4.263826e-04
	75	52	-8.250000	60.500000	9.830090e+04	1.706833e-04
	74	53	-8.500000	60.250000	9.830090e+04	1.733625e-04
2022	2	13	5	0
	177	5	17.250000	72.250000	9.841364e+04	2.448765e-04
	249	5	35.250000	72.250000	9.798839e+04	3.592468e-04
	95	44	-3.250000	62.500000	9.819427e+04	1.531068e-04
	36	101	-18.000000	48.250000	9.997852e+04	1.736747e-04
	37	101	-17.750000	48.250000	9.997852e+04	1.686171e-04
2022	2	13	7	6
	219	0	27.750000	73.500000	9.814496e+04	-2.415239e-05
	220	0	28.000000	73.500000	9.814496e+04	-3.219299e-05
	221	0	28.250000	73.500000	9.814496e+04	-3.910803e-05
	256	4	37.000000	72.500000	9.814496e+04	3.233494e-04
	184	6	19.000000	72.000000	9.823115e+04	3.340036e-04
	124	37	4.000000	64.250000	9.784067e+04	1.992790e-04
	57	97	-12.750000	49.250000	9.893646e+04	2.245584e-04
2022	2	13	4	12
	263	1	38.750000	73.250000	9.839341e+04	2.207769e-04
	194	4	21.500000	72.500000	9.817889e+04	2.401522e-04
	144	34	9.000000	65.000000	9.770159e+04	2.306956e-04
	70	95	-9.500000	49.750000	9.830259e+04	3.774234e-04
2022	2	13	5	18
	186	2	19.500000	73.000000	9.801831e+04	2.638565e-04
	156	33	12.000000	65.250000	9.778335e+04	2.450284e-04
	89	89	-4.750000	51.250000	9.778883e+04	3.403540e-04
	262	121	38.500000	43.250000	1.026792e+05	1.060941e-04
	278	121	42.500000	43.250000	1.026792e+05	3.982527e-05
2022	2	14	5	0
	182	3	18.500000	72.750000	9.791232e+04	2.152552e-04
	169	33	15.250000	65.250000	9.785395e+04	1.095823e-04
	10	39	-24.500000	63.750000	1.000674e+05	1.034659e-04
	20	46	-22.000000	62.000000	1.000674e+05	1.266627e-04
	110	83	0.500000	52.750000	9.744007e+04	3.553275e-04
2022	2	14	6	6
	173	6	16.250000	72.000000	9.775595e+04	2.725623e-04
	183	22	18.750000	68.000000	9.794920e+04	6.279162e-05
	200	30	23.000000	66.000000	9.794920e+04	4.148113e-05
	7	34	-25.250000	65.000000	9.977452e+04	8.393259e-05
	126	77	4.500000	54.250000	9.729045e+04	3.609343e-04
	171	103	15.750000	47.750000	1.007213e+05	1.518268e-04
2022	2	14	2	12
	169	11	15.250000	70.750000	9.775048e+04	2.761750e-04
	143	72	8.750000	55.500000	9.772371e+04	2.692636e-04
2022	2	14	7	18
	188	6	20.000000	72.000000	9.774205e+04	1.606861e-04
	173	15	16.250000	69.750000	9.774205e+04	2.159738e-04
	216	19	27.000000	68.750000	9.786848e+04	2.925811e-05
	288	20	45.000000	68.500000	9.976462e+04	7.969308e-05
	0	36	-27.000000	64.500000	9.924812e+04	4.036966e-05
	166	61	14.500000	58.250000	9.824148e+04	1.150547e-04
	167	61	14.750000	58.250000	9.824148e+04	1.201417e-04
2022	2	15	6	0
	181	12	18.250000	70.500000	9.774795e+04	2.664526e-04
	214	14	26.500000	70.000000	9.774795e+04	1.947949e-04
	0	32	-27.000000	65.500000	9.890464e+04	1.020468e-04
	200	52	23.000000	60.500000	9.846401e+04	1.453600e-04
	152	116	11.000000	44.500000	1.009959e+05	2.785426e-05
	137	120	7.250000	43.500000	1.009959e+05	9.208146e-05
2022	2	15	3	6
	213	8	26.250000	71.500000	9.775153e+04	1.132428e-04
	0	65	-27.000000	57.250000	9.798966e+04	8.373451e-05
	146	118	9.500000	44.000000	1.008307e+05	1.210477e-04
2022	2	15	5	12
	207	9	24.750000	71.250000	9.779030e+04	1.600118e-04
	196	17	22.000000	69.250000	9.779030e+04	1.175011e-04
	0	52	-27.000000	60.500000	9.569903e+04	2.107274e-04
	110	102	0.500000	48.000000	1.019296e+05	1.176302e-04
	150	119	10.500000	43.750000	1.007669e+05	1.398341e-04
2022	2	15	4	18
	216	10	27.000000	71.000000	9.815887e+04	1.876305e-04
	288	26	45.000000	67.000000	9.930249e+04	7.813597e-05
	2	40	-26.500000	63.500000	9.424648e+04	4.062576e-04
	168	120	15.000000	43.500000	1.006177e+05	8.645926e-05
2022	2	16	7	0
	226	7	29.500000	71.750000	9.830090e+04	2.064549e-04
	256	9	37.000000	71.250000	9.830090e+04	7.277301e-05
	288	24	45.000000	67.500000	9.912780e+04	1.053606e-04
	2	31	-26.500000	65.750000	9.362905e+04	4.286174e-04
	38	35	-17.500000	64.750000	9.435522e+04	1.078313e-04
	167	117	14.750000	44.250000	1.009359e+05	1.244000e-04
	281	121	43.250000	43.250000	1.018974e+05	1.491994e-07
2022	2	16	5	6
	229	10	30.250000	71.000000	9.832830e+04	2.269743e-04
	53	34	-13.750000	65.000000	9.589185e+04	1.976753e-04
	281	121	43.250000	43.250000	1.020744e+05	-1.167518e-05
	175	125	16.750000	42.250000	1.011411e+05	9.621275e-05
	158	129	12.500000	41.250000	1.011784e+05	1.058966e-04
2022	2	16	5	12
	235	10	31.750000	71.000000	9.845516e+04	2.074003e-04
	288	13	45.000000	70.250000	9.917500e+04	-5.285962e-05
	47	25	-15.250000	67.250000	9.589691e+04	3.554825e-04
	63	30	-11.250000	66.000000	9.589691e+04	3.237492e-04
	0	32	-27.000000	65.500000	9.607771e+04	9.624138e-05
2022	2	16	7	18
	205	10	24.250000	71.000000	9.830996e+04	1.368954e-04
	241	12	33.250000	70.500000	9.830806e+04	2.465713e-04
	28	18	-20.000000	69.000000	9.640855e+04	3.194189e-04
	84	26	-6.000000	67.000000	9.612871e+04	3.535262e-04
	18	98	-22.500000	49.000000	9.977663e+04	1.778309e-04
	177	141	17.250000	38.250000	1.017295e+05	5.197622e-05
	164	146	14.000000	37.000000	1.017295e+05	6.306515e-05
2022	2	17	4	0
	236	9	32.000000	71.250000	9.815908e+04	2.457659e-04
	78	21	-7.500000	68.250000	9.649959e+04	3.662101e-04
	108	24	0.000000	67.500000	9.649959e+04	2.615158e-04
	46	83	-15.500000	52.750000	9.896006e+04	3.008775e-04
2022	2	17	3	6
	237	10	32.250000	71.000000	9.795530e+04	2.689290e-04
	71	18	-9.250000	69.000000	9.668609e+04	3.736879e-04
	67	71	-10.250000	55.750000	9.785984e+04	4.682567e-04
2022	2	17	3	12
	231	7	30.750000	71.750000	9.792201e+04	2.889564e-04
	62	16	-11.500000	69.500000	9.647557e+04	4.011353e-04
	98	59	-2.500000	58.750000	9.749234e+04	3.193744e-04
2022	2	17	6	18
	222	4	28.500000	72.500000	9.778946e+04	2.738606e-04
	122	14	3.500000	70.000000	9.751636e+04	2.061917e-04
	50	15	-14.500000	69.750000	9.610805e+04	4.690229e-04
	125	52	4.250000	60.500000	9.696256e+04	4.525536e-04
	145	58	9.250000	59.000000	9.696256e+04	2.768483e-04
	183	162	18.750000	33.000000	1.017956e+05	-2.784833e-06
2022	2	18	7	0
	203	1	23.750000	73.250000	9.759686e+04	1.886816e-04
	125	13	4.250000	70.250000	9.736442e+04	2.376642e-04
	33	15	-18.750000	69.750000	9.571126e+04	6.976003e-04
	6	18	-25.500000	69.000000	9.571126e+04	-1.964025e-04
	72	28	-9.000000	66.500000	9.738191e+04	1.703414e-04
	165	52	14.250000	60.500000	9.750772e+04	2.327910e-04
	183	162	18.750000	33.000000	1.018405e+05	2.626852e-05
2022	2	18	6	6
	181	1	18.250000	73.250000	9.744640e+04	1.746927e-04
	137	15	7.250000	69.750000	9.717877e+04	2.986047e-04
	15	20	-23.250000	68.500000	9.591777e+04	4.904259e-04
	68	23	-10.000000	67.750000	9.731511e+04	2.046169e-04
	192	50	21.000000	61.000000	9.726138e+04	2.385227e-04
	152	106	11.000000	47.000000	1.017311e+05	-8.667533e-05
2022	2	18	5	12
	165	2	14.250000	73.000000	9.735705e+04	1.999260e-04
	156	15	12.000000	69.750000	9.711218e+04	3.026476e-04
	65	21	-10.750000	68.250000	9.752773e+04	2.414875e-04
	229	50	30.250000	61.000000	9.729678e+04	1.885400e-04
	137	117	7.250000	44.250000	1.019634e+05	1.238822e-04
2022	2	18	7	18
	156	3	12.000000	72.750000	9.693412e+04	2.372626e-04
	174	12	16.500000	70.500000	9.693412e+04	3.969824e-04
	61	22	-11.750000	68.000000	9.748348e+04	2.538554e-04
	56	47	-13.000000	61.750000	9.782550e+04	2.277111e-04
	250	50	35.500000	61.000000	9.733681e+04	1.373578e-04
	288	56	45.000000	59.500000	9.860583e+04	6.197688e-05
	138	122	7.500000	43.000000	1.020774e+05	1.026128e-04
2022	2	19	8	0
	150	4	10.500000	72.500000	9.706835e+04	1.946113e-04
	183	9	18.750000	71.250000	9.706835e+04	3.033123e-04
	67	21	-10.250000	68.250000	9.774963e+04	2.267388e-04
	3	33	-26.250000	65.250000	9.822652e+04	8.949979e-05
	71	43	-9.250000	62.750000	9.738191e+04	3.425967e-04
	266	52	39.500000	60.500000	9.735873e+04	9.225924e-05
	288	55	45.000000	59.750000	9.781264e+04	7.612329e-05
	141	124	8.250000	42.500000	1.023366e+05	8.334369e-05
2022	2	19	4	6
	142	5	8.500000	72.250000	9.725463e+04	1.666170e-04
	186	6	19.500000	72.000000	9.713747e+04	2.567109e-04
	91	44	-4.250000	62.500000	9.740172e+04	3.590338e-04
	277	54	42.250000	60.000000	9.740762e+04	7.000937e-05
2022	2	19	5	12
	181	3	18.250000	72.750000	9.745925e+04	3.099919e-04
	140	7	8.000000	71.750000	9.752921e+04	1.538724e-04
	123	39	3.750000	63.750000	9.798544e+04	1.029752e-04
	115	47	1.750000	61.750000	9.798544e+04	3.018177e-04
	82	160	-6.500000	33.500000	1.025427e+05	8.609952e-06
2022	2	19	3	18
	165	0	14.250000	73.500000	9.791358e+04	2.492406e-04
	144	10	9.000000	71.000000	9.791358e+04	1.744085e-04
	0	47	-27.000000	61.750000	1.001081e+05	8.279028e-05
2022	2	20	3	0
	148	2	10.000000	73.000000	9.877884e+04	3.293373e-04
	154	15	11.500000	69.750000	9.902665e+04	1.948050e-04
	190	60	20.500000	58.500000	9.927552e+04	7.011679e-05
