2022	2	14	5	0
	5	6	-25.750000	72.000000	9.975644e+04	-4.119174e-05
	223	13	28.750000	70.250000	9.831670e+04	1.384305e-04
	1	17	-26.750000	69.250000	9.975644e+04	1.661148e-05
	114	64	1.500000	57.500000	9.843534e+04	8.646305e-05
	102	71	-1.500000	55.750000	9.843534e+04	1.706214e-04
2022	2	14	4	3
	225	9	29.250000	71.250000	9.801695e+04	2.295934e-04
	198	17	22.500000	69.250000	9.801729e+04	4.626867e-05
	117	61	2.250000	58.250000	9.838844e+04	7.555315e-05
	104	71	-1.000000	55.750000	9.838827e+04	1.833993e-04
2022	2	14	2	6
	224	8	29.000000	71.500000	9.783412e+04	2.323948e-04
	117	70	2.250000	56.000000	9.841326e+04	1.631302e-05
2022	2	14	4	9
	227	8	29.750000	71.500000	9.779320e+04	2.133598e-04
	0	54	-27.000000	60.000000	9.799692e+04	1.413247e-04
	123	68	3.750000	56.500000	9.843243e+04	1.230167e-04
	107	73	-0.250000	55.250000	9.843243e+04	1.857592e-04
2022	2	14	3	12
	226	9	29.500000	71.250000	9.777780e+04	2.096782e-04
	0	48	-27.000000	61.500000	9.753709e+04	1.671920e-04
	131	65	5.750000	57.250000	9.837183e+04	1.946360e-04
2022	2	14	4	15
	6	7	-25.500000	71.750000	9.984716e+04	3.963242e-05
	242	12	33.500000	70.500000	9.787486e+04	1.803501e-04
	1	45	-26.750000	62.250000	9.709713e+04	1.674146e-04
	134	62	6.500000	58.000000	9.825388e+04	2.350622e-04
2022	2	14	10	18
	227	6	29.750000	72.000000	9.787006e+04	3.016016e-04
	228	6	30.000000	72.000000	9.787006e+04	2.820649e-04
	288	11	45.000000	70.750000	9.911173e+04	9.768665e-05
	247	12	34.750000	70.500000	9.787006e+04	2.124155e-04
	248	12	35.000000	70.500000	9.787006e+04	2.109865e-04
	27	39	-20.250000	63.750000	9.694272e+04	-9.726884e-05
	0	41	-27.000000	63.250000	9.692320e+04	1.283181e-04
	31	50	-19.250000	61.000000	9.742924e+04	1.947314e-04
	138	60	7.500000	58.500000	9.840487e+04	2.497951e-04
	136	121	7.000000	43.250000	1.010750e+05	1.410267e-04
2022	2	14	7	21
	244	3	34.000000	72.750000	9.795019e+04	1.070547e-04
	254	12	36.500000	70.500000	9.795019e+04	2.519932e-04
	0	37	-27.000000	64.250000	9.705588e+04	1.085365e-04
	26	45	-20.500000	62.250000	9.724573e+04	2.239213e-04
	128	54	5.000000	60.000000	9.860311e+04	5.659640e-05
	142	58	8.500000	59.000000	9.860311e+04	2.388126e-04
	138	121	7.500000	43.250000	1.010556e+05	1.215169e-04
2022	2	15	8	0
	239	4	32.750000	72.500000	9.795823e+04	6.847281e-05
	6	7	-25.500000	71.750000	9.970456e+04	5.281194e-05
	263	11	38.750000	70.750000	9.795823e+04	2.027124e-04
	264	11	39.000000	70.750000	9.795823e+04	2.129411e-04
	17	40	-22.750000	63.500000	9.733149e+04	2.449178e-04
	127	50	4.750000	61.000000	9.870462e+04	1.267583e-04
	147	56	9.750000	59.500000	9.870462e+04	2.812448e-04
	145	118	9.250000	44.000000	1.010808e+05	1.130135e-04
2022	2	15	7	3
	235	7	31.750000	71.750000	9.799692e+04	2.461778e-04
	265	10	39.250000	71.000000	9.799692e+04	2.395587e-04
	4	35	-26.000000	64.750000	9.717845e+04	1.629881e-04
	28	38	-20.000000	64.000000	9.717845e+04	1.025303e-04
	126	49	4.500000	61.250000	9.874897e+04	1.400266e-04
	152	51	11.000000	60.750000	9.871130e+04	3.081781e-04
	146	117	9.500000	44.250000	1.009341e+05	1.133792e-04
2022	2	15	6	6
	268	10	40.000000	71.000000	9.804999e+04	2.541728e-04
	24	35	-21.000000	64.750000	9.718427e+04	2.008627e-04
	126	48	4.500000	61.500000	9.869898e+04	1.856647e-04
	155	50	11.750000	61.000000	9.875051e+04	2.971966e-04
	0	85	-27.000000	52.250000	9.882995e+04	1.357571e-04
	155	117	11.750000	44.250000	1.010029e+05	1.019047e-04
2022	2	15	7	9
	271	10	40.750000	71.000000	9.817941e+04	2.611579e-04
	35	35	-18.250000	64.750000	9.752220e+04	1.639485e-04
	126	47	4.500000	61.750000	9.865635e+04	1.964778e-04
	159	47	12.750000	61.750000	9.870343e+04	2.699344e-04
	74	50	-8.500000	61.000000	9.797843e+04	2.694811e-04
	4	81	-26.000000	53.250000	9.828777e+04	2.581261e-04
	158	113	12.500000	45.250000	1.010993e+05	1.039028e-04
2022	2	15	7	12
	276	10	42.000000	71.000000	9.830678e+04	2.549343e-04
	140	41	8.000000	63.250000	9.864060e+04	7.507113e-05
	140	42	8.000000	63.000000	9.864060e+04	4.151876e-05
	73	48	-8.750000	61.500000	9.795584e+04	2.700735e-04
	14	78	-23.500000	54.000000	9.805804e+04	2.985873e-04
	160	111	13.000000	45.750000	1.011080e+05	9.069576e-05
	156	162	12.000000	33.000000	1.017162e+05	1.371440e-05
2022	2	15	6	15
	278	9	42.500000	71.250000	9.836960e+04	2.475407e-04
	0	40	-27.000000	63.500000	9.730188e+04	3.035201e-05
	74	46	-8.500000	62.000000	9.804965e+04	2.670956e-04
	24	76	-21.000000	54.500000	9.779816e+04	3.104200e-04
	161	111	13.250000	45.750000	1.011624e+05	8.782465e-05
	164	162	14.000000	33.000000	1.015944e+05	-2.570821e-05
2022	2	15	4	18
	283	9	43.750000	71.250000	9.844339e+04	2.845463e-04
	74	45	-8.500000	62.250000	9.797312e+04	2.486621e-04
	39	74	-17.250000	55.000000	9.778927e+04	2.955304e-04
	164	161	14.000000	33.250000	1.016700e+05	1.828906e-06
2022	2	15	4	21
	288	9	45.000000	71.250000	9.856511e+04	1.261977e-04
	73	43	-8.750000	62.750000	9.793974e+04	2.634390e-04
	123	55	3.750000	59.750000	9.834290e+04	1.475949e-04
	59	72	-12.250000	55.500000	9.785158e+04	2.731176e-04
2022	2	16	5	0
	288	7	45.000000	71.750000	9.863255e+04	1.106128e-04
	146	36	9.500000	64.500000	9.827682e+04	1.439814e-04
	71	42	-9.250000	63.000000	9.787657e+04	2.846458e-04
	66	71	-10.500000	55.750000	9.783497e+04	2.611375e-04
	0	74	-27.000000	55.000000	9.756346e+04	1.172404e-04
2022	2	16	8	3
	288	5	45.000000	72.250000	9.865687e+04	1.176300e-04
	146	34	9.500000	65.000000	9.816332e+04	1.461166e-04
	67	40	-10.250000	63.500000	9.782384e+04	2.670481e-04
	151	56	10.750000	59.500000	9.823470e+04	1.830302e-04
	8	70	-25.000000	56.000000	9.705981e+04	2.814166e-04
	76	71	-8.000000	55.750000	9.794180e+04	2.740073e-04
	152	106	11.000000	47.000000	1.009656e+05	-1.241689e-04
	176	124	17.000000	42.500000	1.014516e+05	8.343407e-05
2022	2	16	6	6
	283	4	43.750000	72.500000	9.862383e+04	2.404850e-04
	144	33	9.000000	65.250000	9.801558e+04	1.857271e-04
	62	38	-11.500000	64.000000	9.768535e+04	2.524561e-04
	16	68	-23.000000	56.500000	9.667446e+04	3.802053e-04
	83	71	-6.250000	55.750000	9.825679e+04	2.074541e-04
	182	135	18.500000	39.750000	1.015166e+05	1.274823e-04
2022	2	16	8	9
	278	3	42.500000	72.750000	9.863393e+04	2.151986e-04
	143	32	8.750000	65.500000	9.794145e+04	1.839079e-04
	54	38	-13.500000	64.000000	9.757493e+04	2.872929e-04
	31	63	-19.250000	57.750000	9.643342e+04	3.479642e-04
	122	75	3.500000	54.750000	9.838381e+04	1.716578e-04
	137	116	7.250000	44.500000	1.010647e+05	7.771498e-05
	278	120	42.500000	43.500000	1.021692e+05	1.140813e-05
	183	133	18.750000	40.250000	1.015062e+05	1.422917e-04
2022	2	16	5	12
	275	3	41.750000	72.750000	9.861938e+04	2.050993e-04
	141	31	8.250000	65.750000	9.784730e+04	1.677836e-04
	48	39	-15.000000	63.750000	9.753025e+04	2.599377e-04
	179	46	17.750000	62.000000	9.802311e+04	1.274381e-04
	45	64	-15.750000	57.500000	9.646509e+04	2.755530e-04
2022	2	16	7	15
	272	2	41.000000	73.000000	9.864625e+04	2.025649e-04
	138	31	7.500000	65.750000	9.771137e+04	1.526020e-04
	43	40	-16.250000	63.500000	9.744962e+04	1.362719e-04
	181	45	18.250000	62.250000	9.785089e+04	1.523942e-04
	62	58	-11.500000	59.000000	9.645961e+04	1.246845e-04
	136	114	7.000000	45.000000	1.008569e+05	3.960607e-05
	268	162	40.000000	33.000000	1.016930e+05	9.122495e-05
2022	2	16	7	18
	269	2	40.250000	73.000000	9.862811e+04	1.865899e-04
	134	31	6.500000	65.750000	9.758229e+04	1.391846e-04
	181	45	18.250000	62.250000	9.777248e+04	1.471631e-04
	76	61	-8.000000	58.250000	9.661248e+04	2.074727e-04
	278	120	42.500000	43.500000	1.021108e+05	-2.459381e-05
	184	132	19.000000	40.500000	1.013442e+05	1.107613e-04
	266	162	39.500000	33.000000	1.018193e+05	9.974395e-05
2022	2	16	7	21
	264	1	39.000000	73.250000	9.864796e+04	1.263767e-04
	265	1	39.250000	73.250000	9.864796e+04	1.283748e-04
	128	32	5.000000	65.500000	9.748694e+04	1.108186e-04
	183	45	18.750000	62.250000	9.767988e+04	1.335900e-04
	81	60	-6.750000	58.500000	9.688520e+04	1.816883e-04
	138	117	7.500000	44.250000	1.009387e+05	7.192788e-05
	278	120	42.500000	43.500000	1.020285e+05	-4.241626e-05
2022	2	17	6	0
	262	1	38.500000	73.250000	9.867279e+04	1.123408e-04
	263	1	38.750000	73.250000	9.867279e+04	1.135443e-04
	126	33	4.500000	65.250000	9.746126e+04	1.403261e-04
	128	68	5.000000	56.500000	9.674995e+04	2.217423e-04
	143	71	8.750000	55.750000	9.674995e+04	2.966448e-04
	138	117	7.500000	44.250000	1.008466e+05	6.245251e-05
2022	2	17	8	3
	255	1	36.750000	73.250000	9.868871e+04	9.499548e-05
	128	34	5.000000	65.000000	9.748283e+04	1.253459e-04
	84	62	-6.000000	58.000000	9.781238e+04	2.372141e-04
	153	71	11.250000	55.750000	9.660427e+04	2.989508e-04
	172	76	16.000000	54.500000	9.660427e+04	2.059563e-04
	0	114	-27.000000	45.000000	1.007384e+05	1.269761e-04
	280	121	43.000000	43.250000	1.017488e+05	-8.515559e-06
	201	146	23.250000	37.000000	1.011618e+05	6.811198e-05
2022	2	17	6	6
	126	36	4.500000	64.500000	9.755918e+04	1.396349e-04
	190	67	20.500000	56.750000	9.691550e+04	5.085414e-05
	162	71	13.500000	55.750000	9.672445e+04	2.724725e-04
	186	75	19.500000	54.750000	9.678231e+04	1.490393e-04
	0	107	-27.000000	46.750000	9.968248e+04	1.517308e-04
	279	121	42.750000	43.250000	1.017113e+05	-8.847847e-06
2022	2	17	6	9
	142	33	8.500000	65.250000	9.774801e+04	5.575012e-05
	127	38	4.750000	64.000000	9.774801e+04	1.425648e-04
	74	57	-8.500000	59.250000	9.896210e+04	2.085560e-04
	174	72	16.500000	55.500000	9.683846e+04	2.599576e-04
	195	73	21.750000	55.250000	9.683846e+04	1.945018e-04
	0	102	-27.000000	48.000000	9.859746e+04	1.755680e-04
2022	2	17	7	12
	144	33	9.000000	65.250000	9.796337e+04	4.212170e-05
	31	42	-19.250000	63.000000	9.936030e+04	1.683019e-04
	82	58	-6.500000	59.000000	9.917969e+04	2.112031e-04
	204	71	24.000000	55.750000	9.674978e+04	1.853457e-04
	184	73	19.000000	55.250000	9.674978e+04	1.993104e-04
	1	101	-26.750000	48.250000	9.746383e+04	5.106128e-04
	278	120	42.500000	43.500000	1.011080e+05	2.444980e-05
2022	2	17	6	15
	3	32	-26.250000	65.500000	9.960424e+04	9.973205e-05
	32	41	-19.000000	63.250000	9.943442e+04	1.357698e-04
	92	58	-4.000000	59.000000	9.922830e+04	2.193113e-04
	212	68	26.000000	56.500000	9.686773e+04	1.831619e-04
	11	99	-24.250000	48.750000	9.678505e+04	6.118203e-04
	157	108	12.250000	46.500000	1.002111e+05	2.484901e-06
2022	2	17	5	18
	242	35	33.500000	64.750000	9.740408e+04	1.265329e-04
	7	44	-25.250000	62.500000	9.944316e+04	9.437386e-05
	216	66	27.000000	57.000000	9.705673e+04	1.931215e-04
	23	91	-21.250000	50.750000	9.620077e+04	5.049475e-04
	167	126	14.750000	42.000000	1.006533e+05	-4.092370e-05
2022	2	17	5	21
	246	30	34.500000	66.000000	9.735700e+04	1.561155e-04
	7	43	-25.250000	62.750000	9.924765e+04	1.235802e-04
	222	63	28.500000	57.750000	9.724727e+04	2.094756e-04
	31	84	-19.250000	52.500000	9.569198e+04	4.647938e-04
	174	133	16.500000	40.250000	1.007709e+05	-2.758221e-05
2022	2	18	4	0
	245	28	34.250000	66.500000	9.735204e+04	1.506546e-04
	7	42	-25.250000	63.000000	9.905044e+04	1.374184e-04
	228	60	30.000000	58.500000	9.744260e+04	1.617061e-04
	37	80	-17.750000	53.500000	9.529927e+04	4.983865e-04
2022	2	18	5	3
	244	27	34.000000	66.750000	9.733320e+04	2.199315e-04
	6	41	-25.500000	63.250000	9.882532e+04	1.158670e-04
	231	58	30.750000	59.000000	9.757339e+04	1.612495e-04
	47	78	-15.250000	54.000000	9.506970e+04	3.871066e-04
	147	134	9.750000	40.000000	1.013371e+05	1.419972e-05
2022	2	18	4	6
	246	25	34.500000	67.250000	9.737173e+04	2.090842e-04
	247	25	34.750000	67.250000	9.737173e+04	1.987021e-04
	152	26	11.000000	67.000000	9.868973e+04	7.251170e-05
	59	74	-12.250000	55.000000	9.496870e+04	3.352275e-04
2022	2	18	4	9
	253	21	36.250000	68.250000	9.751142e+04	1.680175e-04
	155	27	11.750000	66.750000	9.878201e+04	1.171849e-04
	69	68	-9.750000	56.500000	9.496904e+04	3.582765e-04
	133	113	6.250000	45.250000	1.016935e+05	1.229339e-05
2022	2	18	4	12
	255	17	36.750000	69.250000	9.749070e+04	1.903021e-04
	156	28	12.000000	66.500000	9.882755e+04	1.291851e-04
	0	36	-27.000000	64.500000	9.854200e+04	5.787564e-05
	75	65	-8.250000	57.250000	9.498377e+04	3.663675e-04
2022	2	18	9	15
	288	14	45.000000	70.000000	9.786545e+04	-4.372176e-06
	257	17	37.250000	69.250000	9.747616e+04	2.428242e-04
	156	28	12.000000	66.500000	9.880991e+04	1.308835e-04
	0	34	-27.000000	65.000000	9.852282e+04	7.525062e-05
	0	49	-27.000000	61.250000	9.833656e+04	1.069155e-04
	81	63	-6.750000	57.750000	9.510737e+04	3.735384e-04
	218	145	27.500000	37.250000	1.004696e+05	1.759801e-04
	207	157	24.750000	34.250000	1.004241e+05	1.776519e-04
	263	160	38.750000	33.500000	1.003332e+05	7.168288e-05
2022	2	18	9	18
	262	12	38.500000	70.500000	9.743917e+04	2.285818e-04
	288	12	45.000000	70.500000	9.766840e+04	4.189606e-05
	0	34	-27.000000	65.000000	9.826209e+04	2.657147e-05
	2	47	-26.500000	61.750000	9.816914e+04	1.457114e-04
	91	63	-4.250000	57.750000	9.533437e+04	2.409340e-04
	108	130	0.000000	41.000000	1.013718e+05	4.430962e-05
	218	152	27.500000	35.500000	1.003513e+05	1.353371e-04
	213	160	26.250000	33.500000	1.003513e+05	1.587581e-04
	264	162	39.000000	33.000000	1.005391e+05	9.698918e-05
2022	2	18	7	21
	266	10	39.500000	71.000000	9.733560e+04	2.036004e-04
	2	45	-26.500000	62.250000	9.796594e+04	1.688084e-04
	0	58	-27.000000	59.000000	9.803030e+04	4.372150e-05
	105	60	-0.750000	58.500000	9.547405e+04	2.497707e-04
	225	153	29.250000	35.250000	1.002145e+05	-1.352749e-05
	218	160	27.500000	33.500000	1.002145e+05	2.212161e-04
	263	162	38.750000	33.000000	1.005740e+05	1.252175e-04
2022	2	19	6	0
	282	5	43.500000	72.250000	9.723768e+04	4.777431e-05
	283	5	43.750000	72.250000	9.723768e+04	5.688046e-05
	112	58	1.000000	59.000000	9.551035e+04	1.984330e-04
	219	159	27.750000	33.750000	1.000166e+05	2.398027e-04
	263	161	38.750000	33.250000	1.006976e+05	1.340749e-04
	275	162	41.750000	33.000000	1.006976e+05	9.108878e-05
2022	2	19	7	3
	287	3	44.750000	72.750000	9.710741e+04	3.971702e-05
	0	42	-27.000000	63.000000	9.685438e+04	4.870765e-05
	0	50	-27.000000	61.000000	9.685438e+04	1.522043e-04
	118	56	2.500000	59.500000	9.568616e+04	2.812477e-04
	218	161	27.500000	33.250000	9.997334e+04	1.977508e-04
	232	162	31.000000	33.000000	9.997334e+04	9.127565e-06
	281	162	43.250000	33.000000	1.007627e+05	5.950849e-05
2022	2	19	7	6
	288	2	45.000000	73.000000	9.699596e+04	5.024448e-05
	106	13	-0.500000	70.250000	9.824052e+04	2.643709e-04
	0	48	-27.000000	61.500000	9.630879e+04	1.207400e-04
	126	57	4.500000	59.250000	9.595459e+04	2.296538e-04
	286	152	44.500000	35.500000	1.010017e+05	-5.077285e-05
	216	162	27.000000	33.000000	1.003251e+05	8.952519e-05
	276	162	42.000000	33.000000	1.010017e+05	1.853950e-04
2022	2	19	4	9
	288	1	45.000000	73.250000	9.704201e+04	1.359221e-04
	105	14	-0.750000	70.000000	9.820748e+04	2.974396e-04
	0	46	-27.000000	62.000000	9.606792e+04	1.311382e-04
	131	57	5.750000	59.250000	9.649847e+04	2.117379e-04
2022	2	19	5	12
	106	14	-0.500000	70.000000	9.816538e+04	2.927178e-04
	0	46	-27.000000	62.000000	9.616961e+04	4.903889e-05
	143	48	8.750000	61.500000	9.684377e+04	-1.049013e-04
	155	56	11.750000	59.500000	9.684377e+04	1.804274e-04
	95	146	-3.250000	37.000000	1.017561e+05	8.038255e-05
2022	2	19	5	15
	108	15	0.000000	69.750000	9.814209e+04	3.046576e-04
	33	48	-18.750000	61.500000	9.640500e+04	1.768266e-04
	174	49	16.500000	61.250000	9.717212e+04	9.774855e-05
	96	144	-3.000000	37.500000	1.016377e+05	3.215611e-05
	90	162	-4.500000	33.000000	1.016563e+05	-4.311919e-05
2022	2	19	5	18
	127	8	4.750000	71.500000	9.811966e+04	9.623760e-05
	113	15	1.250000	69.750000	9.811966e+04	2.630010e-04
	37	46	-17.750000	62.000000	9.643941e+04	2.390026e-04
	0	48	-27.000000	61.500000	9.616413e+04	1.105075e-04
	185	50	19.250000	61.000000	9.726251e+04	8.930910e-05
2022	2	19	5	21
	129	7	5.250000	71.750000	9.802876e+04	1.525983e-04
	26	45	-20.500000	62.250000	9.636700e+04	1.739165e-04
	0	47	-27.000000	61.750000	9.634714e+04	1.153848e-04
	46	47	-15.500000	61.750000	9.636700e+04	2.390432e-04
	196	49	22.000000	61.250000	9.734588e+04	2.886632e-05
2022	2	20	4	0
	130	6	5.500000	72.000000	9.787623e+04	2.576767e-04
	204	40	24.000000	63.500000	9.743250e+04	5.892819e-05
	63	47	-11.250000	61.750000	9.616482e+04	2.599981e-04
	76	152	-8.000000	35.500000	1.022267e+05	9.324464e-05
