2022	2	16	7	0
	288	11	45.000000	70.750000	9.876593e+04	8.569929e-05
	55	39	-13.250000	63.750000	9.718113e+04	3.869630e-04
	184	43	19.000000	62.750000	9.898881e+04	1.468098e-04
	119	55	2.750000	59.750000	9.794966e+04	2.685977e-04
	65	68	-10.750000	56.500000	9.727646e+04	3.249284e-04
	280	121	43.000000	43.250000	1.021020e+05	1.152876e-05
	171	122	15.750000	43.000000	1.014359e+05	1.641568e-05
2022	2	16	5	3
	49	38	-14.750000	64.000000	9.706605e+04	3.928529e-04
	124	55	4.000000	59.750000	9.793841e+04	2.430433e-04
	76	67	-8.000000	56.750000	9.725533e+04	2.717428e-04
	280	121	43.000000	43.250000	1.021744e+05	2.364791e-05
	173	123	16.250000	42.750000	1.014026e+05	4.439725e-05
2022	2	16	3	6
	44	37	-16.000000	64.250000	9.751576e+04	2.900928e-04
	99	68	-2.250000	56.500000	9.748019e+04	2.345479e-04
	279	121	42.750000	43.250000	1.022885e+05	1.775734e-06
2022	2	16	4	9
	50	67	-14.500000	56.750000	9.732755e+04	2.078654e-04
	110	67	0.500000	56.750000	9.755620e+04	2.265619e-04
	202	125	23.500000	42.250000	1.016252e+05	-9.455824e-05
	182	135	18.500000	39.750000	1.014908e+05	1.331370e-04
2022	2	16	6	12
	108	35	0.000000	64.750000	9.758007e+04	1.890290e-04
	67	57	-10.250000	59.250000	9.708824e+04	2.203400e-05
	58	65	-12.500000	57.250000	9.708824e+04	1.980009e-04
	117	66	2.250000	57.000000	9.746301e+04	1.897673e-04
	278	121	42.500000	43.250000	1.019614e+05	-2.251427e-05
	183	136	18.750000	39.500000	1.012176e+05	1.650128e-04
2022	2	16	3	15
	71	56	-9.250000	59.500000	9.689212e+04	2.316520e-05
	77	65	-7.750000	57.250000	9.689212e+04	2.082739e-04
	185	136	19.250000	39.500000	1.010060e+05	1.596953e-04
2022	2	16	3	18
	90	65	-4.500000	57.250000	9.695384e+04	2.168410e-04
	278	120	42.500000	43.500000	1.022137e+05	-5.214232e-05
	185	134	19.250000	40.000000	1.011051e+05	1.210672e-04
2022	2	16	3	21
	288	9	45.000000	71.250000	9.894867e+04	1.014708e-04
	278	120	42.500000	43.500000	1.021397e+05	-5.925622e-05
	184	133	19.000000	40.250000	1.011956e+05	9.406071e-05
2022	2	17	3	0
	288	10	45.000000	71.000000	9.903366e+04	1.058373e-04
	165	63	14.250000	57.750000	9.669949e+04	1.642540e-04
	137	117	7.250000	44.250000	1.010034e+05	8.857549e-05
2022	2	17	4	3
	287	11	44.750000	70.750000	9.910846e+04	1.227162e-04
	195	58	21.750000	59.000000	9.649759e+04	1.999620e-04
	174	63	16.500000	57.750000	9.649698e+04	1.132755e-04
	137	117	7.250000	44.250000	1.008058e+05	1.187323e-04
2022	2	17	7	6
	286	11	44.500000	70.750000	9.918737e+04	1.190770e-04
	199	55	22.750000	59.750000	9.630725e+04	1.876341e-04
	195	67	21.750000	56.750000	9.634176e+04	1.869719e-04
	0	116	-27.000000	44.500000	1.006247e+05	1.379996e-04
	136	117	7.000000	44.250000	1.008800e+05	1.195808e-04
	137	117	7.250000	44.250000	1.008377e+05	1.095994e-04
	279	121	42.750000	43.250000	1.016761e+05	-3.140305e-05
2022	2	17	4	9
	202	53	23.500000	60.250000	9.619977e+04	1.451106e-04
	206	62	24.500000	58.000000	9.619977e+04	2.116393e-04
	1	111	-26.750000	45.750000	9.997855e+04	1.846547e-04
	278	120	42.500000	43.500000	1.016155e+05	-1.597858e-05
2022	2	17	3	12
	215	58	26.750000	59.000000	9.609182e+04	2.102812e-04
	11	105	-24.250000	47.250000	9.946255e+04	2.425854e-04
	273	119	41.250000	43.750000	1.012851e+05	-5.383822e-05
2022	2	17	2	15
	219	52	27.750000	60.500000	9.600014e+04	1.731795e-04
	19	99	-22.250000	48.750000	9.887524e+04	3.185639e-04
2022	2	17	4	18
	222	49	28.500000	61.250000	9.602173e+04	1.552125e-04
	38	57	-17.500000	59.250000	9.926262e+04	1.728050e-04
	39	57	-17.250000	59.250000	9.926262e+04	1.749597e-04
	25	94	-20.750000	50.000000	9.822150e+04	4.013313e-04
2022	2	17	3	21
	224	46	29.000000	62.000000	9.606582e+04	1.459477e-04
	43	56	-16.250000	59.500000	9.919420e+04	1.732748e-04
	33	94	-18.750000	50.000000	9.755559e+04	4.981094e-04
2022	2	18	3	0
	224	42	29.000000	63.000000	9.608999e+04	1.148383e-04
	49	56	-14.750000	59.500000	9.906467e+04	1.421156e-04
	41	86	-16.750000	52.000000	9.692739e+04	5.304969e-04
2022	2	18	4	3
	6	7	-25.500000	71.750000	1.005484e+05	-6.168271e-06
	223	39	28.750000	63.750000	9.612314e+04	1.200468e-04
	54	56	-13.500000	59.500000	9.885138e+04	1.552951e-04
	54	83	-13.500000	52.750000	9.658684e+04	4.292178e-04
2022	2	18	4	6
	224	37	29.000000	64.250000	9.615643e+04	1.153642e-04
	64	79	-11.000000	53.750000	9.632519e+04	4.463392e-04
	134	118	6.500000	44.000000	1.014332e+05	8.275568e-05
	144	125	9.000000	42.250000	1.014332e+05	5.720383e-05
2022	2	18	4	9
	226	35	29.500000	64.750000	9.619398e+04	1.316485e-04
	74	77	-8.500000	54.250000	9.654016e+04	4.180469e-04
	266	157	39.500000	34.250000	1.009400e+05	6.865185e-05
	255	158	36.750000	34.000000	1.009400e+05	4.002639e-06
2022	2	18	7	12
	119	25	2.750000	67.250000	9.802081e+04	2.234278e-04
	229	34	30.250000	65.000000	9.632443e+04	1.637359e-04
	94	70	-3.500000	56.000000	9.668657e+04	1.919215e-04
	95	70	-3.250000	56.000000	9.668657e+04	1.942890e-04
	116	123	2.000000	42.750000	1.012181e+05	8.549851e-05
	256	162	37.000000	33.000000	1.006872e+05	-8.553626e-06
	266	162	39.500000	33.000000	1.006872e+05	-2.115283e-05
2022	2	18	7	15
	6	7	-25.500000	71.750000	1.004866e+05	-2.941147e-05
	117	28	2.250000	66.500000	9.783002e+04	2.410708e-04
	230	32	30.500000	65.500000	9.646855e+04	1.201014e-04
	105	66	-0.750000	57.000000	9.632823e+04	2.566155e-04
	102	129	-1.500000	41.250000	1.011183e+05	2.451816e-06
	255	160	36.750000	33.500000	1.007323e+05	-7.168904e-06
	267	162	39.750000	33.000000	1.007323e+05	-3.615899e-05
2022	2	18	8	18
	6	7	-25.500000	71.750000	1.003766e+05	-1.381856e-05
	234	30	31.500000	66.000000	9.653302e+04	5.517746e-05
	120	31	3.000000	65.750000	9.758007e+04	1.862928e-04
	13	47	-23.750000	61.750000	9.876669e+04	1.509096e-04
	117	64	2.250000	57.500000	9.610018e+04	1.919756e-04
	107	130	-0.250000	41.000000	1.011294e+05	4.653099e-05
	244	144	34.000000	37.500000	1.005677e+05	7.962538e-06
	232	147	31.000000	36.750000	1.005677e+05	1.037095e-04
2022	2	18	9	21
	6	7	-25.500000	71.750000	1.003960e+05	-1.184226e-05
	241	17	33.250000	69.250000	9.664112e+04	1.543575e-04
	232	26	31.000000	67.000000	9.664112e+04	7.748620e-05
	122	32	3.500000	65.500000	9.740159e+04	1.732926e-04
	0	63	-27.000000	57.750000	9.823807e+04	1.080043e-04
	128	63	5.000000	57.750000	9.600501e+04	2.403649e-04
	108	131	0.000000	40.750000	1.012962e+05	9.768477e-05
	245	140	34.250000	38.500000	1.004394e+05	1.065015e-04
	228	150	30.000000	36.000000	1.003789e+05	2.456553e-04
2022	2	19	7	0
	6	7	-25.500000	71.750000	1.002895e+05	-5.771495e-07
	240	16	33.000000	69.500000	9.665312e+04	1.763201e-04
	0	58	-27.000000	59.000000	9.793173e+04	1.134567e-04
	147	61	9.750000	58.250000	9.600470e+04	2.527783e-04
	158	105	12.500000	47.250000	1.006574e+05	-7.143366e-05
	106	135	-0.500000	39.750000	1.013073e+05	4.537610e-05
	230	150	30.500000	36.000000	1.003247e+05	1.796423e-04
2022	2	19	8	3
	6	7	-25.500000	71.750000	1.001979e+05	5.528910e-06
	236	16	32.000000	69.500000	9.657012e+04	2.171361e-04
	30	48	-19.500000	61.500000	9.804757e+04	8.750906e-05
	0	55	-27.000000	59.750000	9.799360e+04	1.137282e-04
	158	58	12.500000	59.000000	9.596077e+04	1.708343e-04
	17	59	-22.750000	58.750000	9.799360e+04	2.324746e-04
	230	155	30.500000	34.750000	1.002279e+05	2.649371e-04
	244	155	34.000000	34.750000	1.002279e+05	1.173613e-05
2022	2	19	10	6
	6	7	-25.500000	71.750000	1.001274e+05	6.294664e-06
	233	16	31.250000	69.500000	9.655826e+04	2.055498e-04
	168	57	15.000000	59.250000	9.608133e+04	1.852488e-04
	32	59	-19.000000	58.750000	9.795970e+04	2.287703e-04
	137	111	7.250000	45.750000	1.013543e+05	3.053037e-05
	115	136	1.750000	39.500000	1.013493e+05	9.893838e-05
	236	148	32.000000	36.500000	1.002343e+05	-7.225017e-05
	225	149	29.250000	36.250000	1.002343e+05	6.353745e-06
	228	158	30.000000	34.000000	1.002343e+05	2.422569e-04
	240	159	33.000000	33.750000	1.002343e+05	6.098428e-05
2022	2	19	11	9
	6	7	-25.500000	71.750000	1.001513e+05	5.938412e-06
	245	15	34.250000	69.750000	9.666970e+04	4.228200e-05
	153	26	11.250000	67.000000	9.745631e+04	9.159226e-05
	4	52	-26.000000	60.500000	9.830086e+04	1.226520e-04
	192	52	21.000000	60.500000	9.611462e+04	1.836727e-04
	38	59	-17.500000	58.750000	9.815034e+04	2.021327e-04
	55	61	-13.250000	58.250000	9.815034e+04	2.056845e-04
	137	111	7.250000	45.750000	1.015419e+05	5.588060e-05
	117	138	2.250000	39.000000	1.015168e+05	1.223703e-04
	238	157	32.500000	34.250000	1.002999e+05	9.814827e-05
	229	162	30.250000	33.000000	1.002999e+05	1.536324e-04
2022	2	19	7	12
	244	15	34.000000	69.750000	9.671500e+04	8.655805e-05
	153	26	11.250000	67.000000	9.750420e+04	1.295941e-04
	1	49	-26.750000	61.250000	9.828459e+04	9.498117e-05
	199	50	22.750000	61.000000	9.622013e+04	1.545417e-04
	42	59	-16.500000	58.750000	9.835103e+04	1.770138e-04
	61	61	-11.750000	58.250000	9.835103e+04	2.110086e-04
	230	162	30.500000	33.000000	1.006744e+05	7.248217e-05
2022	2	19	9	15
	7	6	-25.250000	72.000000	1.000363e+05	2.760325e-05
	244	15	34.000000	69.750000	9.677460e+04	8.282178e-05
	155	26	11.750000	67.000000	9.753766e+04	1.522880e-04
	38	36	-17.500000	64.500000	9.854867e+04	-7.945042e-05
	5	48	-25.750000	61.500000	9.807372e+04	1.167480e-04
	206	49	24.500000	61.250000	9.638190e+04	1.880842e-04
	83	62	-6.250000	58.000000	9.836076e+04	2.423739e-04
	145	131	9.250000	40.750000	1.014895e+05	9.942684e-06
	91	162	-4.250000	33.000000	1.016882e+05	-7.774284e-06
2022	2	19	6	18
	244	15	34.000000	69.750000	9.682142e+04	1.034650e-04
	154	27	11.500000	66.750000	9.762690e+04	1.655870e-04
	3	45	-26.250000	62.250000	9.758113e+04	1.320116e-04
	212	48	26.000000	61.500000	9.660326e+04	2.524225e-04
	85	63	-5.750000	57.750000	9.870436e+04	2.539004e-04
	108	66	0.000000	57.000000	9.873370e+04	2.011393e-04
2022	2	19	9	21
	245	16	34.250000	69.500000	9.686248e+04	1.115907e-04
	155	29	11.750000	66.250000	9.774381e+04	1.818512e-04
	0	43	-27.000000	62.750000	9.684986e+04	1.079496e-04
	225	46	29.250000	62.000000	9.682325e+04	1.067850e-04
	0	57	-27.000000	59.250000	9.672352e+04	1.422986e-04
	96	65	-3.000000	57.250000	9.878189e+04	1.486635e-04
	118	66	2.500000	57.000000	9.878189e+04	1.944008e-04
	266	162	39.500000	33.000000	1.005845e+05	3.996989e-05
	281	162	43.250000	33.000000	1.005832e+05	1.123990e-04
2022	2	20	10	0
	6	7	-25.500000	71.750000	9.979078e+04	8.521644e-06
	249	16	35.250000	69.500000	9.695689e+04	1.287197e-04
	156	30	12.000000	66.000000	9.793081e+04	1.439162e-04
	0	41	-27.000000	63.250000	9.695826e+04	4.768810e-05
	238	42	32.500000	63.000000	9.703746e+04	4.121388e-05
	239	42	32.750000	63.000000	9.703746e+04	4.228419e-05
	240	42	33.000000	63.000000	9.703746e+04	4.447031e-05
	5	54	-25.750000	60.000000	9.642280e+04	2.447340e-04
	138	67	7.500000	56.750000	9.877840e+04	1.748225e-04
	278	162	42.500000	33.000000	1.004693e+05	5.141549e-05
