2022	2	10	8	0
	172	10	16.000000	71.000000	9.664731e+04	1.365351e-04
	148	22	10.000000	68.000000	9.637589e+04	4.748752e-04
	60	56	-12.000000	59.500000	9.844736e+04	5.234663e-04
	152	106	11.000000	47.000000	1.022401e+05	-4.160207e-05
	139	110	7.750000	46.000000	1.022401e+05	-7.949727e-05
	282	140	43.500000	38.500000	1.009091e+05	1.216484e-05
	260	147	38.000000	36.750000	1.007801e+05	3.650032e-05
	248	157	35.000000	34.250000	1.007696e+05	1.218071e-04
2022	2	10	6	6
	8	6	-25.000000	72.000000	1.003125e+05	-1.506561e-05
	179	6	17.750000	72.000000	9.715622e+04	1.237854e-04
	167	14	14.750000	70.000000	9.668798e+04	4.925570e-05
	165	23	14.250000	67.750000	9.668798e+04	4.110271e-04
	78	59	-7.500000	58.750000	9.883046e+04	5.210818e-04
	152	106	11.000000	47.000000	1.021448e+05	-4.647204e-05
2022	2	10	9	12
	203	0	23.750000	73.500000	9.732017e+04	8.409489e-06
	204	0	24.000000	73.500000	9.732017e+04	1.873134e-06
	179	5	17.750000	72.250000	9.732017e+04	1.380133e-04
	24	19	-21.000000	68.750000	1.001625e+05	1.026792e-04
	187	27	19.750000	66.750000	9.742996e+04	2.065944e-04
	93	64	-3.750000	57.500000	9.995744e+04	3.797518e-04
	137	117	7.250000	44.250000	1.022879e+05	1.235206e-04
	272	157	41.000000	34.250000	1.010092e+05	7.985983e-06
	85	160	-5.750000	33.500000	1.023420e+05	-1.722908e-05
2022	2	10	6	18
	214	0	26.500000	73.500000	9.756798e+04	1.284011e-05
	189	9	20.250000	71.250000	9.756798e+04	2.000717e-04
	40	15	-17.000000	69.750000	9.972248e+04	1.229339e-04
	207	30	24.750000	66.000000	9.802358e+04	1.598320e-04
	108	67	0.000000	56.750000	1.005597e+05	3.265181e-04
	89	157	-4.750000	34.250000	1.020883e+05	-2.697474e-05
2022	2	11	5	0
	223	0	28.750000	73.500000	9.780358e+04	2.454843e-05
	197	7	22.250000	71.750000	9.780358e+04	1.665395e-04
	53	12	-13.750000	70.500000	9.938130e+04	1.678984e-04
	0	71	-27.000000	55.750000	9.996292e+04	1.273194e-04
	121	75	3.250000	54.750000	1.009982e+05	3.125271e-04
2022	2	11	5	6
	229	0	30.250000	73.500000	9.807184e+04	-2.051194e-05
	212	9	26.000000	71.250000	9.807184e+04	1.364323e-04
	71	13	-9.250000	70.250000	9.926203e+04	1.459691e-04
	0	61	-27.000000	58.250000	9.942598e+04	1.199775e-04
	131	81	5.750000	53.250000	1.014294e+05	2.536355e-04
2022	2	11	7	12
	229	0	30.250000	73.500000	9.844062e+04	-1.005874e-05
	225	10	29.250000	71.000000	9.844062e+04	1.501396e-04
	80	13	-7.000000	70.250000	9.945148e+04	1.427075e-04
	0	57	-27.000000	59.250000	9.913602e+04	6.851996e-05
	16	59	-23.000000	58.750000	9.915288e+04	1.422048e-04
	0	69	-27.000000	56.250000	9.910167e+04	8.838985e-05
	135	119	6.750000	43.750000	1.020455e+05	1.013096e-04
2022	2	11	5	18
	178	0	17.500000	73.500000	9.844293e+04	2.706885e-05
	143	24	8.750000	67.500000	9.916637e+04	1.772860e-04
	15	56	-23.250000	59.500000	9.878052e+04	1.629631e-04
	19	66	-22.250000	57.000000	9.878052e+04	1.609859e-04
	275	82	41.750000	53.000000	1.004253e+05	1.880130e-04
2022	2	12	6	0
	191	0	20.750000	73.500000	9.826023e+04	8.190798e-05
	155	26	11.750000	67.000000	9.896849e+04	2.935700e-04
	39	52	-17.250000	60.500000	9.866862e+04	2.330298e-04
	13	59	-23.750000	58.750000	9.876682e+04	2.306042e-04
	37	61	-17.750000	58.250000	9.866862e+04	1.212712e-04
	288	84	45.000000	52.500000	1.004455e+05	1.181193e-04
2022	2	12	4	6
	204	0	24.000000	73.500000	9.835442e+04	1.100020e-04
	60	47	-12.000000	61.750000	9.859107e+04	2.181890e-04
	30	56	-19.500000	59.500000	9.856537e+04	2.956962e-04
	48	56	-15.000000	59.500000	9.856537e+04	1.399542e-04
2022	2	12	5	12
	216	0	27.000000	73.500000	9.861025e+04	8.972113e-05
	217	0	27.250000	73.500000	9.861025e+04	9.769198e-05
	120	17	3.000000	69.250000	9.962302e+04	2.150701e-04
	51	53	-14.250000	60.250000	9.864755e+04	1.980156e-04
	66	56	-10.500000	59.500000	9.864755e+04	1.701594e-04
2022	2	12	3	18
	228	0	30.000000	73.500000	9.876177e+04	6.289307e-05
	125	16	4.250000	69.500000	9.925002e+04	3.248738e-04
	72	54	-9.000000	60.000000	9.861362e+04	1.891535e-04
2022	2	13	6	0
	91	0	-4.250000	73.500000	9.971552e+04	1.173264e-04
	207	0	24.750000	73.500000	9.888757e+04	3.624843e-06
	134	17	6.500000	69.250000	9.886671e+04	2.384118e-04
	80	55	-7.000000	59.750000	9.864797e+04	1.791990e-04
	20	94	-22.000000	50.000000	9.852785e+04	3.035901e-04
	5	95	-25.750000	49.750000	9.852785e+04	2.074598e-04
2022	2	13	6	6
	205	0	24.250000	73.500000	9.888525e+04	4.009687e-05
	206	0	24.500000	73.500000	9.888525e+04	3.137905e-05
	137	16	7.250000	69.500000	9.852870e+04	2.841691e-04
	37	94	-17.750000	50.000000	9.825243e+04	1.360424e-04
	57	98	-12.750000	49.000000	9.874828e+04	1.792846e-04
	27	100	-20.250000	48.500000	9.825243e+04	3.238368e-04
2022	2	13	5	12
	206	0	24.500000	73.500000	9.896744e+04	4.561888e-05
	137	21	7.250000	68.250000	9.850615e+04	1.599188e-04
	60	94	-12.000000	50.000000	9.880328e+04	1.576830e-04
	61	94	-11.750000	50.000000	9.880328e+04	1.574121e-04
	54	101	-13.500000	48.250000	9.880328e+04	1.790726e-04
2022	2	13	4	18
	191	0	20.750000	73.500000	9.895311e+04	5.806899e-05
	139	23	7.750000	67.750000	9.842080e+04	1.537319e-04
	84	92	-6.000000	50.500000	9.868653e+04	1.529420e-04
	75	104	-8.250000	47.500000	9.857695e+04	2.218799e-04
2022	2	14	3	0
	137	27	7.250000	66.750000	9.853144e+04	1.653131e-04
	138	27	7.500000	66.750000	9.853144e+04	1.654158e-04
	89	103	-4.750000	47.750000	9.864587e+04	2.343734e-04
2022	2	14	4	6
	136	34	7.000000	65.000000	9.869159e+04	1.568575e-04
	179	41	17.750000	63.250000	9.843261e+04	1.244119e-04
	114	89	1.500000	51.250000	9.889979e+04	8.820915e-05
	105	102	-0.750000	48.000000	9.888673e+04	2.019715e-04
2022	2	14	3	12
	7	57	-25.250000	59.250000	9.799323e+04	1.637350e-04
	125	87	4.250000	51.750000	9.901169e+04	1.482089e-04
	121	97	3.250000	49.250000	9.901169e+04	1.935371e-04
2022	2	14	3	18
	229	5	30.250000	72.250000	9.831228e+04	1.497917e-04
	13	52	-23.750000	60.500000	9.738255e+04	3.090582e-04
	139	119	7.750000	43.750000	1.005390e+05	1.177517e-04
2022	2	15	5	0
	232	2	31.000000	73.000000	9.812326e+04	2.022723e-04
	43	53	-16.250000	60.250000	9.779895e+04	2.180595e-04
	19	54	-22.250000	60.000000	9.779895e+04	2.509621e-04
	137	120	7.250000	43.500000	1.008181e+05	1.597690e-04
	281	121	43.250000	43.250000	1.021126e+05	-1.878630e-05
2022	2	15	7	6
	235	0	31.750000	73.500000	9.816077e+04	5.921974e-05
	222	29	28.500000	66.250000	9.869517e+04	9.215582e-05
	187	54	19.750000	60.000000	9.874702e+04	6.157139e-05
	34	55	-18.500000	59.750000	9.815866e+04	2.823544e-04
	56	56	-13.000000	59.500000	9.815866e+04	2.649971e-04
	75	62	-8.250000	58.000000	9.826402e+04	2.385032e-04
	97	70	-2.750000	56.000000	9.830406e+04	2.190121e-04
2022	2	15	9	12
	222	0	28.500000	73.500000	9.855862e+04	-3.907251e-05
	202	7	23.500000	71.750000	9.855862e+04	1.002946e-04
	8	45	-25.000000	62.250000	9.831923e+04	2.176626e-04
	201	47	23.250000	61.750000	9.860077e+04	5.527741e-05
	42	54	-16.500000	60.000000	9.863744e+04	2.233049e-04
	75	62	-8.250000	58.000000	9.892951e+04	2.829752e-04
	113	72	1.250000	55.500000	9.794393e+04	2.694961e-04
	156	109	12.000000	46.250000	1.009455e+05	-1.725572e-05
	161	122	13.250000	43.000000	1.009909e+05	-2.541596e-05
2022	2	15	7	18
	220	0	28.000000	73.500000	9.880075e+04	2.237127e-05
	221	0	28.250000	73.500000	9.880075e+04	1.454885e-05
	6	7	-25.500000	71.750000	9.979286e+04	1.833020e-05
	221	46	28.250000	62.000000	9.834516e+04	1.775520e-04
	0	62	-27.000000	58.000000	9.697984e+04	1.035464e-04
	116	77	2.000000	54.250000	9.820270e+04	3.545485e-04
	139	115	7.750000	44.750000	1.002944e+05	8.103884e-05
2022	2	16	7	0
	6	7	-25.500000	71.750000	9.941650e+04	1.867553e-05
	231	40	30.750000	63.500000	9.806320e+04	1.701595e-04
	2	60	-26.500000	58.500000	9.505884e+04	2.723585e-04
	148	70	10.000000	56.000000	9.918976e+04	1.143683e-04
	132	83	6.000000	52.750000	9.878600e+04	3.275315e-04
	155	117	11.750000	44.250000	1.002493e+05	5.751045e-05
	280	121	43.000000	43.250000	1.020763e+05	-2.111427e-05
2022	2	16	7	6
	250	34	35.500000	65.000000	9.788577e+04	1.508388e-04
	48	52	-15.000000	60.500000	9.468543e+04	2.219814e-04
	23	55	-21.250000	59.750000	9.464897e+04	2.983076e-04
	152	70	11.000000	56.000000	9.974460e+04	1.496119e-04
	166	72	14.500000	55.500000	9.974460e+04	1.305931e-04
	149	85	10.250000	52.250000	9.953766e+04	2.977138e-04
	163	122	13.750000	43.000000	1.000379e+05	1.024531e-04
2022	2	16	5	12
	263	30	38.750000	66.000000	9.771381e+04	1.884357e-04
	0	45	-27.000000	62.250000	9.636283e+04	8.672938e-05
	42	51	-16.500000	60.750000	9.476740e+04	2.856739e-04
	185	120	19.250000	43.500000	9.988516e+04	-2.556422e-05
	170	121	15.500000	43.250000	9.988516e+04	1.791846e-04
2022	2	16	6	18
	275	24	41.750000	67.500000	9.762847e+04	1.730844e-04
	0	42	-27.000000	63.000000	9.655059e+04	1.274365e-04
	32	44	-19.000000	62.500000	9.492734e+04	2.497571e-04
	57	47	-12.750000	61.750000	9.492271e+04	2.774268e-04
	137	116	7.250000	44.500000	1.010775e+05	6.072811e-05
	181	126	18.250000	42.000000	1.002204e+05	8.221720e-05
2022	2	17	6	0
	286	25	44.500000	67.250000	9.762004e+04	1.908555e-04
	64	44	-11.000000	62.500000	9.512227e+04	2.881215e-04
	135	64	6.750000	57.500000	9.746662e+04	2.649967e-04
	136	115	7.000000	44.750000	1.010161e+05	9.823781e-05
	200	135	23.000000	39.750000	1.005167e+05	2.123430e-05
	189	136	20.250000	39.500000	1.005167e+05	5.355033e-05
2022	2	17	5	6
	68	41	-10.000000	63.250000	9.528453e+04	3.538337e-04
	151	64	10.750000	57.500000	9.750603e+04	2.862255e-04
	150	109	10.500000	46.250000	1.004602e+05	3.044594e-05
	138	117	7.500000	44.250000	1.007255e+05	1.311420e-04
	202	145	23.500000	37.250000	1.005603e+05	1.016899e-04
2022	2	17	5	12
	269	8	40.250000	71.500000	9.859740e+04	1.082457e-04
	72	39	-9.000000	63.750000	9.562823e+04	3.682717e-04
	166	65	14.500000	57.250000	9.801515e+04	2.647730e-04
	13	100	-23.750000	48.500000	9.952502e+04	1.838814e-04
	0	106	-27.000000	47.000000	9.980277e+04	9.281571e-05
2022	2	17	3	18
	77	37	-7.750000	64.250000	9.602355e+04	3.137231e-04
	185	66	19.250000	57.000000	9.810513e+04	2.176776e-04
	38	88	-17.500000	51.500000	9.879105e+04	2.281209e-04
2022	2	18	3	0
	87	35	-5.250000	64.750000	9.638032e+04	3.170240e-04
	200	69	23.000000	56.250000	9.844377e+04	1.747348e-04
	53	75	-13.750000	54.750000	9.770053e+04	3.431192e-04
2022	2	18	4	6
	98	30	-2.500000	66.000000	9.650002e+04	2.240024e-04
	0	56	-27.000000	59.500000	9.672528e+04	1.026801e-04
	66	69	-10.500000	56.250000	9.607771e+04	6.665544e-04
	209	71	25.250000	55.750000	9.907385e+04	1.363057e-04
2022	2	18	4	12
	99	24	-2.250000	67.500000	9.653309e+04	2.418528e-04
	9	53	-24.750000	60.250000	9.715896e+04	2.202494e-04
	94	63	-3.500000	57.750000	9.584823e+04	2.136719e-04
	248	95	35.000000	49.750000	9.968286e+04	1.782662e-04
2022	2	18	6	18
	92	22	-4.000000	68.000000	9.632680e+04	3.495902e-04
	12	53	-24.000000	60.250000	9.755239e+04	2.071634e-04
	117	53	2.250000	60.250000	9.566089e+04	3.107275e-04
	251	92	35.750000	50.500000	1.000219e+05	1.730688e-04
	244	144	34.000000	37.500000	1.005136e+05	-3.411793e-06
	232	150	31.000000	36.000000	1.005136e+05	1.517170e-04
2022	2	19	8	0
	92	21	-4.000000	68.250000	9.642373e+04	2.650419e-04
	136	38	7.000000	64.000000	9.677396e+04	1.754501e-04
	148	55	10.000000	59.750000	9.674109e+04	3.248116e-04
	0	65	-27.000000	57.250000	9.735346e+04	1.341069e-04
	252	89	36.000000	51.250000	1.003492e+05	1.420308e-04
	243	146	33.750000	37.000000	1.000331e+05	1.075344e-05
	235	152	31.750000	35.500000	1.000331e+05	1.488986e-04
	249	157	35.250000	34.250000	1.000371e+05	1.442897e-05
2022	2	19	7	6
	85	18	-5.750000	69.000000	9.671516e+04	2.384712e-04
	138	35	7.500000	64.750000	9.700639e+04	2.280020e-04
	176	50	17.000000	61.000000	9.707867e+04	2.227976e-04
	237	149	32.250000	36.250000	1.002615e+05	-3.965978e-05
	240	162	33.000000	33.000000	1.001945e+05	1.278968e-04
	270	162	40.500000	33.000000	1.007915e+05	1.037520e-04
	280	162	43.000000	33.000000	1.007915e+05	2.007165e-05
2022	2	19	3	12
	77	17	-7.750000	69.250000	9.724747e+04	2.329404e-04
	149	35	10.250000	64.750000	9.769148e+04	2.083602e-04
	192	48	21.000000	61.500000	9.757789e+04	1.522639e-04
2022	2	19	4	18
	64	15	-11.000000	69.750000	9.749528e+04	1.964649e-04
	210	47	25.500000	61.750000	9.805034e+04	1.588762e-04
	0	67	-27.000000	56.750000	9.497117e+04	2.255705e-04
	274	141	41.500000	38.250000	1.011809e+05	3.066167e-05
2022	2	20	5	0
	288	27	45.000000	66.750000	9.992435e+04	7.166364e-05
	56	32	-13.000000	65.500000	9.659905e+04	3.280675e-04
	224	46	29.000000	62.000000	9.838898e+04	1.565498e-04
	0	56	-27.000000	59.500000	9.607223e+04	-5.093684e-05
	17	62	-22.750000	58.000000	9.512606e+04	2.709041e-04
