2022	2	14	6	0
	224	10	29.000000	71.000000	9.838751e+04	1.544983e-04
	194	12	21.500000	70.500000	9.838751e+04	7.975996e-05
	1	17	-26.750000	69.250000	9.974685e+04	1.184051e-05
	219	23	27.750000	67.750000	9.843260e+04	1.272631e-04
	114	62	1.500000	58.000000	9.846183e+04	8.268804e-05
	103	71	-1.250000	55.750000	9.846183e+04	1.793397e-04
2022	2	14	6	3
	58	4	-12.500000	72.500000	1.001006e+05	6.683779e-05
	217	8	27.250000	71.500000	9.808555e+04	1.536220e-04
	1	17	-26.750000	69.250000	9.977608e+04	-1.686033e-05
	227	22	29.750000	68.000000	9.823786e+04	1.106391e-04
	114	62	1.500000	58.000000	9.837983e+04	6.982013e-05
	108	70	0.000000	56.000000	9.837983e+04	1.679175e-04
2022	2	14	3	6
	63	3	-11.250000	72.750000	1.000937e+05	6.481027e-05
	217	8	27.250000	71.500000	9.795878e+04	2.241390e-04
	108	71	0.000000	55.750000	9.844763e+04	1.889610e-04
2022	2	14	4	9
	228	7	30.000000	71.750000	9.803243e+04	1.494461e-04
	229	7	30.250000	71.750000	9.803243e+04	1.502176e-04
	0	52	-27.000000	60.500000	9.798717e+04	1.034204e-04
	125	68	4.250000	56.500000	9.855686e+04	1.101010e-04
2022	2	14	3	12
	236	6	32.000000	72.000000	9.801506e+04	1.478216e-04
	0	48	-27.000000	61.500000	9.760721e+04	1.430399e-04
	132	65	6.000000	57.250000	9.842024e+04	2.027501e-04
2022	2	14	4	15
	236	6	32.000000	72.000000	9.806450e+04	1.071723e-04
	6	7	-25.500000	71.750000	9.978710e+04	2.814898e-05
	3	45	-26.250000	62.250000	9.721439e+04	2.158489e-04
	136	62	7.000000	58.000000	9.830450e+04	2.081621e-04
2022	2	14	6	18
	233	8	31.250000	71.500000	9.812212e+04	2.549910e-04
	254	13	36.500000	70.250000	9.812212e+04	1.338140e-04
	288	13	45.000000	70.250000	9.903019e+04	7.884834e-05
	0	40	-27.000000	63.500000	9.695735e+04	1.382526e-04
	151	56	10.750000	59.500000	9.852713e+04	2.437141e-04
	138	61	7.500000	58.250000	9.852713e+04	2.029689e-04
2022	2	14	4	21
	259	12	37.750000	70.500000	9.807853e+04	1.528961e-04
	0	37	-27.000000	64.250000	9.691309e+04	1.535347e-04
	27	39	-20.250000	63.750000	9.691309e+04	3.274890e-05
	145	58	9.250000	59.000000	9.855620e+04	2.691808e-04
2022	2	15	7	0
	243	5	33.750000	72.250000	9.812580e+04	1.385021e-04
	6	7	-25.500000	71.750000	9.964865e+04	4.860601e-05
	264	12	39.000000	70.500000	9.812580e+04	1.679932e-04
	28	38	-20.000000	64.000000	9.732645e+04	-7.853199e-06
	125	53	4.250000	60.250000	9.852430e+04	1.053201e-04
	149	55	10.250000	59.750000	9.849507e+04	3.524622e-04
	139	120	7.750000	43.500000	1.011328e+05	9.078161e-05
2022	2	15	9	3
	240	7	33.000000	71.750000	9.817924e+04	2.334860e-04
	270	10	40.500000	71.000000	9.817924e+04	1.845270e-04
	28	38	-20.000000	64.000000	9.737188e+04	7.286987e-05
	152	52	11.000000	60.500000	9.845265e+04	3.437093e-04
	126	53	4.500000	60.250000	9.852430e+04	8.025920e-05
	139	58	7.750000	59.000000	9.845265e+04	6.591267e-06
	171	103	15.750000	47.750000	1.009490e+05	7.969227e-05
	152	117	11.000000	44.250000	1.010371e+05	7.781502e-05
	145	162	9.250000	33.000000	1.014641e+05	3.025586e-05
2022	2	15	8	6
	275	9	41.750000	71.250000	9.823937e+04	1.736366e-04
	0	34	-27.000000	65.000000	9.736220e+04	2.198709e-05
	24	35	-21.000000	64.750000	9.736220e+04	1.210440e-04
	154	51	11.500000	60.750000	9.854367e+04	2.764749e-04
	128	54	5.000000	60.000000	9.868212e+04	9.660256e-05
	0	83	-27.000000	52.750000	9.871252e+04	1.397624e-04
	154	115	11.500000	44.750000	1.011162e+05	8.543710e-05
	150	161	10.500000	33.250000	1.015391e+05	5.475042e-05
2022	2	15	8	9
	274	9	41.500000	71.250000	9.833573e+04	2.049475e-04
	25	34	-20.750000	65.000000	9.734850e+04	1.321930e-04
	126	48	4.500000	61.500000	9.886784e+04	9.945017e-05
	156	50	12.000000	61.000000	9.873808e+04	2.269295e-04
	4	79	-26.000000	53.750000	9.799802e+04	2.516609e-04
	156	118	12.000000	44.000000	1.011877e+05	4.636547e-05
	278	120	42.500000	43.500000	1.021828e+05	5.446753e-05
	152	158	11.000000	34.000000	1.016218e+05	1.197341e-04
2022	2	15	9	12
	277	9	42.250000	71.250000	9.844830e+04	2.016428e-04
	277	10	42.250000	71.000000	9.844830e+04	2.012847e-04
	0	35	-27.000000	64.750000	9.737255e+04	-2.350002e-05
	125	48	4.250000	61.500000	9.891645e+04	1.498313e-04
	162	48	13.500000	61.500000	9.886166e+04	2.020926e-04
	15	76	-23.250000	54.500000	9.766867e+04	3.148312e-04
	145	117	9.250000	44.250000	1.011976e+05	1.082136e-04
	278	121	42.500000	43.250000	1.018974e+05	5.122101e-05
	153	160	11.250000	33.500000	1.015353e+05	1.118258e-04
2022	2	15	5	15
	282	9	43.500000	71.250000	9.851327e+04	2.372977e-04
	0	37	-27.000000	64.250000	9.731810e+04	-7.070017e-06
	26	73	-20.500000	55.250000	9.724930e+04	3.650622e-04
	161	115	13.250000	44.750000	1.011758e+05	7.992364e-05
	160	160	13.000000	33.500000	1.014290e+05	8.835368e-05
2022	2	15	5	18
	282	8	43.500000	71.500000	9.859495e+04	2.612711e-04
	182	44	18.500000	62.500000	9.893065e+04	1.347223e-04
	39	70	-17.250000	56.000000	9.707627e+04	3.447357e-04
	161	111	13.250000	45.750000	1.013375e+05	8.712546e-05
	164	159	14.000000	33.750000	1.014721e+05	5.190824e-05
2022	2	15	7	21
	282	8	43.500000	71.500000	9.867895e+04	2.619629e-04
	283	8	43.750000	71.500000	9.867895e+04	2.590008e-04
	183	43	18.750000	62.750000	9.897473e+04	1.501748e-04
	53	68	-13.750000	56.500000	9.694866e+04	3.883611e-04
	278	120	42.500000	43.500000	1.021851e+05	1.872855e-05
	164	149	14.000000	36.250000	1.015461e+05	1.015587e-04
	164	157	14.000000	34.250000	1.015461e+05	1.049949e-04
2022	2	16	5	0
	282	9	43.500000	71.250000	9.875344e+04	2.406292e-04
	185	42	19.250000	63.000000	9.899027e+04	1.496846e-04
	62	68	-11.500000	56.500000	9.693931e+04	4.333821e-04
	280	121	43.000000	43.250000	1.021582e+05	1.050858e-05
	167	154	14.750000	35.000000	1.014848e+05	1.231814e-04
2022	2	16	5	3
	281	9	43.250000	71.250000	9.879937e+04	2.488501e-04
	185	42	19.250000	63.000000	9.902852e+04	1.205290e-04
	78	68	-7.500000	56.500000	9.712370e+04	3.904132e-04
	280	121	43.000000	43.250000	1.021781e+05	4.440392e-06
	170	151	15.500000	35.750000	1.013350e+05	1.452708e-04
2022	2	16	5	6
	280	9	43.000000	71.250000	9.882793e+04	2.320626e-04
	86	69	-5.500000	56.250000	9.750716e+04	3.767442e-04
	13	72	-23.750000	55.500000	9.747844e+04	1.796099e-04
	280	121	43.000000	43.250000	1.022624e+05	-7.250173e-06
	172	147	16.000000	36.750000	1.012672e+05	1.890817e-04
2022	2	16	7	9
	279	10	42.750000	71.000000	9.888956e+04	2.096502e-04
	118	56	2.500000	59.500000	9.781280e+04	1.402557e-05
	23	69	-21.250000	56.250000	9.731810e+04	2.512371e-04
	113	69	1.250000	56.250000	9.767819e+04	2.301813e-04
	136	116	7.000000	44.500000	1.011852e+05	9.092005e-05
	278	120	42.500000	43.500000	1.021958e+05	-2.227988e-05
	174	143	16.500000	37.750000	1.011606e+05	1.853664e-04
2022	2	16	5	12
	280	10	43.000000	71.000000	9.892280e+04	2.070392e-04
	47	65	-15.250000	57.250000	9.717464e+04	2.108464e-04
	29	68	-19.750000	56.500000	9.717464e+04	3.425636e-04
	131	70	5.750000	56.000000	9.763092e+04	2.340357e-04
	175	140	16.750000	38.500000	1.009801e+05	1.875602e-04
2022	2	16	5	15
	279	10	42.750000	71.000000	9.890843e+04	2.058385e-04
	53	62	-13.750000	58.000000	9.706107e+04	1.898973e-04
	140	71	8.000000	55.750000	9.762609e+04	2.184990e-04
	136	120	7.000000	43.500000	1.013101e+05	1.357715e-04
	176	139	17.000000	38.750000	1.008557e+05	1.935042e-04
2022	2	16	6	18
	281	11	43.250000	70.750000	9.887670e+04	2.014942e-04
	282	11	43.500000	70.750000	9.887670e+04	1.958845e-04
	56	60	-13.000000	58.500000	9.696854e+04	2.347717e-04
	61	68	-11.750000	56.500000	9.696854e+04	1.661943e-04
	157	70	12.250000	56.000000	9.766750e+04	1.958738e-04
	177	139	17.250000	38.750000	1.009292e+05	1.901426e-04
2022	2	16	5	21
	282	11	43.500000	70.750000	9.884814e+04	2.070152e-04
	77	63	-7.750000	57.750000	9.720854e+04	1.342475e-04
	172	70	16.000000	56.000000	9.763327e+04	1.935800e-04
	137	113	7.250000	45.250000	1.008493e+05	-1.094109e-05
	178	138	17.500000	39.000000	1.010803e+05	1.763288e-04
2022	2	17	6	0
	281	11	43.250000	70.750000	9.884380e+04	2.346660e-04
	84	62	-6.000000	58.000000	9.741915e+04	1.428814e-04
	101	66	-1.750000	57.000000	9.741915e+04	1.631549e-04
	180	69	18.000000	56.250000	9.753806e+04	1.649346e-04
	280	121	43.000000	43.250000	1.018913e+05	-8.028507e-06
	174	142	16.500000	38.000000	1.011274e+05	1.332176e-04
2022	2	17	6	3
	280	12	43.000000	70.500000	9.880622e+04	1.895723e-04
	281	13	43.250000	70.250000	9.880622e+04	1.875032e-04
	111	66	0.750000	57.000000	9.738123e+04	1.445190e-04
	190	68	20.500000	56.500000	9.733230e+04	1.739485e-04
	138	117	7.500000	44.250000	1.006977e+05	1.199442e-04
	174	149	16.500000	36.250000	1.010436e+05	1.378274e-04
2022	2	17	4	6
	284	14	44.000000	70.000000	9.878902e+04	1.429508e-04
	199	66	22.750000	57.000000	9.722441e+04	1.281630e-04
	122	68	3.500000	56.500000	9.761656e+04	1.134441e-04
	176	153	17.000000	35.250000	1.010973e+05	1.449982e-04
2022	2	17	6	9
	264	11	39.000000	70.750000	9.883745e+04	8.365548e-05
	37	40	-17.750000	63.500000	9.896805e+04	1.477407e-04
	1	44	-26.750000	62.500000	9.906977e+04	8.933396e-05
	206	64	24.500000	57.500000	9.711017e+04	1.525281e-04
	138	117	7.500000	44.250000	1.006411e+05	7.909891e-05
	180	157	18.000000	34.250000	1.010917e+05	1.654180e-04
2022	2	17	6	12
	37	40	-17.750000	63.500000	9.923645e+04	1.190238e-04
	6	43	-25.500000	62.750000	9.919436e+04	1.100260e-04
	216	60	27.000000	58.500000	9.701363e+04	1.215548e-04
	5	105	-25.750000	47.250000	9.952338e+04	3.315193e-04
	278	120	42.500000	43.500000	1.012067e+05	-2.096944e-06
	183	159	18.750000	33.750000	1.009358e+05	1.430239e-04
2022	2	17	3	15
	222	54	28.500000	60.000000	9.700077e+04	1.277347e-04
	13	99	-23.750000	48.750000	9.879219e+04	4.554162e-04
	185	161	19.250000	33.250000	1.008446e+05	9.400119e-05
2022	2	17	3	18
	3	38	-26.250000	64.000000	9.929106e+04	5.421424e-05
	223	52	28.750000	60.500000	9.694683e+04	1.262826e-04
	19	95	-22.250000	49.750000	9.810926e+04	5.128187e-04
2022	2	17	3	21
	7	38	-25.250000	64.000000	9.934117e+04	6.305319e-05
	223	50	28.750000	61.000000	9.691242e+04	1.737906e-04
	26	93	-20.500000	50.250000	9.772178e+04	5.921605e-04
2022	2	18	3	0
	19	43	-22.250000	62.750000	9.938443e+04	1.450711e-04
	223	49	28.750000	61.250000	9.692378e+04	1.659765e-04
	37	91	-17.750000	50.750000	9.767819e+04	6.315742e-04
2022	2	18	5	3
	31	46	-19.250000	62.000000	9.925799e+04	8.432730e-05
	32	46	-19.000000	62.000000	9.924630e+04	6.526978e-05
	223	48	28.750000	61.500000	9.695117e+04	1.769193e-04
	49	87	-14.750000	51.750000	9.732145e+04	5.805973e-04
	182	127	18.500000	41.750000	1.006846e+05	1.311402e-04
2022	2	18	5	6
	55	45	-13.250000	62.250000	9.893081e+04	1.920133e-04
	222	48	28.500000	61.500000	9.702348e+04	1.558631e-04
	223	48	28.750000	61.500000	9.702348e+04	1.405203e-04
	76	79	-8.000000	53.750000	9.682207e+04	7.550885e-05
	61	82	-11.750000	53.000000	9.682207e+04	4.669150e-04
2022	2	18	6	9
	50	44	-14.500000	62.500000	9.880204e+04	2.145636e-04
	224	48	29.000000	61.500000	9.718449e+04	1.518768e-04
	224	49	29.000000	61.250000	9.718449e+04	1.507816e-04
	250	56	35.500000	59.500000	9.722741e+04	2.005017e-04
	72	79	-9.000000	53.750000	9.671234e+04	4.416996e-04
	138	117	7.500000	44.250000	1.015012e+05	2.036719e-05
2022	2	18	3	12
	46	45	-15.500000	62.250000	9.877148e+04	2.167579e-04
	251	50	35.750000	61.000000	9.733330e+04	1.508926e-04
	87	76	-5.250000	54.500000	9.664938e+04	2.406321e-04
2022	2	18	4	15
	254	45	36.500000	62.250000	9.744086e+04	1.466878e-04
	45	46	-15.750000	62.000000	9.877732e+04	1.999300e-04
	100	70	-2.000000	56.000000	9.648486e+04	3.493706e-04
	234	137	31.500000	39.250000	1.003271e+05	3.187491e-05
2022	2	18	6	18
	288	31	45.000000	65.750000	9.812012e+04	8.189252e-05
	288	32	45.000000	65.500000	9.812012e+04	6.458944e-05
	258	41	37.500000	63.250000	9.753656e+04	1.365803e-04
	46	47	-15.500000	61.750000	9.886818e+04	2.005133e-04
	110	68	0.500000	56.500000	9.629045e+04	2.851841e-04
	235	138	31.750000	39.000000	1.005467e+05	5.518393e-05
2022	2	18	4	21
	260	38	38.000000	64.000000	9.763560e+04	1.221060e-04
	49	47	-14.750000	61.750000	9.895470e+04	2.043975e-04
	120	67	3.000000	56.750000	9.636144e+04	2.662517e-04
	223	149	28.750000	36.250000	1.004757e+05	9.925203e-05
2022	2	19	4	0
	263	36	38.750000	64.500000	9.774333e+04	1.505104e-04
	23	42	-21.250000	63.000000	9.831720e+04	4.330317e-05
	128	67	5.000000	56.750000	9.643693e+04	2.937462e-04
	222	157	28.500000	34.250000	1.004503e+05	1.486529e-04
2022	2	19	7	3
	264	35	39.000000	64.750000	9.780730e+04	1.543488e-04
	27	39	-20.250000	63.750000	9.821314e+04	3.720354e-05
	15	50	-23.250000	61.000000	9.822634e+04	1.536364e-04
	132	69	6.000000	56.250000	9.664537e+04	3.122712e-04
	138	117	7.500000	44.250000	1.011042e+05	1.391093e-04
	226	151	29.500000	35.750000	1.002374e+05	5.052221e-06
	222	162	28.500000	33.000000	1.002374e+05	9.388871e-05
2022	2	19	5	6
	264	34	39.000000	65.000000	9.788429e+04	1.652695e-04
	20	47	-22.000000	61.750000	9.808170e+04	1.723660e-04
	147	74	9.750000	55.000000	9.713255e+04	1.967619e-04
	138	117	7.500000	44.250000	1.011157e+05	1.341123e-04
	224	162	29.000000	33.000000	1.003710e+05	3.991804e-05
2022	2	19	8	9
	196	0	22.000000	73.500000	9.927286e+04	-7.752418e-06
	282	28	43.500000	66.500000	9.806133e+04	1.331412e-04
	281	29	43.250000	66.250000	9.806133e+04	1.169681e-04
	263	33	38.750000	65.250000	9.806133e+04	1.842002e-04
	13	39	-23.750000	63.750000	9.789047e+04	1.234421e-04
	163	74	13.750000	55.000000	9.745238e+04	2.106553e-04
	139	117	7.750000	44.250000	1.012734e+05	1.038537e-04
	226	162	29.500000	33.000000	1.007199e+05	2.176714e-05
2022	2	19	12	12
	191	0	20.750000	73.500000	9.930727e+04	6.018215e-06
	280	28	43.000000	66.500000	9.814550e+04	1.181602e-04
	263	33	38.750000	65.250000	9.814550e+04	1.996244e-04
	7	36	-25.250000	64.500000	9.764429e+04	1.355788e-04
	177	73	17.250000	55.250000	9.763477e+04	2.229930e-04
	153	110	11.250000	46.000000	1.012739e+05	5.049259e-05
	136	119	7.000000	43.750000	1.013083e+05	1.470046e-04
	287	152	44.750000	35.500000	1.004465e+05	-4.334678e-05
	276	156	42.000000	34.500000	1.004465e+05	5.679319e-05
	227	162	29.750000	33.000000	1.009273e+05	2.589401e-05
	269	162	40.250000	33.000000	1.004864e+05	3.487660e-05
	285	162	44.250000	33.000000	1.004465e+05	7.803726e-05
2022	2	19	10	15
	192	0	21.000000	73.500000	9.931829e+04	4.428652e-05
	264	32	39.000000	65.500000	9.827645e+04	1.744110e-04
	0	34	-27.000000	65.000000	9.727217e+04	1.091510e-04
	17	58	-22.750000	59.000000	9.738491e+04	1.809416e-04
	194	62	21.500000	58.000000	9.787644e+04	7.995902e-05
	187	72	19.750000	55.500000	9.787644e+04	2.050081e-04
	149	111	10.250000	45.750000	1.013081e+05	7.525682e-05
	136	120	7.000000	43.500000	1.013085e+05	1.617721e-04
	285	160	44.250000	33.500000	1.006536e+05	1.145103e-04
	270	162	40.500000	33.000000	1.006895e+05	2.541609e-05
2022	2	19	14	18
	184	0	19.000000	73.500000	9.931361e+04	7.576337e-05
	170	14	15.500000	70.000000	9.948196e+04	-1.132852e-05
	288	27	45.000000	66.750000	9.875144e+04	5.665850e-05
	265	32	39.250000	65.500000	9.844797e+04	1.125457e-04
	0	33	-27.000000	65.250000	9.716862e+04	1.228936e-04
	23	55	-21.250000	59.750000	9.677347e+04	2.656060e-04
	205	61	24.250000	58.250000	9.822801e+04	7.514325e-05
	198	71	22.500000	55.750000	9.822801e+04	1.766091e-04
	168	125	15.000000	42.250000	1.015987e+05	-4.744816e-06
	149	126	10.250000	42.000000	1.015969e+05	3.725618e-05
	91	142	-4.250000	38.000000	1.017023e+05	5.709941e-05
	275	147	41.750000	36.750000	1.012391e+05	7.371781e-06
	270	158	40.500000	34.000000	1.011050e+05	-1.611869e-06
	286	159	44.500000	33.750000	1.010432e+05	1.024100e-04
2022	2	19	9	21
	269	31	40.250000	65.750000	9.866877e+04	6.864123e-05
	0	41	-27.000000	63.250000	9.710783e+04	2.941827e-05
	29	51	-19.750000	60.750000	9.617455e+04	3.305420e-04
	213	61	26.250000	58.250000	9.837615e+04	4.701794e-05
	210	70	25.500000	56.000000	9.837615e+04	1.447232e-04
	172	125	16.000000	42.250000	1.017609e+05	2.894632e-05
	153	126	11.250000	42.000000	1.017744e+05	4.438381e-05
	273	146	41.250000	37.000000	1.014209e+05	6.603836e-06
	286	158	44.500000	34.000000	1.012333e+05	1.010250e-04
2022	2	20	8	0
	276	28	42.000000	66.500000	9.885933e+04	7.967715e-05
	0	42	-27.000000	63.000000	9.705706e+04	-2.238920e-05
	33	47	-18.750000	61.750000	9.556227e+04	4.273712e-04
	225	60	29.250000	58.500000	9.850492e+04	6.806741e-05
	173	123	16.250000	42.750000	1.018087e+05	8.016028e-05
	176	138	17.000000	39.000000	1.018648e+05	6.156997e-07
	275	148	41.750000	36.500000	1.013507e+05	4.386063e-06
	285	157	44.250000	34.250000	1.013275e+05	1.086376e-04
