2022	2	14	7	0
	4	6	-26.000000	72.000000	9.972667e+04	-2.190497e-05
	217	9	27.250000	71.250000	9.839356e+04	1.119866e-04
	193	12	21.250000	70.500000	9.839356e+04	1.295332e-04
	1	17	-26.750000	69.250000	9.972667e+04	-5.752067e-06
	221	21	28.250000	68.250000	9.840484e+04	6.513659e-05
	113	62	1.250000	58.000000	9.847659e+04	7.742336e-05
	106	71	-0.500000	55.750000	9.847659e+04	6.759437e-05
2022	2	14	5	3
	56	5	-13.000000	72.250000	1.001580e+05	1.189676e-04
	213	9	26.250000	71.250000	9.815620e+04	2.288079e-04
	227	22	29.750000	68.000000	9.825741e+04	1.030058e-04
	116	61	2.000000	58.250000	9.841988e+04	9.101781e-05
	108	71	0.000000	55.750000	9.841988e+04	8.381179e-05
2022	2	14	3	6
	58	4	-12.500000	72.500000	1.001326e+05	7.834378e-05
	220	8	28.000000	71.500000	9.806565e+04	2.342787e-04
	114	70	1.500000	56.000000	9.840594e+04	9.167963e-05
2022	2	14	4	9
	60	3	-12.000000	72.750000	1.002017e+05	3.811448e-05
	235	8	31.750000	71.500000	9.806408e+04	1.718571e-04
	0	54	-27.000000	60.000000	9.793498e+04	1.404036e-04
	123	69	3.750000	56.250000	9.840751e+04	1.370281e-04
2022	2	14	4	12
	67	1	-10.250000	73.250000	1.002150e+05	3.909783e-05
	235	8	31.750000	71.500000	9.805421e+04	1.549953e-04
	0	48	-27.000000	61.500000	9.750445e+04	1.711234e-04
	128	65	5.000000	57.250000	9.838087e+04	1.693755e-04
2022	2	14	5	15
	6	7	-25.500000	71.750000	9.989180e+04	3.455387e-05
	239	7	32.750000	71.750000	9.810983e+04	1.200328e-04
	238	8	32.500000	71.500000	9.810983e+04	1.128115e-04
	0	44	-27.000000	62.500000	9.710870e+04	1.228884e-04
	132	62	6.000000	58.000000	9.833669e+04	1.919150e-04
2022	2	14	6	18
	250	6	35.500000	72.000000	9.813850e+04	1.352389e-04
	6	7	-25.500000	71.750000	9.981708e+04	3.683671e-05
	288	13	45.000000	70.250000	9.899612e+04	6.361962e-05
	0	40	-27.000000	63.500000	9.692085e+04	1.387331e-04
	134	61	6.500000	58.250000	9.847315e+04	2.088332e-04
	136	121	7.000000	43.250000	1.010385e+05	1.237458e-04
2022	2	14	5	21
	249	6	35.250000	72.000000	9.811751e+04	1.232829e-04
	27	39	-20.250000	63.750000	9.722307e+04	2.194324e-06
	149	54	10.250000	60.000000	9.856245e+04	2.596737e-04
	138	60	7.500000	58.500000	9.856245e+04	1.913569e-04
	138	121	7.500000	43.250000	1.010620e+05	1.197084e-04
2022	2	15	8	0
	6	7	-25.500000	71.750000	9.963675e+04	6.739626e-05
	246	8	34.500000	71.500000	9.815354e+04	2.139726e-04
	0	37	-27.000000	64.250000	9.722072e+04	9.832082e-05
	28	38	-20.000000	64.000000	9.723921e+04	-6.193605e-05
	35	46	-18.250000	62.000000	9.758373e+04	2.397712e-04
	126	53	4.500000	60.250000	9.860052e+04	9.220083e-05
	141	59	8.250000	58.750000	9.860052e+04	2.087273e-04
	145	118	9.250000	44.000000	1.010291e+05	1.297298e-04
2022	2	15	5	3
	271	10	40.750000	71.000000	9.816498e+04	1.682925e-04
	28	41	-20.000000	63.250000	9.746795e+04	2.337281e-04
	126	53	4.500000	60.250000	9.852736e+04	6.809919e-05
	145	57	9.250000	59.250000	9.852736e+04	2.526119e-04
	147	119	9.750000	43.750000	1.008923e+05	9.343334e-05
2022	2	15	5	6
	272	9	41.000000	71.250000	9.821135e+04	1.803483e-04
	22	35	-21.500000	64.750000	9.740512e+04	2.343259e-04
	126	51	4.500000	60.750000	9.856998e+04	9.331464e-05
	150	54	10.500000	60.000000	9.856339e+04	2.965298e-04
	146	117	9.500000	44.250000	1.009489e+05	9.693995e-05
2022	2	15	6	9
	277	7	42.250000	71.750000	9.831225e+04	1.686552e-04
	29	34	-19.750000	65.000000	9.740873e+04	8.302554e-05
	125	49	4.250000	61.250000	9.859692e+04	1.499666e-04
	152	51	11.000000	60.750000	9.858689e+04	2.675076e-04
	0	81	-27.000000	53.250000	9.847644e+04	1.046274e-04
	157	112	12.250000	45.500000	1.009904e+05	1.183117e-04
2022	2	15	10	12
	6	7	-25.500000	71.750000	9.954980e+04	2.667677e-05
	275	7	41.750000	71.750000	9.838980e+04	2.278235e-04
	0	34	-27.000000	65.000000	9.751730e+04	-9.583501e-06
	36	35	-18.000000	64.750000	9.782249e+04	1.738591e-04
	125	49	4.250000	61.250000	9.863045e+04	1.581874e-04
	155	49	11.750000	61.250000	9.858768e+04	2.039578e-04
	7	77	-25.250000	54.250000	9.815276e+04	2.227428e-04
	158	111	12.500000	45.750000	1.009496e+05	9.955529e-05
	159	119	12.750000	43.750000	1.009496e+05	2.122043e-06
	157	158	12.250000	34.000000	1.016290e+05	9.576856e-05
2022	2	15	8	15
	280	9	43.000000	71.250000	9.847848e+04	2.344071e-04
	39	35	-17.250000	64.750000	9.797932e+04	2.155310e-04
	139	41	7.750000	63.250000	9.865865e+04	8.984231e-05
	159	47	12.750000	61.750000	9.865865e+04	1.490516e-04
	126	48	4.500000	61.500000	9.865865e+04	1.711956e-04
	20	73	-22.000000	55.250000	9.792903e+04	2.407664e-04
	151	110	10.750000	46.000000	1.010178e+05	2.072938e-05
	164	162	14.000000	33.000000	1.014928e+05	-1.551143e-05
2022	2	15	4	18
	285	8	44.250000	71.500000	9.855259e+04	2.035042e-04
	138	40	7.500000	63.500000	9.868011e+04	1.194809e-04
	168	45	15.000000	62.250000	9.873792e+04	1.336117e-04
	165	162	14.250000	33.000000	1.015176e+05	-9.120285e-06
2022	2	15	4	21
	288	7	45.000000	71.750000	9.863781e+04	1.243392e-04
	138	39	7.500000	63.750000	9.873934e+04	1.371421e-04
	173	44	16.250000	62.500000	9.885825e+04	9.237137e-05
	128	64	5.000000	57.500000	9.878743e+04	1.613111e-04
2022	2	16	5	0
	288	7	45.000000	71.750000	9.876455e+04	1.412177e-04
	138	38	7.500000	64.000000	9.876879e+04	1.604617e-04
	179	43	17.750000	62.750000	9.893502e+04	8.136212e-05
	131	63	5.750000	57.750000	9.882488e+04	1.680554e-04
	4	64	-26.000000	57.500000	9.675462e+04	1.892834e-04
2022	2	16	6	3
	288	7	45.000000	71.750000	9.887470e+04	1.121602e-04
	138	37	7.500000	64.250000	9.875970e+04	1.837661e-04
	183	42	18.750000	63.000000	9.900442e+04	8.274084e-05
	12	59	-24.000000	58.750000	9.614283e+04	2.738655e-04
	139	64	7.750000	57.500000	9.890384e+04	1.675833e-04
	0	68	-27.000000	56.500000	9.651993e+04	1.128810e-04
2022	2	16	5	6
	137	36	7.250000	64.500000	9.871866e+04	1.930811e-04
	198	36	22.500000	64.500000	9.910688e+04	8.821808e-05
	14	56	-23.500000	59.500000	9.560434e+04	3.603724e-04
	44	65	-16.000000	57.250000	9.595325e+04	2.082472e-04
	137	116	7.250000	44.500000	1.013415e+05	5.783780e-05
2022	2	16	5	9
	288	6	45.000000	72.000000	9.899267e+04	9.933370e-05
	198	35	22.500000	64.750000	9.916752e+04	1.480040e-04
	15	51	-23.250000	60.750000	9.547509e+04	4.435030e-04
	57	58	-12.750000	59.000000	9.550768e+04	3.260733e-04
	137	116	7.250000	44.500000	1.014441e+05	6.583519e-05
2022	2	16	2	12
	288	6	45.000000	72.000000	9.900098e+04	1.068098e-04
	62	52	-11.500000	60.500000	9.485938e+04	4.126510e-04
2022	2	16	4	15
	0	41	-27.000000	63.250000	9.696362e+04	3.696102e-05
	62	50	-11.500000	61.000000	9.465852e+04	3.861749e-04
	135	120	6.750000	43.500000	1.013087e+05	1.386014e-04
	187	141	19.750000	38.250000	1.010950e+05	1.587743e-04
2022	2	16	6	18
	288	3	45.000000	72.750000	9.893611e+04	1.059951e-04
	0	40	-27.000000	63.500000	9.716823e+04	6.736236e-05
	61	50	-11.750000	61.000000	9.471320e+04	4.319685e-04
	280	121	43.000000	43.250000	1.018870e+05	-8.055116e-06
	188	138	20.000000	39.000000	1.010242e+05	1.368955e-04
	272	162	41.000000	33.000000	1.015419e+05	6.920557e-06
2022	2	16	6	21
	287	3	44.750000	72.750000	9.886279e+04	1.055166e-04
	92	47	-4.000000	61.750000	9.520045e+04	1.761748e-04
	63	52	-11.250000	60.500000	9.494868e+04	4.162833e-04
	137	117	7.250000	44.250000	1.013394e+05	5.854471e-05
	281	121	43.250000	43.250000	1.017216e+05	-2.138771e-05
	188	138	20.000000	39.000000	1.010618e+05	1.320950e-04
2022	2	17	7	0
	286	3	44.500000	72.750000	9.884337e+04	2.022767e-04
	102	48	-1.500000	61.500000	9.540726e+04	2.139986e-04
	73	53	-8.750000	60.250000	9.522034e+04	3.732637e-04
	146	61	9.500000	58.250000	9.672016e+04	3.065120e-04
	138	117	7.500000	44.250000	1.012840e+05	3.391128e-05
	281	121	43.250000	43.250000	1.016611e+05	-1.218193e-05
	188	140	20.000000	38.500000	1.009744e+05	1.324288e-04
2022	2	17	8	3
	284	3	44.000000	72.750000	9.880059e+04	1.836967e-04
	103	47	-1.250000	61.750000	9.533488e+04	1.850785e-04
	85	54	-5.750000	60.000000	9.533488e+04	3.487613e-04
	154	59	11.500000	58.750000	9.652385e+04	3.068197e-04
	150	109	10.500000	46.250000	1.008655e+05	2.215362e-05
	281	121	43.250000	43.250000	1.016077e+05	-6.384315e-06
	187	142	19.750000	38.000000	1.008845e+05	1.564289e-04
	202	144	23.500000	37.500000	1.008859e+05	6.895730e-05
2022	2	17	7	6
	284	2	44.000000	73.000000	9.878414e+04	1.707417e-04
	110	45	0.500000	62.250000	9.542370e+04	1.851780e-04
	98	54	-2.500000	60.000000	9.542370e+04	3.654101e-04
	161	58	13.250000	59.000000	9.646791e+04	2.915422e-04
	137	117	7.250000	44.250000	1.013058e+05	8.862265e-05
	281	121	43.250000	43.250000	1.015945e+05	-9.119007e-06
	187	145	19.750000	37.250000	1.009971e+05	1.592896e-04
2022	2	17	5	9
	284	2	44.000000	73.000000	9.880435e+04	1.816552e-04
	112	54	1.000000	60.000000	9.566670e+04	2.852500e-04
	167	57	14.750000	59.250000	9.653043e+04	2.502300e-04
	195	143	21.750000	37.750000	1.011308e+05	-4.116198e-06
	187	149	19.750000	36.250000	1.011308e+05	1.428399e-04
2022	2	17	7	12
	285	1	44.250000	73.250000	9.883396e+04	1.628578e-04
	136	41	7.000000	63.250000	9.602470e+04	-5.051891e-05
	123	54	3.750000	60.000000	9.585345e+04	3.503393e-04
	177	57	17.250000	59.250000	9.649894e+04	2.465316e-04
	6	112	-25.500000	45.500000	1.016772e+05	5.413562e-05
	277	120	42.250000	43.500000	1.011858e+05	-7.834362e-06
	15	121	-23.250000	43.250000	1.016772e+05	6.817668e-05
2022	2	17	7	15
	286	1	44.500000	73.250000	9.886154e+04	1.411496e-04
	128	52	5.000000	60.500000	9.619390e+04	1.917648e-04
	186	56	19.500000	59.500000	9.650693e+04	2.490428e-04
	12	111	-24.000000	45.750000	1.013645e+05	9.563372e-05
	23	117	-21.250000	44.250000	1.013645e+05	1.105512e-04
	279	120	42.750000	43.500000	1.013597e+05	-1.207106e-06
	0	130	-27.000000	41.000000	1.019116e+05	3.474299e-05
2022	2	17	4	18
	288	2	45.000000	73.000000	9.886608e+04	1.150801e-04
	136	53	7.000000	60.250000	9.665185e+04	1.141794e-04
	189	56	20.250000	59.500000	9.651930e+04	2.510332e-04
	29	113	-19.750000	45.250000	1.010730e+05	1.278136e-04
2022	2	17	4	21
	138	33	7.500000	65.250000	9.697600e+04	1.716386e-04
	198	56	22.500000	59.500000	9.656693e+04	2.173129e-04
	150	58	10.500000	59.000000	9.704682e+04	1.820452e-04
	37	108	-17.750000	46.500000	1.008528e+05	1.660901e-04
2022	2	18	3	0
	137	32	7.250000	65.500000	9.710917e+04	2.172335e-04
	201	56	23.250000	59.500000	9.666141e+04	1.917925e-04
	49	102	-14.750000	48.000000	1.006186e+05	1.582787e-04
2022	2	18	3	3
	138	32	7.500000	65.500000	9.720599e+04	2.311472e-04
	207	57	24.750000	59.250000	9.682434e+04	1.788871e-04
	60	97	-12.000000	49.250000	1.004351e+05	1.642308e-04
2022	2	18	4	6
	141	29	8.250000	66.250000	9.725472e+04	2.140552e-04
	60	51	-12.000000	60.750000	9.869734e+04	1.423771e-04
	213	56	26.250000	59.500000	9.700436e+04	1.745314e-04
	67	94	-10.250000	50.000000	1.002536e+05	2.044190e-04
2022	2	18	4	9
	141	28	8.250000	66.500000	9.731739e+04	2.234645e-04
	56	52	-13.000000	60.500000	9.872930e+04	1.308773e-04
	218	55	27.500000	59.750000	9.720114e+04	1.473485e-04
	79	90	-7.250000	51.000000	1.001492e+05	2.040115e-04
2022	2	18	5	12
	6	7	-25.500000	71.750000	1.003919e+05	-3.200811e-05
	142	28	8.500000	66.500000	9.738711e+04	2.379114e-04
	54	54	-13.500000	60.000000	9.877177e+04	2.655493e-04
	224	55	29.000000	59.750000	9.745620e+04	1.054529e-04
	92	86	-4.000000	52.000000	1.000374e+05	2.121669e-04
2022	2	18	4	15
	6	7	-25.500000	71.750000	1.004162e+05	-2.727044e-05
	146	27	9.500000	66.750000	9.737645e+04	2.424183e-04
	57	56	-12.750000	59.500000	9.881783e+04	2.537535e-04
	108	83	0.000000	52.750000	9.975190e+04	1.956882e-04
2022	2	18	9	18
	6	7	-25.500000	71.750000	1.004709e+05	-3.457669e-05
	147	25	9.750000	67.250000	9.735373e+04	2.108016e-04
	288	33	45.000000	65.250000	9.823376e+04	3.346697e-05
	288	34	45.000000	65.000000	9.823376e+04	2.652208e-05
	248	39	35.000000	63.750000	9.783801e+04	7.111695e-05
	64	57	-11.000000	59.250000	9.898092e+04	2.674620e-04
	0	58	-27.000000	59.000000	9.830802e+04	1.000111e-04
	121	80	3.250000	53.500000	9.954494e+04	2.444954e-04
	40	136	-17.000000	39.500000	1.013376e+05	2.080152e-04
2022	2	18	14	21
	6	7	-25.500000	71.750000	1.004601e+05	-2.652529e-05
	148	23	10.000000	67.750000	9.729138e+04	2.171926e-04
	288	32	45.000000	65.500000	9.808210e+04	6.341522e-05
	263	33	38.750000	65.250000	9.783879e+04	6.114206e-05
	0	41	-27.000000	63.250000	9.861478e+04	1.092479e-04
	5	57	-25.750000	59.250000	9.833011e+04	1.767410e-04
	72	58	-9.000000	59.000000	9.920574e+04	2.356891e-04
	133	78	6.250000	54.000000	9.937652e+04	2.800397e-04
	132	79	6.000000	53.750000	9.937652e+04	2.862125e-04
	133	79	6.250000	53.750000	9.937652e+04	2.830543e-04
	274	117	41.500000	44.250000	1.003725e+05	-7.585013e-05
	118	124	2.500000	42.500000	1.014450e+05	9.769420e-05
	271	130	40.750000	41.000000	1.005074e+05	-2.969042e-05
	40	140	-17.000000	38.500000	1.013728e+05	2.455466e-04
2022	2	19	8	0
	150	22	10.500000	68.000000	9.728198e+04	2.623992e-04
	273	30	41.250000	66.000000	9.789143e+04	4.296005e-05
	12	56	-24.000000	59.500000	9.839356e+04	1.656971e-04
	81	59	-6.750000	58.750000	9.934769e+04	2.201049e-04
	149	78	10.250000	54.000000	9.931369e+04	2.472929e-04
	282	121	43.500000	43.250000	1.004604e+05	4.894287e-05
	108	131	0.000000	40.750000	1.015604e+05	1.946613e-05
	40	140	-17.000000	38.500000	1.012674e+05	2.626699e-04
2022	2	19	7	3
	151	20	10.750000	68.500000	9.722589e+04	2.727182e-04
	280	27	43.000000	66.750000	9.785367e+04	9.970274e-05
	255	35	36.750000	64.750000	9.786997e+04	4.471806e-05
	20	55	-22.000000	59.750000	9.844934e+04	1.501687e-04
	165	77	14.250000	54.250000	9.910062e+04	2.525879e-04
	108	132	0.000000	40.500000	1.015929e+05	1.695004e-06
	40	141	-17.000000	38.250000	1.011431e+05	2.969363e-04
2022	2	19	10	6
	150	17	10.500000	69.250000	9.722009e+04	2.276676e-04
	281	24	43.250000	67.500000	9.791258e+04	1.481725e-04
	282	24	43.500000	67.500000	9.791258e+04	1.397841e-04
	267	30	39.750000	66.000000	9.791258e+04	6.212662e-05
	12	44	-24.000000	62.500000	9.832259e+04	1.731462e-04
	28	51	-20.000000	60.750000	9.832259e+04	1.936757e-04
	179	76	17.750000	54.500000	9.909937e+04	2.242497e-04
	139	110	7.750000	46.000000	1.011983e+05	-2.994660e-05
	136	113	7.000000	45.250000	1.013564e+05	-2.762103e-06
	40	142	-17.000000	38.000000	1.011027e+05	2.973161e-04
2022	2	19	7	9
	147	15	9.750000	69.750000	9.722636e+04	2.060420e-04
	283	23	43.750000	67.750000	9.799295e+04	1.160611e-04
	7	40	-25.250000	63.500000	9.813866e+04	1.908104e-04
	194	77	21.500000	54.250000	9.903936e+04	2.004706e-04
	136	115	7.000000	44.750000	1.014612e+05	6.535653e-05
	40	143	-17.000000	37.750000	1.013304e+05	2.628696e-04
	265	162	39.250000	33.000000	1.010333e+05	1.745434e-05
2022	2	19	4	12
	143	14	8.750000	70.000000	9.728339e+04	2.185605e-04
	208	77	25.000000	54.250000	9.898061e+04	2.183052e-04
	38	144	-17.500000	37.500000	1.014662e+05	2.685502e-04
	258	162	37.500000	33.000000	1.007264e+05	-1.839423e-05
2022	2	19	8	15
	140	14	8.000000	70.000000	9.733212e+04	2.659133e-04
	285	21	44.250000	68.250000	9.823423e+04	6.141082e-05
	270	28	40.500000	66.500000	9.823423e+04	7.191461e-05
	221	77	28.250000	54.250000	9.895491e+04	2.205310e-04
	156	107	12.000000	46.750000	1.011964e+05	7.321640e-06
	135	119	6.750000	43.750000	1.013656e+05	1.300274e-04
	36	145	-18.000000	37.250000	1.014308e+05	2.863671e-04
	265	162	39.250000	33.000000	1.007208e+05	3.838495e-05
2022	2	19	8	18
	137	14	7.250000	70.000000	9.738695e+04	2.609200e-04
	285	21	44.250000	68.250000	9.831836e+04	5.896528e-05
	264	29	39.000000	66.250000	9.831836e+04	5.275934e-05
	0	53	-27.000000	60.250000	9.629120e+04	1.544854e-04
	235	77	31.750000	54.250000	9.889412e+04	2.341053e-04
	135	120	6.750000	43.500000	1.014985e+05	9.545800e-05
	35	147	-18.250000	36.750000	1.014851e+05	3.052579e-04
	267	162	39.750000	33.000000	1.009515e+05	4.445634e-05
2022	2	19	8	21
	136	15	7.000000	69.750000	9.745996e+04	2.385301e-04
	285	21	44.250000	68.250000	9.841879e+04	6.137565e-05
	269	28	40.250000	66.500000	9.841879e+04	4.598535e-05
	0	51	-27.000000	60.750000	9.581350e+04	1.945838e-04
	246	77	34.500000	54.250000	9.876550e+04	2.499130e-04
	247	77	34.750000	54.250000	9.876550e+04	2.421660e-04
	137	122	7.250000	43.000000	1.016764e+05	8.823634e-05
	34	150	-18.500000	36.000000	1.015741e+05	2.880081e-04
2022	2	20	5	0
	137	16	7.250000	69.500000	9.745996e+04	1.924232e-04
	6	47	-25.500000	61.750000	9.543170e+04	3.948864e-04
	256	76	37.000000	54.500000	9.865112e+04	2.642207e-04
	175	137	16.750000	39.250000	1.016274e+05	9.785450e-06
	33	152	-18.750000	35.500000	1.016111e+05	2.831871e-04
