2022	2	10	8	0
	161	9	13.250000	71.250000	9.668908e+04	6.517235e-05
	162	9	13.500000	71.250000	9.668908e+04	4.979634e-05
	163	9	13.750000	71.250000	9.670041e+04	3.540893e-05
	149	22	10.250000	68.000000	9.647180e+04	3.620071e-04
	59	56	-12.250000	59.500000	9.859396e+04	4.921915e-04
	152	106	11.000000	47.000000	1.022200e+05	-4.226624e-05
	139	110	7.750000	46.000000	1.022200e+05	-7.854093e-05
	248	150	35.000000	36.000000	1.007870e+05	1.041735e-04
2022	2	10	7	6
	8	6	-25.000000	72.000000	1.002544e+05	-9.592552e-06
	170	13	15.500000	70.250000	9.673871e+04	9.178468e-06
	10	14	-24.500000	70.000000	1.002544e+05	3.958980e-05
	166	23	14.500000	67.750000	9.673871e+04	3.612977e-04
	79	59	-7.250000	58.750000	9.903555e+04	4.894796e-04
	158	106	12.500000	47.000000	1.021962e+05	-3.909115e-05
	250	152	35.500000	35.500000	1.010416e+05	1.079005e-04
2022	2	10	9	12
	212	0	26.000000	73.500000	9.733173e+04	-1.411687e-05
	214	0	26.500000	73.500000	9.733173e+04	-1.252552e-06
	182	3	18.500000	72.750000	9.733173e+04	1.006990e-04
	8	6	-25.000000	72.000000	1.002143e+05	-2.355568e-05
	192	16	21.000000	69.500000	9.737237e+04	-3.040196e-05
	19	21	-22.250000	68.250000	1.001573e+05	1.029608e-04
	190	28	20.500000	66.500000	9.763752e+04	1.547393e-04
	96	64	-3.000000	57.500000	9.990348e+04	3.941545e-04
	137	117	7.250000	44.250000	1.022712e+05	1.074961e-04
2022	2	10	6	18
	206	0	24.500000	73.500000	9.756698e+04	-5.300282e-05
	184	5	19.000000	72.250000	9.756698e+04	1.540741e-04
	9	6	-24.750000	72.000000	1.000293e+05	-3.605474e-05
	9	14	-24.750000	70.000000	9.974951e+04	4.262185e-06
	39	17	-17.250000	69.250000	9.974951e+04	1.376219e-04
	112	68	1.000000	56.500000	1.003734e+05	3.805245e-04
2022	2	11	4	0
	204	7	24.000000	71.750000	9.781591e+04	1.455721e-04
	54	14	-13.500000	70.000000	9.942730e+04	1.984871e-04
	0	71	-27.000000	55.750000	9.977549e+04	1.234276e-04
	124	74	4.000000	55.000000	1.008496e+05	3.713935e-04
2022	2	11	5	6
	227	0	29.750000	73.500000	9.808145e+04	-1.455793e-05
	209	8	25.250000	71.500000	9.808145e+04	1.165890e-04
	72	14	-9.000000	70.000000	9.935032e+04	1.561442e-04
	135	81	6.750000	53.250000	1.014035e+05	2.666161e-04
	188	123	20.000000	42.750000	1.021151e+05	-1.952274e-06
2022	2	11	7	12
	230	0	30.500000	73.500000	9.860295e+04	-1.674578e-05
	216	9	27.000000	71.250000	9.860295e+04	1.370403e-04
	78	13	-7.500000	70.250000	9.948397e+04	1.396914e-04
	101	16	-1.750000	69.500000	9.948397e+04	7.135280e-05
	0	56	-27.000000	59.500000	9.892964e+04	9.143784e-05
	4	67	-26.000000	56.750000	9.892964e+04	1.431560e-04
	137	117	7.250000	44.250000	1.020510e+05	6.701148e-05
2022	2	11	7	18
	238	0	32.500000	73.500000	9.879209e+04	-1.201397e-05
	233	10	31.250000	71.000000	9.879209e+04	9.151876e-05
	145	20	9.250000	68.500000	9.928799e+04	1.238146e-04
	31	52	-19.250000	60.500000	9.876180e+04	1.896966e-04
	13	53	-23.750000	60.250000	9.876180e+04	1.396944e-04
	23	62	-21.250000	58.000000	9.876180e+04	1.184345e-04
	134	123	6.500000	42.750000	1.021372e+05	5.530012e-05
2022	2	12	4	0
	241	3	33.250000	72.750000	9.885070e+04	9.540479e-05
	150	23	10.500000	67.750000	9.918189e+04	2.747181e-04
	22	53	-21.500000	60.250000	9.850291e+04	2.592714e-04
	238	89	32.500000	51.250000	1.010342e+05	1.522890e-04
2022	2	12	5	6
	244	3	34.000000	72.750000	9.886438e+04	1.342214e-04
	237	13	32.250000	70.250000	9.886438e+04	1.355125e-04
	53	53	-13.750000	60.250000	9.849627e+04	1.321856e-04
	24	57	-21.000000	59.250000	9.854530e+04	1.332342e-04
	256	90	37.000000	51.000000	1.008261e+05	2.165984e-04
2022	2	12	4	12
	251	1	35.750000	73.250000	9.900057e+04	1.057763e-04
	248	17	35.000000	69.250000	9.906036e+04	8.891369e-05
	62	51	-11.500000	60.750000	9.856660e+04	1.347375e-04
	273	90	41.250000	51.000000	1.005135e+05	2.137338e-04
2022	2	12	4	18
	264	20	39.000000	68.500000	9.923055e+04	9.125091e-05
	82	49	-6.500000	61.250000	9.851248e+04	1.593187e-04
	288	92	45.000000	50.500000	1.003963e+05	1.608979e-04
	34	95	-18.500000	49.750000	1.002141e+05	1.217003e-04
2022	2	13	4	0
	262	0	38.500000	73.500000	9.926591e+04	1.055573e-04
	106	43	-0.500000	62.750000	9.858243e+04	9.042882e-05
	93	49	-3.750000	61.250000	9.858243e+04	1.604268e-04
	50	91	-14.500000	50.750000	9.945055e+04	1.981404e-04
2022	2	13	4	6
	200	0	23.000000	73.500000	9.897966e+04	1.027767e-04
	267	0	39.750000	73.500000	9.932023e+04	1.107066e-04
	115	47	1.750000	61.750000	9.850271e+04	1.049368e-04
	65	88	-10.750000	51.500000	9.872898e+04	2.776706e-04
2022	2	13	5	12
	217	0	27.250000	73.500000	9.913871e+04	1.131606e-04
	40	36	-17.000000	64.500000	1.003619e+05	3.774405e-05
	153	36	11.250000	64.500000	9.859591e+04	1.473517e-04
	79	87	-7.250000	51.750000	9.853280e+04	3.107143e-04
	270	120	40.500000	43.500000	1.027802e+05	6.268090e-05
2022	2	13	5	18
	213	0	26.250000	73.500000	9.922390e+04	4.427071e-06
	6	14	-25.500000	70.000000	9.966862e+04	6.853698e-05
	202	33	23.500000	65.250000	9.883800e+04	6.567482e-05
	176	41	17.000000	63.250000	9.881807e+04	8.322102e-05
	96	80	-3.000000	53.500000	9.846012e+04	1.546834e-04
2022	2	14	4	0
	1	17	-26.750000	69.250000	9.983333e+04	3.909870e-05
	211	32	25.750000	65.500000	9.884504e+04	5.348234e-05
	207	40	24.750000	63.500000	9.884504e+04	3.032924e-05
	111	76	0.750000	54.500000	9.837551e+04	7.345145e-05
2022	2	14	3	6
	220	30	28.000000	66.000000	9.884797e+04	9.543882e-05
	0	53	-27.000000	60.250000	9.835968e+04	1.343570e-04
	135	66	6.750000	57.000000	9.812931e+04	1.948031e-04
2022	2	14	5	12
	228	0	30.000000	73.500000	9.948104e+04	2.086966e-05
	288	17	45.000000	69.250000	1.001786e+05	-1.869174e-05
	237	27	32.250000	66.750000	9.886184e+04	1.022219e-04
	1	43	-26.750000	62.750000	9.751578e+04	1.733906e-04
	138	65	7.500000	57.250000	9.804666e+04	3.027455e-04
2022	2	14	4	18
	246	23	34.500000	67.750000	9.859240e+04	1.409930e-04
	8	39	-25.000000	63.750000	9.740383e+04	2.803084e-04
	27	39	-20.250000	63.750000	9.740383e+04	-2.419513e-06
	147	65	9.750000	57.250000	9.824948e+04	3.007635e-04
2022	2	15	8	0
	260	18	38.000000	69.000000	9.837844e+04	1.124090e-04
	0	34	-27.000000	65.000000	9.728327e+04	9.413891e-05
	35	43	-18.250000	62.750000	9.704938e+04	1.813548e-04
	121	53	3.250000	60.250000	9.954571e+04	1.454214e-04
	185	57	19.250000	59.250000	9.876297e+04	1.521425e-04
	162	65	13.500000	57.250000	9.872976e+04	2.202312e-04
	137	120	7.250000	43.500000	1.010752e+05	1.017627e-04
	135	132	6.750000	40.500000	1.011051e+05	1.512625e-04
2022	2	15	6	6
	262	17	38.500000	69.250000	9.804647e+04	2.384018e-04
	20	37	-22.000000	64.250000	9.672757e+04	2.496770e-04
	187	58	19.750000	59.000000	9.892066e+04	1.418499e-04
	0	85	-27.000000	52.250000	9.906759e+04	1.130921e-04
	138	123	7.500000	42.750000	1.010637e+05	5.325049e-05
	140	131	8.000000	40.750000	1.010637e+05	1.351758e-04
2022	2	15	8	12
	288	11	45.000000	70.750000	9.832588e+04	6.187426e-05
	275	19	41.750000	68.750000	9.812248e+04	1.826395e-04
	0	31	-27.000000	65.750000	9.671859e+04	1.514180e-04
	29	31	-19.750000	65.750000	9.671859e+04	1.608774e-04
	197	54	22.250000	60.000000	9.899842e+04	1.675489e-04
	23	83	-21.250000	52.750000	9.919342e+04	1.815710e-04
	24	83	-21.000000	52.750000	9.919342e+04	1.771657e-04
	145	128	9.250000	41.500000	1.011309e+05	1.719502e-04
2022	2	15	6	18
	275	9	41.750000	71.250000	9.814807e+04	1.642721e-04
	0	37	-27.000000	64.250000	9.694368e+04	6.342513e-05
	106	47	-0.500000	61.750000	9.782098e+04	1.840286e-04
	221	52	28.250000	60.500000	9.930187e+04	1.224321e-04
	143	60	8.750000	58.500000	9.860158e+04	2.454937e-04
	146	128	9.500000	41.500000	1.011970e+05	1.665106e-04
2022	2	16	8	0
	279	14	42.750000	70.000000	9.819848e+04	1.841936e-04
	105	47	-0.750000	61.750000	9.806445e+04	2.303138e-04
	236	49	32.000000	61.250000	9.942145e+04	1.391628e-04
	155	57	11.750000	59.250000	9.893922e+04	2.837740e-04
	0	61	-27.000000	58.250000	9.578715e+04	1.498923e-04
	281	121	43.250000	43.250000	1.020340e+05	-3.653003e-06
	151	138	10.750000	39.000000	1.012773e+05	1.517337e-04
	274	157	41.500000	34.250000	1.017955e+05	-5.884192e-05
2022	2	16	7	6
	285	7	44.250000	71.750000	9.815745e+04	1.019896e-04
	284	43	44.000000	62.750000	9.944626e+04	1.038502e-04
	14	53	-23.500000	60.250000	9.482778e+04	4.280924e-04
	186	56	19.500000	59.500000	9.909748e+04	1.065024e-04
	281	121	43.250000	43.250000	1.022157e+05	-6.633490e-06
	283	129	43.750000	41.250000	1.021130e+05	-6.318165e-06
	166	148	14.500000	36.500000	1.013572e+05	9.237260e-05
2022	2	16	4	12
	288	5	45.000000	72.250000	9.812209e+04	9.278996e-05
	40	48	-17.000000	61.500000	9.467713e+04	3.655201e-04
	196	53	22.000000	60.250000	9.884211e+04	1.120995e-04
	169	147	15.250000	36.750000	1.014246e+05	6.108324e-05
2022	2	16	6	18
	282	6	43.500000	72.000000	9.814846e+04	2.294637e-04
	83	44	-6.250000	62.500000	9.509781e+04	2.060382e-04
	57	46	-12.750000	62.000000	9.511051e+04	4.113749e-04
	213	50	26.250000	61.000000	9.866782e+04	9.638219e-05
	214	50	26.500000	61.000000	9.866782e+04	1.083222e-04
	176	147	17.000000	36.750000	1.015737e+05	9.149944e-05
2022	2	17	6	0
	280	7	43.000000	71.750000	9.817484e+04	1.803088e-04
	86	45	-5.500000	62.250000	9.541571e+04	3.461624e-04
	222	47	28.500000	61.750000	9.824323e+04	7.134614e-05
	111	48	0.750000	61.500000	9.541766e+04	1.673418e-04
	150	58	10.500000	59.000000	9.655583e+04	2.870969e-04
	137	117	7.250000	44.250000	1.019168e+05	9.186027e-05
2022	2	17	7	6
	280	6	43.000000	72.000000	9.811016e+04	2.856947e-04
	119	44	2.750000	62.500000	9.601693e+04	9.698341e-05
	232	44	31.000000	62.500000	9.792572e+04	6.984660e-05
	136	53	7.000000	60.250000	9.601909e+04	8.702661e-05
	0	107	-27.000000	46.750000	1.000920e+05	1.484862e-04
	136	117	7.000000	44.250000	1.016364e+05	1.152235e-04
	278	120	42.500000	43.500000	1.018853e+05	8.449074e-07
2022	2	17	6	12
	284	4	44.000000	72.500000	9.818833e+04	1.594696e-04
	136	39	7.000000	63.750000	9.703492e+04	5.852567e-05
	139	56	7.750000	59.500000	9.706404e+04	1.846751e-04
	169	58	15.250000	59.000000	9.706931e+04	2.028460e-04
	203	61	23.750000	58.250000	9.691300e+04	2.826974e-04
	1	102	-26.750000	48.000000	9.961918e+04	1.505093e-04
2022	2	17	7	18
	283	0	43.750000	73.500000	9.830302e+04	1.197370e-04
	138	38	7.500000	64.000000	9.778269e+04	1.939705e-04
	0	40	-27.000000	63.500000	9.845581e+04	1.289856e-04
	212	58	26.000000	59.000000	9.708260e+04	2.179637e-04
	22	91	-21.500000	50.750000	9.925009e+04	2.433153e-04
	278	151	42.500000	35.750000	1.014987e+05	1.583930e-05
	267	162	39.750000	33.000000	1.015555e+05	2.372104e-06
2022	2	18	6	0
	279	0	42.750000	73.500000	9.849685e+04	1.175899e-04
	144	37	9.000000	64.250000	9.821607e+04	2.642874e-04
	217	59	27.250000	58.750000	9.748081e+04	2.052487e-04
	60	73	-12.000000	55.250000	9.895720e+04	2.209007e-04
	45	81	-15.750000	53.250000	9.895720e+04	2.010107e-04
	134	117	6.500000	44.250000	1.019801e+05	9.385702e-05
2022	2	18	6	6
	154	38	11.500000	64.000000	9.883859e+04	2.632242e-04
	0	44	-27.000000	62.500000	9.876942e+04	5.357773e-05
	0	54	-27.000000	60.000000	9.876942e+04	8.801924e-05
	234	60	31.500000	58.500000	9.791165e+04	5.674836e-05
	262	60	38.500000	58.500000	9.791419e+04	9.235049e-05
	70	67	-9.500000	56.750000	9.824792e+04	3.147381e-04
2022	2	18	3	12
	95	59	-3.250000	58.750000	9.780027e+04	2.647896e-04
	20	60	-22.000000	58.500000	9.934915e+04	2.126205e-04
	279	118	42.750000	44.000000	9.999492e+04	-5.743443e-05
2022	2	18	3	18
	283	52	43.750000	60.500000	9.837824e+04	1.142099e-04
	102	58	-1.500000	59.000000	9.699018e+04	3.781058e-04
	42	67	-16.500000	56.750000	9.969948e+04	2.478774e-04
2022	2	19	6	0
	273	2	41.250000	73.000000	9.872976e+04	8.262954e-05
	274	2	41.500000	73.000000	9.872976e+04	7.951650e-05
	126	54	4.500000	60.000000	9.681550e+04	2.346362e-04
	146	59	9.500000	58.750000	9.681550e+04	2.319328e-04
	287	140	44.750000	38.500000	1.010450e+05	2.861310e-07
	277	148	42.250000	36.500000	1.010450e+05	7.240949e-05
2022	2	19	5	6
	241	0	33.250000	73.500000	9.883624e+04	1.144016e-05
	287	4	44.750000	72.500000	9.874988e+04	7.761153e-05
	160	56	13.000000	59.500000	9.686923e+04	2.278107e-04
	144	62	9.000000	58.000000	9.686923e+04	2.741082e-04
	277	150	42.250000	36.000000	1.012640e+05	1.536742e-04
2022	2	19	4	12
	259	6	37.750000	72.000000	9.903770e+04	7.765921e-06
	188	53	20.000000	60.250000	9.700464e+04	2.730559e-04
	285	133	44.250000	40.250000	1.011184e+05	-3.221607e-05
	282	154	43.500000	35.000000	1.010479e+05	1.222310e-04
2022	2	19	4	18
	10	6	-24.500000	72.000000	1.004455e+05	1.101369e-05
	259	8	37.750000	71.500000	9.914262e+04	2.788382e-05
	194	54	21.500000	60.000000	9.744388e+04	2.774976e-04
	94	129	-3.500000	41.250000	1.014236e+05	1.042459e-04
2022	2	20	4	0
	10	6	-24.500000	72.000000	9.945407e+04	-3.130413e-05
	218	60	27.500000	58.500000	9.823014e+04	9.356868e-05
	93	134	-3.750000	40.000000	1.014254e+05	4.271194e-05
	99	145	-2.250000	37.250000	1.014254e+05	5.672459e-06
