2022	2	16	6	0
	288	11	45.000000	70.750000	9.879295e+04	7.792533e-05
	57	40	-12.750000	63.500000	9.729941e+04	3.865064e-04
	116	54	2.000000	60.000000	9.799362e+04	1.921945e-04
	117	54	2.250000	60.000000	9.799362e+04	1.879669e-04
	66	68	-10.500000	56.500000	9.723336e+04	3.430342e-04
	171	122	15.750000	43.000000	1.014628e+05	1.794454e-05
2022	2	16	4	3
	50	39	-14.500000	63.750000	9.726236e+04	3.134073e-04
	122	54	3.500000	60.000000	9.794710e+04	1.973959e-04
	79	67	-7.250000	56.750000	9.720359e+04	3.301164e-04
	173	123	16.250000	42.750000	1.014006e+05	3.698149e-05
2022	2	16	3	6
	46	37	-15.500000	64.250000	9.749665e+04	2.664819e-04
	123	52	3.750000	60.500000	9.787639e+04	1.689397e-04
	100	68	-2.000000	56.500000	9.750285e+04	2.374827e-04
2022	2	16	6	9
	118	34	2.500000	65.000000	9.777064e+04	2.013326e-04
	122	47	3.500000	61.750000	9.778987e+04	1.301252e-04
	110	67	0.500000	56.750000	9.749866e+04	2.529892e-04
	202	125	23.500000	42.250000	1.015972e+05	-7.701635e-05
	181	126	18.250000	42.000000	1.014589e+05	9.362976e-05
	182	138	18.500000	39.000000	1.014595e+05	1.262906e-04
2022	2	16	4	12
	114	34	1.500000	65.000000	9.760364e+04	1.848536e-04
	70	67	-9.500000	56.750000	9.726344e+04	1.954752e-04
	123	67	3.750000	56.750000	9.745928e+04	2.188116e-04
	183	136	18.750000	39.500000	1.012110e+05	1.645881e-04
2022	2	16	5	15
	108	35	0.000000	64.750000	9.743897e+04	1.840815e-04
	83	66	-6.250000	57.000000	9.693983e+04	2.955221e-04
	133	68	6.250000	56.500000	9.737431e+04	2.180273e-04
	150	68	10.500000	56.500000	9.737431e+04	2.003787e-04
	186	137	19.500000	39.250000	1.010540e+05	1.474686e-04
2022	2	16	3	18
	0	28	-27.000000	66.500000	9.801377e+04	1.226712e-04
	100	66	-2.000000	57.000000	9.696247e+04	2.998078e-04
	184	134	19.000000	40.000000	1.011002e+05	8.776301e-05
2022	2	16	3	21
	112	67	1.000000	56.750000	9.694091e+04	2.859651e-04
	137	117	7.250000	44.250000	1.013003e+05	5.048340e-05
	183	134	18.750000	40.000000	1.012182e+05	8.066434e-05
2022	2	17	5	0
	288	10	45.000000	71.000000	9.907191e+04	9.441870e-05
	129	41	5.250000	63.250000	9.723196e+04	7.969986e-05
	186	62	19.500000	58.000000	9.666987e+04	2.274372e-04
	157	71	12.250000	55.750000	9.657575e+04	2.683422e-04
	137	117	7.250000	44.250000	1.012485e+05	5.605480e-05
2022	2	17	6	3
	0	25	-27.000000	67.250000	9.917564e+04	8.826767e-05
	0	39	-27.000000	63.750000	9.929488e+04	-6.066174e-05
	130	41	5.500000	63.250000	9.723506e+04	9.265880e-05
	191	59	20.750000	58.750000	9.627074e+04	2.125216e-04
	174	70	16.500000	56.000000	9.632331e+04	2.742865e-04
	137	117	7.250000	44.250000	1.010720e+05	8.396116e-05
2022	2	17	4	6
	132	41	6.000000	63.250000	9.728530e+04	1.052879e-04
	193	58	21.250000	59.000000	9.604808e+04	2.261995e-04
	198	66	22.500000	57.000000	9.604808e+04	1.132737e-04
	10	69	-24.500000	56.250000	9.935195e+04	2.457937e-04
2022	2	17	3	9
	136	40	7.000000	63.500000	9.736191e+04	8.909366e-05
	196	58	22.000000	59.000000	9.597179e+04	2.387312e-04
	15	66	-23.250000	57.000000	9.915517e+04	3.370623e-04
2022	2	17	3	12
	15	53	-23.250000	60.250000	9.911253e+04	1.504719e-04
	211	58	25.750000	59.000000	9.587922e+04	1.482998e-04
	22	64	-21.500000	57.500000	9.911253e+04	2.872511e-04
2022	2	17	3	15
	213	55	26.250000	59.750000	9.587317e+04	2.038841e-04
	30	62	-19.500000	58.000000	9.908214e+04	2.881707e-04
	27	99	-20.250000	48.750000	1.003606e+05	1.298456e-04
2022	2	17	3	18
	217	54	27.250000	60.000000	9.593876e+04	2.260620e-04
	35	60	-18.250000	58.500000	9.903221e+04	2.606837e-04
	36	95	-18.000000	49.750000	9.986612e+04	1.729849e-04
2022	2	17	4	21
	221	52	28.250000	60.500000	9.604280e+04	1.933513e-04
	43	59	-16.250000	58.750000	9.893080e+04	2.718730e-04
	43	90	-16.250000	51.000000	9.940327e+04	2.936535e-04
	158	108	12.500000	46.500000	1.008866e+05	-2.583727e-06
2022	2	18	3	0
	222	42	28.500000	63.000000	9.604575e+04	8.235875e-05
	50	59	-14.500000	58.750000	9.879420e+04	2.661963e-04
	49	87	-14.750000	51.750000	9.890956e+04	3.147978e-04
2022	2	18	4	3
	222	40	28.500000	63.500000	9.604017e+04	1.181319e-04
	59	59	-12.250000	58.750000	9.873326e+04	2.462630e-04
	56	84	-13.000000	52.500000	9.827366e+04	3.825856e-04
	154	110	11.500000	46.000000	1.013493e+05	4.439658e-05
2022	2	18	6	6
	224	37	29.000000	64.250000	9.608467e+04	1.331163e-04
	69	59	-9.750000	58.750000	9.853788e+04	1.861794e-04
	84	84	-6.000000	52.500000	9.793470e+04	1.992462e-04
	62	86	-11.500000	52.000000	9.778413e+04	5.366777e-04
	154	110	11.500000	46.000000	1.014198e+05	4.624945e-05
	138	117	7.500000	44.250000	1.013742e+05	6.432551e-05
2022	2	18	7	9
	6	7	-25.500000	71.750000	1.003755e+05	-2.170876e-05
	227	35	29.750000	64.750000	9.616980e+04	1.013454e-04
	0	45	-27.000000	62.250000	9.924155e+04	7.192381e-05
	76	58	-8.000000	59.000000	9.841817e+04	1.308467e-04
	87	80	-5.250000	53.500000	9.792430e+04	3.293885e-04
	102	82	-1.500000	53.000000	9.792430e+04	1.716638e-04
	75	87	-8.250000	51.750000	9.792430e+04	4.453022e-04
2022	2	18	6	12
	6	7	-25.500000	71.750000	1.003851e+05	-1.411856e-05
	230	34	30.500000	65.000000	9.626873e+04	1.010576e-04
	81	58	-6.750000	59.000000	9.833584e+04	1.571239e-04
	108	76	0.000000	54.500000	9.790958e+04	2.166435e-04
	94	78	-3.500000	54.000000	9.790958e+04	3.568906e-04
	277	118	42.250000	44.000000	1.003450e+05	-3.419070e-06
2022	2	18	3	15
	6	7	-25.500000	71.750000	1.003411e+05	-4.764465e-06
	233	31	31.250000	65.750000	9.635432e+04	8.784806e-05
	118	72	2.500000	55.500000	9.761496e+04	2.568292e-04
2022	2	18	5	18
	6	7	-25.500000	71.750000	1.002835e+05	-6.257314e-06
	235	29	31.750000	66.250000	9.636905e+04	1.146247e-04
	125	70	4.250000	56.000000	9.715335e+04	3.133718e-04
	117	82	2.250000	53.000000	9.721894e+04	3.037332e-04
	279	119	42.750000	43.750000	1.004388e+05	5.036591e-05
2022	2	18	6	21
	6	7	-25.500000	71.750000	1.002470e+05	-1.151065e-05
	236	28	32.000000	66.500000	9.641448e+04	1.048386e-04
	0	59	-27.000000	58.750000	9.822094e+04	9.456436e-05
	131	70	5.750000	56.000000	9.687952e+04	3.962148e-04
	282	121	43.500000	43.250000	1.003307e+05	5.966486e-05
	272	154	41.000000	35.000000	1.013657e+05	9.124466e-05
2022	2	19	8	0
	6	7	-25.500000	71.750000	1.002564e+05	-1.729375e-05
	237	27	32.250000	66.750000	9.647496e+04	8.902672e-05
	0	55	-27.000000	59.750000	9.804572e+04	1.136534e-04
	153	66	11.250000	57.000000	9.690572e+04	1.801232e-04
	140	72	8.000000	55.500000	9.690572e+04	4.059557e-04
	138	117	7.500000	44.250000	1.012905e+05	1.448005e-04
	274	154	41.500000	35.000000	1.013995e+05	1.024333e-04
	275	154	41.750000	35.000000	1.013995e+05	1.058420e-04
2022	2	19	10	3
	6	7	-25.500000	71.750000	1.002955e+05	-1.218653e-06
	247	17	34.750000	69.250000	9.651481e+04	7.481134e-05
	234	25	31.500000	67.250000	9.651481e+04	7.408936e-05
	5	53	-25.750000	60.250000	9.812092e+04	1.619747e-04
	26	61	-20.500000	58.250000	9.808976e+04	2.358157e-04
	177	66	17.250000	57.000000	9.692417e+04	2.321321e-04
	160	67	13.000000	56.750000	9.692417e+04	1.468286e-04
	138	117	7.500000	44.250000	1.012392e+05	1.251909e-04
	282	121	43.500000	43.250000	1.010250e+05	-1.592812e-05
	276	155	42.000000	34.750000	1.014301e+05	9.158692e-05
2022	2	19	5	6
	235	24	31.750000	67.500000	9.659699e+04	7.999351e-05
	41	62	-16.750000	58.000000	9.803812e+04	2.567013e-04
	186	64	19.500000	57.500000	9.681857e+04	2.335733e-04
	138	118	7.500000	44.000000	1.013248e+05	1.081234e-04
	278	154	42.500000	35.000000	1.016129e+05	8.985010e-05
2022	2	19	5	9
	243	16	33.750000	69.500000	9.674926e+04	9.875884e-05
	60	63	-12.000000	57.750000	9.815953e+04	2.578190e-04
	191	64	20.750000	57.500000	9.689377e+04	2.801447e-04
	287	141	44.750000	38.250000	1.014065e+05	-8.147254e-06
	274	147	41.500000	36.750000	1.014065e+05	5.307912e-05
2022	2	19	7	12
	243	16	33.750000	69.500000	9.683330e+04	7.929003e-05
	153	30	11.250000	66.000000	9.749773e+04	1.528080e-04
	68	64	-10.000000	57.500000	9.838592e+04	2.208740e-04
	198	64	22.500000	57.500000	9.709644e+04	2.980095e-04
	286	142	44.500000	38.000000	1.011590e+05	-1.775367e-05
	94	145	-3.500000	37.250000	1.019807e+05	5.322060e-05
	276	148	42.000000	36.500000	1.011590e+05	8.918477e-05
2022	2	19	6	15
	245	16	34.250000	69.500000	9.695363e+04	6.676072e-05
	153	32	11.250000	65.500000	9.761605e+04	1.858060e-04
	232	61	31.000000	58.250000	9.734934e+04	1.445813e-04
	0	64	-27.000000	57.500000	9.811798e+04	1.014866e-04
	83	66	-6.250000	57.000000	9.876023e+04	2.107476e-04
	102	69	-1.500000	56.250000	9.876023e+04	1.928083e-04
2022	2	19	4	18
	249	16	35.250000	69.500000	9.703736e+04	8.126612e-05
	239	58	32.750000	59.000000	9.738671e+04	1.698968e-04
	0	60	-27.000000	58.500000	9.737307e+04	1.058677e-04
	114	70	1.500000	56.000000	9.883962e+04	1.904953e-04
2022	2	19	6	21
	254	17	36.500000	69.250000	9.714652e+04	7.826612e-05
	64	25	-11.000000	67.250000	9.924620e+04	1.638502e-04
	0	57	-27.000000	59.250000	9.668723e+04	1.294108e-04
	246	57	34.500000	59.250000	9.740036e+04	1.269687e-04
	138	73	7.500000	55.250000	9.871030e+04	2.112697e-04
	286	152	44.500000	35.500000	1.018053e+05	8.506321e-05
2022	2	20	5	0
	257	17	37.250000	69.250000	9.726220e+04	9.067301e-05
	62	24	-11.500000	67.500000	9.924883e+04	9.973917e-05
	5	54	-25.750000	60.000000	9.620050e+04	3.382241e-04
	256	55	37.000000	59.750000	9.744502e+04	9.768463e-05
	147	74	9.750000	55.000000	9.870845e+04	2.070840e-04
