2022	2	16	6	0
	288	11	45.000000	70.750000	9.885819e+04	9.384819e-05
	54	39	-13.500000	63.750000	9.783224e+04	1.112498e-04
	119	53	2.750000	60.250000	9.806486e+04	1.649133e-04
	65	68	-10.750000	56.500000	9.729214e+04	2.941357e-04
	171	120	15.750000	43.500000	1.014675e+05	-7.553837e-07
	280	121	43.000000	43.250000	1.021252e+05	3.096539e-05
2022	2	16	6	3
	189	42	20.250000	63.000000	9.902947e+04	1.045189e-04
	120	50	3.000000	61.000000	9.795602e+04	1.147869e-04
	76	67	-8.000000	56.750000	9.727845e+04	2.830194e-04
	92	71	-4.000000	55.750000	9.727845e+04	2.040340e-04
	280	121	43.000000	43.250000	1.021479e+05	3.783288e-05
	173	122	16.250000	43.000000	1.014219e+05	3.264591e-05
2022	2	16	2	6
	122	48	3.500000	61.500000	9.784089e+04	1.343485e-04
	86	67	-5.500000	56.750000	9.761425e+04	2.793485e-04
2022	2	16	3	9
	124	47	4.000000	61.750000	9.777263e+04	1.413997e-04
	44	61	-16.000000	58.250000	9.763941e+04	8.524354e-05
	112	67	1.000000	56.750000	9.753230e+04	2.094314e-04
2022	2	16	5	12
	63	67	-11.250000	56.750000	9.727138e+04	2.100636e-04
	122	67	3.500000	56.750000	9.742473e+04	2.171115e-04
	137	70	7.250000	56.000000	9.742473e+04	2.164588e-04
	137	116	7.250000	44.500000	1.011326e+05	7.621756e-05
	183	137	18.750000	39.250000	1.011812e+05	1.868907e-04
2022	2	16	5	15
	104	35	-1.000000	64.750000	9.746467e+04	1.739560e-04
	72	66	-9.000000	57.000000	9.693794e+04	2.709903e-04
	131	67	5.750000	56.750000	9.729512e+04	2.357599e-04
	153	69	11.250000	56.250000	9.729748e+04	2.369321e-04
	184	134	19.000000	40.000000	1.010279e+05	1.650283e-04
2022	2	16	4	18
	83	66	-6.250000	57.000000	9.710026e+04	2.747499e-04
	141	67	8.250000	56.750000	9.729717e+04	2.003388e-04
	167	68	14.750000	56.500000	9.730991e+04	2.258389e-04
	184	133	19.000000	40.250000	1.010263e+05	1.399117e-04
2022	2	16	7	21
	288	10	45.000000	71.000000	9.898512e+04	9.817619e-05
	180	65	18.000000	57.250000	9.693070e+04	2.333551e-04
	105	67	-0.750000	56.750000	9.715436e+04	1.904335e-04
	151	68	10.750000	56.500000	9.709632e+04	1.497986e-04
	137	117	7.250000	44.250000	1.011871e+05	5.110596e-05
	281	121	43.250000	43.250000	1.021661e+05	-3.690322e-05
	184	133	19.000000	40.250000	1.011230e+05	1.272768e-04
2022	2	17	3	0
	288	11	45.000000	70.750000	9.902585e+04	1.088902e-04
	188	62	20.000000	58.000000	9.659035e+04	2.577439e-04
	162	67	13.500000	56.750000	9.682564e+04	1.591817e-04
2022	2	17	5	3
	288	11	45.000000	70.750000	9.906391e+04	1.023671e-04
	122	37	3.500000	64.250000	9.722561e+04	9.822749e-05
	194	59	21.500000	58.750000	9.620800e+04	2.907939e-04
	181	67	18.250000	56.750000	9.620800e+04	9.674704e-05
	138	117	7.500000	44.250000	1.008349e+05	8.147223e-05
2022	2	17	6	6
	288	12	45.000000	70.500000	9.913673e+04	7.940960e-05
	119	37	2.750000	64.250000	9.727499e+04	1.263301e-04
	197	57	22.250000	59.250000	9.599976e+04	2.735528e-04
	191	66	20.750000	57.000000	9.599976e+04	6.373368e-05
	0	112	-27.000000	45.500000	9.973723e+04	2.460923e-04
	279	121	42.750000	43.250000	1.017325e+05	-2.162868e-05
2022	2	17	4	9
	116	37	2.000000	64.250000	9.736150e+04	1.375315e-04
	201	55	23.250000	59.750000	9.587047e+04	2.742924e-04
	11	105	-24.250000	47.250000	9.941103e+04	3.414245e-04
	278	120	42.500000	43.500000	1.016076e+05	-1.381191e-05
2022	2	17	3	12
	114	38	1.500000	64.000000	9.753592e+04	1.391268e-04
	205	54	24.250000	60.000000	9.582643e+04	2.144860e-04
	20	99	-22.000000	48.750000	9.909993e+04	3.654530e-04
2022	2	17	2	15
	210	53	25.500000	60.250000	9.589217e+04	1.700108e-04
	29	93	-19.750000	50.250000	9.838949e+04	4.594495e-04
2022	2	17	4	18
	1	30	-26.750000	66.000000	9.930062e+04	9.908180e-05
	217	50	27.250000	61.000000	9.587062e+04	1.045150e-04
	35	89	-18.250000	51.250000	9.756439e+04	5.672494e-04
	150	111	10.500000	45.750000	1.007934e+05	1.370691e-04
2022	2	17	2	21
	220	47	28.000000	61.750000	9.588526e+04	9.633596e-05
	43	87	-16.250000	51.750000	9.700274e+04	6.146235e-04
2022	2	18	2	0
	221	43	28.250000	62.750000	9.589249e+04	9.293744e-05
	56	83	-13.000000	52.750000	9.669447e+04	7.035926e-04
2022	2	18	2	3
	221	41	28.250000	63.250000	9.588195e+04	1.106573e-04
	68	79	-10.000000	53.750000	9.642002e+04	6.465545e-04
2022	2	18	3	6
	223	39	28.750000	63.750000	9.590020e+04	1.541201e-04
	81	76	-6.750000	54.500000	9.625895e+04	4.659510e-04
	137	117	7.250000	44.250000	1.015059e+05	8.616356e-05
2022	2	18	3	9
	139	28	7.750000	66.500000	9.789075e+04	7.079517e-05
	223	37	28.750000	64.250000	9.597837e+04	1.559956e-04
	95	73	-3.250000	55.250000	9.620454e+04	4.662994e-04
2022	2	18	5	12
	141	30	8.250000	66.000000	9.783586e+04	6.909354e-05
	224	35	29.000000	64.750000	9.617859e+04	1.414495e-04
	109	70	0.250000	56.000000	9.613801e+04	4.084949e-04
	150	117	10.500000	44.250000	1.012910e+05	-4.588076e-05
	235	135	31.750000	39.750000	1.006076e+05	2.874460e-05
2022	2	18	6	15
	143	30	8.750000	66.000000	9.767795e+04	7.851293e-05
	144	30	9.000000	66.000000	9.767795e+04	7.505794e-05
	145	30	9.250000	66.000000	9.767795e+04	7.120944e-05
	229	34	30.250000	65.000000	9.625046e+04	1.316569e-04
	126	68	4.500000	56.500000	9.589296e+04	3.532692e-04
	236	136	32.000000	39.500000	1.005782e+05	7.441832e-05
2022	2	18	5	18
	146	31	9.500000	65.750000	9.754143e+04	7.721703e-05
	232	33	31.000000	65.250000	9.629167e+04	1.716369e-04
	138	67	7.500000	56.750000	9.560294e+04	3.594888e-04
	240	139	33.000000	38.750000	1.007976e+05	5.211079e-05
	223	148	28.750000	36.500000	1.006929e+05	2.710464e-04
2022	2	18	5	21
	148	31	10.000000	65.750000	9.746138e+04	8.173414e-05
	236	31	32.000000	65.750000	9.630299e+04	1.753033e-04
	148	32	10.000000	65.500000	9.746138e+04	9.290629e-05
	154	68	11.500000	56.500000	9.577925e+04	2.711529e-04
	224	149	29.000000	36.250000	1.006635e+05	2.317434e-04
2022	2	19	10	0
	239	16	32.750000	69.500000	9.634625e+04	1.154424e-04
	240	16	33.000000	69.500000	9.634515e+04	1.151410e-04
	240	30	33.000000	66.000000	9.632674e+04	1.807987e-04
	152	33	11.000000	65.250000	9.743259e+04	1.073689e-04
	28	61	-20.000000	58.250000	9.846200e+04	1.830048e-04
	167	68	14.750000	56.500000	9.598371e+04	2.627689e-04
	137	117	7.250000	44.250000	1.014738e+05	7.857394e-05
	109	137	0.250000	39.250000	1.016484e+05	6.894128e-05
	114	147	1.500000	36.750000	1.016484e+05	-4.669334e-06
	223	152	28.750000	35.500000	1.007154e+05	1.938390e-04
2022	2	19	8	3
	239	15	32.750000	69.750000	9.641923e+04	1.714623e-04
	244	28	34.000000	66.500000	9.638840e+04	1.574573e-04
	8	53	-25.000000	60.250000	9.835253e+04	1.634273e-04
	36	59	-18.000000	58.750000	9.829937e+04	2.257845e-04
	183	67	18.750000	56.750000	9.613612e+04	2.905231e-04
	150	109	10.500000	46.250000	1.013236e+05	2.279369e-05
	137	117	7.250000	44.250000	1.013588e+05	1.052105e-04
	223	158	28.750000	34.000000	1.007905e+05	1.914681e-04
2022	2	19	8	6
	238	14	32.500000	70.000000	9.655024e+04	2.154982e-04
	245	26	34.250000	67.000000	9.654049e+04	1.337745e-04
	12	52	-24.000000	60.500000	9.834954e+04	1.518744e-04
	44	59	-16.000000	58.750000	9.815876e+04	2.688475e-04
	195	65	21.750000	57.250000	9.639658e+04	2.346717e-04
	150	109	10.500000	46.250000	1.014420e+05	4.143505e-05
	137	117	7.250000	44.250000	1.013863e+05	9.029108e-05
	223	162	28.750000	33.000000	1.010950e+05	8.583963e-05
2022	2	19	5	9
	236	14	32.000000	70.000000	9.666049e+04	2.510833e-04
	13	51	-23.750000	60.750000	9.841607e+04	1.553185e-04
	63	58	-11.250000	59.000000	9.834577e+04	2.033973e-04
	207	64	24.750000	57.500000	9.677531e+04	2.210936e-04
	137	117	7.250000	44.250000	1.015724e+05	8.963539e-05
2022	2	19	5	12
	234	15	31.500000	69.750000	9.677295e+04	2.141122e-04
	68	58	-10.000000	59.000000	9.843117e+04	2.485870e-04
	84	60	-6.000000	58.500000	9.843117e+04	1.668041e-04
	224	65	29.000000	57.250000	9.705055e+04	2.417196e-04
	135	119	6.750000	43.750000	1.016425e+05	1.179506e-04
2022	2	19	5	15
	236	17	32.000000	69.250000	9.696420e+04	5.975068e-05
	73	59	-8.750000	58.750000	9.867118e+04	2.265708e-04
	89	59	-4.750000	58.750000	9.867118e+04	1.194984e-04
	236	64	32.000000	57.500000	9.738384e+04	2.390169e-04
	135	119	6.750000	43.750000	1.016197e+05	1.073539e-04
2022	2	19	3	18
	264	13	39.000000	70.250000	9.710497e+04	3.736121e-05
	73	19	-8.750000	68.750000	9.845460e+04	1.916303e-04
	0	54	-27.000000	60.000000	9.613329e+04	1.637255e-04
2022	2	19	5	21
	71	19	-9.250000	68.750000	9.831227e+04	2.223724e-04
	0	51	-27.000000	60.750000	9.533461e+04	1.350853e-04
	149	69	10.250000	56.250000	9.901012e+04	1.965974e-04
	277	152	42.250000	35.500000	1.010788e+05	-2.688730e-05
	281	162	43.250000	33.000000	1.010788e+05	8.540074e-05
2022	2	20	5	0
	67	18	-10.250000	69.000000	9.824212e+04	2.407615e-04
	0	55	-27.000000	59.750000	9.460891e+04	2.145588e-04
	159	68	12.750000	56.500000	9.880235e+04	1.901472e-04
	285	150	44.250000	36.000000	1.010106e+05	-3.644225e-06
	280	162	43.000000	33.000000	1.010081e+05	5.071869e-05
