2022	2	16	6	0
	288	11	45.000000	70.750000	9.885441e+04	9.333610e-05
	55	39	-13.250000	63.750000	9.730267e+04	3.547254e-04
	118	53	2.500000	60.250000	9.794312e+04	1.595798e-04
	66	67	-10.500000	56.750000	9.723945e+04	2.876050e-04
	171	121	15.750000	43.250000	1.014419e+05	3.565283e-05
	280	121	43.000000	43.250000	1.021167e+05	1.668330e-05
2022	2	16	6	3
	50	38	-14.500000	64.000000	9.721020e+04	3.546433e-04
	122	54	3.500000	60.000000	9.791371e+04	1.993425e-04
	75	67	-8.250000	56.750000	9.732690e+04	2.719856e-04
	89	70	-4.750000	56.000000	9.732690e+04	1.998508e-04
	280	121	43.000000	43.250000	1.021639e+05	1.958002e-05
	174	123	16.500000	42.750000	1.014519e+05	5.718917e-05
2022	2	16	4	6
	120	34	3.000000	65.000000	9.779009e+04	2.189284e-04
	45	37	-15.750000	64.250000	9.743338e+04	3.089563e-04
	121	51	3.250000	60.750000	9.783255e+04	1.388897e-04
	100	67	-2.000000	56.750000	9.745524e+04	2.338942e-04
2022	2	16	6	9
	37	34	-17.750000	65.000000	9.750180e+04	2.640294e-04
	114	34	1.500000	65.000000	9.763202e+04	2.280670e-04
	43	60	-16.250000	58.500000	9.751155e+04	6.369237e-05
	114	66	1.500000	57.000000	9.740444e+04	2.509679e-04
	49	70	-14.750000	56.000000	9.751155e+04	1.693440e-04
	182	140	18.500000	38.500000	1.014733e+05	1.102183e-04
2022	2	16	8	12
	28	31	-20.000000	65.750000	9.768204e+04	2.073894e-04
	110	35	0.500000	64.750000	9.744219e+04	1.833068e-04
	125	48	4.250000	61.500000	9.754190e+04	1.394634e-04
	125	49	4.250000	61.250000	9.754190e+04	1.353162e-04
	53	60	-13.750000	58.500000	9.709302e+04	5.651227e-05
	64	66	-11.000000	57.000000	9.709302e+04	2.049182e-04
	123	66	3.750000	57.000000	9.719651e+04	2.540472e-04
	183	141	18.750000	38.250000	1.013027e+05	1.806558e-04
2022	2	16	5	15
	19	30	-22.250000	66.000000	9.783193e+04	1.919815e-04
	104	36	-1.000000	64.500000	9.725219e+04	1.752585e-04
	76	65	-8.000000	57.250000	9.680362e+04	2.947488e-04
	134	66	6.500000	57.000000	9.698056e+04	2.514418e-04
	185	138	19.250000	39.000000	1.011458e+05	1.770694e-04
2022	2	16	6	18
	7	28	-25.250000	66.500000	9.796624e+04	2.348360e-04
	101	37	-1.750000	64.250000	9.715813e+04	1.765818e-04
	91	65	-4.250000	57.250000	9.689736e+04	2.891635e-04
	146	66	9.500000	57.000000	9.684577e+04	2.718528e-04
	278	120	42.500000	43.500000	1.022309e+05	-1.809172e-05
	187	137	19.750000	39.250000	1.012012e+05	1.102323e-04
2022	2	16	7	21
	288	8	45.000000	71.500000	9.901877e+04	1.296645e-04
	0	27	-27.000000	66.750000	9.832516e+04	1.076987e-04
	179	63	17.750000	57.750000	9.660985e+04	1.970087e-04
	157	65	12.250000	57.250000	9.660985e+04	2.340989e-04
	110	67	0.500000	56.750000	9.690995e+04	2.360085e-04
	137	117	7.250000	44.250000	1.011962e+05	5.284298e-05
	185	136	19.250000	39.500000	1.012519e+05	1.016020e-04
2022	2	17	5	0
	285	9	44.250000	71.250000	9.905196e+04	1.933549e-04
	192	59	21.000000	58.750000	9.629073e+04	2.553661e-04
	176	63	17.000000	57.750000	9.629073e+04	1.606185e-04
	138	117	7.500000	44.250000	1.010762e+05	4.389120e-05
	184	135	19.000000	39.750000	1.013049e+05	1.064833e-04
2022	2	17	5	3
	284	10	44.000000	71.000000	9.907130e+04	1.939174e-04
	199	54	22.750000	60.000000	9.592725e+04	3.205510e-04
	184	62	19.000000	58.000000	9.592725e+04	1.062618e-04
	150	109	10.500000	46.250000	1.000910e+05	2.741472e-05
	138	117	7.500000	44.250000	1.008849e+05	5.956166e-05
2022	2	17	5	6
	282	11	43.500000	70.750000	9.912132e+04	1.729696e-04
	283	11	43.750000	70.750000	9.912132e+04	1.760695e-04
	200	51	23.000000	60.750000	9.579545e+04	3.093325e-04
	201	65	23.250000	57.250000	9.587959e+04	2.766855e-04
	1	122	-26.750000	43.000000	1.013656e+05	3.906541e-05
2022	2	17	3	9
	201	49	23.250000	61.250000	9.572294e+04	2.694709e-04
	210	59	25.500000	58.750000	9.572294e+04	2.870541e-04
	10	117	-24.500000	44.250000	1.010185e+05	1.295090e-04
2022	2	17	3	12
	204	49	24.000000	61.250000	9.562118e+04	1.645310e-04
	16	112	-23.000000	45.500000	1.005711e+05	1.943424e-04
	273	119	41.250000	43.750000	1.013269e+05	-3.534906e-05
2022	2	17	2	15
	216	47	27.000000	61.750000	9.565516e+04	1.429985e-04
	21	108	-21.750000	46.500000	9.984355e+04	2.562798e-04
2022	2	17	3	18
	215	43	26.750000	62.750000	9.560702e+04	1.551501e-04
	40	103	-17.000000	47.750000	9.951327e+04	1.558310e-04
	27	106	-20.250000	47.000000	9.951327e+04	2.873024e-04
2022	2	17	4	21
	214	39	26.500000	63.750000	9.559255e+04	1.508507e-04
	14	43	-23.500000	62.750000	9.916552e+04	9.763430e-05
	57	95	-12.750000	49.750000	9.938005e+04	2.324602e-04
	36	103	-18.000000	47.750000	9.926413e+04	3.390842e-04
2022	2	18	3	0
	213	36	26.250000	64.500000	9.559507e+04	1.930127e-04
	14	42	-23.500000	63.000000	9.914366e+04	1.071658e-04
	51	95	-14.250000	49.750000	9.906942e+04	2.818609e-04
2022	2	18	4	3
	212	36	26.000000	64.500000	9.558501e+04	1.836421e-04
	10	42	-24.500000	63.000000	9.902868e+04	9.773208e-05
	78	87	-7.500000	51.750000	9.864145e+04	1.759157e-04
	65	88	-10.750000	51.500000	9.864145e+04	3.308119e-04
2022	2	18	4	6
	210	35	25.500000	64.750000	9.567261e+04	1.837996e-04
	71	87	-9.250000	51.750000	9.835316e+04	3.529614e-04
	137	117	7.250000	44.250000	1.015015e+05	8.483150e-05
	144	124	9.000000	42.500000	1.015015e+05	6.414802e-05
2022	2	18	5	9
	210	35	25.500000	64.750000	9.583194e+04	1.667804e-04
	6	40	-25.500000	63.500000	9.892551e+04	1.100042e-04
	81	85	-6.750000	52.250000	9.810576e+04	3.522352e-04
	140	107	8.000000	46.750000	1.010502e+05	-9.195322e-05
	268	160	40.000000	33.500000	1.011831e+05	7.784888e-05
2022	2	18	6	12
	213	34	26.250000	65.000000	9.607918e+04	1.492197e-04
	2	40	-26.500000	63.500000	9.897379e+04	1.073348e-04
	93	82	-3.750000	53.000000	9.777484e+04	3.657271e-04
	275	117	41.750000	44.250000	1.003181e+05	-9.526177e-05
	269	160	40.250000	33.500000	1.009568e+05	6.440743e-05
	257	162	37.250000	33.000000	1.009568e+05	-3.078192e-06
2022	2	18	4	15
	216	33	27.000000	65.250000	9.626603e+04	1.402144e-04
	111	74	0.750000	55.000000	9.727232e+04	2.647399e-04
	276	117	42.000000	44.250000	1.004710e+05	-6.480865e-05
	272	157	41.000000	34.250000	1.010438e+05	1.075915e-04
2022	2	18	4	18
	222	31	28.500000	65.750000	9.631605e+04	9.078574e-05
	124	71	4.000000	55.750000	9.675754e+04	3.225938e-04
	282	121	43.500000	43.250000	1.005781e+05	3.631259e-05
	272	154	41.000000	35.000000	1.012511e+05	1.185205e-04
2022	2	18	4	21
	229	29	30.250000	66.250000	9.634845e+04	1.355902e-04
	137	68	7.250000	56.500000	9.636166e+04	3.485257e-04
	282	121	43.500000	43.250000	1.007182e+05	4.224088e-05
	272	154	41.000000	35.000000	1.012792e+05	1.206278e-04
2022	2	19	7	0
	229	19	30.250000	68.750000	9.640979e+04	1.590680e-04
	231	27	30.750000	66.750000	9.640979e+04	8.261525e-05
	33	47	-18.750000	61.750000	9.862762e+04	1.265192e-04
	147	67	9.750000	56.750000	9.643983e+04	4.260300e-04
	138	110	7.500000	46.000000	1.011819e+05	-5.988242e-05
	282	121	43.500000	43.250000	1.011954e+05	4.619423e-05
	287	140	44.750000	38.500000	1.013627e+05	1.561588e-06
2022	2	19	6	3
	232	27	31.000000	66.750000	9.647176e+04	9.565604e-05
	29	47	-19.750000	61.750000	9.838288e+04	1.300360e-04
	2	54	-26.500000	60.000000	9.816269e+04	2.073133e-04
	177	63	17.250000	57.750000	9.651077e+04	2.732816e-04
	137	117	7.250000	44.250000	1.014525e+05	8.826478e-05
	249	150	35.250000	36.000000	1.011856e+05	1.139752e-04
2022	2	19	6	6
	232	20	31.000000	68.500000	9.654175e+04	1.145815e-04
	22	46	-21.500000	62.000000	9.834246e+04	1.090217e-04
	8	53	-25.000000	60.250000	9.834246e+04	2.084693e-04
	182	62	18.500000	58.000000	9.644408e+04	2.059403e-04
	152	106	11.000000	47.000000	1.014115e+05	-4.761983e-05
	137	117	7.250000	44.250000	1.014870e+05	1.163269e-04
2022	2	19	5	9
	230	18	30.500000	69.000000	9.666490e+04	1.093824e-04
	54	61	-13.500000	58.250000	9.887345e+04	1.721528e-04
	193	61	21.250000	58.250000	9.663989e+04	1.211586e-04
	77	68	-7.750000	56.500000	9.893478e+04	1.738953e-04
	137	117	7.250000	44.250000	1.016279e+05	1.143906e-04
2022	2	19	7	12
	231	19	30.750000	68.750000	9.682155e+04	8.541319e-05
	248	24	35.000000	67.500000	9.682155e+04	4.549549e-05
	60	61	-12.000000	58.250000	9.917747e+04	1.452637e-04
	210	63	25.500000	57.750000	9.690349e+04	1.875538e-04
	86	68	-5.500000	56.500000	9.924495e+04	1.858417e-04
	137	117	7.250000	44.250000	1.016353e+05	1.086031e-04
	260	162	38.000000	33.000000	1.010855e+05	3.386498e-05
2022	2	19	3	15
	233	14	31.250000	70.000000	9.695068e+04	6.483078e-05
	222	62	28.500000	58.000000	9.710686e+04	1.756113e-04
	265	161	39.250000	33.250000	1.011687e+05	8.141306e-05
2022	2	19	8	18
	234	14	31.500000	70.000000	9.703231e+04	3.533271e-05
	275	19	41.750000	68.750000	9.703058e+04	7.453943e-05
	276	19	42.000000	68.750000	9.703058e+04	8.116683e-05
	0	53	-27.000000	60.250000	9.617120e+04	1.003139e-04
	237	61	32.250000	58.250000	9.733382e+04	1.565645e-04
	138	122	7.500000	43.000000	1.017237e+05	5.840524e-05
	263	151	38.750000	35.750000	1.014036e+05	2.988145e-05
	270	162	40.500000	33.000000	1.013999e+05	6.285274e-05
2022	2	19	5	21
	267	12	39.750000	70.500000	9.702523e+04	6.558601e-05
	235	14	31.750000	70.000000	9.702523e+04	-2.670760e-06
	0	49	-27.000000	61.250000	9.544094e+04	1.260404e-04
	252	53	36.000000	60.250000	9.747144e+04	1.217454e-04
	273	158	41.250000	34.000000	1.014590e+05	5.308154e-05
2022	2	20	2	0
	1	53	-26.750000	60.250000	9.505969e+04	1.698355e-04
	154	137	11.500000	39.250000	1.019057e+05	1.026939e-04
