2022	2	10	6	0
	148	22	10.000000	68.000000	9.655759e+04	4.166796e-04
	57	56	-12.750000	59.500000	9.875184e+04	4.227173e-04
	152	106	11.000000	47.000000	1.022726e+05	-4.220446e-05
	139	110	7.750000	46.000000	1.022726e+05	-8.157032e-05
	282	140	43.500000	38.500000	1.008306e+05	4.202995e-08
	248	157	35.000000	34.250000	1.006591e+05	1.518530e-04
2022	2	10	7	6
	8	6	-25.000000	72.000000	1.003566e+05	-1.936524e-05
	176	6	17.000000	72.000000	9.724575e+04	1.206690e-04
	4	17	-26.000000	69.250000	1.003566e+05	6.078099e-05
	165	23	14.250000	67.750000	9.681433e+04	3.498145e-04
	75	60	-8.250000	58.500000	9.928799e+04	4.771736e-04
	152	106	11.000000	47.000000	1.021235e+05	-4.287587e-05
	139	110	7.750000	46.000000	1.021235e+05	-4.537429e-05
2022	2	10	10	12
	203	0	23.750000	73.500000	9.741066e+04	4.561959e-06
	180	5	18.000000	72.250000	9.741066e+04	6.972382e-05
	17	21	-22.750000	68.250000	1.002814e+05	8.876386e-05
	190	28	20.500000	66.500000	9.755056e+04	1.588302e-04
	94	64	-3.500000	57.500000	1.001075e+05	3.263592e-04
	137	117	7.250000	44.250000	1.022714e+05	1.128620e-04
	283	139	43.750000	38.750000	1.009543e+05	2.070958e-05
	271	147	40.750000	36.750000	1.009291e+05	7.752988e-05
	280	151	43.000000	35.750000	1.009291e+05	1.072934e-04
	270	157	40.500000	34.250000	1.009291e+05	8.545027e-06
2022	2	10	11	18
	212	0	26.000000	73.500000	9.765452e+04	1.170798e-05
	213	0	26.250000	73.500000	9.765452e+04	1.693355e-05
	214	0	26.500000	73.500000	9.765452e+04	2.111549e-05
	9	6	-24.750000	72.000000	1.000475e+05	-5.122901e-05
	187	6	19.750000	72.000000	9.765452e+04	9.260688e-05
	9	14	-24.750000	70.000000	9.987084e+04	-4.683350e-06
	39	17	-17.250000	69.250000	9.987084e+04	1.407895e-04
	209	30	25.250000	66.000000	9.809415e+04	1.576330e-04
	111	68	0.750000	56.500000	1.003453e+05	2.983963e-04
	137	117	7.250000	44.250000	1.022380e+05	1.005417e-04
	89	157	-4.750000	34.250000	1.021345e+05	-2.327744e-05
2022	2	11	5	0
	217	0	27.250000	73.500000	9.790012e+04	4.558722e-05
	201	8	23.250000	71.500000	9.790012e+04	1.406018e-04
	54	13	-13.500000	70.250000	9.938666e+04	1.875229e-04
	0	71	-27.000000	55.750000	9.976162e+04	1.410178e-04
	124	73	4.000000	55.250000	1.007704e+05	3.435820e-04
2022	2	11	5	6
	224	0	29.000000	73.500000	9.819223e+04	-3.013502e-05
	210	9	25.500000	71.250000	9.819223e+04	1.128062e-04
	61	13	-11.750000	70.250000	9.917974e+04	2.142394e-04
	136	79	7.000000	53.750000	1.011931e+05	2.355256e-04
	188	123	20.000000	42.750000	1.020440e+05	-1.178189e-06
2022	2	11	5	12
	231	5	30.750000	72.250000	9.860900e+04	2.973374e-05
	94	11	-3.500000	70.750000	9.933703e+04	1.162130e-04
	75	16	-8.250000	69.500000	9.933703e+04	2.731984e-04
	1	57	-26.750000	59.250000	9.897966e+04	9.110336e-05
	135	119	6.750000	43.750000	1.019315e+05	1.243303e-04
2022	2	11	7	18
	234	7	31.500000	71.750000	9.879521e+04	2.799026e-05
	113	11	1.250000	70.750000	9.916744e+04	1.240399e-04
	101	20	-1.750000	68.500000	9.916744e+04	1.519922e-04
	34	55	-18.500000	59.750000	9.879814e+04	1.203352e-04
	2	56	-26.500000	59.500000	9.883155e+04	1.473010e-04
	20	66	-22.000000	57.000000	9.879677e+04	1.740859e-04
	21	66	-21.750000	57.000000	9.879677e+04	1.709731e-04
2022	2	12	7	0
	233	11	31.250000	70.750000	9.888998e+04	8.887505e-05
	127	13	4.750000	70.250000	9.884738e+04	9.513351e-05
	128	13	5.000000	70.250000	9.884738e+04	8.594207e-05
	152	16	11.000000	69.500000	9.884738e+04	1.770274e-04
	134	23	6.500000	67.750000	9.884738e+04	1.071699e-04
	30	53	-19.500000	60.250000	9.854491e+04	1.947414e-04
	39	61	-17.250000	58.250000	9.854491e+04	1.035826e-04
2022	2	12	6	6
	233	13	31.250000	70.250000	9.891831e+04	1.178968e-04
	234	13	31.500000	70.250000	9.891831e+04	9.298798e-05
	149	16	10.250000	69.500000	9.857989e+04	2.625669e-04
	55	56	-13.250000	59.500000	9.839974e+04	1.121050e-04
	29	57	-19.750000	59.250000	9.842377e+04	2.126890e-04
	270	83	40.500000	52.750000	1.006006e+05	9.467329e-05
2022	2	12	4	12
	234	14	31.500000	70.000000	9.902812e+04	1.411920e-04
	152	19	11.000000	68.750000	9.887317e+04	2.427922e-04
	67	55	-10.250000	59.750000	9.836125e+04	1.265611e-04
	281	82	43.250000	53.000000	1.001436e+05	1.714109e-04
2022	2	12	5	18
	237	12	32.250000	70.500000	9.917838e+04	6.789609e-05
	159	19	12.750000	68.750000	9.890991e+04	1.808972e-04
	81	52	-6.750000	60.500000	9.820102e+04	1.663426e-04
	0	66	-27.000000	57.000000	1.001729e+05	2.796147e-05
	288	84	45.000000	52.500000	9.994978e+04	1.388736e-04
2022	2	13	3	0
	147	0	9.750000	73.500000	9.916489e+04	7.061460e-05
	92	51	-4.000000	60.750000	9.823971e+04	2.059838e-04
	38	102	-17.500000	48.000000	1.002792e+05	1.131874e-04
2022	2	13	4	6
	154	31	11.500000	65.750000	9.818695e+04	2.368526e-04
	40	36	-17.000000	64.500000	1.003544e+05	7.880044e-06
	100	53	-2.000000	60.250000	9.816234e+04	2.434756e-04
	59	104	-12.250000	47.500000	9.939604e+04	1.596452e-04
2022	2	13	4	12
	166	22	14.500000	68.000000	9.830223e+04	-2.243012e-06
	168	32	15.000000	65.500000	9.830223e+04	1.015933e-04
	110	55	0.500000	59.750000	9.832373e+04	2.324306e-04
	75	96	-8.250000	49.500000	9.859865e+04	2.802682e-04
2022	2	13	7	18
	1	17	-26.750000	69.250000	9.957815e+04	7.862505e-05
	184	22	19.000000	68.000000	9.831338e+04	-7.046384e-05
	211	22	25.750000	68.000000	9.831338e+04	7.997164e-05
	198	31	22.500000	65.750000	9.831338e+04	7.661494e-05
	121	56	3.250000	59.500000	9.852577e+04	2.334627e-04
	86	97	-5.500000	49.250000	9.797848e+04	3.642253e-04
	278	121	42.500000	43.250000	1.021169e+05	1.886579e-05
2022	2	14	4	0
	220	18	28.000000	69.000000	9.821509e+04	6.151042e-05
	216	27	27.000000	66.750000	9.821509e+04	9.049407e-05
	129	57	5.250000	59.250000	9.889310e+04	1.614764e-04
	100	91	-2.000000	50.750000	9.760684e+04	3.117873e-04
2022	2	14	4	6
	200	11	23.000000	70.750000	9.804705e+04	1.953307e-04
	226	26	29.500000	67.000000	9.812853e+04	6.968147e-05
	0	53	-27.000000	60.250000	9.828993e+04	1.024699e-04
	117	84	2.250000	52.500000	9.757303e+04	3.605873e-04
2022	2	14	5	12
	212	8	26.000000	71.500000	9.808418e+04	1.846835e-04
	0	43	-27.000000	62.750000	9.769906e+04	1.278578e-04
	136	69	7.000000	56.250000	9.810997e+04	1.675496e-04
	126	84	4.500000	52.500000	9.787628e+04	2.984416e-04
	137	120	7.250000	43.500000	1.010231e+05	1.644377e-04
2022	2	14	6	18
	6	7	-25.500000	71.750000	9.965591e+04	4.340982e-05
	225	8	29.250000	71.500000	9.820102e+04	1.200699e-04
	211	18	25.750000	69.000000	9.820102e+04	2.549013e-04
	140	67	8.000000	56.750000	9.836145e+04	1.541850e-04
	144	77	9.000000	54.250000	9.836145e+04	2.648518e-04
	146	119	9.500000	43.750000	1.009506e+05	1.551546e-04
2022	2	15	5	0
	251	9	35.750000	71.250000	9.844644e+04	7.387774e-05
	217	10	27.250000	71.000000	9.844644e+04	2.631802e-04
	240	19	33.000000	68.750000	9.844644e+04	1.299001e-04
	157	69	12.250000	56.250000	9.860060e+04	1.161624e-04
	147	118	9.750000	44.000000	1.009387e+05	1.292362e-04
2022	2	15	9	6
	6	7	-25.500000	71.750000	9.906348e+04	2.388806e-05
	254	16	36.500000	69.500000	9.853437e+04	1.288547e-04
	224	22	29.000000	68.000000	9.855410e+04	1.996153e-04
	35	63	-18.250000	57.750000	9.814748e+04	1.478569e-04
	154	63	11.500000	57.750000	9.876277e+04	1.880384e-04
	175	65	16.750000	57.250000	9.876277e+04	1.230180e-04
	158	113	12.500000	45.250000	1.011026e+05	1.230508e-04
	148	119	10.000000	43.750000	1.011026e+05	7.077733e-05
	166	124	14.500000	42.500000	1.011186e+05	5.497810e-05
2022	2	15	7	12
	244	13	34.000000	70.250000	9.868931e+04	7.922437e-05
	55	56	-13.250000	59.500000	9.737315e+04	3.315158e-04
	186	61	19.500000	58.250000	9.897634e+04	1.340462e-04
	164	63	14.000000	57.750000	9.897634e+04	1.887635e-04
	165	63	14.250000	57.750000	9.897634e+04	1.838889e-04
	167	118	14.750000	44.000000	1.011706e+05	8.952354e-05
	166	126	14.500000	42.000000	1.011706e+05	9.654885e-05
2022	2	15	6	18
	6	7	-25.500000	71.750000	9.882316e+04	-3.192683e-05
	271	17	40.750000	69.250000	9.878447e+04	1.292984e-04
	69	51	-9.750000	60.750000	9.705075e+04	4.066984e-04
	194	57	21.500000	59.250000	9.903202e+04	1.963887e-04
	87	58	-5.250000	59.000000	9.705075e+04	2.478248e-04
	171	121	15.750000	43.250000	1.013039e+05	1.052865e-04
2022	2	16	5	0
	271	19	40.750000	68.750000	9.884015e+04	1.735981e-04
	86	50	-5.500000	61.000000	9.772329e+04	2.820953e-04
	196	56	22.000000	59.500000	9.904434e+04	2.893374e-04
	1	66	-26.750000	57.000000	9.548781e+04	2.650058e-04
	285	123	44.250000	42.750000	1.020223e+05	-2.560950e-05
2022	2	16	6	6
	275	22	41.750000	68.000000	9.893452e+04	1.832921e-04
	0	40	-27.000000	63.500000	9.684735e+04	2.917036e-06
	25	55	-20.750000	59.750000	9.485474e+04	4.136589e-04
	203	57	23.750000	59.250000	9.934251e+04	1.489023e-04
	143	65	8.750000	57.250000	9.887356e+04	2.440745e-04
	177	125	17.250000	42.250000	1.015008e+05	9.496178e-05
2022	2	16	9	12
	267	17	39.750000	69.250000	9.918013e+04	3.467894e-06
	267	18	39.750000	69.000000	9.918013e+04	-2.737274e-07
	286	25	44.500000	67.250000	9.918013e+04	1.846755e-04
	0	36	-27.000000	64.500000	9.696732e+04	8.639547e-06
	63	48	-11.250000	61.500000	9.475392e+04	1.990183e-04
	220	54	28.000000	60.000000	9.966353e+04	5.947477e-05
	155	66	11.750000	57.000000	9.927959e+04	1.901816e-04
	172	70	16.000000	56.000000	9.927959e+04	1.765200e-04
	277	120	42.250000	43.500000	1.020166e+05	-2.316995e-05
2022	2	16	1	18
	85	45	-5.750000	62.250000	9.480667e+04	1.997286e-04
2022	2	17	5	0
	253	17	36.250000	69.250000	9.964321e+04	1.032662e-04
	99	42	-2.250000	63.000000	9.538992e+04	2.763840e-04
	162	63	13.500000	57.750000	9.767210e+04	2.556512e-04
	150	109	10.500000	46.250000	1.016106e+05	1.574141e-06
	137	117	7.250000	44.250000	1.019750e+05	6.189952e-05
2022	2	17	5	6
	252	17	36.000000	69.250000	9.951445e+04	1.033879e-04
	23	26	-21.250000	67.000000	9.745462e+04	2.294057e-04
	104	40	-1.000000	63.500000	9.613299e+04	2.997020e-04
	186	64	19.500000	57.500000	9.748218e+04	2.992988e-04
	150	110	10.500000	46.000000	1.019633e+05	2.751851e-05
2022	2	17	4	12
	0	25	-27.000000	67.250000	9.793744e+04	1.430581e-04
	126	39	4.500000	63.750000	9.677701e+04	3.250607e-04
	27	64	-20.250000	57.500000	9.905137e+04	2.039109e-04
	207	65	24.750000	57.250000	9.777566e+04	1.593831e-04
2022	2	17	4	18
	79	36	-7.250000	64.500000	9.762657e+04	2.690267e-04
	134	36	6.500000	64.500000	9.695481e+04	4.080593e-04
	33	61	-18.750000	58.250000	9.842768e+04	3.260469e-04
	227	69	29.750000	56.250000	9.778405e+04	1.142324e-04
2022	2	18	5	0
	146	34	9.500000	65.000000	9.715802e+04	4.364077e-04
	78	35	-7.500000	64.750000	9.765256e+04	3.377588e-04
	48	61	-15.000000	58.250000	9.783291e+04	3.635784e-04
	65	61	-10.750000	58.250000	9.783291e+04	2.825589e-04
	242	69	33.500000	56.250000	9.762618e+04	1.510599e-04
2022	2	18	4	6
	156	33	12.000000	65.250000	9.791947e+04	3.050911e-04
	78	34	-7.500000	65.000000	9.746186e+04	3.390677e-04
	76	56	-8.000000	59.500000	9.624652e+04	4.918167e-04
	251	72	35.750000	55.500000	9.773130e+04	9.045630e-05
2022	2	18	4	12
	76	34	-8.000000	65.000000	9.785733e+04	3.237970e-04
	108	51	0.000000	60.750000	9.654098e+04	2.041921e-04
	96	60	-3.000000	58.500000	9.654098e+04	3.779981e-04
	259	73	37.750000	55.250000	9.800212e+04	1.574978e-04
2022	2	18	6	18
	82	35	-6.500000	64.750000	9.837355e+04	2.367439e-04
	124	51	4.000000	60.750000	9.727780e+04	1.466648e-04
	151	57	10.750000	59.250000	9.728268e+04	3.222586e-04
	126	65	4.500000	57.250000	9.712715e+04	3.479689e-04
	267	72	39.750000	55.500000	9.834659e+04	1.482835e-04
	262	107	38.500000	46.750000	9.920065e+04	3.240148e-04
2022	2	19	11	0
	85	38	-5.750000	64.000000	9.848727e+04	3.475963e-04
	0	47	-27.000000	61.750000	9.770004e+04	7.921002e-05
	171	57	15.750000	59.250000	9.765530e+04	1.012062e-04
	154	58	11.500000	59.000000	9.767191e+04	2.154489e-04
	155	58	11.750000	59.000000	9.767191e+04	2.122847e-04
	186	60	19.500000	58.500000	9.765530e+04	2.273397e-04
	157	68	12.250000	56.500000	9.767191e+04	2.521064e-04
	276	71	42.000000	55.750000	9.849274e+04	1.024494e-04
	156	108	12.000000	46.500000	1.013711e+05	-2.523323e-05
	287	121	44.750000	43.250000	9.976651e+04	4.560149e-05
	287	130	44.750000	41.000000	9.976651e+04	-3.589969e-05
2022	2	19	8	6
	162	25	13.500000	67.250000	9.883116e+04	1.043587e-04
	106	39	-0.500000	63.750000	9.850193e+04	2.805631e-04
	0	42	-27.000000	63.000000	9.742845e+04	1.703793e-04
	20	47	-22.000000	61.750000	9.742845e+04	2.602264e-04
	267	58	39.750000	59.000000	9.862346e+04	-1.345585e-05
	190	60	20.500000	58.500000	9.762970e+04	2.358804e-04
	283	67	43.750000	56.750000	9.861565e+04	8.790756e-05
	189	72	20.250000	55.500000	9.767210e+04	2.305747e-04
2022	2	19	6	12
	0	37	-27.000000	64.250000	9.773502e+04	1.359431e-04
	125	38	4.250000	64.000000	9.859552e+04	2.938965e-04
	38	42	-17.500000	63.000000	9.779031e+04	2.295241e-04
	194	67	21.500000	56.750000	9.852108e+04	2.402078e-04
	194	68	21.500000	56.500000	9.852108e+04	2.393507e-04
	213	73	26.250000	55.250000	9.852108e+04	1.589989e-04
2022	2	19	8	18
	286	3	44.500000	72.750000	9.966080e+04	1.052177e-04
	0	35	-27.000000	64.750000	9.791692e+04	1.042353e-04
	147	36	9.750000	64.500000	9.858712e+04	2.111625e-04
	45	40	-15.750000	63.500000	9.748394e+04	2.526990e-04
	74	41	-8.500000	63.250000	9.724830e+04	8.409987e-05
	79	52	-7.250000	60.500000	9.724830e+04	3.257430e-04
	233	77	31.250000	54.250000	9.895895e+04	1.074767e-04
	233	78	31.250000	54.000000	9.895895e+04	1.233457e-04
2022	2	20	4	0
	6	7	-25.500000	71.750000	1.002618e+05	-8.801223e-05
	54	39	-13.500000	63.750000	9.752028e+04	2.993622e-04
	96	45	-3.000000	62.250000	9.563396e+04	5.982953e-04
	208	142	25.000000	38.000000	1.015878e+05	7.759070e-05
