2022	2	16	6	0
	288	11	45.000000	70.750000	9.885791e+04	9.394529e-05
	54	39	-13.500000	63.750000	9.782712e+04	1.115136e-04
	118	53	2.500000	60.250000	9.806582e+04	1.602436e-04
	65	68	-10.750000	56.500000	9.728999e+04	2.938298e-04
	171	120	15.750000	43.500000	1.014677e+05	-6.579186e-07
	280	121	43.000000	43.250000	1.021239e+05	3.103612e-05
2022	2	16	6	3
	189	42	20.250000	63.000000	9.901511e+04	1.042593e-04
	120	50	3.000000	61.000000	9.795027e+04	1.150372e-04
	76	67	-8.000000	56.750000	9.727281e+04	2.823448e-04
	92	71	-4.000000	55.750000	9.727281e+04	2.052067e-04
	280	121	43.000000	43.250000	1.021408e+05	3.863316e-05
	173	122	16.250000	43.000000	1.014326e+05	3.196496e-05
2022	2	16	2	6
	122	48	3.500000	61.500000	9.783640e+04	1.344681e-04
	86	67	-5.500000	56.750000	9.759770e+04	2.826182e-04
2022	2	16	4	9
	124	47	4.000000	61.750000	9.776327e+04	1.424545e-04
	45	61	-15.750000	58.250000	9.761793e+04	8.635754e-05
	111	67	0.750000	56.750000	9.751911e+04	2.119027e-04
	182	134	18.500000	40.000000	1.014630e+05	1.314473e-04
2022	2	16	4	12
	121	67	3.250000	56.750000	9.742470e+04	2.140595e-04
	65	68	-10.750000	56.500000	9.735719e+04	1.881348e-04
	137	116	7.250000	44.500000	1.011135e+05	7.783875e-05
	183	139	18.750000	38.750000	1.012322e+05	1.907026e-04
2022	2	16	6	15
	106	35	-0.500000	64.750000	9.747684e+04	1.679888e-04
	61	61	-11.750000	58.250000	9.707517e+04	1.227360e-04
	80	67	-7.000000	56.750000	9.707517e+04	2.415839e-04
	130	67	5.500000	56.750000	9.730687e+04	2.347782e-04
	153	69	11.250000	56.250000	9.731599e+04	2.202279e-04
	185	136	19.250000	39.500000	1.010606e+05	1.825405e-04
2022	2	16	4	18
	88	67	-5.000000	56.750000	9.715514e+04	2.970850e-04
	138	67	7.500000	56.750000	9.725594e+04	1.814141e-04
	139	67	7.750000	56.750000	9.725594e+04	1.862843e-04
	185	133	19.250000	40.250000	1.010543e+05	1.494155e-04
2022	2	16	5	21
	180	65	18.000000	57.250000	9.698015e+04	2.263526e-04
	147	67	9.750000	56.750000	9.710041e+04	1.598171e-04
	137	117	7.250000	44.250000	1.011468e+05	5.562559e-05
	281	121	43.250000	43.250000	1.021024e+05	-3.346497e-05
	184	132	19.000000	40.500000	1.011329e+05	1.347534e-04
2022	2	17	4	0
	288	9	45.000000	71.250000	9.910192e+04	9.948140e-05
	189	61	20.250000	58.250000	9.664780e+04	2.643200e-04
	158	67	12.500000	56.750000	9.694579e+04	1.590158e-04
	138	117	7.500000	44.250000	1.009233e+05	4.602781e-05
2022	2	17	5	3
	124	37	4.000000	64.250000	9.728999e+04	9.336948e-05
	194	58	21.500000	59.000000	9.628186e+04	2.652391e-04
	176	68	17.000000	56.500000	9.641200e+04	1.237863e-04
	177	68	17.250000	56.500000	9.638767e+04	1.183158e-04
	138	117	7.500000	44.250000	1.007530e+05	8.162274e-05
2022	2	17	3	6
	287	11	44.750000	70.750000	9.923206e+04	9.875145e-05
	198	56	22.500000	59.500000	9.611858e+04	2.564423e-04
	279	121	42.750000	43.250000	1.016381e+05	-1.817567e-05
2022	2	17	3	9
	201	55	23.250000	59.750000	9.602249e+04	2.537280e-04
	1	105	-26.750000	47.250000	1.005341e+05	6.364094e-05
	278	120	42.500000	43.500000	1.015261e+05	-3.110485e-05
2022	2	17	3	12
	205	54	24.250000	60.000000	9.596624e+04	2.269714e-04
	218	62	27.500000	58.000000	9.596624e+04	7.670965e-05
	18	104	-22.500000	47.500000	1.001505e+05	1.570939e-04
2022	2	17	3	15
	210	50	25.500000	61.000000	9.600851e+04	1.469448e-04
	18	89	-22.500000	51.250000	9.951530e+04	-3.850529e-06
	24	98	-21.000000	49.000000	9.951530e+04	2.256645e-04
2022	2	17	3	18
	212	49	26.000000	61.250000	9.594952e+04	1.593242e-04
	30	93	-19.500000	50.250000	9.877308e+04	2.981132e-04
	150	111	10.500000	45.750000	1.008495e+05	1.287650e-04
2022	2	17	3	21
	12	39	-24.000000	63.750000	9.929424e+04	4.001442e-05
	218	47	27.500000	61.750000	9.595499e+04	1.244845e-04
	36	89	-18.000000	51.250000	9.798645e+04	4.615570e-04
2022	2	18	2	0
	220	42	28.000000	63.000000	9.593234e+04	1.143648e-04
	41	86	-16.750000	52.000000	9.726947e+04	4.989824e-04
2022	2	18	4	3
	5	36	-25.750000	64.500000	9.905646e+04	4.615353e-05
	220	40	28.000000	63.500000	9.592671e+04	1.279658e-04
	57	58	-12.750000	59.000000	9.926718e+04	1.451184e-04
	52	83	-14.000000	52.750000	9.686902e+04	6.171790e-04
2022	2	18	4	6
	220	38	28.000000	64.000000	9.594511e+04	1.496219e-04
	62	58	-11.500000	59.000000	9.890656e+04	1.715684e-04
	62	81	-11.500000	53.250000	9.662895e+04	6.296328e-04
	137	117	7.250000	44.250000	1.013917e+05	7.424708e-05
2022	2	18	5	9
	220	37	28.000000	64.250000	9.604575e+04	1.342878e-04
	85	73	-5.750000	55.250000	9.691995e+04	2.199177e-04
	71	80	-9.250000	53.500000	9.691995e+04	5.635973e-04
	137	117	7.250000	44.250000	1.015685e+05	6.227772e-05
	150	117	10.500000	44.250000	1.015685e+05	-2.560170e-05
2022	2	18	6	12
	222	36	28.500000	64.500000	9.627927e+04	1.476966e-04
	99	69	-2.250000	56.250000	9.745738e+04	2.669826e-04
	86	81	-5.500000	53.250000	9.737695e+04	3.613986e-04
	261	155	38.250000	34.750000	1.007161e+05	2.296740e-05
	256	162	37.000000	33.000000	1.007161e+05	-6.516451e-06
	267	162	39.750000	33.000000	1.007161e+05	-1.321583e-05
2022	2	18	4	15
	6	7	-25.500000	71.750000	1.003524e+05	-2.519027e-05
	224	35	29.000000	64.750000	9.642431e+04	1.318084e-04
	0	42	-27.000000	63.000000	9.887463e+04	9.590812e-05
	106	67	-0.500000	56.750000	9.704248e+04	3.168778e-04
2022	2	18	5	18
	6	7	-25.500000	71.750000	1.002966e+05	-2.426548e-05
	229	32	30.250000	65.500000	9.648376e+04	7.106182e-05
	132	65	6.000000	57.250000	9.698455e+04	2.442347e-04
	245	144	34.250000	37.500000	1.007825e+05	3.694335e-05
	231	149	30.750000	36.250000	1.007691e+05	1.031795e-04
2022	2	18	4	21
	233	30	31.250000	66.000000	9.651355e+04	8.610517e-05
	0	56	-27.000000	59.500000	9.809577e+04	1.111868e-04
	136	65	7.000000	57.250000	9.675134e+04	2.431847e-04
	235	149	31.750000	36.250000	1.006077e+05	1.240568e-04
2022	2	19	6	0
	6	7	-25.500000	71.750000	1.002172e+05	1.729944e-05
	235	28	31.750000	66.500000	9.651766e+04	5.327742e-05
	0	52	-27.000000	60.500000	9.765973e+04	1.282843e-04
	155	65	11.750000	57.250000	9.680546e+04	1.354780e-04
	137	117	7.250000	44.250000	1.015019e+05	7.517645e-05
	236	151	32.000000	35.750000	1.003805e+05	1.806333e-04
2022	2	19	6	3
	238	27	32.500000	66.750000	9.654457e+04	1.070103e-04
	239	27	32.750000	66.750000	9.654457e+04	1.107421e-04
	0	49	-27.000000	61.250000	9.750071e+04	1.372267e-04
	177	66	17.250000	57.000000	9.670071e+04	2.311108e-04
	137	117	7.250000	44.250000	1.013505e+05	1.007727e-04
	236	153	32.000000	35.250000	1.002742e+05	2.057729e-04
2022	2	19	7	6
	241	26	33.250000	67.000000	9.666225e+04	1.371843e-04
	0	47	-27.000000	61.750000	9.760029e+04	1.141665e-04
	17	49	-22.750000	61.250000	9.760029e+04	2.291304e-04
	188	63	20.000000	57.750000	9.660022e+04	2.906686e-04
	150	109	10.500000	46.250000	1.013523e+05	4.355064e-06
	137	117	7.250000	44.250000	1.013444e+05	9.412749e-05
	237	156	32.250000	34.500000	1.004701e+05	2.360146e-04
2022	2	19	7	9
	244	25	34.000000	67.250000	9.684225e+04	1.300642e-04
	156	28	12.000000	66.500000	9.772527e+04	1.145277e-04
	0	45	-27.000000	62.250000	9.768223e+04	1.021608e-04
	26	48	-20.500000	61.500000	9.757505e+04	2.557664e-04
	194	61	21.500000	58.250000	9.672488e+04	2.705049e-04
	237	158	32.250000	34.000000	1.005803e+05	2.179523e-04
	276	162	42.000000	33.000000	1.007421e+05	6.114093e-05
2022	2	19	5	12
	244	21	34.000000	68.250000	9.704430e+04	6.086594e-05
	26	47	-20.500000	61.750000	9.779444e+04	2.507765e-04
	201	62	23.250000	58.000000	9.704491e+04	2.414245e-04
	135	118	6.750000	44.000000	1.015899e+05	9.341379e-05
	237	161	32.250000	33.250000	1.006464e+05	1.741762e-04
2022	2	19	4	15
	247	19	34.750000	68.750000	9.724697e+04	4.056502e-05
	219	63	27.750000	57.750000	9.745312e+04	1.303355e-04
	134	119	6.500000	43.750000	1.015154e+05	1.245230e-04
	282	162	43.500000	33.000000	1.005012e+05	9.185290e-05
2022	2	19	7	18
	271	19	40.750000	68.750000	9.741983e+04	9.399629e-05
	272	19	41.000000	68.750000	9.741983e+04	9.490114e-05
	91	53	-4.250000	60.250000	9.849181e+04	2.116208e-04
	0	56	-27.000000	59.500000	9.657984e+04	1.232057e-04
	234	57	31.500000	59.250000	9.770687e+04	1.138203e-04
	274	156	41.500000	34.500000	1.005008e+05	1.028620e-04
	282	161	43.500000	33.250000	1.005008e+05	1.395363e-04
2022	2	19	5	21
	1	42	-26.750000	63.000000	9.588916e+04	5.809796e-05
	0	53	-27.000000	60.250000	9.588916e+04	1.097353e-04
	96	53	-3.000000	60.250000	9.855293e+04	2.038976e-04
	240	56	33.000000	59.500000	9.776281e+04	1.288122e-04
	281	159	43.250000	33.750000	1.004359e+05	1.756061e-04
2022	2	20	4	0
	6	7	-25.500000	71.750000	9.956760e+04	-4.981146e-06
	0	50	-27.000000	61.000000	9.535780e+04	9.277128e-05
	250	55	35.500000	59.750000	9.789812e+04	9.985905e-05
	280	157	43.000000	34.250000	1.004523e+05	1.929377e-04
