2022	2	10	8	0
	162	7	13.500000	71.750000	9.680964e+04	9.565466e-05
	148	23	10.000000	67.750000	9.648822e+04	4.706235e-04
	61	56	-11.750000	59.500000	9.842084e+04	5.413420e-04
	152	106	11.000000	47.000000	1.022447e+05	-4.508216e-05
	139	110	7.750000	46.000000	1.022447e+05	-7.616264e-05
	38	150	-17.500000	36.000000	1.020518e+05	5.277210e-05
	247	152	34.750000	35.500000	1.007573e+05	9.661308e-05
	40	161	-17.000000	33.250000	1.020518e+05	-5.153399e-05
2022	2	10	8	6
	8	6	-25.000000	72.000000	1.003103e+05	-2.927840e-05
	166	13	14.500000	70.250000	9.674145e+04	7.956699e-05
	9	14	-24.750000	70.000000	1.003103e+05	4.866613e-05
	195	15	21.750000	69.750000	9.680319e+04	-5.794101e-06
	168	23	15.000000	67.750000	9.674145e+04	2.620709e-04
	76	59	-8.000000	58.750000	9.886673e+04	5.266332e-04
	152	106	11.000000	47.000000	1.021161e+05	-4.456671e-05
	249	150	35.250000	36.000000	1.010285e+05	8.191365e-05
2022	2	10	11	12
	211	0	25.750000	73.500000	9.734266e+04	1.108804e-06
	8	6	-25.000000	72.000000	1.002560e+05	-3.755122e-06
	208	8	25.000000	71.500000	9.729089e+04	3.458215e-05
	176	10	17.000000	71.000000	9.729089e+04	2.048981e-04
	15	21	-23.250000	68.250000	1.001594e+05	1.227513e-04
	195	28	21.750000	66.500000	9.714591e+04	2.350755e-04
	93	64	-3.750000	57.500000	9.983704e+04	4.293580e-04
	137	117	7.250000	44.250000	1.022703e+05	1.130865e-04
	284	139	44.000000	38.750000	1.010659e+05	2.994562e-05
	281	153	43.250000	35.250000	1.010428e+05	8.885438e-05
	269	156	40.250000	34.500000	1.010428e+05	3.989468e-05
2022	2	10	8	18
	217	0	27.250000	73.500000	9.752770e+04	4.818475e-05
	214	8	26.500000	71.500000	9.742864e+04	2.497864e-05
	184	9	19.000000	71.250000	9.742864e+04	2.124353e-04
	8	14	-25.000000	70.000000	9.975341e+04	2.296090e-07
	37	18	-17.750000	69.000000	9.975341e+04	9.869847e-05
	212	27	26.000000	66.750000	9.762598e+04	2.871192e-04
	212	28	26.000000	66.500000	9.762598e+04	3.104534e-04
	108	69	0.000000	56.250000	1.003159e+05	3.508298e-04
2022	2	11	5	0
	218	0	27.500000	73.500000	9.786456e+04	1.768227e-05
	190	11	20.500000	70.750000	9.776706e+04	2.378152e-04
	51	17	-14.250000	69.250000	9.944645e+04	2.112038e-04
	0	71	-27.000000	55.750000	9.972059e+04	1.232021e-04
	120	76	3.000000	54.500000	1.009322e+05	3.105223e-04
2022	2	11	4	6
	226	0	29.500000	73.500000	9.813088e+04	-4.577529e-05
	75	17	-8.250000	69.250000	9.932727e+04	2.042948e-04
	0	61	-27.000000	58.250000	9.923367e+04	9.650059e-05
	131	83	5.750000	52.750000	1.016128e+05	2.383495e-04
2022	2	11	5	12
	238	0	32.500000	73.500000	9.847379e+04	-2.639370e-06
	92	18	-4.000000	69.000000	9.937220e+04	1.549704e-04
	124	21	4.000000	68.250000	9.937474e+04	1.128928e-04
	5	56	-25.750000	59.500000	9.897165e+04	1.649565e-04
	135	119	6.750000	43.750000	1.020250e+05	1.323189e-04
2022	2	11	4	18
	239	9	32.750000	71.250000	9.865395e+04	5.596089e-06
	150	22	10.500000	68.000000	9.892945e+04	1.552209e-04
	27	52	-20.250000	60.500000	9.881534e+04	2.040966e-04
	16	63	-23.000000	57.750000	9.881670e+04	7.970494e-05
2022	2	12	5	0
	257	17	37.250000	69.250000	9.882687e+04	-9.563785e-06
	155	22	11.750000	68.000000	9.872722e+04	2.613722e-04
	54	49	-13.500000	61.250000	9.872389e+04	1.742837e-04
	21	54	-21.750000	60.000000	9.855293e+04	2.126263e-04
	35	61	-18.250000	58.250000	9.855293e+04	9.346247e-05
2022	2	12	2	6
	261	11	38.250000	70.750000	9.886555e+04	4.908564e-05
	46	50	-15.500000	61.000000	9.832315e+04	1.820379e-04
2022	2	12	1	12
	61	52	-11.750000	60.500000	9.828837e+04	1.578272e-04
2022	2	12	2	18
	95	44	-3.250000	62.500000	9.816800e+04	1.345631e-04
	72	53	-9.000000	60.250000	9.814748e+04	1.755771e-04
2022	2	13	0	0
2022	2	13	4	6
	154	32	11.500000	65.500000	9.772720e+04	2.482547e-04
	40	36	-17.000000	64.500000	1.001045e+05	2.719692e-05
	127	41	4.750000	63.250000	9.777175e+04	1.895511e-04
	266	120	39.500000	43.500000	1.030352e+05	9.128775e-05
2022	2	13	2	12
	165	32	14.250000	65.500000	9.779578e+04	1.568514e-04
	40	36	-17.000000	64.500000	1.005414e+05	3.039579e-05
2022	2	13	2	18
	213	26	26.250000	67.000000	9.799176e+04	1.447048e-04
	183	35	18.750000	64.750000	9.804276e+04	6.430435e-05
2022	2	14	4	0
	228	23	30.000000	67.750000	9.796792e+04	9.906777e-05
	145	52	9.250000	60.500000	9.856855e+04	1.960258e-05
	128	54	5.000000	60.000000	9.856855e+04	1.858676e-04
	254	158	36.500000	34.000000	1.017968e+05	1.216820e-06
2022	2	14	3	6
	248	11	35.000000	70.750000	9.767855e+04	1.866738e-04
	157	55	12.250000	59.750000	9.855781e+04	2.162836e-04
	273	120	41.250000	43.500000	1.017724e+05	3.711492e-05
2022	2	14	4	12
	253	7	36.250000	71.750000	9.738273e+04	3.189865e-04
	0	41	-27.000000	63.250000	9.806445e+04	9.827493e-05
	196	47	22.000000	61.750000	9.898298e+04	1.143508e-04
	277	120	42.250000	43.500000	1.017009e+05	6.513109e-05
2022	2	14	7	18
	264	6	39.000000	72.000000	9.707107e+04	3.099499e-04
	0	31	-27.000000	65.750000	9.742278e+04	1.002726e-04
	24	34	-21.000000	65.000000	9.742278e+04	1.844785e-05
	226	41	29.500000	63.250000	9.916685e+04	1.284268e-04
	129	60	5.250000	58.500000	9.956759e+04	2.319751e-04
	154	62	11.500000	58.000000	9.951348e+04	1.853146e-04
	278	120	42.500000	43.500000	1.019121e+05	2.635827e-05
2022	2	15	8	0
	280	1	43.000000	73.250000	9.682742e+04	2.459839e-04
	6	7	-25.500000	71.750000	9.846754e+04	-5.352527e-06
	0	27	-27.000000	66.750000	9.726021e+04	1.069523e-04
	20	29	-22.000000	66.250000	9.726021e+04	1.882173e-04
	36	34	-18.000000	65.000000	9.735420e+04	1.180428e-04
	160	62	13.000000	58.000000	9.991383e+04	1.543943e-04
	280	121	43.000000	43.250000	1.021126e+05	4.600515e-05
	142	122	8.500000	43.000000	1.010782e+05	9.775868e-05
2022	2	15	7	6
	282	0	43.500000	73.500000	9.712598e+04	1.043250e-04
	283	0	43.750000	73.500000	9.712598e+04	1.053963e-04
	6	7	-25.500000	71.750000	9.730261e+04	-5.064091e-05
	14	23	-23.500000	67.750000	9.682918e+04	1.458455e-04
	0	67	-27.000000	56.750000	9.614667e+04	1.407190e-04
	146	117	9.500000	44.250000	1.011561e+05	9.182239e-05
	281	122	43.250000	43.000000	1.022800e+05	3.935943e-05
2022	2	15	3	12
	285	0	44.250000	73.500000	9.758124e+04	6.288287e-05
	26	55	-20.500000	59.750000	9.485865e+04	4.388735e-04
	159	118	12.750000	44.000000	1.014295e+05	1.127846e-05
2022	2	15	6	18
	288	0	45.000000	73.500000	9.769105e+04	6.900598e-05
	46	42	-15.500000	63.000000	9.429377e+04	2.656347e-04
	57	49	-12.750000	61.250000	9.429377e+04	1.947191e-04
	199	57	22.750000	59.250000	1.009273e+05	1.425292e-04
	177	66	17.250000	57.000000	1.009168e+05	1.362712e-04
	280	121	43.000000	43.250000	1.023273e+05	2.157032e-05
2022	2	16	5	0
	58	36	-12.500000	64.500000	9.359173e+04	2.708232e-04
	201	55	23.250000	59.750000	1.009514e+05	1.367891e-04
	202	55	23.500000	59.750000	1.009514e+05	1.323388e-04
	188	63	20.000000	57.750000	1.009514e+05	7.322289e-05
	280	121	43.000000	43.250000	1.022832e+05	9.758183e-06
2022	2	16	2	6
	63	25	-11.250000	67.250000	9.331838e+04	3.649704e-04
	280	121	43.000000	43.250000	1.024477e+05	-4.843193e-06
2022	2	16	4	12
	38	18	-17.500000	69.000000	9.330606e+04	3.822203e-04
	4	19	-26.000000	68.750000	9.330958e+04	-1.198318e-04
	127	57	4.750000	59.250000	9.758554e+04	3.311263e-04
	239	66	32.750000	57.000000	1.008767e+05	1.649440e-04
2022	2	16	5	18
	10	18	-24.500000	69.000000	9.328984e+04	2.208784e-04
	148	58	10.000000	59.000000	9.735224e+04	4.135701e-04
	249	62	35.250000	58.000000	1.005000e+05	1.798540e-04
	278	120	42.500000	43.500000	1.022919e+05	-4.871994e-06
	167	158	14.750000	34.000000	1.017097e+05	6.257428e-05
2022	2	17	8	0
	5	27	-25.750000	66.750000	9.510016e+04	1.907658e-04
	146	54	9.500000	60.000000	9.731629e+04	-5.501665e-06
	162	55	13.500000	59.750000	9.731629e+04	3.472596e-04
	260	60	38.000000	58.500000	1.002292e+05	1.736212e-04
	3	110	-26.250000	46.000000	1.007999e+05	1.093266e-04
	137	117	7.250000	44.250000	1.021069e+05	1.268147e-04
	280	121	43.000000	43.250000	1.021284e+05	7.283894e-07
	166	162	14.500000	33.000000	1.019350e+05	-3.016755e-05
2022	2	17	4	6
	272	49	41.000000	61.250000	9.999198e+04	1.221389e-04
	178	56	17.500000	59.500000	9.754724e+04	2.915975e-04
	137	117	7.250000	44.250000	1.020288e+05	1.212966e-04
	280	121	43.000000	43.250000	1.020164e+05	-1.922704e-05
2022	2	17	3	12
	190	54	20.500000	60.000000	9.778093e+04	2.145655e-04
	137	117	7.250000	44.250000	1.022427e+05	3.251131e-05
	278	120	42.500000	43.500000	1.015106e+05	-1.709732e-05
2022	2	17	2	18
	0	40	-27.000000	63.500000	9.594503e+04	1.002012e-04
	200	56	23.000000	59.500000	9.815198e+04	2.538221e-04
2022	2	18	2	0
	215	58	26.750000	59.000000	9.861272e+04	2.146720e-04
	66	76	-10.500000	54.500000	9.779988e+04	4.429535e-04
2022	2	18	3	6
	10	39	-24.500000	63.750000	9.633757e+04	1.209076e-04
	226	57	29.500000	59.250000	9.895680e+04	1.813841e-04
	98	64	-2.500000	57.500000	9.673070e+04	2.131486e-04
2022	2	18	4	12
	68	17	-10.000000	69.250000	9.670784e+04	3.032151e-04
	34	41	-18.500000	63.250000	9.687470e+04	1.450675e-04
	237	54	32.250000	60.000000	9.928330e+04	1.241519e-04
	121	59	3.250000	58.750000	9.644328e+04	5.605027e-04
2022	2	18	6	18
	60	15	-12.000000	69.750000	9.604917e+04	6.121648e-04
	62	37	-11.500000	64.250000	9.702477e+04	2.006686e-04
	125	50	4.250000	61.000000	9.730144e+04	3.259938e-04
	240	50	33.000000	61.000000	9.926102e+04	8.331636e-05
	155	61	11.750000	58.250000	9.702555e+04	4.450486e-04
	138	117	7.500000	44.250000	1.020975e+05	7.298895e-05
2022	2	19	8	0
	92	10	-4.000000	71.000000	9.598684e+04	1.415583e-04
	59	15	-12.250000	69.750000	9.598313e+04	3.641346e-04
	176	60	17.000000	58.500000	9.733290e+04	3.433600e-04
	177	60	17.250000	58.500000	9.733290e+04	3.414995e-04
	137	117	7.250000	44.250000	1.021823e+05	1.060620e-04
	274	149	41.500000	36.250000	1.004805e+05	3.569634e-05
	68	158	-10.000000	34.000000	1.023861e+05	2.033566e-05
	269	161	40.250000	33.250000	1.005264e+05	4.292987e-05
2022	2	19	6	6
	67	1	-10.250000	73.250000	9.622580e+04	6.564648e-05
	63	13	-11.250000	70.250000	9.614784e+04	4.433005e-04
	195	62	21.750000	58.000000	9.778366e+04	2.140517e-04
	137	117	7.250000	44.250000	1.022572e+05	5.325072e-05
	146	127	9.500000	41.750000	1.022572e+05	1.861679e-05
	282	159	43.500000	33.750000	1.007151e+05	9.504906e-05
2022	2	19	6	12
	69	10	-9.750000	71.000000	9.705564e+04	3.464059e-04
	136	26	7.000000	67.000000	9.838059e+04	1.711740e-04
	288	32	45.000000	65.500000	9.959202e+04	-9.461460e-07
	0	42	-27.000000	63.000000	9.778445e+04	1.064831e-04
	213	69	26.250000	56.250000	9.845015e+04	2.230597e-04
	144	125	9.000000	42.250000	1.023207e+05	1.102732e-04
2022	2	19	6	18
	72	5	-9.000000	72.250000	9.787140e+04	2.238152e-04
	149	26	10.250000	67.000000	9.901307e+04	2.416312e-04
	288	27	45.000000	66.750000	9.970945e+04	1.613624e-04
	0	29	-27.000000	66.250000	9.721898e+04	1.994206e-04
	30	33	-19.500000	65.250000	9.728718e+04	2.199185e-05
	231	72	30.750000	55.500000	9.881084e+04	1.801923e-04
2022	2	20	3	0
	73	0	-8.750000	73.500000	9.836828e+04	3.617425e-05
	182	22	18.500000	68.000000	1.001977e+05	-3.726477e-06
	242	73	33.500000	55.250000	9.909045e+04	1.718774e-04
