2022	2	10	8	0
	7	6	-25.250000	72.000000	1.002440e+05	-1.242003e-05
	150	22	10.500000	68.000000	9.649603e+04	3.762922e-04
	58	57	-12.500000	59.250000	9.854277e+04	5.348903e-04
	152	106	11.000000	47.000000	1.022544e+05	-4.633567e-05
	139	110	7.750000	46.000000	1.022544e+05	-7.718651e-05
	247	153	34.750000	35.250000	1.007683e+05	1.108140e-04
	247	154	34.750000	35.000000	1.007683e+05	1.202067e-04
	40	161	-17.000000	33.250000	1.020799e+05	-4.653327e-05
2022	2	10	7	6
	176	3	17.000000	72.750000	9.710214e+04	1.514972e-04
	8	6	-25.000000	72.000000	1.002972e+05	-1.398239e-05
	9	14	-24.750000	70.000000	1.002972e+05	4.328970e-05
	168	22	15.000000	68.000000	9.682547e+04	3.549168e-04
	77	59	-7.750000	58.750000	9.900135e+04	5.316200e-04
	152	106	11.000000	47.000000	1.021352e+05	-4.897704e-05
	250	152	35.500000	35.500000	1.010496e+05	9.142837e-05
2022	2	10	11	12
	205	1	24.250000	73.250000	9.722387e+04	-2.492870e-05
	172	2	16.000000	73.000000	9.722387e+04	2.835521e-04
	8	6	-25.000000	72.000000	1.003175e+05	-1.148393e-05
	195	15	21.750000	69.750000	9.728698e+04	-8.293507e-06
	21	20	-21.750000	68.500000	1.002683e+05	9.777023e-05
	193	26	21.250000	67.000000	9.765100e+04	1.490414e-04
	93	64	-3.750000	57.500000	1.000258e+05	3.827257e-04
	137	117	7.250000	44.250000	1.022751e+05	1.198865e-04
	284	139	44.000000	38.750000	1.009813e+05	3.243686e-05
	270	152	40.500000	35.500000	1.010108e+05	6.577175e-05
	85	160	-5.750000	33.500000	1.023607e+05	-3.969643e-07
2022	2	10	7	18
	211	0	25.750000	73.500000	9.737784e+04	-2.187896e-05
	185	5	19.250000	72.250000	9.737784e+04	1.837321e-04
	8	6	-25.000000	72.000000	1.001127e+05	-1.885296e-05
	10	14	-24.500000	70.000000	9.994392e+04	9.899386e-07
	43	16	-16.250000	69.500000	9.994392e+04	1.266405e-04
	108	70	0.000000	56.000000	1.005217e+05	3.605262e-04
	89	157	-4.750000	34.250000	1.021134e+05	-1.600213e-05
2022	2	11	5	0
	194	5	21.500000	72.250000	9.754685e+04	2.303458e-04
	53	12	-13.750000	70.500000	9.960823e+04	9.759415e-05
	0	71	-27.000000	55.750000	9.981867e+04	1.604974e-04
	120	76	3.000000	54.500000	1.010455e+05	3.009550e-04
	137	117	7.250000	44.250000	1.021575e+05	9.633472e-05
2022	2	11	4	6
	207	8	24.750000	71.500000	9.780712e+04	2.590099e-04
	63	12	-11.250000	70.500000	9.943062e+04	1.904453e-04
	64	12	-11.000000	70.500000	9.943062e+04	1.837553e-04
	131	82	5.750000	53.000000	1.016558e+05	2.054503e-04
2022	2	11	7	12
	229	0	30.250000	73.500000	9.810802e+04	-1.486264e-07
	218	9	27.500000	71.250000	9.810802e+04	2.725122e-04
	90	12	-4.500000	70.500000	9.956252e+04	1.195404e-04
	113	15	1.250000	69.750000	9.956252e+04	8.908976e-05
	1	56	-26.750000	59.500000	9.880674e+04	9.814587e-05
	0	67	-27.000000	56.750000	9.880674e+04	9.005057e-05
	135	119	6.750000	43.750000	1.019871e+05	1.057047e-04
2022	2	11	7	18
	228	11	30.000000	70.750000	9.846188e+04	2.625259e-04
	229	11	30.250000	70.750000	9.846188e+04	2.706762e-04
	119	14	2.750000	70.000000	9.956349e+04	6.952200e-05
	30	52	-19.500000	60.500000	9.856543e+04	1.648158e-04
	2	55	-26.500000	59.750000	9.859689e+04	1.390718e-04
	23	61	-21.250000	58.250000	9.856543e+04	1.068504e-04
	136	123	7.000000	42.750000	1.020688e+05	6.755548e-05
2022	2	12	5	0
	243	2	33.750000	73.000000	9.860685e+04	1.506637e-05
	235	11	31.750000	70.750000	9.860685e+04	1.950869e-04
	159	16	12.750000	69.500000	9.934485e+04	1.334698e-04
	24	51	-21.000000	60.750000	9.813987e+04	3.113542e-04
	41	53	-16.750000	60.250000	9.813987e+04	4.989388e-05
2022	2	12	5	6
	243	13	33.750000	70.250000	9.854452e+04	1.816495e-04
	244	13	34.000000	70.250000	9.854452e+04	1.803101e-04
	165	16	14.250000	69.500000	9.912112e+04	2.361968e-04
	54	48	-13.500000	61.500000	9.818754e+04	2.063458e-04
	24	55	-21.000000	59.750000	9.814162e+04	2.247331e-04
2022	2	12	3	12
	249	12	35.250000	70.500000	9.854452e+04	1.842557e-04
	75	45	-8.250000	62.250000	9.826120e+04	1.859185e-04
	28	58	-20.000000	59.000000	9.841283e+04	1.964922e-04
2022	2	12	4	18
	252	12	36.000000	70.500000	9.848805e+04	2.032342e-04
	175	13	16.750000	70.250000	9.917545e+04	1.998729e-04
	85	45	-5.750000	62.250000	9.824049e+04	1.986549e-04
	35	62	-18.250000	58.000000	9.863831e+04	1.582726e-04
2022	2	13	4	0
	247	0	34.750000	73.500000	9.865453e+04	2.446881e-05
	260	13	38.000000	70.250000	9.858790e+04	1.664939e-04
	141	30	8.250000	66.000000	9.812248e+04	2.226165e-04
	47	104	-15.250000	47.500000	1.005393e+05	1.228780e-04
2022	2	13	4	6
	269	12	40.250000	70.500000	9.865805e+04	2.216376e-04
	156	28	12.000000	66.500000	9.784366e+04	2.514252e-04
	136	38	7.000000	64.000000	9.785518e+04	1.356833e-04
	65	102	-10.750000	48.000000	9.986323e+04	1.471652e-04
2022	2	13	5	12
	277	9	42.250000	71.250000	9.886790e+04	1.573620e-04
	170	29	15.500000	66.250000	9.804627e+04	6.771845e-05
	83	99	-6.250000	48.750000	9.944782e+04	1.552752e-04
	270	120	40.500000	43.500000	1.026771e+05	6.708658e-05
	229	144	30.250000	37.500000	1.018367e+05	3.369563e-05
2022	2	13	3	18
	173	31	16.250000	65.750000	9.821666e+04	4.768276e-05
	193	31	21.250000	65.750000	9.821666e+04	5.167556e-05
	96	99	-3.000000	48.750000	9.893120e+04	3.010220e-04
2022	2	14	4	0
	216	9	27.000000	71.250000	9.822330e+04	1.177509e-04
	6	14	-25.500000	70.000000	9.961039e+04	4.921798e-05
	221	23	28.250000	67.750000	9.831123e+04	3.346050e-05
	111	93	0.750000	50.250000	9.857148e+04	2.995030e-04
2022	2	14	3	6
	210	9	25.500000	71.250000	9.809473e+04	1.670672e-04
	242	22	33.500000	68.000000	9.821002e+04	4.113942e-05
	124	86	4.000000	52.000000	9.830634e+04	3.270230e-04
2022	2	14	6	12
	6	7	-25.500000	71.750000	9.982747e+04	3.745115e-06
	222	8	28.500000	71.500000	9.821353e+04	1.801236e-04
	27	39	-20.250000	63.750000	9.838470e+04	-1.277277e-06
	21	49	-21.750000	61.250000	9.835988e+04	1.173706e-04
	141	81	8.250000	53.250000	9.838470e+04	2.274663e-04
	139	120	7.750000	43.500000	1.009555e+05	1.608525e-04
2022	2	14	4	18
	226	9	29.500000	71.250000	9.826902e+04	3.400681e-04
	19	39	-22.250000	63.750000	9.808770e+04	2.430354e-04
	156	74	12.000000	55.000000	9.838626e+04	2.029905e-04
	146	118	9.500000	44.000000	1.008531e+05	1.538364e-04
2022	2	15	9	0
	245	5	34.250000	72.250000	9.856738e+04	6.444232e-05
	6	7	-25.500000	71.750000	9.926611e+04	1.693616e-05
	229	15	30.250000	69.750000	9.856738e+04	2.545646e-04
	288	19	45.000000	68.750000	9.906700e+04	-4.813462e-05
	0	28	-27.000000	66.500000	9.806581e+04	1.199248e-04
	37	35	-17.750000	64.750000	9.828094e+04	1.179560e-04
	171	68	15.750000	56.500000	9.847301e+04	1.897367e-04
	149	119	10.250000	43.750000	1.009787e+05	9.428365e-05
	281	121	43.250000	43.250000	1.017194e+05	1.359440e-05
2022	2	15	8	6
	6	7	-25.500000	71.750000	9.883155e+04	-3.619274e-05
	271	13	40.750000	70.250000	9.867485e+04	1.131499e-04
	232	19	31.000000	68.750000	9.883175e+04	1.969238e-04
	0	59	-27.000000	58.750000	9.650756e+04	1.322013e-04
	185	62	19.250000	58.000000	9.851698e+04	1.997106e-04
	280	121	43.000000	43.250000	1.018980e+05	-4.005544e-05
	167	124	14.750000	42.500000	1.008824e+05	9.331271e-05
	244	146	34.000000	37.000000	1.017591e+05	3.291190e-05
2022	2	15	6	12
	6	7	-25.500000	71.750000	9.835714e+04	-3.052757e-05
	261	14	38.250000	70.000000	9.882784e+04	1.930344e-04
	0	49	-27.000000	61.250000	9.517441e+04	6.134465e-05
	195	57	21.750000	59.250000	9.869263e+04	1.900617e-04
	278	120	42.500000	43.500000	1.017339e+05	-3.055501e-05
	173	121	16.250000	43.250000	1.009271e+05	9.661979e-05
2022	2	15	7	18
	267	19	39.750000	68.750000	9.915024e+04	1.702638e-04
	0	44	-27.000000	62.500000	9.413394e+04	1.195628e-04
	15	48	-23.250000	61.500000	9.413394e+04	2.458667e-04
	202	56	23.500000	59.500000	9.894312e+04	1.746091e-04
	181	117	18.250000	44.250000	1.010844e+05	8.389906e-05
	168	120	15.000000	43.500000	1.010844e+05	1.579463e-04
	281	121	43.250000	43.250000	1.019688e+05	-2.307302e-05
2022	2	16	7	0
	259	16	37.750000	69.500000	9.942789e+04	7.405785e-05
	280	22	43.000000	68.000000	9.942789e+04	2.362119e-04
	37	35	-17.750000	64.750000	9.396062e+04	1.371179e-04
	0	38	-27.000000	64.000000	9.359916e+04	1.624733e-04
	208	55	25.000000	59.750000	9.925946e+04	2.280165e-04
	188	117	20.000000	44.250000	1.011346e+05	6.742601e-05
	281	121	43.250000	43.250000	1.018621e+05	-1.493828e-05
2022	2	16	4	6
	288	23	45.000000	67.750000	9.954884e+04	1.909278e-04
	0	35	-27.000000	64.750000	9.320856e+04	1.350534e-04
	215	55	26.750000	59.750000	9.945974e+04	2.266411e-04
	277	120	42.250000	43.500000	1.019176e+05	-5.233550e-05
2022	2	16	9	12
	0	34	-27.000000	65.000000	9.460288e+04	4.763205e-05
	243	46	33.750000	62.000000	9.970672e+04	6.365048e-05
	244	46	34.000000	62.000000	9.971609e+04	6.532087e-05
	222	55	28.500000	59.750000	9.968209e+04	2.054721e-04
	278	120	42.500000	43.500000	1.016194e+05	-1.644708e-06
	113	125	1.250000	42.250000	1.026468e+05	-2.864170e-06
	219	126	27.750000	42.000000	1.010514e+05	9.297228e-05
	207	128	24.750000	41.500000	1.010514e+05	2.093631e-05
	280	129	43.000000	41.250000	1.016194e+05	-1.696597e-05
2022	2	16	5	18
	0	30	-27.000000	66.000000	9.544111e+04	1.001948e-04
	250	44	35.500000	62.500000	9.973778e+04	1.006768e-04
	140	66	8.000000	57.000000	9.894332e+04	3.506228e-04
	12	101	-24.000000	48.250000	9.901855e+04	2.791933e-04
	153	108	11.250000	46.500000	1.010963e+05	-2.512577e-05
2022	2	17	7	0
	0	25	-27.000000	67.250000	9.657360e+04	1.324997e-04
	288	25	45.000000	67.250000	1.000332e+05	1.048750e-04
	254	43	36.500000	62.750000	9.985404e+04	7.069307e-05
	152	68	11.000000	56.500000	9.943962e+04	3.213225e-04
	169	75	15.250000	54.750000	9.943962e+04	2.116510e-04
	37	87	-17.750000	51.750000	9.801541e+04	4.191748e-04
	230	121	30.500000	43.250000	1.010528e+05	1.362174e-04
2022	2	17	5	6
	115	30	1.750000	66.000000	9.909690e+04	1.840822e-04
	55	73	-13.250000	55.250000	9.664785e+04	4.407805e-04
	38	75	-17.500000	54.750000	9.664785e+04	4.117023e-04
	177	75	17.250000	54.750000	1.000938e+05	1.823468e-04
	254	115	36.500000	44.750000	1.009316e+05	5.460259e-05
2022	2	17	5	12
	123	26	3.750000	67.000000	9.890776e+04	2.235498e-04
	60	66	-12.000000	57.000000	9.493427e+04	7.141183e-04
	186	78	19.500000	54.000000	1.007120e+05	1.247854e-04
	208	84	25.000000	52.500000	1.007271e+05	6.035021e-05
	137	117	7.250000	44.250000	1.018955e+05	7.065368e-05
2022	2	17	2	18
	128	22	5.000000	68.000000	9.837785e+04	2.403746e-04
	85	61	-5.750000	58.250000	9.564002e+04	4.512565e-04
2022	2	18	3	0
	129	18	5.250000	69.000000	9.768577e+04	3.354884e-04
	108	21	0.000000	68.250000	9.768577e+04	1.292175e-04
	115	54	1.750000	60.000000	9.591865e+04	2.932524e-04
2022	2	18	3	6
	115	16	1.750000	69.500000	9.723110e+04	3.844299e-04
	126	48	4.500000	61.500000	9.601244e+04	2.888163e-04
	230	155	30.500000	34.750000	1.004924e+05	7.138601e-05
2022	2	18	5	12
	103	18	-1.250000	69.000000	9.729734e+04	2.945023e-04
	160	44	13.000000	62.500000	9.676001e+04	7.370595e-05
	8	69	-25.000000	56.250000	9.776823e+04	3.410580e-04
	267	159	39.750000	33.750000	1.002978e+05	3.976421e-05
	230	160	30.500000	33.500000	1.006215e+05	8.834466e-05
2022	2	18	4	18
	99	21	-2.250000	68.250000	9.752966e+04	2.179104e-04
	184	41	19.000000	63.250000	9.699604e+04	1.006969e-04
	35	64	-18.250000	57.500000	9.738976e+04	3.529646e-04
	271	158	40.750000	34.000000	1.007497e+05	3.346247e-06
2022	2	19	5	0
	108	24	0.000000	67.500000	9.769652e+04	2.220096e-04
	196	41	22.000000	63.250000	9.722211e+04	1.089858e-04
	0	45	-27.000000	62.250000	9.720140e+04	1.063550e-04
	53	60	-13.750000	58.500000	9.739112e+04	3.375727e-04
	54	60	-13.500000	58.500000	9.739112e+04	3.172100e-04
2022	2	19	4	6
	119	25	2.750000	67.250000	9.758612e+04	2.775143e-04
	210	41	25.500000	63.250000	9.747319e+04	9.257646e-05
	6	47	-25.500000	61.750000	9.759473e+04	2.124936e-04
	79	58	-7.250000	59.000000	9.735869e+04	2.861002e-04
2022	2	19	5	12
	126	26	4.500000	67.000000	9.758085e+04	2.776696e-04
	228	41	30.000000	63.250000	9.781278e+04	6.593794e-05
	11	44	-24.250000	62.500000	9.797534e+04	2.107423e-04
	100	57	-2.000000	59.250000	9.784111e+04	2.247261e-04
	134	118	6.500000	44.000000	1.021091e+05	9.539182e-05
2022	2	19	6	18
	156	14	12.000000	70.000000	9.782724e+04	8.542743e-05
	136	27	7.000000	66.750000	9.765705e+04	3.091185e-04
	258	38	37.500000	64.000000	9.808301e+04	2.144474e-05
	152	55	11.000000	59.750000	9.833311e+04	2.027277e-04
	122	62	3.500000	58.000000	9.829657e+04	1.575125e-04
	0	64	-27.000000	57.500000	9.752028e+04	1.166965e-04
2022	2	20	6	0
	157	21	12.250000	68.250000	9.776315e+04	2.807176e-05
	146	28	9.500000	66.500000	9.776315e+04	4.091782e-04
	280	33	43.000000	65.250000	9.822193e+04	2.002616e-05
	160	56	13.000000	59.500000	9.853573e+04	1.906655e-04
	0	57	-27.000000	59.250000	9.563162e+04	1.795493e-04
	136	116	7.000000	44.500000	1.021925e+05	8.471514e-05
