2022	2	14	5	0
	4	6	-26.000000	72.000000	9.972918e+04	-2.963660e-05
	225	13	29.250000	70.250000	9.827590e+04	1.301583e-04
	1	17	-26.750000	69.250000	9.972918e+04	3.211492e-06
	113	62	1.250000	58.000000	9.841862e+04	8.727620e-05
	106	71	-0.500000	55.750000	9.841862e+04	8.846703e-05
2022	2	14	4	3
	57	5	-12.750000	72.250000	1.001173e+05	1.256283e-04
	225	9	29.250000	71.250000	9.805891e+04	2.134883e-04
	109	71	0.250000	55.750000	9.842145e+04	9.541460e-05
	110	71	0.500000	55.750000	9.842145e+04	6.681138e-05
2022	2	14	4	6
	60	4	-12.000000	72.500000	1.000872e+05	8.638016e-05
	214	10	26.500000	71.000000	9.789816e+04	2.994133e-04
	119	67	2.750000	56.750000	9.847205e+04	7.610826e-05
	122	121	3.500000	43.250000	1.008514e+05	2.032241e-04
2022	2	14	5	9
	63	3	-11.250000	72.750000	1.001580e+05	5.637817e-05
	222	8	28.500000	71.500000	9.787514e+04	2.647744e-04
	0	52	-27.000000	60.500000	9.798653e+04	1.003608e-04
	125	64	4.250000	57.500000	9.854835e+04	7.115634e-05
	111	72	0.750000	55.500000	9.854835e+04	1.666015e-04
2022	2	14	4	12
	69	1	-9.750000	73.250000	1.001596e+05	3.634037e-05
	224	9	29.000000	71.250000	9.792512e+04	2.481253e-04
	0	49	-27.000000	61.250000	9.756211e+04	1.412747e-04
	130	63	5.500000	57.750000	9.853300e+04	1.436380e-04
2022	2	14	3	15
	241	12	33.250000	70.500000	9.794298e+04	1.781147e-04
	7	46	-25.250000	62.000000	9.712312e+04	2.761300e-04
	131	62	5.750000	58.000000	9.855509e+04	1.664713e-04
2022	2	14	6	18
	247	12	34.750000	70.500000	9.793780e+04	1.964982e-04
	288	12	45.000000	70.500000	9.903920e+04	8.883756e-05
	0	41	-27.000000	63.250000	9.681995e+04	1.293904e-04
	128	53	5.000000	60.250000	9.864283e+04	7.682148e-05
	148	58	10.000000	59.000000	9.864283e+04	2.440064e-04
	133	62	6.250000	58.000000	9.864283e+04	2.032661e-04
2022	2	14	8	21
	252	4	36.000000	72.500000	9.798873e+04	1.251697e-04
	254	12	36.500000	70.500000	9.798873e+04	2.221049e-04
	0	38	-27.000000	64.000000	9.681463e+04	1.544318e-04
	27	39	-20.250000	63.750000	9.681463e+04	2.721888e-05
	127	51	4.750000	60.750000	9.873432e+04	7.742404e-05
	151	54	10.750000	60.000000	9.873432e+04	3.020847e-04
	136	62	7.000000	58.000000	9.873432e+04	2.239818e-04
	139	121	7.750000	43.250000	1.010355e+05	1.347051e-04
2022	2	15	9	0
	245	5	34.250000	72.250000	9.807004e+04	8.776258e-05
	6	7	-25.500000	71.750000	9.950749e+04	5.435654e-05
	263	11	38.750000	70.750000	9.807004e+04	1.788216e-04
	0	36	-27.000000	64.500000	9.709194e+04	1.102666e-04
	28	38	-20.000000	64.000000	9.712594e+04	-1.909559e-05
	125	51	4.250000	60.750000	9.886608e+04	1.066715e-04
	153	53	11.250000	60.250000	9.880513e+04	2.581293e-04
	141	61	8.250000	58.250000	9.880513e+04	2.093325e-04
	143	121	8.750000	43.250000	1.010024e+05	1.377609e-04
2022	2	15	10	3
	6	7	-25.500000	71.750000	9.949888e+04	3.678144e-05
	243	7	33.750000	71.750000	9.812064e+04	1.850230e-04
	269	11	40.250000	70.750000	9.812064e+04	2.095129e-04
	27	38	-20.250000	64.000000	9.723937e+04	1.061537e-04
	40	44	-17.000000	62.500000	9.744680e+04	2.551735e-04
	124	50	4.000000	61.000000	9.885355e+04	1.242929e-04
	155	52	11.750000	60.500000	9.881438e+04	2.150166e-04
	147	59	9.750000	58.750000	9.881438e+04	2.397562e-04
	171	103	15.750000	47.750000	1.009094e+05	5.879949e-05
	146	118	9.500000	44.000000	1.008336e+05	1.494398e-04
2022	2	15	10	6
	246	10	34.500000	71.000000	9.816592e+04	1.646523e-04
	273	10	41.250000	71.000000	9.816592e+04	1.986755e-04
	0	33	-27.000000	65.250000	9.720177e+04	3.792790e-05
	35	40	-18.250000	63.500000	9.727524e+04	2.407799e-04
	124	50	4.000000	61.000000	9.877631e+04	1.266913e-04
	152	57	11.000000	59.250000	9.883662e+04	2.770747e-04
	153	57	11.250000	59.250000	9.883662e+04	2.645562e-04
	0	84	-27.000000	52.500000	9.870643e+04	1.383441e-04
	146	117	9.500000	44.250000	1.009083e+05	1.284771e-04
	149	125	10.250000	42.250000	1.009083e+05	5.469360e-05
2022	2	15	6	9
	275	8	41.750000	71.500000	9.828154e+04	1.908773e-04
	25	34	-20.750000	65.000000	9.709633e+04	2.052916e-04
	123	49	3.750000	61.250000	9.872586e+04	1.260070e-04
	157	51	12.250000	60.750000	9.877788e+04	2.724543e-04
	9	81	-24.750000	53.250000	9.825788e+04	2.598643e-04
	155	117	11.750000	44.250000	1.010258e+05	1.099444e-04
2022	2	15	4	12
	277	8	42.250000	71.500000	9.836598e+04	1.972217e-04
	160	49	13.000000	61.250000	9.872774e+04	2.113242e-04
	21	78	-21.750000	54.000000	9.803635e+04	2.740152e-04
	158	113	12.500000	45.250000	1.010438e+05	9.996570e-05
2022	2	15	6	15
	278	8	42.500000	71.500000	9.843163e+04	2.243848e-04
	0	38	-27.000000	64.000000	9.700248e+04	1.917681e-05
	164	48	14.000000	61.500000	9.873212e+04	1.500037e-04
	35	74	-18.250000	55.000000	9.757120e+04	3.152952e-04
	156	112	12.000000	45.500000	1.011041e+05	8.523923e-05
	164	162	14.000000	33.000000	1.015806e+05	1.066777e-05
2022	2	15	5	18
	281	8	43.250000	71.500000	9.852595e+04	2.521898e-04
	179	46	17.750000	62.000000	9.877709e+04	8.361316e-05
	46	72	-15.500000	55.500000	9.737802e+04	3.306791e-04
	156	110	12.000000	46.000000	1.013310e+05	2.213019e-05
	164	162	14.000000	33.000000	1.016307e+05	2.113611e-05
2022	2	15	5	21
	285	8	44.250000	71.500000	9.864204e+04	2.035483e-04
	55	36	-13.250000	64.500000	9.793201e+04	2.008029e-04
	182	44	18.500000	62.500000	9.874998e+04	1.028730e-04
	61	70	-11.750000	56.000000	9.741280e+04	3.497759e-04
	167	159	14.750000	33.750000	1.017283e+05	3.723940e-06
2022	2	16	5	0
	285	7	44.250000	71.750000	9.872930e+04	1.907447e-04
	286	7	44.500000	71.750000	9.872930e+04	1.716311e-04
	48	33	-15.000000	65.250000	9.789018e+04	2.887002e-04
	184	44	19.000000	62.500000	9.876957e+04	1.313964e-04
	72	70	-9.000000	56.000000	9.751401e+04	3.558292e-04
2022	2	16	8	3
	286	7	44.500000	71.750000	9.878994e+04	1.436695e-04
	39	29	-17.250000	66.250000	9.772645e+04	2.230277e-04
	188	43	20.000000	62.750000	9.881783e+04	1.177000e-04
	83	70	-6.250000	56.000000	9.784098e+04	2.778679e-04
	4	71	-26.000000	55.750000	9.689970e+04	1.796641e-04
	99	74	-2.250000	55.000000	9.784098e+04	1.279259e-04
	152	106	11.000000	47.000000	1.011118e+05	-1.134089e-04
	172	123	16.000000	42.750000	1.014430e+05	3.664526e-05
2022	2	16	5	6
	286	6	44.500000	72.000000	9.883412e+04	1.398091e-04
	191	42	20.750000	63.000000	9.889366e+04	1.042589e-04
	86	43	-5.500000	62.750000	9.820555e+04	1.089566e-04
	25	66	-20.750000	57.000000	9.649126e+04	2.399892e-04
	108	72	0.000000	55.500000	9.808226e+04	1.693929e-04
2022	2	16	6	9
	282	5	43.500000	72.250000	9.885872e+04	1.565759e-04
	0	42	-27.000000	63.000000	9.713377e+04	3.213619e-05
	108	44	0.000000	62.500000	9.816984e+04	7.114706e-05
	34	62	-18.500000	58.000000	9.606950e+04	3.394725e-04
	131	74	5.750000	55.000000	9.827198e+04	1.887830e-04
	137	116	7.250000	44.500000	1.014175e+05	9.029008e-05
2022	2	16	5	12
	279	5	42.750000	72.250000	9.885825e+04	1.440110e-04
	37	60	-17.750000	58.500000	9.568738e+04	3.616890e-04
	68	64	-10.000000	57.500000	9.634242e+04	2.245774e-04
	149	75	10.250000	54.750000	9.833575e+04	1.963785e-04
	181	144	18.250000	37.500000	1.013890e+05	1.126798e-04
2022	2	16	6	15
	276	4	42.000000	72.500000	9.879855e+04	1.635623e-04
	277	4	42.250000	72.500000	9.879855e+04	1.656995e-04
	65	59	-10.750000	58.750000	9.585972e+04	2.466349e-04
	42	63	-16.500000	57.750000	9.583199e+04	4.437022e-04
	162	74	13.500000	55.000000	9.824973e+04	1.813810e-04
	181	142	18.250000	38.000000	1.012216e+05	1.631167e-04
2022	2	16	7	18
	273	4	41.250000	72.500000	9.874482e+04	2.164576e-04
	0	36	-27.000000	64.500000	9.764029e+04	1.996753e-05
	79	57	-7.250000	59.250000	9.601138e+04	2.833302e-04
	56	65	-13.000000	57.250000	9.614283e+04	2.776885e-04
	176	73	17.000000	55.250000	9.827026e+04	1.747616e-04
	183	141	18.750000	38.250000	1.012235e+05	1.993666e-04
	267	162	39.750000	33.000000	1.016824e+05	2.947342e-05
2022	2	16	5	21
	269	3	40.250000	72.750000	9.873495e+04	1.626440e-04
	80	56	-7.000000	59.500000	9.607624e+04	2.804280e-04
	98	56	-2.500000	59.500000	9.607624e+04	1.766404e-04
	137	117	7.250000	44.250000	1.014109e+05	4.386014e-05
	186	142	19.500000	38.000000	1.012362e+05	1.719049e-04
2022	2	17	7	0
	264	3	39.000000	72.750000	9.873307e+04	1.537011e-04
	0	32	-27.000000	65.500000	9.836849e+04	6.496502e-05
	98	55	-2.500000	59.750000	9.641825e+04	1.759826e-04
	83	59	-6.250000	58.750000	9.641825e+04	3.533343e-04
	125	60	4.250000	58.500000	9.626581e+04	2.720814e-04
	138	117	7.500000	44.250000	1.012332e+05	3.817665e-05
	184	139	19.000000	38.750000	1.011869e+05	1.682143e-04
2022	2	17	5	3
	258	3	37.500000	72.750000	9.867071e+04	1.524242e-04
	127	60	4.750000	58.500000	9.620471e+04	2.530163e-04
	137	117	7.250000	44.250000	1.012166e+05	8.871218e-05
	280	121	43.000000	43.250000	1.017236e+05	-2.148890e-05
	182	138	18.500000	39.000000	1.011367e+05	1.380100e-04
2022	2	17	7	6
	254	4	36.500000	72.500000	9.861838e+04	1.621072e-04
	130	61	5.500000	58.250000	9.661362e+04	2.326838e-04
	156	64	12.000000	57.500000	9.669039e+04	1.721023e-04
	137	117	7.250000	44.250000	1.011864e+05	9.625738e-05
	280	121	43.000000	43.250000	1.016837e+05	-2.935648e-05
	184	142	19.000000	38.000000	1.012871e+05	1.054567e-04
	193	147	21.250000	36.750000	1.012871e+05	4.528773e-05
2022	2	17	6	9
	254	5	36.500000	72.250000	9.859661e+04	1.414415e-04
	163	64	13.750000	57.500000	9.678612e+04	1.843281e-04
	178	67	17.500000	56.750000	9.668240e+04	1.572231e-04
	199	71	22.750000	55.750000	9.667691e+04	2.600871e-04
	19	100	-22.250000	48.500000	1.002952e+05	1.585078e-04
	279	120	42.750000	43.500000	1.016102e+05	-3.209096e-05
2022	2	17	5	12
	255	5	36.750000	72.250000	9.857201e+04	1.649441e-04
	23	63	-21.250000	57.750000	9.934205e+04	2.006605e-04
	209	68	25.250000	56.500000	9.631423e+04	2.789323e-04
	28	95	-20.000000	49.750000	9.985295e+04	1.681570e-04
	277	120	42.250000	43.500000	1.013937e+05	-2.754394e-05
2022	2	17	4	15
	256	4	37.000000	72.500000	9.857295e+04	1.858612e-04
	27	59	-20.250000	58.750000	9.913806e+04	2.242535e-04
	215	66	26.750000	57.000000	9.622586e+04	2.848374e-04
	36	89	-18.000000	51.250000	9.933469e+04	2.328890e-04
2022	2	17	6	18
	288	28	45.000000	66.500000	9.822467e+04	1.066388e-04
	38	44	-17.500000	62.500000	9.910673e+04	9.968335e-05
	30	57	-19.500000	59.250000	9.894254e+04	2.294521e-04
	222	64	28.500000	57.500000	9.631266e+04	3.694243e-04
	40	86	-17.000000	52.000000	9.876503e+04	3.069990e-04
	281	121	43.250000	43.250000	1.012992e+05	1.147822e-05
2022	2	17	5	21
	288	30	45.000000	66.000000	9.805280e+04	1.013333e-04
	36	44	-18.000000	62.500000	9.874153e+04	1.030459e-04
	34	54	-18.500000	60.000000	9.874153e+04	2.274612e-04
	228	63	30.000000	57.750000	9.649267e+04	3.635876e-04
	46	82	-15.500000	53.000000	9.797650e+04	4.026286e-04
2022	2	18	7	0
	160	25	13.000000	67.250000	9.865818e+04	7.208041e-05
	32	44	-19.000000	62.500000	9.843288e+04	1.425598e-04
	243	50	33.750000	61.000000	9.677374e+04	9.766310e-05
	36	52	-18.000000	60.500000	9.843288e+04	2.762563e-04
	235	61	31.750000	58.250000	9.677374e+04	3.199258e-04
	54	79	-13.500000	53.750000	9.724877e+04	5.615975e-04
	153	111	11.250000	45.750000	1.013949e+05	9.850087e-05
2022	2	18	3	3
	250	44	35.500000	62.500000	9.682403e+04	1.791928e-04
	37	51	-17.750000	60.750000	9.809698e+04	2.986234e-04
	64	75	-11.000000	54.750000	9.683187e+04	6.087494e-04
2022	2	18	5	6
	252	40	36.000000	63.500000	9.675494e+04	2.286713e-04
	39	50	-17.250000	61.000000	9.788939e+04	3.101471e-04
	74	70	-8.500000	56.000000	9.640712e+04	5.615006e-04
	134	118	6.500000	44.000000	1.015660e+05	7.582195e-05
	250	161	35.500000	33.250000	1.011203e+05	6.750209e-05
2022	2	18	3	9
	254	37	36.500000	64.250000	9.668977e+04	2.495722e-04
	40	48	-17.000000	61.500000	9.787279e+04	3.106969e-04
	80	67	-7.000000	56.750000	9.627991e+04	5.184977e-04
2022	2	18	3	12
	256	36	37.000000	64.500000	9.670512e+04	2.861911e-04
	41	47	-16.750000	61.750000	9.783174e+04	2.990394e-04
	93	65	-3.750000	57.250000	9.658245e+04	3.311787e-04
2022	2	18	5	15
	276	24	42.000000	67.500000	9.675008e+04	1.686079e-04
	262	35	38.500000	64.750000	9.674397e+04	1.933775e-04
	43	47	-16.250000	61.750000	9.785696e+04	3.168669e-04
	106	64	-0.500000	57.500000	9.653638e+04	3.603265e-04
	254	161	36.500000	33.250000	1.009362e+05	-6.204534e-06
2022	2	18	7	18
	279	22	42.750000	68.000000	9.685662e+04	2.026638e-04
	266	33	39.500000	65.250000	9.685646e+04	1.900136e-04
	47	46	-15.250000	62.000000	9.792590e+04	2.900233e-04
	0	60	-27.000000	58.500000	9.788391e+04	8.621308e-05
	119	62	2.750000	58.000000	9.646902e+04	2.955284e-04
	282	121	43.500000	43.250000	1.009570e+05	2.051942e-05
	228	149	30.000000	36.250000	1.010601e+05	5.493058e-05
2022	2	18	9	21
	285	19	44.250000	68.750000	9.690723e+04	1.566509e-04
	45	44	-15.750000	62.500000	9.794078e+04	2.420908e-04
	0	56	-27.000000	59.500000	9.761255e+04	1.131222e-04
	148	58	10.000000	59.000000	9.657978e+04	2.033087e-04
	14	60	-23.500000	58.500000	9.761255e+04	2.374942e-04
	130	61	5.500000	58.250000	9.657978e+04	2.382813e-04
	282	121	43.500000	43.250000	1.010679e+05	3.448233e-05
	104	128	-1.000000	41.500000	1.014173e+05	5.541222e-05
	227	150	29.750000	36.000000	1.010374e+05	9.304419e-05
2022	2	19	8	0
	6	7	-25.500000	71.750000	1.000118e+05	1.909866e-05
	1	17	-26.750000	69.250000	9.910563e+04	2.006625e-05
	288	18	45.000000	69.000000	9.692743e+04	1.099009e-04
	24	59	-21.000000	58.750000	9.737050e+04	2.769062e-04
	138	61	7.500000	58.250000	9.679943e+04	2.675843e-04
	107	133	-0.250000	40.250000	1.013858e+05	2.714600e-05
	106	134	-0.500000	40.000000	1.013858e+05	8.043648e-08
	223	150	28.750000	36.000000	1.009484e+05	1.622810e-04
2022	2	19	8	3
	221	0	28.250000	73.500000	9.819192e+04	1.525375e-04
	288	18	45.000000	69.000000	9.714129e+04	1.041231e-04
	22	44	-21.500000	62.500000	9.723937e+04	7.661428e-05
	177	52	17.250000	60.500000	9.696958e+04	1.579242e-04
	29	56	-19.750000	59.500000	9.710588e+04	2.737202e-04
	156	58	12.000000	59.000000	9.696645e+04	2.658211e-04
	172	103	16.000000	47.750000	1.005860e+05	1.293631e-04
	106	135	-0.500000	39.750000	1.013669e+05	-1.821314e-05
2022	2	19	7	6
	219	1	27.750000	73.250000	9.810920e+04	2.236010e-04
	150	22	10.500000	68.000000	9.827152e+04	7.510289e-05
	29	55	-19.750000	59.750000	9.684878e+04	3.327047e-04
	172	55	16.000000	59.750000	9.707690e+04	2.375143e-04
	135	116	6.750000	44.500000	1.014895e+05	4.957223e-05
	122	136	3.500000	39.500000	1.014214e+05	4.178425e-05
	123	136	3.750000	39.500000	1.014214e+05	2.506711e-05
2022	2	19	5	9
	218	2	27.500000	73.000000	9.816091e+04	2.387605e-04
	142	26	8.500000	67.000000	9.836285e+04	7.390143e-05
	192	50	21.000000	61.000000	9.714928e+04	2.075147e-04
	34	55	-18.500000	59.750000	9.691083e+04	3.749006e-04
	124	135	4.000000	39.750000	1.015705e+05	4.904801e-05
2022	2	19	4	12
	222	3	28.500000	72.750000	9.819522e+04	1.683810e-04
	146	27	9.500000	66.750000	9.846328e+04	1.309381e-04
	201	49	23.250000	61.250000	9.721962e+04	1.296672e-04
	41	55	-16.750000	59.750000	9.696049e+04	2.948770e-04
2022	2	19	4	15
	227	3	29.750000	72.750000	9.823627e+04	1.551458e-04
	153	26	11.250000	67.000000	9.860021e+04	1.103021e-04
	210	48	25.500000	61.500000	9.733227e+04	1.576253e-04
	46	54	-15.500000	60.000000	9.692571e+04	2.984617e-04
2022	2	19	8	18
	230	4	30.500000	72.500000	9.829877e+04	1.546108e-04
	220	47	28.000000	61.750000	9.747265e+04	1.794781e-04
	0	52	-27.000000	60.500000	9.693997e+04	1.017622e-04
	51	52	-14.250000	60.500000	9.687009e+04	2.819632e-04
	4	66	-26.000000	57.000000	9.696362e+04	1.536086e-04
	134	135	6.500000	39.750000	1.017360e+05	1.968108e-05
	146	135	9.500000	39.750000	1.017360e+05	1.726818e-05
	250	162	35.500000	33.000000	1.005031e+05	-1.417887e-05
2022	2	19	8	21
	234	4	31.500000	72.500000	9.832009e+04	1.594338e-04
	288	42	45.000000	63.000000	9.862873e+04	4.730251e-06
	231	45	30.750000	62.250000	9.762039e+04	1.440928e-04
	24	47	-21.000000	61.750000	9.690675e+04	1.746435e-04
	53	49	-13.750000	61.250000	9.675008e+04	2.911960e-04
	0	52	-27.000000	60.500000	9.702081e+04	1.700087e-04
	20	64	-22.000000	57.500000	9.687181e+04	1.585711e-04
	250	162	35.500000	33.000000	1.004439e+05	-1.020885e-05
2022	2	20	6	0
	239	3	32.750000	72.750000	9.838416e+04	1.548919e-04
	288	41	45.000000	63.250000	9.825177e+04	1.060721e-04
	238	45	32.500000	62.250000	9.778051e+04	1.631713e-04
	53	46	-13.750000	62.000000	9.662271e+04	3.237956e-04
	36	62	-18.000000	58.000000	9.673661e+04	1.546308e-04
	251	162	35.750000	33.000000	1.003346e+05	3.495572e-05
