2022	2	10	9	0
	168	8	15.000000	71.500000	9.689260e+04	6.485521e-05
	169	8	15.250000	71.500000	9.689681e+04	8.268119e-05
	148	23	10.000000	67.750000	9.643764e+04	4.833078e-04
	58	57	-12.500000	59.250000	9.845473e+04	5.124745e-04
	152	106	11.000000	47.000000	1.022525e+05	-3.817299e-05
	139	110	7.750000	46.000000	1.022525e+05	-7.304535e-05
	282	141	43.500000	38.250000	1.009091e+05	-1.336784e-05
	248	150	35.000000	36.000000	1.007458e+05	8.985632e-05
	276	162	42.000000	33.000000	1.007603e+05	9.319935e-05
2022	2	10	6	6
	175	4	16.750000	72.500000	9.719879e+04	1.073414e-04
	165	13	14.250000	70.250000	9.666859e+04	-1.632665e-05
	172	13	16.000000	70.250000	9.666859e+04	-3.897768e-05
	166	23	14.500000	67.750000	9.666859e+04	3.147069e-04
	77	60	-7.750000	58.500000	9.900284e+04	4.841175e-04
	158	106	12.500000	47.000000	1.021619e+05	-3.407147e-05
2022	2	10	7	12
	180	4	18.000000	72.500000	9.733112e+04	5.327561e-05
	187	27	19.750000	66.750000	9.755871e+04	1.775200e-04
	93	65	-3.750000	57.250000	1.001469e+05	3.444044e-04
	137	117	7.250000	44.250000	1.022274e+05	1.198053e-04
	280	150	43.000000	36.000000	1.008332e+05	1.091358e-04
	40	159	-17.000000	33.750000	1.022864e+05	4.839026e-07
	85	160	-5.750000	33.500000	1.023431e+05	-1.082827e-05
2022	2	10	6	18
	183	4	18.750000	72.500000	9.745904e+04	1.417754e-04
	39	17	-17.250000	69.250000	9.984217e+04	1.357639e-04
	205	29	24.250000	66.250000	9.800082e+04	1.438977e-04
	109	71	0.250000	55.750000	1.006847e+05	3.063915e-04
	277	148	42.250000	36.500000	1.011723e+05	6.792080e-05
	84	162	-6.000000	33.000000	1.021027e+05	-1.148621e-05
2022	2	11	10	0
	223	0	28.750000	73.500000	9.764090e+04	-4.130216e-05
	194	7	21.500000	71.750000	9.764090e+04	2.035128e-04
	56	13	-13.000000	70.250000	9.941439e+04	2.141303e-04
	0	69	-27.000000	56.250000	9.974840e+04	1.308807e-04
	123	77	3.750000	54.250000	1.011784e+05	2.613024e-04
	135	119	6.750000	43.750000	1.021990e+05	7.965667e-05
	281	139	43.250000	38.750000	1.014951e+05	-4.657782e-06
	268	148	40.000000	36.500000	1.015324e+05	8.816145e-05
	280	151	43.000000	35.750000	1.015000e+05	7.679864e-05
	84	154	-6.000000	35.000000	1.023163e+05	8.240556e-05
2022	2	11	6	6
	220	0	28.000000	73.500000	9.788071e+04	-4.991840e-05
	209	9	25.250000	71.250000	9.788071e+04	2.240603e-04
	68	12	-10.000000	70.500000	9.920598e+04	1.741715e-04
	245	146	34.250000	37.000000	1.020007e+05	3.698587e-06
	273	149	41.250000	36.250000	1.019004e+05	3.834667e-05
	282	153	43.500000	35.250000	1.019004e+05	5.876144e-05
2022	2	11	7	12
	218	0	27.500000	73.500000	9.819322e+04	-3.817947e-05
	220	0	28.000000	73.500000	9.819322e+04	-4.451926e-05
	221	9	28.250000	71.250000	9.819322e+04	1.617598e-04
	86	12	-5.500000	70.500000	9.928711e+04	1.384327e-04
	14	57	-23.500000	59.250000	9.920977e+04	1.538761e-04
	4	68	-26.000000	56.500000	9.920577e+04	1.455417e-04
	134	119	6.500000	43.750000	1.021054e+05	1.022788e-04
2022	2	11	8	18
	226	0	29.500000	73.500000	9.826086e+04	-2.696394e-05
	234	10	31.500000	71.000000	9.826086e+04	1.822794e-04
	106	13	-0.500000	70.250000	9.910862e+04	1.177007e-04
	126	20	4.500000	68.500000	9.910862e+04	2.479321e-04
	28	54	-20.000000	60.000000	9.886439e+04	1.321461e-04
	9	55	-24.750000	59.750000	9.886439e+04	2.119371e-04
	24	64	-21.000000	57.500000	9.886439e+04	1.597628e-04
	282	76	43.500000	54.500000	9.995976e+04	1.772840e-04
2022	2	12	8	0
	226	0	29.500000	73.500000	9.833041e+04	1.623375e-05
	227	0	29.750000	73.500000	9.833041e+04	2.718094e-05
	241	11	33.250000	70.750000	9.833041e+04	1.709530e-04
	242	11	33.500000	70.750000	9.833041e+04	1.753970e-04
	243	11	33.750000	70.750000	9.833041e+04	1.772840e-04
	130	16	5.500000	69.500000	9.888462e+04	1.593506e-04
	39	52	-17.250000	60.500000	9.851458e+04	2.219890e-04
	0	59	-27.000000	58.750000	9.914972e+04	7.895748e-05
2022	2	12	6	6
	155	0	11.750000	73.500000	9.855841e+04	1.124815e-04
	223	2	28.750000	73.000000	9.829352e+04	5.048245e-05
	253	8	36.250000	71.500000	9.829352e+04	2.114139e-04
	148	19	10.000000	68.750000	9.893877e+04	1.824542e-04
	52	52	-14.000000	60.500000	9.836159e+04	1.498978e-04
	33	55	-18.750000	59.750000	9.836159e+04	2.980062e-04
2022	2	12	5	12
	172	0	16.000000	73.500000	9.862859e+04	5.002597e-05
	226	2	29.500000	73.000000	9.834600e+04	6.168879e-05
	254	8	36.500000	71.500000	9.834600e+04	2.077904e-04
	140	19	8.000000	68.750000	9.912885e+04	1.754089e-04
	66	52	-10.500000	60.500000	9.857359e+04	1.215356e-04
2022	2	12	7	18
	181	0	18.250000	73.500000	9.857590e+04	6.241674e-05
	230	0	30.500000	73.500000	9.845726e+04	3.437448e-05
	261	7	38.250000	71.750000	9.845726e+04	1.867328e-04
	140	21	8.000000	68.250000	9.909240e+04	2.087393e-04
	95	45	-3.250000	62.250000	9.855925e+04	1.517130e-04
	72	54	-9.000000	60.000000	9.858665e+04	1.863116e-04
	11	94	-24.250000	50.000000	9.982869e+04	1.572708e-04
2022	2	13	3	0
	267	5	39.750000	72.250000	9.872678e+04	2.371333e-04
	97	46	-2.750000	62.000000	9.847538e+04	2.026689e-04
	36	88	-18.000000	51.500000	9.894088e+04	2.096475e-04
2022	2	13	4	6
	200	0	23.000000	73.500000	9.870212e+04	-2.177797e-06
	272	2	41.000000	73.000000	9.889748e+04	2.423033e-04
	127	40	4.750000	63.500000	9.841638e+04	1.796560e-04
	49	85	-14.750000	52.250000	9.802885e+04	3.804356e-04
2022	2	13	4	12
	204	0	24.000000	73.500000	9.900811e+04	3.906804e-06
	140	39	8.000000	63.750000	9.855188e+04	6.035600e-05
	64	87	-11.000000	51.750000	9.769885e+04	3.330922e-04
	269	120	40.250000	43.500000	1.028339e+05	8.953498e-05
2022	2	13	4	18
	195	37	21.750000	64.250000	9.856284e+04	6.470286e-05
	161	38	13.250000	64.000000	9.859571e+04	5.450668e-05
	162	38	13.500000	64.000000	9.858665e+04	3.753765e-05
	81	84	-6.750000	52.500000	9.743839e+04	3.493779e-04
2022	2	14	5	0
	143	25	8.750000	67.250000	9.897566e+04	1.967098e-04
	202	35	23.500000	64.750000	9.854429e+04	7.620685e-05
	201	36	23.250000	64.500000	9.854429e+04	8.648453e-05
	111	72	0.750000	55.500000	9.801810e+04	1.840552e-04
	91	82	-4.250000	53.000000	9.783582e+04	2.688204e-04
2022	2	14	5	6
	6	14	-25.500000	70.000000	9.983732e+04	5.331383e-05
	145	31	9.250000	65.750000	9.910926e+04	1.636420e-04
	210	33	25.500000	65.250000	9.865303e+04	7.424708e-05
	115	71	1.750000	55.750000	9.795320e+04	2.923462e-04
	118	124	2.500000	42.500000	1.013501e+05	6.440521e-05
2022	2	14	2	12
	216	28	27.000000	66.500000	9.884416e+04	6.111307e-05
	135	64	6.750000	57.500000	9.847096e+04	1.706950e-04
2022	2	14	4	18
	220	22	28.000000	68.000000	9.877567e+04	1.121826e-04
	288	32	45.000000	65.500000	1.004023e+05	4.415067e-05
	0	44	-27.000000	62.500000	9.769738e+04	9.481842e-05
	152	62	11.000000	58.000000	9.861384e+04	1.876728e-04
2022	2	15	7	0
	6	7	-25.500000	71.750000	9.958866e+04	2.272187e-05
	201	17	23.250000	69.250000	9.875228e+04	1.146865e-04
	227	17	29.750000	69.250000	9.875228e+04	9.862216e-05
	288	28	45.000000	66.500000	1.002520e+05	9.248761e-05
	0	33	-27.000000	65.250000	9.723988e+04	1.612826e-04
	158	64	12.500000	57.500000	9.870402e+04	2.586096e-04
	137	120	7.250000	43.500000	1.013752e+05	9.408286e-05
2022	2	15	6	6
	6	7	-25.500000	71.750000	9.895922e+04	1.442841e-05
	221	14	28.250000	70.000000	9.873563e+04	1.409155e-04
	2	27	-26.500000	66.750000	9.727887e+04	2.225819e-04
	288	28	45.000000	66.500000	9.998799e+04	1.416604e-04
	28	33	-20.000000	65.250000	9.728835e+04	2.101858e-04
	171	64	15.750000	57.500000	9.886523e+04	1.968148e-04
2022	2	15	5	12
	217	14	27.250000	70.000000	9.894215e+04	1.320256e-04
	218	14	27.500000	70.000000	9.894215e+04	1.320088e-04
	0	21	-27.000000	68.250000	9.783413e+04	1.019486e-04
	178	64	17.500000	57.500000	9.913855e+04	2.959468e-04
	0	77	-27.000000	54.250000	9.778883e+04	1.091898e-04
2022	2	15	5	18
	247	22	34.750000	68.000000	9.921083e+04	1.098088e-04
	0	65	-27.000000	57.250000	9.514502e+04	9.969937e-05
	183	70	18.750000	56.000000	9.917290e+04	3.910455e-04
	120	83	3.000000	52.750000	1.010239e+05	2.005930e-04
	160	161	13.000000	33.250000	1.014405e+05	4.447967e-05
2022	2	16	9	0
	239	12	32.750000	70.500000	9.921504e+04	1.331256e-04
	271	19	40.750000	68.750000	9.921083e+04	4.546484e-05
	231	27	30.750000	66.750000	9.946370e+04	9.487553e-05
	3	53	-26.250000	60.250000	9.427766e+04	3.262320e-04
	196	72	22.000000	55.500000	9.939395e+04	3.211057e-04
	281	121	43.250000	43.250000	1.017105e+05	2.143087e-05
	272	131	41.000000	40.750000	1.018763e+05	9.758251e-06
	161	156	13.250000	34.500000	1.014524e+05	1.422940e-04
	169	162	15.250000	33.000000	1.014524e+05	4.655238e-06
2022	2	16	6	6
	232	15	31.000000	69.750000	9.899926e+04	1.549266e-04
	262	15	38.500000	69.750000	9.899926e+04	1.464183e-04
	248	28	35.000000	66.500000	9.917184e+04	8.347313e-05
	24	46	-21.000000	62.000000	9.393692e+04	2.134908e-04
	213	74	26.250000	55.000000	9.977874e+04	2.562522e-04
	166	154	14.500000	35.000000	1.013400e+05	1.418113e-04
2022	2	16	4	12
	249	15	35.250000	69.750000	9.884184e+04	2.045191e-04
	260	27	38.000000	66.750000	9.891728e+04	5.650798e-05
	42	41	-16.500000	63.250000	9.364485e+04	1.510808e-04
	167	153	14.750000	35.250000	1.013419e+05	1.710950e-04
2022	2	16	6	18
	246	19	34.500000	68.750000	9.889790e+04	2.294238e-04
	0	20	-27.000000	68.500000	9.597382e+04	-1.634668e-04
	267	23	39.750000	67.750000	9.889790e+04	7.530829e-05
	53	31	-13.750000	65.750000	9.356835e+04	1.031454e-04
	0	33	-27.000000	65.250000	9.596539e+04	6.260299e-05
	172	156	16.000000	34.500000	1.014222e+05	1.453864e-04
2022	2	17	9	0
	232	11	31.000000	70.750000	9.903487e+04	1.118230e-05
	233	11	31.250000	70.750000	9.902580e+04	4.944237e-06
	279	11	42.750000	70.750000	9.899441e+04	8.346605e-05
	258	21	37.500000	68.250000	9.897228e+04	2.004441e-04
	0	25	-27.000000	67.250000	9.580755e+04	4.892753e-07
	52	26	-14.000000	67.000000	9.435564e+04	2.166216e-04
	267	54	39.750000	60.000000	9.981014e+04	1.520435e-04
	6	102	-25.500000	48.000000	9.958993e+04	2.828513e-04
	177	158	17.250000	34.000000	1.015425e+05	1.218646e-04
2022	2	17	9	6
	257	8	37.250000	71.500000	9.876534e+04	1.522129e-04
	269	17	40.250000	69.250000	9.876534e+04	2.171238e-04
	58	23	-12.500000	67.750000	9.503418e+04	3.231514e-04
	30	25	-19.500000	67.250000	9.503418e+04	2.788763e-04
	7	28	-25.250000	66.500000	9.520150e+04	4.670922e-04
	33	88	-18.750000	51.500000	9.903909e+04	2.754883e-04
	150	110	10.500000	46.000000	1.023812e+05	3.538415e-05
	137	117	7.250000	44.250000	1.023812e+05	6.376019e-05
	179	160	17.750000	33.500000	1.016757e+05	1.111904e-04
2022	2	17	6	12
	250	10	35.500000	71.000000	9.855925e+04	2.350982e-04
	288	13	45.000000	70.250000	9.936087e+04	-1.840813e-05
	0	19	-27.000000	68.750000	9.623049e+04	-1.226224e-04
	51	20	-14.250000	68.500000	9.540106e+04	3.602301e-04
	0	27	-27.000000	66.750000	9.623049e+04	1.787881e-04
	62	74	-11.500000	55.000000	9.863153e+04	3.346274e-04
2022	2	17	5	18
	266	10	39.500000	71.000000	9.842818e+04	2.609663e-04
	33	21	-18.750000	68.250000	9.553445e+04	4.223533e-04
	87	64	-5.250000	57.500000	9.804170e+04	3.335583e-04
	288	144	45.000000	37.500000	1.014410e+05	2.602073e-05
	277	146	42.250000	37.000000	1.013984e+05	4.580584e-05
2022	2	18	7	0
	267	3	39.750000	72.750000	9.809376e+04	2.961097e-04
	15	24	-23.250000	67.500000	9.600416e+04	6.060042e-04
	0	46	-27.000000	62.000000	9.650949e+04	1.020731e-04
	116	54	2.000000	60.000000	9.704643e+04	4.065907e-04
	13	135	-23.750000	39.750000	1.016275e+05	2.535135e-04
	287	141	44.750000	38.250000	1.012770e+05	-2.359963e-05
	236	150	32.000000	36.000000	1.011712e+05	7.191831e-05
2022	2	18	8	6
	259	0	37.750000	73.500000	9.816477e+04	1.093060e-04
	58	9	-12.500000	71.250000	9.744745e+04	2.433931e-04
	91	17	-4.250000	69.250000	9.749170e+04	1.274322e-04
	0	43	-27.000000	62.750000	9.616812e+04	1.658896e-04
	142	52	8.500000	60.500000	9.684350e+04	1.613174e-04
	282	121	43.500000	43.250000	1.012783e+05	3.986563e-05
	23	132	-21.250000	40.500000	1.016093e+05	2.592249e-04
	239	151	32.750000	35.750000	1.007329e+05	1.527621e-04
2022	2	18	6	12
	130	9	5.500000	71.250000	9.773004e+04	7.849465e-05
	131	9	5.750000	71.250000	9.773741e+04	7.859965e-05
	32	15	-19.000000	69.750000	9.766598e+04	4.044290e-04
	1	43	-26.750000	62.750000	9.649474e+04	1.751583e-04
	181	50	18.250000	61.000000	9.642478e+04	3.834145e-04
	246	150	34.500000	36.000000	1.000388e+05	1.991720e-04
2022	2	18	7	18
	151	7	10.750000	71.750000	9.769738e+04	1.189233e-04
	2	48	-26.500000	61.500000	9.672655e+04	1.638945e-04
	54	51	-13.500000	60.750000	9.724536e+04	2.846839e-04
	205	54	24.250000	60.000000	9.682264e+04	1.732049e-04
	16	55	-23.000000	59.750000	9.672655e+04	2.092043e-04
	247	150	34.750000	36.000000	1.000280e+05	1.721798e-04
	255	156	36.750000	34.500000	1.000280e+05	6.940267e-05
2022	2	19	5	0
	148	7	10.000000	71.750000	9.765902e+04	1.915249e-04
	64	45	-11.000000	62.250000	9.621805e+04	4.257496e-04
	36	54	-18.000000	60.000000	9.685698e+04	1.730064e-04
	229	57	30.250000	59.250000	9.759665e+04	1.792462e-04
	246	153	34.500000	35.250000	1.001892e+05	1.751544e-04
2022	2	19	5	6
	162	7	13.500000	71.750000	9.761941e+04	1.804299e-04
	73	38	-8.750000	64.000000	9.566700e+04	4.523060e-04
	55	57	-13.250000	59.250000	9.677480e+04	3.051300e-04
	249	61	35.250000	58.250000	9.823979e+04	1.573509e-04
	246	160	34.500000	33.500000	1.006821e+05	1.757750e-04
2022	2	19	7	12
	75	37	-8.250000	64.250000	9.554225e+04	3.303970e-04
	91	50	-4.250000	61.000000	9.584991e+04	2.493540e-04
	268	65	40.000000	57.250000	9.864818e+04	1.087167e-04
	153	67	11.250000	56.750000	9.870634e+04	2.875540e-04
	267	148	39.750000	36.500000	1.009508e+05	1.508449e-05
	273	156	41.250000	34.500000	1.007314e+05	1.509919e-04
	284	162	44.000000	33.000000	1.007314e+05	6.939387e-06
2022	2	19	9	18
	194	0	21.500000	73.500000	9.783119e+04	9.834361e-05
	82	38	-6.500000	64.000000	9.584064e+04	3.390884e-04
	103	42	-1.250000	63.000000	9.584064e+04	2.417568e-04
	276	58	42.000000	59.000000	9.903761e+04	4.705819e-05
	176	60	17.000000	58.500000	9.803665e+04	3.289596e-04
	281	66	43.250000	57.000000	9.903761e+04	1.496592e-04
	64	86	-11.000000	52.000000	9.895584e+04	2.639093e-04
	271	158	40.750000	34.000000	1.009898e+05	8.500995e-05
	272	158	41.000000	34.000000	1.009628e+05	7.323738e-05
2022	2	20	4	0
	98	37	-2.500000	64.250000	9.611986e+04	1.498780e-04
	192	55	21.000000	59.750000	9.778251e+04	3.822670e-04
	0	65	-27.000000	57.250000	9.754480e+04	1.300171e-04
	88	85	-5.000000	52.250000	9.902812e+04	1.765411e-04
