2022	2	10	6	0
	166	5	14.500000	72.250000	9.693634e+04	8.142833e-05
	148	22	10.000000	68.000000	9.638573e+04	5.189417e-04
	59	56	-12.250000	59.500000	9.860422e+04	4.833946e-04
	152	106	11.000000	47.000000	1.022432e+05	-3.987293e-05
	139	110	7.750000	46.000000	1.022432e+05	-7.633334e-05
	276	162	42.000000	33.000000	1.009164e+05	1.072768e-04
2022	2	10	7	6
	178	5	17.500000	72.250000	9.714000e+04	1.447466e-04
	8	6	-25.000000	72.000000	1.002452e+05	-1.213130e-05
	10	14	-24.500000	70.000000	1.002452e+05	3.001737e-05
	167	22	14.750000	68.000000	9.672033e+04	3.845178e-04
	77	59	-7.750000	58.750000	9.904819e+04	4.986733e-04
	158	106	12.500000	47.000000	1.021581e+05	-3.709252e-05
	250	152	35.500000	35.500000	1.011091e+05	6.228883e-05
2022	2	10	6	12
	180	5	18.000000	72.250000	9.732347e+04	1.566569e-04
	8	6	-25.000000	72.000000	1.001955e+05	-1.399316e-05
	191	26	20.750000	67.000000	9.749459e+04	1.690029e-04
	94	64	-3.500000	57.500000	1.000169e+05	3.355068e-04
	137	117	7.250000	44.250000	1.022462e+05	1.216011e-04
	269	159	40.250000	33.750000	1.010420e+05	3.423731e-05
2022	2	10	8	18
	8	6	-25.000000	72.000000	9.998494e+04	-4.228509e-05
	191	7	20.750000	71.750000	9.758573e+04	2.106130e-04
	10	14	-24.500000	70.000000	9.972816e+04	-5.539040e-06
	38	16	-17.500000	69.500000	9.972816e+04	1.378894e-04
	209	28	25.250000	66.500000	9.798109e+04	1.693144e-04
	210	28	25.500000	66.500000	9.798109e+04	1.569912e-04
	111	70	0.750000	56.000000	1.004785e+05	3.121843e-04
	89	157	-4.750000	34.250000	1.021434e+05	-1.823444e-05
2022	2	11	4	0
	205	8	24.250000	71.500000	9.786407e+04	1.248525e-04
	46	13	-15.500000	70.250000	9.948295e+04	1.666017e-04
	0	71	-27.000000	55.750000	9.966367e+04	1.198338e-04
	125	75	4.250000	54.750000	1.009823e+05	3.288184e-04
2022	2	11	4	6
	220	0	28.000000	73.500000	9.813614e+04	-2.771956e-05
	221	0	28.250000	73.500000	9.813614e+04	-3.288037e-05
	218	9	27.500000	71.250000	9.813614e+04	1.618319e-04
	67	15	-10.250000	69.750000	9.945669e+04	1.530564e-04
2022	2	11	10	12
	229	0	30.250000	73.500000	9.851327e+04	-1.617784e-05
	230	10	30.500000	71.000000	9.851327e+04	1.210865e-04
	120	19	3.000000	68.750000	9.940866e+04	1.262950e-04
	17	58	-22.750000	59.000000	9.904466e+04	1.435132e-04
	0	59	-27.000000	58.750000	9.899429e+04	6.804915e-06
	0	68	-27.000000	56.500000	9.899429e+04	6.079621e-05
	261	76	38.250000	54.500000	9.980323e+04	1.793105e-04
	150	110	10.500000	46.000000	1.021478e+05	2.471710e-05
	135	119	6.750000	43.750000	1.021105e+05	9.391385e-05
	94	145	-3.500000	37.250000	1.023267e+05	4.382558e-06
2022	2	11	6	18
	242	14	33.500000	70.000000	9.861892e+04	5.692361e-05
	147	20	9.750000	68.500000	9.901193e+04	1.743078e-04
	31	54	-19.250000	60.000000	9.872653e+04	1.897666e-04
	13	56	-23.750000	59.500000	9.872653e+04	1.341210e-04
	19	65	-22.250000	57.250000	9.876260e+04	1.137026e-04
	282	76	43.500000	54.500000	9.943963e+04	2.377575e-04
2022	2	12	7	0
	245	5	34.250000	72.250000	9.866792e+04	6.136031e-05
	244	6	34.000000	72.000000	9.866792e+04	5.928091e-05
	251	15	35.750000	69.750000	9.866792e+04	1.280865e-04
	151	22	10.750000	68.000000	9.896096e+04	2.712290e-04
	51	51	-14.250000	60.750000	9.857933e+04	1.340975e-04
	26	54	-20.500000	60.000000	9.855071e+04	2.367031e-04
	39	61	-17.250000	58.250000	9.855071e+04	8.116368e-05
2022	2	12	4	6
	261	3	38.250000	72.750000	9.871810e+04	2.820639e-05
	257	16	37.250000	69.500000	9.869125e+04	9.801418e-05
	45	51	-15.750000	60.750000	9.858364e+04	1.874727e-04
	58	56	-12.500000	59.500000	9.858364e+04	8.208305e-05
2022	2	12	3	12
	267	3	39.750000	72.750000	9.882081e+04	5.599862e-05
	264	17	39.000000	69.250000	9.884355e+04	9.041706e-05
	75	51	-8.250000	60.750000	9.859795e+04	1.416946e-04
2022	2	12	4	18
	274	1	41.500000	73.250000	9.887276e+04	5.892080e-05
	269	17	40.250000	69.250000	9.896234e+04	7.098803e-05
	106	43	-0.500000	62.750000	9.859285e+04	1.296407e-04
	89	48	-4.750000	61.500000	9.859285e+04	9.078174e-05
2022	2	13	4	0
	283	0	43.750000	73.500000	9.910915e+04	6.763378e-05
	105	46	-0.750000	62.000000	9.864264e+04	1.300182e-04
	30	100	-19.500000	48.500000	9.995573e+04	1.422711e-04
	17	104	-22.750000	47.500000	9.995573e+04	2.090094e-04
2022	2	13	3	6
	176	0	17.000000	73.500000	9.898919e+04	1.013418e-05
	113	49	1.250000	61.250000	9.858011e+04	1.499532e-04
	49	96	-14.750000	49.500000	9.908896e+04	2.222639e-04
2022	2	13	4	12
	185	0	19.250000	73.500000	9.905172e+04	2.228283e-05
	122	49	3.500000	61.250000	9.863382e+04	1.992161e-04
	66	96	-10.500000	49.500000	9.871830e+04	2.560625e-04
	227	144	29.750000	37.500000	1.018345e+05	1.068480e-05
2022	2	13	4	18
	206	0	24.500000	73.500000	9.918481e+04	1.067769e-04
	181	12	18.250000	70.500000	9.918795e+04	4.790285e-05
	75	68	-8.250000	56.500000	9.885178e+04	9.627121e-05
	83	91	-6.250000	50.750000	9.835567e+04	1.503026e-04
2022	2	14	3	0
	213	0	26.250000	73.500000	9.928380e+04	1.112445e-04
	1	17	-26.750000	69.250000	9.984518e+04	-4.927624e-06
	105	89	-0.750000	51.250000	9.813966e+04	2.205766e-04
2022	2	14	1	6
	113	87	1.250000	51.750000	9.812987e+04	2.064449e-04
2022	2	14	3	12
	276	15	42.000000	69.750000	9.890020e+04	1.339885e-04
	128	84	5.000000	52.500000	9.851798e+04	1.632106e-04
	140	118	8.000000	44.000000	1.007698e+05	1.568030e-04
2022	2	14	4	18
	285	9	44.250000	71.250000	9.879416e+04	7.837317e-05
	0	46	-27.000000	62.000000	9.787211e+04	1.217472e-04
	141	80	8.250000	53.500000	9.881180e+04	1.535053e-04
	140	119	8.000000	43.750000	1.007647e+05	1.463592e-04
2022	2	15	7	0
	7	6	-25.250000	72.000000	9.985302e+04	6.561683e-06
	288	6	45.000000	72.000000	9.873594e+04	1.199844e-04
	6	14	-25.500000	70.000000	9.961036e+04	-6.907238e-05
	0	41	-27.000000	63.250000	9.793777e+04	1.365406e-04
	126	52	4.500000	60.500000	9.934515e+04	1.532680e-04
	154	75	11.500000	54.750000	9.906446e+04	5.321719e-05
	281	121	43.250000	43.250000	1.017334e+05	3.555553e-06
2022	2	15	3	6
	124	50	4.000000	61.000000	9.927008e+04	1.943880e-04
	169	72	15.250000	55.500000	9.924459e+04	1.043174e-04
	281	121	43.250000	43.250000	1.018600e+05	-2.730437e-05
2022	2	15	6	12
	120	48	3.000000	61.500000	9.929811e+04	1.762577e-04
	111	69	0.750000	56.250000	9.939416e+04	1.633869e-04
	177	69	17.250000	56.250000	9.941219e+04	8.412583e-05
	7	78	-25.250000	54.000000	9.718998e+04	3.223185e-04
	278	120	42.500000	43.500000	1.014772e+05	-9.853896e-06
	86	162	-5.500000	33.000000	1.024430e+05	2.420134e-05
2022	2	15	6	18
	186	65	19.500000	57.250000	9.949765e+04	1.051013e-04
	187	65	19.750000	57.250000	9.949765e+04	9.810109e-05
	29	68	-19.750000	56.500000	9.595098e+04	4.307544e-04
	126	71	4.500000	55.750000	9.959977e+04	1.425767e-04
	279	120	42.750000	43.500000	1.016932e+05	-2.491905e-05
	85	162	-5.750000	33.000000	1.022632e+05	2.307650e-05
2022	2	16	4	0
	6	7	-25.500000	71.750000	9.932359e+04	1.885447e-05
	192	62	21.000000	58.000000	9.950491e+04	7.222639e-05
	46	64	-15.500000	57.500000	9.475608e+04	6.046129e-04
	281	121	43.250000	43.250000	1.016515e+05	-2.353962e-05
2022	2	16	3	6
	67	59	-10.250000	58.750000	9.456575e+04	4.685918e-04
	197	59	22.250000	58.750000	9.950373e+04	4.086724e-05
	116	124	2.000000	42.500000	1.023685e+05	-1.965052e-05
2022	2	16	3	12
	84	59	-6.000000	58.750000	9.516418e+04	4.450648e-04
	0	111	-27.000000	45.750000	1.007708e+05	9.083842e-05
	279	120	42.750000	43.500000	1.012549e+05	4.244466e-05
2022	2	16	4	18
	92	55	-4.000000	59.750000	9.584317e+04	1.854669e-04
	108	60	0.000000	58.500000	9.584317e+04	3.448078e-04
	147	60	9.750000	58.500000	9.662173e+04	3.223443e-04
	14	102	-23.500000	48.000000	1.001633e+05	2.037146e-04
2022	2	17	3	0
	153	58	11.250000	59.000000	9.665643e+04	2.497887e-04
	131	63	5.750000	57.750000	9.660037e+04	2.613287e-04
	33	95	-18.750000	49.750000	1.001045e+05	2.225131e-04
2022	2	17	8	6
	0	30	-27.000000	66.000000	9.930027e+04	7.053006e-05
	288	40	45.000000	63.500000	1.004350e+05	2.001419e-05
	130	41	5.500000	63.250000	9.795953e+04	6.749074e-05
	152	65	11.000000	57.250000	9.704670e+04	2.048168e-04
	26	86	-20.500000	52.000000	1.003719e+05	1.003747e-04
	55	91	-13.250000	50.750000	1.003078e+05	1.564516e-04
	114	125	1.500000	42.250000	1.020946e+05	-2.360934e-05
	246	150	34.500000	36.000000	1.010373e+05	9.072185e-05
2022	2	17	4	12
	131	38	5.750000	64.000000	9.826747e+04	1.471015e-04
	52	39	-14.000000	63.750000	9.915051e+04	1.823595e-04
	172	66	16.000000	57.000000	9.751223e+04	1.176966e-04
	156	109	12.000000	46.250000	1.006189e+05	6.723284e-05
2022	2	17	4	18
	131	36	5.750000	64.500000	9.855502e+04	1.542028e-04
	57	38	-12.750000	64.000000	9.918344e+04	1.669965e-04
	185	68	19.250000	56.500000	9.777920e+04	1.993890e-04
	5	97	-25.750000	49.250000	9.734816e+04	5.381154e-04
2022	2	18	6	0
	236	1	32.000000	73.250000	9.987145e+04	5.171597e-05
	137	35	7.250000	64.750000	9.900193e+04	1.632251e-04
	62	36	-11.500000	64.500000	9.915678e+04	1.846652e-04
	196	71	22.000000	55.750000	9.814790e+04	1.954672e-04
	28	81	-20.000000	53.250000	9.643121e+04	4.880252e-04
	157	109	12.250000	46.250000	1.007406e+05	5.506682e-06
2022	2	18	8	6
	246	0	34.500000	73.500000	9.983950e+04	3.420495e-05
	280	14	43.000000	70.000000	9.976952e+04	9.571185e-05
	281	14	43.250000	70.000000	9.976952e+04	9.843159e-05
	62	33	-11.500000	65.250000	9.865577e+04	2.284360e-04
	0	45	-27.000000	62.250000	9.827080e+04	8.292548e-05
	49	66	-14.750000	57.000000	9.491955e+04	2.342947e-04
	203	74	23.750000	55.000000	9.874516e+04	2.152859e-04
	115	124	1.750000	42.500000	1.016377e+05	-2.145754e-06
2022	2	18	5	12
	259	0	37.750000	73.500000	9.990752e+04	4.330467e-05
	6	7	-25.500000	71.750000	9.959448e+04	-7.156649e-05
	66	57	-10.500000	59.250000	9.442736e+04	2.335593e-04
	280	120	43.000000	43.500000	9.948236e+04	4.449547e-05
	235	136	31.750000	39.500000	9.959703e+04	5.583337e-05
2022	2	18	5	18
	279	0	42.750000	73.500000	9.990614e+04	-1.614284e-05
	6	7	-25.500000	71.750000	9.934790e+04	-6.729749e-05
	86	50	-5.500000	61.000000	9.437189e+04	2.558154e-04
	257	96	37.250000	49.500000	9.976521e+04	1.540620e-04
	243	145	33.750000	37.250000	9.918384e+04	1.050307e-04
2022	2	19	6	0
	6	7	-25.500000	71.750000	9.939513e+04	-6.228899e-05
	23	26	-21.250000	67.000000	9.830648e+04	1.751214e-04
	105	45	-0.750000	62.250000	9.460475e+04	3.273883e-04
	0	63	-27.000000	57.750000	9.711530e+04	1.365101e-04
	254	93	36.500000	50.250000	1.001116e+05	1.322292e-04
	247	146	34.750000	37.000000	9.858658e+04	2.122348e-04
2022	2	19	5	6
	6	7	-25.500000	71.750000	9.952686e+04	-2.545115e-05
	115	41	1.750000	63.250000	9.492288e+04	4.733688e-04
	0	61	-27.000000	58.250000	9.805088e+04	1.586004e-04
	29	63	-19.750000	57.750000	9.681441e+04	2.348302e-04
	250	144	35.500000	37.500000	9.880416e+04	1.619212e-04
2022	2	19	5	12
	131	40	5.750000	63.500000	9.560854e+04	3.973288e-04
	132	40	6.000000	63.500000	9.560854e+04	3.850669e-04
	40	62	-17.000000	58.000000	9.704709e+04	2.265314e-04
	275	128	41.750000	41.500000	9.948275e+04	1.645989e-05
	248	146	35.000000	37.000000	9.916012e+04	6.731452e-05
2022	2	19	7	18
	6	7	-25.500000	71.750000	9.977540e+04	-1.293378e-05
	149	37	10.250000	64.250000	9.639867e+04	2.985618e-04
	62	52	-11.500000	60.500000	9.722683e+04	1.749777e-04
	69	66	-9.750000	57.000000	9.705159e+04	3.260827e-04
	269	122	40.250000	43.000000	1.000143e+05	-2.263518e-05
	104	133	-1.000000	40.250000	1.012157e+05	5.145067e-06
	252	148	36.000000	36.500000	9.993888e+04	1.792647e-04
2022	2	20	9	0
	166	26	14.500000	67.000000	9.729838e+04	3.189685e-05
	175	38	16.750000	64.000000	9.727309e+04	2.230357e-04
	88	56	-5.000000	59.500000	9.762141e+04	7.376944e-05
	90	65	-4.500000	57.250000	9.762141e+04	2.051193e-04
	279	120	42.750000	43.500000	1.005197e+05	-4.318147e-05
	263	123	38.750000	42.750000	1.005361e+05	9.798812e-05
	284	139	44.000000	38.750000	1.005042e+05	3.047231e-05
	256	151	37.000000	35.750000	1.004440e+05	1.449738e-04
	287	157	44.750000	34.250000	1.005199e+05	1.128760e-04
