2022	2	10	6	0
	167	10	14.750000	71.000000	9.668720e+04	4.914370e-05
	148	23	10.000000	67.750000	9.650628e+04	4.959787e-04
	59	56	-12.250000	59.500000	9.849308e+04	5.524293e-04
	152	106	11.000000	47.000000	1.022040e+05	-3.815770e-05
	139	110	7.750000	46.000000	1.022040e+05	-7.277814e-05
	247	156	34.750000	34.500000	1.008123e+05	1.448328e-04
2022	2	10	7	6
	174	5	16.500000	72.250000	9.711373e+04	1.742872e-04
	8	6	-25.000000	72.000000	1.003595e+05	-2.458435e-05
	168	13	15.000000	70.250000	9.691988e+04	7.864067e-05
	165	24	14.250000	67.500000	9.691988e+04	3.266681e-04
	77	59	-7.750000	58.750000	9.895509e+04	4.964205e-04
	152	106	11.000000	47.000000	1.020817e+05	-4.523689e-05
	250	152	35.500000	35.500000	1.010401e+05	1.048052e-04
2022	2	10	8	12
	210	1	25.500000	73.250000	9.726113e+04	2.584737e-05
	174	5	16.500000	72.250000	9.726113e+04	2.173170e-04
	24	21	-21.000000	68.250000	1.003176e+05	7.746623e-05
	192	28	21.000000	66.500000	9.762278e+04	1.658986e-04
	92	63	-4.000000	57.750000	9.995241e+04	4.218465e-04
	137	117	7.250000	44.250000	1.021915e+05	1.150182e-04
	282	139	43.500000	38.750000	1.010107e+05	5.702173e-06
	280	151	43.000000	35.750000	1.010034e+05	1.121467e-04
2022	2	10	8	18
	212	0	26.000000	73.500000	9.744734e+04	3.161202e-05
	9	6	-24.750000	72.000000	1.001247e+05	-1.853536e-05
	185	6	19.250000	72.000000	9.744734e+04	2.121049e-04
	9	14	-24.750000	70.000000	9.996652e+04	-6.208308e-06
	44	17	-16.000000	69.250000	9.996063e+04	1.129393e-04
	108	69	0.000000	56.250000	1.005448e+05	3.060244e-04
	277	148	42.250000	36.500000	1.012498e+05	6.259796e-05
	87	156	-5.250000	34.500000	1.021056e+05	2.391837e-05
2022	2	11	6	0
	215	0	26.750000	73.500000	9.764963e+04	3.857535e-05
	196	8	22.000000	71.500000	9.764963e+04	1.876053e-04
	59	14	-12.250000	70.000000	9.956684e+04	1.509823e-04
	0	72	-27.000000	55.500000	9.977129e+04	1.230435e-04
	117	75	2.250000	54.750000	1.011828e+05	2.841134e-04
	117	76	2.250000	54.500000	1.011828e+05	2.848820e-04
2022	2	11	4	6
	217	0	27.250000	73.500000	9.793659e+04	4.601873e-06
	212	9	26.000000	71.250000	9.793659e+04	2.101642e-04
	65	14	-10.750000	70.000000	9.950961e+04	1.525888e-04
	2	61	-26.500000	58.250000	9.920422e+04	1.307330e-04
2022	2	11	7	12
	223	0	28.750000	73.500000	9.840291e+04	-1.926530e-05
	224	0	29.000000	73.500000	9.840291e+04	-1.039058e-05
	228	11	30.000000	70.750000	9.840291e+04	1.611622e-04
	229	11	30.250000	70.750000	9.840291e+04	1.374525e-04
	109	16	0.250000	69.500000	9.972346e+04	8.721021e-05
	80	18	-7.000000	69.000000	9.972346e+04	1.577357e-04
	135	119	6.750000	43.750000	1.018735e+05	1.191272e-04
2022	2	11	6	18
	237	13	32.250000	70.250000	9.858285e+04	1.229443e-04
	133	20	6.250000	68.500000	9.915404e+04	2.030470e-04
	35	54	-18.250000	60.000000	9.871027e+04	1.525811e-04
	12	62	-24.000000	58.000000	9.867322e+04	1.193373e-04
	281	79	43.250000	53.750000	1.002925e+05	1.486389e-04
	136	122	7.000000	43.000000	1.018400e+05	1.014760e-04
2022	2	12	5	0
	247	6	34.750000	72.000000	9.875868e+04	4.817831e-05
	244	15	34.000000	69.750000	9.875868e+04	1.566028e-05
	143	23	8.750000	67.750000	9.926145e+04	2.907959e-04
	31	50	-19.250000	61.000000	9.836097e+04	2.208381e-04
	134	125	6.500000	42.250000	1.019337e+05	1.454525e-04
2022	2	12	5	6
	264	12	39.000000	70.500000	9.884257e+04	3.706591e-05
	160	25	13.000000	67.250000	9.944747e+04	2.153511e-04
	23	53	-21.250000	60.250000	9.815594e+04	2.340660e-04
	45	54	-15.750000	60.000000	9.815594e+04	1.548753e-04
	133	131	6.250000	40.750000	1.019412e+05	2.192452e-04
2022	2	12	3	12
	275	7	41.750000	71.750000	9.897566e+04	8.423493e-05
	263	18	38.750000	69.000000	9.897566e+04	4.640602e-05
	52	51	-14.000000	60.750000	9.803147e+04	1.771977e-04
2022	2	12	3	18
	281	3	43.250000	72.750000	9.906172e+04	8.754607e-05
	65	49	-10.750000	61.250000	9.793601e+04	1.459501e-04
	136	134	7.000000	40.000000	1.019876e+05	1.540872e-04
2022	2	13	3	0
	185	0	19.250000	73.500000	9.891274e+04	7.901317e-05
	71	48	-9.250000	61.500000	9.800461e+04	1.757141e-04
	136	135	7.000000	39.750000	1.020578e+05	1.335575e-04
2022	2	13	3	6
	71	54	-9.250000	60.000000	9.797815e+04	1.090304e-04
	72	54	-9.000000	60.000000	9.797815e+04	9.176764e-05
	139	135	7.750000	39.750000	1.019116e+05	1.295419e-04
2022	2	13	5	12
	176	0	17.000000	73.500000	9.906427e+04	5.498948e-05
	218	0	27.500000	73.500000	9.906427e+04	8.930136e-05
	8	6	-25.000000	72.000000	9.946237e+04	1.160791e-05
	6	14	-25.500000	70.000000	9.946237e+04	5.515082e-05
	77	57	-7.750000	59.250000	9.818965e+04	6.874472e-05
2022	2	13	1	18
	94	53	-3.500000	60.250000	9.823846e+04	1.126538e-04
2022	2	14	6	0
	223	2	28.750000	73.000000	9.929477e+04	7.441572e-05
	224	2	29.000000	73.000000	9.929477e+04	7.533148e-05
	6	14	-25.500000	70.000000	9.945708e+04	6.045733e-05
	216	31	27.000000	65.750000	9.910386e+04	1.192292e-04
	95	54	-3.250000	60.000000	9.838527e+04	1.346114e-04
	122	54	3.500000	60.000000	9.834568e+04	1.738548e-04
2022	2	14	3	6
	7	6	-25.250000	72.000000	9.942375e+04	3.105134e-05
	6	14	-25.500000	70.000000	9.942375e+04	8.357315e-06
	126	53	4.500000	60.250000	9.840173e+04	1.266843e-04
2022	2	14	4	12
	249	0	35.250000	73.500000	9.919461e+04	6.656467e-05
	0	50	-27.000000	61.000000	9.789230e+04	1.158907e-04
	127	52	4.750000	60.500000	9.871987e+04	1.091464e-04
	139	120	7.750000	43.500000	1.009103e+05	1.626221e-04
2022	2	14	4	18
	6	7	-25.500000	71.750000	9.924773e+04	3.245279e-05
	127	51	4.750000	60.750000	9.889001e+04	9.782028e-05
	144	51	9.000000	60.750000	9.889001e+04	2.460581e-05
	146	119	9.500000	43.750000	1.007886e+05	1.414703e-04
2022	2	15	7	0
	6	14	-25.500000	70.000000	9.852385e+04	-1.431554e-05
	27	39	-20.250000	63.750000	9.710805e+04	3.196767e-05
	0	40	-27.000000	63.500000	9.709884e+04	1.047043e-04
	145	52	9.250000	60.500000	9.906112e+04	1.595215e-05
	158	115	12.500000	44.750000	1.009223e+05	1.125162e-04
	280	121	43.000000	43.250000	1.015768e+05	2.922310e-05
	273	130	41.250000	41.000000	1.015768e+05	4.241958e-05
2022	2	15	9	6
	0	36	-27.000000	64.500000	9.667545e+04	1.106146e-04
	35	36	-18.250000	64.500000	9.680912e+04	6.393302e-05
	157	49	12.250000	61.250000	9.924891e+04	2.496950e-05
	144	55	9.000000	59.750000	9.924891e+04	6.067230e-05
	0	72	-27.000000	55.500000	9.705532e+04	1.112875e-04
	161	114	13.250000	45.000000	1.009772e+05	1.204292e-04
	280	121	43.000000	43.250000	1.016513e+05	3.568940e-06
	169	125	15.250000	42.250000	1.009615e+05	9.165562e-05
	273	130	41.250000	41.000000	1.016513e+05	4.727693e-05
2022	2	15	6	12
	258	10	37.500000	71.000000	9.982872e+04	8.365478e-05
	0	31	-27.000000	65.750000	9.643670e+04	1.103663e-04
	0	46	-27.000000	62.000000	9.661527e+04	1.875196e-05
	12	62	-24.000000	58.000000	9.470021e+04	6.477172e-04
	279	120	42.750000	43.500000	1.016712e+05	1.174236e-05
	175	122	16.750000	43.000000	1.010170e+05	7.658240e-05
2022	2	15	4	18
	0	39	-27.000000	63.750000	9.640730e+04	1.829067e-05
	39	55	-17.250000	59.750000	9.368094e+04	4.872006e-04
	188	119	20.000000	43.750000	1.012481e+05	6.913296e-05
	281	121	43.250000	43.250000	1.018535e+05	-9.002195e-06
2022	2	16	3	0
	50	46	-14.500000	62.000000	9.291747e+04	5.495817e-04
	281	121	43.250000	43.250000	1.017955e+05	-3.315570e-05
	205	122	24.250000	43.000000	1.014176e+05	-2.921784e-06
2022	2	16	4	6
	62	42	-11.500000	63.000000	9.277261e+04	4.272203e-04
	281	121	43.250000	43.250000	1.019280e+05	-1.947797e-05
	273	130	41.250000	41.000000	1.018647e+05	-1.001004e-05
	206	133	24.500000	40.250000	1.012486e+05	7.727481e-05
2022	2	16	4	12
	67	37	-10.250000	64.250000	9.361782e+04	4.422917e-04
	136	116	7.000000	44.500000	1.022748e+05	8.316811e-05
	277	120	42.250000	43.500000	1.016387e+05	-1.963686e-05
	209	131	25.250000	40.750000	1.012177e+05	8.297703e-05
2022	2	16	3	18
	69	33	-9.750000	65.250000	9.403847e+04	4.648658e-04
	166	48	14.500000	61.500000	9.770961e+04	1.977411e-04
	206	134	24.500000	40.000000	1.013655e+05	1.037641e-04
2022	2	17	2	0
	73	30	-8.750000	66.000000	9.420292e+04	4.783167e-04
	178	45	17.500000	62.250000	9.782370e+04	2.228593e-04
2022	2	17	4	6
	288	27	45.000000	66.750000	1.006675e+05	2.232932e-05
	70	29	-9.500000	66.250000	9.446519e+04	4.378222e-04
	0	34	-27.000000	65.000000	9.679030e+04	1.122921e-04
	184	38	19.000000	64.000000	9.807695e+04	2.255673e-04
2022	2	17	5	12
	73	29	-8.750000	66.250000	9.478959e+04	4.263962e-04
	190	32	20.500000	65.500000	9.812144e+04	8.873699e-05
	190	33	20.500000	65.250000	9.816064e+04	9.701536e-05
	0	35	-27.000000	64.750000	9.746302e+04	8.079917e-05
	120	68	3.000000	56.500000	9.880396e+04	2.829676e-04
2022	2	17	3	18
	81	27	-6.750000	66.750000	9.520044e+04	4.230593e-04
	155	74	11.750000	55.000000	9.903251e+04	2.409677e-04
	1	94	-26.750000	50.000000	9.838390e+04	1.890981e-04
2022	2	18	4	0
	92	25	-4.000000	67.250000	9.567381e+04	4.105946e-04
	16	82	-23.000000	53.000000	9.787427e+04	3.790043e-04
	189	87	20.250000	51.750000	9.962427e+04	2.291442e-04
	115	124	1.750000	42.500000	1.023336e+05	2.029405e-06
2022	2	18	4	6
	6	7	-25.500000	71.750000	9.901957e+04	-7.031047e-05
	108	23	0.000000	67.750000	9.618286e+04	3.424678e-04
	33	68	-18.750000	56.500000	9.679991e+04	4.624990e-04
	215	111	26.750000	45.750000	9.969504e+04	-1.753534e-05
2022	2	18	6	12
	129	19	5.250000	68.750000	9.673542e+04	3.539498e-04
	0	54	-27.000000	60.000000	9.751615e+04	4.169828e-05
	45	60	-15.750000	58.500000	9.580984e+04	6.350367e-04
	229	111	30.250000	45.750000	9.975325e+04	1.662429e-04
	215	112	26.750000	45.500000	9.975325e+04	-7.434965e-05
	275	119	41.750000	43.750000	1.006171e+05	-5.717166e-05
2022	2	18	7	18
	151	15	10.750000	69.750000	9.715666e+04	3.242804e-04
	69	48	-9.750000	61.500000	9.442677e+04	2.195718e-04
	1	50	-26.750000	61.000000	9.721703e+04	1.569369e-04
	261	84	38.250000	52.500000	1.006404e+05	1.026963e-04
	234	114	31.500000	45.000000	1.002396e+05	1.137486e-04
	216	145	27.000000	37.250000	1.001906e+05	1.788741e-04
	208	150	25.000000	36.000000	1.001906e+05	1.327742e-04
2022	2	19	8	0
	288	0	45.000000	73.500000	9.972562e+04	2.396700e-06
	168	8	15.000000	71.500000	9.726564e+04	2.209415e-04
	98	35	-2.500000	64.750000	9.381541e+04	3.594148e-04
	10	49	-24.500000	61.250000	9.728485e+04	2.546641e-04
	263	82	38.750000	53.000000	1.006951e+05	1.340247e-04
	237	118	32.250000	44.000000	1.005334e+05	1.108324e-04
	218	147	27.500000	36.750000	9.977776e+04	1.923387e-04
	282	162	43.500000	33.000000	1.005208e+05	4.467083e-05
2022	2	19	5	6
	108	28	0.000000	66.500000	9.351727e+04	4.415674e-04
	31	49	-19.250000	61.250000	9.753300e+04	1.953662e-04
	266	80	39.500000	53.500000	1.008025e+05	1.535398e-04
	281	147	43.250000	36.750000	1.007625e+05	3.791002e-05
	221	151	28.250000	35.750000	9.940611e+04	2.633242e-04
2022	2	19	5	12
	133	21	6.250000	68.250000	9.391635e+04	3.450595e-04
	269	78	40.250000	54.000000	1.010850e+05	9.163727e-05
	117	124	2.250000	42.500000	1.019706e+05	6.790213e-05
	224	147	29.000000	36.750000	9.921226e+04	7.037666e-05
	223	155	28.750000	34.750000	9.921226e+04	2.642724e-04
2022	2	19	2	18
	146	17	9.500000	69.250000	9.423194e+04	3.393865e-04
	225	156	29.250000	34.500000	9.936848e+04	2.585240e-04
2022	2	20	6	0
	288	3	45.000000	72.750000	9.807126e+04	6.967454e-05
	10	6	-24.500000	72.000000	9.891823e+04	-4.842361e-05
	166	12	14.500000	70.500000	9.460358e+04	3.520229e-04
	235	147	31.750000	36.750000	9.984028e+04	-4.481241e-05
	223	149	28.750000	36.250000	9.968680e+04	-1.345104e-05
	228	162	30.000000	33.000000	9.962878e+04	1.877405e-04
