2022	2	16	7	0
	288	11	45.000000	70.750000	9.875696e+04	1.022058e-04
	53	38	-13.750000	64.000000	9.769486e+04	2.723767e-04
	184	43	19.000000	62.750000	9.895202e+04	1.565634e-04
	120	53	3.000000	60.250000	9.800363e+04	1.789768e-04
	65	67	-10.750000	56.750000	9.726095e+04	3.074273e-04
	171	120	15.750000	43.500000	1.014250e+05	3.068024e-05
	280	121	43.000000	43.250000	1.021438e+05	3.701069e-05
2022	2	16	3	3
	124	52	4.000000	60.500000	9.796791e+04	1.753385e-04
	73	66	-8.750000	57.000000	9.721899e+04	2.555751e-04
	280	121	43.000000	43.250000	1.021116e+05	3.463421e-05
2022	2	16	2	6
	83	65	-6.250000	57.250000	9.741055e+04	2.649128e-04
	99	68	-2.250000	56.500000	9.741055e+04	2.023932e-04
2022	2	16	5	9
	59	55	-12.250000	59.750000	9.759162e+04	7.512756e-05
	49	62	-14.750000	58.000000	9.756456e+04	5.931671e-05
	94	65	-3.500000	57.250000	9.759345e+04	1.855584e-04
	47	71	-15.250000	55.750000	9.756456e+04	1.998723e-04
	182	134	18.500000	40.000000	1.014708e+05	1.584383e-04
2022	2	16	5	12
	56	61	-13.000000	58.250000	9.698851e+04	5.824140e-05
	107	64	-0.250000	57.500000	9.748459e+04	2.137181e-04
	64	68	-11.000000	56.500000	9.698851e+04	2.634263e-04
	184	128	19.000000	41.500000	1.012039e+05	1.090336e-04
	184	138	19.000000	39.000000	1.012039e+05	1.534386e-04
2022	2	16	5	15
	115	64	1.750000	57.500000	9.726688e+04	1.649208e-04
	77	67	-7.750000	56.750000	9.658304e+04	3.700278e-04
	136	114	7.000000	45.000000	1.010476e+05	1.165444e-05
	183	127	18.750000	41.750000	1.010557e+05	1.171019e-04
	185	137	19.250000	39.250000	1.010557e+05	1.681281e-04
2022	2	16	4	18
	119	64	2.750000	57.500000	9.701253e+04	1.505737e-04
	91	66	-4.250000	57.000000	9.689105e+04	3.020534e-04
	280	121	43.000000	43.250000	1.021423e+05	-1.786138e-05
	186	137	19.500000	39.250000	1.010977e+05	1.368696e-04
2022	2	16	4	21
	122	63	3.500000	57.750000	9.676593e+04	2.039585e-04
	137	117	7.250000	44.250000	1.011196e+05	5.470956e-05
	281	121	43.250000	43.250000	1.020713e+05	-4.284578e-05
	187	137	19.750000	39.250000	1.011250e+05	8.390477e-05
2022	2	17	5	0
	288	9	45.000000	71.250000	9.909766e+04	1.083383e-04
	126	64	4.500000	57.500000	9.670648e+04	1.937512e-04
	144	65	9.000000	57.250000	9.670648e+04	1.744557e-04
	278	120	42.500000	43.500000	1.019577e+05	-4.469340e-05
	187	137	19.750000	39.250000	1.011518e+05	7.186171e-05
2022	2	17	5	3
	172	67	16.000000	56.750000	9.659900e+04	1.394976e-04
	0	113	-27.000000	45.250000	1.008684e+05	1.076072e-04
	138	117	7.500000	44.250000	1.008126e+05	7.075752e-05
	278	121	42.500000	43.250000	1.016746e+05	-3.103554e-05
	185	137	19.250000	39.250000	1.010852e+05	9.666978e-05
2022	2	17	4	6
	197	57	22.250000	59.250000	9.632245e+04	1.678127e-04
	188	67	20.000000	56.750000	9.632245e+04	1.803478e-04
	0	106	-27.000000	47.000000	9.976509e+04	1.433835e-04
	279	121	42.750000	43.250000	1.016476e+05	-2.894043e-05
2022	2	17	3	9
	199	63	22.750000	57.750000	9.622363e+04	1.311215e-04
	4	101	-26.000000	48.250000	9.885426e+04	3.429797e-04
	278	120	42.500000	43.500000	1.015559e+05	-3.185530e-05
2022	2	17	3	12
	204	60	24.000000	58.500000	9.616677e+04	1.703486e-04
	10	97	-24.500000	49.250000	9.828824e+04	4.902224e-04
	273	119	41.250000	43.750000	1.011556e+05	-2.099735e-05
2022	2	17	2	15
	209	59	25.250000	58.750000	9.621816e+04	1.333665e-04
	20	95	-22.000000	49.750000	9.777088e+04	5.281397e-04
2022	2	17	5	18
	288	28	45.000000	66.500000	9.877155e+04	9.701609e-05
	0	38	-27.000000	64.000000	9.919193e+04	1.251214e-06
	216	54	27.000000	60.000000	9.628490e+04	1.752277e-04
	33	58	-18.750000	59.000000	9.914343e+04	1.720162e-04
	30	86	-19.500000	52.000000	9.727691e+04	4.734258e-04
2022	2	17	5	21
	288	25	45.000000	67.250000	9.864628e+04	1.075096e-04
	219	52	27.750000	60.500000	9.633218e+04	2.048910e-04
	34	55	-18.500000	59.750000	9.883100e+04	2.182187e-04
	41	82	-16.750000	53.000000	9.677597e+04	4.819359e-04
	162	120	13.500000	43.500000	1.009772e+05	-6.532877e-05
2022	2	18	4	0
	147	20	9.750000	68.500000	9.827212e+04	7.536131e-05
	221	47	28.250000	61.750000	9.636959e+04	2.008812e-04
	35	53	-18.250000	60.250000	9.849988e+04	1.904139e-04
	54	78	-13.500000	54.000000	9.644256e+04	3.820980e-04
2022	2	18	4	3
	143	22	8.750000	68.000000	9.825966e+04	5.357689e-05
	223	45	28.750000	62.250000	9.641017e+04	1.353013e-04
	31	50	-19.250000	61.000000	9.814077e+04	2.452997e-04
	63	76	-11.250000	54.500000	9.624917e+04	3.893634e-04
2022	2	18	7	6
	139	23	7.750000	67.750000	9.817999e+04	4.919945e-05
	225	44	29.250000	62.500000	9.648315e+04	1.268957e-04
	226	44	29.500000	62.500000	9.648315e+04	1.223557e-04
	30	49	-19.500000	61.250000	9.777406e+04	3.435638e-04
	74	74	-8.500000	55.000000	9.637019e+04	3.023764e-04
	134	119	6.500000	43.750000	1.014819e+05	1.022228e-04
	144	124	9.000000	42.500000	1.014819e+05	3.834238e-05
2022	2	18	4	9
	137	23	7.250000	67.750000	9.807980e+04	9.408687e-05
	231	41	30.750000	63.250000	9.660280e+04	1.165684e-04
	30	47	-19.500000	61.750000	9.765016e+04	3.846192e-04
	97	71	-2.750000	55.750000	9.653515e+04	1.962546e-04
2022	2	18	6	12
	6	7	-25.500000	71.750000	1.003492e+05	-3.105570e-05
	236	36	32.000000	64.500000	9.672215e+04	8.507308e-05
	30	46	-19.500000	62.000000	9.769531e+04	3.895795e-04
	110	67	0.500000	56.750000	9.647403e+04	2.811839e-04
	241	128	33.250000	41.500000	1.005003e+05	-2.890813e-05
	229	135	30.250000	39.750000	1.005003e+05	3.819381e-05
2022	2	18	4	15
	6	7	-25.500000	71.750000	1.003828e+05	-3.247611e-05
	241	33	33.250000	65.250000	9.678661e+04	8.755732e-05
	29	45	-19.750000	62.250000	9.770671e+04	3.616993e-04
	124	65	4.000000	57.250000	9.639041e+04	2.732029e-04
2022	2	18	6	18
	6	7	-25.500000	71.750000	1.003728e+05	-2.064268e-05
	245	29	34.250000	66.250000	9.676943e+04	1.159290e-04
	27	44	-20.250000	62.500000	9.761063e+04	3.348389e-04
	134	64	6.500000	57.500000	9.639452e+04	2.485455e-04
	216	146	27.000000	37.000000	1.007772e+05	1.827068e-04
	216	147	27.000000	36.750000	1.007772e+05	1.718987e-04
2022	2	18	4	21
	6	7	-25.500000	71.750000	1.003700e+05	-1.464946e-05
	246	28	34.500000	66.500000	9.679071e+04	1.598336e-04
	24	43	-21.000000	62.750000	9.761093e+04	3.055063e-04
	143	64	8.750000	57.500000	9.655263e+04	2.977515e-04
2022	2	19	6	0
	6	7	-25.500000	71.750000	1.003647e+05	-3.745186e-06
	136	26	7.000000	67.000000	9.784157e+04	4.781539e-05
	247	26	34.750000	67.000000	9.687205e+04	1.497089e-04
	23	42	-21.250000	63.000000	9.757414e+04	3.093565e-04
	155	64	11.750000	57.500000	9.686187e+04	2.431339e-04
	136	116	7.000000	44.500000	1.014852e+05	8.762345e-05
2022	2	19	6	3
	6	7	-25.500000	71.750000	1.003244e+05	7.725866e-06
	139	23	7.750000	67.750000	9.787426e+04	6.751315e-05
	247	25	34.750000	67.250000	9.694336e+04	9.559951e-05
	22	41	-21.500000	63.250000	9.772268e+04	2.862799e-04
	172	63	16.000000	57.750000	9.706574e+04	1.382661e-04
	137	117	7.250000	44.250000	1.013817e+05	9.185045e-05
2022	2	19	7	6
	255	18	36.750000	69.000000	9.707380e+04	8.590677e-05
	144	22	9.000000	68.000000	9.797141e+04	6.409278e-05
	19	40	-22.250000	63.500000	9.797703e+04	2.490427e-04
	189	59	20.250000	58.750000	9.727661e+04	1.287469e-04
	55	61	-13.250000	58.250000	9.847053e+04	1.882961e-04
	150	109	10.500000	46.250000	1.015355e+05	-2.052906e-06
	137	117	7.250000	44.250000	1.014318e+05	8.888266e-05
2022	2	19	8	9
	252	19	36.000000	68.750000	9.724575e+04	8.491572e-05
	142	22	8.500000	68.000000	9.811097e+04	7.984420e-05
	271	24	40.750000	67.500000	9.724575e+04	1.187185e-04
	17	40	-22.750000	63.500000	9.825008e+04	2.370849e-04
	200	57	23.000000	59.250000	9.748474e+04	1.177188e-04
	200	58	23.000000	59.000000	9.748474e+04	1.108084e-04
	68	60	-10.000000	58.500000	9.837292e+04	2.203994e-04
	269	162	40.250000	33.000000	1.006466e+05	7.448569e-05
2022	2	19	8	12
	6	7	-25.500000	71.750000	1.003250e+05	1.842669e-05
	250	20	35.500000	68.500000	9.744294e+04	1.010565e-04
	150	24	10.500000	67.500000	9.825312e+04	2.854769e-05
	13	39	-23.750000	63.750000	9.844241e+04	1.943047e-04
	216	55	27.000000	59.750000	9.773120e+04	9.865942e-05
	75	59	-8.250000	58.750000	9.832321e+04	2.747474e-04
	266	162	39.500000	33.000000	1.005236e+05	6.465399e-05
	278	162	42.500000	33.000000	1.005236e+05	8.166170e-05
2022	2	19	9	15
	6	7	-25.500000	71.750000	1.002470e+05	1.390547e-05
	284	19	44.000000	68.750000	9.760956e+04	1.214167e-04
	285	19	44.250000	68.750000	9.760956e+04	1.079312e-04
	248	21	35.000000	68.250000	9.759148e+04	8.981930e-05
	156	25	12.000000	67.250000	9.834191e+04	5.422450e-05
	226	54	29.500000	60.000000	9.789797e+04	1.223469e-04
	82	60	-6.500000	58.500000	9.855020e+04	3.178748e-04
	279	159	42.750000	33.750000	1.007484e+05	1.333261e-04
	268	162	40.000000	33.000000	1.007484e+05	5.962411e-05
2022	2	19	6	18
	244	21	34.000000	68.250000	9.773621e+04	9.706280e-05
	158	25	12.500000	67.250000	9.844027e+04	8.739987e-05
	234	53	31.500000	60.250000	9.805411e+04	1.151955e-04
	0	54	-27.000000	60.000000	9.681534e+04	1.042619e-04
	93	58	-3.750000	59.000000	9.895232e+04	1.669572e-04
	277	160	42.250000	33.500000	1.009888e+05	8.772144e-05
2022	2	19	8	21
	6	7	-25.500000	71.750000	1.000637e+05	-1.239971e-05
	263	19	38.750000	68.750000	9.786620e+04	6.298778e-05
	240	23	33.000000	67.750000	9.786620e+04	1.209105e-04
	160	25	13.000000	67.250000	9.849577e+04	9.322391e-05
	0	50	-27.000000	61.000000	9.615583e+04	1.263453e-04
	243	53	33.750000	60.250000	9.818745e+04	1.072164e-04
	268	145	40.000000	37.250000	1.011623e+05	-6.354380e-06
	278	157	42.500000	34.250000	1.010817e+05	1.344978e-04
2022	2	20	8	0
	262	20	38.500000	68.500000	9.797292e+04	4.920760e-05
	263	20	38.750000	68.500000	9.797292e+04	4.760358e-05
	238	24	32.500000	67.500000	9.797292e+04	1.275424e-04
	160	25	13.000000	67.250000	9.866483e+04	7.790161e-05
	0	51	-27.000000	60.750000	9.575294e+04	1.352410e-04
	73	149	-8.750000	36.250000	1.020483e+05	1.063935e-04
	279	157	42.750000	34.250000	1.011231e+05	1.028062e-04
	86	162	-5.500000	33.000000	1.019784e+05	-1.347986e-05
