2022	2	16	5	0
	53	39	-13.750000	63.750000	9.723770e+04	3.331359e-04
	185	43	19.250000	62.750000	9.894806e+04	1.712278e-04
	118	55	2.500000	59.750000	9.795346e+04	2.708404e-04
	65	68	-10.750000	56.500000	9.713355e+04	3.384557e-04
	280	121	43.000000	43.250000	1.020465e+05	2.245714e-05
2022	2	16	7	3
	47	38	-15.250000	64.000000	9.733530e+04	2.911915e-04
	24	40	-21.000000	63.500000	9.733530e+04	-3.288398e-05
	189	42	20.250000	63.000000	9.897862e+04	1.172178e-04
	124	55	4.000000	59.750000	9.790512e+04	2.604690e-04
	77	67	-7.750000	56.750000	9.715270e+04	3.132398e-04
	92	70	-4.000000	56.000000	9.715270e+04	2.174153e-04
	280	121	43.000000	43.250000	1.021788e+05	2.931863e-05
2022	2	16	2	6
	43	35	-16.250000	64.750000	9.766202e+04	2.784815e-04
	99	68	-2.250000	56.500000	9.736266e+04	2.500683e-04
2022	2	16	6	9
	116	34	2.000000	65.000000	9.783640e+04	1.797147e-04
	124	46	4.000000	62.000000	9.783153e+04	8.367234e-05
	44	61	-16.000000	58.250000	9.773195e+04	1.021492e-04
	111	67	0.750000	56.750000	9.731948e+04	2.790971e-04
	279	120	42.750000	43.500000	1.021744e+05	2.833673e-05
	182	134	18.500000	40.000000	1.014878e+05	1.343615e-04
2022	2	16	8	12
	20	29	-22.000000	66.250000	9.765973e+04	1.731133e-04
	110	34	0.500000	65.000000	9.766795e+04	1.821369e-04
	124	45	4.000000	62.250000	9.768117e+04	9.206734e-05
	50	61	-14.500000	58.250000	9.737909e+04	8.502704e-05
	121	67	3.250000	56.750000	9.724408e+04	2.504004e-04
	69	69	-9.750000	56.250000	9.724681e+04	2.469529e-04
	183	131	18.750000	40.750000	1.012742e+05	1.458106e-04
	183	140	18.750000	38.500000	1.012742e+05	1.546268e-04
2022	2	16	6	15
	7	28	-25.250000	66.500000	9.780645e+04	1.872795e-04
	106	35	-0.500000	64.750000	9.753613e+04	1.750380e-04
	69	55	-9.750000	59.750000	9.736966e+04	9.900007e-05
	83	67	-6.250000	56.750000	9.671044e+04	3.442061e-04
	133	68	6.250000	56.500000	9.718023e+04	2.756506e-04
	185	137	19.250000	39.250000	1.011401e+05	1.689300e-04
2022	2	16	7	18
	0	34	-27.000000	65.000000	9.806141e+04	2.471883e-05
	101	36	-1.750000	64.500000	9.747061e+04	1.751627e-04
	151	67	10.750000	56.750000	9.714982e+04	2.212999e-04
	96	68	-3.000000	56.500000	9.699505e+04	2.905618e-04
	278	120	42.500000	43.500000	1.021557e+05	-1.647385e-05
	181	127	18.250000	41.750000	1.011784e+05	9.338617e-05
	185	135	19.250000	39.750000	1.011784e+05	1.261046e-04
2022	2	16	5	21
	178	65	17.500000	57.250000	9.697544e+04	1.926730e-04
	162	67	13.500000	56.750000	9.697544e+04	2.303641e-04
	110	69	0.500000	56.250000	9.675392e+04	3.682149e-04
	137	117	7.250000	44.250000	1.011376e+05	5.308096e-05
	184	133	19.000000	40.250000	1.012384e+05	1.001650e-04
2022	2	17	4	0
	187	62	19.750000	58.000000	9.665009e+04	2.159231e-04
	173	67	16.250000	56.750000	9.665009e+04	1.665794e-04
	125	71	4.250000	55.750000	9.693180e+04	3.981196e-04
	137	116	7.250000	44.500000	1.009674e+05	6.596055e-05
2022	2	17	5	3
	288	10	45.000000	71.000000	9.900355e+04	1.129200e-04
	192	60	21.000000	58.500000	9.639330e+04	2.099886e-04
	140	72	8.000000	55.500000	9.711606e+04	3.183565e-04
	150	109	10.500000	46.250000	1.000742e+05	1.350432e-05
	138	117	7.500000	44.250000	1.008124e+05	9.628489e-05
2022	2	17	2	6
	194	59	21.500000	58.750000	9.623914e+04	2.435579e-04
	202	69	23.500000	56.250000	9.623914e+04	1.239581e-04
2022	2	17	3	9
	37	45	-17.750000	62.250000	9.875788e+04	1.535651e-04
	199	58	22.750000	59.000000	9.625799e+04	2.798109e-04
	278	120	42.500000	43.500000	1.015579e+05	-1.214820e-05
2022	2	17	3	12
	40	45	-17.000000	62.250000	9.884802e+04	1.322499e-04
	205	58	24.250000	59.000000	9.629706e+04	2.356395e-04
	23	65	-21.250000	57.250000	9.917414e+04	2.083634e-04
2022	2	17	3	15
	42	45	-16.500000	62.250000	9.887357e+04	1.520312e-04
	213	53	26.250000	60.250000	9.636350e+04	5.364720e-05
	27	62	-20.250000	58.000000	9.891659e+04	2.326753e-04
2022	2	17	5	18
	44	46	-16.000000	62.000000	9.882234e+04	1.999945e-04
	218	48	27.500000	61.500000	9.635453e+04	4.876995e-05
	31	60	-19.250000	58.500000	9.864841e+04	2.958929e-04
	34	92	-18.500000	50.500000	9.967007e+04	1.787046e-04
	278	119	42.500000	43.750000	1.011056e+05	-1.370933e-05
2022	2	17	4	21
	221	43	28.250000	62.750000	9.630482e+04	4.221451e-05
	45	47	-15.750000	61.750000	9.847904e+04	1.695360e-04
	34	58	-18.500000	59.000000	9.840166e+04	3.321558e-04
	42	87	-16.500000	51.750000	9.920044e+04	2.651975e-04
2022	2	18	4	0
	225	40	29.250000	63.500000	9.624628e+04	6.223466e-05
	45	47	-15.750000	61.750000	9.821359e+04	1.439663e-04
	37	57	-17.750000	59.250000	9.821359e+04	3.485537e-04
	48	84	-15.000000	52.500000	9.858684e+04	3.508053e-04
2022	2	18	4	3
	225	39	29.250000	63.750000	9.617711e+04	1.083576e-04
	42	48	-16.500000	61.500000	9.807600e+04	1.234804e-04
	40	58	-17.000000	59.000000	9.807600e+04	3.680424e-04
	56	82	-13.000000	53.000000	9.790375e+04	4.382262e-04
2022	2	18	5	6
	226	37	29.500000	64.250000	9.612816e+04	1.116176e-04
	39	49	-17.250000	61.250000	9.802036e+04	1.264053e-04
	46	59	-15.500000	58.750000	9.802036e+04	3.435269e-04
	62	85	-11.500000	52.250000	9.742439e+04	6.124349e-04
	138	117	7.500000	44.250000	1.013300e+05	9.253584e-05
2022	2	18	5	9
	228	35	30.000000	64.750000	9.613637e+04	1.079459e-04
	53	59	-13.750000	58.750000	9.805594e+04	3.480925e-04
	86	76	-5.500000	54.500000	9.735643e+04	2.647694e-04
	75	85	-8.250000	52.250000	9.735643e+04	5.398928e-04
	265	162	39.250000	33.000000	1.010841e+05	2.324512e-06
2022	2	18	8	12
	137	31	7.250000	65.750000	9.810322e+04	6.128877e-05
	228	34	30.000000	65.000000	9.617544e+04	1.326859e-04
	60	59	-12.000000	58.750000	9.809698e+04	3.623792e-04
	88	74	-5.000000	55.000000	9.725168e+04	2.828635e-04
	102	74	-1.500000	55.000000	9.725168e+04	1.801317e-04
	89	83	-4.750000	52.750000	9.725168e+04	4.008677e-04
	287	142	44.750000	38.000000	1.009362e+05	-4.901410e-06
	268	162	40.000000	33.000000	1.008716e+05	-1.472308e-05
2022	2	18	8	15
	143	32	8.750000	65.500000	9.812906e+04	1.043885e-04
	228	33	30.000000	65.250000	9.632306e+04	1.219195e-04
	65	59	-10.750000	58.750000	9.808649e+04	3.258324e-04
	107	71	-0.250000	55.750000	9.713978e+04	2.427301e-04
	104	80	-1.000000	53.500000	9.713978e+04	2.372053e-04
	278	118	42.500000	44.000000	1.005649e+05	-2.330638e-05
	273	129	41.250000	41.250000	1.005649e+05	-1.144699e-05
	268	162	40.000000	33.000000	1.009531e+05	-2.330728e-05
2022	2	18	7	18
	6	7	-25.500000	71.750000	1.004879e+05	-2.455563e-05
	229	32	30.250000	65.500000	9.642249e+04	1.161732e-04
	148	33	10.000000	65.250000	9.807844e+04	1.050807e-04
	70	60	-9.500000	58.500000	9.818957e+04	2.888193e-04
	0	62	-27.000000	58.000000	9.836776e+04	1.269014e-04
	119	76	2.750000	54.500000	9.715802e+04	2.308563e-04
	282	121	43.500000	43.250000	1.005129e+05	3.211670e-05
2022	2	18	6	21
	137	24	7.250000	67.500000	9.805852e+04	2.407370e-05
	231	32	30.750000	65.500000	9.655795e+04	1.216098e-04
	150	33	10.500000	65.250000	9.805852e+04	1.202254e-04
	7	60	-25.250000	58.500000	9.811873e+04	2.432545e-04
	77	62	-7.750000	58.000000	9.836791e+04	2.874989e-04
	134	75	6.500000	54.750000	9.706817e+04	2.785045e-04
2022	2	19	8	0
	138	25	7.500000	67.250000	9.805350e+04	3.753754e-06
	234	30	31.500000	66.000000	9.667259e+04	1.340296e-04
	152	33	11.000000	65.250000	9.805350e+04	1.024265e-04
	3	53	-26.250000	60.250000	9.796456e+04	9.502654e-05
	19	60	-22.250000	58.500000	9.796456e+04	2.745528e-04
	83	64	-6.250000	57.500000	9.862013e+04	2.494669e-04
	148	72	10.000000	55.500000	9.702849e+04	2.574741e-04
	137	113	7.250000	45.250000	1.007573e+05	4.671758e-05
2022	2	19	7	3
	235	30	31.750000	66.000000	9.676670e+04	1.193041e-04
	152	33	11.000000	65.250000	9.805138e+04	9.122964e-05
	26	59	-20.500000	58.750000	9.794404e+04	2.918275e-04
	40	64	-17.000000	57.500000	9.794404e+04	2.641685e-04
	159	70	12.750000	56.000000	9.697787e+04	2.910150e-04
	152	107	11.000000	46.750000	1.006773e+05	-4.631686e-05
	138	117	7.500000	44.250000	1.009484e+05	1.526830e-04
2022	2	19	6	6
	147	30	9.750000	66.000000	9.809941e+04	-5.774997e-06
	236	31	32.000000	65.750000	9.695141e+04	1.191379e-04
	30	59	-19.500000	58.750000	9.812770e+04	3.095398e-04
	50	65	-14.500000	57.250000	9.814229e+04	2.151804e-04
	169	69	15.250000	56.250000	9.705830e+04	3.099420e-04
	138	117	7.500000	44.250000	1.009592e+05	1.353692e-04
2022	2	19	7	9
	257	17	37.250000	69.250000	9.717019e+04	2.111384e-04
	258	17	37.500000	69.250000	9.717019e+04	2.082263e-04
	252	28	36.000000	66.500000	9.717019e+04	1.298554e-04
	147	30	9.750000	66.000000	9.827820e+04	5.038866e-06
	36	60	-18.000000	58.500000	9.868930e+04	2.568330e-04
	178	68	17.500000	56.500000	9.720227e+04	2.839486e-04
	138	118	7.500000	44.000000	1.011068e+05	1.162671e-04
2022	2	19	6	12
	258	17	37.500000	69.250000	9.723420e+04	2.518487e-04
	136	26	7.000000	67.000000	9.840820e+04	5.819562e-05
	258	26	37.500000	67.000000	9.723420e+04	1.171558e-04
	40	60	-17.000000	58.500000	9.913400e+04	2.181594e-04
	187	69	19.750000	56.250000	9.743458e+04	2.687906e-04
	96	77	-3.000000	54.250000	9.924423e+04	1.611026e-04
2022	2	19	6	15
	260	18	38.000000	69.000000	9.733575e+04	2.092007e-04
	137	28	7.250000	66.500000	9.852937e+04	7.788170e-05
	218	62	27.500000	58.000000	9.775460e+04	8.897791e-05
	199	69	22.750000	56.250000	9.774077e+04	1.883088e-04
	113	77	1.250000	54.250000	9.925502e+04	1.001076e-04
	147	111	9.750000	45.750000	1.011144e+05	3.720849e-05
2022	2	19	9	18
	269	11	40.250000	70.750000	9.740493e+04	1.282617e-04
	265	20	39.250000	68.500000	9.740493e+04	1.330747e-04
	137	30	7.250000	66.000000	9.862348e+04	1.079474e-04
	138	30	7.500000	66.000000	9.862348e+04	1.006282e-04
	230	60	30.500000	58.500000	9.800805e+04	1.178607e-04
	211	69	25.750000	56.250000	9.800850e+04	1.796005e-04
	127	76	4.750000	54.500000	9.924574e+04	1.773493e-04
	159	117	12.750000	44.250000	1.012783e+05	3.268520e-05
	285	154	44.250000	35.000000	1.014349e+05	2.748605e-05
2022	2	19	8	21
	278	16	42.500000	69.500000	9.754905e+04	1.269793e-04
	152	27	11.000000	66.750000	9.871637e+04	6.373060e-05
	0	51	-27.000000	60.750000	9.689745e+04	1.017600e-04
	239	58	32.750000	59.000000	9.806566e+04	1.563621e-04
	224	68	29.000000	56.500000	9.807174e+04	1.394580e-04
	135	77	6.750000	54.250000	9.920652e+04	1.615926e-04
	161	117	13.250000	44.250000	1.013453e+05	4.028511e-05
	287	154	44.750000	35.000000	1.015387e+05	4.527995e-05
2022	2	20	6	0
	285	14	44.250000	70.000000	9.762462e+04	9.979580e-05
	286	14	44.500000	70.000000	9.762462e+04	9.427287e-05
	152	32	11.000000	65.500000	9.879938e+04	1.371917e-04
	0	46	-27.000000	62.000000	9.630284e+04	1.127804e-04
	247	57	34.750000	59.250000	9.814730e+04	1.349767e-04
	144	76	9.000000	54.500000	9.921154e+04	1.985644e-04
