2022	2	14	7	0
	2	6	-26.500000	72.000000	9.976145e+04	-1.163961e-05
	218	9	27.500000	71.250000	9.841910e+04	1.071199e-04
	194	12	21.500000	70.500000	9.841910e+04	1.430055e-04
	1	17	-26.750000	69.250000	9.976145e+04	1.747301e-06
	219	23	27.750000	67.750000	9.844949e+04	9.694375e-05
	113	62	1.250000	58.000000	9.851373e+04	8.348586e-05
	104	71	-1.000000	55.750000	9.851373e+04	1.303923e-04
2022	2	14	6	3
	59	2	-12.250000	73.000000	1.001320e+05	4.615511e-05
	210	9	25.500000	71.250000	9.814821e+04	2.142263e-04
	1	17	-26.750000	69.250000	9.975299e+04	-1.432321e-05
	227	22	29.750000	68.000000	9.828373e+04	8.765885e-05
	114	61	1.500000	58.250000	9.844667e+04	6.214475e-05
	108	70	0.000000	56.000000	9.844667e+04	1.167215e-04
2022	2	14	3	6
	68	3	-10.000000	72.750000	1.001127e+05	9.473403e-05
	220	8	28.000000	71.500000	9.804027e+04	2.198265e-04
	108	70	0.000000	56.000000	9.847017e+04	1.754156e-04
2022	2	14	7	9
	68	0	-10.000000	73.500000	1.001716e+05	3.786219e-05
	69	0	-9.750000	73.500000	1.001716e+05	4.169211e-05
	70	0	-9.500000	73.500000	1.001716e+05	4.492786e-05
	227	8	29.750000	71.500000	9.805077e+04	1.827280e-04
	0	53	-27.000000	60.250000	9.796601e+04	1.141254e-04
	124	67	4.000000	56.750000	9.858313e+04	1.110201e-04
	110	70	0.500000	56.000000	9.858313e+04	2.064185e-04
2022	2	14	6	12
	76	0	-8.000000	73.500000	1.001594e+05	4.266792e-05
	234	6	31.500000	72.000000	9.801223e+04	1.869197e-04
	0	48	-27.000000	61.500000	9.752247e+04	1.091829e-04
	130	64	5.500000	57.500000	9.855775e+04	1.738751e-04
	113	70	1.250000	56.000000	9.855775e+04	1.874012e-04
	113	71	1.250000	55.750000	9.855775e+04	1.893780e-04
2022	2	14	3	15
	234	7	31.500000	71.750000	9.804027e+04	1.637066e-04
	6	45	-25.500000	62.250000	9.706969e+04	2.829517e-04
	133	62	6.250000	58.000000	9.857702e+04	1.763928e-04
2022	2	14	6	18
	253	6	36.250000	72.000000	9.804215e+04	1.265685e-04
	288	13	45.000000	70.250000	9.900395e+04	7.181522e-05
	0	41	-27.000000	63.250000	9.677108e+04	1.558797e-04
	132	61	6.000000	58.250000	9.879840e+04	1.710759e-04
	121	69	3.250000	56.250000	9.879840e+04	1.842714e-04
	138	121	7.500000	43.250000	1.010250e+05	1.305292e-04
2022	2	14	6	21
	247	5	34.750000	72.250000	9.806909e+04	9.793333e-05
	262	12	38.500000	70.500000	9.806909e+04	1.467244e-04
	0	38	-27.000000	64.000000	9.666924e+04	1.485684e-04
	26	45	-20.500000	62.250000	9.700452e+04	2.215737e-04
	125	57	4.250000	59.250000	9.889303e+04	1.036419e-04
	139	121	7.750000	43.250000	1.010280e+05	1.044276e-04
2022	2	15	7	0
	244	6	34.000000	72.000000	9.808163e+04	1.434154e-04
	6	7	-25.500000	71.750000	9.959288e+04	5.064778e-05
	266	10	39.500000	71.000000	9.808163e+04	1.594223e-04
	15	40	-23.250000	63.500000	9.703836e+04	2.456831e-04
	148	56	10.000000	59.500000	9.891183e+04	1.587282e-04
	125	57	4.250000	59.250000	9.891183e+04	7.601064e-05
	146	118	9.500000	44.000000	1.009467e+05	1.311540e-04
2022	2	15	6	3
	268	10	40.000000	71.000000	9.807505e+04	1.883861e-04
	7	36	-25.250000	64.500000	9.693840e+04	2.208014e-04
	121	52	3.250000	60.500000	9.884242e+04	4.084745e-05
	134	57	6.500000	59.250000	9.884242e+04	1.081720e-04
	147	117	9.750000	44.250000	1.009399e+05	1.112752e-04
	149	125	10.250000	42.250000	1.009399e+05	2.792382e-05
2022	2	15	7	6
	270	9	40.500000	71.250000	9.811249e+04	2.144137e-04
	0	34	-27.000000	65.000000	9.686430e+04	7.083555e-05
	24	35	-21.000000	64.750000	9.686430e+04	1.275852e-04
	120	51	3.000000	60.750000	9.877819e+04	3.948119e-05
	0	87	-27.000000	51.750000	9.905095e+04	1.000714e-04
	158	113	12.500000	45.250000	1.009779e+05	1.094201e-04
	140	120	8.000000	43.500000	1.009836e+05	8.415703e-05
2022	2	15	5	9
	273	9	41.250000	71.250000	9.825444e+04	2.049415e-04
	25	34	-20.750000	65.000000	9.702582e+04	9.661329e-05
	0	35	-27.000000	64.750000	9.702582e+04	6.912927e-06
	7	84	-25.250000	52.500000	9.883255e+04	2.035901e-04
	160	111	13.000000	45.750000	1.010645e+05	1.002153e-04
2022	2	15	6	12
	277	9	42.250000	71.250000	9.838823e+04	2.138862e-04
	25	34	-20.750000	65.000000	9.712014e+04	9.771155e-05
	0	38	-27.000000	64.000000	9.712014e+04	-6.087669e-06
	47	41	-15.250000	63.250000	9.753563e+04	2.604757e-04
	24	82	-21.000000	53.000000	9.872477e+04	2.113469e-04
	156	118	12.000000	44.000000	1.011088e+05	-2.332462e-08
2022	2	15	5	15
	278	9	42.500000	71.250000	9.851373e+04	2.056664e-04
	36	36	-18.000000	64.500000	9.739338e+04	1.426246e-04
	0	39	-27.000000	63.750000	9.709209e+04	1.573990e-05
	35	79	-18.250000	53.750000	9.844463e+04	2.440307e-04
	164	162	14.000000	33.000000	1.015414e+05	2.200616e-05
2022	2	15	4	18
	281	9	43.250000	71.250000	9.865677e+04	2.310213e-04
	116	57	2.000000	59.250000	9.827794e+04	1.706745e-04
	48	77	-15.000000	54.250000	9.835518e+04	2.155498e-04
	165	162	14.250000	33.000000	1.015818e+05	-4.754190e-06
2022	2	15	4	21
	285	9	44.250000	71.250000	9.880451e+04	2.260335e-04
	0	39	-27.000000	63.750000	9.716166e+04	1.339213e-05
	118	55	2.500000	59.750000	9.827982e+04	1.648291e-04
	58	75	-12.500000	54.750000	9.838620e+04	2.014567e-04
2022	2	16	4	0
	288	9	45.000000	71.250000	9.894583e+04	1.091181e-04
	196	42	22.000000	63.000000	9.926935e+04	7.454712e-05
	0	73	-27.000000	55.250000	9.731520e+04	1.233311e-04
	68	74	-10.000000	55.000000	9.840343e+04	2.149208e-04
2022	2	16	2	3
	205	40	24.250000	63.500000	9.922909e+04	3.017375e-05
	7	69	-25.250000	56.250000	9.689688e+04	2.576212e-04
2022	2	16	4	6
	214	38	26.500000	64.000000	9.926042e+04	9.487225e-05
	32	62	-19.000000	58.000000	9.664511e+04	2.413929e-04
	16	67	-23.000000	56.750000	9.664511e+04	3.074337e-04
	178	125	17.500000	42.250000	1.013756e+05	9.531232e-05
2022	2	16	6	9
	288	8	45.000000	71.500000	9.921154e+04	1.100715e-04
	35	60	-18.250000	58.500000	9.627552e+04	3.046066e-04
	26	67	-20.500000	56.750000	9.627552e+04	2.840216e-04
	137	116	7.250000	44.500000	1.012422e+05	7.565559e-05
	181	126	18.250000	42.000000	1.013965e+05	9.600017e-05
	183	136	18.750000	39.500000	1.013965e+05	1.352490e-04
2022	2	16	2	12
	53	58	-13.750000	59.000000	9.614878e+04	3.023589e-04
	185	136	19.250000	39.500000	1.012713e+05	1.203394e-04
2022	2	16	3	15
	52	58	-14.000000	59.000000	9.595466e+04	3.793676e-04
	185	135	19.250000	39.750000	1.011436e+05	1.010571e-04
	197	138	22.250000	39.000000	1.011436e+05	1.464975e-05
2022	2	16	5	18
	0	38	-27.000000	64.000000	9.803275e+04	-1.299672e-05
	57	62	-12.750000	58.000000	9.633412e+04	3.905078e-04
	108	62	0.000000	58.000000	9.661973e+04	2.961225e-04
	188	139	20.000000	38.750000	1.011185e+05	6.775547e-05
	287	151	44.750000	35.750000	1.016540e+05	-5.998352e-06
2022	2	16	7	21
	284	3	44.000000	72.750000	9.913665e+04	1.516615e-04
	0	36	-27.000000	64.500000	9.828780e+04	-4.274046e-06
	114	61	1.500000	58.250000	9.623996e+04	3.269939e-04
	76	62	-8.000000	58.000000	9.672611e+04	1.886679e-04
	150	109	10.500000	46.250000	1.005639e+05	6.982532e-06
	137	117	7.250000	44.250000	1.011594e+05	7.334953e-05
	187	138	19.750000	39.000000	1.011481e+05	8.151953e-05
2022	2	17	6	0
	278	3	42.500000	72.750000	9.908245e+04	1.793351e-04
	0	34	-27.000000	65.000000	9.858078e+04	2.730211e-05
	118	61	2.500000	58.250000	9.628931e+04	3.636995e-04
	138	117	7.500000	44.250000	1.009622e+05	8.235933e-05
	186	139	19.500000	38.750000	1.010883e+05	1.163702e-04
	200	145	23.000000	37.250000	1.010903e+05	8.902686e-05
2022	2	17	8	3
	275	3	41.750000	72.750000	9.907085e+04	1.760444e-04
	125	63	4.250000	57.750000	9.647481e+04	3.369546e-04
	154	65	11.500000	57.250000	9.687902e+04	2.121368e-04
	138	117	7.500000	44.250000	1.008112e+05	9.243394e-05
	185	142	19.250000	38.000000	1.009923e+05	1.268090e-04
	202	144	23.500000	37.500000	1.009951e+05	6.846313e-05
	274	149	41.500000	36.250000	1.015669e+05	3.113687e-05
	285	149	44.250000	36.250000	1.015669e+05	7.687596e-06
2022	2	17	5	6
	269	2	40.250000	73.000000	9.906066e+04	1.383876e-04
	131	65	5.750000	57.250000	9.683625e+04	2.673352e-04
	160	65	13.000000	57.250000	9.693260e+04	2.312091e-04
	177	66	17.250000	57.000000	9.693260e+04	1.915238e-04
	203	144	23.750000	37.500000	1.010635e+05	7.212808e-05
2022	2	17	3	9
	261	3	38.250000	72.750000	9.907273e+04	1.707847e-04
	164	66	14.000000	57.000000	9.693260e+04	1.895616e-04
	186	66	19.500000	57.000000	9.693260e+04	1.804941e-04
2022	2	17	4	12
	259	4	37.750000	72.500000	9.905252e+04	1.774563e-04
	30	46	-19.500000	62.000000	9.855666e+04	2.071783e-04
	191	65	20.750000	57.250000	9.686649e+04	1.866553e-04
	27	70	-20.250000	56.000000	9.916470e+04	1.519916e-04
2022	2	17	6	15
	257	5	37.250000	72.250000	9.903059e+04	1.676949e-04
	120	38	3.000000	64.000000	9.817422e+04	8.502543e-05
	29	46	-19.750000	62.000000	9.842145e+04	2.114207e-04
	30	46	-19.500000	62.000000	9.842145e+04	2.098506e-04
	206	62	24.500000	58.000000	9.691334e+04	1.776020e-04
	33	68	-18.750000	56.500000	9.903670e+04	1.829666e-04
2022	2	17	6	18
	119	38	2.750000	64.000000	9.819772e+04	6.642278e-05
	101	42	-1.750000	63.000000	9.819772e+04	1.507773e-04
	29	47	-19.750000	61.750000	9.822044e+04	2.712767e-04
	212	60	26.000000	58.500000	9.701141e+04	1.663355e-04
	3	62	-26.250000	58.000000	9.873683e+04	1.968492e-04
	41	67	-16.750000	56.750000	9.897622e+04	1.864922e-04
2022	2	17	6	21
	118	38	2.500000	64.000000	9.821370e+04	6.272156e-05
	104	43	-1.000000	62.750000	9.821370e+04	1.019890e-04
	30	47	-19.500000	61.750000	9.805421e+04	3.009721e-04
	219	56	27.750000	59.500000	9.712186e+04	1.808421e-04
	0	57	-27.000000	59.250000	9.917300e+04	6.849394e-05
	11	63	-24.250000	57.750000	9.882676e+04	1.939564e-04
2022	2	18	5	0
	119	38	2.750000	64.000000	9.821668e+04	9.527270e-05
	120	38	3.000000	64.000000	9.821668e+04	9.655835e-05
	31	48	-19.250000	61.500000	9.783659e+04	3.680499e-04
	222	54	28.500000	60.000000	9.721978e+04	1.997470e-04
	116	124	2.000000	42.500000	1.017250e+05	-2.167205e-05
2022	2	18	3	3
	119	38	2.750000	64.000000	9.816968e+04	8.706383e-05
	33	48	-18.750000	61.500000	9.759845e+04	3.972166e-04
	226	52	29.500000	60.500000	9.726976e+04	2.022332e-04
2022	2	18	3	6
	119	39	2.750000	63.750000	9.811641e+04	1.149414e-04
	31	49	-19.250000	61.250000	9.761866e+04	4.867493e-04
	227	50	29.750000	61.000000	9.731613e+04	2.239686e-04
2022	2	18	3	9
	137	36	7.250000	64.500000	9.815698e+04	1.345207e-04
	229	49	30.250000	61.250000	9.739447e+04	1.920017e-04
	34	51	-18.500000	60.750000	9.776312e+04	4.322139e-04
2022	2	18	3	12
	142	34	8.500000	65.000000	9.816138e+04	1.384940e-04
	231	48	30.750000	61.500000	9.751730e+04	1.807618e-04
	37	53	-17.750000	60.250000	9.800063e+04	3.382993e-04
2022	2	18	3	15
	143	34	8.750000	65.000000	9.812017e+04	1.657091e-04
	235	48	31.750000	61.500000	9.763762e+04	1.739517e-04
	41	55	-16.750000	59.750000	9.824300e+04	3.028413e-04
2022	2	18	5	18
	146	32	9.500000	65.500000	9.809150e+04	1.670755e-04
	237	48	32.250000	61.500000	9.776938e+04	1.638261e-04
	0	57	-27.000000	59.250000	9.849853e+04	6.407184e-05
	50	57	-14.500000	59.250000	9.849509e+04	2.700015e-04
	279	119	42.750000	43.750000	1.006311e+05	3.510522e-06
2022	2	18	5	21
	146	32	9.500000	65.500000	9.807677e+04	1.823156e-04
	241	44	33.250000	62.500000	9.784443e+04	1.072540e-04
	0	52	-27.000000	60.500000	9.794924e+04	1.782823e-04
	117	124	2.250000	42.500000	1.012918e+05	5.724237e-05
	108	130	0.000000	41.000000	1.012918e+05	6.679459e-05
2022	2	19	4	0
	148	32	10.000000	65.500000	9.811500e+04	1.913424e-04
	255	35	36.750000	64.750000	9.796381e+04	5.141663e-05
	0	49	-27.000000	61.250000	9.764655e+04	1.247565e-04
	108	131	0.000000	40.750000	1.013446e+05	8.507479e-05
2022	2	19	6	3
	149	30	10.250000	66.000000	9.809009e+04	1.698693e-04
	261	32	38.250000	65.500000	9.798920e+04	9.143702e-05
	5	46	-25.750000	62.000000	9.738413e+04	2.068010e-04
	108	59	0.000000	58.750000	9.864721e+04	1.754574e-04
	139	109	7.750000	46.250000	1.009014e+05	-6.723496e-05
	105	135	-0.750000	39.750000	1.013161e+05	2.409570e-05
2022	2	19	5	6
	152	29	11.000000	66.250000	9.813725e+04	1.828300e-04
	263	32	38.750000	65.500000	9.803353e+04	9.101924e-05
	3	42	-26.250000	63.000000	9.697662e+04	2.555387e-04
	136	116	7.000000	44.500000	1.013195e+05	6.381453e-05
	107	139	-0.250000	38.750000	1.013821e+05	3.962900e-05
2022	2	19	5	9
	154	29	11.500000	66.250000	9.830050e+04	1.577373e-04
	265	31	39.250000	65.750000	9.813521e+04	1.020205e-04
	0	39	-27.000000	63.750000	9.677641e+04	1.283387e-04
	26	45	-20.500000	62.250000	9.709758e+04	1.747801e-04
	136	116	7.000000	44.500000	1.015069e+05	9.499188e-05
2022	2	19	4	12
	284	21	44.000000	68.250000	9.819240e+04	9.264303e-05
	156	28	12.000000	66.500000	9.846344e+04	1.204994e-04
	265	31	39.250000	65.750000	9.819491e+04	8.917359e-05
	137	117	7.250000	44.250000	1.014922e+05	1.299492e-04
2022	2	19	5	15
	172	7	16.000000	71.750000	9.854146e+04	8.044036e-05
	171	8	15.750000	71.500000	9.854146e+04	7.799383e-05
	266	31	39.500000	65.750000	9.821825e+04	1.153224e-04
	134	119	6.500000	43.750000	1.014768e+05	1.044050e-04
	98	143	-2.500000	37.750000	1.016204e+05	3.995490e-05
2022	2	19	5	18
	174	8	16.500000	71.500000	9.854428e+04	6.670236e-05
	269	30	40.250000	66.000000	9.819538e+04	1.030667e-04
	136	122	7.000000	43.000000	1.016587e+05	7.303603e-05
	278	153	42.500000	35.250000	1.009030e+05	5.106541e-05
	280	162	43.000000	33.000000	1.009030e+05	8.368004e-05
2022	2	19	7	21
	177	8	17.250000	71.500000	9.858000e+04	6.770995e-05
	0	42	-27.000000	63.000000	9.662255e+04	5.599088e-05
	30	50	-19.500000	61.000000	9.666579e+04	1.775625e-04
	149	127	10.250000	41.750000	1.018854e+05	3.488171e-05
	147	135	9.750000	39.750000	1.019011e+05	4.850247e-06
	268	150	40.000000	36.000000	1.010960e+05	5.551782e-05
	280	162	43.000000	33.000000	1.010093e+05	2.372935e-05
2022	2	20	4	0
	182	6	18.500000	72.000000	9.858564e+04	6.899538e-05
	288	13	45.000000	70.250000	9.808570e+04	8.492839e-05
	0	39	-27.000000	63.750000	9.638739e+04	5.834582e-05
	33	46	-18.750000	62.000000	9.613577e+04	2.659196e-04
