2022	2	14	7	0
	2	6	-26.500000	72.000000	9.976311e+04	-6.813943e-06
	217	9	27.250000	71.250000	9.838416e+04	1.106529e-04
	194	12	21.500000	70.500000	9.838416e+04	1.308513e-04
	1	17	-26.750000	69.250000	9.976311e+04	1.988011e-05
	219	23	27.750000	67.750000	9.842011e+04	1.338489e-04
	113	62	1.250000	58.000000	9.851905e+04	6.165388e-05
	106	71	-0.500000	55.750000	9.851905e+04	8.091903e-05
2022	2	14	4	3
	210	9	25.500000	71.250000	9.811966e+04	2.152128e-04
	1	17	-26.750000	69.250000	9.979684e+04	-1.107735e-05
	121	59	3.250000	58.750000	9.854080e+04	1.238964e-04
	107	71	-0.250000	55.750000	9.851649e+04	1.274784e-04
2022	2	14	3	6
	216	8	27.000000	71.500000	9.796610e+04	2.634031e-04
	111	70	0.750000	56.000000	9.855227e+04	1.184542e-04
	122	121	3.500000	43.250000	1.008772e+05	2.160944e-04
2022	2	14	3	9
	215	9	26.750000	71.250000	9.804177e+04	3.089915e-04
	0	52	-27.000000	60.500000	9.788702e+04	1.233068e-04
	125	71	4.250000	55.750000	9.863307e+04	1.511425e-04
2022	2	14	3	12
	234	14	31.500000	70.000000	9.799264e+04	2.647001e-04
	0	48	-27.000000	61.500000	9.748163e+04	1.365375e-04
	132	66	6.000000	57.000000	9.852796e+04	1.817497e-04
2022	2	14	3	15
	243	13	33.750000	70.250000	9.791166e+04	2.213089e-04
	1	43	-26.750000	62.750000	9.709782e+04	1.544871e-04
	136	63	7.000000	57.750000	9.844493e+04	2.010199e-04
2022	2	14	3	18
	249	12	35.250000	70.500000	9.788171e+04	2.143855e-04
	0	39	-27.000000	63.750000	9.694323e+04	1.282756e-04
	139	61	7.750000	58.250000	9.870617e+04	2.077458e-04
2022	2	14	6	21
	250	3	35.500000	72.750000	9.791115e+04	1.097705e-04
	6	7	-25.500000	71.750000	9.969412e+04	2.963112e-05
	254	12	36.500000	70.500000	9.791115e+04	1.951862e-04
	0	38	-27.000000	64.000000	9.709320e+04	9.482099e-05
	28	38	-20.000000	64.000000	9.713976e+04	-1.090597e-05
	142	60	8.500000	58.500000	9.876506e+04	2.254444e-04
2022	2	15	6	0
	244	3	34.000000	72.750000	9.798340e+04	1.083062e-04
	6	7	-25.500000	71.750000	9.962958e+04	5.716816e-05
	262	12	38.500000	70.500000	9.798340e+04	2.336232e-04
	126	53	4.500000	60.250000	9.875992e+04	9.403268e-05
	146	58	9.500000	59.000000	9.875992e+04	2.864824e-04
	145	118	9.250000	44.000000	1.011362e+05	1.220569e-04
2022	2	15	7	3
	6	7	-25.500000	71.750000	9.956504e+04	4.864571e-05
	237	7	32.250000	71.750000	9.802191e+04	1.710226e-04
	267	11	39.750000	70.750000	9.802191e+04	2.606279e-04
	28	38	-20.000000	64.000000	9.725908e+04	1.046683e-04
	125	51	4.250000	60.750000	9.882395e+04	1.076219e-04
	151	54	10.750000	60.000000	9.867056e+04	3.369140e-04
	147	119	9.750000	43.750000	1.010383e+05	1.196779e-04
2022	2	15	7	6
	269	10	40.250000	71.000000	9.808457e+04	2.532786e-04
	34	41	-18.500000	63.250000	9.727620e+04	1.228790e-04
	125	51	4.250000	60.750000	9.883268e+04	1.300386e-04
	154	52	11.500000	60.500000	9.863221e+04	3.316538e-04
	139	57	7.750000	59.250000	9.863221e+04	3.904497e-05
	146	117	9.500000	44.250000	1.010087e+05	1.290954e-04
	147	118	9.750000	44.000000	1.010087e+05	1.411478e-04
2022	2	15	7	9
	271	10	40.750000	71.000000	9.820714e+04	2.535153e-04
	0	32	-27.000000	65.500000	9.717913e+04	5.454752e-05
	36	36	-18.000000	64.500000	9.735118e+04	1.515459e-04
	124	49	4.000000	61.250000	9.877482e+04	1.467824e-04
	156	50	12.000000	61.000000	9.861869e+04	2.658209e-04
	6	83	-25.500000	52.750000	9.863923e+04	2.576550e-04
	157	118	12.250000	44.000000	1.010698e+05	1.133251e-04
2022	2	15	6	12
	273	10	41.250000	71.000000	9.832749e+04	2.671552e-04
	0	29	-27.000000	66.250000	9.738456e+04	8.428934e-05
	27	32	-20.250000	65.500000	9.738456e+04	2.231553e-04
	159	48	12.750000	61.500000	9.868545e+04	1.950020e-04
	16	81	-23.000000	53.250000	9.866748e+04	2.427452e-04
	158	114	12.500000	45.000000	1.010385e+05	1.347815e-04
2022	2	15	9	15
	278	10	42.500000	71.000000	9.844339e+04	2.598785e-04
	0	27	-27.000000	66.750000	9.732208e+04	1.579325e-04
	0	42	-27.000000	63.000000	9.718255e+04	6.486034e-05
	167	45	14.750000	62.250000	9.870446e+04	2.058761e-04
	97	52	-2.750000	60.500000	9.825833e+04	1.871183e-04
	28	79	-20.000000	53.750000	9.858120e+04	2.181323e-04
	141	111	8.250000	45.750000	1.010258e+05	-3.204296e-05
	159	113	12.750000	45.250000	1.010212e+05	1.694498e-04
	162	162	13.500000	33.000000	1.016231e+05	2.439987e-05
2022	2	15	7	18
	282	10	43.500000	71.000000	9.852933e+04	2.885643e-04
	0	40	-27.000000	63.500000	9.703465e+04	6.997526e-05
	169	44	15.250000	62.500000	9.861424e+04	1.869583e-04
	105	52	-0.750000	60.500000	9.815424e+04	1.822645e-04
	49	77	-14.750000	54.250000	9.867861e+04	1.966791e-04
	158	113	12.500000	45.250000	1.013326e+05	1.248089e-04
	162	162	13.500000	33.000000	1.016438e+05	4.228909e-07
2022	2	15	6	21
	286	9	44.500000	71.250000	9.862811e+04	2.163321e-04
	183	42	18.750000	63.000000	9.874486e+04	1.703987e-04
	122	50	3.500000	61.000000	9.809861e+04	1.324948e-04
	62	76	-11.500000	54.500000	9.871353e+04	1.807558e-04
	158	113	12.500000	45.250000	1.016185e+05	1.087554e-04
	165	159	14.250000	33.750000	1.017640e+05	1.844546e-05
2022	2	16	6	0
	288	9	45.000000	71.250000	9.867690e+04	1.161780e-04
	184	41	19.000000	63.250000	9.870771e+04	1.531415e-04
	124	49	4.000000	61.250000	9.808748e+04	1.666213e-04
	0	70	-27.000000	56.000000	9.726747e+04	1.032941e-04
	71	75	-9.250000	54.750000	9.886606e+04	1.632293e-04
	168	161	15.000000	33.250000	1.017531e+05	-1.814067e-05
2022	2	16	4	3
	288	7	45.000000	71.750000	9.873424e+04	1.220850e-04
	131	37	5.750000	64.250000	9.822769e+04	1.700926e-04
	127	48	4.750000	61.500000	9.822769e+04	1.427278e-04
	3	65	-26.250000	57.250000	9.648375e+04	2.326029e-04
2022	2	16	6	6
	287	6	44.750000	72.000000	9.872997e+04	1.399236e-04
	129	36	5.250000	64.500000	9.816709e+04	1.702274e-04
	145	42	9.250000	63.000000	9.816709e+04	-5.811863e-05
	164	50	14.000000	61.000000	9.826791e+04	1.576424e-04
	11	61	-24.250000	58.250000	9.604995e+04	2.651947e-04
	280	121	43.000000	43.250000	1.022433e+05	-2.239336e-05
2022	2	16	6	9
	279	6	42.750000	72.000000	9.871455e+04	2.130275e-04
	125	36	4.250000	64.500000	9.811230e+04	1.602010e-04
	145	42	9.250000	63.000000	9.811230e+04	-5.417147e-05
	174	49	16.500000	61.250000	9.826929e+04	8.313648e-05
	19	55	-22.250000	59.750000	9.574609e+04	3.399121e-04
	278	120	42.500000	43.500000	1.023098e+05	-1.244653e-05
2022	2	16	5	12
	275	6	41.750000	72.000000	9.868700e+04	2.091473e-04
	276	6	42.000000	72.000000	9.868700e+04	2.095639e-04
	122	36	3.500000	64.500000	9.808491e+04	1.518107e-04
	186	43	19.500000	62.750000	9.817376e+04	6.210849e-05
	33	53	-18.750000	60.250000	9.578374e+04	2.004361e-04
2022	2	16	4	15
	272	6	41.000000	72.000000	9.863188e+04	1.869225e-04
	188	42	20.000000	63.000000	9.805701e+04	1.033141e-04
	47	52	-15.250000	60.500000	9.568702e+04	2.465222e-04
	64	53	-11.000000	60.250000	9.568702e+04	2.281258e-04
2022	2	16	8	18
	269	6	40.250000	72.000000	9.856596e+04	2.106844e-04
	0	39	-27.000000	63.750000	9.777095e+04	4.198402e-06
	190	41	20.500000	63.250000	9.793683e+04	1.350708e-04
	64	50	-11.000000	61.000000	9.564970e+04	2.615493e-04
	45	53	-15.750000	60.250000	9.564970e+04	3.361790e-04
	136	116	7.000000	44.500000	1.014615e+05	8.499072e-05
	287	155	44.750000	34.750000	1.016500e+05	2.358459e-05
	265	162	39.250000	33.000000	1.017909e+05	4.420795e-05
2022	2	16	5	21
	268	6	40.000000	72.000000	9.851683e+04	1.939037e-04
	195	39	21.750000	63.750000	9.784559e+04	1.160642e-04
	60	51	-12.000000	60.750000	9.574797e+04	2.873812e-04
	150	109	10.500000	46.250000	1.009854e+05	-1.724827e-06
	185	145	19.250000	37.250000	1.015391e+05	1.065963e-04
2022	2	17	5	0
	265	5	39.250000	72.250000	9.847403e+04	1.864974e-04
	203	36	23.750000	64.500000	9.776530e+04	1.121804e-04
	98	51	-2.500000	60.750000	9.607905e+04	2.160462e-04
	138	117	7.500000	44.250000	1.014295e+05	4.579114e-05
	187	144	19.750000	37.500000	1.014507e+05	1.092882e-04
2022	2	17	7	3
	261	6	38.250000	72.000000	9.840949e+04	1.798657e-04
	206	35	24.500000	64.750000	9.758999e+04	9.125374e-05
	98	51	-2.500000	60.750000	9.607118e+04	1.989792e-04
	125	53	4.250000	60.250000	9.609172e+04	2.625255e-04
	151	61	10.750000	58.250000	9.646098e+04	3.022674e-04
	138	117	7.500000	44.250000	1.013528e+05	6.787605e-05
	189	148	20.250000	36.500000	1.013215e+05	9.118082e-05
2022	2	17	8	6
	257	5	37.250000	72.250000	9.828898e+04	1.653115e-04
	127	51	4.750000	60.750000	9.610712e+04	2.299628e-04
	98	52	-2.500000	60.500000	9.622456e+04	1.824959e-04
	126	52	4.500000	60.500000	9.610712e+04	2.553061e-04
	160	60	13.000000	58.500000	9.640244e+04	2.961152e-04
	11	119	-24.250000	43.750000	1.013044e+05	1.157448e-04
	188	146	20.000000	37.000000	1.013989e+05	9.224565e-05
	189	146	20.250000	37.000000	1.013989e+05	9.395013e-05
2022	2	17	6	9
	0	30	-27.000000	66.000000	9.934284e+04	1.169548e-04
	288	30	45.000000	66.000000	9.836567e+04	1.086347e-04
	127	51	4.750000	60.750000	9.628020e+04	2.353413e-04
	167	60	14.750000	58.500000	9.652466e+04	2.856270e-04
	0	114	-27.000000	45.000000	1.009873e+05	1.385949e-04
	278	120	42.500000	43.500000	1.016457e+05	-1.441695e-05
2022	2	17	8	12
	288	28	45.000000	66.500000	9.802842e+04	1.099037e-04
	0	45	-27.000000	62.250000	9.959740e+04	1.077815e-06
	128	52	5.000000	60.500000	9.659673e+04	2.084647e-04
	176	60	17.000000	58.500000	9.658527e+04	2.348690e-04
	205	65	24.250000	57.250000	9.667925e+04	2.637201e-04
	2	112	-26.500000	45.500000	1.003469e+05	2.333402e-04
	278	120	42.500000	43.500000	1.014461e+05	-3.500619e-05
	279	128	42.750000	41.500000	1.014339e+05	6.243665e-06
2022	2	17	5	15
	254	27	36.500000	66.750000	9.724488e+04	1.133238e-04
	139	58	7.750000	59.000000	9.700041e+04	1.058505e-04
	185	61	19.250000	58.250000	9.670664e+04	2.140911e-04
	213	63	26.250000	57.750000	9.655326e+04	2.494005e-04
	11	109	-24.250000	46.250000	9.999131e+04	2.712283e-04
2022	2	17	4	18
	258	25	37.500000	67.250000	9.714780e+04	1.374094e-04
	219	61	27.750000	58.250000	9.642777e+04	2.468154e-04
	19	106	-22.250000	47.000000	9.978948e+04	3.334732e-04
	258	162	37.500000	33.000000	1.013783e+05	-8.361536e-06
2022	2	17	3	21
	267	21	39.750000	68.250000	9.710449e+04	1.544681e-04
	224	59	29.000000	58.750000	9.640021e+04	1.914597e-04
	29	102	-19.750000	48.000000	9.961965e+04	2.963740e-04
2022	2	18	4	0
	268	20	40.000000	68.500000	9.703379e+04	1.705678e-04
	229	58	30.250000	59.000000	9.641527e+04	2.073649e-04
	40	98	-17.000000	49.000000	9.952293e+04	2.860283e-04
	35	106	-18.250000	47.000000	9.952293e+04	3.981904e-04
2022	2	18	4	3
	268	20	40.000000	68.500000	9.698329e+04	2.331785e-04
	40	42	-17.000000	63.000000	9.930962e+04	1.397215e-04
	234	56	31.500000	59.500000	9.649710e+04	2.046454e-04
	45	101	-15.750000	48.250000	9.922934e+04	4.184002e-04
2022	2	18	5	6
	278	15	42.500000	69.750000	9.701770e+04	1.915534e-04
	40	41	-17.000000	63.250000	9.916668e+04	1.596205e-04
	249	48	35.250000	61.500000	9.674550e+04	1.526647e-04
	240	55	33.000000	59.750000	9.674550e+04	1.596146e-04
	64	91	-11.000000	50.750000	9.897939e+04	3.064902e-04
2022	2	18	6	9
	287	12	44.750000	70.500000	9.708498e+04	1.368137e-04
	152	28	11.000000	66.500000	9.848910e+04	1.079164e-04
	39	41	-17.250000	63.250000	9.916154e+04	1.609139e-04
	63	45	-11.250000	62.250000	9.916154e+04	1.206383e-04
	250	47	35.500000	61.750000	9.696685e+04	1.420770e-04
	80	84	-7.000000	52.500000	9.874349e+04	2.321160e-04
2022	2	18	6	12
	288	11	45.000000	70.750000	9.720259e+04	1.107471e-04
	152	28	11.000000	66.500000	9.860722e+04	1.191656e-04
	38	41	-17.500000	63.250000	9.911361e+04	1.691902e-04
	263	41	38.750000	63.250000	9.715859e+04	1.087942e-04
	63	44	-11.250000	62.500000	9.911361e+04	1.556088e-04
	92	78	-4.000000	54.000000	9.833245e+04	3.263782e-04
2022	2	18	9	15
	151	30	10.750000	66.000000	9.870412e+04	1.287945e-04
	271	36	40.750000	64.500000	9.737036e+04	1.328710e-04
	63	44	-11.250000	62.500000	9.895559e+04	1.706817e-04
	108	74	0.000000	55.000000	9.790567e+04	3.105924e-04
	95	77	-3.250000	54.250000	9.790567e+04	3.711017e-04
	276	93	42.000000	50.250000	9.919680e+04	2.961313e-04
	279	118	42.750000	44.000000	1.003683e+05	-5.115355e-05
	101	128	-1.750000	41.500000	1.014511e+05	2.220655e-05
	246	131	34.500000	40.750000	1.008226e+05	2.751664e-05
2022	2	18	5	18
	182	3	18.500000	72.750000	9.809724e+04	1.858173e-04
	63	44	-11.250000	62.500000	9.887822e+04	1.800218e-04
	116	71	2.000000	55.750000	9.757990e+04	2.505580e-04
	103	131	-1.250000	40.750000	1.015004e+05	2.572090e-05
	253	133	36.250000	40.250000	1.010133e+05	-2.268182e-05
2022	2	18	4	21
	184	4	19.000000	72.500000	9.799555e+04	2.312474e-04
	288	22	45.000000	68.000000	9.766224e+04	-1.282754e-05
	63	44	-11.250000	62.500000	9.887052e+04	1.964619e-04
	123	69	3.750000	56.250000	9.714541e+04	3.248183e-04
2022	2	19	5	0
	188	5	20.000000	72.250000	9.789729e+04	2.459341e-04
	146	33	9.500000	65.250000	9.872671e+04	6.751858e-05
	65	44	-10.750000	62.500000	9.891999e+04	1.885677e-04
	132	67	6.000000	56.750000	9.693022e+04	3.847474e-04
	113	147	1.250000	36.750000	1.016245e+05	-3.944369e-06
2022	2	19	6	3
	193	5	21.250000	72.250000	9.778567e+04	2.308901e-04
	145	34	9.250000	65.000000	9.870480e+04	4.430114e-05
	63	43	-11.250000	62.750000	9.892033e+04	1.641480e-04
	152	65	11.000000	57.250000	9.691430e+04	2.511907e-04
	137	117	7.250000	44.250000	1.016418e+05	1.130585e-04
	254	157	36.500000	34.250000	1.012508e+05	-3.193194e-06
2022	2	19	5	6
	200	6	23.000000	72.000000	9.764855e+04	2.504106e-04
	279	37	42.750000	64.250000	9.835557e+04	1.250555e-04
	161	65	13.250000	57.250000	9.690180e+04	3.059224e-04
	137	117	7.250000	44.250000	1.017248e+05	1.234894e-04
	255	158	36.750000	34.000000	1.013665e+05	7.692677e-06
2022	2	19	7	9
	206	6	24.500000	72.000000	9.759120e+04	2.636475e-04
	281	37	43.250000	64.250000	9.841463e+04	1.068869e-04
	0	57	-27.000000	59.250000	9.715431e+04	1.126010e-04
	185	63	19.250000	57.750000	9.681261e+04	2.867592e-04
	136	117	7.000000	44.250000	1.018196e+05	9.727681e-05
	285	137	44.250000	39.250000	1.016033e+05	2.380383e-05
	266	162	39.500000	33.000000	1.012384e+05	2.615696e-05
2022	2	19	5	12
	214	5	26.500000	72.250000	9.756260e+04	2.694034e-04
	284	37	44.000000	64.250000	9.840077e+04	1.055674e-04
	0	54	-27.000000	60.000000	9.671914e+04	1.216728e-04
	194	63	21.500000	57.750000	9.690471e+04	2.584049e-04
	268	162	40.000000	33.000000	1.009320e+05	3.120604e-05
2022	2	19	5	15
	223	4	28.750000	72.500000	9.760249e+04	2.666579e-04
	285	37	44.250000	64.250000	9.844322e+04	1.058635e-04
	4	52	-26.000000	60.500000	9.629835e+04	2.619621e-04
	203	64	23.750000	57.500000	9.720156e+04	2.492079e-04
	269	162	40.250000	33.000000	1.009767e+05	3.082597e-05
2022	2	19	6	18
	236	1	32.000000	73.250000	9.748437e+04	3.079950e-04
	285	36	44.250000	64.500000	9.839049e+04	1.394677e-04
	27	39	-20.250000	63.750000	9.588030e+04	-1.172469e-04
	10	50	-24.500000	61.000000	9.585171e+04	3.144156e-04
	222	63	28.500000	57.750000	9.750559e+04	2.146645e-04
	272	162	41.000000	33.000000	1.011508e+05	5.345676e-05
2022	2	19	8	21
	246	0	34.500000	73.500000	9.721269e+04	3.528055e-04
	286	35	44.500000	64.750000	9.836430e+04	1.118359e-04
	27	39	-20.250000	63.750000	9.542492e+04	-7.596642e-05
	0	42	-27.000000	63.000000	9.665255e+04	8.176398e-05
	16	47	-23.000000	61.750000	9.542492e+04	3.850551e-04
	240	62	33.000000	58.000000	9.759959e+04	1.850565e-04
	262	156	38.500000	34.500000	1.011837e+05	4.800663e-06
	270	162	40.500000	33.000000	1.011837e+05	1.029206e-04
2022	2	20	8	0
	258	0	37.500000	73.500000	9.720533e+04	2.061433e-04
	288	34	45.000000	65.000000	9.838176e+04	1.313049e-04
	34	37	-18.500000	64.250000	9.510274e+04	-8.547293e-05
	0	39	-27.000000	63.750000	9.653528e+04	9.461791e-05
	20	44	-22.000000	62.500000	9.510274e+04	4.089248e-04
	252	62	36.000000	58.000000	9.770948e+04	1.452614e-04
	262	156	38.500000	34.500000	1.012121e+05	-2.389232e-05
	271	162	40.750000	33.000000	1.012121e+05	3.486863e-05
