2022	2	16	6	0
	288	11	45.000000	70.750000	9.880877e+04	7.941279e-05
	55	39	-13.250000	63.750000	9.726716e+04	3.848075e-04
	119	53	2.750000	60.250000	9.809503e+04	1.354197e-04
	65	67	-10.750000	56.750000	9.719552e+04	3.354161e-04
	172	122	16.000000	43.000000	1.014428e+05	2.376689e-05
	282	122	43.500000	43.000000	1.021407e+05	9.552141e-06
2022	2	16	6	3
	49	37	-14.750000	64.250000	9.726887e+04	3.968992e-04
	188	42	20.000000	63.000000	9.898399e+04	8.927804e-05
	121	52	3.250000	60.500000	9.800509e+04	1.278682e-04
	75	66	-8.250000	57.000000	9.709505e+04	2.977108e-04
	173	122	16.250000	43.000000	1.014035e+05	2.527885e-05
	281	122	43.250000	43.000000	1.022119e+05	2.704471e-05
2022	2	16	2	6
	40	33	-17.000000	65.250000	9.748362e+04	3.183218e-04
	85	66	-5.750000	57.000000	9.738145e+04	3.120778e-04
2022	2	16	5	9
	31	30	-19.250000	66.000000	9.763419e+04	2.438397e-04
	109	66	0.250000	57.000000	9.752239e+04	2.225008e-04
	51	68	-14.250000	56.500000	9.755262e+04	1.695613e-04
	137	116	7.250000	44.500000	1.012724e+05	8.243119e-05
	202	125	23.500000	42.250000	1.016346e+05	-8.319670e-05
2022	2	16	7	12
	20	28	-22.000000	66.500000	9.775250e+04	2.349385e-04
	65	54	-10.750000	60.000000	9.723150e+04	5.200955e-05
	53	61	-13.750000	58.250000	9.717258e+04	4.045613e-05
	121	66	3.250000	57.000000	9.736997e+04	2.175667e-04
	65	67	-10.750000	56.750000	9.717258e+04	2.104732e-04
	183	127	18.750000	41.750000	1.011731e+05	1.234320e-04
	184	138	19.000000	39.000000	1.011731e+05	1.670152e-04
2022	2	16	5	15
	8	27	-25.000000	66.750000	9.783298e+04	2.526548e-04
	0	36	-27.000000	64.500000	9.795160e+04	-3.570489e-07
	81	66	-6.750000	57.000000	9.686757e+04	2.707021e-04
	132	66	6.000000	57.000000	9.715102e+04	2.261556e-04
	185	135	19.250000	39.750000	1.010026e+05	1.557205e-04
2022	2	16	3	18
	141	66	8.250000	57.000000	9.706031e+04	2.275919e-04
	103	67	-1.250000	56.750000	9.690991e+04	2.315271e-04
	185	134	19.250000	40.000000	1.010999e+05	1.261202e-04
2022	2	16	5	21
	288	10	45.000000	71.000000	9.890320e+04	1.085171e-04
	114	66	1.500000	57.000000	9.668848e+04	2.812041e-04
	149	66	10.250000	57.000000	9.685176e+04	1.827462e-04
	137	117	7.250000	44.250000	1.011271e+05	4.311129e-05
	187	131	19.750000	40.750000	1.012099e+05	7.463693e-05
2022	2	17	6	0
	287	10	44.750000	71.000000	9.894662e+04	1.440049e-04
	191	60	20.750000	58.500000	9.658583e+04	2.509955e-04
	157	65	12.250000	57.250000	9.668103e+04	1.886138e-04
	158	65	12.500000	57.250000	9.668103e+04	1.842359e-04
	123	67	3.750000	56.750000	9.681966e+04	2.747102e-04
	137	117	7.250000	44.250000	1.010370e+05	6.324745e-05
2022	2	17	6	3
	287	11	44.750000	70.750000	9.898120e+04	1.392106e-04
	195	57	21.750000	59.250000	9.625012e+04	3.089355e-04
	177	66	17.250000	57.000000	9.636285e+04	1.626365e-04
	150	109	10.500000	46.250000	1.002197e+05	2.208924e-05
	137	117	7.250000	44.250000	1.009173e+05	1.107735e-04
	279	121	42.750000	43.250000	1.019007e+05	-2.296692e-05
2022	2	17	4	6
	131	38	5.750000	64.000000	9.731198e+04	7.018455e-05
	198	55	22.500000	59.750000	9.604916e+04	2.699942e-04
	195	67	21.750000	56.750000	9.611041e+04	1.618328e-04
	278	121	42.500000	43.250000	1.018273e+05	-1.405777e-05
2022	2	17	4	9
	200	54	23.000000	60.000000	9.597644e+04	2.349718e-04
	206	62	24.500000	58.000000	9.597644e+04	1.907077e-04
	2	110	-26.500000	46.000000	1.006790e+05	2.467372e-04
	278	120	42.500000	43.500000	1.017310e+05	-2.666297e-05
2022	2	17	4	12
	115	43	1.750000	62.750000	9.744905e+04	1.127179e-04
	204	54	24.000000	60.000000	9.595954e+04	1.931439e-04
	12	106	-24.000000	47.000000	1.002314e+05	2.493259e-04
	20	112	-22.000000	45.500000	1.002314e+05	3.908479e-05
2022	2	17	2	15
	216	52	27.000000	60.500000	9.591131e+04	1.838868e-04
	23	101	-21.250000	48.250000	9.982364e+04	1.665278e-04
2022	2	17	3	18
	41	46	-16.750000	62.000000	9.865433e+04	1.748247e-04
	218	49	27.500000	61.250000	9.588573e+04	1.970888e-04
	35	100	-18.250000	48.500000	9.917022e+04	1.745253e-04
2022	2	17	4	21
	41	46	-16.750000	62.000000	9.851540e+04	1.971693e-04
	220	46	28.000000	62.000000	9.582898e+04	1.708186e-04
	42	94	-16.500000	50.000000	9.826994e+04	3.961495e-04
	158	108	12.500000	46.500000	1.010528e+05	-5.251479e-06
2022	2	18	5	0
	6	7	-25.500000	71.750000	1.004564e+05	-2.049345e-05
	222	43	28.500000	62.750000	9.588666e+04	1.469056e-04
	43	47	-16.250000	61.750000	9.834777e+04	2.815879e-04
	47	92	-15.250000	50.500000	9.775359e+04	5.012127e-04
	154	110	11.500000	46.000000	1.013972e+05	5.466913e-05
2022	2	18	5	3
	6	7	-25.500000	71.750000	1.004439e+05	-1.641100e-05
	223	40	28.750000	63.500000	9.591520e+04	1.972499e-04
	42	46	-16.500000	62.000000	9.813457e+04	2.935020e-04
	56	92	-13.000000	50.500000	9.741540e+04	5.588593e-04
	146	115	9.500000	44.750000	1.014419e+05	-5.753340e-05
2022	2	18	7	6
	6	7	-25.500000	71.750000	1.004050e+05	-2.297984e-05
	223	37	28.750000	64.250000	9.599846e+04	1.642892e-04
	40	46	-17.000000	62.000000	9.798788e+04	2.917914e-04
	52	52	-14.000000	60.500000	9.798788e+04	4.407640e-05
	79	82	-7.250000	53.000000	9.735384e+04	3.351637e-04
	72	89	-9.000000	51.250000	9.735384e+04	4.924324e-04
	142	107	8.500000	46.750000	1.011099e+05	-7.299754e-05
2022	2	18	4	9
	6	7	-25.500000	71.750000	1.004380e+05	-4.343327e-05
	223	35	28.750000	64.750000	9.613662e+04	1.413369e-04
	37	47	-17.750000	61.750000	9.807844e+04	3.586432e-04
	86	84	-5.500000	52.500000	9.729477e+04	4.365098e-04
2022	2	18	5	12
	6	7	-25.500000	71.750000	1.004045e+05	-4.651188e-05
	230	34	30.500000	65.000000	9.630610e+04	1.669043e-04
	37	49	-17.750000	61.250000	9.818822e+04	3.235324e-04
	101	80	-1.750000	53.500000	9.719072e+04	2.807629e-04
	274	118	41.500000	44.000000	1.004440e+05	-7.998013e-05
2022	2	18	6	15
	6	7	-25.500000	71.750000	1.003498e+05	-4.905065e-05
	134	23	6.500000	67.750000	9.770738e+04	4.196165e-05
	112	30	1.000000	66.000000	9.770738e+04	2.263320e-04
	232	33	31.000000	65.250000	9.646023e+04	1.425993e-04
	39	49	-17.250000	61.250000	9.826389e+04	2.764625e-04
	114	77	1.500000	54.250000	9.701876e+04	2.017975e-04
2022	2	18	10	18
	6	7	-25.500000	71.750000	1.002476e+05	-2.534856e-05
	147	29	9.750000	66.250000	9.756426e+04	3.894398e-05
	233	31	31.250000	65.750000	9.654350e+04	1.279169e-04
	114	32	1.500000	65.500000	9.751634e+04	2.324301e-04
	40	49	-17.000000	61.250000	9.826063e+04	2.839546e-04
	0	57	-27.000000	59.250000	9.824684e+04	1.069450e-04
	0	58	-27.000000	59.000000	9.824684e+04	1.223969e-04
	134	67	6.500000	56.750000	9.686308e+04	2.298198e-04
	278	118	42.500000	44.000000	1.007587e+05	3.796653e-05
	110	128	0.500000	41.500000	1.012930e+05	4.427576e-05
2022	2	18	9	21
	149	28	10.250000	66.500000	9.752705e+04	4.952634e-05
	234	30	31.500000	66.000000	9.666677e+04	1.385462e-04
	118	34	2.500000	65.000000	9.741866e+04	2.427938e-04
	41	49	-16.750000	61.250000	9.826498e+04	2.674642e-04
	12	60	-24.000000	58.500000	9.793562e+04	1.663484e-04
	145	65	9.250000	57.250000	9.668305e+04	2.058554e-04
	138	111	7.500000	45.750000	1.009787e+05	-1.564124e-05
	282	121	43.500000	43.250000	1.007847e+05	3.219829e-05
	273	129	41.250000	41.250000	1.007847e+05	-7.989926e-06
2022	2	19	8	0
	6	7	-25.500000	71.750000	1.002572e+05	-2.674460e-05
	152	28	11.000000	66.500000	9.748657e+04	4.836861e-05
	235	29	31.750000	66.250000	9.681408e+04	1.183596e-04
	123	35	3.750000	64.750000	9.739819e+04	2.298586e-04
	20	58	-22.000000	59.000000	9.782833e+04	1.844981e-04
	161	66	13.250000	57.000000	9.674523e+04	2.040661e-04
	137	117	7.250000	44.250000	1.013817e+05	1.452119e-04
	244	149	34.000000	36.250000	1.010399e+05	1.207282e-04
2022	2	19	12	3
	288	13	45.000000	70.250000	9.747495e+04	5.218251e-05
	252	17	36.000000	69.250000	9.687749e+04	1.530299e-04
	154	27	11.500000	66.750000	9.742842e+04	9.206253e-05
	244	28	34.000000	66.500000	9.687749e+04	1.211755e-04
	127	35	4.750000	64.750000	9.734500e+04	1.820408e-04
	26	50	-20.500000	61.000000	9.755712e+04	3.779412e-05
	0	56	-27.000000	59.500000	9.802525e+04	1.095862e-04
	30	58	-19.500000	59.000000	9.755712e+04	2.351222e-04
	183	61	18.750000	58.250000	9.645573e+04	2.102637e-04
	137	117	7.250000	44.250000	1.012727e+05	1.277608e-04
	245	151	34.250000	35.750000	1.009793e+05	1.357488e-04
	265	158	39.250000	34.000000	1.010675e+05	3.359200e-05
2022	2	19	9	6
	250	17	35.500000	69.250000	9.691409e+04	1.417198e-04
	156	27	12.000000	66.750000	9.740609e+04	1.060532e-04
	246	27	34.500000	66.750000	9.691409e+04	9.389310e-05
	130	35	5.500000	64.750000	9.737167e+04	1.757387e-04
	32	57	-19.000000	59.250000	9.756534e+04	2.479234e-04
	192	59	21.000000	58.750000	9.636130e+04	2.390585e-04
	49	62	-14.750000	58.000000	9.756534e+04	2.935676e-04
	137	117	7.250000	44.250000	1.013556e+05	1.110914e-04
	245	153	34.250000	35.250000	1.010021e+05	1.595468e-04
2022	2	19	8	9
	246	18	34.500000	69.000000	9.702062e+04	1.537513e-04
	157	26	12.250000	67.000000	9.752053e+04	9.171966e-05
	134	35	6.500000	64.750000	9.747882e+04	2.164413e-04
	37	57	-17.750000	59.250000	9.778320e+04	3.072335e-04
	199	60	22.750000	58.500000	9.663902e+04	2.090662e-04
	66	67	-10.500000	56.750000	9.807162e+04	2.926856e-04
	137	117	7.250000	44.250000	1.015684e+05	9.108412e-05
	244	156	34.000000	34.500000	1.010358e+05	2.107083e-04
2022	2	19	8	12
	245	19	34.250000	68.750000	9.714761e+04	1.236270e-04
	157	26	12.250000	67.000000	9.755666e+04	8.953334e-05
	138	36	7.500000	64.500000	9.754859e+04	2.886473e-04
	6	45	-25.500000	62.250000	9.854966e+04	1.497550e-04
	35	56	-18.250000	59.500000	9.821412e+04	2.464099e-04
	221	56	28.250000	59.500000	9.676988e+04	1.606251e-04
	75	67	-8.250000	56.750000	9.826730e+04	2.744240e-04
	243	157	33.750000	34.250000	1.010358e+05	2.236838e-04
2022	2	19	10	15
	267	18	39.750000	69.000000	9.727724e+04	8.038578e-05
	246	21	34.500000	68.250000	9.727724e+04	6.566081e-05
	158	25	12.500000	67.250000	9.763620e+04	1.218583e-04
	145	36	9.250000	64.500000	9.762334e+04	2.885909e-04
	230	55	30.500000	59.750000	9.679671e+04	1.377932e-04
	37	57	-17.750000	59.250000	9.851230e+04	2.275267e-04
	82	68	-6.500000	56.500000	9.850268e+04	2.764944e-04
	108	70	0.000000	56.000000	9.850981e+04	2.054022e-04
	117	157	2.250000	34.250000	1.015794e+05	2.757148e-05
	241	160	33.250000	33.500000	1.012421e+05	1.612079e-04
2022	2	19	9	18
	271	16	40.750000	69.500000	9.732795e+04	7.754943e-05
	249	22	35.250000	68.000000	9.732795e+04	5.090449e-05
	158	25	12.500000	67.250000	9.776661e+04	1.064279e-04
	150	33	10.500000	65.250000	9.776661e+04	1.957831e-04
	240	53	33.000000	60.250000	9.690851e+04	1.170594e-04
	46	56	-15.500000	59.500000	9.856331e+04	2.038615e-04
	0	61	-27.000000	58.250000	9.755092e+04	1.196678e-04
	121	70	3.250000	56.000000	9.853850e+04	1.836238e-04
	240	162	33.000000	33.000000	1.014766e+05	8.134525e-05
2022	2	19	5	21
	273	16	41.250000	69.500000	9.738051e+04	6.549267e-05
	158	25	12.500000	67.250000	9.785422e+04	1.105719e-04
	252	54	36.000000	60.000000	9.692619e+04	1.215003e-04
	0	56	-27.000000	59.500000	9.662025e+04	1.592621e-04
	137	70	7.250000	56.000000	9.857494e+04	1.758136e-04
2022	2	20	8	0
	273	15	41.250000	69.750000	9.745106e+04	4.912244e-05
	156	25	12.000000	67.250000	9.794462e+04	1.621192e-04
	288	46	45.000000	62.000000	9.762907e+04	9.949143e-05
	0	51	-27.000000	60.750000	9.575626e+04	1.004154e-04
	260	52	38.000000	60.500000	9.700805e+04	1.084090e-04
	0	59	-27.000000	58.750000	9.575626e+04	1.912885e-04
	149	70	10.250000	56.000000	9.861153e+04	1.756479e-04
	165	126	14.250000	42.000000	1.016502e+05	-1.021065e-05
