2022	2	14	7	0
	2	6	-26.500000	72.000000	9.974688e+04	-7.882918e-06
	217	9	27.250000	71.250000	9.838526e+04	1.175051e-04
	192	12	21.000000	70.500000	9.838526e+04	1.161642e-04
	1	17	-26.750000	69.250000	9.974688e+04	3.575462e-06
	219	23	27.750000	67.750000	9.843132e+04	1.148982e-04
	113	62	1.250000	58.000000	9.844698e+04	8.053597e-05
	106	71	-0.500000	55.750000	9.844698e+04	8.645328e-05
2022	2	14	3	3
	212	9	26.000000	71.250000	9.809808e+04	2.169624e-04
	232	20	31.000000	68.500000	9.817077e+04	7.368603e-05
	108	70	0.000000	56.000000	9.840782e+04	1.182482e-04
2022	2	14	4	6
	57	3	-12.750000	72.750000	1.001100e+05	6.447651e-05
	58	3	-12.500000	72.750000	1.001100e+05	7.268693e-05
	219	8	27.750000	71.500000	9.805061e+04	2.188560e-04
	112	69	1.000000	56.250000	9.845138e+04	1.090428e-04
2022	2	14	3	9
	224	8	29.000000	71.500000	9.809683e+04	1.976047e-04
	1	55	-26.750000	59.750000	9.800737e+04	1.395453e-04
	124	66	4.000000	57.000000	9.854491e+04	1.018783e-04
2022	2	14	4	12
	235	7	31.750000	71.750000	9.807302e+04	1.530763e-04
	222	15	28.500000	69.750000	9.807302e+04	1.954027e-04
	6	50	-25.500000	61.000000	9.755052e+04	2.618570e-04
	132	63	6.000000	57.750000	9.852250e+04	1.920236e-04
2022	2	14	3	15
	237	7	32.250000	71.750000	9.815902e+04	1.354008e-04
	3	45	-26.250000	62.250000	9.711011e+04	2.208433e-04
	134	61	6.500000	58.250000	9.861227e+04	1.738264e-04
2022	2	14	7	18
	6	7	-25.500000	71.750000	9.968562e+04	2.762242e-05
	252	13	36.000000	70.250000	9.821684e+04	1.741950e-04
	288	13	45.000000	70.250000	9.915765e+04	5.777899e-05
	27	39	-20.250000	63.750000	9.683547e+04	-8.676556e-05
	0	41	-27.000000	63.250000	9.683061e+04	1.456884e-04
	127	52	4.750000	60.500000	9.879777e+04	1.275605e-04
	133	61	6.250000	58.250000	9.879777e+04	1.506010e-04
2022	2	14	6	21
	257	12	37.250000	70.500000	9.820948e+04	1.644442e-04
	0	37	-27.000000	64.250000	9.670152e+04	1.827687e-04
	27	39	-20.250000	63.750000	9.670152e+04	4.857297e-05
	126	51	4.500000	60.750000	9.880059e+04	1.043708e-04
	134	61	6.500000	58.250000	9.880059e+04	1.714986e-04
	138	120	7.500000	43.500000	1.011304e+05	1.321835e-04
2022	2	15	7	0
	246	5	34.500000	72.250000	9.825162e+04	7.511971e-05
	6	7	-25.500000	71.750000	9.952426e+04	4.959231e-05
	262	12	38.500000	70.500000	9.825162e+04	1.718116e-04
	29	44	-19.750000	62.500000	9.731441e+04	2.001102e-04
	125	51	4.250000	60.750000	9.878774e+04	1.120032e-04
	151	52	10.750000	60.500000	9.880921e+04	2.656767e-04
	145	118	9.250000	44.000000	1.011358e+05	1.265876e-04
2022	2	15	7	3
	266	12	39.500000	70.500000	9.830567e+04	2.087931e-04
	34	41	-18.500000	63.250000	9.747516e+04	2.384668e-04
	152	50	11.000000	61.000000	9.873934e+04	2.633122e-04
	125	51	4.250000	60.750000	9.870001e+04	9.947298e-05
	143	59	8.750000	58.750000	9.870612e+04	1.722857e-04
	171	103	15.750000	47.750000	1.010313e+05	6.183178e-05
	146	118	9.500000	44.000000	1.010751e+05	1.202297e-04
2022	2	15	7	6
	272	12	41.000000	70.500000	9.836646e+04	2.015737e-04
	33	36	-18.750000	64.500000	9.738632e+04	1.180467e-04
	154	48	11.500000	61.500000	9.867557e+04	2.189036e-04
	124	49	4.000000	61.250000	9.864517e+04	1.194466e-04
	148	57	10.000000	59.250000	9.870894e+04	1.918334e-04
	0	86	-27.000000	52.000000	9.911456e+04	1.204587e-04
	154	117	11.500000	44.250000	1.011292e+05	1.071243e-04
2022	2	15	7	9
	276	11	42.000000	70.750000	9.848052e+04	1.922011e-04
	15	30	-23.250000	66.000000	9.723341e+04	1.703320e-04
	36	35	-18.000000	64.750000	9.734559e+04	2.216702e-04
	124	47	4.000000	61.750000	9.857201e+04	1.410601e-04
	156	47	12.000000	61.750000	9.863530e+04	1.677036e-04
	3	83	-26.250000	52.750000	9.876770e+04	1.854294e-04
	158	114	12.500000	45.000000	1.012223e+05	1.092214e-04
2022	2	15	6	12
	279	11	42.750000	70.750000	9.859770e+04	2.296343e-04
	0	28	-27.000000	66.500000	9.735655e+04	1.313558e-04
	42	35	-16.500000	64.750000	9.771831e+04	2.344669e-04
	125	46	4.250000	62.000000	9.853347e+04	1.815524e-04
	12	80	-24.000000	53.500000	9.865458e+04	2.001470e-04
	161	111	13.250000	45.750000	1.012378e+05	9.807586e-05
2022	2	15	5	15
	282	11	43.500000	70.750000	9.868059e+04	2.626502e-04
	0	41	-27.000000	63.250000	9.731676e+04	1.247398e-05
	23	77	-21.250000	54.250000	9.846908e+04	2.151384e-04
	148	156	10.000000	34.500000	1.014635e+05	1.378878e-05
	162	162	13.500000	33.000000	1.014486e+05	-8.610172e-06
2022	2	15	3	18
	286	11	44.500000	70.750000	9.878524e+04	1.808438e-04
	142	37	8.500000	64.250000	9.842850e+04	1.429381e-04
	162	162	13.500000	33.000000	1.014837e+05	1.079602e-05
2022	2	15	4	21
	288	11	45.000000	70.750000	9.893941e+04	8.116538e-05
	141	37	8.250000	64.250000	9.845262e+04	1.767419e-04
	164	148	14.000000	36.500000	1.016188e+05	8.311647e-05
	165	159	14.250000	33.750000	1.016188e+05	2.313317e-05
2022	2	16	3	0
	141	36	8.250000	64.500000	9.838322e+04	1.917496e-04
	0	62	-27.000000	58.000000	9.606621e+04	1.668141e-04
	166	159	14.500000	33.750000	1.015911e+05	5.519971e-05
2022	2	16	4	3
	140	34	8.000000	65.000000	9.835784e+04	2.000626e-04
	4	58	-26.000000	59.000000	9.546804e+04	4.122730e-04
	171	144	15.750000	37.500000	1.014454e+05	9.331058e-05
	169	157	15.250000	34.250000	1.014294e+05	1.023442e-04
2022	2	16	5	6
	138	33	7.500000	65.250000	9.832760e+04	2.044834e-04
	11	54	-24.250000	60.000000	9.533895e+04	3.918521e-04
	280	121	43.000000	43.250000	1.021454e+05	9.792178e-07
	174	144	16.500000	37.500000	1.014204e+05	7.143339e-05
	172	153	16.000000	35.250000	1.014204e+05	1.381984e-04
2022	2	16	6	9
	135	32	6.750000	65.500000	9.826337e+04	1.842139e-04
	14	51	-23.500000	60.750000	9.523507e+04	4.752697e-04
	162	52	13.500000	60.500000	9.871051e+04	4.237557e-05
	46	53	-15.500000	60.250000	9.539801e+04	2.136043e-04
	28	58	-20.000000	59.000000	9.523507e+04	2.489283e-04
	175	151	16.750000	35.750000	1.014076e+05	1.375547e-04
2022	2	16	6	12
	131	31	5.750000	65.750000	9.809604e+04	1.695549e-04
	16	50	-23.000000	61.000000	9.540741e+04	4.319812e-04
	174	50	16.500000	61.000000	9.866633e+04	6.901079e-05
	43	54	-16.250000	60.000000	9.547337e+04	3.058893e-04
	279	120	42.750000	43.500000	1.019143e+05	1.398521e-05
	175	147	16.750000	36.750000	1.012096e+05	1.430987e-04
2022	2	16	4	15
	0	41	-27.000000	63.250000	9.708285e+04	3.611933e-05
	52	48	-14.000000	61.500000	9.535540e+04	2.415058e-04
	280	121	43.000000	43.250000	1.019984e+05	-1.387073e-05
	178	146	17.500000	37.000000	1.010256e+05	1.632771e-04
2022	2	16	4	18
	46	47	-15.500000	61.750000	9.532595e+04	3.595405e-04
	73	48	-8.750000	61.500000	9.535258e+04	2.814462e-04
	278	120	42.500000	43.500000	1.020033e+05	-2.879508e-05
	177	144	17.250000	37.500000	1.009453e+05	1.838021e-04
2022	2	16	5	21
	288	8	45.000000	71.500000	9.901774e+04	1.298178e-04
	73	47	-8.750000	61.750000	9.556283e+04	2.606006e-04
	41	49	-16.750000	61.250000	9.560027e+04	4.379122e-04
	281	121	43.250000	43.250000	1.019784e+05	-2.135101e-05
	177	144	17.250000	37.500000	1.009960e+05	1.986147e-04
2022	2	17	7	0
	285	8	44.250000	71.500000	9.900552e+04	1.708864e-04
	97	46	-2.750000	62.000000	9.568017e+04	2.518363e-04
	72	48	-9.000000	61.500000	9.568017e+04	2.602797e-04
	150	57	10.500000	59.250000	9.662083e+04	2.891693e-04
	137	117	7.250000	44.250000	1.016036e+05	3.302945e-05
	281	121	43.250000	43.250000	1.019633e+05	-8.841991e-06
	175	145	16.750000	37.250000	1.009450e+05	1.846352e-04
2022	2	17	7	3
	6	7	-25.500000	71.750000	9.984574e+04	-1.958803e-05
	285	9	44.250000	71.250000	9.894144e+04	1.768507e-04
	109	45	0.250000	62.250000	9.568033e+04	2.612151e-04
	110	45	0.500000	62.250000	9.568033e+04	2.666180e-04
	160	56	13.000000	59.500000	9.643079e+04	2.862040e-04
	137	117	7.250000	44.250000	1.014615e+05	4.416181e-05
	175	147	16.750000	36.750000	1.008472e+05	1.874007e-04
2022	2	17	7	6
	287	9	44.750000	71.250000	9.889632e+04	1.310987e-04
	117	44	2.250000	62.500000	9.569804e+04	2.372172e-04
	91	49	-4.250000	61.250000	9.571950e+04	2.394661e-04
	167	56	14.750000	59.500000	9.635997e+04	2.922469e-04
	136	116	7.000000	44.500000	1.014527e+05	7.109319e-05
	281	121	43.250000	43.250000	1.018579e+05	-1.281141e-05
	174	149	16.500000	36.250000	1.009685e+05	2.008856e-04
2022	2	17	6	9
	121	43	3.250000	62.750000	9.584233e+04	2.273209e-04
	99	51	-2.250000	60.750000	9.585643e+04	2.408334e-04
	191	57	20.750000	59.250000	9.638990e+04	2.201170e-04
	136	116	7.000000	44.500000	1.015134e+05	8.014696e-05
	283	129	43.750000	41.250000	1.015940e+05	8.007406e-06
	172	152	16.000000	35.500000	1.011507e+05	2.288956e-04
2022	2	17	6	12
	288	32	45.000000	65.500000	9.872727e+04	7.894781e-05
	125	41	4.250000	63.250000	9.595795e+04	2.629006e-04
	141	47	8.250000	61.750000	9.595795e+04	-4.927763e-05
	195	56	21.750000	59.500000	9.623495e+04	2.255005e-04
	136	116	7.000000	44.500000	1.015781e+05	6.119992e-05
	173	156	16.250000	34.500000	1.011287e+05	2.432291e-04
2022	2	17	4	15
	127	39	4.750000	63.750000	9.616586e+04	3.048132e-04
	141	47	8.250000	61.750000	9.616586e+04	-3.225039e-06
	198	56	22.500000	59.500000	9.622930e+04	2.646391e-04
	173	160	16.250000	33.500000	1.010819e+05	1.904418e-04
2022	2	17	4	18
	130	40	5.500000	63.500000	9.637689e+04	2.949574e-04
	144	48	9.000000	61.500000	9.637689e+04	7.054961e-05
	201	56	23.250000	59.500000	9.624169e+04	2.788574e-04
	45	105	-15.750000	47.250000	1.003742e+05	1.701529e-04
2022	2	17	4	21
	134	40	6.500000	63.500000	9.662365e+04	2.460345e-04
	144	48	9.000000	61.500000	9.662365e+04	-1.269094e-06
	223	53	28.750000	60.250000	9.645727e+04	1.587096e-04
	56	100	-13.000000	48.500000	9.994633e+04	1.637627e-04
2022	2	18	4	0
	140	39	8.000000	63.750000	9.679959e+04	1.871315e-04
	237	49	32.250000	61.250000	9.641512e+04	1.656511e-04
	58	78	-12.500000	54.000000	9.922486e+04	3.375347e-04
	66	94	-10.500000	50.000000	9.947365e+04	1.979607e-04
2022	2	18	5	3
	6	7	-25.500000	71.750000	1.002891e+05	-2.935775e-05
	146	38	9.500000	64.000000	9.705527e+04	1.549384e-04
	246	46	34.500000	62.000000	9.636921e+04	1.234646e-04
	64	74	-11.000000	55.000000	9.859128e+04	4.462291e-04
	77	88	-7.750000	51.500000	9.896275e+04	2.556245e-04
2022	2	18	7	6
	6	7	-25.500000	71.750000	1.002144e+05	-3.030527e-05
	1	18	-26.750000	69.000000	9.930006e+04	-7.254651e-05
	157	23	12.250000	67.750000	9.733728e+04	3.384377e-05
	147	34	9.750000	65.000000	9.733728e+04	1.661709e-04
	249	44	35.250000	62.500000	9.643846e+04	1.422436e-04
	67	70	-10.250000	56.000000	9.786777e+04	4.060917e-04
	87	82	-5.250000	53.000000	9.828624e+04	3.131405e-04
2022	2	18	8	9
	6	7	-25.500000	71.750000	1.002471e+05	1.992464e-06
	1	18	-26.750000	69.000000	9.938074e+04	-7.336991e-05
	155	22	11.750000	68.000000	9.749098e+04	-4.017745e-06
	149	33	10.250000	65.250000	9.749098e+04	1.609330e-04
	269	37	40.250000	64.250000	9.657414e+04	1.200852e-04
	251	44	35.750000	62.500000	9.657414e+04	2.125096e-04
	72	70	-9.000000	56.000000	9.758905e+04	4.926177e-04
	94	77	-3.500000	54.250000	9.776045e+04	4.038250e-04
2022	2	18	8	12
	6	7	-25.500000	71.750000	1.003557e+05	-3.405285e-06
	1	18	-26.750000	69.000000	9.949120e+04	-6.774818e-05
	152	32	11.000000	65.500000	9.763794e+04	1.730578e-04
	277	33	42.250000	65.250000	9.659278e+04	1.407743e-04
	32	43	-19.000000	62.750000	9.895445e+04	1.202566e-04
	257	43	37.250000	62.750000	9.659545e+04	1.682977e-04
	80	73	-7.000000	55.250000	9.759047e+04	4.689933e-04
	103	74	-1.250000	55.000000	9.747438e+04	3.790486e-04
2022	2	18	4	15
	6	7	-25.500000	71.750000	1.004242e+05	-2.988023e-05
	285	29	44.250000	66.250000	9.668914e+04	1.732996e-04
	153	30	11.250000	66.000000	9.767898e+04	1.563075e-04
	108	72	0.000000	55.500000	9.729937e+04	3.984380e-04
2022	2	18	7	18
	6	7	-25.500000	71.750000	1.003958e+05	-1.453802e-05
	146	26	9.500000	67.000000	9.769105e+04	4.961169e-05
	147	26	9.750000	67.000000	9.769105e+04	5.521952e-05
	288	27	45.000000	66.750000	9.679191e+04	1.092399e-04
	0	57	-27.000000	59.250000	9.781309e+04	1.175949e-04
	115	74	1.750000	55.000000	9.749991e+04	4.198580e-04
	252	132	36.000000	40.500000	1.011579e+05	-2.946511e-05
2022	2	18	9	21
	0	17	-27.000000	69.250000	9.959946e+04	-6.915927e-05
	148	24	10.000000	67.500000	9.767992e+04	4.789068e-05
	288	25	45.000000	67.250000	9.707548e+04	8.331312e-05
	5	57	-25.750000	59.250000	9.745777e+04	3.309085e-04
	134	69	6.500000	56.250000	9.790538e+04	2.306136e-04
	126	77	4.500000	54.250000	9.790538e+04	4.377746e-04
	138	117	7.500000	44.250000	1.011825e+05	1.267712e-04
	283	121	43.750000	43.250000	1.002857e+05	1.647777e-05
	254	134	36.500000	40.000000	1.013871e+05	-1.906206e-05
2022	2	19	6	0
	149	24	10.250000	67.500000	9.770421e+04	3.868114e-05
	13	55	-23.750000	59.750000	9.723122e+04	3.500511e-04
	142	69	8.500000	56.250000	9.835737e+04	1.733248e-04
	139	79	7.750000	53.750000	9.835737e+04	3.729783e-04
	138	118	7.500000	44.000000	1.012555e+05	1.501489e-04
	280	120	43.000000	43.500000	1.007986e+05	-1.000085e-04
2022	2	19	6	3
	2	6	-26.500000	72.000000	1.003462e+05	1.980342e-05
	144	22	9.000000	68.000000	9.772223e+04	6.707923e-05
	288	22	45.000000	68.000000	9.790882e+04	-5.832985e-05
	0	51	-27.000000	60.750000	9.819584e+04	-2.768180e-05
	18	54	-22.500000	60.000000	9.701391e+04	3.402453e-04
	139	118	7.750000	44.000000	1.012893e+05	1.180231e-04
2022	2	19	2	6
	144	21	9.000000	68.250000	9.772552e+04	7.289351e-05
	22	54	-21.500000	60.000000	9.691192e+04	3.508661e-04
2022	2	19	6	9
	142	21	8.500000	68.250000	9.778912e+04	7.331830e-05
	44	49	-16.000000	61.250000	9.705575e+04	1.478384e-04
	64	53	-11.000000	60.250000	9.710839e+04	2.963058e-04
	29	55	-19.750000	59.750000	9.705575e+04	2.947800e-04
	205	74	24.250000	55.000000	9.894159e+04	1.417998e-04
	135	117	6.750000	44.250000	1.018142e+05	9.350833e-05
2022	2	19	4	12
	156	20	12.000000	68.500000	9.783080e+04	1.005139e-04
	69	52	-9.750000	60.500000	9.704572e+04	2.861427e-04
	38	56	-17.500000	59.500000	9.721367e+04	2.439834e-04
	228	80	30.000000	53.500000	9.876785e+04	2.145349e-04
2022	2	19	3	15
	155	19	11.750000	68.750000	9.787686e+04	1.392186e-04
	69	51	-9.750000	60.750000	9.712656e+04	2.151287e-04
	233	79	31.250000	53.750000	9.867995e+04	2.294325e-04
2022	2	19	5	18
	155	18	11.750000	69.000000	9.784317e+04	1.722790e-04
	154	19	11.500000	68.750000	9.784317e+04	1.737441e-04
	155	19	11.750000	68.750000	9.784317e+04	1.745923e-04
	74	51	-8.500000	60.750000	9.719424e+04	1.802443e-04
	236	79	32.000000	53.750000	9.868528e+04	2.796806e-04
2022	2	19	6	21
	155	18	11.750000	69.000000	9.777189e+04	1.833954e-04
	143	25	8.750000	67.250000	9.777189e+04	8.923103e-05
	101	50	-1.750000	61.000000	9.735938e+04	1.605725e-04
	20	52	-22.000000	60.500000	9.828405e+04	1.923264e-04
	73	52	-8.750000	60.500000	9.733697e+04	1.864195e-04
	240	80	33.000000	53.500000	9.878869e+04	3.046116e-04
2022	2	20	5	0
	154	19	11.500000	68.750000	9.773320e+04	1.817741e-04
	14	50	-23.500000	61.000000	9.805123e+04	2.006353e-04
	92	56	-4.000000	59.500000	9.751558e+04	2.041741e-04
	0	70	-27.000000	56.000000	9.794689e+04	1.352153e-04
	244	82	34.000000	53.000000	9.901492e+04	2.958031e-04
