2022	2	14	5	0
	4	6	-26.000000	72.000000	9.977869e+04	-3.165991e-05
	218	10	27.500000	71.000000	9.840282e+04	1.355670e-04
	1	17	-26.750000	69.250000	9.977869e+04	1.539784e-05
	113	62	1.250000	58.000000	9.850434e+04	8.354824e-05
	102	71	-1.500000	55.750000	9.850434e+04	1.630587e-04
2022	2	14	3	3
	223	7	28.750000	71.750000	9.814945e+04	1.590854e-04
	113	62	1.250000	58.000000	9.847677e+04	7.861921e-05
	107	70	-0.250000	56.000000	9.847677e+04	1.390341e-04
2022	2	14	2	6
	218	7	27.500000	71.750000	9.797090e+04	2.680054e-04
	108	70	0.000000	56.000000	9.845452e+04	1.529883e-04
2022	2	14	3	9
	225	8	29.250000	71.500000	9.797946e+04	1.865702e-04
	0	53	-27.000000	60.250000	9.797603e+04	1.557483e-04
	123	69	3.750000	56.250000	9.855038e+04	1.087453e-04
2022	2	14	4	12
	228	9	30.000000	71.250000	9.793289e+04	1.250896e-04
	0	47	-27.000000	61.750000	9.752238e+04	1.279658e-04
	127	66	4.750000	57.000000	9.838570e+04	1.849113e-04
	111	73	0.750000	55.250000	9.838570e+04	2.173088e-04
2022	2	14	3	15
	242	13	33.500000	70.250000	9.797484e+04	2.059146e-04
	0	42	-27.000000	63.000000	9.713034e+04	1.242660e-04
	131	63	5.750000	57.750000	9.820577e+04	2.544484e-04
2022	2	14	4	18
	249	12	35.250000	70.500000	9.792588e+04	1.501256e-04
	128	54	5.000000	60.000000	9.821177e+04	5.146238e-05
	147	58	9.750000	59.000000	9.821177e+04	2.188588e-04
	132	62	6.000000	58.000000	9.821177e+04	3.056622e-04
2022	2	14	7	21
	231	11	30.750000	70.750000	9.795121e+04	2.162741e-04
	256	12	37.000000	70.500000	9.795121e+04	1.872419e-04
	27	39	-20.250000	63.750000	9.722809e+04	2.769540e-05
	0	40	-27.000000	63.500000	9.721885e+04	9.465323e-05
	149	56	10.250000	59.500000	9.831516e+04	2.216446e-04
	133	60	6.250000	58.500000	9.831516e+04	2.960879e-04
	141	122	8.250000	43.000000	1.010974e+05	1.149871e-04
2022	2	15	7	0
	246	5	34.500000	72.250000	9.802739e+04	1.142710e-04
	6	7	-25.500000	71.750000	9.969994e+04	5.123774e-05
	261	12	38.250000	70.500000	9.802739e+04	2.014563e-04
	0	37	-27.000000	64.250000	9.724727e+04	1.304005e-04
	28	38	-20.000000	64.000000	9.726610e+04	-2.409627e-05
	137	60	7.250000	58.500000	9.850434e+04	2.672695e-04
	145	120	9.250000	43.500000	1.011224e+05	1.295595e-04
2022	2	15	9	3
	241	8	33.250000	71.500000	9.807276e+04	2.063113e-04
	274	12	41.500000	70.500000	9.807276e+04	1.624085e-04
	0	34	-27.000000	65.000000	9.724864e+04	9.990801e-05
	22	35	-21.500000	64.750000	9.724864e+04	8.214816e-05
	125	50	4.250000	61.000000	9.859969e+04	1.219829e-04
	144	59	9.000000	58.750000	9.854491e+04	2.408826e-04
	170	103	15.500000	47.750000	1.010166e+05	4.977934e-05
	171	103	15.750000	47.750000	1.010166e+05	6.230107e-05
	147	119	9.750000	43.750000	1.010120e+05	9.821707e-05
2022	2	15	8	6
	276	10	42.000000	71.000000	9.809552e+04	2.162530e-04
	246	12	34.500000	70.500000	9.809552e+04	2.157379e-04
	34	41	-18.500000	63.250000	9.763536e+04	2.524808e-04
	35	41	-18.250000	63.250000	9.764649e+04	2.591626e-04
	125	49	4.250000	61.250000	9.872363e+04	1.445463e-04
	149	57	10.250000	59.250000	9.856955e+04	2.376464e-04
	0	86	-27.000000	52.000000	9.907697e+04	1.046673e-04
	156	117	12.000000	44.250000	1.011029e+05	9.650584e-05
2022	2	15	8	9
	277	9	42.250000	71.250000	9.818797e+04	2.295216e-04
	35	36	-18.250000	64.500000	9.771993e+04	1.315786e-04
	0	37	-27.000000	64.250000	9.749772e+04	-3.737089e-05
	125	49	4.250000	61.250000	9.869607e+04	1.530907e-04
	73	52	-8.750000	60.500000	9.814517e+04	2.543888e-04
	153	55	11.250000	59.750000	9.868032e+04	1.820644e-04
	0	83	-27.000000	52.750000	9.860756e+04	1.140357e-04
	159	113	12.750000	45.250000	1.011621e+05	1.080036e-04
2022	2	15	7	12
	278	9	42.500000	71.250000	9.830198e+04	2.581087e-04
	0	38	-27.000000	64.000000	9.760420e+04	-3.032281e-05
	72	50	-9.000000	61.000000	9.810545e+04	2.630792e-04
	9	80	-24.750000	53.500000	9.840659e+04	2.598448e-04
	161	111	13.250000	45.750000	1.011556e+05	9.635979e-05
	163	123	13.750000	42.750000	1.011746e+05	1.340057e-05
	151	162	10.750000	33.000000	1.016712e+05	4.896403e-05
2022	2	15	6	15
	280	9	43.000000	71.250000	9.841514e+04	2.720456e-04
	15	28	-23.250000	66.500000	9.759034e+04	1.307398e-04
	0	37	-27.000000	64.250000	9.759034e+04	-2.013163e-05
	72	48	-9.000000	61.500000	9.805752e+04	2.522540e-04
	18	77	-22.500000	54.250000	9.802328e+04	2.549337e-04
	153	162	11.250000	33.000000	1.015570e+05	6.092695e-05
2022	2	15	6	18
	281	9	43.250000	71.250000	9.855380e+04	2.720889e-04
	73	47	-8.750000	61.750000	9.805906e+04	2.470359e-04
	123	61	3.750000	58.250000	9.844151e+04	1.991201e-04
	29	75	-19.750000	54.750000	9.783018e+04	2.920674e-04
	180	112	18.000000	45.500000	1.013280e+05	3.680345e-05
	161	162	13.250000	33.000000	1.016026e+05	-1.712310e-05
2022	2	15	8	21
	288	7	45.000000	71.750000	9.859387e+04	1.239572e-04
	72	45	-9.000000	62.250000	9.802277e+04	2.778084e-04
	73	45	-8.750000	62.250000	9.802277e+04	2.722298e-04
	181	46	18.250000	62.000000	9.887086e+04	1.226442e-04
	130	61	5.500000	58.250000	9.835386e+04	1.903365e-04
	45	72	-15.750000	55.500000	9.770024e+04	2.517060e-04
	185	109	19.250000	46.250000	1.014143e+05	8.472108e-05
	162	161	13.500000	33.250000	1.017022e+05	1.688190e-05
2022	2	16	6	0
	286	7	44.500000	71.750000	9.862434e+04	2.575215e-04
	72	44	-9.000000	62.500000	9.795617e+04	2.797293e-04
	186	44	19.500000	62.500000	9.885254e+04	1.546704e-04
	139	61	7.750000	58.250000	9.831739e+04	2.033727e-04
	58	70	-12.500000	56.000000	9.753298e+04	2.797291e-04
	166	159	14.500000	33.750000	1.016479e+05	1.212646e-05
2022	2	16	6	3
	288	8	45.000000	71.500000	9.867262e+04	9.318231e-05
	131	36	5.750000	64.500000	9.828366e+04	1.766636e-04
	71	43	-9.250000	62.750000	9.802637e+04	2.680848e-04
	190	43	20.500000	62.750000	9.886538e+04	1.230687e-04
	148	59	10.000000	58.750000	9.814911e+04	2.727095e-04
	75	71	-8.250000	55.750000	9.756141e+04	3.003740e-04
2022	2	16	6	6
	288	6	45.000000	72.000000	9.873048e+04	9.170491e-05
	127	36	4.750000	64.500000	9.815835e+04	1.715208e-04
	71	43	-9.250000	62.750000	9.804913e+04	2.554607e-04
	153	58	11.250000	59.000000	9.804229e+04	2.550858e-04
	83	72	-6.250000	55.500000	9.769939e+04	3.213356e-04
	98	75	-2.500000	54.750000	9.769939e+04	2.173896e-04
2022	2	16	12	9
	288	4	45.000000	72.500000	9.872141e+04	1.340889e-04
	124	37	4.000000	64.250000	9.808868e+04	1.352441e-04
	71	43	-9.250000	62.750000	9.818403e+04	2.143893e-04
	72	43	-9.000000	62.750000	9.818403e+04	2.154758e-04
	142	48	8.500000	61.500000	9.803202e+04	-2.265961e-05
	160	57	13.000000	59.250000	9.802277e+04	1.964875e-04
	101	75	-1.750000	54.750000	9.772575e+04	2.466795e-04
	116	75	2.000000	54.750000	9.772575e+04	2.802603e-04
	9	76	-24.750000	54.500000	9.816828e+04	1.986566e-04
	137	116	7.250000	44.500000	1.010601e+05	9.496838e-05
	279	120	42.750000	43.500000	1.022086e+05	1.957312e-05
	175	152	16.750000	35.500000	1.016183e+05	1.085342e-04
2022	2	16	11	12
	280	3	43.000000	72.750000	9.870994e+04	2.885833e-04
	281	3	43.250000	72.750000	9.870994e+04	2.920324e-04
	0	36	-27.000000	64.500000	9.729178e+04	8.386328e-05
	123	38	3.750000	64.000000	9.808611e+04	1.503943e-04
	72	43	-9.000000	62.750000	9.826176e+04	1.901309e-04
	164	56	14.000000	59.500000	9.804348e+04	1.361307e-04
	14	74	-23.500000	55.000000	9.804383e+04	2.261951e-04
	132	76	6.000000	54.500000	9.755045e+04	2.674478e-04
	137	116	7.250000	44.500000	1.010044e+05	9.768818e-05
	279	120	42.750000	43.500000	1.019119e+05	1.345495e-05
	178	150	17.500000	36.000000	1.014014e+05	1.012165e-04
2022	2	16	11	15
	278	4	42.500000	72.500000	9.866115e+04	2.408898e-04
	0	33	-27.000000	65.250000	9.742891e+04	1.212229e-04
	123	38	3.750000	64.000000	9.804314e+04	1.596685e-04
	73	43	-8.750000	62.750000	9.823180e+04	1.950836e-04
	170	55	15.500000	59.750000	9.805067e+04	9.817748e-05
	24	71	-21.000000	55.750000	9.782573e+04	2.514647e-04
	45	72	-15.750000	55.500000	9.782573e+04	1.821354e-04
	151	77	10.750000	54.250000	9.759445e+04	2.379760e-04
	137	119	7.250000	43.750000	1.012427e+05	1.651910e-04
	180	148	18.000000	36.500000	1.012670e+05	1.155193e-04
	268	162	40.000000	33.000000	1.016560e+05	9.285370e-05
2022	2	16	10	18
	276	4	42.000000	72.500000	9.864523e+04	2.345367e-04
	125	39	4.250000	63.750000	9.803184e+04	1.518407e-04
	74	43	-8.500000	62.750000	9.822974e+04	2.209349e-04
	179	52	17.750000	60.500000	9.808355e+04	1.048127e-04
	180	52	18.000000	60.500000	9.808355e+04	1.035261e-04
	31	69	-19.250000	56.250000	9.774098e+04	2.546884e-04
	55	70	-13.250000	56.000000	9.778241e+04	2.121890e-04
	164	76	14.000000	54.500000	9.768620e+04	2.223389e-04
	182	145	18.500000	37.250000	1.012398e+05	1.464096e-04
	275	161	41.750000	33.250000	1.016428e+05	4.703192e-05
2022	2	16	10	21
	275	3	41.750000	72.750000	9.865721e+04	2.364452e-04
	125	39	4.250000	63.750000	9.801506e+04	1.409615e-04
	126	39	4.500000	63.750000	9.801506e+04	1.397109e-04
	74	44	-8.500000	62.500000	9.819105e+04	1.905161e-04
	64	67	-11.000000	56.750000	9.762902e+04	2.142417e-04
	36	70	-18.000000	56.000000	9.776512e+04	3.697763e-04
	174	76	16.500000	54.500000	9.774647e+04	1.736465e-04
	138	117	7.500000	44.250000	1.009466e+05	6.078611e-05
	281	121	43.250000	43.250000	1.019616e+05	-1.879581e-05
	182	143	18.500000	37.750000	1.012352e+05	1.492865e-04
2022	2	17	8	0
	272	4	41.000000	72.500000	9.868956e+04	2.381839e-04
	128	39	5.000000	63.750000	9.800736e+04	1.337192e-04
	73	45	-8.750000	62.250000	9.820475e+04	1.968298e-04
	72	65	-9.000000	57.250000	9.740545e+04	2.494846e-04
	52	67	-14.000000	56.750000	9.740545e+04	1.561819e-04
	187	75	19.750000	54.750000	9.782025e+04	8.885493e-05
	281	121	43.250000	43.250000	1.018414e+05	-2.705572e-05
	184	142	19.000000	38.000000	1.011441e+05	1.394332e-04
2022	2	17	5	3
	273	4	41.250000	72.500000	9.869367e+04	2.439396e-04
	130	39	5.500000	63.750000	9.792330e+04	1.448857e-04
	71	46	-9.250000	62.000000	9.809108e+04	1.995116e-04
	77	64	-7.750000	57.500000	9.722536e+04	3.050863e-04
	178	147	17.500000	36.750000	1.010560e+05	1.241787e-04
2022	2	17	6	6
	275	3	41.750000	72.750000	9.870429e+04	2.195675e-04
	133	38	6.250000	64.000000	9.787178e+04	1.418489e-04
	203	62	23.750000	58.000000	9.771291e+04	8.572776e-05
	81	64	-6.750000	57.500000	9.734194e+04	3.117824e-04
	102	65	-1.500000	57.250000	9.734194e+04	1.398561e-04
	179	151	17.750000	35.750000	1.011501e+05	1.458884e-04
2022	2	17	6	9
	273	1	41.250000	73.250000	9.877755e+04	1.761345e-04
	133	37	6.250000	64.250000	9.789848e+04	1.470033e-04
	205	61	24.250000	58.250000	9.762920e+04	1.123735e-04
	87	65	-5.250000	57.250000	9.792348e+04	2.936164e-04
	5	103	-25.750000	47.750000	1.002104e+05	2.661635e-04
	278	119	42.500000	43.750000	1.012838e+05	8.161633e-06
2022	2	17	6	12
	271	1	40.750000	73.250000	9.882241e+04	1.574690e-04
	131	38	5.750000	64.000000	9.799264e+04	1.594095e-04
	209	55	25.250000	59.750000	9.750816e+04	1.293016e-04
	141	74	8.250000	55.000000	9.808149e+04	1.526212e-04
	19	80	-22.250000	53.500000	1.004789e+05	1.179427e-04
	13	99	-23.750000	48.750000	9.979050e+04	3.618012e-04
2022	2	17	5	15
	270	0	40.500000	73.500000	9.885905e+04	1.086534e-04
	133	38	6.250000	64.000000	9.815938e+04	1.599197e-04
	213	53	26.250000	60.250000	9.746262e+04	1.195229e-04
	23	95	-21.250000	49.750000	9.931185e+04	3.467811e-04
	188	161	20.000000	33.250000	1.010508e+05	1.251253e-04
2022	2	17	4	18
	271	0	40.750000	73.500000	9.891314e+04	8.260635e-05
	136	39	7.000000	63.750000	9.830233e+04	1.564861e-04
	215	53	26.750000	60.250000	9.746195e+04	1.308321e-04
	33	88	-18.750000	51.500000	9.850177e+04	4.483539e-04
2022	2	17	4	21
	138	40	7.500000	63.500000	9.848242e+04	1.393763e-04
	217	52	27.250000	60.500000	9.747478e+04	1.273872e-04
	41	83	-16.750000	52.750000	9.775245e+04	5.575768e-04
	159	107	12.750000	46.750000	1.002335e+05	-2.473207e-05
2022	2	18	3	0
	149	21	10.250000	68.250000	9.865224e+04	1.187223e-04
	220	52	28.000000	60.500000	9.753676e+04	1.148725e-04
	48	80	-15.000000	53.500000	9.692611e+04	6.158397e-04
2022	2	18	3	3
	146	21	9.500000	68.250000	9.863958e+04	1.090074e-04
	224	47	29.000000	61.750000	9.762800e+04	8.191331e-05
	60	76	-12.000000	54.500000	9.640260e+04	6.391564e-04
2022	2	18	3	6
	137	23	7.250000	67.750000	9.859045e+04	1.544250e-04
	222	40	28.500000	63.500000	9.769665e+04	9.386757e-05
	69	72	-9.750000	55.500000	9.612425e+04	5.919998e-04
2022	2	18	3	9
	137	25	7.250000	67.250000	9.855398e+04	1.425668e-04
	222	38	28.500000	64.000000	9.774955e+04	9.471065e-05
	76	70	-8.000000	56.000000	9.588166e+04	6.159813e-04
2022	2	18	3	12
	138	26	7.500000	67.000000	9.848893e+04	1.389615e-04
	223	36	28.750000	64.500000	9.783291e+04	9.516894e-05
	86	70	-5.500000	56.000000	9.610970e+04	4.800321e-04
2022	2	18	3	15
	140	27	8.000000	66.750000	9.829000e+04	1.079609e-04
	225	34	29.250000	65.000000	9.786938e+04	6.188576e-05
	99	69	-2.250000	56.250000	9.630759e+04	3.975969e-04
2022	2	18	5	18
	142	27	8.500000	66.750000	9.811419e+04	1.168612e-04
	226	32	29.500000	65.500000	9.785654e+04	6.068479e-05
	111	58	0.750000	59.000000	9.640688e+04	1.789969e-04
	112	67	1.000000	56.750000	9.640688e+04	3.133735e-04
	219	147	27.750000	36.750000	1.006422e+05	1.752949e-04
2022	2	18	7	21
	142	27	8.500000	66.750000	9.793375e+04	1.701459e-04
	232	32	31.000000	65.500000	9.783805e+04	7.286060e-05
	0	54	-27.000000	60.000000	9.840419e+04	1.114027e-04
	148	58	10.000000	59.000000	9.673934e+04	2.571633e-04
	124	67	4.000000	56.750000	9.649197e+04	2.980530e-04
	231	147	30.750000	36.750000	1.005891e+05	3.456291e-05
	221	150	28.250000	36.000000	1.005891e+05	1.834875e-04
2022	2	19	6	0
	6	7	-25.500000	71.750000	1.002806e+05	-5.373591e-05
	142	27	8.500000	66.750000	9.780809e+04	1.754997e-04
	233	30	31.250000	66.000000	9.785277e+04	6.921086e-05
	151	57	10.750000	59.250000	9.651405e+04	2.419550e-04
	137	66	7.250000	57.000000	9.651405e+04	3.148683e-04
	221	156	28.250000	34.500000	1.005369e+05	2.160158e-04
2022	2	19	8	3
	6	7	-25.500000	71.750000	1.001988e+05	-5.315141e-05
	219	26	27.750000	67.000000	9.775948e+04	8.243703e-05
	140	27	8.000000	66.750000	9.770658e+04	1.832137e-04
	245	29	34.250000	66.250000	9.775948e+04	8.931553e-05
	176	55	17.000000	59.750000	9.689616e+04	2.243790e-04
	177	55	17.250000	59.750000	9.690608e+04	2.348616e-04
	149	66	10.250000	57.000000	9.658081e+04	2.739507e-04
	221	162	28.250000	33.000000	1.004701e+05	8.281725e-05
2022	2	19	9	6
	6	7	-25.500000	71.750000	1.001004e+05	-6.150434e-05
	139	27	7.750000	66.750000	9.770127e+04	1.591688e-04
	246	27	34.500000	66.750000	9.771873e+04	6.825689e-05
	0	44	-27.000000	62.500000	9.735615e+04	6.643729e-05
	184	53	19.000000	60.250000	9.669277e+04	2.376195e-04
	169	58	15.250000	59.000000	9.669277e+04	8.879579e-05
	0	60	-27.000000	58.500000	9.714387e+04	1.046299e-04
	162	66	13.500000	57.000000	9.682425e+04	3.042490e-04
	222	162	28.500000	33.000000	1.006727e+05	7.475160e-05
2022	2	19	7	9
	6	7	-25.500000	71.750000	1.000651e+05	-6.684306e-05
	138	28	7.500000	66.500000	9.780552e+04	8.989820e-05
	187	52	19.750000	60.500000	9.676091e+04	2.509486e-04
	0	57	-27.000000	59.250000	9.613434e+04	1.363734e-04
	178	65	17.500000	57.250000	9.683041e+04	2.481165e-04
	138	117	7.500000	44.250000	1.015439e+05	1.165385e-04
	221	162	28.250000	33.000000	1.010972e+05	5.448100e-05
2022	2	19	4	12
	143	29	8.750000	66.250000	9.791714e+04	9.005189e-05
	5	53	-25.750000	60.250000	9.549939e+04	3.965049e-04
	190	53	20.500000	60.250000	9.695436e+04	2.850003e-04
	157	107	12.250000	46.750000	1.015736e+05	-1.476482e-05
2022	2	19	6	15
	145	29	9.250000	66.250000	9.799487e+04	7.781335e-05
	10	51	-24.500000	60.750000	9.480949e+04	4.301383e-04
	196	55	22.000000	59.750000	9.725412e+04	2.782009e-04
	153	109	11.250000	46.250000	1.016668e+05	2.779155e-05
	135	119	6.750000	43.750000	1.015956e+05	1.109632e-04
	103	157	-1.250000	34.250000	1.016883e+05	8.736714e-06
2022	2	19	5	18
	262	16	38.500000	69.500000	9.774852e+04	9.426590e-05
	154	20	11.500000	68.500000	9.801045e+04	1.037826e-04
	149	30	10.250000	66.000000	9.801045e+04	1.150888e-04
	22	49	-21.500000	61.250000	9.417145e+04	4.840749e-04
	214	52	26.500000	60.500000	9.739570e+04	9.680219e-05
2022	2	19	5	21
	261	15	38.250000	69.750000	9.778430e+04	8.898728e-05
	152	20	11.000000	68.500000	9.807327e+04	1.444066e-04
	0	47	-27.000000	61.750000	9.552781e+04	1.370272e-04
	26	47	-20.500000	61.750000	9.379945e+04	5.827071e-04
	231	48	30.750000	61.500000	9.748951e+04	7.800022e-05
2022	2	20	3	0
	24	47	-21.000000	61.750000	9.386998e+04	5.193921e-04
	238	47	32.500000	61.750000	9.758931e+04	7.726593e-05
	0	50	-27.000000	61.000000	9.570671e+04	1.178139e-04
