2022	2	16	5	0
	53	39	-13.750000	63.750000	9.720250e+04	3.654328e-04
	119	53	2.750000	60.250000	9.799440e+04	1.727485e-04
	66	67	-10.500000	56.750000	9.728112e+04	3.075174e-04
	280	121	43.000000	43.250000	1.020658e+05	2.686682e-05
	173	122	16.250000	43.000000	1.014829e+05	5.539415e-05
2022	2	16	6	3
	46	37	-15.500000	64.250000	9.731662e+04	3.172452e-04
	123	54	3.750000	60.000000	9.796400e+04	2.181703e-04
	76	66	-8.000000	57.000000	9.725088e+04	2.966266e-04
	90	70	-4.500000	56.000000	9.725088e+04	2.195817e-04
	280	121	43.000000	43.250000	1.021187e+05	2.858768e-05
	174	123	16.500000	42.750000	1.014462e+05	6.012205e-05
2022	2	16	3	6
	40	33	-17.000000	65.250000	9.761760e+04	2.728556e-04
	122	33	3.500000	65.250000	9.789500e+04	1.875439e-04
	99	67	-2.250000	56.750000	9.748238e+04	2.121190e-04
2022	2	16	5	9
	116	34	2.000000	65.000000	9.776119e+04	2.126063e-04
	47	61	-15.250000	58.250000	9.745820e+04	9.813497e-05
	110	66	0.500000	57.000000	9.745478e+04	2.438940e-04
	48	70	-15.000000	56.000000	9.745820e+04	1.236699e-04
	181	137	18.250000	39.250000	1.014933e+05	1.383901e-04
2022	2	16	8	12
	110	34	0.500000	65.000000	9.761527e+04	1.961258e-04
	54	60	-13.500000	58.500000	9.721552e+04	1.117863e-04
	122	66	3.500000	57.000000	9.733105e+04	2.238721e-04
	62	67	-11.500000	56.750000	9.721552e+04	2.009995e-04
	137	117	7.250000	44.250000	1.013020e+05	9.253699e-05
	279	120	42.750000	43.500000	1.018932e+05	1.142341e-05
	183	127	18.750000	41.750000	1.012365e+05	1.024347e-04
	183	139	18.750000	38.750000	1.012365e+05	1.565536e-04
2022	2	16	6	15
	0	35	-27.000000	64.750000	9.789609e+04	8.028464e-06
	106	35	-0.500000	64.750000	9.744967e+04	1.746734e-04
	63	59	-11.250000	58.750000	9.676771e+04	1.908288e-04
	76	64	-8.000000	57.500000	9.676771e+04	2.972345e-04
	132	66	6.000000	57.000000	9.719025e+04	2.238381e-04
	184	136	19.000000	39.500000	1.010925e+05	1.691764e-04
2022	2	16	7	18
	70	59	-9.500000	58.750000	9.690634e+04	2.540050e-04
	86	64	-5.500000	57.500000	9.690634e+04	2.703960e-04
	140	66	8.000000	57.000000	9.704775e+04	2.470850e-04
	137	117	7.250000	44.250000	1.013398e+05	4.728863e-05
	281	121	43.250000	43.250000	1.021827e+05	-2.575819e-05
	181	127	18.250000	41.750000	1.011358e+05	1.258126e-04
	185	135	19.250000	39.750000	1.011358e+05	1.290248e-04
2022	2	16	6	21
	288	9	45.000000	71.250000	9.892615e+04	1.028832e-04
	102	65	-1.500000	57.250000	9.696510e+04	2.567807e-04
	148	66	10.000000	57.000000	9.686757e+04	1.897749e-04
	137	117	7.250000	44.250000	1.013228e+05	5.058333e-05
	278	120	42.500000	43.500000	1.021837e+05	-4.867177e-05
	184	133	19.000000	40.250000	1.012265e+05	9.862708e-05
2022	2	17	4	0
	288	10	45.000000	71.000000	9.897127e+04	1.095416e-04
	157	65	12.250000	57.250000	9.664305e+04	1.833111e-04
	116	66	2.000000	57.000000	9.705674e+04	2.386433e-04
	137	117	7.250000	44.250000	1.011550e+05	5.895082e-05
2022	2	17	4	3
	287	11	44.750000	70.750000	9.899345e+04	1.309933e-04
	194	59	21.500000	58.750000	9.639340e+04	1.931611e-04
	178	65	17.500000	57.250000	9.639340e+04	1.270713e-04
	279	121	42.750000	43.250000	1.017988e+05	-2.888352e-05
2022	2	17	3	6
	287	11	44.750000	70.750000	9.905888e+04	1.271479e-04
	197	57	22.250000	59.250000	9.612437e+04	1.863365e-04
	195	67	21.750000	56.750000	9.612437e+04	1.936138e-04
2022	2	17	1	9
	205	62	24.250000	58.000000	9.594155e+04	2.031845e-04
2022	2	17	4	12
	211	60	25.750000	58.500000	9.581548e+04	1.737843e-04
	6	109	-25.500000	46.250000	1.009855e+05	2.126113e-04
	17	116	-22.750000	44.500000	1.009855e+05	1.382552e-04
	273	119	41.250000	43.750000	1.013414e+05	-1.257107e-05
2022	2	17	3	15
	217	57	27.250000	59.250000	9.575160e+04	1.987262e-04
	14	104	-23.500000	47.500000	1.003367e+05	2.666764e-04
	25	111	-20.750000	45.750000	1.003367e+05	1.573768e-04
2022	2	17	4	18
	221	53	28.250000	60.250000	9.570447e+04	1.645907e-04
	22	100	-21.500000	48.500000	9.983372e+04	2.649632e-04
	32	106	-19.000000	47.000000	9.983372e+04	1.638703e-04
	153	108	11.250000	46.500000	1.008768e+05	5.988550e-06
2022	2	17	4	21
	225	48	29.250000	61.500000	9.569702e+04	2.132317e-04
	28	98	-20.000000	49.000000	9.940033e+04	3.096189e-04
	40	100	-17.000000	48.500000	9.940033e+04	1.916528e-04
	150	111	10.500000	45.750000	1.012362e+05	9.293589e-05
2022	2	18	2	0
	226	43	29.500000	62.750000	9.565314e+04	1.732993e-04
	46	94	-15.500000	50.000000	9.871558e+04	2.867550e-04
2022	2	18	4	3
	226	41	29.500000	63.250000	9.561608e+04	1.900337e-04
	50	91	-14.500000	50.750000	9.811007e+04	3.865476e-04
	150	111	10.500000	45.750000	1.014912e+05	7.140746e-05
	137	115	7.250000	44.750000	1.014912e+05	4.319169e-05
2022	2	18	3	6
	225	39	29.250000	63.750000	9.564709e+04	1.930418e-04
	56	91	-13.000000	50.750000	9.766613e+04	5.240323e-04
	137	113	7.250000	45.250000	1.015304e+05	1.990374e-05
2022	2	18	4	9
	226	38	29.500000	64.000000	9.577626e+04	1.978281e-04
	84	84	-6.000000	52.500000	9.788027e+04	1.973492e-04
	69	90	-9.750000	51.000000	9.788027e+04	3.786578e-04
	141	107	8.250000	46.750000	1.012272e+05	-8.852960e-05
2022	2	18	5	12
	2	6	-26.500000	72.000000	1.003631e+05	5.265791e-06
	228	36	30.000000	64.500000	9.593644e+04	1.481204e-04
	36	42	-18.000000	63.000000	9.920262e+04	1.469060e-04
	103	83	-1.250000	52.750000	9.811519e+04	1.662883e-04
	80	87	-7.000000	51.750000	9.797455e+04	3.256186e-04
2022	2	18	4	15
	6	7	-25.500000	71.750000	1.002470e+05	-3.539280e-05
	231	35	30.750000	64.750000	9.605552e+04	1.464313e-04
	112	78	1.000000	54.000000	9.801517e+04	2.827914e-04
	93	86	-3.750000	52.000000	9.796230e+04	2.907922e-04
2022	2	18	7	18
	6	7	-25.500000	71.750000	1.002786e+05	-3.850009e-05
	234	34	31.500000	65.000000	9.611522e+04	1.514348e-04
	0	54	-27.000000	60.000000	9.795687e+04	1.220292e-04
	122	75	3.500000	54.750000	9.781592e+04	2.691703e-04
	107	83	-0.250000	52.750000	9.781592e+04	2.521070e-04
	282	121	43.500000	43.250000	1.005047e+05	3.473341e-05
	253	135	36.250000	39.750000	1.012262e+05	-1.603072e-05
2022	2	18	9	21
	6	7	-25.500000	71.750000	1.003536e+05	-2.661489e-05
	139	30	7.750000	66.000000	9.787174e+04	1.134684e-04
	238	32	32.500000	65.500000	9.618081e+04	1.399425e-04
	0	50	-27.000000	61.000000	9.784244e+04	1.182630e-04
	131	73	5.750000	55.250000	9.760287e+04	3.301702e-04
	120	81	3.000000	53.250000	9.760287e+04	2.904280e-04
	127	121	4.750000	43.250000	1.013260e+05	1.375532e-04
	285	122	44.250000	43.000000	1.005084e+05	4.739439e-05
	108	130	0.000000	41.000000	1.014916e+05	8.033059e-05
2022	2	19	8	0
	6	7	-25.500000	71.750000	1.004093e+05	-2.473645e-05
	143	31	8.750000	65.750000	9.781731e+04	9.938353e-05
	240	31	33.000000	65.750000	9.619818e+04	1.538313e-04
	12	50	-24.000000	61.000000	9.783236e+04	2.192719e-04
	138	73	7.500000	55.250000	9.746874e+04	2.597426e-04
	165	73	14.250000	55.250000	9.753774e+04	2.361854e-04
	106	135	-0.500000	39.750000	1.014735e+05	4.806772e-05
	119	144	2.750000	37.500000	1.014874e+05	-1.508600e-05
2022	2	19	8	3
	6	7	-25.500000	71.750000	1.003105e+05	-3.094549e-05
	244	22	34.000000	68.000000	9.619430e+04	5.735435e-05
	244	31	34.000000	65.750000	9.619430e+04	1.393382e-04
	142	33	8.500000	65.250000	9.775250e+04	1.145151e-04
	19	49	-22.250000	61.250000	9.771652e+04	2.486805e-04
	39	55	-17.250000	59.750000	9.771652e+04	2.498090e-04
	161	69	13.250000	56.250000	9.742610e+04	2.461538e-04
	274	154	41.500000	35.000000	1.013316e+05	5.697708e-05
2022	2	19	9	6
	2	6	-26.500000	72.000000	1.003443e+05	3.169932e-05
	248	17	35.000000	69.250000	9.625834e+04	2.297632e-05
	250	31	35.500000	65.750000	9.624920e+04	1.228979e-04
	18	48	-22.500000	61.500000	9.765497e+04	2.647643e-04
	182	67	18.500000	56.750000	9.734500e+04	2.165440e-04
	136	117	7.000000	44.250000	1.013057e+05	1.198959e-04
	113	139	1.250000	38.750000	1.014591e+05	7.783241e-05
	125	140	4.250000	38.500000	1.014591e+05	-2.623393e-05
	268	148	40.000000	36.500000	1.014147e+05	1.058365e-04
2022	2	19	10	9
	6	7	-25.500000	71.750000	1.002608e+05	9.066839e-06
	250	16	35.500000	69.500000	9.628827e+04	5.658958e-05
	239	24	32.750000	67.500000	9.628827e+04	1.401855e-05
	258	29	37.500000	66.250000	9.632440e+04	1.171463e-04
	17	49	-22.750000	61.250000	9.770505e+04	3.473903e-04
	51	53	-14.250000	60.250000	9.820946e+04	2.467321e-04
	194	66	21.500000	57.000000	9.731818e+04	2.158023e-04
	136	117	7.000000	44.250000	1.014174e+05	1.044886e-04
	281	140	43.250000	38.500000	1.012786e+05	-4.462397e-06
	273	147	41.250000	36.750000	1.012786e+05	8.369741e-05
2022	2	19	10	12
	6	7	-25.500000	71.750000	1.002772e+05	7.758182e-06
	81	16	-6.750000	69.500000	9.888242e+04	1.981472e-04
	249	16	35.250000	69.500000	9.629788e+04	8.220962e-05
	266	26	39.500000	67.000000	9.629788e+04	1.200344e-04
	19	50	-22.250000	61.000000	9.793594e+04	3.092764e-04
	51	51	-14.250000	60.750000	9.825769e+04	2.565080e-04
	208	65	25.000000	57.250000	9.737105e+04	1.744678e-04
	136	118	7.000000	44.000000	1.014274e+05	8.600000e-05
	283	139	43.750000	38.750000	1.010610e+05	2.588236e-05
	275	146	41.750000	37.000000	1.010610e+05	7.635075e-05
2022	2	19	7	15
	250	16	35.500000	69.500000	9.636022e+04	8.854940e-05
	76	18	-8.000000	69.000000	9.896181e+04	2.463687e-04
	271	21	40.750000	68.250000	9.636022e+04	9.935057e-05
	50	49	-14.500000	61.250000	9.824001e+04	2.546563e-04
	21	50	-21.750000	61.000000	9.809441e+04	2.103355e-04
	228	63	30.000000	57.750000	9.746998e+04	1.458526e-04
	280	149	43.000000	36.250000	1.012086e+05	5.739931e-05
2022	2	19	13	18
	250	16	35.500000	69.500000	9.644938e+04	1.156803e-04
	282	20	43.500000	68.500000	9.645201e+04	1.585690e-04
	77	21	-7.750000	68.250000	9.899097e+04	2.413402e-04
	2	48	-26.500000	61.500000	9.763124e+04	4.756745e-05
	49	48	-14.750000	61.500000	9.817566e+04	2.689282e-04
	239	62	32.750000	58.000000	9.756410e+04	1.585814e-04
	94	63	-3.500000	57.750000	9.914991e+04	1.785022e-04
	137	122	7.250000	43.000000	1.014905e+05	6.185974e-05
	146	127	9.500000	41.750000	1.014905e+05	9.050425e-06
	283	140	43.750000	38.500000	1.015209e+05	-2.795253e-05
	121	158	3.250000	34.000000	1.018548e+05	5.875187e-05
	284	159	44.000000	33.750000	1.014632e+05	5.828963e-05
	252	161	36.000000	33.250000	1.018166e+05	7.723513e-05
2022	2	19	6	21
	255	18	36.750000	69.000000	9.658862e+04	7.504140e-05
	79	22	-7.250000	68.000000	9.907687e+04	1.680755e-04
	0	56	-27.000000	59.500000	9.707442e+04	1.061629e-04
	251	61	35.750000	58.250000	9.758581e+04	1.273334e-04
	126	73	4.500000	55.250000	9.937691e+04	2.195061e-04
	279	145	42.750000	37.250000	1.015968e+05	5.005555e-05
2022	2	20	9	0
	98	16	-2.500000	69.500000	9.910028e+04	1.137179e-04
	260	19	38.000000	68.750000	9.679144e+04	8.138149e-05
	261	19	38.250000	68.750000	9.679144e+04	8.657193e-05
	82	23	-6.500000	67.750000	9.910028e+04	1.340652e-04
	263	58	38.750000	59.000000	9.761357e+04	1.532043e-04
	138	74	7.500000	55.000000	9.941568e+04	2.131331e-04
	158	118	12.500000	44.000000	1.015381e+05	1.265526e-05
	150	127	10.500000	41.750000	1.015381e+05	1.662514e-05
	280	144	43.000000	37.500000	1.016650e+05	-2.739597e-06
