2022	2	14	7	0
	4	6	-26.000000	72.000000	9.978212e+04	-2.270821e-05
	218	10	27.500000	71.000000	9.838946e+04	1.334599e-04
	1	17	-26.750000	69.250000	9.978212e+04	1.241243e-05
	221	20	28.250000	68.500000	9.838946e+04	9.891425e-05
	114	61	1.500000	58.250000	9.854902e+04	8.545616e-05
	103	71	-1.250000	55.750000	9.854902e+04	1.221984e-04
	105	71	-0.750000	55.750000	9.854902e+04	8.367684e-05
2022	2	14	5	3
	58	4	-12.500000	72.500000	1.001050e+05	1.029676e-04
	222	8	28.500000	71.500000	9.812634e+04	1.763754e-04
	116	61	2.000000	58.250000	9.853035e+04	9.357645e-05
	106	71	-0.500000	55.750000	9.853035e+04	1.167000e-04
	117	123	2.250000	42.750000	1.008913e+05	9.036873e-05
2022	2	14	4	6
	63	3	-11.250000	72.750000	1.000754e+05	1.078091e-04
	217	8	27.250000	71.500000	9.798168e+04	2.436552e-04
	124	64	4.000000	57.500000	9.853532e+04	9.305360e-05
	114	70	1.500000	56.000000	9.853532e+04	8.157342e-05
2022	2	14	4	9
	70	2	-9.500000	73.000000	1.001469e+05	1.106271e-04
	225	8	29.250000	71.500000	9.800959e+04	1.919829e-04
	0	51	-27.000000	60.750000	9.794009e+04	9.885045e-05
	124	70	4.000000	56.000000	9.859541e+04	1.380128e-04
2022	2	14	4	12
	73	1	-8.750000	73.250000	1.001240e+05	6.716347e-05
	225	9	29.250000	71.250000	9.802174e+04	2.262747e-04
	0	48	-27.000000	61.500000	9.748043e+04	1.081036e-04
	131	66	5.750000	57.000000	9.846975e+04	1.822296e-04
2022	2	14	6	15
	79	0	-7.250000	73.500000	1.001574e+05	5.544424e-05
	234	6	31.500000	72.000000	9.813747e+04	1.002835e-04
	288	13	45.000000	70.250000	9.931562e+04	1.420793e-05
	243	14	33.750000	70.000000	9.813747e+04	2.061310e-04
	0	43	-27.000000	62.750000	9.705262e+04	1.383640e-04
	136	62	7.000000	58.000000	9.834290e+04	2.187627e-04
2022	2	14	3	18
	253	14	36.250000	70.000000	9.815990e+04	1.398706e-04
	0	40	-27.000000	63.500000	9.678881e+04	1.582153e-04
	141	60	8.250000	58.500000	9.857230e+04	2.360571e-04
2022	2	14	6	21
	259	6	37.750000	72.000000	9.820012e+04	1.502632e-04
	232	10	31.000000	71.000000	9.820012e+04	2.459492e-04
	260	14	38.000000	70.000000	9.820012e+04	1.621105e-04
	27	39	-20.250000	63.750000	9.708292e+04	6.389583e-05
	128	53	5.000000	60.250000	9.868785e+04	8.596510e-05
	145	58	9.250000	59.000000	9.868785e+04	2.583583e-04
2022	2	15	6	0
	6	7	-25.500000	71.750000	9.965064e+04	5.521544e-05
	265	12	39.250000	70.500000	9.825354e+04	1.570452e-04
	23	35	-21.250000	64.750000	9.718530e+04	-2.483595e-05
	126	52	4.500000	60.500000	9.871576e+04	1.153646e-04
	151	54	10.750000	60.000000	9.867519e+04	3.374602e-04
	142	122	8.500000	43.000000	1.011344e+05	7.964980e-05
2022	2	15	7	3
	6	7	-25.500000	71.750000	9.965646e+04	5.035467e-05
	269	12	40.250000	70.500000	9.831174e+04	1.992369e-04
	24	35	-21.000000	64.750000	9.731677e+04	6.016013e-05
	126	51	4.500000	60.750000	9.880050e+04	1.187425e-04
	153	51	11.250000	60.750000	9.864574e+04	3.215201e-04
	147	119	9.750000	43.750000	1.010435e+05	9.917424e-05
	136	120	7.000000	43.500000	1.010435e+05	8.210152e-05
2022	2	15	7	6
	249	11	35.250000	70.750000	9.842524e+04	1.973388e-04
	274	12	41.500000	70.500000	9.842524e+04	1.278009e-04
	25	34	-20.750000	65.000000	9.727928e+04	1.653621e-04
	125	50	4.250000	61.000000	9.886059e+04	1.566474e-04
	156	50	12.000000	61.000000	9.869350e+04	2.879708e-04
	0	86	-27.000000	52.000000	9.919355e+04	1.191716e-04
	146	117	9.500000	44.250000	1.011121e+05	8.114106e-05
2022	2	15	9	9
	279	11	42.750000	70.750000	9.856716e+04	2.008824e-04
	0	31	-27.000000	65.750000	9.732191e+04	5.652910e-05
	35	34	-18.250000	65.000000	9.747975e+04	1.472365e-04
	162	48	13.500000	61.500000	9.881488e+04	2.760128e-04
	70	49	-9.500000	61.250000	9.821091e+04	2.421752e-04
	125	49	4.250000	61.250000	9.885990e+04	1.616118e-04
	141	53	8.250000	60.250000	9.881488e+04	5.315397e-06
	0	82	-27.000000	53.000000	9.856459e+04	1.006211e-04
	159	113	12.750000	45.250000	1.012412e+05	9.010638e-05
2022	2	15	7	12
	281	11	43.250000	70.750000	9.868495e+04	2.374505e-04
	0	39	-27.000000	63.750000	9.738491e+04	2.816827e-05
	65	45	-10.750000	62.250000	9.820971e+04	2.545056e-04
	166	47	14.500000	61.750000	9.880392e+04	2.360876e-04
	125	48	4.250000	61.500000	9.885425e+04	1.835148e-04
	9	79	-24.750000	53.750000	9.836618e+04	2.444577e-04
	160	113	13.000000	45.250000	1.012304e+05	1.204164e-04
2022	2	15	8	15
	287	11	44.750000	70.750000	9.875445e+04	1.316919e-04
	0	38	-27.000000	64.000000	9.738388e+04	2.976010e-05
	62	42	-11.500000	63.000000	9.814569e+04	2.891872e-04
	168	44	15.000000	62.500000	9.883080e+04	2.055294e-04
	111	59	0.750000	58.750000	9.869248e+04	1.824178e-04
	18	76	-22.500000	54.500000	9.811042e+04	2.334819e-04
	161	111	13.250000	45.750000	1.012467e+05	1.186066e-04
	154	162	11.500000	33.000000	1.015141e+05	7.447269e-05
2022	2	15	5	18
	58	39	-12.500000	63.750000	9.810956e+04	2.798394e-04
	175	43	16.750000	62.750000	9.890013e+04	1.082541e-04
	118	59	2.500000	58.750000	9.859318e+04	1.814345e-04
	28	74	-20.000000	55.000000	9.805564e+04	2.476420e-04
	159	162	12.750000	33.000000	1.015509e+05	3.977739e-05
2022	2	15	5	21
	52	36	-14.000000	64.500000	9.813918e+04	2.978687e-04
	53	36	-13.750000	64.500000	9.813918e+04	2.908813e-04
	121	59	3.250000	58.750000	9.854679e+04	2.134796e-04
	46	72	-15.500000	55.500000	9.820132e+04	1.880183e-04
	161	161	13.250000	33.250000	1.016325e+05	2.124995e-05
2022	2	16	8	0
	45	32	-15.750000	65.500000	9.826209e+04	2.774553e-04
	147	44	9.750000	62.500000	9.872500e+04	-1.304441e-05
	127	59	4.750000	58.750000	9.857401e+04	1.904661e-04
	146	59	9.500000	58.750000	9.857401e+04	1.179018e-04
	0	69	-27.000000	56.250000	9.723186e+04	1.347980e-04
	58	71	-12.500000	55.750000	9.821724e+04	1.919181e-04
	280	121	43.000000	43.250000	1.022721e+05	1.918999e-05
	163	159	13.750000	33.750000	1.016245e+05	2.652844e-05
2022	2	16	6	3
	32	28	-19.000000	66.500000	9.807464e+04	2.031827e-04
	150	58	10.500000	59.000000	9.851615e+04	1.189745e-04
	5	64	-25.750000	57.500000	9.643445e+04	2.943859e-04
	152	106	11.000000	47.000000	1.010707e+05	-8.995395e-05
	280	121	43.000000	43.250000	1.023555e+05	7.114098e-06
	165	158	14.250000	34.000000	1.014886e+05	5.665124e-05
2022	2	16	4	6
	154	57	11.500000	59.250000	9.844441e+04	1.405210e-04
	10	60	-24.500000	58.500000	9.575241e+04	4.611814e-04
	280	121	43.000000	43.250000	1.024003e+05	1.415531e-07
	168	156	15.000000	34.500000	1.015257e+05	7.520372e-05
2022	2	16	8	9
	137	35	7.250000	64.750000	9.856271e+04	1.658733e-04
	157	57	12.250000	59.250000	9.845366e+04	1.543414e-04
	34	58	-18.500000	59.000000	9.537699e+04	2.636605e-04
	15	59	-23.250000	58.750000	9.537699e+04	4.170749e-04
	137	116	7.250000	44.500000	1.013843e+05	9.222934e-05
	279	120	42.750000	43.500000	1.023147e+05	3.395739e-06
	168	144	15.000000	37.500000	1.015779e+05	7.551502e-05
	170	154	15.500000	35.000000	1.015779e+05	1.400962e-04
2022	2	16	6	12
	13	51	-23.750000	60.750000	9.539069e+04	3.826799e-04
	179	52	17.750000	60.500000	9.846598e+04	1.434858e-04
	161	57	13.250000	59.250000	9.846598e+04	1.385055e-04
	26	60	-20.500000	58.500000	9.539069e+04	3.422770e-04
	137	116	7.250000	44.500000	1.013579e+05	9.517229e-05
	173	153	16.250000	35.250000	1.013911e+05	1.467466e-04
2022	2	16	6	15
	0	46	-27.000000	62.000000	9.723528e+04	1.397112e-04
	180	50	18.000000	61.000000	9.831294e+04	1.348295e-04
	24	52	-21.000000	60.500000	9.559748e+04	4.061979e-04
	41	59	-16.750000	58.750000	9.559748e+04	3.396400e-04
	136	120	7.000000	43.500000	1.014309e+05	1.500432e-04
	175	151	16.750000	35.750000	1.012499e+05	1.366943e-04
2022	2	16	6	18
	0	44	-27.000000	62.500000	9.744825e+04	9.727085e-05
	182	49	18.500000	61.250000	9.818557e+04	1.254578e-04
	41	52	-16.750000	60.500000	9.590084e+04	3.702128e-04
	57	58	-12.750000	59.000000	9.590084e+04	3.669126e-04
	136	116	7.000000	44.500000	1.013516e+05	8.236379e-05
	178	150	17.500000	36.000000	1.012955e+05	1.415636e-04
2022	2	16	5	21
	0	43	-27.000000	62.750000	9.770161e+04	9.865324e-05
	183	47	18.750000	61.750000	9.802859e+04	1.310696e-04
	34	52	-18.500000	60.500000	9.618981e+04	4.138328e-04
	86	53	-5.500000	60.250000	9.599448e+04	2.810833e-04
	179	148	17.750000	36.500000	1.013254e+05	1.298532e-04
2022	2	17	4	0
	34	52	-18.500000	60.500000	9.660581e+04	4.037822e-04
	86	53	-5.500000	60.250000	9.593713e+04	3.286469e-04
	116	54	2.000000	60.000000	9.612819e+04	2.356714e-04
	181	146	18.250000	37.000000	1.013037e+05	1.075735e-04
2022	2	17	5	3
	42	52	-16.500000	60.500000	9.697935e+04	3.930494e-04
	117	53	2.250000	60.250000	9.618536e+04	1.728920e-04
	92	56	-4.000000	59.500000	9.620608e+04	3.393925e-04
	155	64	11.750000	57.500000	9.632266e+04	2.715444e-04
	180	145	18.000000	37.250000	1.012405e+05	1.132250e-04
2022	2	17	5	6
	48	53	-15.000000	60.250000	9.715431e+04	3.811329e-04
	118	54	2.500000	60.000000	9.630862e+04	1.964656e-04
	166	64	14.500000	57.500000	9.614924e+04	3.081711e-04
	180	145	18.000000	37.250000	1.013790e+05	1.091349e-04
	171	150	15.750000	36.000000	1.013790e+05	1.177447e-04
2022	2	17	5	9
	56	53	-13.000000	60.250000	9.736693e+04	3.804815e-04
	121	56	3.250000	59.500000	9.670356e+04	2.024191e-04
	174	63	16.500000	57.750000	9.601468e+04	2.959350e-04
	10	119	-24.500000	43.750000	1.012116e+05	1.413903e-04
	180	143	18.000000	37.750000	1.015483e+05	7.389550e-05
2022	2	17	3	12
	63	54	-11.250000	60.000000	9.751604e+04	3.918850e-04
	185	63	19.250000	57.750000	9.609275e+04	2.560624e-04
	21	114	-21.750000	45.000000	1.010905e+05	1.256113e-04
2022	2	17	3	15
	135	38	6.750000	64.000000	9.750782e+04	1.389996e-04
	71	54	-9.250000	60.000000	9.762320e+04	3.526247e-04
	192	65	21.000000	57.250000	9.615643e+04	2.436162e-04
2022	2	17	4	18
	138	39	7.500000	63.750000	9.766190e+04	1.018940e-04
	80	55	-7.000000	59.750000	9.761722e+04	4.123045e-04
	202	65	23.500000	57.250000	9.622577e+04	1.987580e-04
	29	108	-19.750000	46.500000	1.002678e+05	1.877951e-04
2022	2	17	4	21
	140	38	8.000000	64.000000	9.779491e+04	1.031585e-04
	90	55	-4.500000	59.750000	9.769648e+04	3.708894e-04
	213	68	26.250000	56.500000	9.634816e+04	2.368336e-04
	36	102	-18.000000	48.000000	9.985847e+04	2.396166e-04
2022	2	18	5	0
	142	38	8.500000	64.000000	9.788188e+04	1.182265e-04
	100	56	-2.000000	59.500000	9.791132e+04	3.480094e-04
	220	67	28.000000	56.750000	9.638823e+04	2.580029e-04
	41	98	-16.750000	49.000000	9.929250e+04	2.522260e-04
	156	109	12.000000	46.250000	1.012713e+05	5.404504e-05
2022	2	18	6	3
	6	7	-25.500000	71.750000	1.005206e+05	-5.113196e-05
	143	37	8.750000	64.250000	9.794573e+04	1.211523e-04
	113	57	1.250000	59.250000	9.809073e+04	2.466900e-04
	224	66	29.000000	57.000000	9.650138e+04	1.709567e-04
	47	94	-15.250000	50.000000	9.862366e+04	3.172415e-04
	156	109	12.000000	46.250000	1.012193e+05	5.074536e-05
2022	2	18	6	6
	6	7	-25.500000	71.750000	1.004525e+05	-5.023267e-05
	144	37	9.000000	64.250000	9.801763e+04	8.959262e-05
	231	54	30.750000	60.000000	9.679224e+04	4.532810e-05
	124	58	4.000000	59.000000	9.823573e+04	2.509852e-04
	229	67	30.250000	56.750000	9.676947e+04	1.919681e-04
	54	91	-13.500000	50.750000	9.791852e+04	3.962363e-04
2022	2	18	4	9
	6	7	-25.500000	71.750000	1.004770e+05	-4.357932e-05
	144	37	9.000000	64.250000	9.816914e+04	6.914633e-05
	236	66	32.000000	57.000000	9.710843e+04	1.903299e-04
	61	89	-11.750000	51.250000	9.749053e+04	5.277558e-04
2022	2	18	4	12
	6	7	-25.500000	71.750000	1.004592e+05	-4.442339e-05
	135	30	6.750000	66.000000	9.824977e+04	4.879812e-05
	71	88	-9.250000	51.500000	9.731797e+04	4.581933e-04
	283	121	43.750000	43.250000	9.975883e+04	5.906628e-05
2022	2	18	4	15
	134	32	6.500000	65.500000	9.826620e+04	4.888946e-05
	260	33	38.000000	65.250000	9.747855e+04	9.478057e-05
	104	81	-1.000000	53.250000	9.742000e+04	1.931850e-04
	83	86	-6.250000	52.000000	9.723854e+04	3.402033e-04
2022	2	18	4	18
	138	30	7.500000	66.000000	9.821570e+04	5.667069e-05
	263	31	38.750000	65.750000	9.746195e+04	1.220149e-04
	108	78	0.000000	54.000000	9.723495e+04	1.952483e-04
	96	84	-3.000000	52.500000	9.723495e+04	3.004098e-04
2022	2	18	3	21
	266	29	39.500000	66.250000	9.753042e+04	1.614992e-04
	133	37	6.250000	64.250000	9.814569e+04	1.421052e-04
	110	81	0.500000	53.250000	9.737532e+04	3.597551e-04
2022	2	19	6	0
	274	22	41.500000	68.000000	9.754275e+04	1.978559e-04
	139	29	7.750000	66.250000	9.808628e+04	1.413207e-04
	135	38	6.750000	64.000000	9.808628e+04	1.306650e-04
	123	80	3.750000	53.500000	9.738696e+04	2.917974e-04
	138	117	7.500000	44.250000	1.011621e+05	1.238676e-04
	287	138	44.750000	39.000000	1.010914e+05	3.135542e-05
2022	2	19	4	3
	271	22	40.750000	68.000000	9.755079e+04	2.181256e-04
	137	38	7.250000	64.000000	9.806454e+04	1.255168e-04
	141	73	8.250000	55.250000	9.742103e+04	2.460320e-04
	137	117	7.250000	44.250000	1.012523e+05	1.236172e-04
2022	2	19	7	6
	148	13	10.000000	70.250000	9.815612e+04	1.689694e-04
	271	21	40.750000	68.250000	9.753949e+04	2.767564e-04
	142	37	8.500000	64.250000	9.805958e+04	1.204184e-04
	173	69	16.250000	56.250000	9.747787e+04	1.253563e-04
	154	71	11.500000	55.750000	9.747787e+04	2.501782e-04
	60	77	-12.000000	54.250000	9.985590e+04	1.905104e-04
	138	117	7.500000	44.250000	1.012809e+05	1.409519e-04
2022	2	19	6	9
	123	13	3.750000	70.250000	9.817855e+04	1.258633e-04
	271	21	40.750000	68.250000	9.754994e+04	3.455557e-04
	143	36	8.750000	64.500000	9.817719e+04	1.642040e-04
	188	67	20.000000	56.750000	9.764957e+04	1.510397e-04
	169	70	15.250000	56.000000	9.764957e+04	1.900250e-04
	68	78	-10.000000	54.000000	9.997967e+04	2.259203e-04
2022	2	19	8	12
	6	14	-25.500000	70.000000	1.002382e+05	-8.908538e-06
	123	14	3.750000	70.000000	9.820886e+04	1.277919e-04
	274	20	41.500000	68.500000	9.759565e+04	3.378016e-04
	145	35	9.250000	64.750000	9.834461e+04	1.815083e-04
	193	58	21.250000	59.000000	9.761705e+04	3.667253e-05
	201	66	23.250000	57.000000	9.761705e+04	1.387176e-04
	88	85	-5.000000	52.250000	1.003217e+05	2.461958e-04
	138	117	7.500000	44.250000	1.012417e+05	1.414373e-04
2022	2	19	9	15
	127	15	4.750000	69.750000	9.819859e+04	1.285947e-04
	278	20	42.500000	68.500000	9.769288e+04	2.699842e-04
	145	35	9.250000	64.750000	9.845982e+04	1.717549e-04
	0	54	-27.000000	60.000000	9.751142e+04	1.122803e-04
	209	66	25.250000	57.000000	9.770264e+04	1.319780e-04
	97	85	-2.750000	52.250000	1.003097e+05	2.029171e-04
	149	110	10.250000	46.000000	1.010919e+05	6.550254e-05
	138	119	7.500000	43.750000	1.010919e+05	1.527195e-04
	96	144	-3.000000	37.500000	1.016882e+05	4.489356e-05
2022	2	19	9	18
	130	15	5.500000	69.750000	9.822152e+04	1.324973e-04
	283	18	43.750000	69.000000	9.775811e+04	2.470924e-04
	146	37	9.500000	64.250000	9.865464e+04	1.573581e-04
	0	49	-27.000000	61.250000	9.657962e+04	1.562759e-04
	220	66	28.000000	57.000000	9.785329e+04	1.365038e-04
	107	86	-0.250000	52.000000	1.003914e+05	2.123234e-04
	137	119	7.250000	43.750000	1.012530e+05	1.355359e-04
	94	142	-3.500000	38.000000	1.019094e+05	4.826969e-05
	117	153	2.250000	35.250000	1.017566e+05	3.097025e-05
2022	2	19	7	21
	132	15	6.000000	69.750000	9.821930e+04	1.235614e-04
	286	16	44.500000	69.500000	9.775006e+04	1.594665e-04
	287	16	44.750000	69.500000	9.775006e+04	1.264033e-04
	0	43	-27.000000	62.750000	9.591351e+04	1.914949e-04
	231	66	30.750000	57.000000	9.799281e+04	1.184608e-04
	120	87	3.000000	51.750000	1.004633e+05	2.202127e-04
	161	115	13.250000	44.750000	1.014744e+05	9.382902e-05
2022	2	20	6	0
	132	14	6.000000	70.000000	9.822187e+04	1.334998e-04
	288	16	45.000000	69.500000	9.774630e+04	2.033521e-05
	0	39	-27.000000	63.750000	9.575738e+04	1.971323e-04
	27	39	-20.250000	63.750000	9.575738e+04	-9.296079e-06
	238	66	32.500000	57.000000	9.814552e+04	1.098697e-04
	162	115	13.500000	44.750000	1.015016e+05	9.866960e-05
