2022	2	10	6	0
	163	12	13.750000	70.500000	9.655902e+04	4.628628e-05
	148	23	10.000000	67.750000	9.651603e+04	4.219652e-04
	60	55	-12.000000	59.750000	9.850278e+04	4.942044e-04
	152	106	11.000000	47.000000	1.022365e+05	-4.095155e-05
	139	110	7.750000	46.000000	1.022365e+05	-7.315688e-05
	249	155	35.250000	34.750000	1.007555e+05	1.312133e-04
2022	2	10	6	6
	8	6	-25.000000	72.000000	1.003106e+05	-9.086181e-06
	179	6	17.750000	72.000000	9.711723e+04	1.670069e-04
	165	23	14.250000	67.750000	9.685003e+04	3.347993e-04
	78	58	-7.500000	59.000000	9.900537e+04	4.957996e-04
	152	106	11.000000	47.000000	1.021998e+05	-4.571352e-05
	250	152	35.500000	35.500000	1.010633e+05	9.583285e-05
2022	2	10	9	12
	211	0	25.750000	73.500000	9.721248e+04	-4.266505e-05
	178	4	17.500000	72.500000	9.721248e+04	1.401065e-04
	188	28	20.000000	66.500000	9.769127e+04	1.653788e-04
	92	63	-4.000000	57.750000	9.993848e+04	3.980089e-04
	137	117	7.250000	44.250000	1.022596e+05	1.238000e-04
	283	139	43.750000	38.750000	1.009696e+05	1.238167e-05
	269	153	40.250000	35.250000	1.010722e+05	5.934469e-05
	85	160	-5.750000	33.500000	1.023353e+05	-9.070026e-06
	0	162	-27.000000	33.000000	1.024769e+05	5.762018e-05
2022	2	10	5	18
	216	0	27.000000	73.500000	9.742701e+04	5.529481e-05
	186	7	19.500000	71.750000	9.742701e+04	2.116662e-04
	42	15	-16.500000	69.750000	9.978948e+04	1.078414e-04
	111	68	0.750000	56.500000	1.004206e+05	3.120111e-04
	87	156	-5.250000	34.500000	1.020875e+05	3.262084e-06
2022	2	11	6	0
	223	0	28.750000	73.500000	9.766008e+04	-2.418804e-05
	203	8	23.750000	71.500000	9.766008e+04	1.973188e-04
	57	11	-12.750000	70.750000	9.935855e+04	1.546209e-04
	0	70	-27.000000	56.000000	9.968476e+04	1.517364e-04
	125	73	4.250000	55.250000	1.007595e+05	2.938290e-04
	273	149	41.250000	36.250000	1.015900e+05	7.721151e-05
2022	2	11	8	6
	229	0	30.250000	73.500000	9.793866e+04	-4.150091e-05
	214	9	26.500000	71.250000	9.793866e+04	2.024936e-04
	59	11	-12.250000	70.750000	9.905868e+04	2.096031e-04
	5	62	-25.750000	58.000000	9.928290e+04	1.683649e-04
	138	78	7.500000	54.000000	1.011546e+05	2.570264e-04
	281	147	43.250000	36.750000	1.018190e+05	-2.438346e-05
	273	152	41.250000	35.500000	1.018224e+05	6.572003e-05
	285	159	44.250000	33.750000	1.018175e+05	1.858780e-05
2022	2	11	7	12
	226	2	29.500000	73.000000	9.836791e+04	-3.826141e-05
	98	10	-2.500000	71.000000	9.912633e+04	1.106256e-04
	217	10	27.250000	71.000000	9.836791e+04	1.904327e-04
	68	17	-10.000000	69.250000	9.912780e+04	3.016607e-04
	5	57	-25.750000	59.250000	9.903087e+04	1.968519e-04
	0	68	-27.000000	56.500000	9.908566e+04	3.830412e-05
	134	119	6.500000	43.750000	1.020949e+05	7.740693e-05
2022	2	11	6	18
	233	8	31.250000	71.500000	9.871562e+04	7.247060e-05
	128	11	5.000000	70.750000	9.882161e+04	1.223995e-04
	31	53	-19.250000	60.250000	9.905678e+04	1.578111e-04
	0	58	-27.000000	59.000000	9.894952e+04	1.226472e-04
	22	66	-21.500000	57.000000	9.902686e+04	1.533728e-04
	134	123	6.500000	42.750000	1.021768e+05	5.750508e-05
2022	2	12	5	0
	155	15	11.750000	69.750000	9.850194e+04	1.656208e-04
	42	52	-16.500000	60.500000	9.879338e+04	1.812278e-04
	24	54	-21.000000	60.000000	9.879338e+04	1.757319e-04
	45	61	-15.750000	58.250000	9.879338e+04	9.202219e-05
	230	92	30.500000	50.500000	1.013350e+05	1.652579e-04
2022	2	12	5	6
	236	4	32.000000	72.500000	9.863069e+04	1.461797e-04
	150	13	10.500000	70.250000	9.828236e+04	1.487979e-04
	34	55	-18.500000	59.750000	9.849688e+04	2.235370e-04
	58	57	-12.500000	59.250000	9.849288e+04	1.431771e-04
	248	93	35.000000	50.250000	1.012216e+05	2.093328e-04
2022	2	12	5	12
	236	3	32.000000	72.750000	9.861889e+04	1.522130e-04
	9	6	-24.750000	72.000000	1.006552e+05	-9.349991e-05
	152	18	11.000000	69.000000	9.865513e+04	2.232263e-04
	65	53	-10.750000	60.250000	9.823157e+04	2.074247e-04
	265	96	39.250000	49.500000	1.010593e+05	1.522562e-04
2022	2	12	7	18
	238	0	32.500000	73.500000	9.860835e+04	9.785984e-05
	9	6	-24.750000	72.000000	1.004160e+05	-3.012831e-05
	2	17	-26.500000	69.250000	1.004160e+05	9.671702e-06
	162	21	13.500000	68.250000	9.881276e+04	1.710561e-04
	92	48	-4.000000	61.500000	9.813548e+04	1.366487e-04
	77	54	-7.750000	60.000000	9.813548e+04	1.753029e-04
	284	97	44.000000	49.250000	1.009748e+05	1.182981e-04
2022	2	13	4	0
	123	0	3.750000	73.500000	9.893330e+04	1.342749e-04
	238	0	32.500000	73.500000	9.872509e+04	1.026646e-04
	158	16	12.500000	69.500000	9.874744e+04	7.957403e-05
	121	42	3.250000	63.000000	9.808533e+04	1.868337e-04
2022	2	13	4	6
	222	0	28.500000	73.500000	9.873753e+04	4.899591e-05
	153	17	11.250000	69.250000	9.841174e+04	3.346096e-04
	126	42	4.500000	63.000000	9.791337e+04	2.483053e-04
	97	94	-2.750000	50.000000	9.916067e+04	2.077527e-04
2022	2	13	5	12
	6	7	-25.500000	71.750000	1.000797e+05	-1.361053e-05
	156	18	12.000000	69.000000	9.815128e+04	1.597353e-04
	145	42	9.250000	63.000000	9.800862e+04	7.546721e-05
	114	85	1.500000	52.250000	9.881276e+04	2.501873e-04
	271	120	40.750000	43.500000	1.025926e+05	4.294703e-05
2022	2	13	3	18
	156	16	12.000000	69.500000	9.793318e+04	2.362119e-04
	171	40	15.750000	63.500000	9.813906e+04	6.926688e-05
	134	75	6.500000	54.750000	9.862753e+04	2.561535e-04
2022	2	14	3	0
	152	19	11.000000	68.750000	9.792033e+04	2.878483e-04
	201	30	23.250000	66.000000	9.819406e+04	4.768018e-05
	192	38	21.000000	64.000000	9.819406e+04	6.801452e-05
2022	2	14	4	6
	177	14	17.250000	70.000000	9.787839e+04	1.027952e-04
	162	23	13.500000	67.750000	9.787839e+04	2.567672e-04
	208	27	25.000000	66.750000	9.818352e+04	4.065455e-05
	175	60	16.750000	58.500000	9.844272e+04	2.205498e-04
2022	2	14	4	12
	171	15	15.750000	69.750000	9.798544e+04	1.955082e-04
	163	59	13.750000	58.750000	9.894741e+04	1.886978e-04
	164	59	14.000000	58.750000	9.890316e+04	1.730045e-04
	139	120	7.750000	43.500000	1.008800e+05	1.343451e-04
2022	2	14	4	18
	175	19	16.750000	68.750000	9.798291e+04	2.211881e-04
	0	32	-27.000000	65.500000	9.813864e+04	7.560459e-05
	16	41	-23.000000	63.250000	9.813864e+04	1.233006e-04
	145	118	9.250000	44.000000	1.009498e+05	1.323354e-04
2022	2	15	4	0
	190	25	20.500000	67.250000	9.818205e+04	1.396180e-04
	288	32	45.000000	65.500000	9.926920e+04	4.280397e-05
	18	33	-22.500000	65.250000	9.784025e+04	2.029026e-04
	146	118	9.500000	44.000000	1.010079e+05	7.574740e-05
2022	2	15	5	6
	2	27	-26.500000	66.750000	9.734251e+04	2.545491e-04
	205	31	24.250000	65.750000	9.832893e+04	1.686536e-04
	288	31	45.000000	65.750000	9.872741e+04	1.041778e-04
	0	83	-27.000000	52.750000	9.824906e+04	1.309509e-04
	150	129	10.500000	41.250000	1.009198e+05	1.308257e-04
2022	2	15	10	12
	34	24	-18.500000	67.500000	9.737306e+04	3.256256e-04
	0	28	-27.000000	66.500000	9.773509e+04	6.284980e-05
	222	28	28.500000	66.500000	9.827520e+04	1.599474e-04
	51	32	-14.250000	65.500000	9.737306e+04	3.950634e-04
	24	38	-21.000000	64.000000	9.750203e+04	-8.576089e-07
	21	74	-21.750000	55.000000	9.739983e+04	3.294031e-04
	281	121	43.250000	43.250000	1.019238e+05	-1.384300e-05
	154	128	11.500000	41.500000	1.008541e+05	1.137459e-04
	147	134	9.750000	40.000000	1.008541e+05	-1.501214e-05
	267	135	39.750000	39.750000	1.017379e+05	-2.030740e-06
2022	2	15	8	18
	11	21	-24.250000	68.250000	9.701082e+04	3.360142e-04
	48	26	-15.000000	67.000000	9.720848e+04	2.686612e-04
	229	27	30.250000	66.750000	9.841680e+04	1.987182e-04
	0	37	-27.000000	64.250000	9.741373e+04	1.327980e-05
	54	66	-13.500000	57.000000	9.658641e+04	3.596899e-04
	283	122	43.750000	43.000000	1.021225e+05	-3.837823e-05
	166	124	14.500000	42.500000	1.007709e+05	1.624477e-05
	157	129	12.250000	41.250000	1.007709e+05	1.404360e-04
2022	2	16	8	0
	33	21	-18.750000	68.250000	9.723440e+04	2.351590e-04
	244	27	34.000000	66.750000	9.855398e+04	1.330609e-04
	81	59	-6.750000	58.750000	9.535976e+04	6.416626e-04
	281	121	43.250000	43.250000	1.022114e+05	-6.571910e-05
	172	125	16.000000	42.250000	1.008927e+05	1.293471e-04
	173	125	16.250000	42.250000	1.008927e+05	1.441378e-04
	160	131	13.000000	40.750000	1.008927e+05	1.589183e-04
	174	133	16.500000	40.250000	1.008927e+05	9.581411e-05
2022	2	16	8	6
	15	21	-23.250000	68.250000	9.718615e+04	2.654621e-04
	264	28	39.000000	66.500000	9.852111e+04	7.433954e-05
	0	32	-27.000000	65.500000	9.729172e+04	4.458111e-05
	115	54	1.750000	60.000000	9.503166e+04	3.623424e-04
	281	121	43.250000	43.250000	1.023766e+05	-2.630827e-05
	168	124	15.000000	42.500000	1.010168e+05	9.154396e-05
	202	125	23.500000	42.250000	1.015668e+05	-3.377077e-05
	163	133	13.750000	40.250000	1.010168e+05	1.449183e-04
2022	2	16	5	12
	128	48	5.000000	61.500000	9.584654e+04	2.811298e-04
	15	86	-23.250000	52.000000	9.831480e+04	3.934349e-04
	277	120	42.250000	43.500000	1.020190e+05	-3.768024e-05
	170	125	15.500000	42.250000	1.013678e+05	5.612592e-05
	165	135	14.250000	39.750000	1.013678e+05	1.313628e-04
2022	2	16	6	18
	36	18	-18.000000	69.000000	9.734293e+04	2.893410e-04
	139	38	7.750000	64.000000	9.655438e+04	1.258448e-04
	158	47	12.500000	61.750000	9.653141e+04	1.768502e-04
	44	75	-16.000000	54.750000	9.720090e+04	5.015285e-04
	180	136	18.000000	39.500000	1.016787e+05	-8.905200e-06
	168	138	15.000000	39.000000	1.016787e+05	1.119033e-04
2022	2	17	8	0
	22	20	-21.500000	68.500000	9.705739e+04	4.690359e-04
	62	34	-11.500000	65.000000	9.782466e+04	8.961366e-05
	145	38	9.250000	64.000000	9.713367e+04	1.111877e-04
	178	47	17.500000	61.750000	9.686963e+04	1.665653e-04
	179	47	17.750000	61.750000	9.686963e+04	1.673947e-04
	74	67	-8.500000	56.750000	9.645260e+04	5.917607e-04
	137	117	7.250000	44.250000	1.019632e+05	8.924653e-05
	208	136	25.000000	39.500000	1.017965e+05	1.226580e-04
2022	2	17	8	6
	288	19	45.000000	68.750000	9.892613e+04	-1.183704e-05
	6	23	-25.500000	67.750000	9.684160e+04	4.511601e-04
	143	35	8.750000	64.750000	9.720111e+04	1.123622e-04
	2	40	-26.500000	63.500000	9.776165e+04	4.864594e-05
	188	45	20.000000	62.250000	9.694992e+04	2.271311e-04
	114	62	1.500000	58.000000	9.657292e+04	3.606902e-04
	137	117	7.250000	44.250000	1.018679e+05	5.645578e-05
	1	128	-26.750000	41.500000	1.015160e+05	6.281985e-05
2022	2	17	6	12
	147	34	9.750000	65.000000	9.723904e+04	1.364853e-04
	1	38	-26.750000	64.000000	9.784404e+04	8.397643e-05
	194	45	21.500000	62.250000	9.688038e+04	9.086404e-05
	154	63	11.500000	57.750000	9.693391e+04	2.225836e-04
	14	123	-23.500000	42.750000	1.015870e+05	2.193601e-04
	0	134	-27.000000	40.000000	1.022021e+05	9.594237e-05
2022	2	17	4	18
	150	31	10.500000	65.750000	9.738823e+04	1.374957e-04
	208	44	25.000000	62.500000	9.681337e+04	1.079976e-04
	203	65	23.750000	57.250000	9.687722e+04	1.914166e-04
	43	110	-16.250000	46.000000	1.014633e+05	1.417610e-04
2022	2	18	7	0
	131	29	5.750000	66.250000	9.759602e+04	1.615728e-04
	155	30	11.750000	66.000000	9.759602e+04	1.484934e-04
	288	32	45.000000	65.500000	9.861046e+04	1.569452e-05
	217	45	27.250000	62.250000	9.712609e+04	1.053214e-04
	9	46	-24.750000	62.000000	9.752036e+04	2.900265e-04
	230	67	30.500000	56.750000	9.705359e+04	2.029401e-04
	75	96	-8.250000	49.500000	1.010794e+05	1.324359e-04
2022	2	18	8	6
	23	17	-21.250000	69.250000	9.847138e+04	1.443988e-04
	159	24	12.750000	67.500000	9.762657e+04	4.303458e-05
	148	31	10.000000	65.750000	9.762657e+04	1.886885e-04
	27	34	-20.250000	65.000000	9.784784e+04	7.095613e-06
	28	45	-20.000000	62.250000	9.784784e+04	2.234379e-04
	228	45	30.000000	62.250000	9.747759e+04	1.102233e-04
	253	74	36.250000	55.000000	9.731469e+04	2.802721e-05
	103	88	-1.250000	51.500000	1.005062e+05	1.396876e-04
2022	2	18	6	12
	156	29	12.000000	66.250000	9.789483e+04	1.657626e-04
	19	41	-22.250000	63.250000	9.843998e+04	1.898293e-04
	51	43	-14.250000	62.750000	9.839678e+04	2.221571e-04
	275	74	41.750000	55.000000	9.738402e+04	9.763259e-05
	135	83	6.750000	52.750000	1.000870e+05	2.118121e-04
	283	121	43.750000	43.250000	9.952545e+04	-1.524645e-06
2022	2	18	5	18
	161	24	13.250000	67.500000	9.814391e+04	4.749018e-05
	23	41	-21.250000	63.250000	9.881002e+04	1.354289e-04
	285	70	44.250000	56.000000	9.757873e+04	9.496139e-05
	165	83	14.250000	52.750000	9.986303e+04	2.219939e-04
	285	129	44.250000	41.250000	1.005357e+05	1.610130e-06
2022	2	19	5	0
	158	20	12.500000	68.500000	9.837592e+04	4.982092e-05
	59	56	-12.250000	59.500000	9.918217e+04	1.782116e-04
	288	68	45.000000	56.500000	9.768073e+04	1.126058e-04
	288	69	45.000000	56.250000	9.768073e+04	1.173503e-04
	197	88	22.250000	51.500000	9.995386e+04	1.680322e-04
2022	2	19	5	6
	160	25	13.000000	67.250000	9.853670e+04	5.340918e-05
	87	55	-5.250000	59.750000	9.936381e+04	1.695664e-04
	225	95	29.250000	49.750000	9.988895e+04	1.725036e-04
	150	110	10.500000	46.000000	1.021851e+05	3.950825e-05
	140	122	8.000000	43.000000	1.021728e+05	6.283472e-05
2022	2	19	5	12
	6	7	-25.500000	71.750000	1.002628e+05	-1.680203e-05
	0	51	-27.000000	60.750000	9.597656e+04	1.098589e-04
	288	59	45.000000	58.750000	9.842207e+04	1.108720e-04
	251	102	35.750000	48.000000	9.971362e+04	1.518358e-04
	144	126	9.000000	42.000000	1.023572e+05	1.069487e-04
2022	2	19	6	18
	35	36	-18.250000	64.500000	9.511595e+04	1.169460e-04
	8	41	-25.000000	63.250000	9.510815e+04	4.107048e-04
	288	54	45.000000	60.000000	9.877820e+04	5.871470e-05
	279	109	42.750000	46.250000	9.988895e+04	2.189329e-04
	286	122	44.500000	43.000000	1.000455e+05	1.777898e-05
	287	130	44.750000	41.000000	1.001159e+05	-1.408728e-05
2022	2	20	1	0
	17	39	-22.750000	63.750000	9.497328e+04	3.723633e-04
