2022	2	16	6	0
	288	11	45.000000	70.750000	9.878730e+04	7.891726e-05
	54	39	-13.500000	63.750000	9.751338e+04	3.011134e-04
	118	53	2.500000	60.250000	9.802445e+04	1.712024e-04
	65	67	-10.750000	56.750000	9.727872e+04	3.004321e-04
	280	121	43.000000	43.250000	1.020976e+05	2.473550e-05
	172	122	16.000000	43.000000	1.014637e+05	3.606878e-05
2022	2	16	5	3
	48	37	-15.000000	64.250000	9.756517e+04	2.937958e-04
	122	52	3.500000	60.500000	9.796086e+04	1.662023e-04
	75	67	-8.250000	56.750000	9.726305e+04	2.771261e-04
	280	121	43.000000	43.250000	1.021477e+05	2.978167e-05
	173	123	16.250000	42.750000	1.014230e+05	4.155773e-05
2022	2	16	1	6
	99	67	-2.250000	56.750000	9.754349e+04	2.182776e-04
2022	2	16	5	9
	47	62	-15.250000	58.000000	9.761430e+04	6.368473e-05
	112	67	1.000000	56.750000	9.754202e+04	2.227654e-04
	50	71	-14.500000	55.750000	9.761430e+04	1.763469e-04
	202	125	23.500000	42.250000	1.016302e+05	-7.900455e-05
	181	137	18.250000	39.250000	1.014789e+05	1.452896e-04
2022	2	16	5	12
	112	35	1.000000	64.750000	9.762287e+04	1.796482e-04
	53	61	-13.750000	58.250000	9.721179e+04	7.789894e-05
	121	66	3.250000	57.000000	9.745876e+04	2.148289e-04
	64	68	-11.000000	56.500000	9.721179e+04	2.472401e-04
	183	138	18.750000	39.000000	1.012062e+05	1.726843e-04
2022	2	16	5	15
	106	35	-0.500000	64.750000	9.747134e+04	1.750773e-04
	73	59	-8.750000	58.750000	9.688517e+04	1.519619e-05
	81	66	-6.750000	57.000000	9.688517e+04	3.181151e-04
	132	66	6.000000	57.000000	9.728501e+04	2.143787e-04
	185	136	19.250000	39.500000	1.010271e+05	1.627447e-04
2022	2	16	3	18
	143	66	8.750000	57.000000	9.720550e+04	2.127407e-04
	97	67	-2.750000	56.750000	9.700980e+04	2.746999e-04
	184	134	19.000000	40.000000	1.010961e+05	1.262207e-04
2022	2	16	5	21
	177	64	17.250000	57.500000	9.698223e+04	2.010750e-04
	156	66	12.000000	57.000000	9.698223e+04	1.710068e-04
	110	67	0.500000	56.750000	9.693484e+04	2.764309e-04
	137	117	7.250000	44.250000	1.011321e+05	5.938267e-05
	184	134	19.000000	40.000000	1.011673e+05	1.155803e-04
2022	2	17	6	0
	288	9	45.000000	71.250000	9.898434e+04	1.182863e-04
	187	61	19.750000	58.250000	9.666244e+04	2.162598e-04
	165	66	14.250000	57.000000	9.667623e+04	1.889479e-04
	150	109	10.500000	46.250000	1.002552e+05	1.671965e-05
	137	117	7.250000	44.250000	1.010047e+05	6.602494e-05
	184	133	19.000000	40.250000	1.011798e+05	1.002697e-04
2022	2	17	4	3
	288	10	45.000000	71.000000	9.903762e+04	1.133127e-04
	129	39	5.250000	63.750000	9.731218e+04	8.739543e-05
	192	58	21.000000	59.000000	9.633877e+04	2.400260e-04
	138	117	7.500000	44.250000	1.007541e+05	8.847885e-05
2022	2	17	4	6
	288	11	45.000000	70.750000	9.909303e+04	9.485417e-05
	129	39	5.250000	63.750000	9.733882e+04	8.790749e-05
	195	56	21.750000	59.500000	9.612259e+04	2.485750e-04
	199	66	22.750000	57.000000	9.612259e+04	1.711265e-04
2022	2	17	4	9
	131	39	5.750000	63.750000	9.743841e+04	9.371183e-05
	197	55	22.250000	59.750000	9.605445e+04	2.737906e-04
	2	110	-26.500000	46.000000	1.006920e+05	1.848219e-04
	278	120	42.500000	43.500000	1.016177e+05	-1.529028e-05
2022	2	17	3	12
	201	56	23.250000	59.500000	9.602567e+04	2.583688e-04
	11	105	-24.250000	47.250000	1.003811e+05	2.167260e-04
	21	110	-21.750000	46.000000	1.003811e+05	1.022245e-04
2022	2	17	2	15
	215	51	26.750000	60.750000	9.602580e+04	1.898353e-04
	19	101	-22.250000	48.250000	9.982831e+04	2.521308e-04
2022	2	17	3	18
	217	48	27.250000	61.500000	9.601510e+04	1.927818e-04
	36	98	-18.000000	49.000000	9.912663e+04	1.690646e-04
	159	107	12.750000	46.750000	1.006635e+05	-4.776301e-05
2022	2	17	3	21
	218	44	27.500000	62.500000	9.600238e+04	2.110161e-04
	42	93	-16.500000	50.250000	9.833058e+04	3.442581e-04
	153	110	11.250000	46.000000	1.010948e+05	7.252608e-05
2022	2	18	2	0
	219	41	27.750000	63.250000	9.601269e+04	2.018554e-04
	48	90	-15.000000	51.000000	9.780238e+04	4.772080e-04
2022	2	18	3	3
	6	7	-25.500000	71.750000	1.004230e+05	-2.226862e-05
	218	38	27.500000	64.000000	9.605138e+04	1.952468e-04
	55	90	-13.250000	51.000000	9.738380e+04	5.827075e-04
2022	2	18	5	6
	6	7	-25.500000	71.750000	1.003629e+05	-2.037561e-05
	218	37	27.500000	64.250000	9.611924e+04	1.822784e-04
	75	81	-8.250000	53.250000	9.739237e+04	3.189378e-04
	69	89	-9.750000	51.250000	9.739237e+04	5.078441e-04
	138	117	7.500000	44.250000	1.013829e+05	7.575741e-05
2022	2	18	3	9
	6	7	-25.500000	71.750000	1.003931e+05	-4.970682e-05
	222	36	28.500000	64.500000	9.627853e+04	1.616805e-04
	87	76	-5.250000	54.500000	9.717109e+04	3.997935e-04
2022	2	18	4	12
	6	7	-25.500000	71.750000	1.004024e+05	-5.039341e-05
	223	34	28.750000	65.000000	9.645495e+04	1.475060e-04
	94	74	-3.500000	55.000000	9.702747e+04	4.127830e-04
	268	160	40.000000	33.500000	1.008306e+05	1.879809e-05
2022	2	18	4	15
	6	7	-25.500000	71.750000	1.003933e+05	-4.810220e-05
	126	27	4.500000	66.750000	9.784627e+04	9.946330e-05
	227	32	29.750000	65.500000	9.661170e+04	1.294175e-04
	108	70	0.000000	56.000000	9.672428e+04	3.223739e-04
2022	2	18	8	18
	6	7	-25.500000	71.750000	1.002982e+05	-3.284314e-05
	129	28	5.250000	66.500000	9.771563e+04	7.966977e-05
	231	30	30.750000	66.000000	9.668974e+04	1.287859e-04
	0	55	-27.000000	59.750000	9.849495e+04	4.862274e-05
	0	56	-27.000000	59.500000	9.849495e+04	6.585167e-05
	127	70	4.750000	56.000000	9.646405e+04	2.548546e-04
	277	118	42.250000	44.000000	1.006760e+05	1.510080e-05
	109	128	0.250000	41.500000	1.012030e+05	3.748286e-05
2022	2	18	6	21
	2	6	-26.500000	72.000000	1.004056e+05	2.153885e-05
	232	29	31.000000	66.250000	9.676296e+04	1.280483e-04
	127	30	4.750000	66.000000	9.763331e+04	8.118887e-05
	136	69	7.000000	56.250000	9.640998e+04	2.211869e-04
	282	121	43.500000	43.250000	1.007189e+05	4.811028e-05
	235	149	31.750000	36.250000	1.009907e+05	9.690993e-05
2022	2	19	10	0
	6	7	-25.500000	71.750000	1.001710e+05	-5.167033e-06
	155	26	11.750000	67.000000	9.756089e+04	6.528739e-05
	233	28	31.250000	66.500000	9.683270e+04	1.043137e-04
	131	31	5.750000	65.750000	9.756089e+04	9.286598e-05
	2	50	-26.500000	61.000000	9.808762e+04	1.444115e-04
	22	59	-21.500000	58.750000	9.811975e+04	1.863291e-04
	149	66	10.250000	57.000000	9.654370e+04	2.333926e-04
	136	114	7.000000	45.000000	1.013148e+05	5.148565e-05
	282	121	43.500000	43.250000	1.010222e+05	5.004717e-05
	237	151	32.250000	35.750000	1.008146e+05	1.546850e-04
2022	2	19	7	3
	6	7	-25.500000	71.750000	1.002006e+05	6.639186e-06
	235	28	31.750000	66.500000	9.688424e+04	1.065705e-04
	133	31	6.250000	65.750000	9.752783e+04	1.049111e-04
	33	58	-18.750000	59.000000	9.812095e+04	2.272465e-04
	177	61	17.250000	58.250000	9.663486e+04	2.062136e-04
	137	117	7.250000	44.250000	1.012066e+05	1.372880e-04
	242	154	33.500000	35.000000	1.007041e+05	1.645025e-04
2022	2	19	10	6
	6	7	-25.500000	71.750000	1.002542e+05	1.406799e-05
	239	18	32.750000	69.000000	9.693510e+04	1.549386e-04
	155	26	11.750000	67.000000	9.753787e+04	9.549002e-05
	237	27	32.250000	66.750000	9.693510e+04	8.813665e-05
	134	32	6.500000	65.500000	9.753787e+04	1.265777e-04
	38	56	-17.500000	59.500000	9.791870e+04	2.351016e-04
	182	60	18.500000	58.500000	9.656592e+04	1.671472e-04
	137	117	7.250000	44.250000	1.012301e+05	1.182918e-04
	244	153	34.000000	35.250000	1.006993e+05	1.972153e-04
	254	157	36.500000	34.250000	1.006993e+05	-2.367805e-05
2022	2	19	10	9
	6	7	-25.500000	71.750000	1.003200e+05	-2.142138e-07
	239	18	32.750000	69.000000	9.702010e+04	1.217786e-04
	155	26	11.750000	67.000000	9.763184e+04	1.233261e-04
	243	27	33.750000	66.750000	9.702010e+04	6.686829e-05
	138	33	7.500000	65.250000	9.763184e+04	1.651659e-04
	41	56	-16.750000	59.500000	9.805723e+04	2.669267e-04
	191	59	20.750000	58.750000	9.677568e+04	1.717185e-04
	137	117	7.250000	44.250000	1.014322e+05	1.127223e-04
	189	120	20.250000	43.500000	1.015837e+05	-1.548543e-05
	243	153	33.750000	35.250000	1.007294e+05	1.924999e-04
2022	2	19	9	12
	248	17	35.000000	69.250000	9.714405e+04	6.464314e-05
	155	26	11.750000	67.000000	9.772768e+04	1.371459e-04
	143	34	8.750000	65.000000	9.772768e+04	1.907165e-04
	45	56	-15.750000	59.500000	9.842120e+04	2.516803e-04
	66	58	-10.500000	59.000000	9.842120e+04	2.127692e-04
	203	61	23.750000	58.250000	9.709828e+04	6.172564e-05
	136	118	7.000000	44.000000	1.014082e+05	1.105954e-04
	241	156	33.250000	34.500000	1.008127e+05	2.267294e-04
	268	162	40.000000	33.000000	1.008167e+05	5.313029e-06
2022	2	19	9	15
	251	17	35.750000	69.250000	9.724365e+04	6.939425e-05
	155	26	11.750000	67.000000	9.780934e+04	1.479121e-04
	231	55	30.750000	59.750000	9.734471e+04	1.013667e-04
	49	56	-14.750000	59.500000	9.864005e+04	2.070687e-04
	74	58	-8.500000	59.000000	9.865531e+04	2.048255e-04
	216	61	27.000000	58.250000	9.734471e+04	1.342111e-04
	135	119	6.750000	43.750000	1.013540e+05	1.123142e-04
	96	144	-3.000000	37.500000	1.017256e+05	7.221149e-05
	242	160	33.500000	33.500000	1.010192e+05	1.570151e-04
2022	2	19	8	18
	6	7	-25.500000	71.750000	1.000422e+05	-6.966581e-06
	256	18	37.000000	69.000000	9.734805e+04	8.044665e-05
	153	27	11.250000	66.750000	9.788188e+04	1.403461e-04
	240	53	33.000000	60.250000	9.750962e+04	1.271476e-04
	0	56	-27.000000	59.500000	9.659631e+04	1.194373e-04
	135	120	6.750000	43.500000	1.015181e+05	1.287935e-04
	269	162	40.250000	33.000000	1.011013e+05	2.215030e-05
	280	162	43.000000	33.000000	1.011013e+05	6.989712e-05
2022	2	19	7	21
	6	7	-25.500000	71.750000	9.996418e+04	-1.822517e-05
	276	15	42.000000	69.750000	9.740629e+04	8.559304e-05
	154	27	11.500000	66.750000	9.796247e+04	1.425708e-04
	152	28	11.000000	66.500000	9.796247e+04	1.611761e-04
	249	51	35.250000	60.750000	9.756223e+04	1.187169e-04
	0	52	-27.000000	60.500000	9.585273e+04	1.554356e-04
	135	74	6.750000	55.000000	9.954494e+04	1.391922e-04
2022	2	20	6	0
	6	7	-25.500000	71.750000	9.985428e+04	-2.727542e-05
	282	13	43.500000	70.250000	9.747335e+04	1.066017e-04
	152	29	11.000000	66.250000	9.804038e+04	1.853738e-04
	153	29	11.250000	66.250000	9.804038e+04	1.818494e-04
	0	49	-27.000000	61.250000	9.549506e+04	9.393669e-05
	256	49	37.000000	61.250000	9.766383e+04	1.136732e-04
