2022	2	16	5	0
	288	11	45.000000	70.750000	9.880394e+04	9.154247e-05
	54	38	-13.500000	64.000000	9.728771e+04	3.807985e-04
	120	53	3.000000	60.250000	9.804803e+04	1.806904e-04
	66	67	-10.500000	56.750000	9.737832e+04	2.720260e-04
	280	121	43.000000	43.250000	1.020860e+05	3.147317e-05
2022	2	16	5	3
	49	36	-14.750000	64.500000	9.746088e+04	3.776329e-04
	188	42	20.000000	63.000000	9.899291e+04	1.069165e-04
	122	51	3.500000	60.750000	9.796106e+04	1.746198e-04
	76	67	-8.000000	56.750000	9.729060e+04	2.868583e-04
	280	121	43.000000	43.250000	1.021342e+05	4.267642e-05
2022	2	16	4	6
	40	33	-17.000000	65.250000	9.766232e+04	2.841151e-04
	124	50	4.000000	61.000000	9.789523e+04	1.496248e-04
	86	66	-5.500000	57.000000	9.757901e+04	2.789865e-04
	280	121	43.000000	43.250000	1.022378e+05	3.612554e-05
2022	2	16	4	9
	40	54	-17.000000	60.000000	9.760409e+04	4.774809e-05
	58	54	-12.500000	60.000000	9.760409e+04	6.972985e-05
	49	62	-14.750000	58.000000	9.760409e+04	6.187608e-05
	111	67	0.750000	56.750000	9.767251e+04	2.078524e-04
2022	2	16	4	12
	122	67	3.500000	56.750000	9.745692e+04	1.963826e-04
	69	68	-9.750000	56.500000	9.729941e+04	1.904619e-04
	137	116	7.250000	44.500000	1.011910e+05	6.803499e-05
	183	136	18.750000	39.500000	1.012568e+05	1.581770e-04
2022	2	16	5	15
	0	36	-27.000000	64.500000	9.787471e+04	5.344140e-06
	71	60	-9.250000	58.500000	9.701162e+04	1.198069e-04
	82	67	-6.500000	56.750000	9.701162e+04	2.543869e-04
	135	67	6.750000	56.750000	9.721276e+04	2.166004e-04
	184	137	19.000000	39.250000	1.010560e+05	1.722375e-04
2022	2	16	4	18
	151	66	10.750000	57.000000	9.707410e+04	2.102233e-04
	100	67	-2.000000	56.750000	9.698502e+04	2.378639e-04
	148	108	10.000000	46.500000	1.005142e+05	-5.095359e-05
	184	134	19.000000	40.000000	1.010555e+05	1.503602e-04
2022	2	16	6	21
	288	9	45.000000	71.250000	9.902089e+04	1.187422e-04
	79	59	-7.250000	58.750000	9.733165e+04	1.999250e-04
	160	65	13.000000	57.250000	9.681002e+04	2.481373e-04
	116	68	2.000000	56.500000	9.694366e+04	2.373143e-04
	136	117	7.000000	44.250000	1.010209e+05	6.964873e-05
	184	134	19.000000	40.000000	1.010805e+05	1.236832e-04
2022	2	17	5	0
	84	59	-6.000000	58.750000	9.744020e+04	1.919193e-04
	172	64	16.000000	57.500000	9.660782e+04	1.620273e-04
	137	117	7.250000	44.250000	1.009675e+05	6.432151e-05
	278	120	42.500000	43.500000	1.020497e+05	-4.509603e-05
	183	134	18.750000	40.000000	1.010872e+05	1.239670e-04
2022	2	17	3	3
	287	11	44.750000	70.750000	9.911348e+04	1.351804e-04
	188	58	20.000000	59.000000	9.629205e+04	1.942961e-04
	279	121	42.750000	43.250000	1.018267e+05	-3.606294e-05
2022	2	17	3	6
	192	56	21.000000	59.500000	9.611919e+04	2.186115e-04
	0	118	-27.000000	44.000000	1.007744e+05	5.425144e-05
	279	121	42.750000	43.250000	1.016500e+05	-1.610869e-05
2022	2	17	3	9
	195	55	21.750000	59.750000	9.604803e+04	2.237930e-04
	0	114	-27.000000	45.000000	1.000521e+05	2.001487e-04
	278	120	42.500000	43.500000	1.016398e+05	-3.039552e-05
2022	2	17	5	12
	203	55	23.750000	59.750000	9.604165e+04	1.376116e-05
	21	106	-21.750000	47.000000	9.972541e+04	2.241152e-04
	4	116	-26.000000	44.500000	9.971386e+04	4.822455e-04
	279	120	42.750000	43.500000	1.013464e+05	-2.736403e-05
	197	143	22.250000	37.750000	1.010741e+05	3.584642e-05
2022	2	17	2	15
	211	51	25.750000	60.750000	9.605670e+04	1.513085e-04
	17	106	-22.750000	47.000000	9.923997e+04	3.574879e-04
2022	2	17	3	18
	211	46	25.750000	62.000000	9.605777e+04	1.180496e-04
	23	55	-21.250000	59.750000	9.905586e+04	1.344830e-04
	29	100	-19.750000	48.500000	9.881580e+04	3.717194e-04
2022	2	17	5	21
	212	44	26.000000	62.500000	9.610930e+04	1.100722e-04
	55	47	-13.250000	61.750000	9.877581e+04	1.287129e-04
	21	54	-21.750000	60.000000	9.884347e+04	1.893478e-04
	53	91	-13.750000	50.750000	9.856889e+04	2.441335e-04
	39	96	-17.250000	49.500000	9.856889e+04	3.354443e-04
2022	2	18	6	0
	215	42	26.750000	63.000000	9.612952e+04	1.062588e-04
	45	48	-15.750000	61.500000	9.857345e+04	1.735497e-04
	19	53	-22.250000	60.250000	9.864962e+04	1.975024e-04
	20	53	-22.000000	60.250000	9.864962e+04	1.943038e-04
	51	92	-14.250000	50.500000	9.823929e+04	3.665961e-04
	140	116	8.000000	44.500000	1.014724e+05	-1.750389e-05
2022	2	18	4	3
	217	41	27.250000	63.250000	9.621938e+04	1.325808e-04
	42	48	-16.500000	61.500000	9.824233e+04	2.055110e-04
	64	86	-11.000000	52.000000	9.765305e+04	4.394902e-04
	138	117	7.500000	44.250000	1.014580e+05	4.836331e-05
2022	2	18	5	6
	219	39	27.750000	63.750000	9.631181e+04	1.616296e-04
	39	49	-17.250000	61.250000	9.792123e+04	2.270155e-04
	77	80	-7.750000	53.500000	9.703108e+04	4.067300e-04
	141	107	8.250000	46.750000	1.013181e+05	-6.979392e-05
	138	117	7.500000	44.250000	1.014856e+05	8.079509e-05
2022	2	18	3	9
	221	37	28.250000	64.250000	9.649015e+04	1.498034e-04
	36	51	-18.000000	60.750000	9.793157e+04	2.467905e-04
	88	73	-5.000000	55.250000	9.651614e+04	4.439323e-04
2022	2	18	4	12
	115	26	1.750000	67.000000	9.801123e+04	1.134097e-04
	222	35	28.500000	64.750000	9.671439e+04	1.656841e-04
	95	71	-3.250000	55.750000	9.592686e+04	4.917025e-04
	118	124	2.500000	42.500000	1.014198e+05	7.819150e-05
2022	2	18	7	15
	6	7	-25.500000	71.750000	1.003243e+05	-3.860448e-05
	110	29	0.500000	66.250000	9.783701e+04	1.538046e-04
	224	33	29.000000	65.250000	9.692435e+04	1.161709e-04
	225	33	29.250000	65.250000	9.692435e+04	1.130391e-04
	108	68	0.000000	56.500000	9.544629e+04	3.377527e-04
	103	131	-1.250000	40.750000	1.012599e+05	2.624401e-05
	250	132	35.500000	40.500000	1.007863e+05	-2.516004e-06
2022	2	18	6	18
	6	7	-25.500000	71.750000	1.002948e+05	-2.657729e-05
	229	32	30.250000	65.500000	9.705769e+04	8.201035e-05
	107	33	-0.250000	65.250000	9.768376e+04	2.125122e-04
	125	66	4.250000	57.000000	9.525624e+04	2.277973e-04
	273	129	41.250000	41.250000	1.007305e+05	-3.123517e-05
	231	149	30.750000	36.250000	1.009151e+05	1.106546e-04
2022	2	18	7	21
	6	7	-25.500000	71.750000	1.002671e+05	-1.506294e-05
	259	19	37.750000	68.750000	9.712017e+04	1.161305e-04
	243	28	33.750000	66.500000	9.712017e+04	7.654991e-05
	0	52	-27.000000	60.500000	9.865662e+04	7.259737e-05
	134	62	6.500000	58.000000	9.528589e+04	1.404802e-04
	282	121	43.500000	43.250000	1.008371e+05	3.925749e-05
	235	149	31.750000	36.250000	1.007489e+05	1.006286e-04
2022	2	19	8	0
	6	7	-25.500000	71.750000	1.002042e+05	4.722137e-06
	256	18	37.000000	69.000000	9.718311e+04	1.403728e-04
	244	27	34.000000	66.750000	9.718311e+04	1.007597e-04
	0	48	-27.000000	61.500000	9.851340e+04	1.260627e-04
	151	60	10.750000	58.500000	9.535583e+04	3.442575e-04
	152	60	11.000000	58.500000	9.535583e+04	3.667602e-04
	136	116	7.000000	44.500000	1.015966e+05	1.190980e-04
	236	148	32.000000	36.500000	1.004429e+05	6.528482e-05
2022	2	19	4	3
	253	17	36.250000	69.250000	9.717414e+04	1.806743e-04
	161	58	13.250000	59.000000	9.543564e+04	2.853077e-04
	234	151	31.500000	35.750000	1.004517e+05	1.495485e-04
	244	155	34.000000	34.750000	1.004517e+05	5.446038e-07
2022	2	19	6	6
	250	17	35.500000	69.250000	9.712823e+04	1.700167e-04
	10	47	-24.500000	61.750000	9.858973e+04	1.484294e-04
	28	48	-20.000000	61.500000	9.862393e+04	1.744462e-05
	172	57	16.000000	59.250000	9.563177e+04	2.375026e-04
	136	117	7.000000	44.250000	1.014090e+05	1.292331e-04
	233	155	31.250000	34.750000	1.006222e+05	2.021130e-04
2022	2	19	4	9
	248	17	35.000000	69.250000	9.721838e+04	1.583143e-04
	154	25	11.500000	67.250000	9.753324e+04	9.668586e-05
	186	55	19.500000	59.750000	9.585586e+04	2.162870e-04
	231	158	30.750000	34.000000	1.007714e+05	2.182918e-04
2022	2	19	6	12
	246	18	34.500000	69.000000	9.734730e+04	1.402538e-04
	247	18	34.750000	69.000000	9.734730e+04	1.372385e-04
	154	24	11.500000	67.500000	9.765882e+04	1.244366e-04
	5	39	-25.750000	63.750000	9.863685e+04	1.175206e-04
	194	54	21.500000	60.000000	9.608163e+04	2.705653e-04
	231	162	30.750000	33.000000	1.007072e+05	1.608228e-04
2022	2	19	3	15
	248	19	35.000000	68.750000	9.750542e+04	7.553134e-05
	156	24	12.000000	67.500000	9.779155e+04	1.430622e-04
	202	53	23.500000	60.250000	9.641656e+04	2.982975e-04
2022	2	19	4	18
	243	19	33.750000	68.750000	9.761702e+04	9.576034e-05
	156	23	12.000000	67.750000	9.788231e+04	1.496194e-04
	213	52	26.250000	60.500000	9.665206e+04	2.722409e-04
	112	162	1.000000	33.000000	1.016384e+05	1.516848e-05
2022	2	19	3	21
	155	23	11.750000	67.750000	9.802005e+04	1.507825e-04
	0	49	-27.000000	61.250000	9.650505e+04	1.563241e-04
	221	52	28.250000	60.500000	9.692116e+04	2.845244e-04
2022	2	20	5	0
	154	24	11.500000	67.500000	9.811888e+04	1.367825e-04
	0	46	-27.000000	62.000000	9.592595e+04	1.207835e-04
	231	50	30.750000	61.000000	9.718691e+04	1.624188e-04
	232	50	31.000000	61.000000	9.718691e+04	1.708801e-04
	155	133	11.750000	40.250000	1.015974e+05	5.740571e-05
