2022	2	14	8	0
	2	6	-26.500000	72.000000	9.972511e+04	6.417637e-06
	219	9	27.750000	71.250000	9.840847e+04	1.244576e-04
	191	12	20.750000	70.500000	9.840847e+04	1.508502e-04
	1	17	-26.750000	69.250000	9.972511e+04	7.892394e-06
	217	25	27.250000	67.250000	9.855278e+04	9.328325e-05
	116	61	2.000000	58.250000	9.855227e+04	7.992880e-05
	103	71	-1.250000	55.750000	9.855090e+04	1.361696e-04
	139	107	7.750000	46.750000	1.005102e+05	-1.567785e-04
2022	2	14	7	3
	61	4	-11.750000	72.500000	1.000757e+05	1.072219e-04
	210	9	25.500000	71.250000	9.803390e+04	2.151807e-04
	197	16	22.250000	69.500000	9.803390e+04	7.467416e-05
	1	17	-26.750000	69.250000	9.975780e+04	-1.799795e-05
	232	20	31.000000	68.500000	9.813644e+04	5.698881e-05
	119	61	2.750000	58.250000	9.854456e+04	1.164534e-04
	107	71	-0.250000	55.750000	9.854456e+04	1.297117e-04
2022	2	14	4	6
	215	9	26.750000	71.250000	9.794351e+04	2.640287e-04
	106	72	-0.500000	55.500000	9.860448e+04	1.758822e-04
	107	72	-0.250000	55.500000	9.860448e+04	1.682020e-04
	122	121	3.500000	43.250000	1.009106e+05	2.055977e-04
2022	2	14	4	9
	75	2	-8.250000	73.000000	1.001462e+05	9.849754e-05
	222	8	28.500000	71.500000	9.798357e+04	2.350506e-04
	0	52	-27.000000	60.500000	9.803492e+04	1.096497e-04
	123	69	3.750000	56.250000	9.868152e+04	8.961152e-05
2022	2	14	4	12
	233	14	31.250000	70.000000	9.790430e+04	2.594499e-04
	0	47	-27.000000	61.750000	9.761653e+04	1.276274e-04
	129	67	5.250000	56.750000	9.858103e+04	1.492812e-04
	132	67	6.000000	56.750000	9.858103e+04	1.680333e-04
2022	2	14	4	15
	231	7	30.750000	71.750000	9.779338e+04	1.155099e-04
	244	14	34.000000	70.000000	9.779338e+04	2.052137e-04
	0	42	-27.000000	63.000000	9.714164e+04	1.313489e-04
	136	64	7.000000	57.500000	9.842935e+04	2.300986e-04
2022	2	14	7	18
	253	6	36.250000	72.000000	9.773654e+04	1.201589e-04
	229	10	30.250000	71.000000	9.773654e+04	3.479913e-04
	251	14	35.750000	70.000000	9.773654e+04	2.288824e-04
	0	39	-27.000000	63.750000	9.688126e+04	1.470185e-04
	27	39	-20.250000	63.750000	9.688126e+04	-7.271887e-06
	128	54	5.000000	60.000000	9.853002e+04	4.318388e-05
	138	63	7.500000	57.750000	9.853002e+04	2.638253e-04
2022	2	14	6	21
	245	5	34.250000	72.250000	9.776478e+04	1.144194e-04
	6	7	-25.500000	71.750000	9.966159e+04	2.417846e-05
	256	13	37.000000	70.250000	9.776478e+04	2.389181e-04
	0	38	-27.000000	64.000000	9.707145e+04	6.330356e-05
	28	38	-20.000000	64.000000	9.711648e+04	2.554410e-06
	142	61	8.500000	58.250000	9.859335e+04	3.057590e-04
2022	2	15	7	0
	238	7	32.500000	71.750000	9.782812e+04	1.578466e-04
	239	7	32.750000	71.750000	9.782812e+04	1.482122e-04
	259	12	37.750000	70.500000	9.782812e+04	2.108885e-04
	23	35	-21.250000	64.750000	9.726473e+04	4.666957e-05
	126	53	4.500000	60.250000	9.865909e+04	7.761207e-05
	148	58	10.000000	59.000000	9.864694e+04	3.446496e-04
	142	122	8.500000	43.000000	1.011438e+05	1.060371e-04
2022	2	15	7	3
	266	12	39.500000	70.500000	9.783994e+04	2.347901e-04
	267	12	39.750000	70.500000	9.783994e+04	2.316150e-04
	0	33	-27.000000	65.250000	9.731506e+04	7.022806e-05
	25	34	-20.750000	65.000000	9.731506e+04	1.352451e-04
	123	52	3.750000	60.500000	9.896056e+04	1.046140e-04
	151	55	10.750000	59.750000	9.862673e+04	3.711538e-04
	146	125	9.500000	42.250000	1.010690e+05	7.336905e-05
2022	2	15	8	6
	267	11	39.750000	70.750000	9.787931e+04	2.683825e-04
	24	31	-21.000000	65.750000	9.732037e+04	2.103899e-04
	0	38	-27.000000	64.000000	9.731900e+04	-3.813228e-06
	124	52	4.000000	60.500000	9.896861e+04	8.405782e-05
	153	54	11.250000	60.000000	9.868220e+04	3.095215e-04
	137	58	7.250000	59.000000	9.868220e+04	3.427992e-05
	0	86	-27.000000	52.000000	9.915230e+04	1.020952e-04
	147	118	9.750000	44.000000	1.010489e+05	1.043577e-04
2022	2	15	6	9
	269	12	40.250000	70.500000	9.803492e+04	2.575809e-04
	0	35	-27.000000	64.750000	9.739107e+04	-5.365331e-05
	156	52	12.000000	60.500000	9.883320e+04	2.664478e-04
	2	83	-26.500000	52.750000	9.874144e+04	1.795427e-04
	156	118	12.000000	44.000000	1.011392e+05	6.674079e-05
	153	158	11.250000	34.000000	1.016832e+05	8.404216e-05
2022	2	15	8	12
	275	13	41.750000	70.250000	9.820441e+04	1.925814e-04
	0	30	-27.000000	66.000000	9.746006e+04	8.203813e-06
	0	39	-27.000000	63.750000	9.746006e+04	2.787690e-05
	64	42	-11.000000	63.000000	9.819602e+04	2.404946e-04
	159	51	12.750000	60.750000	9.891280e+04	2.429182e-04
	10	80	-24.500000	53.500000	9.844938e+04	2.403913e-04
	159	113	12.750000	45.250000	1.010967e+05	1.126769e-04
	152	160	11.000000	33.500000	1.015651e+05	9.059895e-05
2022	2	15	9	15
	284	13	44.000000	70.250000	9.826124e+04	2.542862e-04
	285	13	44.250000	70.250000	9.826124e+04	2.229379e-04
	0	40	-27.000000	63.500000	9.726559e+04	1.534163e-05
	176	48	17.000000	61.500000	9.896963e+04	1.453545e-04
	94	50	-3.500000	61.000000	9.843089e+04	1.569435e-04
	17	77	-22.750000	54.250000	9.796371e+04	2.260049e-04
	160	111	13.000000	45.750000	1.011006e+05	1.190304e-04
	158	151	12.500000	35.750000	1.015216e+05	7.907298e-05
	156	161	12.000000	33.250000	1.015216e+05	2.317200e-05
2022	2	15	5	18
	179	46	17.750000	62.000000	9.898402e+04	1.915398e-04
	116	52	2.000000	60.500000	9.832390e+04	1.797478e-04
	12	75	-24.000000	54.750000	9.737960e+04	2.178079e-04
	160	111	13.000000	45.750000	1.013624e+05	1.191583e-04
	162	159	13.500000	33.750000	1.016014e+05	7.645738e-05
2022	2	15	7	21
	288	9	45.000000	71.250000	9.842798e+04	9.601549e-05
	288	10	45.000000	71.000000	9.842798e+04	8.396501e-05
	182	44	18.500000	62.500000	9.893266e+04	1.896295e-04
	118	50	2.500000	61.000000	9.820869e+04	1.380643e-04
	26	69	-20.500000	56.250000	9.680473e+04	3.466799e-04
	162	149	13.500000	36.250000	1.016649e+05	9.243948e-05
	163	157	13.750000	34.250000	1.016649e+05	8.594951e-05
2022	2	16	5	0
	285	9	44.250000	71.250000	9.843106e+04	2.282146e-04
	184	43	19.000000	62.750000	9.887445e+04	1.967670e-04
	122	49	3.500000	61.250000	9.814141e+04	1.699386e-04
	42	65	-16.500000	57.250000	9.608453e+04	4.207273e-04
	165	155	14.250000	34.750000	1.016122e+05	9.278728e-05
2022	2	16	7	3
	281	9	43.250000	71.250000	9.842884e+04	2.817704e-04
	185	42	19.250000	63.000000	9.881864e+04	2.015548e-04
	154	54	11.500000	60.000000	9.842730e+04	2.274293e-04
	53	63	-13.750000	57.750000	9.564268e+04	4.591048e-04
	279	121	42.750000	43.250000	1.022956e+05	3.745479e-06
	169	139	15.250000	38.750000	1.015182e+05	8.731811e-05
	167	153	14.750000	35.250000	1.014608e+05	1.402577e-04
2022	2	16	5	6
	281	10	43.250000	71.000000	9.843431e+04	2.542985e-04
	158	53	12.500000	60.250000	9.826826e+04	2.286819e-04
	72	63	-9.000000	57.750000	9.567367e+04	3.423544e-04
	280	121	43.000000	43.250000	1.023413e+05	2.045794e-06
	170	151	15.500000	35.750000	1.014624e+05	1.322165e-04
2022	2	16	6	9
	283	10	43.750000	71.000000	9.845828e+04	2.434107e-04
	0	41	-27.000000	63.250000	9.726473e+04	1.043970e-04
	166	52	14.500000	60.500000	9.814141e+04	1.624154e-04
	84	61	-6.000000	58.250000	9.594141e+04	2.926098e-04
	279	120	42.750000	43.500000	1.022971e+05	7.392132e-06
	173	150	16.250000	36.000000	1.014812e+05	1.365033e-04
2022	2	16	6	12
	283	9	43.750000	71.250000	9.851838e+04	2.527628e-04
	283	10	43.750000	71.000000	9.851838e+04	2.470534e-04
	0	39	-27.000000	63.750000	9.743233e+04	1.346672e-04
	181	49	18.250000	61.250000	9.792159e+04	1.760220e-04
	106	61	-0.500000	58.250000	9.595305e+04	2.885590e-04
	175	148	16.750000	36.500000	1.013497e+05	1.302865e-04
2022	2	16	7	15
	281	10	43.250000	71.000000	9.856784e+04	2.246596e-04
	0	36	-27.000000	64.500000	9.765368e+04	1.433412e-04
	187	47	19.750000	61.750000	9.771154e+04	1.834850e-04
	122	64	3.500000	57.500000	9.582209e+04	2.756533e-04
	2	86	-26.500000	52.000000	9.960887e+04	1.454484e-04
	167	146	14.750000	37.000000	1.011986e+05	2.425939e-05
	178	146	17.500000	37.000000	1.011986e+05	1.226603e-04
2022	2	16	6	18
	281	11	43.250000	70.750000	9.858702e+04	2.179634e-04
	0	32	-27.000000	65.500000	9.793306e+04	1.021005e-04
	188	45	20.000000	62.250000	9.756791e+04	1.948887e-04
	132	66	6.000000	57.000000	9.590409e+04	2.568636e-04
	5	83	-25.750000	52.750000	9.941456e+04	1.992260e-04
	178	143	17.500000	37.750000	1.012044e+05	1.625173e-04
2022	2	16	5	21
	282	12	43.500000	70.500000	9.864830e+04	1.999325e-04
	143	68	8.750000	56.500000	9.612870e+04	2.426439e-04
	14	80	-23.500000	53.500000	9.922095e+04	2.000503e-04
	136	115	7.000000	44.750000	1.011092e+05	8.558803e-05
	179	140	17.750000	38.500000	1.012189e+05	1.614886e-04
2022	2	17	9	0
	285	11	44.250000	70.750000	9.873784e+04	1.820116e-04
	117	40	2.250000	63.500000	9.785363e+04	2.073330e-04
	168	62	15.000000	58.000000	9.632386e+04	1.297377e-04
	157	68	12.250000	56.500000	9.632386e+04	2.019280e-04
	30	76	-19.500000	54.500000	9.909854e+04	1.949969e-04
	45	78	-15.750000	54.000000	9.909854e+04	2.042266e-04
	136	115	7.000000	44.750000	1.008305e+05	8.071304e-05
	278	120	42.500000	43.500000	1.021795e+05	-6.281010e-05
	178	140	17.500000	38.500000	1.011912e+05	1.582493e-04
2022	2	17	10	3
	287	11	44.750000	70.750000	9.873870e+04	1.342484e-04
	115	41	1.750000	63.250000	9.790294e+04	2.133050e-04
	145	42	9.250000	63.000000	9.783702e+04	6.504375e-05
	181	59	18.250000	58.750000	9.651525e+04	1.145010e-04
	167	70	14.750000	56.000000	9.650207e+04	1.521053e-04
	39	73	-17.250000	55.250000	9.880905e+04	2.359072e-04
	54	74	-13.500000	55.000000	9.880905e+04	2.195998e-04
	150	109	10.500000	46.250000	1.000668e+05	3.528811e-05
	138	117	7.500000	44.250000	1.006081e+05	1.411597e-04
	179	140	17.750000	38.500000	1.010818e+05	1.371444e-04
2022	2	17	10	6
	287	10	44.750000	71.000000	9.873219e+04	1.188750e-04
	114	43	1.500000	62.750000	9.791869e+04	2.095259e-04
	146	44	9.500000	62.500000	9.796627e+04	2.714910e-05
	0	48	-27.000000	61.500000	9.909375e+04	1.678790e-05
	185	58	19.250000	59.000000	9.675372e+04	1.109617e-04
	178	69	17.500000	56.250000	9.675372e+04	1.029730e-04
	61	71	-11.750000	55.750000	9.852505e+04	2.156974e-04
	38	74	-17.500000	55.000000	9.847266e+04	4.074906e-04
	137	113	7.250000	45.250000	1.007552e+05	2.779169e-05
	279	121	42.750000	43.250000	1.017188e+05	-1.298937e-05
2022	2	17	8	9
	116	44	2.000000	62.500000	9.793700e+04	1.685379e-04
	147	45	9.750000	62.250000	9.809398e+04	-2.282041e-05
	193	57	21.250000	59.250000	9.706221e+04	1.072467e-04
	186	68	19.500000	56.500000	9.706221e+04	8.861527e-05
	64	70	-11.000000	56.000000	9.852881e+04	1.937401e-04
	49	75	-14.750000	54.750000	9.852881e+04	4.242880e-04
	150	110	10.500000	46.000000	1.008829e+05	6.987330e-05
	278	120	42.500000	43.500000	1.014819e+05	-1.371625e-05
2022	2	17	5	12
	118	45	2.500000	62.250000	9.785825e+04	1.722800e-04
	194	57	21.500000	59.250000	9.715038e+04	1.314902e-04
	192	67	21.000000	56.750000	9.715038e+04	8.933052e-05
	70	69	-9.500000	56.250000	9.863427e+04	1.587695e-04
	21	105	-21.750000	47.250000	1.004231e+05	2.478303e-04
2022	2	17	4	15
	39	43	-17.250000	62.750000	9.855330e+04	1.966738e-04
	121	45	3.250000	62.250000	9.772302e+04	1.853576e-04
	198	56	22.500000	59.500000	9.724042e+04	1.121947e-04
	33	101	-18.750000	48.250000	9.967820e+04	2.490492e-04
2022	2	17	4	18
	38	43	-17.500000	62.750000	9.841446e+04	2.337453e-04
	124	45	4.000000	62.250000	9.763125e+04	2.443438e-04
	201	55	23.250000	59.750000	9.720088e+04	1.200664e-04
	41	98	-16.750000	49.000000	9.903195e+04	3.854816e-04
2022	2	17	4	21
	36	44	-18.000000	62.500000	9.829753e+04	2.628961e-04
	125	45	4.250000	62.250000	9.765128e+04	2.607607e-04
	203	55	23.750000	59.750000	9.713924e+04	1.163307e-04
	51	95	-14.250000	49.750000	9.842473e+04	4.352158e-04
2022	2	18	4	0
	37	45	-17.750000	62.250000	9.821519e+04	2.539335e-04
	127	45	4.750000	62.250000	9.775006e+04	2.075890e-04
	204	54	24.000000	60.000000	9.709748e+04	1.597089e-04
	62	94	-11.500000	50.000000	9.809296e+04	4.652225e-04
2022	2	18	6	3
	129	45	5.250000	62.250000	9.794316e+04	1.648447e-04
	38	46	-17.500000	62.000000	9.809381e+04	2.455891e-04
	221	46	28.250000	62.000000	9.709902e+04	3.583631e-05
	222	46	28.500000	62.000000	9.709902e+04	3.193898e-05
	207	54	24.750000	60.000000	9.709902e+04	1.270671e-04
	77	91	-7.750000	50.750000	9.792228e+04	4.453779e-04
2022	2	18	6	6
	144	39	9.000000	63.750000	9.796525e+04	4.196483e-05
	38	46	-17.500000	62.000000	9.804828e+04	2.820183e-04
	218	53	27.500000	60.250000	9.717811e+04	5.257573e-05
	108	84	0.000000	52.500000	9.769511e+04	1.965331e-04
	90	87	-4.500000	51.750000	9.769511e+04	4.386863e-04
	138	117	7.500000	44.250000	1.008861e+05	1.384217e-04
2022	2	18	5	9
	147	35	9.750000	64.750000	9.798323e+04	6.346598e-05
	38	47	-17.500000	61.750000	9.809724e+04	2.901999e-04
	221	51	28.250000	60.750000	9.726388e+04	6.634193e-05
	104	85	-1.000000	52.250000	9.757716e+04	3.235477e-04
	117	124	2.250000	42.500000	1.012968e+05	6.051853e-05
2022	2	18	6	12
	146	33	9.500000	65.250000	9.798220e+04	1.042096e-04
	241	37	33.250000	64.250000	9.733800e+04	6.291930e-05
	42	48	-16.500000	61.500000	9.818591e+04	3.028098e-04
	226	48	29.500000	61.500000	9.733423e+04	5.201532e-05
	121	79	3.250000	53.750000	9.762218e+04	3.158415e-04
	279	119	42.750000	43.750000	1.005670e+05	1.836250e-05
2022	2	18	7	15
	121	26	3.250000	67.000000	9.792040e+04	6.195308e-05
	146	31	9.500000	65.750000	9.792040e+04	1.186551e-04
	243	35	33.750000	64.750000	9.741093e+04	9.685805e-05
	228	43	30.000000	62.750000	9.741093e+04	-2.268884e-06
	45	48	-15.750000	61.500000	9.821057e+04	3.163796e-04
	1	50	-26.750000	61.000000	9.855997e+04	1.299609e-04
	134	77	6.500000	54.250000	9.750662e+04	3.195527e-04
2022	2	18	5	18
	145	30	9.250000	66.000000	9.787674e+04	1.004011e-04
	246	33	34.500000	65.250000	9.746828e+04	1.057935e-04
	230	41	30.500000	63.250000	9.746828e+04	1.582110e-05
	49	48	-14.750000	61.500000	9.830490e+04	2.622147e-04
	146	76	9.500000	54.500000	9.760472e+04	2.791430e-04
2022	2	18	8	21
	120	28	3.000000	66.500000	9.786493e+04	5.083452e-05
	142	28	8.500000	66.500000	9.786493e+04	9.894610e-05
	245	32	34.250000	65.500000	9.751998e+04	9.998211e-05
	232	41	31.000000	63.250000	9.751998e+04	-1.195400e-05
	0	48	-27.000000	61.500000	9.787538e+04	2.240495e-05
	52	48	-14.000000	61.500000	9.833571e+04	2.694138e-04
	2	60	-26.500000	58.500000	9.780262e+04	2.770257e-04
	159	75	12.750000	54.750000	9.771908e+04	2.562729e-04
2022	2	19	7	0
	140	27	8.000000	66.750000	9.784764e+04	8.984829e-05
	248	30	35.000000	66.000000	9.757185e+04	1.360178e-04
	235	40	31.750000	63.500000	9.757185e+04	-1.536079e-05
	54	48	-13.500000	61.500000	9.828777e+04	2.710652e-04
	13	62	-23.750000	58.000000	9.804109e+04	2.842986e-04
	33	62	-18.750000	58.000000	9.804109e+04	1.912100e-04
	174	74	16.500000	55.000000	9.794608e+04	1.646864e-04
2022	2	19	7	3
	138	27	7.500000	66.750000	9.783018e+04	1.112272e-04
	246	30	34.500000	66.000000	9.763108e+04	1.249797e-04
	238	40	32.500000	63.500000	9.763108e+04	1.784549e-05
	54	48	-13.500000	61.500000	9.832766e+04	3.007670e-04
	25	63	-20.750000	57.750000	9.833708e+04	2.211072e-04
	52	65	-14.000000	57.250000	9.819345e+04	2.552023e-04
	188	75	20.000000	54.750000	9.817445e+04	1.469433e-04
2022	2	19	8	6
	135	27	6.750000	66.750000	9.778687e+04	1.218860e-04
	245	29	34.250000	66.250000	9.770281e+04	1.428631e-04
	245	37	34.250000	64.250000	9.770281e+04	4.087419e-05
	244	38	34.000000	64.000000	9.770281e+04	4.023700e-05
	55	50	-13.250000	61.000000	9.843877e+04	2.586150e-04
	64	65	-11.000000	57.250000	9.793067e+04	2.861090e-04
	219	74	27.750000	55.000000	9.834649e+04	1.350792e-04
	148	111	10.000000	45.750000	1.010744e+05	8.746765e-05
2022	2	19	8	9
	133	27	6.250000	66.750000	9.781323e+04	1.456554e-04
	243	29	33.750000	66.250000	9.786596e+04	1.294849e-04
	57	51	-12.750000	60.750000	9.863906e+04	2.345702e-04
	19	60	-22.250000	58.500000	9.898590e+04	1.353868e-04
	69	66	-9.750000	57.000000	9.795361e+04	3.608857e-04
	231	73	30.750000	55.250000	9.847198e+04	1.130776e-04
	161	114	13.250000	45.000000	1.014644e+05	1.194735e-04
	163	123	13.750000	42.750000	1.014742e+05	-5.461198e-05
2022	2	19	7	12
	133	27	6.250000	66.750000	9.786698e+04	1.642203e-04
	242	28	33.500000	66.500000	9.798699e+04	1.088162e-04
	59	53	-12.250000	60.250000	9.891006e+04	1.859133e-04
	77	69	-7.750000	56.250000	9.841070e+04	2.738540e-04
	98	70	-2.500000	56.000000	9.841070e+04	1.434399e-04
	243	71	33.750000	55.750000	9.843209e+04	9.998040e-05
	168	126	15.000000	42.000000	1.015666e+05	-1.131945e-06
2022	2	19	5	15
	134	27	6.500000	66.750000	9.789506e+04	1.694781e-04
	239	28	32.750000	66.500000	9.807293e+04	1.411250e-04
	254	68	36.500000	56.500000	9.840590e+04	1.258597e-04
	119	72	2.750000	55.500000	9.849834e+04	2.326923e-04
	171	125	15.750000	42.250000	1.016664e+05	3.404385e-05
2022	2	19	5	18
	134	27	6.500000	66.750000	9.793598e+04	1.736907e-04
	237	27	32.250000	66.750000	9.814072e+04	1.237194e-04
	263	66	38.750000	57.000000	9.837731e+04	1.478503e-04
	129	71	5.250000	55.750000	9.836875e+04	2.526681e-04
	172	124	16.000000	42.500000	1.018102e+05	4.127184e-05
2022	2	19	7	21
	135	27	6.750000	66.750000	9.797330e+04	1.543400e-04
	233	27	31.250000	66.750000	9.821912e+04	1.280559e-04
	0	53	-27.000000	60.250000	9.639113e+04	1.515914e-04
	271	63	40.750000	57.750000	9.834701e+04	1.527575e-04
	288	64	45.000000	57.500000	9.891314e+04	5.373342e-05
	137	71	7.250000	55.750000	9.847951e+04	2.550428e-04
	173	124	16.250000	42.500000	1.019641e+05	4.940525e-05
2022	2	20	8	0
	135	27	6.750000	66.750000	9.801986e+04	1.637118e-04
	229	27	30.250000	66.750000	9.827750e+04	1.141131e-04
	0	56	-27.000000	59.500000	9.589125e+04	1.219324e-04
	279	62	42.750000	58.000000	9.826518e+04	1.500589e-04
	144	73	9.000000	55.250000	9.870446e+04	2.840422e-04
	176	124	17.000000	42.500000	1.019961e+05	6.340652e-05
	71	162	-9.250000	33.000000	1.022420e+05	4.311147e-05
	85	162	-5.750000	33.000000	1.022420e+05	-6.190081e-06
