2022	2	10	6	0
	166	5	14.500000	72.250000	9.693938e+04	8.139672e-05
	148	22	10.000000	68.000000	9.638759e+04	5.188678e-04
	59	56	-12.250000	59.500000	9.859923e+04	4.833618e-04
	152	106	11.000000	47.000000	1.022419e+05	-3.991293e-05
	139	110	7.750000	46.000000	1.022419e+05	-7.614992e-05
	276	162	42.000000	33.000000	1.009156e+05	1.073390e-04
2022	2	10	7	6
	178	5	17.500000	72.250000	9.713888e+04	1.501473e-04
	8	6	-25.000000	72.000000	1.002556e+05	-1.090178e-05
	10	14	-24.500000	70.000000	1.002556e+05	2.822077e-05
	166	23	14.500000	67.750000	9.671800e+04	3.933698e-04
	77	59	-7.750000	58.750000	9.903438e+04	5.016994e-04
	158	106	12.500000	47.000000	1.021706e+05	-3.634403e-05
	250	152	35.500000	35.500000	1.011094e+05	6.385348e-05
2022	2	10	8	12
	209	0	25.250000	73.500000	9.729128e+04	-2.806453e-05
	177	5	17.250000	72.250000	9.729128e+04	2.139523e-04
	8	6	-25.000000	72.000000	1.002163e+05	-1.340930e-05
	191	26	20.750000	67.000000	9.749136e+04	1.855363e-04
	93	63	-3.750000	57.750000	9.996151e+04	3.634306e-04
	137	117	7.250000	44.250000	1.022619e+05	1.214655e-04
	284	139	44.000000	38.750000	1.010029e+05	2.881223e-05
	269	159	40.250000	33.750000	1.010409e+05	3.325610e-05
2022	2	10	7	18
	8	6	-25.000000	72.000000	9.993904e+04	-4.285571e-05
	190	8	20.500000	71.500000	9.752770e+04	2.563000e-04
	10	14	-24.500000	70.000000	9.968151e+04	-1.733353e-06
	39	16	-17.250000	69.500000	9.968151e+04	1.642765e-04
	209	28	25.250000	66.500000	9.797300e+04	1.765161e-04
	110	69	0.500000	56.250000	1.004633e+05	3.242817e-04
	89	157	-4.750000	34.250000	1.021567e+05	-1.975834e-05
2022	2	11	5	0
	205	8	24.250000	71.500000	9.779793e+04	1.603358e-04
	50	12	-14.500000	70.500000	9.932121e+04	1.933827e-04
	0	71	-27.000000	55.750000	9.975966e+04	1.261927e-04
	125	75	4.250000	54.750000	1.009955e+05	3.346317e-04
	137	117	7.250000	44.250000	1.022499e+05	8.996305e-05
2022	2	11	4	6
	220	0	28.000000	73.500000	9.804041e+04	-1.565080e-05
	217	8	27.250000	71.500000	9.804041e+04	1.459017e-04
	63	12	-11.250000	70.500000	9.923387e+04	1.525516e-04
	13	66	-23.750000	57.000000	9.928272e+04	1.185302e-04
2022	2	11	9	12
	227	8	29.750000	71.500000	9.834171e+04	1.863995e-04
	100	14	-2.000000	70.000000	9.944899e+04	8.421675e-05
	101	14	-1.750000	70.000000	9.944899e+04	8.938822e-05
	73	17	-8.750000	69.250000	9.944899e+04	1.825849e-04
	2	58	-26.500000	59.000000	9.899725e+04	6.948809e-05
	18	58	-22.500000	59.000000	9.899725e+04	2.196663e-04
	1	69	-26.750000	56.250000	9.906661e+04	1.057269e-04
	150	110	10.500000	46.000000	1.021624e+05	2.209277e-05
	135	119	6.750000	43.750000	1.020909e+05	1.036980e-04
2022	2	11	5	18
	235	10	31.750000	71.000000	9.845171e+04	1.059395e-04
	138	18	7.500000	69.000000	9.896091e+04	1.848528e-04
	13	57	-23.750000	59.250000	9.864906e+04	2.245307e-04
	23	66	-21.250000	57.000000	9.864906e+04	1.171084e-04
	283	76	43.750000	54.500000	9.957307e+04	2.228754e-04
2022	2	12	5	0
	244	12	34.000000	70.500000	9.847829e+04	1.025385e-04
	152	19	11.000000	68.750000	9.883741e+04	2.870352e-04
	44	52	-16.000000	60.500000	9.859396e+04	2.267241e-04
	16	61	-23.000000	58.250000	9.879834e+04	1.931532e-04
	43	62	-16.250000	58.000000	9.859396e+04	7.644291e-05
2022	2	12	5	6
	258	3	37.500000	72.750000	9.844566e+04	1.794211e-05
	254	12	36.500000	70.500000	9.844566e+04	1.033733e-04
	37	55	-17.750000	59.750000	9.851756e+04	2.624208e-04
	62	56	-11.500000	59.500000	9.853573e+04	1.353260e-04
	60	57	-12.000000	59.250000	9.851756e+04	1.413037e-04
2022	2	12	4	12
	261	2	38.250000	73.000000	9.857579e+04	2.885664e-05
	260	12	38.000000	70.500000	9.857579e+04	1.173048e-04
	71	53	-9.250000	60.250000	9.866684e+04	1.571957e-04
	38	60	-17.500000	58.500000	9.885891e+04	1.776996e-04
2022	2	12	4	18
	268	0	40.000000	73.500000	9.871901e+04	-1.180095e-05
	269	0	40.250000	73.500000	9.871901e+04	-9.238442e-06
	269	11	40.250000	70.750000	9.871901e+04	1.075353e-04
	88	53	-5.000000	60.250000	9.860959e+04	1.458073e-04
2022	2	13	3	0
	278	0	42.500000	73.500000	9.905372e+04	2.130696e-05
	99	49	-2.250000	61.250000	9.851267e+04	2.030941e-04
	22	96	-21.500000	49.500000	9.942945e+04	1.940047e-04
2022	2	13	4	6
	167	0	14.750000	73.500000	9.884816e+04	1.252610e-04
	124	44	4.000000	62.500000	9.842319e+04	1.530204e-04
	103	50	-1.250000	61.000000	9.842319e+04	2.066450e-04
	48	93	-15.000000	50.250000	9.855077e+04	2.456001e-04
2022	2	13	4	12
	179	0	17.750000	73.500000	9.890248e+04	1.589809e-04
	212	7	26.000000	71.750000	9.890385e+04	2.770913e-05
	213	7	26.250000	71.750000	9.890561e+04	2.382087e-05
	64	92	-11.000000	50.500000	9.817484e+04	2.898582e-04
2022	2	13	5	18
	185	0	19.250000	73.500000	9.890737e+04	1.480004e-04
	215	7	26.750000	71.750000	9.890737e+04	1.439847e-05
	288	16	45.000000	69.500000	9.986498e+04	1.094140e-04
	178	41	17.500000	63.250000	9.874109e+04	1.274077e-04
	78	90	-7.500000	51.000000	9.812677e+04	1.570711e-04
2022	2	14	4	0
	184	0	19.000000	73.500000	9.894742e+04	1.776788e-04
	198	8	22.500000	71.500000	9.894742e+04	2.233422e-04
	217	32	27.250000	65.500000	9.884719e+04	1.743527e-04
	100	90	-2.000000	51.000000	9.797711e+04	1.929524e-04
2022	2	14	2	6
	186	5	19.500000	72.250000	9.906583e+04	1.641448e-04
	113	87	1.250000	51.750000	9.803807e+04	1.943098e-04
2022	2	14	2	12
	276	16	42.000000	69.500000	9.872448e+04	1.695888e-04
	127	83	4.750000	52.750000	9.839602e+04	1.546481e-04
2022	2	14	7	18
	6	7	-25.500000	71.750000	1.001510e+05	2.386688e-05
	282	7	43.500000	71.750000	9.847888e+04	2.051595e-04
	236	11	32.000000	70.750000	9.863382e+04	1.844762e-04
	10	49	-24.500000	61.250000	9.789777e+04	2.009121e-04
	144	78	9.000000	54.000000	9.866410e+04	2.149079e-04
	140	119	8.000000	43.750000	1.008884e+05	1.121372e-04
	279	120	42.750000	43.500000	1.018613e+05	2.642089e-05
2022	2	15	7	0
	276	4	42.000000	72.500000	9.823522e+04	2.885141e-04
	6	7	-25.500000	71.750000	9.999902e+04	2.583036e-05
	252	16	36.000000	69.500000	9.847868e+04	1.635394e-04
	0	41	-27.000000	63.250000	9.785577e+04	1.293929e-04
	17	45	-22.750000	62.250000	9.785577e+04	1.901204e-04
	155	72	11.750000	55.500000	9.880323e+04	1.339583e-04
	281	121	43.250000	43.250000	1.018769e+05	4.610888e-06
2022	2	15	7	6
	270	4	40.500000	72.500000	9.813830e+04	3.426476e-04
	18	38	-22.500000	64.000000	9.803377e+04	1.310293e-04
	0	44	-27.000000	62.500000	9.803377e+04	5.728672e-06
	165	70	14.250000	56.000000	9.892163e+04	1.946792e-04
	282	122	43.500000	43.000000	1.019891e+05	1.737029e-07
	243	146	33.750000	37.000000	1.016673e+05	3.332971e-05
	231	152	30.750000	35.500000	1.016673e+05	3.915268e-05
2022	2	15	3	12
	275	8	41.750000	71.500000	9.822486e+04	3.241103e-04
	176	65	17.000000	57.250000	9.908556e+04	1.252554e-04
	0	70	-27.000000	56.000000	9.622053e+04	1.672704e-04
2022	2	15	5	18
	6	7	-25.500000	71.750000	9.953438e+04	4.912102e-05
	282	8	43.500000	71.500000	9.828661e+04	2.826977e-04
	13	64	-23.750000	57.500000	9.426231e+04	6.657391e-04
	179	64	17.750000	57.500000	9.918306e+04	1.235126e-04
	128	71	5.000000	55.750000	9.920671e+04	1.614972e-04
2022	2	16	4	0
	2	6	-26.500000	72.000000	9.948592e+04	6.866022e-05
	288	11	45.000000	70.750000	9.849841e+04	1.784558e-04
	38	56	-17.500000	59.500000	9.356047e+04	4.855603e-04
	184	61	19.000000	58.250000	9.933117e+04	1.102352e-04
2022	2	16	5	6
	288	11	45.000000	70.750000	9.899549e+04	9.891575e-05
	0	44	-27.000000	62.500000	9.665177e+04	1.224442e-04
	288	49	45.000000	61.250000	1.008462e+05	1.124546e-04
	47	51	-15.250000	60.750000	9.322927e+04	4.810478e-04
	280	121	43.000000	43.250000	1.016501e+05	-3.181545e-06
2022	2	16	2	12
	255	5	36.750000	72.250000	9.938686e+04	1.163290e-04
	62	49	-11.500000	61.250000	9.352471e+04	4.434417e-04
2022	2	16	3	18
	0	41	-27.000000	63.250000	9.768030e+04	1.026350e-04
	71	47	-9.250000	61.750000	9.390455e+04	4.029960e-04
	147	61	9.750000	58.250000	9.736338e+04	3.247580e-04
2022	2	17	5	0
	288	42	45.000000	63.000000	1.000391e+05	1.057329e-04
	85	45	-5.750000	62.250000	9.469706e+04	4.176973e-04
	159	59	12.750000	58.750000	9.729519e+04	2.944994e-04
	0	107	-27.000000	46.750000	1.000172e+05	1.247031e-04
	281	121	43.250000	43.250000	1.008564e+05	5.274153e-06
2022	2	17	5	6
	0	34	-27.000000	65.000000	9.793353e+04	9.793077e-05
	101	45	-1.750000	62.250000	9.526819e+04	3.531402e-04
	172	58	16.000000	59.000000	9.759120e+04	2.529570e-04
	12	97	-24.000000	49.250000	9.936166e+04	2.742994e-04
	0	107	-27.000000	46.750000	9.991911e+04	8.585847e-05
2022	2	17	3	12
	116	45	2.000000	62.250000	9.597746e+04	3.557158e-04
	183	54	18.750000	60.000000	9.789562e+04	1.253814e-04
	36	86	-18.000000	52.000000	9.910881e+04	2.554454e-04
2022	2	17	5	18
	130	43	5.500000	62.750000	9.675298e+04	3.016150e-04
	0	45	-27.000000	62.250000	9.910764e+04	4.951400e-06
	139	50	7.750000	61.000000	9.675298e+04	-8.305235e-06
	187	50	19.750000	61.000000	9.820395e+04	8.081787e-05
	55	79	-13.250000	53.750000	9.877880e+04	3.028861e-04
2022	2	18	6	0
	66	38	-10.500000	64.000000	9.782685e+04	1.775237e-04
	140	39	8.000000	63.750000	9.760020e+04	1.136680e-04
	144	48	9.000000	61.500000	9.760020e+04	7.922445e-06
	185	48	19.250000	61.500000	9.817387e+04	4.680086e-05
	27	69	-20.250000	56.250000	9.892261e+04	2.678901e-04
	84	72	-6.000000	55.500000	9.888334e+04	2.093005e-04
2022	2	18	10	6
	78	39	-7.500000	63.750000	9.738624e+04	2.929641e-04
	189	46	20.250000	62.000000	9.813030e+04	2.215913e-05
	31	63	-19.250000	57.750000	9.759980e+04	3.911010e-04
	124	69	4.000000	56.250000	9.883234e+04	1.781120e-04
	125	69	4.250000	56.250000	9.883234e+04	1.794267e-04
	137	113	7.250000	45.250000	1.017814e+05	-6.912620e-06
	151	117	10.750000	44.250000	1.017814e+05	1.548554e-05
	138	123	7.500000	42.750000	1.017814e+05	9.559507e-05
	2	138	-26.500000	39.000000	1.006938e+05	1.461258e-04
	231	152	30.750000	35.500000	9.983548e+04	1.563178e-04
2022	2	18	6	12
	91	40	-4.250000	63.500000	9.714649e+04	3.553078e-04
	196	42	22.000000	63.000000	9.813479e+04	7.400052e-05
	44	61	-16.000000	58.250000	9.737686e+04	4.519417e-04
	271	133	40.750000	40.250000	1.001850e+05	2.529894e-05
	7	138	-25.250000	39.000000	1.008236e+05	1.433085e-04
	242	154	33.500000	35.000000	9.920455e+04	2.019376e-04
2022	2	18	10	18
	200	37	23.000000	64.250000	9.807167e+04	5.849248e-05
	106	39	-0.500000	63.750000	9.710195e+04	3.073543e-04
	9	49	-24.750000	61.250000	9.859455e+04	7.006039e-05
	4	58	-26.000000	59.000000	9.859455e+04	1.540575e-04
	60	61	-12.000000	58.250000	9.770023e+04	4.451527e-04
	4	146	-26.000000	37.000000	1.004224e+05	3.022476e-04
	235	147	31.750000	36.750000	9.886516e+04	-4.844238e-05
	245	153	34.250000	35.250000	9.886516e+04	2.856030e-04
	255	155	36.750000	34.750000	9.886516e+04	2.204607e-05
	288	159	45.000000	33.750000	1.010067e+05	-6.209854e-06
2022	2	19	7	0
	203	36	23.750000	64.500000	9.805820e+04	3.456168e-05
	121	37	3.250000	64.250000	9.686787e+04	4.093664e-04
	24	60	-21.000000	58.500000	9.891870e+04	2.154464e-04
	82	62	-6.500000	58.000000	9.814006e+04	4.004527e-04
	12	145	-24.000000	37.250000	1.005659e+05	2.295852e-04
	238	149	32.500000	36.250000	9.898884e+04	-2.048210e-05
	249	154	35.250000	35.000000	9.898884e+04	2.563434e-04
2022	2	19	8	6
	143	24	8.750000	67.500000	9.666524e+04	8.960464e-05
	222	33	28.500000	65.250000	9.800446e+04	2.286244e-05
	133	35	6.250000	64.750000	9.666524e+04	4.958979e-04
	40	59	-17.000000	58.750000	9.924677e+04	1.746074e-04
	22	134	-21.500000	40.000000	1.003890e+05	1.442097e-04
	16	144	-23.000000	37.500000	1.003890e+05	2.434964e-04
	235	147	31.750000	36.750000	9.992204e+04	-6.072210e-05
	251	154	35.750000	35.000000	9.960023e+04	2.267523e-04
2022	2	19	5	12
	250	24	35.500000	67.500000	9.793959e+04	1.272990e-04
	229	32	30.250000	65.500000	9.793959e+04	5.694551e-06
	144	33	9.000000	65.250000	9.679010e+04	3.580604e-04
	20	143	-22.000000	37.750000	1.005246e+05	2.728104e-04
	257	153	37.250000	35.250000	9.997753e+04	1.723791e-04
2022	2	19	4	18
	242	16	33.500000	69.500000	9.774909e+04	1.034601e-04
	151	32	10.750000	65.500000	9.704391e+04	4.057158e-04
	22	143	-21.500000	37.750000	1.004666e+05	2.274882e-04
	261	153	38.250000	35.250000	1.005315e+05	1.402930e-04
2022	2	20	6	0
	235	16	31.750000	69.500000	9.758652e+04	2.222115e-04
	166	27	14.500000	66.750000	9.793940e+04	4.257310e-06
	161	35	13.250000	64.750000	9.793940e+04	2.662770e-04
	0	54	-27.000000	60.000000	9.673695e+04	1.574646e-04
	22	143	-21.500000	37.750000	1.007966e+05	1.915158e-04
	262	157	38.500000	34.250000	1.007726e+05	8.559911e-05
