2022	2	14	4	0
	4	6	-26.000000	72.000000	9.975331e+04	-2.526675e-05
	221	11	28.250000	70.750000	9.829768e+04	1.510907e-04
	1	17	-26.750000	69.250000	9.975331e+04	1.299712e-05
	105	71	-0.750000	55.750000	9.840938e+04	1.180833e-04
2022	2	14	2	3
	220	8	28.000000	71.500000	9.803682e+04	2.181081e-04
	109	70	0.250000	56.000000	9.833669e+04	1.202755e-04
2022	2	14	3	6
	214	10	26.500000	71.000000	9.790678e+04	2.883371e-04
	111	70	0.750000	56.000000	9.831288e+04	1.028169e-04
	123	120	3.750000	43.500000	1.008484e+05	2.142389e-04
2022	2	14	2	9
	225	8	29.250000	71.500000	9.794438e+04	2.452727e-04
	125	69	4.250000	56.250000	9.841706e+04	1.350493e-04
2022	2	14	4	12
	228	8	30.000000	71.500000	9.790694e+04	2.146537e-04
	3	49	-26.250000	61.250000	9.771894e+04	2.204719e-04
	131	65	5.750000	57.250000	9.828844e+04	2.072030e-04
	116	71	2.000000	55.750000	9.828844e+04	1.774478e-04
2022	2	14	3	15
	241	12	33.250000	70.500000	9.791932e+04	2.049180e-04
	4	46	-26.000000	62.000000	9.730501e+04	2.154871e-04
	136	62	7.000000	58.000000	9.825506e+04	2.114910e-04
2022	2	14	6	18
	239	4	32.750000	72.500000	9.794720e+04	7.387419e-05
	240	4	33.000000	72.500000	9.794720e+04	8.110674e-05
	247	12	34.750000	70.500000	9.794720e+04	1.873986e-04
	288	12	45.000000	70.500000	9.903858e+04	8.436050e-05
	0	41	-27.000000	63.250000	9.696018e+04	1.267520e-04
	143	60	8.750000	58.500000	9.848318e+04	2.357475e-04
2022	2	14	9	21
	255	4	36.750000	72.500000	9.802413e+04	1.265600e-04
	288	11	45.000000	70.750000	9.883491e+04	4.991400e-05
	254	12	36.500000	70.500000	9.802413e+04	2.154960e-04
	0	38	-27.000000	64.000000	9.698070e+04	1.355616e-04
	19	44	-22.250000	62.500000	9.698070e+04	1.701784e-04
	127	54	4.750000	60.000000	9.862920e+04	7.199772e-05
	148	57	10.000000	59.250000	9.862920e+04	2.906676e-04
	138	121	7.500000	43.250000	1.010997e+05	1.211539e-04
	139	121	7.750000	43.250000	1.010997e+05	1.262453e-04
2022	2	15	9	0
	251	4	35.750000	72.500000	9.814649e+04	9.904143e-05
	6	7	-25.500000	71.750000	9.958160e+04	5.842024e-05
	262	12	38.500000	70.500000	9.814649e+04	2.038014e-04
	8	39	-25.000000	63.750000	9.726365e+04	2.136939e-04
	32	46	-19.000000	62.000000	9.730909e+04	2.424991e-04
	126	53	4.500000	60.250000	9.867118e+04	8.999062e-05
	151	54	10.750000	60.000000	9.863233e+04	3.272112e-04
	143	61	8.750000	58.250000	9.863233e+04	1.286018e-04
	146	119	9.500000	43.750000	1.010739e+05	1.299583e-04
2022	2	15	6	3
	244	6	34.000000	72.000000	9.822075e+04	1.527729e-04
	272	12	41.000000	70.500000	9.822075e+04	1.957333e-04
	32	43	-19.000000	62.750000	9.732209e+04	2.573266e-04
	125	52	4.250000	60.500000	9.869437e+04	8.995981e-05
	154	52	11.500000	60.500000	9.865332e+04	2.643262e-04
	146	118	9.500000	44.000000	1.009813e+05	1.178447e-04
2022	2	15	9	6
	6	7	-25.500000	71.750000	9.954070e+04	3.594829e-05
	246	10	34.500000	71.000000	9.828655e+04	2.136339e-04
	277	11	42.250000	70.750000	9.828655e+04	1.785390e-04
	0	33	-27.000000	65.250000	9.724986e+04	5.424900e-05
	28	38	-20.000000	64.000000	9.728966e+04	1.388850e-04
	125	51	4.250000	60.750000	9.863546e+04	1.177356e-04
	156	51	12.000000	60.750000	9.860412e+04	2.324356e-04
	137	57	7.250000	59.250000	9.860412e+04	6.892128e-05
	156	118	12.000000	44.000000	1.010061e+05	6.574205e-05
2022	2	15	5	9
	281	10	43.250000	71.000000	9.836301e+04	1.877591e-04
	124	49	4.000000	61.250000	9.859238e+04	1.455783e-04
	159	50	12.750000	61.000000	9.863311e+04	2.354329e-04
	4	85	-26.000000	52.250000	9.884901e+04	1.817324e-04
	159	113	12.750000	45.250000	1.010709e+05	1.028128e-04
2022	2	15	6	12
	285	9	44.250000	71.250000	9.845545e+04	1.861855e-04
	0	37	-27.000000	64.250000	9.731269e+04	-3.731860e-05
	124	48	4.000000	61.500000	9.852454e+04	1.721692e-04
	162	48	13.500000	61.500000	9.860350e+04	2.091134e-04
	17	82	-22.750000	53.000000	9.872382e+04	2.213453e-04
	160	111	13.000000	45.750000	1.010538e+05	7.660844e-05
2022	2	15	8	15
	288	9	45.000000	71.250000	9.852689e+04	1.187832e-04
	0	38	-27.000000	64.000000	9.733148e+04	-1.850138e-06
	168	46	15.000000	62.000000	9.859990e+04	1.266033e-04
	29	79	-19.750000	53.750000	9.844416e+04	2.264526e-04
	3	84	-26.250000	52.500000	9.860961e+04	1.514909e-04
	151	110	10.750000	46.000000	1.010770e+05	3.553634e-05
	163	152	13.750000	35.500000	1.015901e+05	3.307358e-05
	163	162	13.750000	33.000000	1.015901e+05	5.619231e-05
2022	2	15	5	18
	288	8	45.000000	71.500000	9.863029e+04	1.157554e-04
	175	44	16.750000	62.500000	9.865787e+04	8.006519e-05
	116	57	2.000000	59.250000	9.814195e+04	1.378510e-04
	40	77	-17.000000	54.250000	9.835455e+04	2.137191e-04
	164	161	14.000000	33.250000	1.016525e+05	3.462486e-05
2022	2	15	6	21
	288	8	45.000000	71.500000	9.876738e+04	9.601827e-05
	185	42	19.250000	63.000000	9.871552e+04	1.246308e-04
	181	43	18.250000	62.750000	9.871552e+04	1.048760e-04
	122	47	3.500000	61.750000	9.802069e+04	5.320876e-05
	121	57	3.250000	59.250000	9.802069e+04	1.815435e-04
	50	76	-14.500000	54.500000	9.840218e+04	2.186393e-04
2022	2	16	6	0
	188	41	20.000000	63.250000	9.880279e+04	1.359717e-04
	128	44	5.000000	62.500000	9.809323e+04	1.037512e-04
	126	57	4.500000	59.250000	9.803416e+04	2.161771e-04
	142	58	8.500000	59.000000	9.803416e+04	1.246619e-04
	60	75	-12.000000	54.750000	9.848239e+04	2.103927e-04
	279	121	42.750000	43.250000	1.019995e+05	1.186616e-05
2022	2	16	6	3
	197	36	22.250000	64.500000	9.875046e+04	1.601788e-04
	130	42	5.500000	63.000000	9.817375e+04	1.203750e-04
	130	57	5.500000	59.250000	9.811296e+04	2.135420e-04
	2	71	-26.500000	55.750000	9.711685e+04	1.775962e-04
	70	75	-9.500000	54.750000	9.862246e+04	1.675475e-04
	279	121	42.750000	43.250000	1.020631e+05	1.117993e-05
2022	2	16	4	6
	198	35	22.500000	64.750000	9.874090e+04	1.801530e-04
	130	41	5.500000	63.250000	9.815698e+04	1.343039e-04
	153	53	11.250000	60.250000	9.811766e+04	1.653427e-04
	16	68	-23.000000	56.500000	9.649518e+04	2.731564e-04
2022	2	16	6	9
	128	41	5.000000	63.250000	9.814461e+04	1.688224e-04
	155	52	11.750000	60.500000	9.814352e+04	1.417793e-04
	25	62	-20.750000	58.000000	9.587351e+04	3.268619e-04
	137	116	7.250000	44.500000	1.011532e+05	7.011046e-05
	278	120	42.500000	43.500000	1.020731e+05	1.586378e-05
	181	140	18.250000	38.500000	1.013377e+05	1.847642e-04
2022	2	16	8	12
	127	41	4.750000	63.250000	9.814680e+04	1.728821e-04
	145	42	9.250000	63.000000	9.814680e+04	6.938271e-05
	162	51	13.500000	60.750000	9.815495e+04	1.122594e-04
	25	58	-20.750000	59.000000	9.531576e+04	4.284225e-04
	47	62	-15.250000	58.000000	9.535806e+04	1.814272e-04
	48	62	-15.000000	58.000000	9.539973e+04	2.000413e-04
	137	116	7.250000	44.500000	1.010704e+05	7.572364e-05
	184	138	19.000000	39.000000	1.010488e+05	1.994424e-04
2022	2	16	7	15
	123	40	3.750000	63.500000	9.802727e+04	1.659869e-04
	124	40	4.000000	63.500000	9.802727e+04	1.643225e-04
	183	44	18.750000	62.500000	9.809119e+04	1.325388e-04
	168	50	15.000000	61.000000	9.809119e+04	1.137448e-04
	50	57	-14.500000	59.250000	9.510691e+04	2.110520e-04
	26	59	-20.500000	58.750000	9.508765e+04	5.379399e-04
	186	137	19.500000	39.250000	1.008710e+05	1.774684e-04
2022	2	16	7	18
	184	43	19.000000	62.750000	9.798340e+04	1.256335e-04
	174	50	16.500000	61.000000	9.798340e+04	9.629460e-05
	175	50	16.750000	61.000000	9.798340e+04	9.741443e-05
	43	53	-16.250000	60.250000	9.550988e+04	1.629262e-04
	66	58	-10.500000	59.000000	9.585894e+04	2.014699e-04
	37	61	-17.750000	58.250000	9.550988e+04	3.844380e-04
	186	137	19.500000	39.250000	1.008713e+05	1.659698e-04
2022	2	16	7	21
	286	1	44.500000	73.250000	9.914151e+04	1.207228e-04
	187	42	19.750000	63.000000	9.787639e+04	1.514316e-04
	66	57	-10.500000	59.250000	9.604365e+04	1.885679e-04
	51	62	-14.250000	58.000000	9.604365e+04	3.209094e-04
	150	109	10.500000	46.250000	1.004923e+05	9.036260e-06
	188	139	20.000000	38.750000	1.009152e+05	1.309102e-04
	200	145	23.000000	37.250000	1.009152e+05	1.117340e-04
2022	2	17	8	0
	281	1	43.250000	73.250000	9.917723e+04	1.618731e-04
	189	41	20.250000	63.250000	9.781733e+04	1.363676e-04
	66	62	-10.500000	58.000000	9.634744e+04	2.777812e-04
	117	63	2.250000	57.750000	9.654422e+04	2.487918e-04
	138	117	7.500000	44.250000	1.008688e+05	8.729502e-05
	189	142	20.250000	38.000000	1.008431e+05	1.677572e-04
	202	143	23.500000	37.750000	1.008431e+05	9.548731e-05
	287	153	44.750000	35.250000	1.014601e+05	1.024833e-05
2022	2	17	7	3
	277	1	42.250000	73.250000	9.913759e+04	8.666697e-05
	80	62	-7.000000	58.000000	9.660391e+04	3.237142e-04
	124	63	4.000000	57.750000	9.616209e+04	2.590151e-04
	141	65	8.250000	57.250000	9.616209e+04	3.787378e-04
	138	117	7.500000	44.250000	1.008259e+05	8.617991e-05
	202	143	23.500000	37.750000	1.006703e+05	1.116960e-04
	191	145	20.750000	37.250000	1.006703e+05	1.586870e-04
2022	2	17	5	6
	148	64	10.000000	57.500000	9.602125e+04	3.786570e-04
	138	117	7.500000	44.250000	1.009088e+05	6.743261e-05
	280	121	43.000000	43.250000	1.014690e+05	-6.198306e-06
	203	144	23.750000	37.500000	1.006524e+05	8.749001e-05
	194	148	21.500000	36.500000	1.006524e+05	1.611933e-04
2022	2	17	5	9
	35	53	-18.250000	60.250000	9.818863e+04	2.689562e-04
	155	65	11.750000	57.250000	9.609520e+04	3.607124e-04
	0	72	-27.000000	55.500000	9.915357e+04	1.044941e-04
	279	120	42.750000	43.500000	1.012407e+05	-1.265999e-06
	196	151	22.000000	35.750000	1.007709e+05	1.831012e-04
2022	2	17	4	12
	38	53	-17.500000	60.250000	9.823234e+04	2.729579e-04
	166	66	14.500000	57.000000	9.630702e+04	3.271002e-04
	3	70	-26.250000	56.000000	9.894410e+04	3.061251e-04
	199	153	22.750000	35.250000	1.006658e+05	1.878410e-04
2022	2	17	4	15
	41	53	-16.750000	60.250000	9.812424e+04	2.990346e-04
	178	65	17.500000	57.250000	9.644003e+04	2.986293e-04
	10	70	-24.500000	56.000000	9.887000e+04	3.026581e-04
	201	156	23.250000	34.500000	1.006777e+05	1.948977e-04
2022	2	17	3	18
	38	53	-17.500000	60.250000	9.790349e+04	3.032467e-04
	186	67	19.500000	56.750000	9.660171e+04	2.617304e-04
	19	69	-22.250000	56.250000	9.874842e+04	3.001572e-04
2022	2	17	4	21
	38	53	-17.500000	60.250000	9.754659e+04	3.865946e-04
	25	68	-20.750000	56.500000	9.864423e+04	2.725308e-04
	193	68	21.250000	56.500000	9.683500e+04	2.231780e-04
	69	82	-9.750000	53.000000	9.945955e+04	1.728416e-04
2022	2	18	5	0
	39	52	-17.250000	60.500000	9.714207e+04	5.400747e-04
	207	56	24.750000	59.500000	9.711528e+04	8.967188e-05
	31	67	-19.250000	56.750000	9.793420e+04	2.413917e-04
	203	67	23.750000	56.750000	9.711528e+04	1.717851e-04
	76	79	-8.000000	53.750000	9.914166e+04	2.038390e-04
2022	2	18	7	3
	6	7	-25.500000	71.750000	1.002592e+05	-8.617602e-06
	148	27	10.000000	66.750000	9.819647e+04	6.863983e-05
	36	52	-18.000000	60.500000	9.699496e+04	5.195704e-04
	213	53	26.250000	60.250000	9.725503e+04	1.072661e-04
	211	63	25.750000	57.750000	9.725503e+04	3.203937e-05
	39	67	-17.250000	56.750000	9.760394e+04	2.195566e-04
	83	76	-6.250000	54.500000	9.873197e+04	2.178235e-04
2022	2	18	6	6
	6	7	-25.500000	71.750000	1.002233e+05	-2.576192e-05
	146	27	9.500000	66.750000	9.815746e+04	7.844976e-05
	216	50	27.000000	61.000000	9.736564e+04	1.701989e-04
	34	54	-18.500000	60.000000	9.703930e+04	4.552340e-04
	87	74	-5.250000	55.000000	9.813490e+04	2.907951e-04
	138	117	7.500000	44.250000	1.013064e+05	6.272254e-05
2022	2	18	6	9
	6	7	-25.500000	71.750000	1.001865e+05	-2.459677e-05
	146	28	9.500000	66.500000	9.812628e+04	6.864750e-05
	218	46	27.500000	62.000000	9.737019e+04	1.765698e-04
	219	46	27.750000	62.000000	9.737019e+04	1.670679e-04
	35	56	-18.250000	59.500000	9.729123e+04	4.388959e-04
	92	72	-4.000000	55.500000	9.778004e+04	3.323256e-04
2022	2	18	5	12
	6	7	-25.500000	71.750000	1.001616e+05	-2.854254e-05
	140	28	8.000000	66.500000	9.809432e+04	6.728338e-05
	219	43	27.750000	62.750000	9.737661e+04	2.115042e-04
	40	59	-17.000000	58.750000	9.750179e+04	4.043829e-04
	99	71	-2.250000	55.750000	9.761084e+04	3.626981e-04
2022	2	18	8	15
	6	7	-25.500000	71.750000	1.000640e+05	-2.061832e-05
	139	30	7.750000	66.000000	9.795786e+04	9.564531e-05
	220	40	28.000000	63.500000	9.732271e+04	2.058200e-04
	125	60	4.250000	58.500000	9.752091e+04	-3.700901e-05
	47	61	-15.250000	58.250000	9.752262e+04	4.239011e-04
	127	69	4.750000	56.250000	9.745651e+04	2.471053e-04
	110	71	0.500000	55.750000	9.745651e+04	4.034149e-04
	228	149	30.000000	36.250000	1.006141e+05	8.742900e-05
2022	2	18	9	18
	6	7	-25.500000	71.750000	1.000814e+05	-1.461537e-05
	138	33	7.500000	65.250000	9.784083e+04	1.540784e-04
	221	38	28.250000	64.000000	9.722103e+04	1.942865e-04
	56	62	-13.000000	58.000000	9.765940e+04	4.347111e-04
	139	68	7.750000	56.500000	9.748315e+04	2.441739e-04
	122	72	3.500000	55.500000	9.748315e+04	3.713535e-04
	279	119	42.750000	43.750000	1.005744e+05	2.228961e-05
	273	129	41.250000	41.250000	1.005744e+05	-9.914953e-06
	263	159	38.750000	33.750000	1.005349e+05	6.273959e-05
2022	2	18	6	21
	143	35	8.750000	64.750000	9.773602e+04	1.540751e-04
	223	37	28.750000	64.250000	9.713988e+04	1.571405e-04
	64	62	-11.000000	58.000000	9.783315e+04	4.089616e-04
	152	66	11.000000	57.000000	9.733352e+04	2.271704e-04
	282	121	43.500000	43.250000	1.007322e+05	-7.482422e-06
	235	153	31.750000	35.250000	1.003859e+05	2.079667e-04
2022	2	19	9	0
	8	6	-25.000000	72.000000	1.000455e+05	-3.404442e-06
	6	7	-25.500000	71.750000	1.000455e+05	1.586945e-05
	147	36	9.750000	64.500000	9.767601e+04	1.789101e-04
	226	36	29.500000	64.500000	9.706202e+04	1.227404e-04
	71	63	-9.250000	57.750000	9.792809e+04	3.879082e-04
	162	64	13.500000	57.500000	9.724406e+04	2.614694e-04
	139	110	7.750000	46.000000	1.007850e+05	-4.409717e-05
	107	139	-0.250000	38.750000	1.012538e+05	6.069070e-05
	236	155	32.000000	34.750000	1.001639e+05	2.354373e-04
2022	2	19	8	3
	229	34	30.250000	65.000000	9.696409e+04	8.183242e-05
	149	37	10.250000	64.250000	9.776170e+04	1.663075e-04
	190	62	20.500000	58.000000	9.693730e+04	2.698824e-04
	79	63	-7.250000	57.750000	9.808680e+04	3.895668e-04
	136	116	7.000000	44.500000	1.010885e+05	1.096309e-04
	121	144	3.250000	37.500000	1.012237e+05	1.393788e-05
	237	150	32.250000	36.000000	1.000836e+05	-4.240837e-05
	235	159	31.750000	33.750000	1.000836e+05	2.234145e-04
2022	2	19	6	6
	231	33	30.750000	65.250000	9.692806e+04	1.138519e-04
	197	61	22.250000	58.250000	9.681620e+04	3.057817e-04
	86	62	-5.500000	58.000000	9.825945e+04	3.602857e-04
	136	117	7.000000	44.250000	1.010875e+05	1.146430e-04
	236	162	32.000000	33.000000	1.004044e+05	5.870135e-05
	284	162	44.000000	33.000000	1.003836e+05	1.118156e-04
2022	2	19	5	9
	234	31	31.500000	65.750000	9.697538e+04	1.116567e-04
	94	62	-3.500000	58.000000	9.857593e+04	2.554392e-04
	204	62	24.000000	58.000000	9.699794e+04	3.807233e-04
	135	117	6.750000	44.250000	1.012304e+05	9.401184e-05
	285	162	44.250000	33.000000	1.002846e+05	9.603493e-05
2022	2	19	7	12
	239	29	32.750000	66.250000	9.706530e+04	1.186747e-04
	231	56	30.750000	59.500000	9.720709e+04	1.776157e-04
	99	62	-2.250000	58.000000	9.881188e+04	1.851079e-04
	91	73	-4.250000	55.250000	9.881188e+04	1.313056e-04
	95	146	-3.250000	37.000000	1.015970e+05	7.670480e-05
	272	147	41.000000	36.750000	1.006080e+05	8.425574e-06
	285	162	44.250000	33.000000	1.002620e+05	1.246180e-04
2022	2	19	7	15
	240	28	33.000000	66.500000	9.721838e+04	1.473047e-04
	242	54	33.500000	60.000000	9.731786e+04	1.716941e-04
	102	64	-1.500000	57.500000	9.899925e+04	1.592423e-04
	97	144	-2.750000	37.500000	1.014877e+05	6.042791e-05
	271	149	40.750000	36.250000	1.007836e+05	2.534964e-05
	148	151	10.000000	35.750000	1.012473e+05	8.827108e-06
	286	161	44.500000	33.250000	1.004743e+05	1.262963e-04
2022	2	19	6	18
	261	18	38.250000	69.000000	9.730627e+04	6.257141e-05
	0	52	-27.000000	60.500000	9.667473e+04	1.346387e-04
	251	52	35.750000	60.500000	9.742220e+04	1.732707e-04
	120	69	3.000000	56.250000	9.905409e+04	1.340789e-04
	276	145	42.000000	37.250000	1.010104e+05	2.271791e-05
	287	159	44.750000	33.750000	1.008685e+05	1.250791e-04
2022	2	19	7	21
	264	16	39.000000	69.500000	9.744915e+04	7.735320e-05
	0	47	-27.000000	61.750000	9.577543e+04	1.403871e-04
	260	50	38.000000	61.000000	9.754612e+04	1.561675e-04
	129	69	5.250000	56.250000	9.908307e+04	1.752008e-04
	270	146	40.500000	37.000000	1.011934e+05	1.301638e-05
	269	156	40.250000	34.500000	1.011431e+05	5.637064e-05
	285	156	44.250000	34.500000	1.010991e+05	1.385149e-04
2022	2	20	9	0
	267	14	39.750000	70.000000	9.749725e+04	4.172868e-05
	0	43	-27.000000	62.750000	9.520781e+04	1.363362e-04
	268	47	40.000000	61.750000	9.759423e+04	1.428247e-04
	288	47	45.000000	61.750000	9.792919e+04	8.663863e-05
	136	69	7.000000	56.250000	9.914981e+04	2.023397e-04
	149	127	10.250000	41.750000	1.015173e+05	8.126166e-05
	79	151	-7.250000	35.750000	1.022353e+05	9.753266e-05
	283	155	43.750000	34.750000	1.012357e+05	1.361538e-04
	272	159	41.000000	33.750000	1.012357e+05	5.290480e-05
