2022	2	10	10	0
	164	8	14.000000	71.500000	9.672816e+04	8.359137e-05
	148	22	10.000000	68.000000	9.647805e+04	4.610457e-04
	61	57	-11.750000	59.250000	9.850037e+04	5.218197e-04
	152	106	11.000000	47.000000	1.022439e+05	-4.374105e-05
	139	110	7.750000	46.000000	1.022439e+05	-7.939726e-05
	282	140	43.500000	38.500000	1.009555e+05	-6.272523e-07
	259	145	37.750000	37.250000	1.007980e+05	2.182573e-05
	247	151	34.750000	35.750000	1.007980e+05	9.024945e-05
	276	162	42.000000	33.000000	1.008748e+05	9.715549e-05
	277	162	42.250000	33.000000	1.008748e+05	1.064529e-04
2022	2	10	6	6
	174	5	16.500000	72.250000	9.708534e+04	1.379490e-04
	8	6	-25.000000	72.000000	1.002741e+05	-1.845948e-05
	170	13	15.500000	70.250000	9.680143e+04	3.716693e-05
	166	23	14.500000	67.750000	9.680143e+04	3.644672e-04
	79	59	-7.250000	58.750000	9.886673e+04	5.340321e-04
	158	106	12.500000	47.000000	1.021782e+05	-3.330128e-05
2022	2	10	10	12
	203	0	23.750000	73.500000	9.728581e+04	7.237126e-06
	204	0	24.000000	73.500000	9.728581e+04	6.534165e-06
	175	5	16.750000	72.250000	9.728581e+04	1.481590e-04
	8	6	-25.000000	72.000000	1.002446e+05	-3.579653e-06
	22	21	-21.500000	68.250000	1.001880e+05	7.631406e-05
	193	27	21.250000	66.750000	9.734012e+04	2.435260e-04
	95	63	-3.250000	57.750000	9.984759e+04	3.840493e-04
	137	117	7.250000	44.250000	1.022863e+05	1.175363e-04
	284	139	44.000000	38.750000	1.010205e+05	3.695347e-05
	280	151	43.000000	35.750000	1.010256e+05	8.770783e-05
2022	2	10	6	18
	182	8	18.500000	71.500000	9.752868e+04	2.465764e-04
	9	14	-24.750000	70.000000	9.975498e+04	1.035459e-05
	44	17	-16.000000	69.250000	9.974853e+04	1.542981e-04
	213	28	26.250000	66.500000	9.777234e+04	2.238122e-04
	111	68	0.750000	56.500000	1.003329e+05	3.240847e-04
	87	156	-5.250000	34.500000	1.021556e+05	1.103792e-05
2022	2	11	4	0
	202	7	23.500000	71.750000	9.782509e+04	1.089562e-04
	55	11	-13.250000	70.750000	9.923406e+04	2.208042e-04
	0	68	-27.000000	56.500000	9.959261e+04	1.193294e-04
	125	74	4.250000	55.000000	1.007421e+05	3.174772e-04
2022	2	11	4	6
	225	6	29.250000	72.000000	9.823600e+04	2.777120e-05
	60	11	-12.000000	70.750000	9.895367e+04	3.194323e-04
	137	79	7.250000	53.750000	1.012548e+05	2.425441e-04
	188	123	20.000000	42.750000	1.020981e+05	-8.491473e-06
2022	2	11	8	12
	246	0	34.500000	73.500000	9.859318e+04	2.735848e-05
	232	8	31.000000	71.500000	9.859318e+04	5.642780e-05
	113	15	1.250000	69.750000	9.918717e+04	1.735083e-04
	74	16	-8.500000	69.500000	9.917486e+04	2.534817e-04
	20	56	-22.000000	59.500000	9.869752e+04	2.088872e-04
	0	57	-27.000000	59.250000	9.887727e+04	7.320275e-05
	7	68	-25.250000	56.500000	9.873659e+04	1.668482e-04
	135	119	6.750000	43.750000	1.020168e+05	1.039381e-04
2022	2	11	6	18
	236	11	32.000000	70.750000	9.878134e+04	3.378525e-05
	118	15	2.500000	69.750000	9.880772e+04	1.795982e-04
	41	51	-16.750000	60.750000	9.839388e+04	1.326931e-04
	17	55	-22.750000	59.750000	9.838997e+04	2.733588e-04
	27	64	-20.250000	57.500000	9.838997e+04	1.770619e-04
	136	123	7.000000	42.750000	1.020579e+05	6.309075e-05
2022	2	12	6	0
	160	13	13.000000	70.250000	9.845875e+04	1.760993e-04
	129	19	5.250000	68.750000	9.847184e+04	1.597913e-04
	39	49	-17.250000	61.250000	9.861077e+04	2.031124e-04
	45	58	-15.750000	59.000000	9.861077e+04	1.217583e-04
	22	59	-21.500000	58.750000	9.861077e+04	1.831950e-04
	230	91	30.500000	50.750000	1.013849e+05	1.432729e-04
2022	2	12	2	6
	164	15	14.000000	69.750000	9.848942e+04	3.516349e-04
	64	56	-11.000000	59.500000	9.845445e+04	1.573548e-04
2022	2	12	2	12
	173	15	16.250000	69.750000	9.874520e+04	3.092668e-04
	77	52	-7.750000	60.500000	9.850466e+04	1.531456e-04
2022	2	12	4	18
	239	14	32.750000	70.000000	9.912503e+04	6.703320e-05
	104	43	-1.000000	62.750000	9.849959e+04	1.060645e-04
	89	50	-4.750000	61.000000	9.849959e+04	1.847985e-04
	15	101	-23.250000	48.250000	1.005807e+05	1.572364e-04
2022	2	13	2	0
	234	12	31.500000	70.500000	9.914301e+04	7.694100e-05
	36	99	-18.000000	48.750000	9.995193e+04	1.825722e-04
2022	2	13	3	6
	228	10	30.000000	71.000000	9.906114e+04	3.231068e-05
	151	35	10.750000	64.750000	9.840834e+04	2.192418e-04
	52	97	-14.000000	49.250000	9.898045e+04	3.040182e-04
2022	2	13	7	12
	216	7	27.000000	71.750000	9.902616e+04	6.014416e-05
	165	37	14.250000	64.250000	9.860744e+04	7.333513e-05
	196	37	22.000000	64.250000	9.864965e+04	6.679654e-05
	123	52	3.750000	60.500000	9.889505e+04	1.861051e-04
	87	90	-5.250000	51.000000	9.871198e+04	1.257980e-04
	67	98	-10.250000	49.000000	9.859142e+04	3.636702e-04
	270	120	40.500000	43.500000	1.026444e+05	6.075846e-05
2022	2	13	6	18
	204	8	24.000000	71.500000	9.898298e+04	1.649556e-04
	232	10	31.000000	71.000000	9.898298e+04	2.195498e-05
	214	33	26.500000	65.250000	9.859611e+04	1.426399e-04
	4	51	-26.000000	60.750000	1.003167e+05	6.898605e-05
	91	89	-4.250000	51.250000	9.841830e+04	2.005904e-04
	83	98	-6.250000	49.000000	9.841830e+04	3.354411e-04
2022	2	14	3	0
	6	14	-25.500000	70.000000	9.987788e+04	6.302875e-05
	228	33	30.000000	65.250000	9.849352e+04	1.127853e-04
	99	93	-2.250000	50.250000	9.842885e+04	2.721244e-04
2022	2	14	6	6
	254	26	36.500000	67.000000	9.824284e+04	8.014562e-05
	0	49	-27.000000	61.250000	9.867524e+04	4.820536e-05
	113	89	1.250000	51.250000	9.844780e+04	2.037718e-04
	280	142	43.000000	38.000000	1.014707e+05	-2.702603e-05
	285	149	44.250000	36.250000	1.014707e+05	2.487897e-05
	254	158	36.500000	34.000000	1.016290e+05	-1.153184e-05
2022	2	14	5	12
	261	23	38.250000	67.750000	9.809473e+04	1.751680e-04
	0	39	-27.000000	63.750000	9.820845e+04	1.108979e-04
	124	74	4.000000	55.000000	9.886282e+04	7.733214e-05
	125	83	4.250000	52.750000	9.886282e+04	1.306860e-04
	279	120	42.750000	43.500000	1.016089e+05	1.603078e-05
2022	2	14	6	18
	6	14	-25.500000	70.000000	9.871998e+04	-3.955824e-05
	269	21	40.250000	68.250000	9.800055e+04	2.120210e-04
	8	37	-25.000000	64.250000	9.781591e+04	2.457298e-04
	141	76	8.250000	54.500000	9.912445e+04	1.045346e-04
	136	120	7.000000	43.500000	1.010735e+05	8.687341e-05
	280	121	43.000000	43.250000	1.017331e+05	-2.851987e-05
2022	2	15	9	0
	272	19	41.000000	68.750000	9.812951e+04	2.478559e-04
	271	20	40.750000	68.500000	9.812951e+04	2.737412e-04
	270	29	40.500000	66.250000	9.812951e+04	4.097453e-04
	0	30	-27.000000	66.000000	9.782001e+04	1.578829e-04
	35	41	-18.250000	63.250000	9.795385e+04	2.422707e-04
	158	70	12.500000	56.000000	9.923934e+04	4.076912e-05
	172	104	16.000000	47.500000	1.007380e+05	3.063340e-05
	146	118	9.500000	44.000000	1.010162e+05	9.830161e-05
	281	121	43.250000	43.250000	1.018513e+05	-4.473427e-05
2022	2	15	7	6
	6	7	-25.500000	71.750000	9.906934e+04	4.572092e-05
	271	21	40.750000	68.250000	9.839700e+04	2.998267e-04
	285	31	44.250000	65.750000	9.839700e+04	2.130693e-04
	37	34	-17.750000	65.000000	9.796382e+04	1.881949e-04
	173	67	16.250000	56.750000	9.935227e+04	1.174073e-04
	147	119	9.750000	43.750000	1.009951e+05	7.809320e-05
	278	127	42.500000	41.750000	1.018662e+05	5.782246e-06
2022	2	15	9	12
	2	6	-26.500000	72.000000	9.891459e+04	1.431006e-05
	14	24	-23.500000	67.500000	9.778171e+04	2.277071e-04
	275	26	41.750000	67.000000	9.898787e+04	1.998404e-04
	53	35	-13.750000	64.750000	9.800778e+04	2.673076e-04
	184	62	19.000000	58.000000	9.943766e+04	1.361984e-04
	0	71	-27.000000	55.750000	9.680827e+04	1.522220e-04
	277	120	42.250000	43.500000	1.014543e+05	-5.476483e-05
	156	127	12.000000	41.750000	1.010270e+05	3.421616e-05
	279	128	42.750000	41.500000	1.013834e+05	3.260812e-05
2022	2	15	7	18
	43	26	-16.250000	67.000000	9.752184e+04	2.488047e-04
	189	59	20.250000	58.750000	9.952461e+04	1.781056e-04
	13	64	-23.750000	57.500000	9.536941e+04	4.380854e-04
	0	73	-27.000000	55.250000	9.670823e+04	1.884864e-04
	281	121	43.250000	43.250000	1.017306e+05	-4.007856e-05
	154	125	11.500000	42.250000	1.011516e+05	7.061111e-05
	170	126	15.500000	42.000000	1.011516e+05	9.263990e-05
2022	2	16	6	0
	23	20	-21.250000	68.500000	9.702418e+04	2.817043e-04
	36	54	-18.000000	60.000000	9.424258e+04	3.660257e-04
	193	59	21.250000	58.750000	9.963071e+04	1.755047e-04
	170	122	15.500000	43.000000	1.012032e+05	9.046941e-05
	161	132	13.250000	40.500000	1.012149e+05	1.236228e-06
	176	132	17.000000	40.500000	1.012032e+05	6.745114e-05
2022	2	16	5	6
	51	51	-14.250000	60.750000	9.360873e+04	3.264970e-04
	201	60	23.250000	58.500000	9.974834e+04	1.319716e-04
	281	121	43.250000	43.250000	1.017714e+05	-3.727975e-06
	180	129	18.000000	41.250000	1.012693e+05	8.278499e-05
	183	140	18.750000	38.500000	1.012693e+05	8.389102e-05
2022	2	16	5	12
	76	41	-8.000000	63.250000	9.344558e+04	2.062943e-04
	233	55	31.250000	59.750000	9.993278e+04	5.288201e-05
	208	59	25.000000	58.750000	9.991461e+04	7.323540e-05
	138	117	7.500000	44.250000	1.016313e+05	4.112901e-05
	186	139	19.500000	38.750000	1.012267e+05	8.811537e-05
2022	2	16	5	18
	87	37	-5.250000	64.250000	9.397313e+04	3.909431e-04
	142	61	8.500000	58.250000	9.811193e+04	1.775250e-04
	278	120	42.500000	43.500000	1.017046e+05	1.714618e-05
	187	139	19.750000	38.750000	1.012331e+05	8.762877e-05
	208	140	25.000000	38.500000	1.011948e+05	1.113004e-04
2022	2	17	5	0
	91	31	-4.250000	65.750000	9.429416e+04	3.685325e-04
	0	32	-27.000000	65.500000	9.712793e+04	4.645861e-05
	157	60	12.250000	58.500000	9.842045e+04	1.835615e-04
	10	87	-24.500000	51.750000	9.878330e+04	2.835278e-04
	208	136	25.000000	39.500000	1.011309e+05	1.355082e-04
2022	2	17	5	6
	93	27	-3.750000	66.750000	9.449248e+04	3.987834e-04
	0	32	-27.000000	65.500000	9.729812e+04	9.422184e-05
	175	60	16.750000	58.500000	9.869341e+04	1.386861e-04
	35	76	-18.250000	54.500000	9.776295e+04	4.681171e-04
	207	137	24.750000	39.250000	1.010172e+05	1.252745e-04
2022	2	17	5	12
	88	25	-5.000000	67.250000	9.485826e+04	3.390653e-04
	0	41	-27.000000	63.250000	9.740363e+04	2.482123e-05
	188	61	20.000000	58.250000	9.898298e+04	1.660129e-04
	71	63	-9.250000	57.750000	9.695325e+04	4.204802e-04
	229	135	30.250000	39.750000	1.009045e+05	-1.410147e-05
2022	2	17	6	18
	88	23	-5.000000	67.750000	9.499757e+04	3.352668e-04
	0	42	-27.000000	63.000000	9.730007e+04	6.869584e-05
	104	56	-1.000000	59.500000	9.684872e+04	2.697519e-04
	203	62	23.750000	58.000000	9.925790e+04	1.388576e-04
	10	107	-24.500000	46.750000	1.004433e+05	1.643497e-04
	211	141	25.750000	38.250000	1.009011e+05	1.212835e-04
2022	2	18	6	0
	81	21	-6.750000	68.250000	9.482289e+04	4.166880e-04
	125	53	4.250000	60.250000	9.694231e+04	4.823229e-04
	144	59	9.000000	58.750000	9.694231e+04	3.821826e-04
	217	61	27.250000	58.250000	9.922253e+04	1.269965e-04
	40	96	-17.000000	49.500000	1.003228e+05	1.277512e-04
	215	145	26.750000	37.250000	1.006972e+05	1.183762e-04
2022	2	18	4	6
	71	24	-9.250000	67.500000	9.478791e+04	3.185234e-04
	166	59	14.500000	58.750000	9.763322e+04	2.850488e-04
	58	91	-12.500000	50.750000	1.001592e+05	2.096577e-04
	216	147	27.000000	36.750000	1.005221e+05	1.290691e-04
2022	2	18	4	12
	73	24	-8.750000	67.500000	9.495341e+04	4.757391e-04
	240	53	33.000000	60.250000	9.852967e+04	1.155032e-04
	190	61	20.500000	58.250000	9.800407e+04	2.060580e-04
	97	82	-2.750000	53.000000	1.001331e+05	1.235483e-04
2022	2	18	5	18
	73	25	-8.750000	67.250000	9.519512e+04	3.738976e-04
	246	50	34.500000	61.000000	9.842397e+04	1.112569e-04
	213	65	26.250000	57.250000	9.847575e+04	1.361665e-04
	127	76	4.750000	54.500000	9.972509e+04	1.609404e-04
	270	162	40.500000	33.000000	1.006829e+05	9.452378e-05
2022	2	19	5	0
	84	30	-6.000000	66.000000	9.580904e+04	4.171763e-04
	251	46	35.750000	62.000000	9.835831e+04	1.206275e-04
	153	75	11.250000	54.750000	9.946638e+04	2.195859e-04
	158	105	12.500000	47.250000	1.012495e+05	-4.331771e-05
	22	157	-21.500000	34.250000	1.021884e+05	5.070446e-05
2022	2	19	5	6
	96	32	-3.000000	65.500000	9.653628e+04	3.405973e-04
	256	44	37.000000	62.500000	9.835362e+04	1.311448e-04
	192	79	21.000000	53.750000	9.926455e+04	1.648324e-04
	158	106	12.500000	47.000000	1.011612e+05	-4.457132e-05
	24	157	-21.000000	34.250000	1.019557e+05	4.451602e-05
2022	2	19	7	12
	115	36	1.750000	64.500000	9.736631e+04	3.192784e-04
	38	37	-17.500000	64.250000	9.983430e+04	2.483828e-05
	0	44	-27.000000	62.500000	9.894508e+04	7.479082e-05
	221	84	28.250000	52.500000	9.911644e+04	1.616157e-04
	19	157	-22.250000	34.250000	1.019213e+05	1.688997e-04
	20	157	-22.000000	34.250000	1.019213e+05	1.587141e-04
	287	158	44.750000	34.000000	1.008800e+05	9.128980e-05
2022	2	19	4	18
	0	37	-27.000000	64.250000	9.770316e+04	5.252417e-05
	132	40	6.000000	63.500000	9.810274e+04	2.921413e-04
	157	107	12.250000	46.750000	1.012870e+05	-1.462962e-05
	18	155	-22.500000	34.750000	1.015739e+05	1.798125e-04
2022	2	20	7	0
	0	25	-27.000000	67.250000	9.693977e+04	2.240212e-04
	278	63	42.500000	57.750000	9.835187e+04	1.081855e-04
	139	118	7.750000	44.000000	1.012982e+05	8.115762e-05
	278	118	42.500000	44.000000	1.002079e+05	-1.972614e-04
	17	148	-22.750000	36.500000	1.015043e+05	1.456834e-04
	18	156	-22.500000	34.500000	1.015043e+05	1.917471e-04
	28	158	-20.000000	34.000000	1.015043e+05	4.645415e-05
