2022	2	10	7	0
	162	11	13.500000	70.750000	9.658726e+04	2.626980e-05
	148	22	10.000000	68.000000	9.657019e+04	3.879698e-04
	59	56	-12.250000	59.500000	9.862880e+04	4.586107e-04
	152	106	11.000000	47.000000	1.022413e+05	-4.004105e-05
	139	110	7.750000	46.000000	1.022413e+05	-8.246137e-05
	247	156	34.750000	34.500000	1.007951e+05	1.307080e-04
	277	162	42.250000	33.000000	1.008383e+05	1.004989e-04
2022	2	10	5	6
	176	5	17.000000	72.250000	9.724262e+04	1.270285e-04
	164	23	14.000000	67.750000	9.682980e+04	3.529327e-04
	77	59	-7.750000	58.750000	9.909134e+04	4.833996e-04
	158	106	12.500000	47.000000	1.021463e+05	-3.695430e-05
	250	153	35.500000	35.250000	1.010180e+05	9.515965e-05
2022	2	10	8	12
	179	3	17.750000	72.750000	9.738086e+04	1.555133e-04
	18	20	-22.500000	68.500000	1.001606e+05	1.043344e-04
	189	29	20.250000	66.250000	9.763963e+04	1.095520e-04
	94	63	-3.500000	57.750000	9.994753e+04	3.649411e-04
	137	117	7.250000	44.250000	1.022540e+05	1.290116e-04
	284	139	44.000000	38.750000	1.008983e+05	2.455619e-05
	271	147	40.750000	36.750000	1.009740e+05	6.614384e-05
	270	156	40.500000	34.500000	1.009740e+05	2.488290e-05
2022	2	10	8	18
	210	1	25.500000	73.250000	9.750413e+04	-2.714797e-05
	181	4	18.250000	72.500000	9.750413e+04	2.640319e-04
	215	13	26.750000	70.250000	9.753301e+04	3.620431e-05
	37	17	-17.750000	69.250000	9.972501e+04	1.104211e-04
	211	30	25.750000	66.000000	9.801241e+04	1.355771e-04
	111	68	0.750000	56.500000	1.005302e+05	3.186716e-04
	137	117	7.250000	44.250000	1.022784e+05	1.081496e-04
	89	157	-4.750000	34.250000	1.021330e+05	-2.957290e-05
2022	2	11	4	0
	195	6	21.750000	72.000000	9.767019e+04	1.588124e-04
	51	13	-14.250000	70.250000	9.933116e+04	2.341419e-04
	0	73	-27.000000	55.250000	9.977284e+04	1.763422e-04
	126	73	4.500000	55.250000	1.008374e+05	3.246234e-04
2022	2	11	4	6
	207	7	24.750000	71.750000	9.781559e+04	2.253748e-04
	71	14	-9.250000	70.000000	9.920830e+04	1.785146e-04
	7	66	-25.250000	57.000000	9.926203e+04	1.653201e-04
	140	78	8.000000	54.000000	1.011636e+05	2.513634e-04
2022	2	11	5	12
	214	8	26.500000	71.500000	9.809438e+04	3.347623e-04
	86	15	-5.500000	69.750000	9.929976e+04	1.746954e-04
	11	60	-24.250000	58.500000	9.898977e+04	1.495630e-04
	2	70	-26.500000	56.000000	9.898977e+04	1.162916e-04
	135	119	6.750000	43.750000	1.020987e+05	7.909800e-05
2022	2	11	5	18
	228	11	30.000000	70.750000	9.833020e+04	2.785952e-04
	128	18	5.000000	69.000000	9.922220e+04	1.318782e-04
	18	56	-22.500000	59.500000	9.877862e+04	2.012680e-04
	26	67	-20.500000	56.750000	9.877862e+04	1.504957e-04
	134	123	6.500000	42.750000	1.021513e+05	5.810160e-05
2022	2	12	4	0
	233	11	31.250000	70.750000	9.842334e+04	2.274555e-04
	156	21	12.000000	68.250000	9.895290e+04	1.394423e-04
	44	52	-16.000000	60.500000	9.860013e+04	2.347506e-04
	45	61	-15.750000	58.250000	9.860013e+04	8.788395e-05
2022	2	12	5	6
	239	12	32.750000	70.500000	9.836749e+04	2.318238e-04
	156	24	12.000000	67.500000	9.915962e+04	1.729277e-04
	38	55	-17.500000	59.750000	9.841785e+04	2.460408e-04
	57	56	-12.750000	59.500000	9.841785e+04	6.582900e-05
	58	56	-12.500000	59.500000	9.841785e+04	7.420465e-05
2022	2	12	5	12
	170	0	15.500000	73.500000	9.867389e+04	1.501095e-04
	230	1	30.500000	73.250000	9.842123e+04	4.363265e-06
	244	12	34.000000	70.500000	9.842123e+04	2.374413e-04
	69	52	-9.750000	60.500000	9.855020e+04	1.105468e-04
	40	60	-17.000000	58.500000	9.853628e+04	1.737088e-04
2022	2	12	6	18
	82	0	-6.500000	73.500000	9.969087e+04	1.282360e-04
	179	0	17.750000	73.500000	9.863680e+04	1.420860e-04
	226	2	29.500000	73.000000	9.845347e+04	8.009447e-05
	249	11	35.250000	70.750000	9.845347e+04	2.005324e-04
	89	48	-4.750000	61.500000	9.846527e+04	1.342512e-04
	85	162	-5.750000	33.000000	1.019511e+05	9.753842e-05
2022	2	13	6	0
	224	0	29.000000	73.500000	9.873521e+04	3.155908e-05
	225	0	29.250000	73.500000	9.870866e+04	4.253787e-05
	190	3	20.500000	72.750000	9.874491e+04	1.850889e-04
	91	5	-4.250000	72.250000	9.969002e+04	2.699095e-04
	254	11	36.500000	70.750000	9.857674e+04	1.769203e-04
	110	45	0.500000	62.250000	9.842481e+04	1.968049e-04
2022	2	13	5	6
	204	5	24.000000	72.250000	9.873753e+04	1.566500e-04
	261	10	38.250000	71.000000	9.871372e+04	2.251894e-04
	38	36	-17.500000	64.500000	1.002339e+05	8.938858e-06
	127	41	4.750000	63.250000	9.820438e+04	1.620601e-04
	285	128	44.250000	41.500000	1.024529e+05	-2.967506e-05
2022	2	13	3	12
	217	6	27.250000	72.000000	9.885070e+04	1.143429e-04
	149	34	10.250000	65.000000	9.807352e+04	1.135837e-04
	270	120	40.500000	43.500000	1.027429e+05	6.294724e-05
2022	2	13	4	18
	235	5	31.750000	72.250000	9.877146e+04	9.126416e-05
	154	33	11.500000	65.250000	9.805645e+04	1.768888e-04
	172	39	16.000000	63.750000	9.805645e+04	1.165594e-04
	106	89	-0.500000	51.250000	9.877694e+04	1.895014e-04
2022	2	14	3	0
	200	0	23.000000	73.500000	9.880960e+04	1.085094e-04
	198	33	22.500000	65.250000	9.821598e+04	9.562149e-05
	116	84	2.000000	52.500000	9.847433e+04	2.122688e-04
2022	2	14	3	6
	197	2	22.250000	73.000000	9.874891e+04	1.654371e-04
	205	31	24.250000	65.750000	9.830448e+04	1.039148e-04
	134	75	6.500000	54.750000	9.826044e+04	2.289938e-04
2022	2	14	6	12
	218	27	27.500000	66.750000	9.862416e+04	5.034370e-05
	288	35	45.000000	64.750000	9.982047e+04	1.316618e-05
	0	49	-27.000000	61.250000	9.774395e+04	1.208003e-04
	143	71	8.750000	55.750000	9.838245e+04	2.869070e-04
	136	119	7.000000	43.750000	1.007786e+05	6.905574e-05
	278	120	42.500000	43.500000	1.017767e+05	1.481871e-05
2022	2	14	6	18
	226	11	29.500000	70.750000	9.863195e+04	9.306787e-05
	225	20	29.250000	68.500000	9.863195e+04	7.161679e-05
	288	32	45.000000	65.500000	9.985671e+04	-3.622092e-05
	0	43	-27.000000	62.750000	9.758969e+04	1.306539e-04
	165	59	14.250000	58.750000	9.843408e+04	2.067083e-04
	137	120	7.250000	43.500000	1.008073e+05	9.916034e-05
2022	2	15	6	0
	213	9	26.250000	71.250000	9.821302e+04	1.733264e-04
	8	43	-25.000000	62.750000	9.731216e+04	2.611765e-04
	194	47	21.500000	61.750000	9.845768e+04	1.914189e-04
	28	48	-20.000000	61.500000	9.731216e+04	2.254673e-04
	122	58	3.500000	59.000000	9.948393e+04	1.553502e-04
	280	121	43.000000	43.250000	1.018711e+05	-6.924863e-06
2022	2	15	6	6
	206	10	24.500000	71.000000	9.792433e+04	1.649821e-04
	13	41	-23.750000	63.250000	9.711366e+04	2.491071e-04
	38	47	-17.500000	61.750000	9.715791e+04	2.394753e-04
	39	47	-17.250000	61.750000	9.717835e+04	2.430813e-04
	21	88	-21.750000	51.500000	9.872847e+04	2.968178e-04
	281	121	43.250000	43.250000	1.021024e+05	6.841772e-06
2022	2	15	6	12
	204	8	24.000000	71.500000	9.797174e+04	2.010766e-04
	205	8	24.250000	71.500000	9.797174e+04	1.898985e-04
	36	45	-18.000000	62.250000	9.748222e+04	2.579137e-04
	277	120	42.250000	43.500000	1.019461e+05	-3.537747e-05
	168	127	15.000000	41.750000	1.009106e+05	9.585871e-05
	283	129	43.750000	41.250000	1.019016e+05	-2.846937e-06
2022	2	15	6	18
	218	5	27.500000	72.250000	9.791063e+04	8.499657e-05
	13	40	-23.750000	63.500000	9.746136e+04	2.355157e-04
	93	77	-3.750000	54.250000	9.829331e+04	1.580715e-04
	277	120	42.250000	43.500000	1.021147e+05	-4.888689e-05
	173	121	16.250000	43.250000	1.008718e+05	1.557301e-04
	177	129	17.250000	41.250000	1.008718e+05	1.088373e-04
2022	2	16	9	0
	253	0	36.250000	73.500000	9.775785e+04	6.346122e-05
	224	3	29.000000	72.750000	9.775785e+04	1.066707e-04
	225	3	29.250000	72.750000	9.775785e+04	1.092029e-04
	105	55	-0.750000	59.750000	9.806277e+04	1.798485e-04
	124	72	4.000000	55.500000	9.771128e+04	2.589164e-04
	0	81	-27.000000	53.250000	9.658430e+04	1.413315e-04
	187	116	19.750000	44.500000	1.008777e+05	5.184264e-05
	278	120	42.500000	43.500000	1.021730e+05	-2.611638e-05
	173	121	16.250000	43.250000	1.008777e+05	1.730096e-04
2022	2	16	6	6
	216	4	27.000000	72.500000	9.762004e+04	1.832730e-04
	103	56	-1.250000	59.500000	9.813970e+04	1.773965e-04
	144	70	9.000000	56.000000	9.733619e+04	2.664385e-04
	14	71	-23.500000	55.750000	9.460704e+04	5.150213e-04
	279	121	42.750000	43.250000	1.021600e+05	-2.094222e-05
	173	122	16.250000	43.000000	1.009017e+05	1.787981e-04
2022	2	16	3	12
	228	0	30.000000	73.500000	9.775996e+04	5.364059e-05
	155	64	11.750000	57.500000	9.738170e+04	2.330933e-04
	49	66	-14.750000	57.000000	9.400520e+04	3.867492e-04
2022	2	16	3	18
	0	42	-27.000000	63.000000	9.748370e+04	1.032442e-04
	176	61	17.000000	58.250000	9.744471e+04	2.061262e-04
	69	63	-9.750000	57.750000	9.384862e+04	3.587347e-04
2022	2	17	4	0
	229	0	30.250000	73.500000	9.821745e+04	2.447625e-05
	0	39	-27.000000	63.750000	9.786069e+04	1.038129e-04
	102	65	-1.500000	57.250000	9.445868e+04	2.966387e-04
	138	117	7.500000	44.250000	1.008806e+05	1.039493e-04
2022	2	17	3	6
	129	66	5.250000	57.000000	9.464897e+04	2.741542e-04
	6	109	-25.500000	46.250000	1.003972e+05	2.485133e-04
	280	121	43.000000	43.250000	1.016601e+05	2.992897e-05
2022	2	17	4	12
	1	34	-26.750000	65.000000	9.871077e+04	8.895148e-05
	155	67	11.750000	56.750000	9.539769e+04	2.867777e-04
	33	94	-18.750000	50.000000	9.951344e+04	2.861981e-04
	158	107	12.500000	46.750000	1.001073e+05	-3.043530e-05
2022	2	17	5	18
	16	36	-23.000000	64.500000	9.882435e+04	8.675178e-05
	32	41	-19.000000	63.250000	9.893604e+04	1.335228e-04
	183	66	18.750000	57.000000	9.595907e+04	2.322290e-04
	48	82	-15.000000	53.000000	9.767145e+04	5.129352e-04
	167	126	14.750000	42.000000	1.007260e+05	-1.066921e-05
2022	2	18	4	0
	36	41	-18.000000	63.250000	9.863406e+04	1.664945e-04
	54	44	-13.500000	62.500000	9.863406e+04	1.628383e-04
	193	47	21.250000	61.750000	9.660159e+04	1.458004e-04
	62	78	-11.500000	54.000000	9.559451e+04	8.054835e-04
2022	2	18	6	6
	206	6	24.500000	72.000000	9.753659e+04	7.189046e-05
	207	40	24.750000	63.500000	9.696256e+04	1.717958e-04
	44	42	-16.000000	63.000000	9.833020e+04	1.986503e-04
	65	45	-10.750000	62.250000	9.833020e+04	1.794687e-04
	96	70	-3.000000	56.000000	9.626105e+04	2.143561e-04
	89	80	-4.750000	53.500000	9.626105e+04	4.660639e-04
2022	2	18	8	12
	212	35	26.000000	64.750000	9.720195e+04	1.314542e-04
	63	42	-11.250000	63.000000	9.819680e+04	2.263033e-04
	0	64	-27.000000	57.500000	9.745693e+04	1.073673e-04
	114	67	1.500000	56.750000	9.670927e+04	2.641361e-04
	124	77	4.000000	54.250000	9.670927e+04	3.371565e-04
	286	142	44.500000	38.000000	1.008360e+05	-1.350166e-06
	218	150	27.500000	36.000000	1.005561e+05	1.465931e-04
	269	162	40.250000	33.000000	1.007536e+05	4.364257e-05
2022	2	18	12	18
	202	5	23.500000	72.250000	9.723798e+04	6.192490e-05
	241	11	33.250000	70.750000	9.721017e+04	1.238210e-04
	216	31	27.000000	65.750000	9.733661e+04	1.185024e-04
	62	42	-11.500000	63.000000	9.779284e+04	4.165356e-04
	0	59	-27.000000	58.750000	9.685109e+04	1.080822e-04
	14	63	-23.500000	57.750000	9.666248e+04	2.841659e-04
	133	69	6.250000	56.250000	9.690566e+04	2.357181e-04
	151	72	10.750000	55.500000	9.690566e+04	2.947305e-04
	235	149	31.750000	36.250000	1.005519e+05	-1.391924e-05
	273	152	41.250000	35.500000	1.010947e+05	9.420741e-05
	224	154	29.000000	35.000000	1.005519e+05	1.687783e-04
	277	160	42.250000	33.500000	1.010947e+05	-2.303346e-05
2022	2	19	7	0
	247	0	34.750000	73.500000	9.716760e+04	6.946295e-05
	74	39	-8.500000	63.750000	9.777302e+04	2.958746e-04
	0	59	-27.000000	58.750000	9.815677e+04	8.181768e-05
	29	61	-19.750000	58.250000	9.663446e+04	2.338946e-04
	171	73	15.750000	55.250000	9.766598e+04	2.467257e-04
	138	119	7.500000	43.750000	1.014671e+05	1.234130e-04
	233	160	31.250000	33.500000	1.004862e+05	2.134792e-04
2022	2	19	6	6
	215	0	26.750000	73.500000	9.718509e+04	8.977597e-05
	73	37	-8.750000	64.250000	9.741731e+04	3.060513e-04
	62	58	-11.500000	59.000000	9.683823e+04	2.286436e-04
	48	62	-15.000000	58.000000	9.683823e+04	2.153083e-04
	207	69	24.750000	56.250000	9.832050e+04	5.031682e-05
	135	118	6.750000	44.000000	1.017364e+05	1.116158e-04
2022	2	19	6	12
	229	0	30.250000	73.500000	9.747105e+04	8.013513e-05
	79	43	-7.250000	62.750000	9.703421e+04	7.422468e-05
	80	54	-7.000000	60.000000	9.703421e+04	1.961495e-04
	229	68	30.250000	56.500000	9.869749e+04	8.374242e-05
	230	68	30.500000	56.500000	9.869749e+04	8.376695e-05
	229	69	30.250000	56.250000	9.869749e+04	6.803033e-05
2022	2	19	5	18
	245	0	34.250000	73.500000	9.779410e+04	7.199212e-05
	51	9	-14.250000	71.250000	9.878748e+04	1.535432e-04
	112	41	1.000000	63.250000	9.772498e+04	1.913328e-04
	100	52	-2.000000	60.500000	9.771086e+04	1.494171e-04
	242	66	33.500000	57.000000	9.914613e+04	1.039173e-04
2022	2	20	5	0
	262	0	38.500000	73.500000	9.800820e+04	3.024728e-05
	87	39	-5.250000	63.750000	9.796542e+04	1.530074e-04
	88	39	-5.000000	63.750000	9.796542e+04	1.407498e-04
	113	39	1.250000	63.750000	9.796542e+04	2.313315e-04
	0	58	-27.000000	59.000000	9.453518e+04	1.464915e-04
