2022	2	16	5	0
	288	11	45.000000	70.750000	9.879923e+04	9.325749e-05
	53	38	-13.750000	64.000000	9.746954e+04	3.304441e-04
	118	53	2.500000	60.250000	9.801184e+04	1.491452e-04
	65	67	-10.750000	56.750000	9.726612e+04	2.884696e-04
	172	123	16.000000	42.750000	1.014735e+05	3.413692e-05
2022	2	16	6	3
	46	37	-15.500000	64.250000	9.771052e+04	2.744246e-04
	121	51	3.250000	60.750000	9.795818e+04	1.407366e-04
	76	67	-8.000000	56.750000	9.727631e+04	2.818062e-04
	92	71	-4.000000	55.750000	9.727631e+04	1.954121e-04
	280	121	43.000000	43.250000	1.021368e+05	3.453119e-05
	173	123	16.250000	42.750000	1.014204e+05	4.075452e-05
2022	2	16	3	6
	120	34	3.000000	65.000000	9.787836e+04	1.793978e-04
	124	48	4.000000	61.500000	9.788566e+04	1.186284e-04
	99	68	-2.250000	56.500000	9.769136e+04	1.937489e-04
2022	2	16	7	9
	116	35	2.000000	64.750000	9.778212e+04	2.034985e-04
	57	54	-12.750000	60.000000	9.756502e+04	7.562446e-05
	58	54	-12.500000	60.000000	9.756502e+04	7.553126e-05
	112	67	1.000000	56.750000	9.769729e+04	1.991110e-04
	54	70	-13.500000	56.000000	9.753081e+04	1.872244e-04
	202	125	23.500000	42.250000	1.016315e+05	-9.843892e-05
	181	137	18.250000	39.250000	1.014358e+05	1.419615e-04
2022	2	16	6	12
	112	35	1.000000	64.750000	9.759405e+04	1.880048e-04
	64	55	-11.000000	59.750000	9.716943e+04	4.532466e-05
	67	67	-10.250000	56.750000	9.706863e+04	2.306158e-04
	124	67	4.000000	56.750000	9.764164e+04	1.927377e-04
	137	117	7.250000	44.250000	1.012690e+05	9.546864e-05
	183	135	18.750000	39.750000	1.012053e+05	1.585142e-04
2022	2	16	4	15
	108	36	0.000000	64.500000	9.743016e+04	1.433538e-04
	79	65	-7.250000	57.250000	9.663473e+04	3.163387e-04
	137	117	7.250000	44.250000	1.012128e+05	7.449317e-05
	185	137	19.250000	39.250000	1.010222e+05	1.906539e-04
2022	2	16	4	18
	115	60	1.750000	58.500000	9.691964e+04	7.431212e-06
	93	65	-3.750000	57.250000	9.691386e+04	2.554297e-04
	280	121	43.000000	43.250000	1.020976e+05	-2.568722e-05
	185	134	19.250000	40.000000	1.009946e+05	1.603639e-04
2022	2	16	4	21
	114	66	1.500000	57.000000	9.678904e+04	2.248572e-04
	138	67	7.500000	56.750000	9.683283e+04	1.812894e-04
	137	117	7.250000	44.250000	1.012023e+05	4.959057e-05
	185	134	19.250000	40.000000	1.010971e+05	1.336960e-04
2022	2	17	4	0
	161	67	13.250000	56.750000	9.678570e+04	1.688212e-04
	138	117	7.500000	44.250000	1.009797e+05	5.773076e-05
	279	121	42.750000	43.250000	1.019411e+05	-4.040052e-05
	184	134	19.000000	40.000000	1.011620e+05	1.035677e-04
2022	2	17	4	3
	287	11	44.750000	70.750000	9.912260e+04	1.318942e-04
	193	59	21.250000	58.750000	9.640409e+04	2.246050e-04
	178	67	17.500000	56.750000	9.640409e+04	1.461770e-04
	138	117	7.500000	44.250000	1.008979e+05	9.472200e-05
2022	2	17	3	6
	287	12	44.750000	70.500000	9.916259e+04	1.130601e-04
	195	57	21.750000	59.250000	9.621907e+04	2.134509e-04
	193	67	21.250000	56.750000	9.621907e+04	1.506327e-04
2022	2	17	2	9
	202	63	23.500000	57.750000	9.611493e+04	1.649849e-04
	24	74	-21.000000	55.000000	9.929911e+04	1.671712e-04
2022	2	17	2	12
	208	60	25.000000	58.500000	9.601139e+04	1.277040e-04
	28	73	-20.000000	55.250000	9.920516e+04	2.074594e-04
2022	2	17	2	15
	214	56	26.500000	59.500000	9.605381e+04	1.449730e-04
	36	72	-18.000000	55.500000	9.912275e+04	2.267988e-04
2022	2	17	2	18
	217	52	27.250000	60.500000	9.605563e+04	1.687582e-04
	42	70	-16.500000	56.000000	9.911423e+04	2.286407e-04
2022	2	17	2	21
	221	49	28.250000	61.250000	9.606156e+04	1.521392e-04
	54	70	-13.500000	56.000000	9.914221e+04	2.105135e-04
2022	2	18	3	0
	221	43	28.250000	62.750000	9.598980e+04	1.312186e-04
	28	59	-20.000000	58.750000	9.917900e+04	1.678984e-04
	54	106	-13.500000	47.000000	1.003211e+05	1.643262e-04
2022	2	18	5	3
	6	7	-25.500000	71.750000	1.004324e+05	-2.252902e-05
	222	40	28.500000	63.500000	9.591029e+04	1.145456e-04
	29	57	-19.750000	59.250000	9.911105e+04	1.908560e-04
	50	100	-14.500000	48.500000	9.992852e+04	1.958438e-04
	62	102	-11.500000	48.000000	9.992852e+04	2.158820e-04
2022	2	18	4	6
	6	7	-25.500000	71.750000	1.004325e+05	-2.142166e-05
	224	38	29.000000	64.000000	9.585981e+04	1.348871e-04
	29	55	-19.750000	59.750000	9.909736e+04	2.018852e-04
	70	98	-9.500000	49.000000	9.951150e+04	2.230915e-04
2022	2	18	6	9
	225	35	29.250000	64.750000	9.590482e+04	1.310413e-04
	224	36	29.000000	64.500000	9.590482e+04	1.465648e-04
	225	36	29.250000	64.500000	9.590482e+04	1.405372e-04
	10	39	-24.500000	63.750000	9.917718e+04	6.071355e-05
	30	53	-19.500000	60.250000	9.919481e+04	1.834624e-04
	76	95	-8.000000	49.750000	9.915544e+04	2.037937e-04
2022	2	18	4	12
	6	7	-25.500000	71.750000	1.005391e+05	-4.480203e-05
	227	34	29.750000	65.000000	9.600774e+04	1.271887e-04
	31	52	-19.250000	60.500000	9.923632e+04	1.777687e-04
	82	93	-6.500000	50.250000	9.893027e+04	2.658921e-04
2022	2	18	4	15
	228	32	30.000000	65.500000	9.612952e+04	9.642939e-05
	31	50	-19.250000	61.000000	9.910314e+04	1.822544e-04
	90	92	-4.500000	50.500000	9.884240e+04	3.244876e-04
	277	118	42.250000	44.000000	1.003687e+05	-4.585465e-05
2022	2	18	5	18
	232	31	31.000000	65.750000	9.624841e+04	1.111944e-04
	32	47	-19.000000	61.750000	9.873233e+04	2.147270e-04
	0	53	-27.000000	60.250000	9.825525e+04	8.848458e-05
	105	89	-0.750000	51.250000	9.901511e+04	2.333554e-04
	119	125	2.750000	42.250000	1.010694e+05	2.931597e-05
2022	2	18	4	21
	235	29	31.750000	66.250000	9.638813e+04	1.324550e-04
	31	44	-19.250000	62.500000	9.824491e+04	2.325838e-04
	117	87	2.250000	51.750000	9.907486e+04	1.997980e-04
	108	137	0.000000	39.250000	1.011842e+05	7.549270e-05
2022	2	19	4	0
	237	28	32.250000	66.500000	9.650352e+04	1.287674e-04
	142	85	8.500000	52.250000	9.919055e+04	1.963421e-04
	108	138	0.000000	39.000000	1.012286e+05	8.316449e-05
	273	154	41.250000	35.000000	1.011269e+05	1.002841e-04
2022	2	19	8	3
	244	18	34.000000	69.000000	9.664826e+04	1.648372e-04
	239	27	32.750000	66.750000	9.664826e+04	1.428043e-04
	37	55	-17.750000	59.750000	9.801762e+04	2.780311e-04
	137	117	7.250000	44.250000	1.010110e+05	1.685846e-04
	122	139	3.500000	38.750000	1.012508e+05	1.535920e-05
	106	141	-0.500000	38.250000	1.012225e+05	2.810523e-05
	273	152	41.250000	35.500000	1.012000e+05	9.758345e-05
	271	162	40.750000	33.000000	1.012000e+05	-2.176706e-05
2022	2	19	8	6
	242	19	33.500000	68.750000	9.679269e+04	1.707958e-04
	240	27	33.000000	66.750000	9.679269e+04	1.443375e-04
	1	47	-26.750000	61.750000	9.789767e+04	1.347265e-04
	2	47	-26.500000	61.750000	9.789767e+04	1.576914e-04
	33	48	-18.750000	61.500000	9.783199e+04	1.897203e-04
	45	54	-15.750000	60.000000	9.783199e+04	2.903882e-04
	137	117	7.250000	44.250000	1.009762e+05	1.393463e-04
	273	161	41.250000	33.250000	1.013661e+05	-2.543107e-05
2022	2	19	4	9
	242	27	33.500000	66.750000	9.700234e+04	1.354358e-04
	3	41	-26.250000	63.250000	9.794465e+04	1.334870e-04
	46	52	-15.500000	60.500000	9.775126e+04	3.404869e-04
	273	162	41.250000	33.000000	1.013061e+05	3.963686e-05
2022	2	19	4	12
	244	27	34.000000	66.750000	9.718509e+04	1.225680e-04
	47	51	-15.250000	60.750000	9.813393e+04	3.051486e-04
	136	118	7.000000	44.000000	1.010565e+05	1.264160e-04
	268	150	40.000000	36.000000	1.012280e+05	5.501577e-05
2022	2	19	4	15
	260	18	38.000000	69.000000	9.739459e+04	5.519105e-05
	248	27	35.000000	66.750000	9.739459e+04	1.373530e-04
	52	51	-14.000000	60.750000	9.844757e+04	2.486565e-04
	136	118	7.000000	44.000000	1.009988e+05	1.438537e-04
2022	2	19	5	18
	268	15	40.000000	69.750000	9.751956e+04	6.101721e-05
	0	46	-27.000000	62.000000	9.733742e+04	-3.084973e-05
	0	57	-27.000000	59.250000	9.733742e+04	1.396097e-04
	156	116	12.000000	44.500000	1.011846e+05	5.318208e-05
	139	121	7.750000	43.250000	1.011787e+05	8.814206e-05
2022	2	19	6	21
	270	9	40.500000	71.250000	9.756532e+04	8.398049e-05
	154	32	11.500000	65.500000	9.878843e+04	1.466219e-04
	0	52	-27.000000	60.500000	9.654397e+04	1.151710e-04
	161	114	13.250000	45.000000	1.013280e+05	1.350099e-04
	170	123	15.500000	42.750000	1.013280e+05	2.852761e-05
	150	125	10.500000	42.250000	1.013126e+05	3.236748e-05
2022	2	20	6	0
	275	9	41.750000	71.250000	9.758812e+04	5.801961e-05
	154	33	11.500000	65.250000	9.888406e+04	1.618509e-04
	0	49	-27.000000	61.250000	9.592899e+04	9.950894e-05
	132	72	6.000000	55.500000	9.938607e+04	1.727983e-04
	174	123	16.500000	42.750000	1.013461e+05	1.054694e-04
	151	125	10.750000	42.250000	1.013655e+05	6.311696e-05
