2022	2	14	5	0
	6	6	-25.500000	72.000000	9.976422e+04	-4.104881e-05
	217	10	27.250000	71.000000	9.837365e+04	1.291147e-04
	6	14	-25.500000	70.000000	9.976422e+04	3.679384e-05
	115	62	1.750000	58.000000	9.848070e+04	9.483683e-05
	105	71	-0.750000	55.750000	9.848070e+04	8.928694e-05
2022	2	14	4	3
	56	5	-13.000000	72.250000	1.001500e+05	1.059960e-04
	220	8	28.000000	71.500000	9.807118e+04	1.972255e-04
	124	60	4.000000	58.500000	9.848738e+04	1.487068e-04
	108	71	0.000000	55.750000	9.847736e+04	1.032675e-04
2022	2	14	2	6
	214	10	26.500000	71.000000	9.789448e+04	3.164192e-04
	118	69	2.500000	56.250000	9.850642e+04	7.704614e-05
2022	2	14	3	9
	224	8	29.000000	71.500000	9.790216e+04	2.561556e-04
	0	53	-27.000000	60.250000	9.790500e+04	1.278294e-04
	123	68	3.750000	56.500000	9.856738e+04	1.125728e-04
2022	2	14	4	12
	234	7	31.500000	71.750000	9.787744e+04	1.723853e-04
	0	48	-27.000000	61.500000	9.749180e+04	1.604979e-04
	0	49	-27.000000	61.250000	9.749180e+04	1.568962e-04
	131	64	5.750000	57.500000	9.851945e+04	1.494941e-04
2022	2	14	4	15
	6	7	-25.500000	71.750000	9.982402e+04	4.984337e-05
	242	12	33.500000	70.500000	9.788930e+04	1.952707e-04
	3	45	-26.250000	62.250000	9.710031e+04	2.027757e-04
	134	62	6.500000	58.000000	9.846166e+04	2.025216e-04
2022	2	14	4	18
	249	12	35.250000	70.500000	9.786308e+04	1.795401e-04
	288	12	45.000000	70.500000	9.893866e+04	6.630989e-05
	0	41	-27.000000	63.250000	9.688720e+04	1.225785e-04
	139	61	7.750000	58.250000	9.857958e+04	2.272519e-04
2022	2	14	8	21
	249	4	35.250000	72.500000	9.790283e+04	1.161841e-04
	250	4	35.500000	72.500000	9.790283e+04	1.179790e-04
	257	12	37.250000	70.500000	9.790283e+04	2.023783e-04
	0	38	-27.000000	64.000000	9.692795e+04	1.365811e-04
	27	39	-20.250000	63.750000	9.692795e+04	4.035377e-05
	128	54	5.000000	60.000000	9.854484e+04	7.597992e-05
	147	57	9.750000	59.250000	9.854484e+04	3.102107e-04
	138	120	7.500000	43.500000	1.010978e+05	1.375914e-04
2022	2	15	8	0
	243	5	33.750000	72.250000	9.791118e+04	1.081026e-04
	6	7	-25.500000	71.750000	9.961273e+04	4.433458e-05
	264	10	39.000000	71.000000	9.791118e+04	1.911205e-04
	0	38	-27.000000	64.000000	9.716662e+04	8.187539e-05
	28	38	-20.000000	64.000000	9.719585e+04	-8.733603e-06
	125	52	4.250000	60.500000	9.844312e+04	1.346795e-04
	150	52	10.500000	60.500000	9.840137e+04	3.952175e-04
	146	116	9.500000	44.500000	1.011045e+05	1.330096e-04
2022	2	15	7	3
	243	8	33.750000	71.500000	9.793105e+04	2.290452e-04
	268	10	40.000000	71.000000	9.793105e+04	2.140333e-04
	24	35	-21.000000	64.750000	9.720320e+04	5.802608e-06
	152	51	11.000000	60.750000	9.827912e+04	3.859939e-04
	126	52	4.500000	60.500000	9.830918e+04	1.319557e-04
	171	103	15.750000	47.750000	1.009933e+05	5.627533e-05
	146	116	9.500000	44.500000	1.010028e+05	1.310020e-04
2022	2	15	5	6
	270	9	40.500000	71.250000	9.799118e+04	2.435309e-04
	153	49	11.250000	61.250000	9.830617e+04	2.783042e-04
	126	51	4.500000	60.750000	9.834074e+04	9.648366e-05
	0	87	-27.000000	51.750000	9.911938e+04	1.140708e-04
	153	116	11.250000	44.500000	1.010611e+05	1.207028e-04
2022	2	15	6	9
	275	9	41.750000	71.250000	9.813548e+04	2.143338e-04
	25	34	-20.750000	65.000000	9.716278e+04	1.862019e-04
	154	47	11.500000	61.750000	9.845214e+04	2.201135e-04
	124	49	4.000000	61.250000	9.871402e+04	9.661224e-05
	9	84	-24.750000	52.500000	9.880889e+04	1.974465e-04
	156	114	12.000000	45.000000	1.011750e+05	1.002389e-04
2022	2	15	7	12
	6	7	-25.500000	71.750000	9.956598e+04	1.660533e-05
	277	8	42.250000	71.500000	9.825323e+04	2.290861e-04
	0	30	-27.000000	66.000000	9.725798e+04	7.217190e-05
	36	35	-18.000000	64.750000	9.748245e+04	1.492963e-04
	156	46	12.000000	62.000000	9.857240e+04	1.637456e-04
	20	82	-22.000000	53.000000	9.875712e+04	2.209931e-04
	160	111	13.000000	45.750000	1.012186e+05	1.046885e-04
2022	2	15	5	15
	280	8	43.000000	71.500000	9.833323e+04	2.459016e-04
	23	30	-21.250000	66.000000	9.742600e+04	1.877868e-04
	0	35	-27.000000	64.750000	9.742600e+04	-3.049568e-05
	30	80	-19.500000	53.500000	9.857139e+04	2.043857e-04
	160	111	13.000000	45.750000	1.012224e+05	9.158870e-05
2022	2	15	5	18
	282	8	43.500000	71.500000	9.842977e+04	2.396838e-04
	0	30	-27.000000	66.000000	9.739092e+04	3.720001e-05
	0	41	-27.000000	63.250000	9.739092e+04	4.017550e-05
	41	78	-16.750000	54.000000	9.860613e+04	1.908227e-04
	162	162	13.500000	33.000000	1.016580e+05	-1.554594e-06
2022	2	15	3	21
	286	8	44.500000	71.500000	9.853298e+04	1.706055e-04
	124	57	4.000000	59.250000	9.814984e+04	2.020469e-04
	165	160	14.250000	33.500000	1.017718e+05	-2.090670e-06
2022	2	16	4	0
	288	8	45.000000	71.500000	9.862266e+04	9.831659e-05
	128	56	5.000000	59.500000	9.811861e+04	1.994357e-04
	0	72	-27.000000	55.500000	9.749047e+04	1.026043e-04
	169	161	15.250000	33.250000	1.017579e+05	-7.852407e-05
2022	2	16	5	3
	144	42	9.000000	63.000000	9.827177e+04	4.341207e-06
	152	55	11.000000	59.750000	9.821014e+04	1.202899e-04
	131	56	5.750000	59.500000	9.821014e+04	1.797747e-04
	0	69	-27.000000	56.250000	9.685564e+04	1.017628e-04
	279	121	42.750000	43.250000	1.021233e+05	7.518649e-06
2022	2	16	4	6
	287	6	44.750000	72.000000	9.870784e+04	1.355285e-04
	145	42	9.250000	63.000000	9.815269e+04	-1.317089e-05
	156	53	12.000000	60.250000	9.814701e+04	1.225988e-04
	9	65	-24.750000	57.250000	9.653363e+04	2.566906e-04
2022	2	16	4	9
	282	6	43.500000	72.000000	9.871720e+04	2.383018e-04
	138	38	7.500000	64.000000	9.818158e+04	1.348763e-04
	160	52	13.000000	60.500000	9.805966e+04	1.216550e-04
	27	60	-20.250000	58.500000	9.636795e+04	2.524203e-04
2022	2	16	6	12
	278	6	42.500000	72.000000	9.874108e+04	2.231195e-04
	135	36	6.750000	64.500000	9.807302e+04	1.640241e-04
	180	47	18.000000	61.750000	9.797782e+04	1.769803e-04
	164	51	14.000000	60.750000	9.797782e+04	1.291720e-04
	30	59	-19.500000	58.750000	9.618657e+04	2.190158e-04
	29	68	-19.750000	56.500000	9.618657e+04	2.670373e-04
2022	2	16	7	15
	279	7	42.750000	71.750000	9.873023e+04	2.035472e-04
	133	36	6.250000	64.500000	9.789080e+04	1.501297e-04
	183	45	18.750000	62.250000	9.773832e+04	2.019405e-04
	65	58	-10.750000	59.000000	9.633288e+04	2.282576e-04
	32	60	-19.000000	58.500000	9.628094e+04	3.964993e-04
	47	67	-15.250000	56.750000	9.628094e+04	2.550748e-04
	181	151	18.250000	35.750000	1.013327e+05	1.176911e-04
2022	2	16	5	18
	280	7	43.000000	71.750000	9.872538e+04	1.985624e-04
	184	44	19.000000	62.500000	9.755143e+04	2.440175e-04
	67	58	-10.250000	59.000000	9.633171e+04	1.811669e-04
	278	120	42.500000	43.500000	1.021250e+05	-1.844734e-05
	186	149	19.500000	36.250000	1.013003e+05	1.543899e-04
2022	2	16	6	21
	282	7	43.500000	71.750000	9.876764e+04	2.168023e-04
	184	43	19.000000	62.750000	9.740629e+04	2.227643e-04
	82	58	-6.500000	59.000000	9.635325e+04	1.954918e-04
	137	117	7.250000	44.250000	1.011695e+05	7.192499e-05
	279	120	42.750000	43.500000	1.020154e+05	-2.469092e-05
	187	147	19.750000	36.750000	1.012151e+05	1.918964e-04
2022	2	17	6	0
	283	7	43.750000	71.750000	9.882058e+04	2.061248e-04
	185	43	19.250000	62.750000	9.731894e+04	1.803553e-04
	119	63	2.750000	57.750000	9.639534e+04	2.459355e-04
	137	113	7.250000	45.250000	1.006659e+05	1.108217e-05
	280	121	43.000000	43.250000	1.019363e+05	-2.132304e-05
	188	145	20.000000	37.250000	1.009916e+05	2.015408e-04
2022	2	17	6	3
	283	7	43.750000	71.750000	9.883327e+04	1.689742e-04
	186	43	19.500000	62.750000	9.720754e+04	1.720113e-04
	123	63	3.750000	57.750000	9.638031e+04	2.249156e-04
	138	117	7.500000	44.250000	1.007012e+05	8.312477e-05
	280	121	43.000000	43.250000	1.017327e+05	-1.588315e-05
	188	143	20.000000	37.750000	1.007481e+05	1.894537e-04
2022	2	17	4	6
	280	6	43.000000	72.000000	9.884998e+04	1.391892e-04
	186	43	19.500000	62.750000	9.717280e+04	1.513349e-04
	163	67	13.750000	56.750000	9.633004e+04	2.989742e-04
	186	145	19.500000	37.250000	1.007359e+05	2.030154e-04
2022	2	17	6	9
	168	66	15.000000	57.000000	9.629747e+04	3.051598e-04
	5	104	-25.750000	47.500000	9.931027e+04	3.912585e-04
	138	117	7.500000	44.250000	1.006411e+05	6.858409e-05
	279	120	42.750000	43.500000	1.014763e+05	1.421655e-05
	195	143	21.750000	37.750000	1.008744e+05	1.330771e-05
	186	148	19.500000	36.500000	1.008744e+05	2.159148e-04
2022	2	17	5	12
	173	66	16.250000	57.000000	9.632286e+04	2.830183e-04
	9	72	-24.750000	55.500000	9.978142e+04	2.008834e-04
	12	99	-24.000000	48.750000	9.868412e+04	4.695033e-04
	279	120	42.750000	43.500000	1.012378e+05	1.299895e-05
	187	152	19.750000	35.500000	1.007446e+05	2.031466e-04
2022	2	17	6	15
	27	46	-20.250000	62.000000	9.942735e+04	1.395014e-04
	178	67	17.500000	56.750000	9.647802e+04	3.479229e-04
	14	69	-23.500000	56.250000	9.959102e+04	2.132623e-04
	20	95	-22.000000	49.750000	9.798717e+04	5.738979e-04
	281	121	43.250000	43.250000	1.011501e+05	-4.831224e-06
	189	155	20.250000	34.750000	1.006462e+05	2.139603e-04
2022	2	17	6	18
	26	45	-20.500000	62.250000	9.923729e+04	1.863662e-04
	195	62	21.750000	58.000000	9.678866e+04	1.476433e-04
	18	66	-22.500000	57.000000	9.939061e+04	2.004227e-04
	185	71	19.250000	55.750000	9.678866e+04	3.551601e-04
	31	92	-19.250000	50.500000	9.746374e+04	6.471317e-04
	190	159	20.500000	33.750000	1.007697e+05	1.797448e-04
2022	2	17	5	21
	6	7	-25.500000	71.750000	1.005320e+05	-1.075004e-05
	27	44	-20.250000	62.500000	9.915578e+04	2.035212e-04
	203	59	23.750000	58.750000	9.704587e+04	2.174437e-04
	41	87	-16.750000	51.750000	9.677413e+04	6.803993e-04
	156	109	12.000000	46.250000	1.005390e+05	3.982161e-05
2022	2	18	3	0
	21	43	-21.750000	62.750000	9.902250e+04	2.267883e-04
	210	56	25.500000	59.500000	9.720520e+04	1.690087e-04
	50	83	-14.500000	52.750000	9.612595e+04	6.785090e-04
2022	2	18	5	3
	6	7	-25.500000	71.750000	1.005131e+05	-3.105259e-05
	19	43	-22.250000	62.750000	9.884430e+04	1.941044e-04
	213	55	26.250000	59.750000	9.726098e+04	1.948448e-04
	25	63	-20.750000	57.750000	9.879370e+04	2.533550e-04
	62	80	-11.500000	53.500000	9.577421e+04	5.558422e-04
2022	2	18	7	6
	6	7	-25.500000	71.750000	1.004121e+05	-4.867836e-05
	145	34	9.250000	65.000000	9.837465e+04	2.370157e-05
	18	42	-22.500000	63.000000	9.862100e+04	2.445462e-04
	217	53	27.250000	60.250000	9.736588e+04	2.112653e-04
	28	63	-20.000000	57.750000	9.866943e+04	2.674426e-04
	72	77	-9.000000	54.250000	9.578773e+04	5.000728e-04
	137	116	7.250000	44.500000	1.010741e+05	1.098499e-04
2022	2	18	7	9
	6	7	-25.500000	71.750000	1.004485e+05	-4.575931e-05
	140	35	8.000000	64.750000	9.836780e+04	4.868293e-05
	17	40	-22.750000	63.500000	9.865974e+04	2.468229e-04
	220	51	28.000000	60.750000	9.742684e+04	1.913243e-04
	33	64	-18.750000	57.500000	9.877749e+04	2.917081e-04
	84	77	-6.000000	54.250000	9.607818e+04	4.193393e-04
	116	123	2.000000	42.750000	1.015087e+05	2.067091e-05
2022	2	18	5	12
	6	7	-25.500000	71.750000	1.004697e+05	-3.540955e-05
	14	37	-23.500000	64.250000	9.873908e+04	2.141910e-04
	224	49	29.000000	61.250000	9.751669e+04	1.583889e-04
	39	66	-17.250000	57.000000	9.886417e+04	2.613242e-04
	98	76	-2.500000	54.500000	9.622782e+04	3.701352e-04
2022	2	18	6	15
	6	7	-25.500000	71.750000	1.004790e+05	-2.998260e-05
	10	35	-24.500000	64.750000	9.887870e+04	2.148832e-04
	237	40	32.250000	63.500000	9.755727e+04	6.802798e-05
	234	41	31.500000	63.250000	9.755727e+04	7.617059e-05
	0	61	-27.000000	58.250000	9.897457e+04	9.372368e-05
	113	73	1.250000	55.250000	9.627693e+04	3.158441e-04
2022	2	18	6	18
	6	7	-25.500000	71.750000	1.004769e+05	-2.805354e-05
	288	21	45.000000	68.250000	9.825490e+04	-3.258993e-05
	3	33	-26.250000	65.250000	9.898309e+04	1.784487e-04
	246	33	34.500000	65.250000	9.745990e+04	1.456391e-04
	0	57	-27.000000	59.250000	9.894684e+04	1.011807e-04
	128	70	5.000000	56.000000	9.633923e+04	2.210494e-04
2022	2	18	6	21
	6	7	-25.500000	71.750000	1.005345e+05	-1.660744e-05
	246	30	34.500000	66.000000	9.740295e+04	2.248461e-04
	1	55	-26.750000	59.750000	9.904371e+04	9.924255e-05
	142	68	8.500000	56.500000	9.648587e+04	2.217450e-04
	142	69	8.500000	56.250000	9.648587e+04	2.303847e-04
	137	117	7.250000	44.250000	1.009589e+05	1.081614e-04
2022	2	19	7	0
	6	7	-25.500000	71.750000	1.006066e+05	-1.326387e-05
	288	20	45.000000	68.500000	9.793239e+04	-3.357978e-05
	246	30	34.500000	66.000000	9.737856e+04	2.622771e-04
	4	54	-26.000000	60.000000	9.910568e+04	1.220755e-04
	75	67	-8.250000	56.750000	9.926819e+04	2.009159e-04
	156	67	12.000000	56.750000	9.661981e+04	2.542454e-04
	137	117	7.250000	44.250000	1.010317e+05	1.154653e-04
2022	2	19	10	3
	6	7	-25.500000	71.750000	1.005662e+05	-1.596842e-05
	245	29	34.250000	66.250000	9.733464e+04	2.798875e-04
	137	30	7.250000	66.000000	9.802024e+04	8.683118e-05
	2	51	-26.500000	60.750000	9.896271e+04	1.263030e-04
	169	66	15.250000	57.000000	9.680236e+04	2.240221e-04
	82	67	-6.500000	56.750000	9.931779e+04	1.511589e-04
	151	109	10.750000	46.250000	1.008353e+05	2.301751e-05
	169	112	15.250000	45.500000	1.007332e+05	2.247202e-05
	138	118	7.500000	44.000000	1.010097e+05	1.359438e-04
	282	121	43.500000	43.250000	1.012256e+05	2.075757e-05
2022	2	19	7	6
	6	7	-25.500000	71.750000	1.004659e+05	-9.609032e-06
	245	29	34.250000	66.250000	9.736453e+04	2.340915e-04
	135	30	6.750000	66.000000	9.809523e+04	8.677635e-05
	1	49	-26.750000	61.250000	9.866776e+04	9.644739e-05
	179	65	17.750000	57.250000	9.684094e+04	2.103450e-04
	0	66	-27.000000	57.000000	9.855052e+04	1.259023e-04
	87	78	-5.250000	54.000000	9.955745e+04	1.248846e-04
2022	2	19	7	9
	6	7	-25.500000	71.750000	1.004747e+05	-5.270786e-06
	269	21	40.250000	68.250000	9.755343e+04	1.092483e-04
	133	30	6.250000	66.000000	9.826091e+04	7.684143e-05
	246	30	34.500000	66.000000	9.754274e+04	2.031348e-04
	187	65	19.750000	57.250000	9.705923e+04	1.945818e-04
	96	79	-3.000000	53.750000	9.993424e+04	1.319749e-04
	138	118	7.500000	44.000000	1.012273e+05	1.409034e-04
2022	2	19	5	12
	6	7	-25.500000	71.750000	1.004689e+05	3.923772e-06
	288	15	45.000000	69.750000	9.779026e+04	6.635561e-05
	133	30	6.250000	66.000000	9.842475e+04	8.021342e-05
	246	30	34.500000	66.000000	9.767936e+04	2.004615e-04
	195	64	21.750000	57.500000	9.730975e+04	1.740562e-04
2022	2	19	7	15
	6	7	-25.500000	71.750000	1.003279e+05	1.843569e-06
	288	16	45.000000	69.500000	9.785355e+04	5.585528e-05
	139	31	7.750000	65.750000	9.856170e+04	6.992685e-05
	0	54	-27.000000	60.000000	9.626757e+04	1.209610e-04
	204	64	24.000000	57.500000	9.764028e+04	1.725933e-04
	146	126	9.500000	42.000000	1.013075e+05	2.921732e-05
	147	127	9.750000	41.750000	1.013075e+05	2.337039e-05
2022	2	19	8	18
	6	7	-25.500000	71.750000	1.001009e+05	5.606090e-06
	148	23	10.000000	67.750000	9.864405e+04	7.602754e-05
	141	31	8.250000	65.750000	9.864405e+04	7.608600e-05
	0	51	-27.000000	60.750000	9.551183e+04	1.377268e-04
	218	62	27.500000	58.000000	9.790016e+04	1.037069e-04
	169	125	15.250000	42.250000	1.015449e+05	2.077091e-05
	151	126	10.750000	42.000000	1.015024e+05	8.771050e-05
	282	148	43.500000	36.500000	1.014967e+05	-3.113912e-05
2022	2	19	10	21
	151	21	10.750000	68.250000	9.869632e+04	1.509294e-04
	142	32	8.500000	65.500000	9.869632e+04	8.960695e-05
	248	33	35.000000	65.250000	9.810759e+04	2.098159e-04
	3	54	-26.250000	60.000000	9.494030e+04	2.266402e-04
	255	54	36.750000	60.000000	9.807001e+04	1.170416e-04
	230	61	30.500000	58.250000	9.804212e+04	6.170800e-05
	171	125	15.750000	42.250000	1.017415e+05	1.106320e-05
	152	127	11.000000	41.750000	1.016680e+05	1.027628e-04
	280	147	43.000000	36.750000	1.016112e+05	-3.706715e-05
	284	162	44.000000	33.000000	1.013991e+05	9.235748e-05
2022	2	20	9	0
	151	21	10.750000	68.250000	9.872455e+04	1.971428e-04
	144	32	9.000000	65.500000	9.872455e+04	1.106050e-04
	250	33	35.500000	65.250000	9.825055e+04	1.955073e-04
	7	52	-25.250000	60.500000	9.473804e+04	2.536051e-04
	262	52	38.500000	60.500000	9.808605e+04	1.226628e-04
	247	57	34.750000	59.250000	9.808605e+04	5.765705e-05
	153	127	11.250000	41.750000	1.017332e+05	9.630702e-05
	279	145	42.750000	37.250000	1.016929e+05	-2.591556e-05
	287	162	44.750000	33.000000	1.014544e+05	4.563653e-05
