2022	2	14	5	0
	2	6	-26.500000	72.000000	9.977842e+04	-1.668790e-05
	222	10	28.500000	71.000000	9.843260e+04	1.469518e-04
	1	17	-26.750000	69.250000	9.977842e+04	1.813208e-05
	217	26	27.250000	67.000000	9.855920e+04	1.229824e-04
	107	71	-0.250000	55.750000	9.848905e+04	7.149798e-05
2022	2	14	5	3
	57	5	-12.750000	72.250000	1.000819e+05	6.912273e-05
	58	5	-12.500000	72.250000	1.000819e+05	7.748120e-05
	217	8	27.250000	71.500000	9.813698e+04	1.560056e-04
	226	22	29.500000	68.000000	9.829832e+04	1.068969e-04
	111	70	0.750000	56.000000	9.844480e+04	8.948552e-05
2022	2	14	5	6
	65	3	-10.750000	72.750000	1.000657e+05	1.078944e-04
	217	8	27.250000	71.500000	9.799569e+04	1.948485e-04
	113	70	1.250000	56.000000	9.847636e+04	1.091994e-04
	114	70	1.500000	56.000000	9.847636e+04	1.007006e-04
	122	121	3.500000	43.250000	1.009008e+05	2.095165e-04
2022	2	14	4	9
	70	2	-9.500000	73.000000	1.001293e+05	9.452587e-05
	217	8	27.250000	71.500000	9.805848e+04	2.660390e-04
	0	52	-27.000000	60.500000	9.800788e+04	1.431019e-04
	118	68	2.500000	56.500000	9.850977e+04	9.548374e-05
2022	2	14	5	12
	77	0	-7.750000	73.500000	1.001280e+05	6.621827e-05
	75	1	-8.250000	73.250000	1.001280e+05	7.352734e-05
	237	6	32.250000	72.000000	9.815519e+04	1.343732e-04
	0	49	-27.000000	61.250000	9.762625e+04	1.552170e-04
	127	64	4.750000	57.500000	9.846617e+04	1.033233e-04
2022	2	14	5	15
	80	0	-7.000000	73.500000	1.001295e+05	3.933441e-05
	235	5	31.750000	72.250000	9.820747e+04	1.257457e-04
	223	15	28.750000	69.750000	9.820747e+04	1.915480e-04
	1	45	-26.750000	62.250000	9.721472e+04	1.607653e-04
	131	62	5.750000	58.000000	9.840605e+04	1.892597e-04
2022	2	14	3	18
	250	6	35.500000	72.000000	9.830901e+04	9.366372e-05
	0	41	-27.000000	63.250000	9.698090e+04	1.483620e-04
	133	62	6.250000	58.000000	9.852513e+04	1.967488e-04
2022	2	14	7	21
	259	7	37.750000	71.750000	9.830083e+04	1.248558e-04
	0	36	-27.000000	64.500000	9.708812e+04	1.233714e-04
	27	39	-20.250000	63.750000	9.713138e+04	-2.290870e-05
	127	54	4.750000	60.000000	9.865156e+04	4.211791e-05
	152	54	11.000000	60.000000	9.865156e+04	2.849034e-04
	135	61	6.750000	58.250000	9.865156e+04	2.198506e-04
	139	121	7.750000	43.250000	1.011274e+05	1.168771e-04
2022	2	15	7	0
	6	7	-25.500000	71.750000	9.963912e+04	4.538354e-05
	253	7	36.250000	71.750000	9.831052e+04	1.108718e-04
	0	38	-27.000000	64.000000	9.737355e+04	1.109676e-04
	127	53	4.750000	60.250000	9.868613e+04	7.883688e-05
	153	53	11.250000	60.250000	9.868613e+04	2.493191e-04
	139	61	7.750000	58.250000	9.868613e+04	2.406110e-04
	145	118	9.250000	44.000000	1.011084e+05	1.313005e-04
2022	2	15	8	3
	6	7	-25.500000	71.750000	9.957766e+04	3.119151e-05
	253	8	36.250000	71.500000	9.830517e+04	1.387022e-04
	1	34	-26.750000	65.000000	9.726332e+04	1.060255e-04
	22	35	-21.500000	64.750000	9.726332e+04	7.722693e-05
	125	51	4.250000	60.750000	9.875828e+04	1.211370e-04
	155	52	11.750000	60.500000	9.863970e+04	1.498270e-04
	144	60	9.000000	58.500000	9.863970e+04	2.117776e-04
	146	118	9.500000	44.000000	1.010045e+05	8.494186e-05
2022	2	15	8	6
	255	11	36.750000	70.750000	9.834058e+04	1.518286e-04
	24	35	-21.000000	64.750000	9.727468e+04	1.488744e-04
	124	49	4.000000	61.250000	9.878584e+04	1.526322e-04
	156	51	12.000000	60.750000	9.867578e+04	1.256530e-04
	149	59	10.250000	58.750000	9.867578e+04	1.740030e-04
	0	87	-27.000000	51.750000	9.904939e+04	1.392713e-04
	156	118	12.000000	44.000000	1.010599e+05	6.743199e-05
	152	157	11.000000	34.250000	1.016497e+05	8.169453e-05
2022	2	15	6	9
	259	13	37.750000	70.250000	9.852045e+04	1.874122e-04
	15	33	-23.250000	65.250000	9.739677e+04	6.453169e-05
	124	48	4.000000	61.500000	9.874542e+04	1.712754e-04
	156	56	12.000000	59.500000	9.878467e+04	1.529856e-04
	1	84	-26.750000	52.500000	9.860396e+04	1.424571e-04
	159	113	12.750000	45.250000	1.011134e+05	1.023232e-04
2022	2	15	8	12
	276	17	42.000000	69.250000	9.872989e+04	1.170038e-04
	0	29	-27.000000	66.250000	9.746007e+04	7.922982e-05
	0	39	-27.000000	63.750000	9.746007e+04	7.327437e-06
	58	45	-12.500000	62.250000	9.783202e+04	2.460839e-04
	125	47	4.250000	61.750000	9.869666e+04	1.529891e-04
	157	48	12.250000	61.500000	9.878534e+04	1.260810e-04
	14	81	-23.500000	53.250000	9.842325e+04	2.188799e-04
	161	111	13.250000	45.750000	1.010584e+05	1.283126e-04
2022	2	15	7	15
	274	11	41.500000	70.750000	9.883595e+04	1.208656e-04
	0	39	-27.000000	63.750000	9.744320e+04	2.371183e-06
	53	41	-13.750000	63.250000	9.768387e+04	2.858656e-04
	161	48	13.250000	61.500000	9.874459e+04	1.166516e-04
	24	79	-21.000000	53.750000	9.818726e+04	2.603454e-04
	170	114	15.500000	45.000000	1.010731e+05	7.866570e-05
	163	162	13.750000	33.000000	1.016037e+05	-6.065822e-06
2022	2	15	6	18
	279	13	42.750000	70.250000	9.896605e+04	1.902866e-04
	47	38	-15.250000	64.000000	9.754091e+04	2.842383e-04
	0	39	-27.000000	63.750000	9.749598e+04	6.595481e-06
	182	46	18.500000	62.000000	9.879570e+04	9.330075e-05
	35	77	-18.250000	54.250000	9.805164e+04	2.757403e-04
	164	162	14.000000	33.000000	1.016221e+05	-1.159281e-05
2022	2	15	5	21
	287	13	44.750000	70.250000	9.907144e+04	8.786018e-05
	39	34	-17.250000	65.000000	9.765113e+04	2.431931e-04
	0	40	-27.000000	63.500000	9.750650e+04	3.108957e-05
	190	43	20.500000	62.750000	9.881089e+04	1.248018e-04
	46	75	-15.500000	54.750000	9.808003e+04	2.220035e-04
2022	2	16	3	0
	196	40	22.000000	63.500000	9.883545e+04	1.296821e-04
	62	73	-11.500000	55.250000	9.809139e+04	2.019522e-04
	0	74	-27.000000	55.000000	9.726549e+04	9.720294e-05
2022	2	16	6	3
	203	38	23.750000	64.000000	9.880088e+04	1.556274e-04
	0	39	-27.000000	63.750000	9.728002e+04	6.819360e-05
	117	50	2.250000	61.000000	9.817122e+04	1.095472e-04
	8	70	-25.000000	56.000000	9.666791e+04	3.444386e-04
	176	123	17.000000	42.750000	1.013661e+05	4.839111e-05
	175	124	16.750000	42.500000	1.013661e+05	4.948605e-05
2022	2	16	2	6
	209	36	25.250000	64.500000	9.885165e+04	1.166136e-04
	21	65	-21.750000	57.250000	9.648970e+04	3.409791e-04
2022	2	16	3	9
	214	35	26.500000	64.750000	9.895152e+04	9.651327e-05
	28	63	-20.000000	57.750000	9.621463e+04	3.822950e-04
	137	116	7.250000	44.500000	1.011568e+05	7.978827e-05
2022	2	16	2	12
	50	61	-14.500000	58.250000	9.644979e+04	1.369973e-04
	137	117	7.250000	44.250000	1.012592e+05	1.164378e-04
2022	2	16	2	15
	71	62	-9.250000	58.000000	9.655000e+04	1.623813e-04
	280	121	43.000000	43.250000	1.019438e+05	-1.078524e-06
2022	2	16	2	18
	107	63	-0.250000	57.750000	9.645930e+04	2.412007e-04
	280	121	43.000000	43.250000	1.019785e+05	-1.193284e-05
2022	2	16	3	21
	117	62	2.250000	58.000000	9.607450e+04	2.639501e-04
	137	117	7.250000	44.250000	1.009958e+05	7.671748e-05
	278	120	42.500000	43.500000	1.019426e+05	-2.018865e-05
2022	2	17	3	0
	127	63	4.750000	57.750000	9.596711e+04	2.020317e-04
	138	117	7.500000	44.250000	1.008042e+05	1.017529e-04
	280	121	43.000000	43.250000	1.017803e+05	-9.400946e-06
2022	2	17	5	3
	288	3	45.000000	72.750000	9.917950e+04	1.061685e-04
	162	65	13.500000	57.250000	9.597663e+04	2.555119e-04
	3	79	-26.250000	53.750000	9.966785e+04	1.214397e-04
	138	117	7.500000	44.250000	1.005327e+05	1.033748e-04
	280	121	43.000000	43.250000	1.016306e+05	-8.169911e-06
2022	2	17	6	6
	283	3	43.750000	72.750000	9.910351e+04	1.442288e-04
	176	63	17.000000	57.750000	9.580878e+04	2.491951e-04
	154	65	11.500000	57.250000	9.580878e+04	1.966844e-04
	12	75	-24.000000	54.750000	9.911252e+04	2.127067e-04
	138	117	7.500000	44.250000	1.003683e+05	9.451589e-05
	280	121	43.000000	43.250000	1.015840e+05	-4.323737e-06
2022	2	17	3	9
	278	3	42.500000	72.750000	9.914075e+04	1.430881e-04
	177	61	17.250000	58.250000	9.574916e+04	3.253549e-04
	17	72	-22.750000	55.500000	9.848622e+04	3.228362e-04
2022	2	17	3	12
	178	62	17.500000	58.000000	9.590966e+04	3.644335e-04
	20	70	-22.000000	56.000000	9.802575e+04	4.481517e-04
	156	109	12.000000	46.250000	1.000849e+05	5.631325e-05
2022	2	17	6	15
	49	41	-14.750000	63.250000	9.910584e+04	1.587970e-04
	191	54	20.750000	60.000000	9.625622e+04	1.595350e-04
	182	64	18.500000	57.500000	9.625622e+04	3.704957e-04
	26	69	-20.500000	56.250000	9.757364e+04	3.972216e-04
	59	85	-12.250000	52.250000	9.905491e+04	2.439089e-04
	150	111	10.500000	45.750000	1.004807e+05	1.215888e-04
2022	2	17	5	18
	52	42	-14.000000	63.000000	9.895352e+04	1.514070e-04
	192	53	21.000000	60.250000	9.663835e+04	1.570640e-04
	188	66	20.000000	57.000000	9.656970e+04	3.387640e-04
	33	67	-18.750000	56.750000	9.721105e+04	3.851661e-04
	69	81	-9.750000	53.250000	9.862617e+04	3.159727e-04
2022	2	17	5	21
	54	44	-13.500000	62.500000	9.876747e+04	1.482490e-04
	193	53	21.250000	60.250000	9.701630e+04	1.732937e-04
	39	66	-17.250000	57.000000	9.704988e+04	4.158982e-04
	196	67	22.000000	56.750000	9.691760e+04	2.910526e-04
	80	77	-7.000000	54.250000	9.856655e+04	2.823970e-04
2022	2	18	4	0
	196	51	22.000000	60.750000	9.721172e+04	1.622443e-04
	29	62	-19.750000	58.000000	9.694850e+04	3.631153e-04
	44	65	-16.000000	57.250000	9.694850e+04	4.188752e-04
	94	75	-3.500000	54.750000	9.850225e+04	2.694148e-04
2022	2	18	6	3
	215	39	26.750000	63.750000	9.726032e+04	1.199433e-04
	203	47	23.750000	61.750000	9.726032e+04	6.190944e-05
	50	65	-14.500000	57.250000	9.698925e+04	3.677487e-04
	107	72	-0.250000	55.500000	9.829130e+04	2.353597e-04
	108	72	0.000000	55.500000	9.829130e+04	2.361764e-04
	137	113	7.250000	45.250000	1.012767e+05	8.161906e-06
2022	2	18	4	6
	216	37	27.000000	64.250000	9.722775e+04	1.558504e-04
	57	65	-12.750000	57.250000	9.700779e+04	3.306677e-04
	117	70	2.250000	56.000000	9.791318e+04	1.988911e-04
	138	117	7.500000	44.250000	1.012627e+05	1.094878e-04
2022	2	18	5	9
	217	34	27.250000	65.000000	9.722775e+04	1.974272e-04
	77	60	-7.750000	58.500000	9.712938e+04	1.965676e-04
	63	66	-11.250000	57.000000	9.712938e+04	3.153208e-04
	127	68	4.750000	56.500000	9.767435e+04	2.292423e-04
	214	148	26.500000	36.500000	1.005659e+05	8.344954e-05
2022	2	18	4	12
	219	32	27.750000	65.500000	9.721222e+04	1.792889e-04
	83	59	-6.250000	58.750000	9.739493e+04	2.172684e-04
	137	67	7.250000	56.750000	9.743619e+04	2.365486e-04
	70	69	-9.500000	56.250000	9.737339e+04	3.804633e-04
2022	2	18	3	15
	222	29	28.500000	66.250000	9.717981e+04	1.536438e-04
	0	59	-27.000000	58.750000	9.772746e+04	9.388355e-05
	144	67	9.000000	56.750000	9.725380e+04	2.147372e-04
2022	2	18	4	18
	223	27	28.750000	66.750000	9.707577e+04	1.360650e-04
	0	55	-27.000000	59.750000	9.737856e+04	1.248135e-04
	154	65	11.500000	57.250000	9.710916e+04	2.443012e-04
	173	68	16.250000	56.500000	9.710916e+04	1.744086e-04
2022	2	18	8	21
	247	16	34.750000	69.500000	9.708111e+04	1.263764e-04
	223	25	28.750000	67.250000	9.705188e+04	1.269148e-04
	141	30	8.250000	66.000000	9.768170e+04	1.425000e-04
	0	52	-27.000000	60.500000	9.746324e+04	9.935904e-05
	15	56	-23.250000	59.500000	9.746324e+04	1.565363e-04
	162	65	13.500000	57.250000	9.704838e+04	2.627290e-04
	184	65	19.000000	57.250000	9.704838e+04	1.683940e-04
	138	117	7.500000	44.250000	1.012979e+05	1.103788e-04
2022	2	19	8	0
	6	7	-25.500000	71.750000	1.001828e+05	4.255025e-06
	248	14	35.000000	70.000000	9.704770e+04	1.424740e-04
	220	24	28.000000	67.500000	9.700812e+04	1.413946e-04
	147	30	9.750000	66.000000	9.759067e+04	1.494338e-04
	14	53	-23.500000	60.250000	9.740111e+04	1.093985e-04
	1	58	-26.750000	59.000000	9.740111e+04	1.699967e-04
	191	64	20.750000	57.500000	9.682741e+04	1.898886e-04
	138	117	7.500000	44.250000	1.012634e+05	1.297286e-04
2022	2	19	10	3
	6	7	-25.500000	71.750000	1.001338e+05	3.537727e-06
	247	13	34.750000	70.250000	9.699894e+04	1.630080e-04
	219	23	27.750000	67.750000	9.698508e+04	1.562069e-04
	149	30	10.250000	66.000000	9.750951e+04	1.952750e-04
	9	57	-24.750000	59.250000	9.760170e+04	2.455992e-04
	49	62	-14.750000	58.000000	9.811243e+04	2.259692e-04
	198	62	22.500000	58.000000	9.670282e+04	2.301242e-04
	214	66	26.500000	57.000000	9.670282e+04	2.868748e-04
	151	109	10.750000	46.250000	1.012672e+05	4.641686e-05
	138	117	7.500000	44.250000	1.012039e+05	1.025099e-04
2022	2	19	8	6
	245	13	34.250000	70.250000	9.692929e+04	1.519474e-04
	151	30	10.750000	66.000000	9.747945e+04	1.797153e-04
	16	57	-23.000000	59.250000	9.767719e+04	2.239227e-04
	207	61	24.750000	58.250000	9.672470e+04	2.322160e-04
	55	62	-13.250000	58.000000	9.815937e+04	2.279350e-04
	150	110	10.500000	46.000000	1.013006e+05	5.556286e-05
	135	118	6.750000	44.000000	1.012578e+05	1.315471e-04
	277	155	42.250000	34.750000	1.008892e+05	2.945841e-05
2022	2	19	9	9
	246	11	34.500000	70.750000	9.693664e+04	1.915461e-04
	153	31	11.250000	65.750000	9.760187e+04	1.256698e-04
	22	56	-21.500000	59.500000	9.779159e+04	2.469196e-04
	227	58	29.750000	59.000000	9.681138e+04	2.259575e-04
	228	58	30.000000	59.000000	9.681138e+04	2.282471e-04
	56	61	-13.000000	58.250000	9.828412e+04	2.376883e-04
	135	117	6.750000	44.250000	1.013758e+05	1.491759e-04
	271	155	40.750000	34.750000	1.011009e+05	-1.659791e-05
	283	155	43.750000	34.750000	1.009196e+05	3.759867e-05
2022	2	19	11	12
	245	10	34.250000	71.000000	9.692027e+04	2.173251e-04
	228	18	30.000000	69.000000	9.692027e+04	8.095012e-05
	154	32	11.500000	65.500000	9.774917e+04	1.312088e-04
	8	50	-25.000000	61.000000	9.797698e+04	1.356565e-04
	26	55	-20.500000	59.750000	9.797698e+04	2.227207e-04
	232	56	31.000000	59.500000	9.678966e+04	2.080403e-04
	59	61	-12.250000	58.250000	9.840805e+04	2.470297e-04
	83	66	-6.250000	57.000000	9.853431e+04	1.873332e-04
	111	73	0.750000	55.250000	9.861866e+04	2.331786e-04
	141	120	8.250000	43.500000	1.015286e+05	4.105938e-05
	94	145	-3.500000	37.250000	1.019049e+05	4.462931e-05
2022	2	19	7	15
	240	10	33.000000	71.000000	9.691025e+04	2.387241e-04
	2	50	-26.500000	61.000000	9.805949e+04	9.969646e-05
	28	51	-20.000000	60.750000	9.806600e+04	2.505732e-04
	238	55	32.500000	59.750000	9.692712e+04	2.414468e-04
	62	61	-11.500000	58.250000	9.861331e+04	2.285735e-04
	121	74	3.250000	55.000000	9.862451e+04	2.755087e-04
	135	118	6.750000	44.000000	1.014900e+05	1.467910e-04
2022	2	19	6	18
	236	11	32.000000	70.750000	9.692177e+04	2.392650e-04
	25	49	-20.750000	61.250000	9.780362e+04	2.089747e-04
	245	54	34.250000	60.000000	9.708846e+04	2.272298e-04
	0	71	-27.000000	55.750000	9.802943e+04	1.422111e-04
	145	125	9.250000	42.250000	1.015907e+05	4.865908e-05
	274	151	41.500000	35.750000	1.017307e+05	1.988747e-06
2022	2	19	6	21
	235	13	31.750000	70.250000	9.689923e+04	2.141017e-04
	252	50	36.000000	61.000000	9.722725e+04	1.915419e-04
	0	68	-27.000000	56.500000	9.751585e+04	1.377161e-04
	164	71	14.000000	55.750000	9.861949e+04	1.750021e-04
	146	126	9.500000	42.000000	1.016316e+05	6.543632e-05
	272	152	41.000000	35.500000	1.018770e+05	-2.156039e-07
2022	2	20	9	0
	251	8	35.750000	71.500000	9.697723e+04	9.362308e-05
	234	14	31.500000	70.000000	9.697723e+04	1.614646e-04
	0	47	-27.000000	61.750000	9.749063e+04	9.780678e-05
	260	48	38.000000	61.500000	9.738424e+04	1.292134e-04
	11	65	-24.250000	57.250000	9.727234e+04	2.282557e-04
	179	68	17.750000	56.500000	9.853164e+04	1.657976e-04
	133	91	6.250000	50.750000	9.998552e+04	1.990788e-04
	150	125	10.500000	42.250000	1.016804e+05	7.872032e-05
	273	152	41.250000	35.500000	1.018987e+05	-1.549179e-05
