2022	2	14	8	0
	6	6	-25.500000	72.000000	9.976499e+04	-3.945066e-05
	222	10	28.500000	71.000000	9.836224e+04	1.538025e-04
	193	12	21.250000	70.500000	9.836224e+04	1.278343e-04
	194	12	21.500000	70.500000	9.836224e+04	1.105767e-04
	1	17	-26.750000	69.250000	9.976499e+04	1.567330e-05
	222	20	28.500000	68.500000	9.836224e+04	7.084406e-05
	113	62	1.250000	58.000000	9.851444e+04	8.555831e-05
	104	71	-1.000000	55.750000	9.851444e+04	1.497017e-04
2022	2	14	3	3
	213	9	26.250000	71.250000	9.808970e+04	2.349843e-04
	114	62	1.500000	58.000000	9.841720e+04	8.223519e-05
	108	70	0.000000	56.000000	9.841720e+04	1.568336e-04
2022	2	14	3	6
	215	9	26.750000	71.250000	9.792125e+04	2.942293e-04
	0	54	-27.000000	60.000000	9.868443e+04	5.078675e-05
	110	70	0.500000	56.000000	9.847660e+04	1.618263e-04
2022	2	14	4	9
	222	8	28.500000	71.500000	9.795138e+04	2.389344e-04
	0	54	-27.000000	60.000000	9.804280e+04	1.008652e-04
	126	70	4.500000	56.000000	9.855980e+04	1.485952e-04
	126	71	4.500000	55.750000	9.855980e+04	1.584966e-04
2022	2	14	4	12
	224	9	29.000000	71.250000	9.795960e+04	2.387688e-04
	0	49	-27.000000	61.250000	9.762560e+04	1.340051e-04
	132	66	6.000000	57.000000	9.841925e+04	2.164334e-04
	115	71	1.750000	55.750000	9.841925e+04	1.956974e-04
2022	2	14	5	15
	242	13	33.500000	70.250000	9.803938e+04	1.710487e-04
	288	13	45.000000	70.250000	9.938152e+04	1.278230e-06
	2	44	-26.500000	62.500000	9.718838e+04	2.000726e-04
	136	63	7.000000	57.750000	9.826278e+04	2.418979e-04
	121	68	3.250000	56.500000	9.826278e+04	1.339061e-04
2022	2	14	3	18
	250	13	35.500000	70.250000	9.802893e+04	1.725918e-04
	0	41	-27.000000	63.250000	9.704012e+04	1.310494e-04
	141	60	8.250000	58.500000	9.838296e+04	2.887461e-04
2022	2	14	6	21
	254	12	36.500000	70.500000	9.802072e+04	1.796747e-04
	0	36	-27.000000	64.500000	9.732516e+04	9.706076e-05
	27	39	-20.250000	63.750000	9.732533e+04	-2.748849e-05
	127	54	4.750000	60.000000	9.843004e+04	1.144707e-04
	145	58	9.250000	59.000000	9.843004e+04	3.206936e-04
	140	121	8.000000	43.250000	1.011261e+05	1.346012e-04
2022	2	15	9	0
	246	5	34.500000	72.250000	9.807704e+04	9.772863e-05
	239	6	32.750000	72.000000	9.807704e+04	8.388783e-05
	6	7	-25.500000	71.750000	9.974530e+04	6.273662e-05
	261	12	38.250000	70.500000	9.807704e+04	1.702783e-04
	4	37	-26.000000	64.250000	9.736984e+04	1.947634e-04
	28	38	-20.000000	64.000000	9.736984e+04	-4.999951e-05
	127	54	4.750000	60.000000	9.842045e+04	9.723298e-05
	149	55	10.250000	59.750000	9.842045e+04	4.106892e-04
	145	118	9.250000	44.000000	1.011092e+05	1.462313e-04
2022	2	15	9	3
	6	7	-25.500000	71.750000	9.976465e+04	6.179441e-05
	238	9	32.500000	71.250000	9.811744e+04	2.036240e-04
	266	11	39.500000	70.750000	9.811744e+04	1.896507e-04
	0	35	-27.000000	64.750000	9.737019e+04	1.035143e-04
	28	38	-20.000000	64.000000	9.738730e+04	2.447048e-05
	152	53	11.000000	60.250000	9.851255e+04	3.523829e-04
	128	54	5.000000	60.000000	9.851255e+04	5.918765e-05
	171	103	15.750000	47.750000	1.009878e+05	4.376161e-05
	146	117	9.500000	44.250000	1.009882e+05	1.221630e-04
2022	2	15	8	6
	269	10	40.250000	71.000000	9.818814e+04	2.072832e-04
	244	14	34.000000	70.000000	9.818814e+04	2.157910e-04
	24	35	-21.000000	64.750000	9.731489e+04	7.969354e-05
	125	51	4.250000	60.750000	9.885048e+04	9.788000e-05
	154	51	11.500000	60.750000	9.864060e+04	3.095380e-04
	137	57	7.250000	59.250000	9.864060e+04	3.063438e-05
	0	89	-27.000000	51.250000	9.944709e+04	1.095547e-04
	155	117	11.750000	44.250000	1.010469e+05	9.038165e-05
2022	2	15	6	9
	270	10	40.500000	71.000000	9.832048e+04	2.100242e-04
	0	31	-27.000000	65.750000	9.750799e+04	6.026973e-05
	30	38	-19.500000	64.000000	9.762869e+04	1.496058e-04
	124	49	4.000000	61.250000	9.879707e+04	1.426769e-04
	161	50	13.250000	61.000000	9.878509e+04	2.624907e-04
	158	114	12.500000	45.000000	1.011030e+05	1.025139e-04
2022	2	15	7	12
	272	11	41.000000	70.750000	9.844990e+04	2.002601e-04
	0	30	-27.000000	66.000000	9.766087e+04	5.161207e-05
	164	48	14.000000	61.500000	9.881933e+04	2.507558e-04
	124	49	4.000000	61.250000	9.879964e+04	1.574974e-04
	72	50	-9.000000	61.000000	9.816811e+04	2.467727e-04
	0	80	-27.000000	53.500000	9.816914e+04	1.387723e-04
	159	113	12.750000	45.250000	1.010938e+05	1.070647e-04
2022	2	15	9	15
	278	11	42.500000	70.750000	9.853669e+04	2.241845e-04
	0	28	-27.000000	66.500000	9.766412e+04	9.688678e-05
	21	30	-21.750000	66.000000	9.766412e+04	1.959918e-04
	169	46	15.250000	62.000000	9.888746e+04	1.873685e-04
	70	49	-9.500000	61.250000	9.811915e+04	2.863285e-04
	13	76	-23.750000	54.500000	9.785997e+04	2.599223e-04
	161	111	13.250000	45.750000	1.010777e+05	1.112379e-04
	160	119	13.000000	43.750000	1.010777e+05	-5.318230e-05
	163	162	13.750000	33.000000	1.016132e+05	4.958923e-06
2022	2	15	8	18
	282	11	43.500000	70.750000	9.862383e+04	2.512162e-04
	0	40	-27.000000	63.500000	9.765881e+04	2.722814e-05
	178	45	17.500000	62.250000	9.896998e+04	1.216356e-04
	69	47	-9.750000	61.750000	9.811179e+04	2.784722e-04
	114	59	1.500000	58.750000	9.862040e+04	1.204216e-04
	28	73	-20.000000	55.250000	9.775434e+04	2.550886e-04
	161	112	13.250000	45.500000	1.012590e+05	8.098260e-05
	164	162	14.000000	33.000000	1.016510e+05	-1.007823e-05
2022	2	15	7	21
	287	10	44.750000	71.000000	9.869932e+04	1.333902e-04
	182	43	18.500000	62.750000	9.902493e+04	1.223335e-04
	67	46	-10.250000	62.000000	9.801609e+04	2.761419e-04
	122	58	3.500000	59.000000	9.847729e+04	1.362980e-04
	137	63	7.250000	57.750000	9.847729e+04	1.528696e-04
	40	70	-17.000000	56.000000	9.763262e+04	2.709741e-04
	167	161	14.750000	33.250000	1.017671e+05	-2.316690e-05
2022	2	16	8	0
	288	9	45.000000	71.250000	9.870343e+04	1.129827e-04
	185	42	19.250000	63.000000	9.906020e+04	1.244602e-04
	65	44	-10.750000	62.500000	9.794727e+04	2.774164e-04
	125	58	4.250000	59.000000	9.841070e+04	1.498666e-04
	142	61	8.500000	58.250000	9.841070e+04	1.378702e-04
	49	68	-14.750000	56.500000	9.750937e+04	2.528894e-04
	4	74	-26.000000	55.000000	9.798477e+04	1.796454e-04
	280	121	43.000000	43.250000	1.020805e+05	7.790412e-06
2022	2	16	7	3
	288	9	45.000000	71.250000	9.870840e+04	1.125289e-04
	60	42	-12.000000	63.000000	9.781768e+04	2.675723e-04
	126	58	4.500000	59.000000	9.829839e+04	1.400449e-04
	146	59	9.500000	58.750000	9.829839e+04	1.304052e-04
	60	66	-12.000000	57.000000	9.733937e+04	2.713016e-04
	17	70	-22.750000	56.000000	9.776324e+04	9.167140e-05
	279	121	42.750000	43.250000	1.021749e+05	2.501301e-06
2022	2	16	4	6
	52	40	-14.000000	63.500000	9.769853e+04	2.575551e-04
	69	66	-9.750000	57.000000	9.727312e+04	2.720733e-04
	137	116	7.250000	44.500000	1.010758e+05	9.287091e-05
	280	121	43.000000	43.250000	1.022461e+05	-5.113182e-06
2022	2	16	5	9
	288	9	45.000000	71.250000	9.878954e+04	1.035764e-04
	45	40	-15.750000	63.500000	9.765830e+04	2.439633e-04
	83	64	-6.250000	57.500000	9.720944e+04	2.618427e-04
	137	117	7.250000	44.250000	1.011989e+05	1.242781e-04
	279	120	42.750000	43.500000	1.021826e+05	1.962832e-06
2022	2	16	5	12
	286	7	44.500000	71.750000	9.879399e+04	1.551821e-04
	36	37	-18.000000	64.250000	9.792074e+04	2.027348e-04
	94	64	-3.500000	57.500000	9.699339e+04	1.930929e-04
	137	118	7.250000	44.000000	1.011826e+05	1.535046e-04
	278	120	42.500000	43.500000	1.018962e+05	-5.875104e-06
2022	2	16	4	15
	283	7	43.750000	71.750000	9.875581e+04	2.468148e-04
	33	53	-18.750000	60.250000	9.811436e+04	1.991481e-04
	103	62	-1.250000	58.000000	9.657808e+04	2.214527e-04
	136	114	7.000000	45.000000	1.008971e+05	5.593576e-06
2022	2	16	3	18
	282	8	43.500000	71.500000	9.868631e+04	2.689345e-04
	36	52	-18.000000	60.500000	9.834770e+04	1.925201e-04
	123	66	3.750000	57.000000	9.645208e+04	2.099814e-04
2022	2	16	5	21
	285	9	44.250000	71.250000	9.869230e+04	1.862737e-04
	0	30	-27.000000	66.000000	9.870514e+04	9.848378e-05
	134	66	6.500000	57.000000	9.628688e+04	2.405163e-04
	148	73	10.000000	55.250000	9.628688e+04	1.974946e-04
	138	117	7.500000	44.250000	1.009270e+05	9.028022e-05
2022	2	17	6	0
	286	8	44.500000	71.500000	9.869059e+04	1.778057e-04
	7	28	-25.250000	66.500000	9.898830e+04	1.562436e-04
	141	67	8.250000	56.750000	9.612288e+04	2.409867e-04
	161	72	13.250000	55.500000	9.609805e+04	2.423499e-04
	138	117	7.500000	44.250000	1.007112e+05	9.695654e-05
	196	149	22.000000	36.250000	1.012069e+05	1.342459e-04
2022	2	17	7	3
	285	7	44.250000	71.750000	9.868580e+04	2.125799e-04
	3	26	-26.250000	67.000000	9.922557e+04	1.730764e-04
	0	42	-27.000000	63.000000	9.937930e+04	-3.355210e-05
	158	68	12.500000	56.500000	9.604927e+04	1.324235e-04
	172	72	16.000000	55.500000	9.604927e+04	2.686764e-04
	138	117	7.500000	44.250000	1.004616e+05	1.354250e-04
	196	148	22.000000	36.500000	1.010144e+05	1.232738e-04
2022	2	17	7	6
	283	7	43.750000	71.750000	9.867741e+04	2.054367e-04
	136	40	7.000000	63.500000	9.769048e+04	9.017035e-05
	186	69	19.500000	56.250000	9.602119e+04	2.681441e-04
	4	82	-26.000000	53.000000	9.994577e+04	2.102037e-04
	36	86	-18.000000	52.000000	1.004200e+05	1.519532e-04
	138	117	7.500000	44.250000	1.004549e+05	1.253373e-04
	200	149	23.000000	36.250000	1.010744e+05	8.935889e-05
2022	2	17	6	9
	283	7	43.750000	71.750000	9.875616e+04	1.820788e-04
	136	40	7.000000	63.500000	9.783446e+04	8.086530e-05
	190	72	20.500000	55.500000	9.619067e+04	3.086162e-04
	11	80	-24.250000	53.500000	9.996854e+04	2.268935e-04
	150	110	10.500000	46.000000	1.002002e+05	8.102165e-05
	279	120	42.750000	43.500000	1.013054e+05	1.529402e-05
2022	2	17	5	12
	286	6	44.500000	72.000000	9.882292e+04	1.603791e-04
	136	40	7.000000	63.500000	9.795515e+04	6.244788e-05
	203	64	23.750000	57.500000	9.637248e+04	9.610635e-05
	19	77	-22.250000	54.250000	9.992438e+04	2.713938e-04
	279	120	42.750000	43.500000	1.010438e+05	7.402407e-06
2022	2	17	6	15
	288	6	45.000000	72.000000	9.887462e+04	1.049433e-04
	132	41	6.000000	63.250000	9.802637e+04	7.593502e-05
	208	63	25.000000	57.750000	9.651062e+04	1.236036e-04
	26	75	-20.500000	54.750000	9.973093e+04	2.923197e-04
	11	107	-24.250000	46.750000	1.005220e+05	2.157754e-04
	27	111	-20.250000	45.750000	1.005220e+05	1.361191e-04
2022	2	17	6	18
	288	5	45.000000	72.250000	9.891262e+04	1.014402e-04
	136	38	7.000000	64.000000	9.805804e+04	1.103182e-04
	215	58	26.750000	59.000000	9.657739e+04	1.455248e-04
	36	73	-18.000000	55.250000	9.964465e+04	3.174138e-04
	19	103	-22.250000	47.750000	1.000545e+05	2.643452e-04
	31	108	-19.250000	46.500000	1.000545e+05	1.156844e-04
2022	2	17	5	21
	135	38	6.750000	64.000000	9.810511e+04	1.300574e-04
	136	39	7.000000	63.750000	9.810511e+04	1.052783e-04
	217	55	27.250000	59.750000	9.661198e+04	1.969866e-04
	40	71	-17.000000	55.750000	9.951848e+04	3.079104e-04
	25	101	-20.750000	48.250000	9.967615e+04	3.331032e-04
2022	2	18	4	0
	136	39	7.000000	63.750000	9.819841e+04	1.083569e-04
	220	53	28.000000	60.250000	9.669260e+04	2.091153e-04
	45	70	-15.750000	56.000000	9.937262e+04	2.882143e-04
	31	100	-19.250000	48.500000	9.915452e+04	3.986695e-04
2022	2	18	5	3
	138	40	7.500000	63.500000	9.828606e+04	7.445645e-05
	222	51	28.500000	60.750000	9.673489e+04	1.937034e-04
	51	69	-14.250000	56.250000	9.922677e+04	2.809604e-04
	41	100	-16.750000	48.500000	9.865823e+04	5.372899e-04
	153	111	11.250000	45.750000	1.010359e+05	1.076169e-04
2022	2	18	5	6
	6	7	-25.500000	71.750000	1.004891e+05	-2.896856e-05
	224	49	29.000000	61.250000	9.682202e+04	1.555613e-04
	57	67	-12.750000	56.750000	9.899001e+04	2.841906e-04
	52	98	-14.000000	49.000000	9.850280e+04	5.318703e-04
	147	111	9.750000	45.750000	1.011184e+05	2.022965e-05
2022	2	18	7	9
	6	7	-25.500000	71.750000	1.004972e+05	-2.367014e-05
	155	27	11.750000	66.750000	9.854062e+04	7.425907e-05
	227	49	29.750000	61.250000	9.693330e+04	1.574538e-04
	61	67	-11.750000	56.750000	9.887599e+04	3.080340e-04
	74	86	-8.500000	52.000000	9.844698e+04	3.017261e-04
	64	96	-11.000000	49.500000	9.844698e+04	4.918476e-04
	278	118	42.500000	44.000000	1.000091e+05	-1.499033e-05
2022	2	18	7	12
	6	7	-25.500000	71.750000	1.005521e+05	-3.606154e-05
	155	27	11.750000	66.750000	9.861373e+04	1.266921e-04
	238	34	32.500000	65.000000	9.710620e+04	3.077629e-05
	230	48	30.500000	61.500000	9.708361e+04	1.786816e-04
	64	68	-11.000000	56.500000	9.878663e+04	3.101642e-04
	82	81	-6.500000	53.250000	9.814346e+04	3.177401e-04
	95	86	-3.250000	52.000000	9.814346e+04	8.297529e-05
2022	2	18	6	15
	156	28	12.000000	66.500000	9.863632e+04	1.594097e-04
	243	28	33.750000	66.500000	9.728048e+04	1.332375e-04
	232	43	31.000000	62.750000	9.727809e+04	1.155791e-04
	39	45	-17.250000	62.250000	9.904342e+04	2.221434e-04
	86	78	-5.500000	54.000000	9.751433e+04	4.450669e-04
	104	79	-1.000000	53.750000	9.751433e+04	2.449923e-04
2022	2	18	6	18
	157	27	12.250000	66.750000	9.865190e+04	1.218854e-04
	243	28	33.750000	66.500000	9.729434e+04	1.271243e-04
	36	45	-18.000000	62.250000	9.891212e+04	2.472123e-04
	0	58	-27.000000	59.000000	9.927555e+04	8.587103e-05
	93	79	-3.750000	53.750000	9.737344e+04	3.539303e-04
	123	123	3.750000	42.750000	1.009630e+05	9.056191e-05
2022	2	18	7	21
	244	27	34.000000	66.750000	9.731249e+04	1.259108e-04
	0	42	-27.000000	63.000000	9.960955e+04	-1.084433e-05
	33	45	-18.750000	62.250000	9.895269e+04	2.827456e-04
	2	58	-26.500000	59.000000	9.936270e+04	1.266688e-04
	111	77	0.750000	54.250000	9.722792e+04	2.790169e-04
	264	148	39.000000	36.500000	1.007404e+05	1.116168e-04
	261	161	38.250000	33.250000	1.007468e+05	3.261258e-05
2022	2	19	9	0
	253	17	36.250000	69.250000	9.724470e+04	1.812257e-04
	247	25	34.750000	67.250000	9.724470e+04	1.351718e-04
	31	46	-19.250000	62.000000	9.905266e+04	2.767391e-04
	4	57	-26.000000	59.250000	9.944401e+04	1.083437e-04
	126	72	4.500000	55.500000	9.705297e+04	3.088104e-04
	107	135	-0.250000	39.750000	1.012135e+05	5.610742e-05
	264	147	39.000000	36.750000	1.006049e+05	1.096453e-04
	249	150	35.250000	36.000000	1.006302e+05	1.369396e-04
	267	155	39.750000	34.750000	1.006049e+05	1.154186e-04
2022	2	19	7	3
	256	14	37.000000	70.000000	9.719163e+04	2.060804e-04
	27	45	-20.250000	62.250000	9.914613e+04	2.768270e-04
	136	70	7.000000	56.000000	9.677752e+04	3.372631e-04
	172	103	16.000000	47.750000	9.995177e+04	7.143365e-05
	108	139	0.000000	38.750000	1.012275e+05	4.900180e-05
	254	152	36.500000	35.500000	1.005513e+05	1.247696e-04
	267	154	39.750000	35.000000	1.005513e+05	1.085708e-04
2022	2	19	7	6
	257	14	37.250000	70.000000	9.713240e+04	2.364710e-04
	155	29	11.750000	66.250000	9.851700e+04	1.148377e-04
	22	44	-21.500000	62.500000	9.905163e+04	2.082304e-04
	143	70	8.750000	56.000000	9.656523e+04	3.485304e-04
	137	117	7.250000	44.250000	1.010015e+05	1.704711e-04
	258	151	37.500000	35.750000	1.006251e+05	1.258539e-04
	269	153	40.250000	35.250000	1.006251e+05	1.352627e-04
2022	2	19	8	9
	260	12	38.000000	70.500000	9.711630e+04	1.995781e-04
	155	31	11.750000	65.750000	9.856048e+04	1.293580e-04
	176	63	17.000000	57.750000	9.670887e+04	2.140192e-04
	153	68	11.250000	56.500000	9.668866e+04	2.991943e-04
	151	109	10.750000	46.250000	1.011323e+05	3.270946e-05
	137	117	7.250000	44.250000	1.011131e+05	1.045980e-04
	282	141	43.500000	38.250000	1.008296e+05	-6.458929e-06
	264	160	39.000000	33.500000	1.005396e+05	3.953899e-05
2022	2	19	7	12
	262	12	38.500000	70.500000	9.710312e+04	2.240316e-04
	0	52	-27.000000	60.500000	9.751587e+04	1.057592e-04
	179	60	17.750000	58.500000	9.703225e+04	2.304144e-04
	164	69	14.000000	56.250000	9.702318e+04	2.292564e-04
	282	142	43.500000	38.000000	1.008396e+05	-8.114371e-06
	266	162	39.500000	33.000000	1.003479e+05	1.374490e-04
	287	162	44.750000	33.000000	1.004255e+05	5.807131e-05
2022	2	19	7	15
	266	11	39.500000	70.750000	9.707437e+04	2.236640e-04
	0	47	-27.000000	61.750000	9.662704e+04	1.173055e-04
	180	61	18.000000	58.250000	9.722364e+04	2.580667e-04
	177	69	17.250000	56.250000	9.722364e+04	2.022797e-04
	136	120	7.000000	43.500000	1.010409e+05	1.825802e-04
	92	147	-4.000000	36.750000	1.017779e+05	5.981516e-05
	267	162	39.750000	33.000000	1.004905e+05	1.467015e-04
2022	2	19	7	18
	269	12	40.250000	70.500000	9.704577e+04	2.061602e-04
	0	42	-27.000000	63.000000	9.604207e+04	1.849012e-04
	191	59	20.750000	58.750000	9.745081e+04	1.514594e-04
	189	69	20.250000	56.250000	9.745081e+04	1.427464e-04
	159	114	12.750000	45.000000	1.012371e+05	1.056029e-04
	287	161	44.750000	33.250000	1.002111e+05	1.256579e-04
	273	162	41.250000	33.000000	1.002111e+05	1.588612e-04
2022	2	19	11	21
	283	1	43.750000	73.250000	9.704270e+04	8.600995e-05
	277	12	42.250000	70.500000	9.704270e+04	1.516960e-04
	0	37	-27.000000	64.250000	9.591608e+04	1.465010e-04
	27	39	-20.250000	63.750000	9.591608e+04	-7.672432e-05
	209	56	25.250000	59.500000	9.767696e+04	7.618026e-05
	202	68	23.500000	56.500000	9.767251e+04	1.381413e-04
	203	68	23.750000	56.500000	9.767251e+04	1.509437e-04
	170	124	15.500000	42.500000	1.013816e+05	3.888515e-05
	283	146	43.750000	37.000000	1.005427e+05	-5.515060e-05
	287	158	44.750000	34.000000	1.004385e+05	1.549322e-04
	0	162	-27.000000	33.000000	1.036625e+05	4.300900e-05
2022	2	20	10	0
	287	0	44.750000	73.500000	9.699990e+04	4.166649e-05
	284	11	44.000000	70.750000	9.699990e+04	1.452895e-04
	0	38	-27.000000	64.000000	9.607666e+04	8.282757e-05
	28	38	-20.000000	64.000000	9.609241e+04	4.447245e-05
	216	65	27.000000	57.250000	9.778584e+04	1.061857e-04
	160	109	13.000000	46.250000	1.016252e+05	-4.144855e-05
	172	124	16.000000	42.500000	1.014874e+05	7.459182e-05
	174	134	16.500000	40.000000	1.014874e+05	-1.912227e-05
	280	145	43.000000	37.250000	1.005759e+05	-7.557450e-06
	285	155	44.250000	34.750000	1.005759e+05	1.499410e-04
