2022	2	16	4	0
	53	38	-13.750000	64.000000	9.725046e+04	4.038830e-04
	117	54	2.250000	60.000000	9.800744e+04	1.845828e-04
	65	68	-10.750000	56.500000	9.717004e+04	3.275363e-04
	173	122	16.250000	43.000000	1.014528e+05	5.551496e-05
2022	2	16	5	3
	49	36	-14.750000	64.500000	9.761519e+04	3.394266e-04
	121	53	3.250000	60.250000	9.793780e+04	1.604648e-04
	77	67	-7.750000	56.750000	9.724560e+04	3.237293e-04
	92	71	-4.000000	55.750000	9.724560e+04	2.101648e-04
	174	123	16.500000	42.750000	1.014273e+05	4.285240e-05
2022	2	16	2	6
	120	50	3.000000	61.000000	9.786330e+04	1.116525e-04
	99	68	-2.250000	56.500000	9.753096e+04	2.286049e-04
2022	2	16	5	9
	116	35	2.000000	64.750000	9.778775e+04	1.965538e-04
	35	56	-18.250000	59.500000	9.758174e+04	1.540092e-04
	110	67	0.500000	56.750000	9.758737e+04	2.254631e-04
	48	70	-15.000000	56.000000	9.746589e+04	1.904037e-04
	181	137	18.250000	39.250000	1.014846e+05	1.462021e-04
2022	2	16	7	12
	112	34	1.000000	65.000000	9.764347e+04	1.690940e-04
	63	53	-11.250000	60.250000	9.721534e+04	9.295892e-05
	53	61	-13.750000	58.250000	9.705312e+04	3.404856e-05
	63	67	-11.250000	56.750000	9.705312e+04	2.291511e-04
	121	67	3.250000	56.750000	9.755119e+04	2.094653e-04
	139	70	7.750000	56.000000	9.755119e+04	2.383081e-04
	183	136	18.750000	39.500000	1.012210e+05	1.496199e-04
2022	2	16	4	15
	74	64	-8.500000	57.500000	9.658623e+04	3.026992e-04
	134	68	6.500000	56.500000	9.746285e+04	1.936242e-04
	153	68	11.250000	56.500000	9.746285e+04	2.212483e-04
	185	136	19.250000	39.500000	1.010618e+05	1.484096e-04
2022	2	16	4	18
	82	65	-6.500000	57.250000	9.667791e+04	3.107458e-04
	165	67	14.250000	56.750000	9.731097e+04	2.288957e-04
	136	116	7.000000	44.500000	1.010998e+05	4.004235e-05
	184	134	19.000000	40.000000	1.011734e+05	1.004696e-04
2022	2	16	4	21
	105	64	-0.750000	57.500000	9.662089e+04	2.582800e-04
	178	65	17.500000	57.250000	9.696525e+04	2.196889e-04
	137	117	7.250000	44.250000	1.010236e+05	4.546421e-05
	184	133	19.000000	40.250000	1.012058e+05	8.390845e-05
2022	2	17	3	0
	185	63	19.250000	57.750000	9.669280e+04	2.470553e-04
	113	65	1.250000	57.250000	9.678844e+04	2.664627e-04
	137	117	7.250000	44.250000	1.009129e+05	8.324793e-05
2022	2	17	3	3
	128	41	5.000000	63.250000	9.731599e+04	8.969584e-05
	191	61	20.750000	58.250000	9.638098e+04	2.336210e-04
	138	117	7.500000	44.250000	1.007173e+05	7.596340e-05
2022	2	17	3	6
	130	40	5.500000	63.500000	9.737270e+04	1.072872e-04
	0	49	-27.000000	61.250000	9.912625e+04	9.103849e-05
	195	59	21.750000	58.750000	9.622698e+04	2.237588e-04
2022	2	17	5	9
	131	39	5.750000	63.750000	9.743762e+04	1.085711e-04
	1	47	-26.750000	61.750000	9.914099e+04	7.844721e-05
	198	58	22.500000	59.000000	9.623488e+04	2.520961e-04
	208	66	25.000000	57.000000	9.623488e+04	1.524174e-04
	273	119	41.250000	43.750000	1.015995e+05	-5.731937e-05
2022	2	17	3	12
	133	39	6.250000	63.750000	9.754237e+04	1.014338e-04
	203	58	23.750000	59.000000	9.627943e+04	1.895401e-04
	23	59	-21.250000	58.750000	9.898258e+04	1.575403e-04
2022	2	17	4	15
	138	39	7.500000	63.750000	9.762902e+04	7.619616e-05
	212	55	26.000000	59.750000	9.635453e+04	4.921526e-05
	24	56	-21.000000	59.500000	9.880074e+04	1.856892e-04
	19	108	-22.250000	46.500000	1.009166e+05	1.192691e-04
2022	2	17	5	18
	144	38	9.000000	64.000000	9.768117e+04	6.259457e-05
	222	54	28.500000	60.000000	9.641109e+04	5.235293e-05
	23	55	-21.250000	59.750000	9.854655e+04	2.415031e-04
	30	104	-19.500000	47.500000	1.005715e+05	1.144307e-04
	38	110	-17.500000	46.000000	1.005715e+05	1.128868e-04
2022	2	17	4	21
	146	38	9.500000	64.000000	9.773012e+04	6.840110e-05
	227	49	29.750000	61.250000	9.640485e+04	1.159813e-04
	23	53	-21.250000	60.250000	9.833735e+04	3.305719e-04
	40	100	-17.000000	48.500000	1.002866e+05	1.122054e-04
2022	2	18	4	0
	149	39	10.250000	63.750000	9.782180e+04	4.804474e-05
	229	45	30.250000	62.250000	9.641109e+04	9.945291e-05
	24	53	-21.000000	60.250000	9.833491e+04	3.328578e-04
	55	100	-13.250000	48.500000	9.979306e+04	1.472174e-04
2022	2	18	4	3
	232	43	31.000000	62.750000	9.639437e+04	1.321526e-04
	26	52	-20.500000	60.500000	9.828429e+04	3.374039e-04
	63	95	-11.250000	49.750000	9.915802e+04	1.693741e-04
	137	117	7.250000	44.250000	1.013350e+05	9.294358e-05
2022	2	18	4	6
	235	39	31.750000	63.750000	9.636837e+04	1.167554e-04
	28	53	-20.000000	60.250000	9.817650e+04	3.546059e-04
	71	90	-9.250000	51.000000	9.857102e+04	2.245341e-04
	137	117	7.250000	44.250000	1.013546e+05	6.540038e-05
2022	2	18	3	9
	238	36	32.500000	64.500000	9.636122e+04	1.121042e-04
	32	53	-19.000000	60.250000	9.821116e+04	3.278158e-04
	77	88	-7.750000	51.500000	9.831987e+04	3.271755e-04
2022	2	18	3	12
	243	32	33.750000	65.500000	9.643663e+04	1.394272e-04
	35	52	-18.250000	60.500000	9.832275e+04	3.152010e-04
	85	88	-5.750000	51.500000	9.811796e+04	4.431095e-04
2022	2	18	6	15
	6	7	-25.500000	71.750000	1.004467e+05	-3.170482e-05
	143	25	8.750000	67.250000	9.805867e+04	5.298521e-05
	245	29	34.250000	66.250000	9.652298e+04	1.635409e-04
	38	52	-17.500000	60.500000	9.833628e+04	2.996534e-04
	106	81	-0.500000	53.250000	9.796958e+04	2.649059e-04
	275	117	41.750000	44.250000	1.002694e+05	-1.097543e-04
2022	2	18	8	18
	6	7	-25.500000	71.750000	1.004859e+05	-2.928229e-05
	144	25	9.000000	67.250000	9.803997e+04	4.680784e-05
	245	28	34.250000	66.500000	9.665966e+04	1.886973e-04
	41	52	-16.750000	60.500000	9.837338e+04	3.282479e-04
	0	57	-27.000000	59.250000	9.888117e+04	2.025820e-05
	114	79	1.500000	53.750000	9.770413e+04	3.590457e-04
	135	81	6.750000	53.250000	9.774533e+04	1.041584e-04
	282	121	43.500000	43.250000	1.004492e+05	4.716566e-05
2022	2	18	9	21
	6	7	-25.500000	71.750000	1.005319e+05	-2.249005e-05
	143	24	8.750000	67.500000	9.798402e+04	4.140448e-05
	245	26	34.250000	67.000000	9.680501e+04	1.691085e-04
	13	43	-23.750000	62.750000	9.851310e+04	3.967287e-05
	44	52	-16.000000	60.500000	9.845912e+04	3.318336e-04
	0	53	-27.000000	60.250000	9.851310e+04	9.529411e-05
	128	76	5.000000	54.500000	9.766187e+04	2.901991e-04
	150	77	10.500000	54.250000	9.768741e+04	2.227025e-04
	110	126	0.500000	42.000000	1.012961e+05	2.407342e-05
2022	2	19	10	0
	6	7	-25.500000	71.750000	1.005028e+05	-1.435347e-06
	141	24	8.250000	67.500000	9.797612e+04	7.621956e-05
	244	25	34.000000	67.250000	9.701177e+04	1.492390e-04
	47	51	-15.250000	60.750000	9.847585e+04	2.927746e-04
	140	74	8.000000	55.000000	9.777057e+04	2.478730e-04
	158	74	12.500000	55.000000	9.777057e+04	1.814910e-04
	138	111	7.500000	45.750000	1.007620e+05	-8.983745e-06
	271	135	40.750000	39.750000	1.012144e+05	-7.791018e-06
	271	153	40.750000	35.250000	1.010867e+05	8.562750e-05
	275	162	41.750000	33.000000	1.010867e+05	-1.537635e-05
2022	2	19	8	3
	6	7	-25.500000	71.750000	1.004553e+05	2.476318e-06
	259	19	37.750000	68.750000	9.709295e+04	1.389560e-04
	137	24	7.250000	67.500000	9.796350e+04	7.217531e-05
	241	25	33.250000	67.250000	9.709295e+04	1.449114e-04
	48	50	-15.000000	61.000000	9.845472e+04	2.897699e-04
	167	72	14.750000	55.500000	9.778486e+04	2.282551e-04
	137	117	7.250000	44.250000	1.010612e+05	1.517569e-04
	272	152	41.000000	35.500000	1.010890e+05	8.499591e-05
2022	2	19	12	6
	6	7	-25.500000	71.750000	1.004261e+05	1.761448e-06
	260	18	38.000000	69.000000	9.720196e+04	1.412554e-04
	137	23	7.250000	67.750000	9.798280e+04	1.172265e-04
	134	24	6.500000	67.500000	9.798280e+04	1.042939e-04
	238	26	32.500000	67.000000	9.720196e+04	1.510042e-04
	49	49	-14.750000	61.250000	9.849379e+04	2.362699e-04
	23	52	-21.250000	60.500000	9.854092e+04	1.157507e-04
	24	52	-21.000000	60.500000	9.851918e+04	1.145565e-04
	174	71	16.500000	55.750000	9.775673e+04	2.427177e-04
	137	117	7.250000	44.250000	1.010966e+05	1.338604e-04
	267	152	39.750000	35.500000	1.012448e+05	5.680618e-05
	274	161	41.500000	33.250000	1.012448e+05	4.255313e-05
2022	2	19	9	9
	260	18	38.000000	69.000000	9.729379e+04	1.627273e-04
	132	24	6.000000	67.500000	9.808847e+04	8.076695e-05
	38	36	-17.500000	64.500000	9.881276e+04	-6.059635e-05
	49	48	-14.750000	61.500000	9.866893e+04	2.285509e-04
	179	72	17.750000	55.500000	9.797505e+04	2.614241e-04
	136	117	7.000000	44.250000	1.012328e+05	1.302229e-04
	284	139	44.000000	38.750000	1.011662e+05	3.524502e-05
	112	142	1.000000	38.000000	1.015822e+05	1.487176e-04
	277	160	42.250000	33.500000	1.011311e+05	6.234857e-05
2022	2	19	9	12
	261	18	38.250000	69.000000	9.739307e+04	1.928987e-04
	132	25	6.000000	67.250000	9.820371e+04	1.011520e-04
	47	48	-15.250000	61.500000	9.888041e+04	2.247386e-04
	210	70	25.500000	56.000000	9.809668e+04	1.973133e-04
	214	108	26.500000	46.500000	1.003709e+05	-2.674529e-06
	137	117	7.250000	44.250000	1.012152e+05	1.116594e-04
	285	140	44.250000	38.500000	1.011030e+05	2.722736e-05
	96	145	-3.000000	37.250000	1.017467e+05	8.264784e-05
	279	162	42.750000	33.000000	1.009595e+05	6.342546e-05
2022	2	19	9	15
	284	10	44.000000	71.000000	9.750709e+04	1.576806e-04
	263	19	38.750000	68.750000	9.750709e+04	2.300447e-04
	136	26	7.000000	67.000000	9.833142e+04	8.352414e-05
	45	48	-15.750000	61.500000	9.905342e+04	1.901882e-04
	86	66	-5.500000	57.000000	9.937559e+04	1.933549e-04
	219	70	27.750000	56.000000	9.820842e+04	1.734051e-04
	136	119	7.000000	43.750000	1.011273e+05	1.364902e-04
	97	144	-2.750000	37.500000	1.017072e+05	6.767682e-05
	280	156	43.000000	34.500000	1.010113e+05	1.138723e-04
2022	2	19	12	18
	288	8	45.000000	71.500000	9.760075e+04	1.163510e-04
	268	19	40.000000	68.750000	9.760774e+04	2.348764e-04
	138	26	7.500000	67.000000	9.843176e+04	9.660113e-05
	0	53	-27.000000	60.250000	9.736479e+04	1.383575e-04
	93	68	-3.750000	56.500000	9.958205e+04	1.723740e-04
	230	69	30.500000	56.250000	9.838812e+04	1.542918e-04
	110	71	0.500000	55.750000	9.958205e+04	1.551784e-04
	136	120	7.000000	43.500000	1.012415e+05	1.508351e-04
	147	127	9.750000	41.750000	1.012415e+05	-4.657425e-05
	275	143	41.750000	37.750000	1.011915e+05	1.262007e-05
	268	151	40.000000	35.750000	1.011678e+05	1.323595e-04
	281	155	43.250000	34.750000	1.011678e+05	1.053842e-04
2022	2	19	9	21
	288	8	45.000000	71.500000	9.764149e+04	1.430999e-04
	0	17	-27.000000	69.250000	9.902287e+04	-5.510662e-05
	273	19	41.250000	68.750000	9.766020e+04	2.049391e-04
	141	28	8.250000	66.500000	9.852754e+04	1.296280e-04
	238	69	32.500000	56.250000	9.849927e+04	1.274463e-04
	125	72	4.250000	55.500000	9.953416e+04	1.273645e-04
	158	116	12.500000	44.500000	1.013952e+05	1.140272e-04
	282	154	43.500000	35.000000	1.012272e+05	1.001754e-04
	287	161	44.750000	33.250000	1.012272e+05	5.628775e-05
2022	2	20	10	0
	6	7	-25.500000	71.750000	1.000587e+05	1.050433e-05
	288	9	45.000000	71.250000	9.781907e+04	1.266183e-04
	280	19	43.000000	68.750000	9.781907e+04	1.956326e-04
	144	27	9.000000	66.750000	9.866909e+04	8.315979e-05
	249	69	35.250000	56.250000	9.864430e+04	9.258508e-05
	138	72	7.500000	55.500000	9.949949e+04	1.649208e-04
	161	117	13.250000	44.250000	1.014419e+05	1.199512e-04
	268	145	40.000000	37.250000	1.014118e+05	-1.703450e-05
	281	147	43.250000	36.750000	1.012124e+05	3.233135e-05
	264	155	39.000000	34.750000	1.014478e+05	-2.479149e-06
