2022	2	16	5	0
	288	11	45.000000	70.750000	9.877946e+04	9.686132e-05
	47	38	-15.250000	64.000000	9.762629e+04	2.415968e-04
	118	54	2.500000	60.000000	9.799938e+04	2.058964e-04
	66	67	-10.500000	56.750000	9.735020e+04	3.036859e-04
	280	121	43.000000	43.250000	1.021234e+05	2.783020e-05
2022	2	16	3	3
	123	53	3.750000	60.250000	9.796016e+04	2.217472e-04
	75	67	-8.250000	56.750000	9.729684e+04	2.618748e-04
	280	121	43.000000	43.250000	1.022045e+05	2.947905e-05
2022	2	16	2	6
	125	51	4.250000	60.750000	9.794084e+04	1.737998e-04
	99	68	-2.250000	56.500000	9.764271e+04	2.235776e-04
2022	2	16	6	9
	118	34	2.500000	65.000000	9.786863e+04	1.930953e-04
	44	61	-16.000000	58.250000	9.726248e+04	6.346158e-05
	108	67	0.000000	56.750000	9.769562e+04	2.166467e-04
	49	69	-14.750000	56.250000	9.726248e+04	2.090353e-04
	202	125	23.500000	42.250000	1.016094e+05	-7.357865e-05
	183	131	18.750000	40.750000	1.014609e+05	1.119600e-04
2022	2	16	3	12
	63	66	-11.250000	57.000000	9.685183e+04	2.688662e-04
	184	128	19.000000	41.500000	1.011860e+05	8.181240e-05
	183	139	18.750000	38.750000	1.011860e+05	1.769267e-04
2022	2	16	3	15
	74	57	-8.500000	59.250000	9.668338e+04	4.754692e-05
	76	65	-8.000000	57.250000	9.668338e+04	3.231477e-04
	185	136	19.250000	39.500000	1.009830e+05	1.648964e-04
2022	2	16	3	18
	91	65	-4.250000	57.250000	9.695780e+04	2.832021e-04
	280	121	43.000000	43.250000	1.020927e+05	-2.173712e-05
	185	134	19.250000	40.000000	1.010364e+05	1.291344e-04
2022	2	16	5	21
	104	65	-1.000000	57.250000	9.698455e+04	2.735743e-04
	140	67	8.000000	56.750000	9.711318e+04	1.840969e-04
	137	117	7.250000	44.250000	1.010540e+05	5.028128e-05
	278	120	42.500000	43.500000	1.021365e+05	-3.471313e-05
	185	134	19.250000	40.000000	1.010841e+05	1.232437e-04
2022	2	17	4	0
	117	66	2.250000	57.000000	9.707912e+04	2.463010e-04
	156	71	12.000000	55.750000	9.691249e+04	2.024486e-04
	138	117	7.500000	44.250000	1.008804e+05	6.069306e-05
	185	133	19.250000	40.250000	1.011617e+05	1.074673e-04
2022	2	17	4	3
	288	10	45.000000	71.000000	9.910208e+04	1.071456e-04
	195	59	21.750000	58.750000	9.659307e+04	2.131470e-04
	171	70	15.750000	56.000000	9.666955e+04	2.023495e-04
	138	117	7.500000	44.250000	1.007373e+05	8.467276e-05
2022	2	17	2	6
	199	56	22.750000	59.500000	9.633538e+04	2.099023e-04
	195	67	21.750000	56.750000	9.633538e+04	1.606298e-04
2022	2	17	3	9
	201	54	23.250000	60.000000	9.628962e+04	2.031391e-04
	204	63	24.000000	57.750000	9.628962e+04	1.750334e-04
	278	120	42.500000	43.500000	1.016018e+05	-1.879094e-05
2022	2	17	1	12
	210	59	25.500000	58.750000	9.621345e+04	1.698517e-04
2022	2	17	2	15
	215	54	26.750000	60.000000	9.618714e+04	1.441232e-04
	23	93	-21.250000	50.250000	9.984384e+04	2.156100e-04
2022	2	17	2	18
	217	51	27.250000	60.750000	9.616205e+04	2.039096e-04
	30	88	-19.500000	51.500000	9.919831e+04	2.821306e-04
2022	2	17	3	21
	219	48	27.750000	61.500000	9.618395e+04	1.741417e-04
	35	86	-18.250000	52.000000	9.861466e+04	3.778180e-04
	149	111	10.250000	45.750000	1.009549e+05	9.633302e-05
2022	2	18	4	0
	219	45	27.750000	62.250000	9.620858e+04	1.417939e-04
	29	50	-19.750000	61.000000	9.906878e+04	1.048906e-04
	44	54	-16.000000	60.000000	9.906878e+04	1.291099e-04
	44	83	-16.000000	52.750000	9.778698e+04	5.005394e-04
2022	2	18	3	3
	220	43	28.000000	62.750000	9.620919e+04	1.273239e-04
	45	53	-15.750000	60.250000	9.886338e+04	1.647782e-04
	52	82	-14.000000	53.000000	9.714769e+04	5.897217e-04
2022	2	18	5	6
	221	41	28.250000	63.250000	9.627395e+04	1.421635e-04
	46	51	-15.500000	60.750000	9.863214e+04	1.620350e-04
	65	80	-10.750000	53.500000	9.696586e+04	5.199564e-04
	137	117	7.250000	44.250000	1.012374e+05	8.284274e-05
	251	161	35.750000	33.250000	1.010330e+05	-1.776784e-05
2022	2	18	7	9
	223	38	28.750000	64.000000	9.643207e+04	1.244057e-04
	45	50	-15.750000	61.000000	9.859626e+04	1.718166e-04
	76	78	-8.000000	54.000000	9.718920e+04	3.285860e-04
	147	108	9.750000	46.500000	1.013049e+05	-4.989707e-05
	136	117	7.000000	44.250000	1.014539e+05	8.228825e-05
	287	143	44.750000	37.750000	1.012324e+05	-7.461862e-06
	264	162	39.000000	33.000000	1.008830e+05	7.684023e-06
2022	2	18	3	12
	224	36	29.000000	64.500000	9.655871e+04	1.175652e-04
	44	48	-16.000000	61.500000	9.854229e+04	2.184582e-04
	90	76	-4.500000	54.500000	9.732541e+04	2.829366e-04
2022	2	18	5	15
	6	7	-25.500000	71.750000	1.005205e+05	-1.920670e-05
	140	33	8.000000	65.250000	9.805031e+04	1.458589e-04
	225	34	29.250000	65.000000	9.665206e+04	1.059940e-04
	44	48	-16.000000	61.500000	9.852709e+04	2.634213e-04
	103	74	-1.250000	55.000000	9.735354e+04	2.882720e-04
2022	2	18	6	18
	6	7	-25.500000	71.750000	1.005003e+05	-1.430235e-05
	228	33	30.000000	65.250000	9.673750e+04	1.157038e-04
	145	34	9.250000	65.000000	9.793917e+04	1.519406e-04
	44	47	-16.000000	61.750000	9.857832e+04	2.614816e-04
	114	72	1.500000	55.500000	9.741177e+04	2.808708e-04
	239	140	32.750000	38.500000	1.007685e+05	4.582767e-05
2022	2	18	8	21
	2	6	-26.500000	72.000000	1.005262e+05	7.612663e-06
	230	32	30.500000	65.500000	9.683587e+04	9.963233e-05
	149	35	10.250000	64.750000	9.786726e+04	1.612696e-04
	28	43	-20.000000	62.750000	9.866057e+04	1.196024e-04
	44	46	-16.000000	62.000000	9.866057e+04	2.413209e-04
	130	71	5.500000	55.750000	9.751348e+04	2.349677e-04
	245	140	34.250000	38.500000	1.008053e+05	2.465790e-05
	229	149	30.250000	36.250000	1.007700e+05	1.291627e-04
2022	2	19	8	0
	6	7	-25.500000	71.750000	1.004164e+05	1.362087e-05
	232	31	31.000000	65.750000	9.699109e+04	1.009031e-04
	23	42	-21.250000	63.000000	9.833294e+04	1.424210e-04
	0	48	-27.000000	61.500000	9.832230e+04	1.070817e-04
	153	66	11.250000	57.000000	9.757612e+04	1.998513e-04
	154	66	11.500000	57.000000	9.757612e+04	1.966727e-04
	172	68	16.000000	56.500000	9.757612e+04	1.712763e-04
	227	150	29.750000	36.000000	1.005569e+05	1.842763e-04
2022	2	19	8	3
	6	7	-25.500000	71.750000	1.003723e+05	1.926462e-05
	244	28	34.000000	66.500000	9.702682e+04	1.233596e-04
	19	42	-22.250000	63.000000	9.832032e+04	1.014686e-04
	2	46	-26.500000	62.000000	9.832032e+04	1.004519e-04
	182	65	18.500000	57.250000	9.754952e+04	1.948157e-04
	160	66	13.000000	57.000000	9.754952e+04	2.238989e-04
	137	117	7.250000	44.250000	1.011281e+05	1.305047e-04
	232	152	31.000000	35.500000	1.005213e+05	1.408419e-04
2022	2	19	9	6
	6	7	-25.500000	71.750000	1.002554e+05	2.654533e-05
	248	17	35.000000	69.250000	9.713401e+04	1.266807e-04
	245	26	34.250000	67.000000	9.713401e+04	1.162208e-04
	244	27	34.000000	66.750000	9.713401e+04	1.228972e-04
	37	43	-17.750000	62.750000	9.843420e+04	7.084930e-05
	2	44	-26.500000	62.500000	9.837095e+04	6.515549e-05
	188	63	20.000000	57.750000	9.744157e+04	2.335723e-04
	137	117	7.250000	44.250000	1.010724e+05	1.293310e-04
	230	157	30.500000	34.250000	1.007255e+05	1.615145e-04
2022	2	19	7	9
	244	16	34.000000	69.500000	9.725806e+04	1.638935e-04
	245	25	34.250000	67.250000	9.725806e+04	8.992363e-05
	225	27	29.250000	66.750000	9.725806e+04	2.542184e-05
	29	48	-19.750000	61.500000	9.853377e+04	1.475738e-04
	191	63	20.750000	57.750000	9.747061e+04	2.526573e-04
	151	109	10.750000	46.250000	1.013855e+05	1.518549e-05
	137	117	7.250000	44.250000	1.012109e+05	1.077614e-04
2022	2	19	5	12
	241	17	33.250000	69.250000	9.736692e+04	1.205474e-04
	196	63	22.000000	57.750000	9.768953e+04	2.490205e-04
	137	117	7.250000	44.250000	1.012134e+05	1.065199e-04
	264	162	39.000000	33.000000	1.004982e+05	6.552100e-06
	277	162	42.250000	33.000000	1.004982e+05	1.082761e-04
2022	2	19	7	15
	7	6	-25.250000	72.000000	1.001715e+05	4.172001e-05
	240	19	33.000000	68.750000	9.753477e+04	6.209922e-05
	0	58	-27.000000	59.000000	9.791515e+04	1.038078e-04
	214	60	26.500000	58.500000	9.797292e+04	1.332943e-04
	136	118	7.000000	44.000000	1.011609e+05	1.082683e-04
	267	151	39.750000	35.750000	1.006172e+05	1.495532e-05
	276	162	42.000000	33.000000	1.005548e+05	1.060635e-04
2022	2	19	6	18
	255	17	36.750000	69.250000	9.769516e+04	1.150119e-04
	0	54	-27.000000	60.000000	9.703807e+04	1.283934e-04
	223	60	28.750000	58.500000	9.810945e+04	1.011521e-04
	138	122	7.500000	43.000000	1.013724e+05	7.232949e-05
	266	158	39.500000	34.000000	1.006479e+05	2.551446e-05
	277	162	42.250000	33.000000	1.006479e+05	1.358292e-04
2022	2	19	7	21
	257	17	37.250000	69.250000	9.778896e+04	1.158743e-04
	0	49	-27.000000	61.250000	9.629463e+04	1.175902e-04
	235	58	31.750000	59.000000	9.821602e+04	8.582287e-05
	141	122	8.250000	43.000000	1.014378e+05	5.792282e-05
	270	146	40.500000	37.000000	1.008845e+05	-3.430559e-05
	283	151	43.750000	35.750000	1.006502e+05	-5.114296e-05
	278	162	42.500000	33.000000	1.006502e+05	9.647353e-05
2022	2	20	7	0
	259	17	37.750000	69.250000	9.790299e+04	9.983050e-05
	260	18	38.000000	69.000000	9.790299e+04	9.775200e-05
	0	46	-27.000000	62.000000	9.585070e+04	9.174293e-05
	245	53	34.250000	60.250000	9.828702e+04	9.318474e-05
	142	122	8.500000	43.000000	1.014365e+05	7.253467e-05
	278	146	42.500000	37.000000	1.007506e+05	-3.280459e-05
	280	162	43.000000	33.000000	1.006200e+05	5.602588e-05
