2022	2	16	5	0
	53	38	-13.750000	64.000000	9.728623e+04	3.708191e-04
	118	53	2.500000	60.250000	9.801936e+04	1.790364e-04
	65	67	-10.750000	56.750000	9.725832e+04	3.030859e-04
	171	121	15.750000	43.250000	1.014440e+05	1.402508e-05
	280	121	43.000000	43.250000	1.020272e+05	3.300878e-05
2022	2	16	6	3
	46	37	-15.500000	64.250000	9.751790e+04	3.093063e-04
	188	42	20.000000	63.000000	9.899376e+04	1.143173e-04
	120	52	3.000000	60.500000	9.794803e+04	1.543734e-04
	76	67	-8.000000	56.750000	9.733275e+04	2.793570e-04
	280	121	43.000000	43.250000	1.021164e+05	4.349043e-05
	173	123	16.250000	42.750000	1.014087e+05	4.337420e-05
2022	2	16	4	6
	40	33	-17.000000	65.250000	9.771932e+04	2.693689e-04
	85	66	-5.750000	57.000000	9.759512e+04	2.493732e-04
	100	67	-2.000000	56.750000	9.759512e+04	2.099476e-04
	280	121	43.000000	43.250000	1.022418e+05	3.894848e-05
2022	2	16	3	9
	47	63	-15.250000	57.750000	9.759930e+04	3.215240e-05
	111	66	0.750000	57.000000	9.757791e+04	2.284934e-04
	53	71	-13.750000	55.750000	9.759930e+04	1.745700e-04
2022	2	16	3	12
	125	66	4.250000	57.000000	9.748766e+04	2.241220e-04
	67	69	-10.250000	56.250000	9.712792e+04	2.411525e-04
	183	139	18.750000	38.750000	1.012235e+05	1.737308e-04
2022	2	16	7	15
	1	25	-26.750000	67.250000	9.799982e+04	1.361413e-04
	0	35	-27.000000	64.750000	9.799982e+04	-1.520906e-05
	136	66	7.000000	57.000000	9.731694e+04	2.115933e-04
	81	67	-6.750000	56.750000	9.654830e+04	3.314217e-04
	151	67	10.750000	56.750000	9.731694e+04	2.166315e-04
	136	114	7.000000	45.000000	1.010497e+05	1.229696e-05
	185	137	19.250000	39.250000	1.010421e+05	1.736045e-04
2022	2	16	2	18
	95	68	-3.250000	56.500000	9.690432e+04	2.922882e-04
	184	134	19.000000	40.000000	1.010909e+05	1.210263e-04
2022	2	16	4	21
	178	64	17.500000	57.500000	9.698262e+04	2.127967e-04
	120	67	3.000000	56.750000	9.686370e+04	2.127178e-04
	137	117	7.250000	44.250000	1.011358e+05	7.598384e-05
	184	134	19.000000	40.000000	1.011044e+05	1.161205e-04
2022	2	17	6	0
	130	39	5.500000	63.750000	9.732810e+04	8.902926e-05
	189	61	20.250000	58.250000	9.669313e+04	1.981378e-04
	129	68	5.250000	56.500000	9.682726e+04	3.046607e-04
	150	109	10.500000	46.250000	1.002480e+05	2.481202e-05
	137	117	7.250000	44.250000	1.010032e+05	7.339451e-05
	184	134	19.000000	40.000000	1.011680e+05	1.087799e-04
2022	2	17	5	3
	131	39	5.750000	63.750000	9.736005e+04	1.044984e-04
	195	58	21.750000	59.000000	9.643355e+04	2.430407e-04
	176	68	17.000000	56.500000	9.650458e+04	1.228646e-04
	150	109	10.500000	46.250000	1.001672e+05	2.199841e-05
	137	117	7.250000	44.250000	1.008452e+05	9.121127e-05
2022	2	17	4	6
	128	38	5.000000	64.000000	9.739959e+04	1.065848e-04
	198	56	22.500000	59.500000	9.628718e+04	2.503404e-04
	197	69	22.250000	56.250000	9.636487e+04	1.173076e-04
	138	117	7.500000	44.250000	1.006528e+05	8.527465e-05
2022	2	17	5	9
	127	37	4.750000	64.250000	9.749556e+04	9.758098e-05
	108	42	0.000000	63.000000	9.749556e+04	1.006011e-04
	201	55	23.250000	59.750000	9.631866e+04	2.395857e-04
	205	65	24.250000	57.250000	9.631866e+04	1.298596e-04
	138	117	7.500000	44.250000	1.008184e+05	5.376466e-05
2022	2	17	2	12
	125	38	4.250000	64.000000	9.760101e+04	9.824701e-05
	205	54	24.250000	60.000000	9.635649e+04	2.015283e-04
2022	2	17	2	15
	131	38	5.750000	64.000000	9.771017e+04	9.254447e-05
	212	52	26.000000	60.500000	9.644270e+04	1.313784e-04
2022	2	17	4	18
	134	38	6.500000	64.000000	9.777886e+04	7.495304e-05
	216	46	27.000000	62.000000	9.652938e+04	9.692683e-05
	217	47	27.250000	61.750000	9.652938e+04	1.055185e-04
	23	55	-21.250000	59.750000	9.914975e+04	1.221620e-04
2022	2	17	4	21
	138	38	7.500000	64.000000	9.780243e+04	5.558574e-05
	221	44	28.250000	62.500000	9.649791e+04	9.975069e-05
	22	52	-21.500000	60.500000	9.907160e+04	1.409138e-04
	70	70	-9.500000	56.000000	9.920061e+04	1.375367e-04
2022	2	18	6	0
	149	36	10.250000	64.500000	9.779561e+04	6.752614e-05
	223	40	28.750000	63.500000	9.648162e+04	1.016567e-04
	21	50	-21.750000	61.000000	9.898662e+04	1.657340e-04
	75	69	-8.250000	56.250000	9.908137e+04	1.651804e-04
	101	71	-1.750000	55.750000	9.907470e+04	1.544180e-04
	139	117	7.750000	44.250000	1.014527e+05	7.371067e-05
2022	2	18	6	3
	150	36	10.500000	64.500000	9.777266e+04	8.153958e-05
	227	37	29.750000	64.250000	9.644270e+04	1.119756e-04
	21	48	-21.750000	61.500000	9.891685e+04	1.553216e-04
	81	69	-6.750000	56.250000	9.900554e+04	1.835097e-04
	124	73	4.000000	55.250000	9.882970e+04	1.884481e-04
	138	117	7.500000	44.250000	1.013977e+05	1.326511e-04
2022	2	18	4	6
	6	7	-25.500000	71.750000	1.002772e+05	-1.997401e-05
	229	35	30.250000	64.750000	9.642984e+04	1.338862e-04
	20	47	-22.000000	61.750000	9.890088e+04	1.571619e-04
	135	71	6.750000	55.750000	9.854129e+04	2.247869e-04
2022	2	18	5	9
	232	33	31.000000	65.250000	9.644395e+04	1.467801e-04
	19	45	-22.250000	62.250000	9.898755e+04	1.414975e-04
	149	71	10.250000	55.750000	9.839740e+04	1.894690e-04
	267	158	39.750000	34.000000	1.009835e+05	7.944382e-05
	256	162	37.000000	33.000000	1.009835e+05	5.091744e-06
2022	2	18	3	12
	234	31	31.500000	65.750000	9.651543e+04	1.900820e-04
	18	44	-22.500000	62.500000	9.907206e+04	1.352492e-04
	78	89	-7.500000	51.250000	9.963462e+04	2.252741e-04
2022	2	18	5	15
	6	7	-25.500000	71.750000	1.003539e+05	-5.454948e-05
	235	29	31.750000	66.250000	9.654582e+04	1.830469e-04
	17	43	-22.750000	62.750000	9.901516e+04	1.422408e-04
	85	88	-5.750000	51.500000	9.940296e+04	2.533314e-04
	239	143	32.750000	37.750000	1.009106e+05	6.068268e-07
2022	2	18	3	18
	237	27	32.250000	66.750000	9.653016e+04	1.437182e-04
	143	31	8.750000	65.750000	9.767777e+04	4.809201e-05
	102	86	-1.500000	52.000000	9.936234e+04	1.818438e-04
2022	2	18	7	21
	6	7	-25.500000	71.750000	1.003254e+05	-1.356181e-05
	237	26	32.250000	67.000000	9.658180e+04	1.389960e-04
	146	32	9.500000	65.500000	9.767870e+04	7.902776e-05
	0	57	-27.000000	59.250000	9.829490e+04	1.053369e-04
	111	85	0.750000	52.250000	9.934016e+04	2.091081e-04
	282	121	43.500000	43.250000	1.009378e+05	3.431923e-05
	260	162	38.000000	33.000000	1.009709e+05	-2.393718e-05
2022	2	19	4	0
	6	7	-25.500000	71.750000	1.002302e+05	-1.647803e-05
	236	24	32.000000	67.500000	9.663017e+04	1.118729e-04
	151	31	10.750000	65.750000	9.769854e+04	1.075624e-04
	0	52	-27.000000	60.500000	9.779142e+04	1.486677e-04
2022	2	19	6	3
	6	7	-25.500000	71.750000	1.001141e+05	-4.298480e-05
	230	20	30.500000	68.500000	9.665793e+04	1.576267e-04
	152	32	11.000000	65.500000	9.772304e+04	1.054423e-04
	0	48	-27.000000	61.500000	9.766163e+04	1.259154e-04
	19	52	-22.250000	60.500000	9.766163e+04	2.289955e-04
	112	138	1.000000	39.000000	1.013197e+05	3.454239e-05
2022	2	19	4	6
	6	7	-25.500000	71.750000	1.000164e+05	-2.655952e-05
	229	19	30.250000	68.750000	9.674399e+04	1.882767e-04
	150	28	10.500000	66.500000	9.780290e+04	6.111712e-05
	23	49	-21.250000	61.250000	9.758612e+04	2.672709e-04
2022	2	19	5	9
	6	7	-25.500000	71.750000	9.999514e+04	-9.131351e-06
	237	21	32.250000	68.250000	9.688990e+04	6.467690e-05
	0	44	-27.000000	62.500000	9.766133e+04	1.155771e-04
	22	47	-21.500000	61.750000	9.758659e+04	2.629602e-04
	137	117	7.250000	44.250000	1.013287e+05	1.309844e-04
2022	2	19	5	12
	6	7	-25.500000	71.750000	9.996847e+04	-1.694831e-05
	250	16	35.500000	69.500000	9.698837e+04	1.086669e-04
	17	45	-22.750000	62.250000	9.757511e+04	1.932594e-04
	135	119	6.750000	43.750000	1.013338e+05	1.074394e-04
	96	146	-3.000000	37.000000	1.016912e+05	8.366798e-05
2022	2	19	5	15
	255	17	36.750000	69.250000	9.707799e+04	1.304761e-04
	0	59	-27.000000	58.750000	9.680307e+04	1.044431e-04
	135	118	6.750000	44.000000	1.013270e+05	1.093445e-04
	136	118	7.000000	44.000000	1.013270e+05	9.301565e-05
	93	146	-3.750000	37.000000	1.017099e+05	7.298779e-05
2022	2	19	6	18
	257	16	37.250000	69.500000	9.710574e+04	1.242632e-04
	242	24	33.500000	67.500000	9.710574e+04	7.911229e-05
	0	56	-27.000000	59.500000	9.609677e+04	1.591495e-04
	139	122	7.750000	43.000000	1.015512e+05	2.151375e-05
	168	125	15.000000	42.250000	1.015797e+05	5.446858e-05
	107	162	-0.250000	33.000000	1.017438e+05	2.655925e-05
2022	2	19	5	21
	66	14	-10.500000	70.000000	9.848501e+04	2.749314e-04
	262	16	38.500000	69.500000	9.714792e+04	1.115669e-04
	10	40	-24.500000	63.500000	9.595892e+04	2.199477e-04
	14	53	-23.500000	60.250000	9.583595e+04	3.239963e-04
	147	127	9.750000	41.750000	1.016903e+05	5.775716e-05
2022	2	20	7	0
	6	7	-25.500000	71.750000	9.929597e+04	-6.456624e-05
	61	14	-11.750000	70.000000	9.831940e+04	2.530918e-04
	264	16	39.000000	69.500000	9.720343e+04	1.191109e-04
	2	39	-26.500000	63.750000	9.639262e+04	2.136059e-04
	23	51	-21.250000	60.750000	9.552025e+04	3.814345e-04
	172	124	16.000000	42.500000	1.017631e+05	1.323330e-04
	149	127	10.250000	41.750000	1.017385e+05	6.346646e-05
