2022	2	10	5	0
	148	22	10.000000	68.000000	9.657165e+04	4.141723e-04
	60	55	-12.000000	59.750000	9.865688e+04	4.126736e-04
	152	106	11.000000	47.000000	1.022390e+05	-4.165962e-05
	139	110	7.750000	46.000000	1.022390e+05	-7.388661e-05
	247	151	34.750000	35.750000	1.007743e+05	1.028479e-04
2022	2	10	8	6
	175	4	16.750000	72.500000	9.721000e+04	1.496220e-04
	8	6	-25.000000	72.000000	1.003417e+05	-1.167293e-05
	4	17	-26.000000	69.250000	1.003417e+05	3.815781e-05
	166	22	14.500000	68.000000	9.679713e+04	3.700999e-04
	4	25	-26.000000	67.250000	1.003417e+05	1.147603e-04
	76	59	-8.000000	58.750000	9.918013e+04	4.589576e-04
	152	106	11.000000	47.000000	1.021327e+05	-4.957230e-05
	250	152	35.500000	35.500000	1.010160e+05	1.115203e-04
2022	2	10	10	12
	176	4	17.000000	72.500000	9.734266e+04	2.661883e-04
	8	6	-25.000000	72.000000	1.002734e+05	-2.465359e-05
	192	16	21.000000	69.500000	9.735888e+04	1.517545e-05
	18	21	-22.500000	68.250000	1.001913e+05	1.213460e-04
	190	27	20.500000	66.750000	9.763595e+04	1.251494e-04
	92	63	-4.000000	57.750000	1.000336e+05	3.850423e-04
	137	117	7.250000	44.250000	1.022497e+05	1.227524e-04
	284	139	44.000000	38.750000	1.009211e+05	2.793682e-05
	271	147	40.750000	36.750000	1.009926e+05	7.120374e-05
	281	153	43.250000	35.250000	1.009926e+05	9.485594e-05
2022	2	10	7	18
	190	6	20.500000	72.000000	9.752966e+04	1.729608e-04
	10	14	-24.500000	70.000000	9.976377e+04	-6.428428e-06
	39	17	-17.250000	69.250000	9.976377e+04	1.428450e-04
	109	69	0.250000	56.250000	1.005221e+05	2.997992e-04
	137	117	7.250000	44.250000	1.022640e+05	1.037376e-04
	277	151	42.250000	35.750000	1.013617e+05	4.899366e-05
	87	156	-5.250000	34.500000	1.020798e+05	7.530208e-06
2022	2	11	4	0
	202	5	23.500000	72.250000	9.769770e+04	1.659326e-04
	53	13	-13.750000	70.250000	9.946990e+04	1.850909e-04
	0	72	-27.000000	55.500000	9.971180e+04	1.618418e-04
	137	117	7.250000	44.250000	1.021454e+05	1.004929e-04
2022	2	11	4	6
	213	7	26.250000	71.750000	9.792904e+04	2.448673e-04
	57	11	-12.750000	70.750000	9.936088e+04	2.201482e-04
	94	18	-3.500000	69.000000	9.937338e+04	1.115731e-04
	188	123	20.000000	42.750000	1.021179e+05	-1.412135e-05
2022	2	11	6	12
	228	7	30.000000	71.750000	9.817367e+04	2.317858e-04
	66	13	-10.500000	70.250000	9.946697e+04	2.971788e-04
	103	16	-1.250000	69.500000	9.947029e+04	1.189759e-04
	1	67	-26.750000	56.750000	9.883331e+04	1.151401e-04
	156	109	12.000000	46.250000	1.019678e+05	1.493301e-05
	135	119	6.750000	43.750000	1.019694e+05	1.164412e-04
2022	2	11	5	18
	237	8	32.250000	71.500000	9.824909e+04	2.678260e-04
	108	17	0.000000	69.250000	9.913188e+04	1.071610e-04
	136	18	7.000000	69.000000	9.913188e+04	1.983122e-04
	7	56	-25.250000	59.500000	9.866841e+04	1.570471e-04
	19	63	-22.250000	57.750000	9.866841e+04	1.325416e-04
2022	2	12	4	0
	246	8	34.500000	71.500000	9.829403e+04	2.698606e-04
	159	18	12.750000	69.000000	9.900213e+04	1.647750e-04
	33	58	-18.750000	59.000000	9.862170e+04	7.362539e-05
	225	88	29.250000	51.500000	1.010254e+05	2.214063e-04
2022	2	12	5	6
	251	7	35.750000	71.750000	9.823405e+04	2.668247e-04
	99	22	-2.250000	68.000000	9.986166e+04	1.317086e-04
	168	22	15.000000	68.000000	9.931866e+04	2.466704e-04
	52	52	-14.000000	60.500000	9.840541e+04	1.499953e-04
	240	91	33.000000	50.750000	1.009006e+05	2.782488e-04
2022	2	12	4	12
	258	6	37.500000	72.000000	9.826590e+04	3.267820e-04
	53	53	-13.750000	60.250000	9.841771e+04	1.933861e-04
	260	93	38.000000	50.250000	1.009604e+05	1.830717e-04
	261	93	38.250000	50.250000	1.009604e+05	1.717888e-04
2022	2	12	2	18
	264	5	39.000000	72.250000	9.832197e+04	3.109232e-04
	71	53	-9.250000	60.250000	9.833897e+04	7.042346e-05
2022	2	13	4	0
	272	3	41.000000	72.750000	9.850935e+04	2.692683e-04
	94	47	-3.500000	61.750000	9.823795e+04	1.137201e-04
	83	53	-6.250000	60.250000	9.823795e+04	1.090065e-04
	25	109	-20.750000	46.250000	1.002452e+05	1.374309e-04
2022	2	13	3	6
	280	0	43.000000	73.500000	9.862307e+04	1.201801e-04
	93	52	-3.750000	60.500000	9.802459e+04	1.309504e-04
	50	107	-14.500000	46.750000	9.943316e+04	2.017527e-04
2022	2	13	5	12
	117	44	2.250000	62.500000	9.811427e+04	1.062387e-04
	99	51	-2.250000	60.750000	9.811427e+04	1.849038e-04
	74	102	-8.500000	48.000000	9.891773e+04	2.172234e-04
	270	120	40.500000	43.500000	1.026067e+05	6.765889e-05
	228	144	30.000000	37.500000	1.018035e+05	3.590269e-05
2022	2	13	8	18
	188	0	20.000000	73.500000	9.914145e+04	1.053390e-04
	9	6	-24.750000	72.000000	9.958127e+04	-8.557332e-05
	7	14	-25.250000	70.000000	9.958127e+04	6.760983e-05
	220	29	28.000000	66.250000	9.894371e+04	1.151222e-04
	123	43	3.750000	62.750000	9.820083e+04	2.386814e-04
	107	52	-0.250000	60.500000	9.820083e+04	1.833511e-04
	86	98	-5.500000	49.000000	9.842592e+04	2.181742e-04
	262	121	38.500000	43.250000	1.026081e+05	1.127922e-04
2022	2	14	3	0
	1	17	-26.750000	69.250000	9.969148e+04	3.222045e-05
	118	53	2.500000	60.250000	9.848434e+04	1.514833e-04
	98	94	-2.500000	50.000000	9.846070e+04	3.004672e-04
2022	2	14	3	6
	260	13	38.000000	70.250000	9.880420e+04	1.452486e-04
	124	52	4.000000	60.500000	9.862385e+04	1.738042e-04
	110	93	0.500000	50.250000	9.845269e+04	2.966747e-04
2022	2	14	3	12
	274	11	41.500000	70.750000	9.861760e+04	1.109784e-04
	0	48	-27.000000	61.500000	9.793216e+04	1.165108e-04
	127	81	4.750000	53.250000	9.860412e+04	1.782333e-04
2022	2	14	4	18
	286	4	44.500000	72.500000	9.840892e+04	1.008572e-04
	15	49	-23.250000	61.250000	9.756268e+04	1.802503e-04
	143	71	8.750000	55.750000	9.869322e+04	1.608288e-04
	136	120	7.000000	43.500000	1.009902e+05	1.189972e-04
2022	2	15	5	0
	288	0	45.000000	73.500000	9.825925e+04	7.619274e-05
	10	43	-24.500000	62.750000	9.753865e+04	2.627396e-04
	46	56	-15.500000	59.500000	9.736827e+04	2.277859e-04
	156	64	12.000000	57.500000	9.860490e+04	1.629882e-04
	146	118	9.500000	44.000000	1.011444e+05	1.160840e-04
2022	2	15	5	6
	127	48	4.750000	61.500000	9.898552e+04	2.048171e-04
	58	55	-12.500000	59.750000	9.757655e+04	2.491476e-04
	170	60	15.500000	58.500000	9.860451e+04	1.561826e-04
	146	118	9.500000	44.000000	1.012116e+05	7.010131e-05
	280	121	43.000000	43.250000	1.021774e+05	4.071867e-05
2022	2	15	6	12
	253	2	36.250000	73.000000	9.907287e+04	1.475832e-04
	54	49	-13.500000	61.250000	9.804549e+04	1.889774e-04
	188	53	20.000000	60.250000	9.860646e+04	1.172175e-04
	74	56	-8.500000	59.500000	9.804237e+04	2.450891e-04
	150	118	10.500000	44.000000	1.014012e+05	8.067941e-05
	163	123	13.750000	42.750000	1.014012e+05	3.485737e-05
2022	2	15	6	18
	202	50	23.500000	61.000000	9.877899e+04	9.719295e-05
	94	57	-3.500000	59.250000	9.847614e+04	2.537449e-04
	126	60	4.500000	58.500000	9.855625e+04	2.191667e-04
	0	66	-27.000000	57.000000	9.679127e+04	1.280250e-04
	280	121	43.000000	43.250000	1.021138e+05	-8.385116e-08
	167	124	14.750000	42.500000	1.014799e+05	6.786329e-05
2022	2	16	8	0
	237	8	32.250000	71.500000	9.970691e+04	1.205624e-04
	288	38	45.000000	64.000000	9.979796e+04	4.715589e-05
	288	39	45.000000	63.750000	9.979796e+04	7.076847e-05
	220	45	28.000000	62.250000	9.896325e+04	8.783991e-05
	2	59	-26.500000	58.750000	9.496241e+04	4.255199e-04
	145	61	9.250000	58.250000	9.879072e+04	1.667261e-04
	280	121	43.000000	43.250000	1.019932e+05	-8.052841e-06
	175	125	16.750000	42.250000	1.016354e+05	5.654899e-05
2022	2	16	7	6
	260	6	38.000000	72.000000	9.944567e+04	2.152241e-04
	228	42	30.000000	63.000000	9.921413e+04	9.599783e-05
	14	49	-23.500000	61.250000	9.489304e+04	3.726143e-04
	39	50	-17.250000	61.000000	9.488991e+04	2.841005e-04
	34	61	-18.500000	58.250000	9.488991e+04	3.111481e-04
	159	61	12.750000	58.250000	9.911663e+04	1.496149e-04
	280	121	43.000000	43.250000	1.020944e+05	-2.787371e-05
2022	2	16	8	12
	283	1	43.750000	73.250000	9.916822e+04	2.629152e-04
	0	35	-27.000000	64.750000	9.687861e+04	1.240673e-04
	288	37	45.000000	64.250000	9.949862e+04	1.093510e-04
	34	47	-18.500000	61.750000	9.475822e+04	5.049823e-04
	75	50	-8.250000	61.000000	9.537253e+04	2.070941e-04
	189	57	20.250000	59.250000	9.915727e+04	1.126457e-04
	180	138	18.000000	39.000000	1.014678e+05	1.494089e-04
	273	156	41.250000	34.500000	1.014434e+05	1.387245e-05
2022	2	16	7	18
	280	0	43.000000	73.500000	9.946834e+04	-3.154906e-07
	0	34	-27.000000	65.000000	9.751716e+04	1.076769e-04
	288	36	45.000000	64.500000	9.963540e+04	7.006508e-05
	71	46	-9.250000	62.000000	9.527874e+04	4.544061e-04
	138	117	7.500000	44.250000	1.017118e+05	9.561454e-05
	281	121	43.250000	43.250000	1.019783e+05	-3.076754e-05
	184	139	19.000000	38.750000	1.015145e+05	1.037890e-04
2022	2	17	6	0
	0	33	-27.000000	65.250000	9.815179e+04	1.024836e-04
	288	34	45.000000	65.000000	9.950898e+04	8.086980e-05
	73	48	-8.750000	61.500000	9.570587e+04	4.248095e-04
	117	48	2.250000	61.500000	9.624144e+04	2.593571e-04
	153	59	11.250000	58.750000	9.680241e+04	2.299640e-04
	281	121	43.250000	43.250000	1.017941e+05	-3.033573e-05
2022	2	17	7	6
	288	30	45.000000	66.000000	9.924930e+04	1.143628e-04
	0	34	-27.000000	65.000000	9.864144e+04	2.093435e-05
	120	45	3.000000	62.250000	9.613378e+04	1.551887e-04
	103	52	-1.250000	60.500000	9.613378e+04	3.850536e-04
	164	58	14.000000	59.000000	9.679264e+04	2.672252e-04
	187	62	19.750000	58.000000	9.682527e+04	1.837662e-04
	281	121	43.250000	43.250000	1.017595e+05	-3.768511e-05
2022	2	17	5	12
	137	42	7.250000	63.000000	9.657478e+04	2.674399e-05
	129	54	5.250000	60.000000	9.654645e+04	2.612061e-04
	192	58	21.000000	59.000000	9.680945e+04	2.032740e-04
	0	105	-27.000000	47.250000	1.005076e+05	1.377892e-04
	277	119	42.250000	43.750000	1.012970e+05	-2.855783e-05
2022	2	17	4	18
	138	40	7.500000	63.500000	9.777292e+04	8.301502e-05
	191	58	20.750000	59.000000	9.684930e+04	2.530706e-04
	155	61	11.750000	58.250000	9.720491e+04	2.775528e-04
	42	85	-16.500000	52.250000	9.998866e+04	2.125719e-04
2022	2	18	5	0
	189	0	20.250000	73.500000	9.885148e+04	1.150298e-04
	140	39	8.000000	63.750000	9.826961e+04	9.895906e-05
	56	40	-13.000000	63.500000	9.886809e+04	1.577890e-04
	194	62	21.500000	58.000000	9.716857e+04	1.618978e-04
	66	76	-10.500000	54.500000	9.929444e+04	2.870536e-04
2022	2	18	10	6
	252	0	36.000000	73.500000	9.859162e+04	4.142576e-05
	205	1	24.250000	73.250000	9.836379e+04	3.458897e-04
	6	7	-25.500000	71.750000	9.992009e+04	-5.754201e-05
	59	39	-12.250000	63.750000	9.823639e+04	2.317508e-04
	146	39	9.500000	63.750000	9.835616e+04	1.086147e-04
	0	42	-27.000000	63.000000	9.823346e+04	1.128040e-04
	234	52	31.500000	60.500000	9.744134e+04	1.848289e-04
	225	59	29.250000	58.750000	9.744134e+04	8.890007e-05
	101	72	-1.750000	55.500000	9.881377e+04	2.315970e-04
	116	124	2.000000	42.500000	1.020395e+05	1.632269e-05
2022	2	18	5	12
	216	1	27.000000	73.250000	9.806991e+04	3.503669e-04
	123	38	3.750000	64.000000	9.834347e+04	4.212205e-05
	64	40	-11.000000	63.500000	9.810938e+04	2.654876e-04
	233	50	31.250000	61.000000	9.764318e+04	1.531731e-04
	124	69	4.000000	56.250000	9.820298e+04	2.365212e-04
2022	2	18	9	18
	226	0	29.500000	73.500000	9.796206e+04	2.831095e-04
	6	7	-25.500000	71.750000	1.001772e+05	-4.761790e-05
	76	40	-8.000000	63.500000	9.810528e+04	2.500692e-04
	234	49	31.500000	61.250000	9.766702e+04	1.385298e-04
	158	69	12.500000	56.250000	9.741594e+04	2.734062e-04
	279	119	42.750000	43.750000	1.006714e+05	2.648820e-05
	273	129	41.250000	41.250000	1.006714e+05	1.098454e-05
	245	144	34.250000	37.500000	1.005080e+05	4.088960e-05
	228	150	30.000000	36.000000	1.004250e+05	1.644753e-04
2022	2	19	7	0
	235	0	31.750000	73.500000	9.833995e+04	9.327602e-05
	6	7	-25.500000	71.750000	1.002954e+05	-4.691923e-06
	90	42	-4.500000	63.000000	9.833858e+04	2.547530e-04
	235	48	31.750000	61.500000	9.764064e+04	1.341384e-04
	184	70	19.000000	56.000000	9.675747e+04	2.924747e-04
	283	122	43.750000	43.000000	1.008333e+05	2.823160e-05
	235	154	31.750000	35.000000	1.002354e+05	1.958874e-04
2022	2	19	8	6
	105	43	-0.750000	62.750000	9.832393e+04	2.385131e-04
	239	46	32.750000	62.000000	9.771802e+04	8.511119e-05
	215	73	26.750000	55.250000	9.712988e+04	2.070372e-04
	150	110	10.500000	46.000000	1.011477e+05	8.410527e-07
	138	117	7.500000	44.250000	1.011477e+05	1.390915e-04
	116	124	2.000000	42.500000	1.017023e+05	-3.446037e-06
	237	149	32.250000	36.250000	1.004146e+05	-5.900340e-05
	235	159	31.750000	33.750000	1.004146e+05	1.860864e-04
2022	2	19	3	12
	119	45	2.750000	62.250000	9.838509e+04	2.076196e-04
	233	73	31.250000	55.250000	9.724262e+04	1.513459e-04
	153	105	11.250000	47.250000	1.010662e+05	-7.954431e-05
2022	2	19	7	18
	142	4	8.500000	72.500000	9.878974e+04	6.261306e-05
	116	13	2.000000	70.250000	9.877489e+04	1.662946e-04
	133	44	6.250000	62.500000	9.846910e+04	1.429410e-04
	248	74	35.000000	55.000000	9.765393e+04	1.410581e-04
	153	107	11.250000	46.750000	1.009789e+05	-4.227606e-05
	273	161	41.250000	33.250000	1.004668e+05	-8.929565e-06
	287	162	44.750000	33.000000	1.004668e+05	1.020568e-04
2022	2	20	7	0
	162	7	13.500000	71.750000	9.878447e+04	1.951912e-04
	116	14	2.000000	70.000000	9.876786e+04	1.682303e-04
	154	46	11.500000	62.000000	9.865961e+04	2.441095e-05
	125	66	4.250000	57.000000	9.870338e+04	1.553926e-04
	264	71	39.000000	55.750000	9.778366e+04	1.025844e-04
	150	109	10.500000	46.250000	1.011215e+05	1.588387e-05
	137	117	7.250000	44.250000	1.011682e+05	1.149360e-04
