2022	2	14	7	0
	4	6	-26.000000	72.000000	9.976840e+04	-2.279847e-05
	220	10	28.000000	71.000000	9.836430e+04	1.270547e-04
	193	12	21.250000	70.500000	9.836430e+04	1.549248e-04
	194	12	21.500000	70.500000	9.836430e+04	1.349445e-04
	222	20	28.500000	68.500000	9.836430e+04	6.663996e-05
	114	62	1.500000	58.000000	9.845782e+04	9.657827e-05
	103	71	-1.250000	55.750000	9.845782e+04	1.417758e-04
2022	2	14	3	3
	213	9	26.250000	71.250000	9.808721e+04	2.181514e-04
	116	62	2.000000	58.000000	9.846300e+04	1.239591e-04
	108	70	0.000000	56.000000	9.846300e+04	1.230449e-04
2022	2	14	3	6
	215	9	26.750000	71.250000	9.795444e+04	3.044417e-04
	118	68	2.500000	56.500000	9.850024e+04	2.091010e-05
	122	121	3.500000	43.250000	1.008702e+05	2.088807e-04
2022	2	14	3	9
	232	8	31.000000	71.500000	9.799318e+04	1.698841e-04
	0	52	-27.000000	60.500000	9.796913e+04	1.066778e-04
	122	66	3.500000	57.000000	9.856939e+04	4.200381e-05
2022	2	14	3	12
	232	8	31.000000	71.500000	9.796963e+04	1.843551e-04
	1	49	-26.750000	61.250000	9.749063e+04	1.668919e-04
	126	64	4.500000	57.500000	9.852763e+04	1.095529e-04
2022	2	14	4	15
	230	8	30.500000	71.500000	9.806951e+04	1.556799e-04
	288	14	45.000000	70.000000	9.935152e+04	-1.408934e-05
	3	44	-26.250000	62.500000	9.695484e+04	2.564634e-04
	127	62	4.750000	58.000000	9.844980e+04	1.661148e-04
2022	2	14	5	18
	249	14	35.250000	70.000000	9.808020e+04	1.553155e-04
	0	40	-27.000000	63.500000	9.684111e+04	1.277803e-04
	128	52	5.000000	60.500000	9.848405e+04	6.838700e-05
	147	58	9.750000	59.000000	9.848405e+04	1.811665e-04
	128	63	5.000000	57.750000	9.848405e+04	2.501041e-04
2022	2	14	7	21
	249	6	35.250000	72.000000	9.807770e+04	1.151746e-04
	256	14	37.000000	70.000000	9.807770e+04	1.704874e-04
	27	39	-20.250000	63.750000	9.715810e+04	1.000500e-05
	125	53	4.250000	60.250000	9.854350e+04	8.627073e-05
	149	55	10.250000	59.750000	9.854350e+04	2.417457e-04
	132	61	6.000000	58.250000	9.854350e+04	2.680716e-04
	140	121	8.000000	43.250000	1.011107e+05	1.334522e-04
2022	2	15	9	0
	6	7	-25.500000	71.750000	9.964347e+04	4.528263e-05
	243	8	33.750000	71.500000	9.817323e+04	1.373967e-04
	262	14	38.500000	70.000000	9.817323e+04	1.874313e-04
	263	14	38.750000	70.000000	9.817323e+04	1.937974e-04
	0	37	-27.000000	64.250000	9.722491e+04	1.204939e-04
	125	52	4.250000	60.500000	9.859444e+04	8.725697e-05
	149	55	10.250000	59.750000	9.859444e+04	1.490113e-04
	135	61	6.750000	58.250000	9.859444e+04	2.504184e-04
	145	118	9.250000	44.000000	1.011110e+05	1.468484e-04
2022	2	15	7	3
	243	11	33.750000	70.750000	9.822500e+04	2.629717e-04
	272	13	41.000000	70.250000	9.822500e+04	1.742510e-04
	27	39	-20.250000	63.750000	9.730408e+04	7.123703e-05
	125	51	4.250000	60.750000	9.864622e+04	6.404896e-05
	141	61	8.250000	58.250000	9.860546e+04	2.235147e-04
	171	103	15.750000	47.750000	1.010157e+05	8.841464e-05
	146	117	9.500000	44.250000	1.010202e+05	1.208295e-04
2022	2	15	8	6
	273	13	41.250000	70.250000	9.831652e+04	1.938102e-04
	0	34	-27.000000	65.000000	9.731627e+04	3.229378e-05
	28	38	-20.000000	64.000000	9.733447e+04	1.052560e-04
	123	49	3.750000	61.250000	9.874809e+04	8.665711e-05
	147	60	9.750000	58.500000	9.865540e+04	1.967204e-04
	0	86	-27.000000	52.000000	9.907044e+04	1.211542e-04
	156	114	12.000000	45.000000	1.010994e+05	1.115343e-04
	139	120	7.750000	43.500000	1.011037e+05	9.218331e-05
2022	2	15	6	9
	275	13	41.750000	70.250000	9.852045e+04	1.610094e-04
	0	33	-27.000000	65.250000	9.738207e+04	3.047629e-05
	23	35	-21.250000	64.750000	9.738207e+04	1.721341e-04
	122	48	3.500000	61.500000	9.868095e+04	1.289347e-04
	3	82	-26.250000	53.000000	9.866108e+04	1.833792e-04
	159	113	12.750000	45.250000	1.011717e+05	9.600711e-05
2022	2	15	6	12
	280	14	43.000000	70.000000	9.868362e+04	2.451028e-04
	0	31	-27.000000	65.750000	9.737555e+04	8.013080e-05
	14	79	-23.500000	53.750000	9.842977e+04	2.338650e-04
	161	111	13.250000	45.750000	1.012037e+05	8.403653e-05
	151	162	10.750000	33.000000	1.015914e+05	7.932891e-05
	161	162	13.250000	33.000000	1.015914e+05	8.685985e-06
2022	2	15	6	15
	285	14	44.250000	70.000000	9.883361e+04	1.917816e-04
	0	35	-27.000000	64.750000	9.744387e+04	-3.672815e-05
	47	38	-15.250000	64.000000	9.790617e+04	2.289208e-04
	21	76	-21.750000	54.500000	9.817072e+04	2.339348e-04
	149	155	10.250000	34.750000	1.014656e+05	4.369312e-05
	154	162	11.500000	33.000000	1.014656e+05	7.105661e-05
2022	2	15	2	18
	117	58	2.250000	59.000000	9.841741e+04	1.594546e-04
	160	162	13.000000	33.000000	1.015416e+05	8.674453e-06
2022	2	15	3	21
	121	58	3.250000	59.000000	9.837899e+04	1.929254e-04
	0	71	-27.000000	55.750000	9.744938e+04	1.015100e-04
	162	160	13.500000	33.500000	1.015982e+05	3.355021e-05
2022	2	16	6	0
	244	15	34.000000	69.750000	9.949466e+04	8.498282e-06
	190	43	20.500000	62.750000	9.899211e+04	1.051992e-04
	191	43	20.750000	62.750000	9.899211e+04	1.006534e-04
	124	58	4.000000	59.000000	9.841958e+04	1.762742e-04
	7	67	-25.250000	56.750000	9.688086e+04	2.232644e-04
	164	159	14.000000	33.750000	1.015957e+05	4.843366e-05
2022	2	16	4	3
	207	39	24.750000	63.750000	9.900262e+04	1.156810e-04
	16	62	-23.000000	58.000000	9.636979e+04	2.645155e-04
	6	68	-25.500000	56.500000	9.636979e+04	2.929210e-04
	168	157	15.000000	34.250000	1.014611e+05	8.289531e-05
2022	2	16	4	6
	126	35	4.500000	64.750000	9.832538e+04	1.617121e-04
	216	37	27.000000	64.250000	9.901248e+04	1.057019e-04
	21	58	-21.750000	59.000000	9.595275e+04	3.222354e-04
	171	154	15.750000	35.000000	1.014487e+05	1.113868e-04
2022	2	16	5	9
	223	37	28.750000	64.250000	9.910401e+04	1.036907e-04
	27	58	-20.250000	59.000000	9.596060e+04	3.565080e-04
	152	58	11.000000	59.000000	9.848755e+04	1.484069e-04
	137	116	7.250000	44.500000	1.013681e+05	8.030084e-05
	175	151	16.750000	35.750000	1.014481e+05	1.152806e-04
2022	2	16	5	12
	158	57	12.500000	59.250000	9.844379e+04	1.499427e-04
	39	58	-17.250000	59.000000	9.616002e+04	2.668772e-04
	137	116	7.250000	44.500000	1.012867e+05	7.814612e-05
	167	144	14.750000	37.500000	1.012413e+05	2.768212e-05
	177	149	17.250000	36.250000	1.012413e+05	1.355001e-04
2022	2	16	2	15
	57	54	-12.750000	60.000000	9.623050e+04	2.034979e-04
	179	145	17.750000	37.250000	1.010644e+05	1.429160e-04
2022	2	16	6	18
	87	53	-5.250000	60.250000	9.608052e+04	2.581687e-04
	54	55	-13.500000	59.750000	9.639584e+04	2.851130e-04
	71	57	-9.250000	59.250000	9.608052e+04	2.509521e-04
	72	57	-9.000000	59.250000	9.608052e+04	2.440652e-04
	136	115	7.000000	44.750000	1.013024e+05	6.086764e-05
	180	144	18.000000	37.500000	1.010095e+05	1.754590e-04
2022	2	16	5	21
	284	11	44.000000	70.750000	9.925783e+04	1.771094e-04
	87	53	-5.250000	60.250000	9.597112e+04	3.146044e-04
	121	57	3.250000	59.250000	9.626256e+04	2.819270e-04
	137	117	7.250000	44.250000	1.012161e+05	6.358474e-05
	180	142	18.000000	38.000000	1.010222e+05	1.607017e-04
2022	2	17	5	0
	282	12	43.500000	70.500000	9.928655e+04	1.700721e-04
	90	54	-4.500000	60.000000	9.617772e+04	3.271986e-04
	123	55	3.750000	59.750000	9.617705e+04	2.833832e-04
	138	117	7.500000	44.250000	1.010791e+05	7.009441e-05
	177	144	17.250000	37.500000	1.009672e+05	1.816167e-04
2022	2	17	7	3
	280	13	43.000000	70.250000	9.929941e+04	1.323296e-04
	123	54	3.750000	60.000000	9.621964e+04	2.872514e-04
	96	55	-3.000000	59.750000	9.639367e+04	2.966246e-04
	147	62	9.750000	58.000000	9.654866e+04	1.971678e-04
	174	69	16.500000	56.250000	9.681655e+04	2.314624e-04
	138	117	7.500000	44.250000	1.009131e+05	9.382189e-05
	177	146	17.250000	37.000000	1.009283e+05	1.679406e-04
2022	2	17	5	6
	125	54	4.250000	60.000000	9.643125e+04	2.389656e-04
	104	57	-1.000000	59.250000	9.643125e+04	2.992601e-04
	154	63	11.500000	57.750000	9.674273e+04	2.407704e-04
	185	67	19.250000	56.750000	9.644545e+04	2.670265e-04
	175	149	16.750000	36.250000	1.010569e+05	1.830189e-04
2022	2	17	4	9
	130	44	5.500000	62.500000	9.672670e+04	6.888834e-05
	126	55	4.500000	59.750000	9.672670e+04	2.230312e-04
	190	67	20.500000	56.750000	9.627977e+04	2.819099e-04
	176	153	17.000000	35.250000	1.011882e+05	1.909872e-04
2022	2	17	5	12
	132	42	6.000000	63.000000	9.718766e+04	1.022869e-04
	128	55	5.000000	59.750000	9.705555e+04	1.893614e-04
	201	65	23.250000	57.250000	9.625872e+04	2.424659e-04
	21	78	-21.750000	54.000000	9.982117e+04	2.039417e-04
	178	157	17.500000	34.250000	1.011356e+05	1.813456e-04
2022	2	17	3	15
	206	64	24.500000	57.500000	9.634541e+04	2.329104e-04
	29	75	-19.750000	54.750000	9.961608e+04	2.056461e-04
	178	160	17.500000	33.500000	1.011483e+05	1.552608e-04
2022	2	17	5	18
	136	41	7.000000	63.250000	9.759986e+04	8.267593e-05
	145	61	9.250000	58.250000	9.766951e+04	1.580027e-04
	213	63	26.250000	57.750000	9.644427e+04	1.692448e-04
	34	75	-18.500000	54.750000	9.946142e+04	2.407000e-04
	178	162	17.500000	33.000000	1.012862e+05	8.687315e-05
2022	2	17	4	21
	136	40	7.000000	63.500000	9.771494e+04	1.023008e-04
	18	44	-22.500000	62.500000	9.869348e+04	1.427161e-04
	220	63	28.000000	57.750000	9.654382e+04	1.338015e-04
	74	85	-8.500000	52.250000	9.974468e+04	1.295043e-04
2022	2	18	4	0
	138	40	7.500000	63.500000	9.783018e+04	1.059619e-04
	17	44	-22.750000	62.500000	9.868279e+04	1.839260e-04
	231	55	30.750000	59.750000	9.663301e+04	7.129134e-05
	83	83	-6.250000	52.750000	9.950234e+04	1.841103e-04
2022	2	18	4	3
	140	40	8.000000	63.500000	9.788712e+04	9.608540e-05
	17	45	-22.750000	62.250000	9.867027e+04	2.276580e-04
	234	51	31.500000	60.750000	9.660077e+04	1.166068e-04
	94	80	-3.500000	53.500000	9.923562e+04	2.050219e-04
2022	2	18	3	6
	144	39	9.000000	63.750000	9.788997e+04	1.026778e-04
	17	45	-22.750000	62.250000	9.875377e+04	2.144558e-04
	235	48	31.750000	61.500000	9.659209e+04	1.354007e-04
2022	2	18	3	9
	145	36	9.250000	64.500000	9.794308e+04	8.628505e-05
	233	43	31.250000	62.750000	9.659426e+04	1.031884e-04
	280	119	43.000000	43.750000	1.000047e+05	-3.121360e-05
2022	2	18	5	12
	6	7	-25.500000	71.750000	1.004801e+05	-4.031322e-05
	147	36	9.750000	64.500000	9.794642e+04	5.544360e-05
	233	40	31.250000	63.500000	9.655734e+04	9.424070e-05
	16	44	-23.000000	62.500000	9.898693e+04	1.670476e-04
	125	72	4.250000	55.500000	9.841891e+04	2.277152e-04
2022	2	18	7	15
	6	7	-25.500000	71.750000	1.005223e+05	-2.426349e-05
	147	36	9.750000	64.500000	9.783535e+04	4.026483e-05
	237	38	32.250000	64.000000	9.648370e+04	1.446349e-04
	12	43	-24.000000	62.750000	9.884898e+04	1.488306e-04
	0	61	-27.000000	58.250000	9.899662e+04	6.844764e-05
	135	70	6.750000	56.000000	9.788095e+04	2.640955e-04
	251	116	35.750000	44.500000	9.997066e+04	2.598291e-04
2022	2	18	6	18
	6	7	-25.500000	71.750000	1.005131e+05	-3.451725e-05
	237	36	32.250000	64.500000	9.638148e+04	1.683398e-04
	7	42	-25.250000	63.000000	9.869566e+04	1.782215e-04
	0	57	-27.000000	59.250000	9.861248e+04	1.836476e-04
	145	69	9.250000	56.250000	9.768972e+04	2.849282e-04
	257	117	37.250000	44.250000	1.000161e+05	3.023445e-04
2022	2	18	8	21
	6	7	-25.500000	71.750000	1.004253e+05	-4.800690e-05
	2	17	-26.500000	69.250000	9.995362e+04	-5.230824e-05
	288	28	45.000000	66.500000	9.778023e+04	1.511322e-05
	237	35	32.250000	64.750000	9.627426e+04	1.392854e-04
	1	41	-26.750000	63.250000	9.863002e+04	1.345084e-04
	5	56	-25.750000	59.500000	9.861916e+04	1.554218e-04
	261	119	38.250000	43.750000	1.002679e+05	3.156659e-04
	277	119	42.250000	43.750000	1.002679e+05	5.154456e-05
2022	2	19	5	0
	6	7	-25.500000	71.750000	1.003817e+05	-5.194498e-05
	2	17	-26.500000	69.250000	9.993992e+04	-5.221763e-05
	238	33	32.500000	65.250000	9.621513e+04	1.709999e-04
	187	56	19.750000	59.500000	9.746291e+04	4.889021e-05
	138	117	7.500000	44.250000	1.011576e+05	1.553482e-04
2022	2	19	7	3
	2	6	-26.500000	72.000000	1.004690e+05	1.956752e-05
	238	31	32.500000	65.750000	9.623451e+04	1.522341e-04
	1	51	-26.750000	60.750000	9.829030e+04	8.186584e-05
	19	56	-22.250000	59.500000	9.829030e+04	1.274835e-04
	197	57	22.250000	59.250000	9.724562e+04	1.066802e-04
	46	63	-15.500000	57.750000	9.867778e+04	2.147885e-04
	138	117	7.500000	44.250000	1.011608e+05	1.321022e-04
2022	2	19	4	6
	239	30	32.750000	66.000000	9.626557e+04	1.249131e-04
	0	49	-27.000000	61.250000	9.797214e+04	9.067996e-05
	208	60	25.000000	58.500000	9.714107e+04	1.442577e-04
	138	117	7.500000	44.250000	1.012356e+05	1.098722e-04
2022	2	19	9	9
	2	6	-26.500000	72.000000	1.004655e+05	3.797712e-05
	241	29	33.250000	66.250000	9.637346e+04	1.126250e-04
	0	51	-27.000000	60.750000	9.779677e+04	1.127066e-04
	18	51	-22.500000	60.750000	9.779677e+04	1.293945e-04
	222	59	28.500000	58.750000	9.720170e+04	1.421708e-04
	3	67	-26.250000	56.750000	9.766684e+04	1.958061e-04
	138	117	7.500000	44.250000	1.014163e+05	1.184967e-04
	113	142	1.250000	38.000000	1.019505e+05	1.481336e-04
	282	153	43.500000	35.250000	1.014518e+05	6.015184e-05
2022	2	19	9	12
	251	18	35.750000	69.000000	9.650991e+04	1.142115e-04
	243	28	33.750000	66.500000	9.650991e+04	1.180411e-04
	236	58	32.000000	59.000000	9.718499e+04	1.395272e-04
	17	65	-22.750000	57.250000	9.737973e+04	2.840467e-04
	136	119	7.000000	43.750000	1.014634e+05	1.441903e-04
	285	133	44.250000	40.250000	1.014675e+05	-3.020435e-05
	95	145	-3.250000	37.250000	1.019643e+05	6.662969e-05
	281	151	43.250000	35.750000	1.013252e+05	1.269291e-04
	287	158	44.750000	34.000000	1.013252e+05	5.221428e-05
2022	2	19	9	15
	248	17	35.000000	69.250000	9.657588e+04	9.502644e-05
	244	27	34.000000	66.750000	9.657588e+04	9.588861e-05
	4	47	-26.000000	61.750000	9.757798e+04	1.658590e-04
	252	59	36.000000	58.750000	9.723059e+04	1.336371e-04
	28	64	-20.000000	57.500000	9.690323e+04	3.490387e-04
	147	111	9.750000	45.750000	1.014369e+05	4.793471e-05
	135	119	6.750000	43.750000	1.014369e+05	1.453522e-04
	107	125	-0.250000	42.250000	1.022927e+05	1.027590e-04
	95	144	-3.250000	37.500000	1.018641e+05	4.335347e-05
2022	2	19	7	18
	248	17	35.000000	69.250000	9.662282e+04	7.808759e-05
	155	27	11.750000	66.750000	9.792020e+04	7.455183e-05
	244	27	34.000000	66.750000	9.662282e+04	7.293123e-05
	260	57	38.000000	59.250000	9.719802e+04	1.778801e-04
	43	64	-16.250000	57.500000	9.670716e+04	3.893732e-04
	138	121	7.500000	43.250000	1.017275e+05	8.417619e-05
	147	127	9.750000	41.750000	1.017275e+05	-1.150657e-05
2022	2	19	9	21
	251	18	35.750000	69.000000	9.670115e+04	9.630229e-05
	126	27	4.500000	66.750000	9.793373e+04	6.809432e-05
	0	49	-27.000000	61.250000	9.777773e+04	2.950089e-05
	268	56	40.000000	59.500000	9.714157e+04	1.688839e-04
	288	59	45.000000	58.750000	9.762976e+04	1.388911e-04
	61	65	-11.750000	57.250000	9.647434e+04	3.611897e-04
	280	120	43.000000	43.500000	1.013497e+05	-4.658083e-05
	138	122	7.500000	43.000000	1.018965e+05	9.320034e-05
	149	126	10.250000	42.000000	1.018965e+05	6.168395e-06
2022	2	20	5	0
	255	17	36.750000	69.250000	9.676845e+04	1.150721e-04
	114	30	1.500000	66.000000	9.793656e+04	9.815081e-05
	0	49	-27.000000	61.250000	9.805581e+04	8.636893e-05
	274	55	41.500000	59.750000	9.716045e+04	1.529516e-04
	73	64	-8.750000	57.500000	9.619893e+04	3.134737e-04
