2022	2	10	6	0
	148	22	10.000000	68.000000	9.655923e+04	4.166420e-04
	57	56	-12.750000	59.500000	9.875123e+04	4.227739e-04
	152	106	11.000000	47.000000	1.022723e+05	-4.219965e-05
	139	110	7.750000	46.000000	1.022723e+05	-8.162635e-05
	282	140	43.500000	38.500000	1.008326e+05	-2.993744e-08
	248	157	35.000000	34.250000	1.006596e+05	1.517521e-04
2022	2	10	7	6
	176	6	17.000000	72.000000	9.724810e+04	1.204864e-04
	8	7	-25.000000	71.750000	1.003842e+05	-1.900961e-05
	167	14	14.750000	70.000000	9.680367e+04	3.545251e-05
	165	23	14.250000	67.750000	9.680367e+04	3.486126e-04
	75	60	-8.250000	58.500000	9.928943e+04	4.725585e-04
	152	106	11.000000	47.000000	1.021341e+05	-4.260092e-05
	139	110	7.750000	46.000000	1.021341e+05	-4.319004e-05
2022	2	10	9	12
	203	0	23.750000	73.500000	9.742553e+04	3.219452e-06
	179	5	17.750000	72.250000	9.742553e+04	8.098474e-05
	190	28	20.500000	66.500000	9.756841e+04	1.628590e-04
	94	64	-3.500000	57.500000	1.001100e+05	3.305774e-04
	137	117	7.250000	44.250000	1.022847e+05	1.118690e-04
	283	139	43.750000	38.750000	1.009854e+05	2.051704e-05
	280	151	43.000000	35.750000	1.009422e+05	1.070484e-04
	260	157	38.000000	34.250000	1.009422e+05	1.414200e-05
	270	157	40.500000	34.250000	1.009422e+05	6.353148e-06
2022	2	10	8	18
	212	0	26.000000	73.500000	9.765860e+04	4.888625e-06
	182	6	18.500000	72.000000	9.765860e+04	1.658286e-04
	38	17	-17.500000	69.250000	9.986366e+04	1.403737e-04
	209	30	25.250000	66.000000	9.810555e+04	1.661510e-04
	210	30	25.500000	66.000000	9.810555e+04	1.659807e-04
	111	68	0.750000	56.500000	1.003309e+05	3.191744e-04
	137	117	7.250000	44.250000	1.022559e+05	1.025741e-04
	89	157	-4.750000	34.250000	1.021496e+05	-3.319231e-05
2022	2	11	5	0
	220	0	28.000000	73.500000	9.789293e+04	2.429362e-05
	193	8	21.250000	71.500000	9.789293e+04	1.211759e-04
	56	13	-13.000000	70.250000	9.941397e+04	2.317915e-04
	0	71	-27.000000	55.750000	9.981878e+04	1.271976e-04
	123	74	3.750000	55.000000	1.007397e+05	3.717685e-04
2022	2	11	6	6
	205	0	24.250000	73.500000	9.811441e+04	-4.258287e-05
	207	9	24.750000	71.250000	9.811441e+04	1.102701e-04
	60	12	-12.000000	70.500000	9.913244e+04	2.211757e-04
	136	80	7.000000	53.500000	1.011325e+05	2.647550e-04
	137	117	7.250000	44.250000	1.020276e+05	1.058766e-04
	188	123	20.000000	42.750000	1.020852e+05	-4.408588e-06
2022	2	11	4	12
	221	0	28.250000	73.500000	9.858602e+04	2.153511e-05
	90	11	-4.500000	70.750000	9.929406e+04	1.082155e-04
	3	70	-26.250000	56.000000	9.905931e+04	1.743900e-04
	135	119	6.750000	43.750000	1.019558e+05	1.243066e-04
2022	2	11	7	18
	227	1	29.750000	73.250000	9.870971e+04	2.027287e-05
	123	10	3.750000	71.000000	9.908481e+04	1.518498e-04
	234	10	31.500000	71.000000	9.870971e+04	5.319026e-05
	24	54	-21.000000	60.000000	9.885259e+04	1.134702e-04
	2	56	-26.500000	59.500000	9.892087e+04	1.230936e-04
	20	66	-22.000000	57.000000	9.883805e+04	1.608510e-04
	137	123	7.250000	42.750000	1.020660e+05	6.917719e-05
2022	2	12	5	0
	227	3	29.750000	72.750000	9.873943e+04	1.558957e-04
	149	15	10.250000	69.750000	9.894657e+04	1.516022e-04
	38	51	-17.500000	60.750000	9.853881e+04	2.053084e-04
	41	59	-16.750000	58.750000	9.853881e+04	4.505122e-05
	42	59	-16.500000	58.750000	9.853881e+04	5.538919e-05
2022	2	12	6	6
	147	0	9.750000	73.500000	9.873711e+04	3.199080e-05
	231	2	30.750000	73.000000	9.873690e+04	1.588957e-04
	155	14	11.750000	70.000000	9.873121e+04	1.764258e-04
	31	55	-19.250000	59.750000	9.838203e+04	2.671314e-04
	55	55	-13.250000	59.750000	9.838372e+04	1.311894e-04
	266	84	39.500000	52.500000	1.006495e+05	9.687650e-05
2022	2	12	7	12
	170	0	15.500000	73.500000	9.872657e+04	1.549550e-04
	232	2	31.000000	73.000000	9.882751e+04	1.165540e-04
	240	11	33.000000	70.750000	9.882751e+04	1.450611e-04
	148	13	10.000000	70.250000	9.892951e+04	2.580915e-04
	66	53	-10.500000	60.250000	9.834873e+04	1.378366e-04
	67	53	-10.250000	60.250000	9.834873e+04	1.306860e-04
	279	82	42.750000	53.000000	1.002021e+05	1.586229e-04
2022	2	12	6	18
	194	0	21.500000	73.500000	9.880707e+04	4.957748e-05
	235	2	31.750000	73.000000	9.880707e+04	1.248128e-04
	149	16	10.250000	69.500000	9.900769e+04	2.158517e-04
	79	51	-7.250000	60.750000	9.815718e+04	1.609835e-04
	0	66	-27.000000	57.000000	1.002834e+05	4.038421e-05
	288	84	45.000000	52.500000	9.991509e+04	1.899971e-04
2022	2	13	6	0
	205	0	24.250000	73.500000	9.905320e+04	-1.172021e-06
	206	0	24.500000	73.500000	9.905320e+04	5.796576e-06
	158	17	12.500000	69.250000	9.895669e+04	1.384795e-04
	108	41	0.000000	63.250000	9.819406e+04	1.362329e-04
	87	51	-5.250000	60.750000	9.817720e+04	2.191355e-04
	24	107	-21.000000	46.750000	1.002995e+05	2.101787e-04
2022	2	13	3	6
	144	32	9.000000	65.500000	9.797954e+04	1.908790e-04
	38	36	-17.500000	64.500000	1.002158e+05	5.242960e-05
	51	108	-14.250000	46.500000	9.908966e+04	3.116245e-04
2022	2	13	3	12
	150	32	10.500000	65.500000	9.785015e+04	2.336779e-04
	40	36	-17.000000	64.500000	1.004691e+05	8.944389e-06
	70	103	-9.500000	47.750000	9.852870e+04	3.593750e-04
2022	2	13	7	18
	7	14	-25.250000	70.000000	9.967443e+04	5.323444e-05
	163	20	13.750000	68.500000	9.803791e+04	5.510231e-05
	165	32	14.250000	65.500000	9.802505e+04	8.350411e-05
	118	55	2.500000	59.750000	9.835063e+04	2.280972e-04
	90	97	-4.500000	49.250000	9.788977e+04	2.251001e-04
	89	106	-4.750000	47.000000	9.788977e+04	3.883147e-04
	278	121	42.500000	43.250000	1.022219e+05	7.814646e-06
2022	2	14	3	0
	164	18	14.000000	69.000000	9.803623e+04	1.223325e-04
	186	31	19.500000	65.750000	9.813211e+04	6.692616e-05
	102	95	-1.500000	49.750000	9.758021e+04	4.029689e-04
2022	2	14	3	6
	166	20	14.500000	68.500000	9.805561e+04	1.971839e-04
	0	53	-27.000000	60.250000	9.847180e+04	1.183774e-04
	113	92	1.250000	50.500000	9.775385e+04	4.359653e-04
2022	2	14	5	12
	6	7	-25.500000	71.750000	9.976630e+04	1.761125e-05
	184	11	19.000000	70.750000	9.811230e+04	1.431258e-04
	0	44	-27.000000	62.500000	9.791822e+04	9.852986e-05
	131	86	5.750000	52.000000	9.839130e+04	3.272570e-04
	134	121	6.500000	43.250000	1.008600e+05	1.772783e-04
2022	2	14	6	18
	191	12	20.750000	70.500000	9.800988e+04	7.648249e-05
	221	14	28.250000	70.000000	9.800988e+04	2.151923e-05
	1	38	-26.750000	64.000000	9.756462e+04	1.397066e-04
	27	39	-20.250000	63.750000	9.756462e+04	1.141035e-04
	163	62	13.750000	58.000000	9.873037e+04	1.590919e-04
	145	119	9.250000	43.750000	1.008041e+05	1.624269e-04
2022	2	15	10	0
	218	7	27.500000	71.750000	9.805034e+04	6.968875e-05
	190	13	20.500000	70.250000	9.805034e+04	1.628490e-04
	288	24	45.000000	67.500000	9.979054e+04	9.474922e-06
	0	34	-27.000000	65.000000	9.769822e+04	7.366942e-05
	37	35	-17.750000	64.750000	9.787923e+04	8.938087e-05
	170	60	15.500000	58.500000	9.861467e+04	1.951710e-04
	155	63	11.750000	57.750000	9.861467e+04	1.260146e-04
	146	117	9.500000	44.250000	1.009070e+05	1.466542e-04
	280	121	43.000000	43.250000	1.020350e+05	3.733279e-07
	147	126	9.750000	42.000000	1.009070e+05	9.199750e-05
2022	2	15	7	6
	219	6	27.750000	72.000000	9.820734e+04	7.150043e-05
	220	6	28.000000	72.000000	9.820734e+04	7.151929e-05
	223	18	28.750000	69.000000	9.822883e+04	1.088958e-04
	186	56	19.500000	59.500000	9.849435e+04	1.680519e-04
	24	74	-21.000000	55.000000	9.847012e+04	1.904302e-04
	146	119	9.500000	43.750000	1.009409e+05	9.248152e-05
	154	125	11.500000	42.250000	1.009409e+05	7.527834e-05
2022	2	15	8	12
	209	6	25.250000	72.000000	9.831755e+04	8.563149e-05
	210	6	25.500000	72.000000	9.831755e+04	8.681740e-05
	211	6	25.750000	72.000000	9.831755e+04	8.531309e-05
	6	7	-25.500000	71.750000	9.899694e+04	-6.635558e-06
	233	14	31.250000	70.000000	9.831755e+04	7.836857e-05
	194	54	21.500000	60.000000	9.847327e+04	3.118412e-04
	59	68	-12.250000	56.500000	9.794666e+04	2.598765e-04
	156	122	12.000000	43.000000	1.011622e+05	1.909590e-05
2022	2	15	10	18
	6	7	-25.500000	71.750000	9.898977e+04	-4.034367e-06
	205	9	24.250000	71.250000	9.828847e+04	6.872295e-05
	234	12	31.500000	70.500000	9.828847e+04	1.902746e-04
	235	13	31.750000	70.250000	9.828847e+04	1.990398e-04
	0	38	-27.000000	64.000000	9.757958e+04	1.291359e-05
	207	54	24.750000	60.000000	9.869496e+04	3.747821e-04
	86	64	-5.500000	57.500000	9.763710e+04	3.356608e-04
	166	124	14.500000	42.500000	1.013080e+05	7.886969e-05
	149	128	10.250000	41.500000	1.013114e+05	1.352268e-04
	149	129	10.250000	41.250000	1.013114e+05	1.259684e-04
2022	2	16	7	0
	234	13	31.500000	70.250000	9.839720e+04	1.065800e-04
	288	18	45.000000	69.000000	9.872320e+04	-5.345755e-05
	112	62	1.000000	58.000000	9.773805e+04	3.388913e-04
	0	63	-27.000000	57.750000	9.477984e+04	1.203132e-04
	152	106	11.000000	47.000000	1.017324e+05	-6.019389e-05
	169	124	15.250000	42.500000	1.015366e+05	6.015250e-05
	151	130	10.750000	41.000000	1.015031e+05	6.407666e-05
2022	2	16	4	6
	279	10	42.750000	71.000000	9.815466e+04	8.499388e-05
	12	52	-24.000000	60.500000	9.417062e+04	3.535442e-04
	122	63	3.500000	57.750000	9.851859e+04	2.183637e-04
	278	121	42.500000	43.250000	1.024601e+05	-3.506005e-05
2022	2	16	4	12
	277	7	42.250000	71.750000	9.788281e+04	1.193884e-04
	47	48	-15.250000	61.500000	9.436702e+04	1.967442e-04
	278	120	42.500000	43.500000	1.021760e+05	-1.202727e-05
	288	124	45.000000	42.500000	1.023237e+05	-3.090536e-05
2022	2	16	5	18
	271	6	40.750000	72.000000	9.771318e+04	2.180914e-04
	237	9	32.250000	71.250000	9.771318e+04	5.977541e-05
	238	9	32.500000	71.250000	9.771318e+04	5.344954e-05
	68	43	-10.000000	62.750000	9.447744e+04	1.331482e-04
	69	43	-9.750000	62.750000	9.447744e+04	1.303314e-04
2022	2	17	5	0
	268	1	40.000000	73.250000	9.765523e+04	6.699986e-05
	279	12	42.750000	70.500000	9.765523e+04	1.804446e-04
	88	41	-5.000000	63.250000	9.468184e+04	1.607964e-04
	136	117	7.000000	44.250000	1.023579e+05	5.139178e-05
	180	155	18.000000	34.750000	1.020283e+05	1.112640e-04
2022	2	17	6	6
	266	2	39.500000	73.000000	9.764238e+04	1.157594e-04
	242	7	33.500000	71.750000	9.764238e+04	1.109283e-05
	0	31	-27.000000	65.750000	9.742048e+04	9.148619e-05
	110	39	0.500000	63.750000	9.503755e+04	1.472242e-04
	192	52	21.000000	60.500000	9.669957e+04	2.820902e-04
	180	151	18.000000	35.750000	1.021113e+05	1.080368e-04
2022	2	17	5	12
	272	2	41.000000	73.000000	9.772688e+04	1.196016e-04
	0	28	-27.000000	66.500000	9.816877e+04	1.145384e-04
	121	35	3.250000	64.750000	9.539411e+04	1.910815e-04
	207	50	24.750000	61.000000	9.665848e+04	2.419963e-04
	42	90	-16.500000	51.000000	1.005734e+05	1.781917e-04
2022	2	17	7	18
	258	0	37.500000	73.500000	9.777387e+04	-1.675998e-05
	221	5	28.250000	72.250000	9.777387e+04	9.420208e-05
	130	33	5.500000	65.250000	9.581641e+04	1.874486e-04
	226	50	29.500000	61.000000	9.652635e+04	2.436093e-04
	45	62	-15.750000	58.000000	9.894236e+04	2.077242e-04
	69	80	-9.750000	53.500000	9.964240e+04	2.273569e-04
	204	82	24.000000	53.000000	9.861362e+04	2.619893e-04
2022	2	18	6	0
	230	4	30.500000	72.500000	9.777724e+04	1.289066e-04
	132	32	6.000000	65.500000	9.613693e+04	3.396692e-04
	132	33	6.000000	65.250000	9.613693e+04	3.458679e-04
	235	50	31.750000	61.000000	9.669177e+04	2.178214e-04
	99	69	-2.250000	56.250000	9.864881e+04	2.822098e-04
	242	80	33.500000	53.500000	9.781496e+04	4.416162e-04
2022	2	18	8	6
	204	0	24.000000	73.500000	9.776987e+04	9.538927e-06
	237	0	32.250000	73.500000	9.776987e+04	1.316135e-04
	237	1	32.250000	73.250000	9.776987e+04	1.431782e-04
	134	32	6.500000	65.500000	9.604990e+04	3.781580e-04
	245	51	34.250000	60.750000	9.719310e+04	1.508321e-04
	126	62	4.500000	58.000000	9.725759e+04	4.136946e-04
	266	76	39.500000	54.500000	9.734798e+04	3.749529e-04
	252	157	36.000000	34.250000	1.021686e+05	-1.317512e-06
2022	2	18	4	12
	140	32	8.000000	65.500000	9.615842e+04	4.953393e-04
	156	58	12.000000	59.000000	9.709722e+04	3.125702e-04
	285	73	44.250000	55.250000	9.734314e+04	3.211516e-04
	283	120	43.750000	43.500000	1.006160e+05	-2.865054e-05
2022	2	18	3	18
	147	32	9.750000	65.500000	9.637062e+04	5.805413e-04
	192	57	21.000000	59.250000	9.709279e+04	1.984821e-04
	286	129	44.500000	41.250000	1.016898e+05	-2.224464e-06
2022	2	19	5	0
	164	26	14.000000	67.000000	9.698975e+04	5.162573e-06
	154	34	11.500000	65.000000	9.698975e+04	4.351320e-04
	0	41	-27.000000	63.250000	9.940280e+04	9.497310e-05
	216	57	27.000000	59.250000	9.727107e+04	1.424217e-04
	136	114	7.000000	45.000000	1.022143e+05	7.208219e-05
2022	2	19	7	6
	195	11	21.750000	70.750000	9.798586e+04	1.078985e-04
	184	22	19.000000	68.000000	9.798586e+04	6.856272e-06
	172	39	16.000000	63.750000	9.784636e+04	2.826819e-04
	0	52	-27.000000	60.500000	9.880496e+04	9.157152e-05
	233	60	31.250000	58.500000	9.727149e+04	1.490557e-04
	234	60	31.500000	58.500000	9.727149e+04	1.467262e-04
	138	119	7.500000	43.750000	1.020335e+05	1.023009e-04
2022	2	19	5	12
	6	7	-25.500000	71.750000	1.003650e+05	2.689730e-05
	204	10	24.000000	71.000000	9.840690e+04	1.881766e-04
	0	42	-27.000000	63.000000	9.799661e+04	1.305843e-04
	288	50	45.000000	61.000000	9.759854e+04	-3.464969e-05
	146	126	9.500000	42.000000	1.022993e+05	5.059456e-05
2022	2	19	2	18
	0	35	-27.000000	64.750000	9.699628e+04	4.592821e-05
	288	53	45.000000	60.250000	9.784910e+04	-4.775286e-05
2022	2	20	1	0
	0	24	-27.000000	67.500000	9.664457e+04	1.655716e-04
