2022	2	14	8	0
	2	6	-26.500000	72.000000	9.980402e+04	-8.433688e-06
	219	9	27.750000	71.250000	9.838210e+04	1.214529e-04
	193	12	21.250000	70.500000	9.838210e+04	1.348643e-04
	1	17	-26.750000	69.250000	9.980402e+04	7.943358e-06
	220	17	28.000000	69.250000	9.838210e+04	9.814814e-05
	218	25	27.500000	67.250000	9.853943e+04	1.197018e-04
	113	62	1.250000	58.000000	9.847163e+04	8.684627e-05
	102	71	-1.500000	55.750000	9.847163e+04	1.704090e-04
2022	2	14	5	3
	61	4	-11.750000	72.500000	1.001325e+05	1.045006e-04
	213	9	26.250000	71.250000	9.808559e+04	2.331033e-04
	227	22	29.750000	68.000000	9.829205e+04	9.832840e-05
	116	61	2.000000	58.250000	9.841600e+04	9.079248e-05
	108	70	0.000000	56.000000	9.841600e+04	1.452362e-04
2022	2	14	3	6
	66	3	-10.500000	72.750000	1.001206e+05	1.225750e-04
	217	8	27.250000	71.500000	9.794026e+04	2.378260e-04
	108	70	0.000000	56.000000	9.844356e+04	1.878897e-04
2022	2	14	4	9
	73	2	-8.750000	73.000000	1.001908e+05	9.530413e-05
	215	9	26.750000	71.250000	9.808834e+04	2.638032e-04
	0	53	-27.000000	60.250000	9.809792e+04	1.140146e-04
	117	67	2.250000	56.750000	9.854610e+04	5.719805e-05
2022	2	14	4	12
	229	5	30.250000	72.250000	9.813267e+04	1.966436e-04
	224	16	29.000000	69.500000	9.813267e+04	1.643998e-04
	0	49	-27.000000	61.250000	9.764512e+04	1.541732e-04
	128	65	5.000000	57.250000	9.849492e+04	1.471933e-04
2022	2	14	3	15
	229	5	30.250000	72.250000	9.820886e+04	1.982693e-04
	0	44	-27.000000	62.500000	9.714780e+04	1.705923e-04
	133	62	6.250000	58.000000	9.837885e+04	1.931870e-04
2022	2	14	3	18
	250	7	35.500000	71.750000	9.834906e+04	8.844300e-05
	0	41	-27.000000	63.250000	9.705365e+04	1.386359e-04
	133	61	6.250000	58.250000	9.854713e+04	2.367358e-04
2022	2	14	7	21
	229	7	30.250000	71.750000	9.834084e+04	3.021240e-04
	259	7	37.750000	71.750000	9.834084e+04	1.270093e-04
	0	36	-27.000000	64.500000	9.727500e+04	1.233408e-04
	27	39	-20.250000	63.750000	9.731438e+04	-2.453627e-05
	135	58	6.750000	59.000000	9.865960e+04	1.790139e-04
	138	121	7.500000	43.250000	1.011701e+05	1.116174e-04
	139	121	7.750000	43.250000	1.011701e+05	1.191827e-04
2022	2	15	7	0
	6	7	-25.500000	71.750000	9.979427e+04	4.965120e-05
	251	7	35.750000	71.750000	9.838484e+04	9.225502e-05
	0	35	-27.000000	64.750000	9.744671e+04	1.366513e-04
	28	38	-20.000000	64.000000	9.744825e+04	-2.795523e-05
	126	53	4.500000	60.250000	9.876198e+04	1.140003e-04
	141	58	8.250000	59.000000	9.876198e+04	2.078717e-04
	145	117	9.250000	44.250000	1.011938e+05	1.503420e-04
2022	2	15	5	3
	248	8	35.000000	71.500000	9.843398e+04	1.095073e-04
	22	42	-21.500000	63.000000	9.743045e+04	1.895025e-04
	125	50	4.250000	61.000000	9.873801e+04	1.200288e-04
	145	56	9.250000	59.500000	9.873801e+04	2.306491e-04
	146	117	9.500000	44.250000	1.011255e+05	9.962146e-05
2022	2	15	8	6
	6	7	-25.500000	71.750000	9.969429e+04	3.309679e-05
	250	11	35.500000	70.750000	9.854456e+04	1.647547e-04
	0	32	-27.000000	65.500000	9.745167e+04	1.004285e-04
	125	49	4.250000	61.250000	9.870891e+04	1.309624e-04
	149	56	10.250000	59.500000	9.874828e+04	2.622495e-04
	0	87	-27.000000	51.750000	9.943356e+04	8.831045e-05
	158	113	12.500000	45.250000	1.012052e+05	1.040181e-04
	146	117	9.500000	44.250000	1.012052e+05	7.944921e-05
2022	2	15	6	9
	252	13	36.000000	70.250000	9.870823e+04	1.739397e-04
	279	13	42.750000	70.250000	9.870823e+04	1.559649e-04
	0	32	-27.000000	65.500000	9.754617e+04	7.797167e-05
	124	47	4.000000	61.750000	9.867073e+04	1.826759e-04
	78	53	-7.500000	60.250000	9.798202e+04	2.441942e-04
	161	111	13.250000	45.750000	1.012636e+05	1.063935e-04
2022	2	15	6	12
	282	13	43.500000	70.250000	9.888079e+04	1.767179e-04
	36	35	-18.000000	64.750000	9.775708e+04	1.093833e-04
	0	37	-27.000000	64.250000	9.768004e+04	-4.314597e-05
	77	50	-7.750000	61.000000	9.800017e+04	2.475313e-04
	161	111	13.250000	45.750000	1.012403e+05	9.184210e-05
	152	162	11.000000	33.000000	1.016628e+05	9.840013e-05
2022	2	15	8	15
	286	12	44.500000	70.500000	9.893334e+04	1.648255e-04
	0	28	-27.000000	66.500000	9.768295e+04	1.192313e-04
	0	39	-27.000000	63.750000	9.768295e+04	-1.161222e-05
	76	49	-8.000000	61.250000	9.798185e+04	2.527371e-04
	161	111	13.250000	45.750000	1.011138e+05	5.974328e-05
	172	115	16.000000	44.750000	1.011138e+05	8.100137e-05
	143	157	8.750000	34.250000	1.015272e+05	-2.347293e-05
	153	162	11.250000	33.000000	1.015272e+05	1.107489e-04
2022	2	15	4	18
	77	49	-7.750000	61.250000	9.807995e+04	2.396957e-04
	113	55	1.250000	59.750000	9.825456e+04	1.511026e-04
	175	116	16.750000	44.500000	1.012307e+05	5.877736e-05
	161	162	13.250000	33.000000	1.016033e+05	-8.607491e-06
2022	2	15	5	21
	40	35	-17.000000	64.750000	9.822204e+04	1.795756e-04
	79	49	-7.250000	61.250000	9.818386e+04	2.302078e-04
	117	55	2.250000	59.750000	9.818968e+04	1.783115e-04
	0	69	-27.000000	56.250000	9.734485e+04	1.004516e-04
	162	162	13.500000	33.000000	1.016971e+05	-8.154031e-06
2022	2	16	4	0
	80	49	-7.000000	61.250000	9.825011e+04	1.930394e-04
	121	55	3.250000	59.750000	9.820389e+04	1.830344e-04
	0	65	-27.000000	57.250000	9.646560e+04	1.210709e-04
	164	162	14.000000	33.000000	1.016442e+05	5.088562e-06
2022	2	16	5	3
	128	35	5.000000	64.750000	9.826689e+04	1.768588e-04
	80	48	-7.000000	61.500000	9.820081e+04	1.736361e-04
	126	55	4.500000	59.750000	9.827117e+04	1.736744e-04
	5	61	-25.750000	58.250000	9.595836e+04	2.958852e-04
	167	161	14.750000	33.250000	1.015793e+05	5.594143e-05
2022	2	16	3	6
	123	36	3.750000	64.500000	9.817120e+04	1.651108e-04
	8	58	-25.000000	59.000000	9.555589e+04	3.986711e-04
	26	58	-20.500000	59.000000	9.555589e+04	2.996764e-04
2022	2	16	6	9
	121	36	3.250000	64.500000	9.802876e+04	1.614246e-04
	151	58	10.750000	59.000000	9.838655e+04	1.411467e-04
	18	59	-22.500000	58.750000	9.559475e+04	3.488569e-04
	64	60	-11.000000	58.500000	9.594124e+04	2.946047e-04
	137	117	7.250000	44.250000	1.012674e+05	1.308933e-04
	278	120	42.500000	43.500000	1.021353e+05	6.077747e-06
2022	2	16	5	12
	33	54	-18.750000	60.000000	9.567230e+04	1.887351e-04
	70	55	-9.500000	59.750000	9.565295e+04	3.295055e-04
	158	57	12.500000	59.250000	9.839614e+04	1.466104e-04
	136	119	7.000000	43.750000	1.013514e+05	1.457651e-04
	176	152	17.000000	35.500000	1.014944e+05	1.297307e-04
2022	2	16	4	15
	0	42	-27.000000	63.000000	9.773842e+04	-1.692423e-05
	71	53	-9.250000	60.250000	9.515495e+04	3.663499e-04
	34	54	-18.500000	60.000000	9.580548e+04	2.312403e-04
	179	152	17.750000	35.500000	1.013100e+05	1.455636e-04
2022	2	16	3	18
	73	53	-8.750000	60.250000	9.511815e+04	4.040565e-04
	136	115	7.000000	44.750000	1.011368e+05	2.163065e-05
	180	150	18.000000	36.000000	1.012802e+05	1.718325e-04
2022	2	16	5	21
	288	11	45.000000	70.750000	9.933907e+04	8.179763e-05
	75	53	-8.250000	60.250000	9.511849e+04	4.028502e-04
	137	117	7.250000	44.250000	1.011587e+05	5.124788e-05
	279	120	42.750000	43.500000	1.018797e+05	-3.364782e-05
	185	149	19.250000	36.250000	1.011830e+05	1.552877e-04
2022	2	17	3	0
	79	55	-7.250000	59.750000	9.527308e+04	3.430331e-04
	143	62	8.750000	58.000000	9.615180e+04	2.212364e-04
	180	149	18.000000	36.250000	1.009815e+05	2.426265e-04
2022	2	17	5	3
	86	57	-5.500000	59.250000	9.553175e+04	2.980627e-04
	151	62	10.750000	58.000000	9.625264e+04	1.950020e-04
	173	67	16.250000	56.750000	9.626342e+04	2.536776e-04
	197	150	22.250000	36.000000	1.007589e+05	2.927956e-05
	183	151	18.750000	35.750000	1.007589e+05	2.392543e-04
2022	2	17	5	6
	125	50	4.250000	61.000000	9.603146e+04	1.261244e-04
	97	59	-2.750000	58.750000	9.589827e+04	2.547005e-04
	162	63	13.500000	57.750000	9.615249e+04	2.605319e-04
	183	65	18.750000	57.250000	9.615249e+04	2.680901e-04
	186	154	19.500000	35.000000	1.007567e+05	2.017890e-04
2022	2	17	7	9
	125	50	4.250000	61.000000	9.628756e+04	1.289002e-04
	111	61	0.750000	58.250000	9.621874e+04	2.623876e-04
	189	63	20.250000	57.750000	9.589297e+04	2.921703e-04
	170	64	15.500000	57.500000	9.589297e+04	2.115975e-04
	2	113	-26.500000	45.250000	1.002866e+05	1.435410e-04
	279	120	42.750000	43.500000	1.013665e+05	1.723152e-06
	190	154	20.500000	35.000000	1.007872e+05	2.114782e-04
2022	2	17	6	12
	126	50	4.500000	61.000000	9.661471e+04	1.179617e-04
	192	62	21.000000	58.000000	9.569969e+04	3.229826e-04
	193	62	21.250000	58.000000	9.569969e+04	3.196978e-04
	11	106	-24.250000	47.000000	9.975763e+04	2.882041e-04
	279	120	42.750000	43.500000	1.011645e+05	9.155782e-06
	191	155	20.750000	34.750000	1.007144e+05	2.496026e-04
2022	2	17	6	15
	138	40	7.500000	63.500000	9.697593e+04	5.678220e-05
	195	62	21.750000	58.000000	9.574300e+04	3.284606e-04
	141	66	8.250000	57.000000	9.696497e+04	2.708086e-04
	19	101	-22.250000	48.250000	9.935156e+04	3.267756e-04
	20	101	-22.000000	48.250000	9.935156e+04	3.221193e-04
	191	157	20.750000	34.250000	1.007367e+05	2.449182e-04
2022	2	17	4	18
	138	40	7.500000	63.500000	9.725446e+04	7.167651e-05
	199	63	22.750000	57.750000	9.599499e+04	2.896801e-04
	29	95	-19.750000	49.750000	9.889996e+04	3.510654e-04
	192	160	21.000000	33.500000	1.009041e+05	1.913917e-04
2022	2	17	4	21
	206	64	24.500000	57.500000	9.629167e+04	2.835707e-04
	37	91	-17.750000	50.750000	9.879845e+04	3.922685e-04
	154	110	11.500000	46.000000	1.005766e+05	1.221410e-04
	193	162	21.250000	33.000000	1.010423e+05	5.596127e-05
2022	2	18	2	0
	213	65	26.250000	57.250000	9.663371e+04	2.419955e-04
	42	90	-16.500000	51.000000	9.832630e+04	5.598438e-04
2022	2	18	4	3
	147	25	9.750000	67.250000	9.795669e+04	2.189280e-05
	220	53	28.000000	60.250000	9.688195e+04	9.587543e-05
	220	65	28.000000	57.250000	9.688434e+04	2.241879e-04
	52	87	-14.000000	51.750000	9.786339e+04	6.228645e-04
2022	2	18	4	6
	147	25	9.750000	67.250000	9.794916e+04	2.295984e-05
	225	50	29.250000	61.000000	9.706580e+04	1.271256e-04
	64	83	-11.000000	52.750000	9.738388e+04	6.191199e-04
	161	126	13.250000	42.000000	1.012847e+05	1.229085e-05
2022	2	18	4	9
	115	24	1.750000	67.500000	9.791766e+04	1.278451e-04
	138	25	7.500000	67.250000	9.791766e+04	2.432425e-05
	228	48	30.000000	61.500000	9.717999e+04	1.611420e-04
	79	76	-7.250000	54.500000	9.711579e+04	3.600442e-04
2022	2	18	4	12
	141	25	8.250000	67.250000	9.788702e+04	-1.970985e-05
	147	25	9.750000	67.250000	9.788702e+04	2.722535e-05
	230	43	30.500000	62.750000	9.727329e+04	1.367468e-04
	93	72	-3.750000	55.500000	9.667138e+04	3.566320e-04
2022	2	18	4	15
	74	15	-8.500000	69.750000	9.781545e+04	3.951358e-04
	143	25	8.750000	67.250000	9.776752e+04	-3.339778e-06
	231	40	30.750000	63.500000	9.733817e+04	1.480671e-04
	111	67	0.750000	56.750000	9.605474e+04	3.813240e-04
2022	2	18	4	18
	66	19	-10.500000	68.750000	9.763502e+04	3.949193e-04
	149	25	10.250000	67.250000	9.759702e+04	7.214305e-05
	234	38	31.500000	64.000000	9.726593e+04	1.614444e-04
	122	63	3.500000	57.750000	9.548348e+04	3.900420e-04
2022	2	18	6	21
	66	23	-10.500000	67.750000	9.751467e+04	2.781753e-04
	142	34	8.500000	65.000000	9.743473e+04	3.348944e-05
	238	37	32.500000	64.250000	9.718393e+04	1.526007e-04
	16	57	-23.000000	59.250000	9.781391e+04	1.843558e-04
	132	66	6.000000	57.000000	9.563121e+04	4.296004e-04
	225	149	29.250000	36.250000	1.006952e+05	1.786976e-04
2022	2	19	8	0
	147	24	9.750000	67.500000	9.735444e+04	2.664896e-05
	67	25	-10.250000	67.250000	9.748095e+04	2.569537e-04
	148	33	10.000000	65.250000	9.735444e+04	3.699884e-05
	241	35	33.250000	64.750000	9.715226e+04	1.386850e-04
	33	58	-18.750000	59.000000	9.774098e+04	1.810225e-04
	147	62	9.750000	58.000000	9.573992e+04	3.384211e-04
	282	121	43.500000	43.250000	1.007660e+05	4.130846e-05
	225	151	29.250000	35.750000	1.006309e+05	1.789253e-04
2022	2	19	9	3
	147	24	9.750000	67.500000	9.728424e+04	2.626914e-05
	67	26	-10.250000	67.000000	9.746160e+04	2.157505e-04
	234	30	31.500000	66.000000	9.707796e+04	1.082340e-04
	149	32	10.250000	65.500000	9.728424e+04	6.782248e-05
	0	55	-27.000000	59.750000	9.791783e+04	1.586398e-04
	47	58	-15.250000	59.000000	9.765522e+04	2.029721e-04
	157	61	12.250000	58.250000	9.607888e+04	2.633578e-04
	282	121	43.500000	43.250000	1.010513e+05	2.389884e-05
	224	153	29.000000	35.250000	1.007113e+05	1.425505e-04
2022	2	19	8	6
	146	23	9.500000	67.750000	9.726028e+04	5.889015e-05
	65	27	-10.750000	66.750000	9.748420e+04	2.265475e-04
	240	29	33.000000	66.250000	9.706427e+04	6.869374e-05
	0	54	-27.000000	60.000000	9.784302e+04	1.141581e-04
	185	57	19.250000	59.250000	9.610148e+04	1.684449e-04
	71	59	-9.250000	58.750000	9.764187e+04	2.137788e-04
	137	117	7.250000	44.250000	1.015115e+05	1.221149e-04
	223	158	28.750000	34.000000	1.009753e+05	1.369227e-04
2022	2	19	8	9
	146	23	9.500000	67.750000	9.730256e+04	4.947105e-05
	63	28	-11.250000	66.500000	9.760934e+04	1.917650e-04
	241	28	33.250000	66.500000	9.711922e+04	4.564084e-05
	152	31	11.000000	65.750000	9.730256e+04	9.926938e-05
	88	58	-5.000000	59.000000	9.770110e+04	1.759462e-04
	196	58	22.000000	59.000000	9.625589e+04	1.169134e-04
	150	109	10.500000	46.250000	1.015284e+05	3.171618e-05
	137	117	7.250000	44.250000	1.016334e+05	9.909824e-05
2022	2	19	6	12
	122	20	3.500000	68.500000	9.736111e+04	7.243400e-05
	148	23	10.000000	67.750000	9.736111e+04	5.380697e-05
	244	27	34.000000	66.750000	9.722364e+04	3.482010e-05
	97	57	-2.750000	59.250000	9.775212e+04	1.958730e-04
	206	58	24.500000	59.000000	9.655548e+04	1.163952e-04
	154	109	11.500000	46.250000	1.016034e+05	3.422132e-05
2022	2	19	10	15
	250	17	35.500000	69.250000	9.727123e+04	1.682818e-04
	118	20	2.500000	68.500000	9.740152e+04	9.102650e-05
	119	20	2.750000	68.500000	9.739791e+04	8.411564e-05
	150	23	10.500000	67.750000	9.739791e+04	5.508051e-05
	245	25	34.250000	67.250000	9.727123e+04	2.081531e-05
	0	53	-27.000000	60.250000	9.692662e+04	6.788597e-07
	105	58	-0.750000	59.000000	9.787144e+04	2.219393e-04
	219	58	27.750000	59.000000	9.684240e+04	1.821205e-04
	0	64	-27.000000	57.500000	9.692662e+04	1.221271e-04
	153	109	11.250000	46.250000	1.016394e+05	4.555664e-06
2022	2	19	7	18
	242	16	33.500000	69.500000	9.724488e+04	1.833880e-04
	115	20	1.750000	68.500000	9.740425e+04	9.427922e-05
	155	23	11.750000	67.750000	9.738936e+04	4.600698e-05
	240	24	33.000000	67.500000	9.724488e+04	-9.850699e-06
	232	56	31.000000	59.500000	9.702883e+04	1.289806e-04
	153	108	11.250000	46.500000	1.019489e+05	-1.575704e-05
	135	119	6.750000	43.750000	1.019436e+05	1.111901e-04
2022	2	19	6	21
	233	15	31.250000	69.750000	9.727038e+04	1.826670e-04
	113	21	1.250000	68.250000	9.736111e+04	7.627031e-05
	236	24	32.000000	67.500000	9.727038e+04	-1.013737e-06
	135	27	6.750000	66.750000	9.736111e+04	1.352925e-04
	243	53	33.750000	60.250000	9.717229e+04	5.839226e-05
	5	60	-25.750000	58.500000	9.606176e+04	3.124389e-04
2022	2	20	6	0
	225	16	29.250000	69.500000	9.731335e+04	1.430679e-04
	112	21	1.000000	68.250000	9.741212e+04	6.642463e-05
	113	21	1.250000	68.250000	9.741212e+04	6.834438e-05
	142	27	8.500000	66.750000	9.739775e+04	1.590759e-04
	251	50	35.750000	61.000000	9.731352e+04	4.678189e-05
	20	58	-22.000000	59.000000	9.587123e+04	2.079569e-04
