2022	2	14	5	0
	4	6	-26.000000	72.000000	9.973332e+04	-1.449164e-05
	221	10	28.250000	71.000000	9.840104e+04	1.317630e-04
	1	17	-26.750000	69.250000	9.973332e+04	5.278682e-07
	218	25	27.500000	67.250000	9.852563e+04	1.066338e-04
	105	71	-0.750000	55.750000	9.849173e+04	9.059859e-05
2022	2	14	4	3
	210	9	25.500000	71.250000	9.809255e+04	1.995868e-04
	233	20	31.250000	68.500000	9.816137e+04	5.962119e-05
	117	64	2.250000	57.500000	9.850275e+04	1.004622e-04
	109	71	0.250000	55.750000	9.850275e+04	7.060359e-05
2022	2	14	3	6
	219	8	27.750000	71.500000	9.792655e+04	2.322901e-04
	117	68	2.250000	56.500000	9.851645e+04	7.042686e-05
	122	121	3.500000	43.250000	1.008545e+05	2.122392e-04
2022	2	14	4	9
	65	3	-10.750000	72.750000	1.001659e+05	6.790641e-05
	216	10	27.000000	71.000000	9.795644e+04	3.288683e-04
	0	51	-27.000000	60.750000	9.802341e+04	1.213150e-04
	123	66	3.750000	57.000000	9.857456e+04	5.254480e-05
2022	2	14	4	12
	7	6	-25.250000	72.000000	9.998251e+04	2.328803e-05
	223	9	28.750000	71.250000	9.802541e+04	2.311944e-04
	0	48	-27.000000	61.500000	9.760538e+04	1.368861e-04
	131	64	5.750000	57.500000	9.855102e+04	1.413322e-04
2022	2	14	6	15
	6	7	-25.500000	71.750000	9.979662e+04	3.086211e-05
	242	12	33.500000	70.500000	9.807686e+04	1.878479e-04
	243	12	33.750000	70.500000	9.807686e+04	1.809392e-04
	242	13	33.500000	70.250000	9.807686e+04	2.026673e-04
	0	43	-27.000000	62.750000	9.729322e+04	1.242963e-04
	131	62	5.750000	58.000000	9.855068e+04	1.596436e-04
2022	2	14	5	18
	251	12	35.750000	70.500000	9.806767e+04	1.792100e-04
	288	12	45.000000	70.500000	9.909416e+04	8.555966e-05
	0	39	-27.000000	63.750000	9.709380e+04	1.144144e-04
	150	57	10.500000	59.250000	9.862918e+04	2.082242e-04
	131	62	5.750000	58.000000	9.862918e+04	2.069536e-04
2022	2	14	5	21
	258	11	37.500000	70.750000	9.806567e+04	1.882566e-04
	0	36	-27.000000	64.500000	9.714374e+04	1.025545e-04
	27	39	-20.250000	63.750000	9.717080e+04	2.129818e-05
	135	61	6.750000	58.250000	9.870116e+04	2.385347e-04
	138	121	7.500000	43.250000	1.010783e+05	1.215624e-04
2022	2	15	7	0
	6	7	-25.500000	71.750000	9.959770e+04	5.215534e-05
	260	10	38.000000	71.000000	9.810692e+04	1.772543e-04
	0	36	-27.000000	64.500000	9.724278e+04	1.295439e-04
	28	38	-20.000000	64.000000	9.725297e+04	-3.812944e-05
	125	52	4.250000	60.500000	9.875578e+04	1.108731e-04
	139	61	7.750000	58.250000	9.875578e+04	2.011083e-04
	139	121	7.750000	43.250000	1.010890e+05	9.484513e-05
2022	2	15	10	3
	242	6	33.500000	72.000000	9.816438e+04	1.212930e-04
	243	6	33.750000	72.000000	9.816438e+04	1.044068e-04
	264	11	39.000000	70.750000	9.816438e+04	2.072192e-04
	265	11	39.250000	70.750000	9.816438e+04	2.129206e-04
	266	11	39.500000	70.750000	9.816438e+04	2.148816e-04
	24	39	-21.000000	63.750000	9.728988e+04	1.759922e-04
	124	51	4.000000	60.750000	9.882927e+04	1.133505e-04
	146	59	9.500000	58.750000	9.876764e+04	1.836586e-04
	171	103	15.750000	47.750000	1.009935e+05	4.881973e-05
	146	118	9.500000	44.000000	1.009649e+05	1.336666e-04
2022	2	15	9	6
	243	10	33.750000	71.000000	9.825941e+04	1.647344e-04
	244	10	34.000000	71.000000	9.825941e+04	1.469906e-04
	272	10	41.000000	71.000000	9.825941e+04	2.166342e-04
	10	31	-24.500000	65.750000	9.736955e+04	8.863517e-05
	36	41	-18.000000	63.250000	9.768488e+04	2.383918e-04
	123	50	3.750000	61.000000	9.884363e+04	1.106674e-04
	152	57	11.000000	59.250000	9.882943e+04	1.834325e-04
	0	86	-27.000000	52.000000	9.903386e+04	1.192173e-04
	146	117	9.500000	44.250000	1.009641e+05	1.470164e-04
2022	2	15	7	9
	274	9	41.500000	71.250000	9.839068e+04	2.150117e-04
	35	36	-18.250000	64.500000	9.766082e+04	1.465595e-04
	60	46	-12.000000	62.000000	9.791702e+04	2.788525e-04
	122	48	3.500000	61.500000	9.885281e+04	1.346262e-04
	156	55	12.000000	59.750000	9.895570e+04	1.450014e-04
	1	82	-26.750000	53.000000	9.843244e+04	1.576895e-04
	146	117	9.500000	44.250000	1.010833e+05	1.269951e-04
2022	2	15	7	12
	275	9	41.750000	71.250000	9.850108e+04	2.191779e-04
	276	9	42.000000	71.250000	9.850108e+04	2.203940e-04
	59	43	-12.250000	62.750000	9.794675e+04	2.656858e-04
	159	51	12.750000	60.750000	9.899395e+04	1.236302e-04
	10	79	-24.500000	53.750000	9.817189e+04	2.610225e-04
	157	118	12.250000	44.000000	1.010723e+05	2.606437e-05
	155	159	11.750000	33.750000	1.016016e+05	9.594611e-05
2022	2	15	6	15
	278	9	42.500000	71.250000	9.857306e+04	2.115171e-04
	175	49	16.750000	61.250000	9.905256e+04	1.033407e-04
	21	75	-21.750000	54.750000	9.782717e+04	2.662730e-04
	159	111	12.750000	45.750000	1.010902e+05	1.095263e-04
	158	162	12.500000	33.000000	1.015279e+05	1.056651e-04
	162	162	13.500000	33.000000	1.015279e+05	7.068431e-05
2022	2	15	5	18
	282	9	43.500000	71.250000	9.868396e+04	2.345873e-04
	43	35	-16.250000	64.750000	9.784888e+04	2.052150e-04
	182	46	18.500000	62.000000	9.905641e+04	1.145830e-04
	30	73	-19.500000	55.250000	9.761756e+04	2.707383e-04
	164	161	14.000000	33.250000	1.015650e+05	6.118161e-05
2022	2	15	4	21
	286	8	44.500000	71.500000	9.880138e+04	1.847652e-04
	184	45	19.000000	62.250000	9.901766e+04	1.225290e-04
	116	55	2.000000	59.750000	9.851093e+04	1.344055e-04
	41	70	-16.750000	56.000000	9.748662e+04	2.703572e-04
2022	2	16	3	0
	288	8	45.000000	71.500000	9.887904e+04	1.150661e-04
	187	44	19.750000	62.500000	9.900280e+04	1.376968e-04
	55	67	-13.250000	56.750000	9.731459e+04	2.687014e-04
2022	2	16	7	3
	288	7	45.000000	71.750000	9.893532e+04	1.217413e-04
	0	38	-27.000000	64.000000	9.721188e+04	4.884621e-05
	0	40	-27.000000	63.500000	9.721188e+04	6.234636e-05
	194	42	21.500000	63.000000	9.904371e+04	1.309106e-04
	65	65	-10.750000	57.250000	9.706691e+04	3.356049e-04
	279	121	42.750000	43.250000	1.021048e+05	1.183185e-05
	175	136	16.750000	39.500000	1.013171e+05	1.191019e-04
2022	2	16	6	6
	283	6	43.750000	72.000000	9.897273e+04	2.013546e-04
	201	38	23.250000	64.000000	9.903787e+04	1.255026e-04
	75	65	-8.250000	57.250000	9.713605e+04	3.154183e-04
	96	69	-3.000000	56.250000	9.714173e+04	1.669279e-04
	279	121	42.750000	43.250000	1.021586e+05	4.194229e-07
	176	138	17.000000	39.000000	1.013719e+05	1.382689e-04
2022	2	16	7	9
	280	6	43.000000	72.000000	9.902451e+04	2.278140e-04
	202	37	23.500000	64.250000	9.907812e+04	1.168126e-04
	85	65	-5.750000	57.250000	9.731427e+04	3.530897e-04
	23	71	-21.250000	55.750000	9.796162e+04	8.015440e-05
	137	116	7.250000	44.500000	1.013816e+05	6.212878e-05
	178	133	17.500000	40.250000	1.013313e+05	1.844679e-04
	179	143	17.750000	37.750000	1.013313e+05	1.639743e-04
2022	2	16	7	12
	280	7	43.000000	71.750000	9.905156e+04	2.246451e-04
	203	36	23.750000	64.500000	9.907795e+04	1.103969e-04
	52	58	-14.000000	59.000000	9.789164e+04	1.227614e-04
	114	65	1.500000	57.250000	9.733430e+04	2.595994e-04
	43	72	-16.250000	55.500000	9.784838e+04	1.563204e-04
	178	133	17.500000	40.250000	1.011586e+05	1.981620e-04
	182	141	18.500000	38.250000	1.011586e+05	2.004923e-04
2022	2	16	5	15
	280	7	43.000000	71.750000	9.901883e+04	1.869683e-04
	55	57	-13.250000	59.250000	9.760187e+04	1.364733e-04
	123	65	3.750000	57.250000	9.724529e+04	2.508030e-04
	58	69	-12.500000	56.250000	9.755995e+04	1.553877e-04
	182	136	18.500000	39.500000	1.009677e+05	2.000374e-04
2022	2	16	6	18
	279	6	42.750000	72.000000	9.899678e+04	1.635143e-04
	128	65	5.000000	57.250000	9.719819e+04	2.447183e-04
	68	68	-10.000000	56.500000	9.735334e+04	2.330885e-04
	137	117	7.250000	44.250000	1.012760e+05	7.328360e-05
	187	131	19.750000	40.750000	1.009816e+05	-5.762553e-05
	177	134	17.250000	40.000000	1.009816e+05	2.093471e-04
2022	2	16	5	21
	274	6	41.500000	72.000000	9.898593e+04	1.681411e-04
	135	66	6.750000	57.000000	9.717664e+04	2.252878e-04
	75	68	-8.250000	56.500000	9.736905e+04	2.497804e-04
	137	117	7.250000	44.250000	1.011907e+05	6.506075e-05
	176	134	17.000000	40.000000	1.011485e+05	1.835272e-04
2022	2	17	5	0
	271	6	40.750000	72.000000	9.897991e+04	2.138700e-04
	143	67	8.750000	56.750000	9.718082e+04	2.201681e-04
	83	69	-6.250000	56.250000	9.760370e+04	2.683584e-04
	137	117	7.250000	44.250000	1.011526e+05	7.795777e-05
	171	139	15.750000	38.750000	1.012181e+05	1.278984e-04
2022	2	17	3	3
	271	7	40.750000	71.750000	9.893733e+04	1.893541e-04
	96	70	-3.000000	56.000000	9.796279e+04	2.290569e-04
	138	117	7.500000	44.250000	1.007688e+05	6.172831e-05
2022	2	17	3	6
	271	6	40.750000	72.000000	9.891461e+04	1.842170e-04
	125	41	4.250000	63.250000	9.788062e+04	8.188102e-05
	200	59	23.000000	58.750000	9.688788e+04	2.208551e-04
2022	2	17	5	9
	268	6	40.000000	72.000000	9.894334e+04	1.741497e-04
	126	41	4.500000	63.250000	9.802007e+04	1.028229e-04
	207	56	24.750000	59.500000	9.677380e+04	1.951314e-04
	10	99	-24.500000	48.750000	1.003075e+05	1.506602e-04
	278	120	42.500000	43.500000	1.015227e+05	-3.167738e-05
2022	2	17	7	12
	265	5	39.250000	72.250000	9.893415e+04	1.726124e-04
	288	31	45.000000	65.750000	9.896839e+04	5.439087e-05
	0	35	-27.000000	64.750000	9.951186e+04	-1.446805e-05
	128	41	5.000000	63.250000	9.814099e+04	1.139703e-04
	211	54	25.750000	60.000000	9.670348e+04	2.416864e-04
	21	93	-21.750000	50.250000	1.000151e+05	1.553276e-04
	15	102	-23.250000	48.000000	1.000151e+05	1.683339e-04
2022	2	17	6	15
	6	41	-25.500000	63.250000	9.949616e+04	1.122523e-04
	132	41	6.000000	63.250000	9.828212e+04	1.144885e-04
	214	52	26.500000	60.500000	9.673321e+04	2.840915e-04
	29	66	-19.750000	57.000000	9.960790e+04	2.024667e-04
	30	88	-19.500000	51.500000	9.955912e+04	2.293924e-04
	158	107	12.500000	46.750000	1.000184e+05	-3.195913e-05
2022	2	17	7	18
	5	38	-25.750000	64.000000	9.940330e+04	9.209721e-05
	138	41	7.500000	63.250000	9.840188e+04	8.709099e-05
	39	42	-17.250000	63.000000	9.934634e+04	1.288535e-04
	218	51	27.500000	60.750000	9.674223e+04	3.164259e-04
	32	62	-19.000000	58.000000	9.925633e+04	2.250078e-04
	39	86	-17.250000	52.000000	9.910000e+04	2.939071e-04
	154	109	11.500000	46.250000	1.005988e+05	5.372400e-05
2022	2	17	7	21
	40	42	-17.000000	63.000000	9.931662e+04	1.331628e-04
	147	42	9.750000	63.000000	9.857941e+04	2.954001e-05
	222	49	28.500000	61.250000	9.680754e+04	2.624452e-04
	34	58	-18.500000	59.000000	9.888188e+04	2.546566e-04
	47	79	-15.250000	53.750000	9.843778e+04	3.595302e-04
	170	124	15.500000	42.500000	1.009260e+05	-3.057291e-05
	250	162	35.500000	33.000000	1.009968e+05	4.223392e-05
2022	2	18	7	0
	288	32	45.000000	65.500000	9.818459e+04	8.491142e-05
	160	42	13.000000	63.000000	9.861231e+04	-9.871797e-06
	225	48	29.250000	61.500000	9.686966e+04	1.992955e-04
	33	55	-18.750000	59.750000	9.840488e+04	2.723435e-04
	55	73	-13.250000	55.250000	9.739961e+04	5.393626e-04
	177	127	17.250000	41.750000	1.010247e+05	7.198843e-05
	250	161	35.500000	33.250000	1.008619e+05	2.809650e-05
2022	2	18	5	3
	288	29	45.000000	66.250000	9.795811e+04	1.034287e-04
	149	30	10.250000	66.000000	9.887002e+04	9.897852e-05
	231	47	30.750000	61.750000	9.687384e+04	1.319225e-04
	31	53	-19.250000	60.250000	9.790717e+04	3.212433e-04
	63	70	-11.250000	56.000000	9.631952e+04	6.467628e-04
2022	2	18	4	6
	151	31	10.750000	65.750000	9.885749e+04	8.516825e-05
	233	46	31.250000	62.000000	9.695384e+04	1.557838e-04
	29	52	-19.750000	60.500000	9.757648e+04	4.153565e-04
	78	68	-7.500000	56.500000	9.623567e+04	5.915926e-04
2022	2	18	6	9
	152	23	11.000000	67.750000	9.886818e+04	4.512743e-05
	151	31	10.750000	65.750000	9.886818e+04	7.462096e-05
	243	44	33.750000	62.500000	9.704988e+04	1.393382e-04
	29	52	-19.750000	60.500000	9.771026e+04	4.255411e-04
	90	65	-4.500000	57.250000	9.662148e+04	4.282696e-04
	136	116	7.000000	44.500000	1.018930e+05	7.198214e-06
2022	2	18	3	12
	256	38	37.000000	64.000000	9.713655e+04	1.223621e-04
	31	53	-19.250000	60.250000	9.790299e+04	4.123315e-04
	104	62	-1.000000	58.000000	9.668010e+04	4.660171e-04
2022	2	18	4	15
	264	35	39.000000	64.750000	9.722324e+04	1.485472e-04
	36	54	-18.000000	60.000000	9.815269e+04	3.868424e-04
	116	61	2.000000	58.250000	9.667059e+04	2.643390e-04
	211	148	25.750000	36.500000	1.007783e+05	6.297720e-05
2022	2	18	6	18
	277	30	42.250000	66.000000	9.730975e+04	1.446778e-04
	40	54	-17.000000	60.000000	9.831285e+04	3.767539e-04
	126	60	4.500000	58.500000	9.668912e+04	3.046441e-04
	258	153	37.500000	35.250000	1.008184e+05	9.567302e-05
	199	156	22.750000	34.500000	1.007292e+05	2.067071e-04
	252	161	36.000000	33.250000	1.008184e+05	-3.637437e-05
2022	2	18	7	21
	7	6	-25.250000	72.000000	1.004463e+05	-8.848215e-06
	282	27	43.500000	66.750000	9.733580e+04	1.745102e-04
	47	54	-15.250000	60.000000	9.867377e+04	3.581307e-04
	133	62	6.250000	58.000000	9.689021e+04	2.973826e-04
	249	157	35.250000	34.250000	1.008021e+05	2.643333e-05
	200	160	23.000000	33.500000	1.007197e+05	1.675162e-04
	260	162	38.000000	33.000000	1.008021e+05	2.481565e-05
2022	2	19	4	0
	221	5	28.250000	72.250000	9.855737e+04	1.817297e-04
	288	26	45.000000	67.000000	9.739343e+04	1.480728e-04
	53	54	-13.750000	60.000000	9.887937e+04	3.269750e-04
	148	62	10.000000	58.000000	9.716261e+04	2.510739e-04
2022	2	19	7	3
	227	6	29.750000	72.000000	9.849991e+04	1.763099e-04
	288	27	45.000000	66.750000	9.752136e+04	1.525891e-04
	57	54	-12.750000	60.000000	9.903737e+04	3.296419e-04
	187	56	19.750000	59.500000	9.738224e+04	1.788051e-04
	163	62	13.750000	58.000000	9.739760e+04	2.065349e-04
	107	131	-0.250000	40.750000	1.015516e+05	4.011950e-05
	40	149	-17.000000	36.250000	1.016490e+05	1.697406e-04
2022	2	19	7	6
	228	6	30.000000	72.000000	9.845415e+04	1.849262e-04
	6	14	-25.500000	70.000000	9.950317e+04	-5.176815e-05
	288	27	45.000000	66.750000	9.801556e+04	9.898713e-05
	62	55	-11.500000	59.750000	9.928940e+04	3.176396e-04
	197	55	22.250000	59.750000	9.732746e+04	1.816090e-04
	42	149	-16.500000	36.250000	1.016383e+05	1.682127e-04
	262	162	38.500000	33.000000	1.007366e+05	9.312492e-05
2022	2	19	5	9
	232	7	31.000000	71.750000	9.851194e+04	1.787879e-04
	203	54	23.750000	60.000000	9.738741e+04	1.619336e-04
	69	55	-9.750000	59.750000	9.955545e+04	2.673732e-04
	44	148	-16.000000	36.500000	1.018429e+05	1.474606e-04
	268	162	40.000000	33.000000	1.005728e+05	7.738407e-05
2022	2	19	7	12
	238	8	32.500000	71.500000	9.862417e+04	1.645614e-04
	75	54	-8.250000	60.000000	9.978343e+04	2.236724e-04
	207	54	24.750000	60.000000	9.746709e+04	1.728599e-04
	136	114	7.000000	45.000000	1.016836e+05	4.425718e-05
	43	147	-16.250000	36.750000	1.019707e+05	1.482298e-04
	263	153	38.750000	35.250000	1.004127e+05	1.078911e-04
	270	161	40.500000	33.250000	1.004127e+05	9.007157e-05
2022	2	19	4	15
	242	9	33.500000	71.250000	9.871252e+04	1.628813e-04
	216	54	27.000000	60.000000	9.759118e+04	1.402120e-04
	41	146	-16.750000	37.000000	1.019363e+05	1.468164e-04
	272	157	41.000000	34.250000	1.005120e+05	1.550077e-04
2022	2	19	10	18
	230	0	30.500000	73.500000	9.885148e+04	3.325634e-05
	250	9	35.500000	71.250000	9.885148e+04	1.748080e-04
	0	42	-27.000000	63.000000	9.556026e+04	1.169936e-04
	225	53	29.250000	60.250000	9.771377e+04	8.972421e-05
	103	141	-1.250000	38.250000	1.017360e+05	3.581640e-05
	38	145	-17.500000	37.250000	1.020281e+05	1.439157e-04
	279	147	42.750000	36.750000	1.007448e+05	3.698259e-06
	119	152	2.750000	35.500000	1.018072e+05	4.871497e-05
	274	155	41.500000	34.750000	1.007448e+05	1.524997e-04
	262	156	38.500000	34.500000	1.007448e+05	7.302743e-05
2022	2	19	11	21
	235	2	31.750000	73.000000	9.894116e+04	1.629845e-05
	6	7	-25.500000	71.750000	9.924213e+04	3.589791e-05
	257	9	37.250000	71.250000	9.894116e+04	1.869821e-04
	0	36	-27.000000	64.500000	9.514405e+04	1.848279e-04
	28	38	-20.000000	64.000000	9.517495e+04	5.275850e-05
	288	47	45.000000	61.750000	9.924764e+04	-2.882768e-05
	235	52	31.750000	60.500000	9.777155e+04	8.583772e-05
	236	52	32.000000	60.500000	9.777155e+04	7.568357e-05
	34	145	-18.500000	37.250000	1.021626e+05	1.614793e-04
	276	152	42.000000	35.500000	1.009016e+05	1.505089e-04
	263	156	38.750000	34.500000	1.009016e+05	6.144209e-05
2022	2	20	8	0
	233	5	31.250000	72.250000	9.900096e+04	1.782592e-04
	265	8	39.250000	71.500000	9.900096e+04	1.511943e-04
	0	32	-27.000000	65.500000	9.530222e+04	1.798842e-04
	24	34	-21.000000	65.000000	9.530222e+04	2.082761e-04
	288	47	45.000000	61.750000	9.886802e+04	7.421418e-05
	244	51	34.000000	60.750000	9.784320e+04	5.880861e-05
	244	52	34.000000	60.500000	9.784320e+04	5.604253e-05
	277	150	42.250000	36.000000	1.010838e+05	1.314611e-04
