2022	2	14	7	0
	4	6	-26.000000	72.000000	9.976148e+04	-2.810593e-05
	217	9	27.250000	71.250000	9.838115e+04	1.092482e-04
	194	12	21.500000	70.500000	9.838115e+04	1.156417e-04
	1	17	-26.750000	69.250000	9.976148e+04	8.621674e-06
	221	20	28.250000	68.500000	9.838115e+04	8.787639e-05
	114	62	1.500000	58.000000	9.848197e+04	8.161745e-05
	105	71	-0.750000	55.750000	9.848197e+04	1.015327e-04
2022	2	14	4	3
	58	4	-12.500000	72.500000	1.001493e+05	9.232042e-05
	213	9	26.250000	71.250000	9.810281e+04	2.207722e-04
	118	61	2.500000	58.250000	9.844895e+04	1.022908e-04
	107	71	-0.250000	55.750000	9.844895e+04	1.294376e-04
2022	2	14	3	6
	61	4	-11.750000	72.500000	1.001319e+05	7.798358e-05
	219	8	27.750000	71.500000	9.799514e+04	2.392050e-04
	111	70	0.750000	56.000000	9.847909e+04	1.117070e-04
2022	2	14	4	9
	68	2	-10.000000	73.000000	1.001997e+05	8.713947e-05
	225	8	29.250000	71.500000	9.803076e+04	2.065951e-04
	0	53	-27.000000	60.250000	9.801624e+04	1.256970e-04
	120	68	3.000000	56.500000	9.850498e+04	8.319097e-05
2022	2	14	3	12
	228	9	30.000000	71.250000	9.803829e+04	1.930612e-04
	1	49	-26.750000	61.250000	9.757845e+04	1.918800e-04
	128	65	5.000000	57.250000	9.843690e+04	1.767984e-04
2022	2	14	3	15
	234	7	31.500000	71.750000	9.809993e+04	1.375489e-04
	3	45	-26.250000	62.250000	9.718080e+04	2.319646e-04
	132	62	6.000000	58.000000	9.835389e+04	2.386834e-04
2022	2	14	4	18
	252	12	36.000000	70.500000	9.810925e+04	1.530978e-04
	288	13	45.000000	70.250000	9.905152e+04	8.289766e-05
	0	41	-27.000000	63.250000	9.696999e+04	1.472788e-04
	134	61	6.500000	58.250000	9.843306e+04	2.470453e-04
2022	2	14	5	21
	258	11	37.500000	70.750000	9.811144e+04	1.681201e-04
	0	37	-27.000000	64.250000	9.689164e+04	1.690851e-04
	27	39	-20.250000	63.750000	9.689164e+04	1.403303e-05
	138	60	7.500000	58.500000	9.852635e+04	2.478638e-04
	138	121	7.500000	43.250000	1.011044e+05	1.147589e-04
2022	2	15	8	0
	245	5	34.250000	72.250000	9.815952e+04	9.099358e-05
	6	7	-25.500000	71.750000	9.960903e+04	5.099688e-05
	263	11	38.750000	70.750000	9.815952e+04	1.722190e-04
	0	37	-27.000000	64.250000	9.731190e+04	9.759513e-05
	28	38	-20.000000	64.000000	9.733970e+04	-2.131628e-05
	127	53	4.750000	60.250000	9.860689e+04	8.079924e-05
	143	58	8.750000	59.000000	9.860689e+04	2.675738e-04
	145	118	9.250000	44.000000	1.010911e+05	1.270210e-04
2022	2	15	6	3
	243	7	33.750000	71.750000	9.821226e+04	1.950619e-04
	268	10	40.000000	71.000000	9.821226e+04	1.855670e-04
	23	41	-21.250000	63.250000	9.736176e+04	1.803494e-04
	125	51	4.250000	60.750000	9.862826e+04	8.917695e-05
	147	56	9.750000	59.500000	9.862388e+04	3.115432e-04
	146	118	9.500000	44.000000	1.009854e+05	1.074413e-04
2022	2	15	7	6
	273	9	41.250000	71.250000	9.826691e+04	1.930887e-04
	246	10	34.500000	71.000000	9.826691e+04	1.650872e-04
	34	41	-18.500000	63.250000	9.749134e+04	2.213737e-04
	125	49	4.250000	61.250000	9.870168e+04	1.176050e-04
	151	54	10.750000	60.000000	9.862730e+04	3.168884e-04
	0	86	-27.000000	52.000000	9.904399e+04	1.097877e-04
	146	117	9.500000	44.250000	1.010496e+05	1.054305e-04
2022	2	15	5	9
	273	9	41.250000	71.250000	9.838553e+04	1.893440e-04
	125	48	4.250000	61.500000	9.867291e+04	1.477936e-04
	154	51	11.500000	60.750000	9.865237e+04	2.543493e-04
	3	83	-26.250000	52.750000	9.860456e+04	1.840245e-04
	159	113	12.750000	45.250000	1.011325e+05	1.094339e-04
2022	2	15	6	12
	278	9	42.500000	71.250000	9.851525e+04	2.039556e-04
	0	36	-27.000000	64.500000	9.740175e+04	-3.020684e-05
	124	47	4.000000	61.750000	9.864511e+04	1.883607e-04
	156	49	12.000000	61.250000	9.869675e+04	1.635763e-04
	17	80	-22.750000	53.500000	9.845046e+04	2.256367e-04
	160	111	13.000000	45.750000	1.011100e+05	9.344432e-05
2022	2	15	7	15
	282	9	43.500000	71.250000	9.859689e+04	2.338990e-04
	0	37	-27.000000	64.250000	9.740874e+04	-8.369806e-06
	46	39	-15.500000	63.750000	9.794460e+04	2.050993e-04
	162	48	13.500000	61.500000	9.867073e+04	1.507804e-04
	31	77	-19.250000	54.250000	9.815897e+04	2.631120e-04
	160	111	13.000000	45.750000	1.011451e+05	9.265988e-05
	163	162	13.750000	33.000000	1.015419e+05	1.435285e-05
2022	2	15	5	18
	285	8	44.250000	71.500000	9.869866e+04	1.981600e-04
	39	35	-17.250000	64.750000	9.783351e+04	1.716384e-04
	170	46	15.500000	62.000000	9.872182e+04	9.846195e-05
	43	75	-16.250000	54.750000	9.802652e+04	2.708834e-04
	163	162	13.750000	33.000000	1.015630e+05	2.141169e-05
2022	2	15	5	21
	285	8	44.250000	71.500000	9.880112e+04	2.055276e-04
	180	44	18.000000	62.500000	9.884332e+04	8.347672e-05
	127	58	4.750000	59.000000	9.836622e+04	1.947101e-04
	55	74	-13.250000	55.000000	9.811431e+04	2.774307e-04
	166	160	14.500000	33.500000	1.016826e+05	-9.299357e-06
2022	2	16	4	0
	285	8	44.250000	71.500000	9.889838e+04	1.853765e-04
	184	43	19.000000	62.750000	9.887920e+04	1.116574e-04
	129	57	5.250000	59.250000	9.836663e+04	1.863012e-04
	67	74	-10.250000	55.000000	9.830170e+04	2.508748e-04
2022	2	16	4	3
	286	8	44.500000	71.500000	9.896057e+04	1.561118e-04
	127	37	4.750000	64.250000	9.831047e+04	1.782559e-04
	1	67	-26.750000	56.750000	9.665385e+04	1.330765e-04
	81	74	-6.750000	55.000000	9.855251e+04	1.849980e-04
2022	2	16	2	6
	125	37	4.250000	64.250000	9.822883e+04	1.780801e-04
	14	61	-23.500000	58.250000	9.598799e+04	3.063819e-04
2022	2	16	5	9
	288	7	45.000000	71.750000	9.903974e+04	1.017225e-04
	123	37	3.750000	64.250000	9.819527e+04	1.650402e-04
	157	55	12.250000	59.750000	9.842895e+04	1.586684e-04
	16	59	-23.000000	58.750000	9.563760e+04	4.588194e-04
	137	116	7.250000	44.500000	1.012472e+05	7.343662e-05
2022	2	16	4	12
	283	7	43.750000	71.750000	9.905838e+04	1.862594e-04
	121	36	3.250000	64.500000	9.812459e+04	1.769641e-04
	165	52	14.250000	60.500000	9.837540e+04	1.349785e-04
	25	61	-20.750000	58.250000	9.577061e+04	3.573569e-04
2022	2	16	7	15
	283	7	43.750000	71.750000	9.902098e+04	2.023945e-04
	170	52	15.500000	60.500000	9.827732e+04	1.465405e-04
	31	53	-19.250000	60.250000	9.599566e+04	1.682659e-04
	71	58	-9.250000	59.000000	9.628223e+04	2.968916e-04
	40	61	-17.000000	58.250000	9.599566e+04	2.939291e-04
	136	120	7.000000	43.500000	1.013210e+05	1.584902e-04
	183	140	18.750000	38.500000	1.011176e+05	1.694762e-04
2022	2	16	5	18
	283	8	43.750000	71.500000	9.896838e+04	1.933996e-04
	180	47	18.000000	61.750000	9.821732e+04	1.050556e-04
	74	56	-8.500000	59.500000	9.612648e+04	3.231844e-04
	56	60	-13.000000	58.500000	9.612648e+04	3.535754e-04
	185	142	19.250000	38.000000	1.010355e+05	1.852757e-04
2022	2	16	6	21
	283	8	43.750000	71.500000	9.896399e+04	1.790549e-04
	182	47	18.500000	61.750000	9.804281e+04	1.196705e-04
	72	56	-9.000000	59.500000	9.592608e+04	3.703864e-04
	150	109	10.500000	46.250000	1.007480e+05	1.070400e-05
	137	117	7.250000	44.250000	1.011281e+05	8.564570e-05
	187	142	19.750000	38.000000	1.010257e+05	1.615841e-04
2022	2	17	4	0
	283	8	43.750000	71.500000	9.895838e+04	1.896598e-04
	83	58	-6.250000	59.000000	9.620141e+04	3.041778e-04
	138	117	7.500000	44.250000	1.011850e+05	6.858103e-05
	187	143	19.750000	37.750000	1.009250e+05	1.622649e-04
2022	2	17	5	3
	285	8	44.250000	71.500000	9.894715e+04	1.596354e-04
	92	58	-4.000000	59.000000	9.641180e+04	2.345687e-04
	280	121	43.000000	43.250000	1.016019e+05	-3.136976e-05
	187	143	19.750000	37.750000	1.008240e+05	1.554998e-04
	199	145	22.750000	37.250000	1.008240e+05	4.804783e-05
2022	2	17	7	6
	285	8	44.250000	71.500000	9.894495e+04	1.472288e-04
	129	57	5.250000	59.250000	9.665275e+04	1.324429e-04
	109	59	0.250000	58.750000	9.665275e+04	2.016083e-04
	138	117	7.500000	44.250000	1.009436e+05	8.845345e-05
	280	121	43.000000	43.250000	1.015385e+05	-2.255888e-05
	195	143	21.750000	37.750000	1.009316e+05	3.310997e-05
	186	147	19.500000	36.750000	1.009316e+05	1.609267e-04
2022	2	17	7	9
	287	8	44.750000	71.500000	9.898961e+04	9.093731e-05
	129	57	5.250000	59.250000	9.694328e+04	6.369341e-05
	183	66	18.750000	57.000000	9.682356e+04	2.078153e-04
	137	117	7.250000	44.250000	1.010810e+05	5.831435e-05
	115	125	1.750000	42.250000	1.019066e+05	-4.310473e-05
	202	146	23.500000	37.000000	1.010522e+05	1.896999e-05
	188	151	20.000000	35.750000	1.010502e+05	1.351825e-04
2022	2	17	5	12
	189	64	20.250000	57.500000	9.661111e+04	2.246813e-04
	2	110	-26.500000	46.000000	1.010366e+05	1.290993e-04
	17	114	-22.750000	45.000000	1.010366e+05	1.255611e-04
	198	146	22.500000	37.000000	1.009709e+05	2.332245e-05
	191	154	20.750000	35.000000	1.009709e+05	1.534389e-04
2022	2	17	6	15
	193	63	21.250000	57.750000	9.656098e+04	2.679348e-04
	9	107	-24.750000	46.750000	1.006620e+05	1.918669e-04
	25	109	-20.750000	46.250000	1.006620e+05	1.666612e-04
	279	120	42.750000	43.500000	1.012018e+05	1.657381e-06
	273	132	41.250000	40.500000	1.011977e+05	4.583505e-07
	193	156	21.250000	34.500000	1.009590e+05	1.730691e-04
2022	2	17	2	18
	196	63	22.000000	57.750000	9.658029e+04	3.013095e-04
	27	106	-20.250000	47.000000	1.004210e+05	1.294515e-04
2022	2	17	4	21
	288	25	45.000000	67.250000	9.837005e+04	7.834347e-05
	200	64	23.000000	57.500000	9.668590e+04	3.105899e-04
	201	64	23.250000	57.500000	9.668590e+04	3.178944e-04
	32	102	-19.000000	48.000000	1.000905e+05	1.290415e-04
2022	2	18	2	0
	206	64	24.500000	57.500000	9.686904e+04	2.849360e-04
	38	97	-17.500000	49.250000	9.970519e+04	2.056542e-04
2022	2	18	3	3
	161	23	13.250000	67.750000	9.846854e+04	3.387094e-05
	217	58	27.250000	59.000000	9.703725e+04	1.070633e-04
	45	93	-15.750000	50.250000	9.935973e+04	2.110782e-04
2022	2	18	5	6
	6	7	-25.500000	71.750000	1.004019e+05	4.176808e-06
	154	24	11.500000	67.500000	9.854018e+04	5.692819e-05
	233	50	31.250000	61.000000	9.719259e+04	1.206401e-04
	221	57	28.250000	59.250000	9.719259e+04	9.826285e-05
	49	93	-14.750000	50.250000	9.905056e+04	3.205989e-04
2022	2	18	5	9
	6	7	-25.500000	71.750000	1.004617e+05	-9.895401e-06
	152	25	11.000000	67.250000	9.865634e+04	3.444058e-05
	233	49	31.250000	61.250000	9.732245e+04	1.421214e-04
	55	94	-13.250000	50.000000	9.883085e+04	4.376610e-04
	251	162	35.750000	33.000000	1.009048e+05	-2.907610e-05
2022	2	18	5	12
	6	7	-25.500000	71.750000	1.005009e+05	-1.011136e-06
	155	25	11.750000	67.250000	9.875113e+04	6.942625e-05
	240	45	33.000000	62.250000	9.744271e+04	1.403268e-04
	53	53	-13.750000	60.250000	9.941479e+04	9.171028e-05
	67	89	-10.250000	51.250000	9.874017e+04	4.015842e-04
2022	2	18	5	15
	6	7	-25.500000	71.750000	1.004921e+05	1.514111e-05
	159	23	12.750000	67.750000	9.880373e+04	9.975136e-05
	242	44	33.500000	62.500000	9.756530e+04	1.408266e-04
	90	54	-4.500000	60.000000	9.932699e+04	8.602790e-05
	88	81	-5.000000	53.250000	9.844580e+04	3.238657e-04
2022	2	18	5	18
	6	7	-25.500000	71.750000	1.004331e+05	2.675208e-05
	160	20	13.000000	68.500000	9.881592e+04	1.233000e-04
	245	41	34.250000	63.250000	9.760530e+04	1.343421e-04
	90	54	-4.500000	60.000000	9.919124e+04	1.109686e-04
	94	79	-3.500000	53.750000	9.813884e+04	3.738944e-04
2022	2	18	5	21
	7	6	-25.250000	72.000000	1.004019e+05	2.520131e-05
	159	20	12.750000	68.500000	9.879825e+04	1.426072e-04
	247	40	34.750000	63.500000	9.763558e+04	1.425390e-04
	0	51	-27.000000	60.750000	9.845306e+04	1.199245e-04
	112	74	1.000000	55.000000	9.779899e+04	3.182720e-04
2022	2	19	7	0
	7	6	-25.250000	72.000000	1.003428e+05	3.165139e-05
	158	20	12.500000	68.500000	9.875784e+04	1.399832e-04
	249	38	35.250000	64.000000	9.765900e+04	1.031797e-04
	0	46	-27.000000	62.000000	9.835320e+04	1.426857e-04
	125	71	4.250000	55.750000	9.758352e+04	2.781797e-04
	125	121	4.250000	43.250000	1.012726e+05	1.378257e-04
	108	132	0.000000	40.500000	1.014002e+05	8.669782e-05
2022	2	19	8	3
	7	6	-25.250000	72.000000	1.002484e+05	2.636177e-05
	158	20	12.500000	68.500000	9.869017e+04	1.722605e-04
	250	37	35.500000	64.250000	9.767324e+04	1.022602e-04
	7	46	-25.250000	62.000000	9.834691e+04	1.903357e-04
	21	52	-21.750000	60.500000	9.834691e+04	1.645346e-04
	135	70	6.750000	56.000000	9.750777e+04	2.430491e-04
	128	122	5.000000	43.000000	1.011792e+05	1.323525e-04
	106	134	-0.500000	40.000000	1.012863e+05	3.842679e-05
2022	2	19	6	6
	158	20	12.500000	68.500000	9.863812e+04	1.774559e-04
	268	28	40.000000	66.500000	9.771050e+04	1.290081e-04
	251	35	35.750000	64.750000	9.771050e+04	1.082718e-04
	4	42	-26.000000	63.000000	9.826486e+04	1.379297e-04
	143	70	8.750000	56.000000	9.759229e+04	2.791764e-04
	136	116	7.000000	44.500000	1.011692e+05	9.009539e-05
2022	2	19	7	9
	158	21	12.500000	68.250000	9.867113e+04	1.601023e-04
	270	25	40.500000	67.250000	9.781241e+04	1.426267e-04
	252	34	36.000000	65.000000	9.781241e+04	1.237865e-04
	0	38	-27.000000	64.000000	9.811198e+04	1.153707e-04
	157	69	12.250000	56.250000	9.779352e+04	2.072749e-04
	136	117	7.000000	44.250000	1.012237e+05	1.119656e-04
	260	161	38.000000	33.250000	1.004306e+05	-3.375002e-05
2022	2	19	7	12
	160	21	13.000000	68.250000	9.873387e+04	1.453047e-04
	271	22	40.750000	68.000000	9.792488e+04	1.733063e-04
	254	33	36.500000	65.250000	9.792049e+04	1.318030e-04
	179	69	17.750000	56.250000	9.795405e+04	1.939367e-04
	136	116	7.000000	44.500000	1.012367e+05	1.228920e-04
	260	162	38.000000	33.000000	1.001056e+05	4.446904e-07
	270	162	40.500000	33.000000	1.001056e+05	2.334943e-05
2022	2	19	7	15
	271	21	40.750000	68.250000	9.800268e+04	1.593877e-04
	162	22	13.500000	68.000000	9.879127e+04	1.338157e-04
	256	30	37.000000	66.000000	9.800268e+04	1.445976e-04
	202	70	23.500000	56.000000	9.814431e+04	1.788155e-04
	135	119	6.750000	43.750000	1.011592e+05	1.161329e-04
	260	162	38.000000	33.000000	9.994791e+04	2.157847e-05
	271	162	40.750000	33.000000	9.994791e+04	7.278962e-05
2022	2	19	10	18
	269	21	40.250000	68.250000	9.806705e+04	1.861174e-04
	163	23	13.750000	67.750000	9.889756e+04	1.322168e-04
	258	31	37.500000	65.750000	9.806705e+04	1.162162e-04
	0	51	-27.000000	60.750000	9.642373e+04	1.522135e-04
	214	70	26.500000	56.000000	9.826430e+04	1.805591e-04
	193	71	21.250000	55.750000	9.826430e+04	2.114540e-04
	135	122	6.750000	43.000000	1.013171e+05	8.236110e-05
	97	146	-2.750000	37.000000	1.017244e+05	8.208153e-05
	274	161	41.500000	33.250000	1.000975e+05	1.768287e-04
	260	162	38.000000	33.000000	1.000975e+05	-1.484860e-05
2022	2	19	7	21
	267	21	39.750000	68.250000	9.813719e+04	2.311736e-04
	165	24	14.250000	67.500000	9.907549e+04	9.210259e-05
	264	30	39.000000	66.000000	9.813719e+04	1.550884e-04
	0	48	-27.000000	61.500000	9.568295e+04	1.486564e-04
	225	70	29.250000	56.000000	9.834293e+04	1.687231e-04
	138	123	7.500000	42.750000	1.015007e+05	8.048410e-05
	274	161	41.500000	33.250000	1.001639e+05	1.294504e-04
2022	2	20	8	0
	266	21	39.500000	68.250000	9.818773e+04	2.153151e-04
	165	24	14.250000	67.500000	9.925645e+04	6.414838e-05
	266	29	39.500000	66.250000	9.818773e+04	1.677636e-04
	27	39	-20.250000	63.750000	9.520338e+04	-1.587589e-05
	0	46	-27.000000	62.000000	9.509394e+04	1.569692e-04
	236	70	32.000000	56.000000	9.837416e+04	1.730320e-04
	149	126	10.250000	42.000000	1.015507e+05	8.432382e-05
	274	160	41.500000	33.500000	1.003109e+05	1.219809e-04
