2022	2	16	5	0
	288	11	45.000000	70.750000	9.883963e+04	5.484784e-05
	54	39	-13.500000	63.750000	9.723630e+04	3.870109e-04
	118	53	2.500000	60.250000	9.804048e+04	1.750563e-04
	65	67	-10.750000	56.750000	9.718252e+04	3.294716e-04
	280	121	43.000000	43.250000	1.021021e+05	1.120042e-05
2022	2	16	7	3
	47	37	-15.250000	64.250000	9.721570e+04	3.845480e-04
	123	52	3.750000	60.500000	9.794218e+04	1.723483e-04
	72	65	-9.000000	57.250000	9.700746e+04	2.888258e-04
	89	70	-4.750000	56.000000	9.700746e+04	1.753203e-04
	9	75	-24.750000	54.750000	9.788619e+04	1.719089e-04
	280	121	43.000000	43.250000	1.021635e+05	1.598442e-05
	174	123	16.500000	42.750000	1.014263e+05	4.904726e-05
2022	2	16	4	6
	39	34	-17.250000	65.000000	9.746420e+04	3.142840e-04
	82	65	-6.500000	57.250000	9.724762e+04	3.307759e-04
	28	74	-20.000000	55.000000	9.761456e+04	1.523596e-04
	280	121	43.000000	43.250000	1.022624e+05	1.223958e-05
2022	2	16	7	9
	30	31	-19.500000	65.750000	9.762070e+04	2.309259e-04
	44	62	-16.000000	58.000000	9.721161e+04	7.307866e-05
	96	65	-3.000000	57.250000	9.741450e+04	2.233946e-04
	115	66	1.750000	57.000000	9.741450e+04	2.295848e-04
	41	71	-16.750000	55.750000	9.721161e+04	2.241940e-04
	58	74	-12.500000	55.000000	9.721161e+04	2.518860e-04
	279	120	42.750000	43.500000	1.021822e+05	2.107718e-05
2022	2	16	6	12
	65	55	-10.750000	59.750000	9.708359e+04	1.056807e-04
	122	65	3.500000	57.250000	9.728695e+04	1.966819e-04
	54	68	-13.500000	56.500000	9.678758e+04	3.520389e-04
	74	70	-8.500000	56.000000	9.678758e+04	2.665405e-04
	137	116	7.250000	44.500000	1.012791e+05	7.023200e-05
	183	139	18.750000	38.750000	1.012657e+05	1.684197e-04
2022	2	16	6	15
	288	10	45.000000	71.000000	9.898527e+04	1.193810e-04
	0	37	-27.000000	64.250000	9.779827e+04	-2.817493e-06
	65	67	-10.750000	56.750000	9.655402e+04	3.132945e-04
	90	68	-4.500000	56.500000	9.668503e+04	2.857949e-04
	135	119	6.750000	43.750000	1.013261e+05	1.285315e-04
	185	137	19.250000	39.250000	1.010902e+05	1.768974e-04
2022	2	16	7	18
	288	11	45.000000	70.750000	9.894768e+04	1.119986e-04
	0	34	-27.000000	65.000000	9.807194e+04	4.797609e-06
	107	67	-0.250000	56.750000	9.626525e+04	3.267004e-04
	80	68	-7.000000	56.500000	9.677216e+04	3.680653e-04
	148	108	10.000000	46.500000	1.006399e+05	-4.007066e-05
	280	121	43.000000	43.250000	1.021646e+05	-1.934261e-05
	185	135	19.250000	39.750000	1.011381e+05	1.381366e-04
2022	2	16	5	21
	288	11	45.000000	70.750000	9.893620e+04	1.067568e-04
	122	66	3.500000	57.000000	9.599048e+04	3.748489e-04
	137	117	7.250000	44.250000	1.012193e+05	5.000610e-05
	279	121	42.750000	43.250000	1.022334e+05	-4.389284e-05
	185	135	19.250000	39.750000	1.012023e+05	1.060260e-04
2022	2	17	5	0
	288	11	45.000000	70.750000	9.899974e+04	9.328821e-05
	153	63	11.250000	57.750000	9.601187e+04	2.238980e-04
	135	67	6.750000	56.750000	9.601187e+04	3.151212e-04
	137	117	7.250000	44.250000	1.010944e+05	6.197962e-05
	279	121	42.750000	43.250000	1.020730e+05	-3.821623e-05
2022	2	17	6	3
	287	11	44.750000	70.750000	9.904598e+04	1.309443e-04
	124	40	4.000000	63.500000	9.703137e+04	1.142356e-04
	172	64	16.000000	57.500000	9.606676e+04	1.675029e-04
	173	64	16.250000	57.500000	9.606676e+04	1.652510e-04
	155	65	11.750000	57.250000	9.606676e+04	2.047584e-04
	278	121	42.500000	43.250000	1.017898e+05	-3.079602e-05
2022	2	17	4	6
	123	39	3.750000	63.750000	9.706974e+04	1.223384e-04
	183	62	18.750000	58.000000	9.588116e+04	1.876132e-04
	1	116	-26.750000	44.500000	1.005760e+05	1.267978e-04
	279	121	42.750000	43.250000	1.017073e+05	-2.331011e-05
2022	2	17	4	9
	123	39	3.750000	63.750000	9.720280e+04	1.257446e-04
	196	58	22.000000	59.000000	9.581275e+04	1.855247e-04
	7	106	-25.250000	47.000000	1.000790e+05	2.027969e-04
	278	120	42.500000	43.500000	1.016845e+05	-5.903316e-06
2022	2	17	5	12
	125	39	4.250000	63.750000	9.733004e+04	1.385332e-04
	200	55	23.000000	59.750000	9.578507e+04	2.081702e-04
	21	103	-21.750000	47.750000	9.955762e+04	2.188033e-04
	272	119	41.000000	43.750000	1.013704e+05	-1.472519e-05
	192	159	21.000000	33.750000	1.011054e+05	8.335222e-05
2022	2	17	5	15
	125	40	4.250000	63.500000	9.747553e+04	1.258814e-04
	202	54	23.500000	60.000000	9.581070e+04	2.391560e-04
	32	69	-19.000000	56.250000	9.965105e+04	1.711280e-04
	27	98	-20.250000	49.000000	9.876744e+04	3.398765e-04
	192	159	21.000000	33.750000	1.010881e+05	8.253145e-05
2022	2	17	4	18
	129	40	5.250000	63.500000	9.763092e+04	1.388490e-04
	205	54	24.250000	60.000000	9.592788e+04	2.358963e-04
	34	66	-18.500000	57.000000	9.933145e+04	1.487110e-04
	34	95	-18.500000	49.750000	9.808012e+04	4.887276e-04
2022	2	17	4	21
	132	40	6.000000	63.500000	9.774888e+04	1.222477e-04
	211	54	25.750000	60.000000	9.606015e+04	2.310759e-04
	36	65	-18.000000	57.250000	9.903198e+04	1.984860e-04
	44	92	-16.000000	50.500000	9.749786e+04	5.322637e-04
2022	2	18	4	0
	214	44	26.500000	62.500000	9.618488e+04	8.454082e-05
	218	52	27.500000	60.500000	9.618488e+04	2.031673e-04
	37	63	-17.750000	57.750000	9.871711e+04	2.374709e-04
	57	86	-12.750000	52.000000	9.706502e+04	4.862724e-04
2022	2	18	3	3
	216	43	27.000000	62.750000	9.625911e+04	8.568897e-05
	38	62	-17.500000	58.000000	9.849047e+04	2.836473e-04
	67	81	-10.250000	53.250000	9.663596e+04	4.672518e-04
2022	2	18	4	6
	219	41	27.750000	63.250000	9.638006e+04	9.386118e-05
	40	62	-17.000000	58.000000	9.833884e+04	2.845001e-04
	102	73	-1.500000	55.250000	9.647145e+04	1.975393e-04
	77	78	-7.750000	54.000000	9.636638e+04	4.435891e-04
2022	2	18	4	9
	112	23	1.000000	67.750000	9.786810e+04	7.352087e-05
	220	38	28.000000	64.000000	9.652759e+04	1.350130e-04
	44	64	-16.000000	57.500000	9.838430e+04	3.565378e-04
	89	76	-4.750000	54.500000	9.634656e+04	3.539787e-04
2022	2	18	4	12
	222	37	28.500000	64.250000	9.671680e+04	9.641013e-05
	120	65	3.000000	57.250000	9.619667e+04	2.833171e-04
	48	66	-15.000000	57.000000	9.855904e+04	3.483566e-04
	108	71	0.000000	55.750000	9.619667e+04	2.790786e-04
2022	2	18	6	15
	231	36	30.750000	64.500000	9.688320e+04	2.390339e-05
	123	64	3.750000	57.500000	9.606062e+04	2.478460e-04
	55	68	-13.250000	56.500000	9.881698e+04	2.956162e-04
	275	118	41.750000	44.000000	1.006057e+05	-1.439981e-05
	240	142	33.000000	38.000000	1.007157e+05	1.699716e-05
	229	149	30.250000	36.250000	1.007157e+05	8.837140e-05
2022	2	18	7	18
	234	34	31.500000	65.000000	9.692552e+04	2.694898e-05
	235	35	31.750000	64.750000	9.692552e+04	3.353717e-05
	0	59	-27.000000	58.750000	9.878852e+04	9.818457e-05
	136	65	7.000000	57.250000	9.604112e+04	1.652332e-04
	279	119	42.750000	43.750000	1.007896e+05	5.981223e-05
	245	144	34.250000	37.500000	1.008105e+05	5.947927e-05
	233	149	31.250000	36.250000	1.008105e+05	1.353936e-04
2022	2	18	5	21
	239	30	32.750000	66.000000	9.697018e+04	4.203969e-05
	0	54	-27.000000	60.000000	9.833066e+04	1.176878e-04
	149	63	10.250000	57.750000	9.600212e+04	2.037933e-04
	150	63	10.500000	57.750000	9.600212e+04	2.056995e-04
	237	150	32.250000	36.000000	1.006364e+05	1.789688e-04
2022	2	19	5	0
	241	29	33.250000	66.250000	9.698843e+04	4.750614e-05
	8	53	-25.000000	60.250000	9.816143e+04	2.285532e-04
	159	63	12.750000	57.750000	9.621445e+04	1.630017e-04
	138	117	7.500000	44.250000	1.013255e+05	1.482084e-04
	237	151	32.250000	35.750000	1.005821e+05	1.784471e-04
2022	2	19	9	3
	288	15	45.000000	69.750000	9.735568e+04	6.850739e-05
	243	28	33.750000	66.500000	9.700070e+04	4.903482e-05
	10	51	-24.500000	60.750000	9.808468e+04	2.200986e-04
	11	51	-24.250000	60.750000	9.808468e+04	2.168576e-04
	30	56	-19.500000	59.500000	9.808468e+04	2.083233e-04
	177	62	17.250000	58.000000	9.634845e+04	1.309054e-04
	138	117	7.500000	44.250000	1.012048e+05	1.286683e-04
	236	154	32.000000	35.000000	1.006345e+05	2.252549e-04
	241	156	33.250000	34.500000	1.006345e+05	2.033593e-04
2022	2	19	7	6
	243	27	33.750000	66.750000	9.708562e+04	6.137736e-05
	93	36	-3.750000	64.500000	9.761976e+04	1.974309e-04
	13	51	-23.750000	60.750000	9.805983e+04	2.401118e-04
	195	62	21.750000	58.000000	9.644738e+04	1.941136e-04
	138	118	7.500000	44.000000	1.012953e+05	1.258284e-04
	236	157	32.000000	34.250000	1.007166e+05	2.073567e-04
	249	157	35.250000	34.250000	1.007166e+05	1.771105e-05
2022	2	19	9	9
	243	26	33.750000	67.000000	9.718566e+04	5.596714e-05
	112	27	1.000000	66.750000	9.767701e+04	4.755357e-05
	122	34	3.500000	65.000000	9.767701e+04	5.823358e-05
	102	38	-1.500000	64.000000	9.767701e+04	2.468574e-04
	13	50	-23.750000	61.000000	9.806109e+04	2.276432e-04
	30	51	-19.500000	60.750000	9.806109e+04	1.275937e-04
	204	60	24.000000	58.500000	9.661929e+04	1.743547e-04
	138	118	7.500000	44.000000	1.014717e+05	1.141463e-04
	238	160	32.500000	33.500000	1.008643e+05	2.354651e-04
2022	2	19	9	12
	108	27	0.000000	66.750000	9.776398e+04	4.888091e-05
	111	37	0.750000	64.250000	9.776398e+04	2.566216e-04
	12	49	-24.000000	61.250000	9.806219e+04	2.257884e-04
	216	57	27.000000	59.250000	9.686575e+04	1.962832e-04
	67	59	-10.250000	58.750000	9.851154e+04	2.114259e-04
	0	65	-27.000000	57.250000	9.826523e+04	1.169911e-04
	136	119	7.000000	43.750000	1.014650e+05	1.355566e-04
	94	145	-3.500000	37.250000	1.019947e+05	5.819562e-05
	237	161	32.250000	33.250000	1.009396e+05	2.074234e-04
2022	2	19	11	15
	276	17	42.000000	69.250000	9.734891e+04	6.047645e-05
	104	28	-1.000000	66.500000	9.778836e+04	6.477220e-05
	118	36	2.500000	64.500000	9.778836e+04	2.231829e-04
	7	48	-25.250000	61.500000	9.781698e+04	1.631840e-04
	227	54	29.750000	60.000000	9.711945e+04	1.600438e-04
	76	58	-8.000000	59.000000	9.846624e+04	1.893636e-04
	0	62	-27.000000	58.000000	9.766678e+04	1.218549e-04
	155	117	11.750000	44.250000	1.015468e+05	-7.162020e-08
	135	120	6.750000	43.500000	1.014993e+05	1.325753e-04
	110	126	0.500000	42.000000	1.023508e+05	8.462441e-05
	236	162	32.000000	33.000000	1.011594e+05	9.979851e-05
2022	2	19	11	18
	287	14	44.750000	70.000000	9.738494e+04	7.312815e-05
	100	30	-2.000000	66.000000	9.782611e+04	8.643827e-05
	140	30	8.000000	66.000000	9.782611e+04	8.414274e-05
	141	30	8.250000	66.000000	9.782611e+04	8.803177e-05
	124	36	4.000000	64.500000	9.782611e+04	2.133046e-04
	0	47	-27.000000	61.750000	9.698544e+04	8.806641e-05
	237	52	32.250000	60.500000	9.731462e+04	1.027906e-04
	81	58	-6.750000	59.000000	9.841434e+04	2.384014e-04
	0	59	-27.000000	58.750000	9.698544e+04	1.024039e-04
	168	125	15.000000	42.250000	1.017069e+05	1.272705e-06
	147	127	9.750000	41.750000	1.016682e+05	2.220836e-05
2022	2	19	9	21
	130	35	5.500000	64.750000	9.781809e+04	2.392184e-04
	0	46	-27.000000	62.000000	9.645540e+04	9.158607e-05
	250	48	35.500000	61.500000	9.741844e+04	8.121545e-05
	250	49	35.500000	61.250000	9.741844e+04	8.033040e-05
	0	57	-27.000000	59.250000	9.645540e+04	1.381382e-04
	83	57	-6.250000	59.250000	9.828820e+04	2.081704e-04
	169	125	15.250000	42.250000	1.017957e+05	3.524116e-05
	174	134	16.500000	40.000000	1.017957e+05	1.464595e-05
	153	138	11.250000	39.000000	1.018266e+05	1.110141e-04
2022	2	20	6	0
	138	33	7.500000	65.250000	9.777923e+04	2.562055e-04
	258	47	37.500000	61.750000	9.749298e+04	5.135535e-05
	9	55	-24.750000	59.750000	9.620438e+04	3.025947e-04
	175	124	16.750000	42.500000	1.018421e+05	1.120851e-04
	151	128	10.750000	41.500000	1.018679e+05	5.966451e-05
	175	137	16.750000	39.250000	1.018424e+05	3.875461e-05
