2022	2	14	5	0
	4	6	-26.000000	72.000000	9.977759e+04	-3.158729e-05
	218	10	27.500000	71.000000	9.840265e+04	1.354133e-04
	1	17	-26.750000	69.250000	9.977759e+04	1.548990e-05
	113	62	1.250000	58.000000	9.851295e+04	8.347160e-05
	102	71	-1.500000	55.750000	9.851295e+04	1.629329e-04
2022	2	14	4	3
	221	7	28.250000	71.750000	9.816012e+04	1.553910e-04
	198	17	22.500000	69.250000	9.816262e+04	-8.387409e-06
	113	62	1.250000	58.000000	9.847910e+04	7.847643e-05
	107	70	-0.250000	56.000000	9.847910e+04	1.368525e-04
2022	2	14	2	6
	217	8	27.250000	71.500000	9.800768e+04	3.016263e-04
	108	70	0.000000	56.000000	9.846830e+04	1.509445e-04
2022	2	14	3	9
	227	8	29.750000	71.500000	9.799029e+04	1.826978e-04
	0	53	-27.000000	60.250000	9.795504e+04	1.602420e-04
	119	68	2.750000	56.500000	9.855697e+04	4.664001e-05
2022	2	14	4	12
	231	9	30.750000	71.250000	9.793483e+04	1.551585e-04
	2	48	-26.500000	61.500000	9.748691e+04	2.023431e-04
	126	66	4.500000	57.000000	9.841409e+04	1.752950e-04
	112	73	1.000000	55.250000	9.841409e+04	2.248524e-04
2022	2	14	3	15
	233	11	31.250000	70.750000	9.798245e+04	1.570186e-04
	0	42	-27.000000	63.000000	9.708912e+04	1.273721e-04
	130	63	5.500000	57.750000	9.828091e+04	2.595777e-04
2022	2	14	4	18
	249	11	35.250000	70.750000	9.795895e+04	1.505539e-04
	288	13	45.000000	70.250000	9.898594e+04	7.564898e-05
	128	54	5.000000	60.000000	9.825930e+04	5.246091e-05
	131	62	5.750000	58.000000	9.825930e+04	3.044498e-04
2022	2	14	6	21
	254	11	36.500000	70.750000	9.798027e+04	1.959936e-04
	0	39	-27.000000	63.750000	9.712907e+04	9.682347e-05
	27	39	-20.250000	63.750000	9.712907e+04	3.778777e-05
	149	55	10.250000	59.750000	9.832791e+04	2.356993e-04
	133	61	6.250000	58.250000	9.832791e+04	3.006474e-04
	140	121	8.000000	43.250000	1.010866e+05	1.241724e-04
2022	2	15	8	0
	250	4	35.500000	72.500000	9.804873e+04	1.103599e-04
	6	7	-25.500000	71.750000	9.953961e+04	4.785317e-05
	267	13	39.750000	70.250000	9.804873e+04	2.318947e-04
	0	36	-27.000000	64.500000	9.715477e+04	1.218677e-04
	28	38	-20.000000	64.000000	9.718234e+04	1.246374e-06
	127	54	4.750000	60.000000	9.851968e+04	5.888982e-05
	136	61	7.000000	58.250000	9.851968e+04	2.632195e-04
	144	120	9.000000	43.500000	1.011303e+05	1.222482e-04
2022	2	15	9	3
	243	8	33.750000	71.500000	9.803713e+04	2.069904e-04
	274	11	41.500000	70.750000	9.803713e+04	1.921657e-04
	23	35	-21.250000	64.750000	9.717670e+04	8.365612e-05
	125	50	4.250000	61.000000	9.866602e+04	1.216578e-04
	125	51	4.250000	60.750000	9.862951e+04	1.097800e-04
	152	52	11.000000	60.500000	9.860146e+04	1.126057e-04
	143	60	8.750000	58.500000	9.860146e+04	2.309106e-04
	171	103	15.750000	47.750000	1.009934e+05	5.911131e-05
	147	119	9.750000	43.750000	1.009860e+05	9.785924e-05
2022	2	15	7	6
	274	10	41.500000	71.000000	9.807051e+04	2.134521e-04
	249	12	35.250000	70.500000	9.807051e+04	1.870282e-04
	0	31	-27.000000	65.750000	9.730627e+04	6.484139e-05
	125	49	4.250000	61.250000	9.872696e+04	1.439858e-04
	149	58	10.250000	59.000000	9.865176e+04	2.165140e-04
	0	84	-27.000000	52.500000	9.880451e+04	1.054125e-04
	146	117	9.500000	44.250000	1.010858e+05	9.698566e-05
2022	2	15	8	9
	276	9	42.000000	71.250000	9.815965e+04	2.269058e-04
	0	29	-27.000000	66.250000	9.731394e+04	1.006750e-04
	0	37	-27.000000	64.250000	9.731394e+04	-3.684436e-05
	63	48	-11.250000	61.500000	9.790302e+04	2.908993e-04
	125	49	4.250000	61.250000	9.870565e+04	1.457973e-04
	154	57	11.500000	59.250000	9.880044e+04	1.439043e-04
	2	81	-26.500000	53.250000	9.833168e+04	1.798772e-04
	159	113	12.750000	45.250000	1.011856e+05	9.565563e-05
2022	2	15	11	12
	6	7	-25.500000	71.750000	9.934894e+04	3.689794e-06
	279	9	42.750000	71.250000	9.830097e+04	2.595636e-04
	14	28	-23.500000	66.500000	9.740748e+04	1.325272e-04
	15	28	-23.250000	66.500000	9.740748e+04	1.349913e-04
	0	37	-27.000000	64.250000	9.740748e+04	-3.397347e-05
	62	45	-11.500000	62.250000	9.787874e+04	2.781760e-04
	125	48	4.250000	61.500000	9.872477e+04	1.644874e-04
	12	78	-24.000000	54.000000	9.801880e+04	2.587124e-04
	161	111	13.250000	45.750000	1.011674e+05	8.688258e-05
	159	119	12.750000	43.750000	1.011674e+05	-1.057148e-05
	153	162	11.250000	33.000000	1.016269e+05	2.738632e-05
2022	2	15	4	15
	280	8	43.000000	71.500000	9.838557e+04	2.692792e-04
	0	38	-27.000000	64.000000	9.738162e+04	1.668913e-05
	58	41	-12.500000	63.250000	9.777862e+04	2.747238e-04
	24	75	-21.000000	54.750000	9.762650e+04	3.042645e-04
2022	2	15	4	18
	280	8	43.000000	71.500000	9.851153e+04	2.874344e-04
	52	37	-14.000000	64.250000	9.771612e+04	2.755302e-04
	37	71	-17.750000	55.750000	9.734825e+04	3.048490e-04
	162	162	13.500000	33.000000	1.015329e+05	-4.965552e-06
2022	2	15	5	21
	283	9	43.750000	71.250000	9.863202e+04	2.657580e-04
	47	34	-15.250000	65.000000	9.769136e+04	3.263012e-04
	184	46	19.000000	62.000000	9.896244e+04	9.994647e-05
	52	69	-14.000000	56.250000	9.719127e+04	3.392686e-04
	164	159	14.000000	33.750000	1.016424e+05	3.338555e-05
2022	2	16	6	0
	288	8	45.000000	71.500000	9.873041e+04	1.308016e-04
	39	29	-17.250000	66.250000	9.761584e+04	2.770475e-04
	133	37	6.250000	64.250000	9.848647e+04	1.928444e-04
	189	44	20.250000	62.500000	9.889256e+04	1.164953e-04
	62	68	-11.500000	56.500000	9.699841e+04	4.371506e-04
	168	159	15.000000	33.750000	1.015876e+05	-1.377200e-05
2022	2	16	5	3
	21	25	-21.750000	67.250000	9.727681e+04	2.406168e-04
	131	36	5.750000	64.500000	9.838495e+04	1.823931e-04
	193	43	21.250000	62.750000	9.892342e+04	1.103554e-04
	150	59	10.500000	58.750000	9.850558e+04	1.746444e-04
	76	68	-8.000000	56.500000	9.714630e+04	4.172507e-04
2022	2	16	6	6
	288	6	45.000000	72.000000	9.884023e+04	1.101914e-04
	129	36	5.250000	64.500000	9.828264e+04	1.589977e-04
	202	38	23.500000	64.000000	9.892264e+04	8.512900e-05
	0	40	-27.000000	63.500000	9.674710e+04	1.147169e-04
	84	69	-6.000000	56.250000	9.753312e+04	3.693270e-04
	6	77	-25.500000	54.250000	9.761866e+04	2.288354e-04
2022	2	16	8	9
	287	4	44.750000	72.500000	9.884681e+04	1.681255e-04
	127	36	4.750000	64.500000	9.826572e+04	1.492988e-04
	205	36	24.250000	64.500000	9.892655e+04	8.319528e-05
	19	72	-22.250000	55.500000	9.708771e+04	3.142947e-04
	123	73	3.750000	55.250000	9.765235e+04	2.958855e-04
	36	75	-18.000000	54.750000	9.708771e+04	2.655257e-04
	137	116	7.250000	44.500000	1.013418e+05	8.453642e-05
	176	150	17.000000	36.000000	1.015254e+05	1.055811e-04
2022	2	16	9	12
	281	4	43.250000	72.500000	9.885730e+04	2.472881e-04
	0	35	-27.000000	64.750000	9.690315e+04	7.767982e-05
	127	37	4.750000	64.250000	9.826430e+04	1.576243e-04
	56	52	-13.000000	60.500000	9.792652e+04	1.791691e-04
	25	70	-20.750000	56.000000	9.681855e+04	3.576402e-04
	48	71	-15.000000	55.750000	9.702284e+04	2.531065e-04
	138	73	7.500000	55.250000	9.769810e+04	2.511484e-04
	137	116	7.250000	44.500000	1.012940e+05	1.010166e-04
	178	148	17.500000	36.500000	1.012914e+05	1.087842e-04
2022	2	16	8	15
	278	4	42.500000	72.500000	9.881109e+04	1.882862e-04
	0	35	-27.000000	64.750000	9.706045e+04	8.909513e-05
	125	37	4.250000	64.250000	9.820133e+04	1.599976e-04
	55	50	-13.250000	61.000000	9.760316e+04	2.108308e-04
	59	67	-12.250000	56.750000	9.687276e+04	3.141323e-04
	31	70	-19.250000	56.000000	9.677092e+04	3.695588e-04
	151	73	10.750000	55.250000	9.785931e+04	1.774831e-04
	179	145	17.750000	37.250000	1.011200e+05	1.426882e-04
2022	2	16	9	18
	275	4	41.750000	72.500000	9.877349e+04	2.199666e-04
	0	34	-27.000000	65.000000	9.741030e+04	3.602911e-05
	125	37	4.250000	64.250000	9.811907e+04	1.442576e-04
	55	49	-13.250000	61.250000	9.744993e+04	1.906492e-04
	68	65	-10.000000	57.250000	9.649847e+04	4.086560e-04
	38	70	-17.500000	56.000000	9.702316e+04	4.364957e-04
	160	72	13.000000	55.500000	9.807505e+04	1.501986e-04
	180	142	18.000000	38.000000	1.010212e+05	2.031026e-04
	274	159	41.500000	33.750000	1.015520e+05	-7.367982e-07
2022	2	16	6	21
	273	4	41.250000	72.500000	9.877130e+04	2.079798e-04
	55	50	-13.250000	61.000000	9.742972e+04	1.858321e-04
	77	64	-7.750000	57.500000	9.656599e+04	3.598855e-04
	51	73	-14.250000	55.250000	9.749474e+04	3.567014e-04
	138	117	7.500000	44.250000	1.010375e+05	6.079734e-05
	180	143	18.000000	37.750000	1.009838e+05	2.083344e-04
2022	2	17	5	0
	273	4	41.250000	72.500000	9.877067e+04	1.665309e-04
	57	51	-12.750000	60.750000	9.769528e+04	1.848168e-04
	85	64	-5.750000	57.500000	9.692838e+04	3.010524e-04
	138	117	7.500000	44.250000	1.009659e+05	5.892808e-05
	179	145	17.750000	37.250000	1.008826e+05	1.935098e-04
2022	2	17	4	3
	273	4	41.250000	72.500000	9.876612e+04	1.849191e-04
	59	52	-12.250000	60.500000	9.810967e+04	1.971394e-04
	98	65	-2.500000	57.250000	9.714834e+04	1.971849e-04
	180	148	18.000000	36.500000	1.006797e+05	2.128167e-04
2022	2	17	4	6
	272	3	41.000000	72.750000	9.874936e+04	1.926767e-04
	63	53	-11.250000	60.250000	9.837351e+04	1.791333e-04
	109	66	0.250000	57.000000	9.739933e+04	2.539175e-04
	181	151	18.250000	35.750000	1.007605e+05	2.177491e-04
2022	2	17	4	9
	270	3	40.500000	72.750000	9.880138e+04	2.146013e-04
	66	53	-10.500000	60.250000	9.858564e+04	1.967315e-04
	190	67	20.500000	56.750000	9.764327e+04	1.112250e-04
	182	153	18.500000	35.250000	1.008622e+05	2.232285e-04
2022	2	17	5	12
	270	2	40.500000	73.000000	9.884477e+04	1.693303e-04
	129	37	5.250000	64.250000	9.822279e+04	1.210499e-04
	72	54	-9.000000	60.000000	9.877208e+04	1.771384e-04
	197	65	22.250000	57.250000	9.748957e+04	9.137991e-05
	183	156	18.750000	34.500000	1.008296e+05	2.251116e-04
2022	2	17	4	15
	272	2	41.000000	73.000000	9.887485e+04	1.539584e-04
	129	38	5.250000	64.000000	9.836145e+04	1.328731e-04
	201	65	23.250000	57.250000	9.746168e+04	7.277401e-05
	184	160	19.000000	33.500000	1.008741e+05	1.542841e-04
2022	2	17	4	18
	273	1	41.250000	73.250000	9.887987e+04	1.288673e-04
	132	39	6.000000	63.750000	9.844605e+04	1.478265e-04
	43	40	-16.250000	63.500000	9.914919e+04	1.250790e-04
	204	64	24.000000	57.500000	9.749803e+04	8.620779e-05
2022	2	17	5	21
	273	0	41.250000	73.500000	9.889162e+04	7.835376e-05
	44	40	-16.000000	63.500000	9.927593e+04	1.168584e-04
	136	40	7.000000	63.500000	9.851812e+04	1.200030e-04
	206	64	24.500000	57.500000	9.758686e+04	1.278321e-04
	154	110	11.500000	46.000000	1.007996e+05	6.588587e-05
2022	2	18	3	0
	0	53	-27.000000	60.250000	9.877568e+04	1.274840e-04
	213	63	26.250000	57.750000	9.772050e+04	6.930622e-05
	50	90	-14.500000	51.000000	1.004182e+05	6.630205e-05
2022	2	18	4	3
	152	28	11.000000	66.500000	9.876910e+04	4.361542e-05
	0	52	-27.000000	60.500000	9.875312e+04	1.090532e-04
	56	87	-13.000000	51.750000	1.000240e+05	1.610059e-04
	67	92	-10.250000	50.500000	1.000240e+05	1.633617e-04
2022	2	18	5	6
	152	28	11.000000	66.500000	9.879573e+04	7.658008e-05
	7	52	-25.250000	60.500000	9.888206e+04	2.454614e-04
	49	52	-14.750000	60.500000	9.915514e+04	1.649945e-04
	64	84	-11.000000	52.500000	9.961497e+04	2.512325e-04
	78	87	-7.500000	51.750000	9.961497e+04	1.898360e-04
2022	2	18	10	9
	154	28	11.500000	66.500000	9.885637e+04	8.977030e-05
	63	44	-11.250000	62.500000	9.909435e+04	9.056972e-05
	49	51	-14.750000	60.750000	9.909435e+04	1.133872e-04
	14	52	-23.500000	60.500000	9.908276e+04	2.172671e-04
	66	53	-10.500000	60.250000	9.909435e+04	3.530768e-05
	240	63	33.000000	57.750000	9.792292e+04	1.087861e-04
	87	82	-5.250000	53.000000	9.912538e+04	2.482221e-04
	72	83	-9.000000	52.750000	9.912538e+04	3.121417e-04
	137	113	7.250000	45.250000	1.015917e+05	2.532490e-06
	144	124	9.000000	42.500000	1.015931e+05	7.656214e-05
2022	2	18	11	12
	288	21	45.000000	68.250000	9.868388e+04	-3.770583e-06
	288	23	45.000000	67.750000	9.868388e+04	5.541227e-05
	0	28	-27.000000	66.500000	9.930695e+04	1.377083e-04
	154	29	11.500000	66.250000	9.892202e+04	7.477573e-05
	59	44	-12.250000	62.500000	9.914981e+04	1.088981e-04
	50	51	-14.500000	60.750000	9.914981e+04	9.811910e-05
	20	52	-22.000000	60.500000	9.930225e+04	1.947953e-04
	73	53	-8.750000	60.250000	9.914981e+04	1.468013e-04
	245	60	34.250000	58.500000	9.800988e+04	1.164842e-04
	93	78	-3.750000	54.000000	9.884524e+04	2.197769e-04
	161	124	13.250000	42.500000	1.016081e+05	8.898712e-06
2022	2	18	5	15
	152	20	11.000000	68.500000	9.892906e+04	1.614016e-04
	54	52	-13.500000	60.500000	9.899423e+04	1.263373e-04
	77	53	-7.750000	60.250000	9.899423e+04	1.795452e-04
	247	55	34.750000	59.750000	9.809088e+04	1.142793e-04
	101	76	-1.750000	54.500000	9.844761e+04	2.525322e-04
2022	2	18	5	18
	149	21	10.250000	68.250000	9.893470e+04	1.753608e-04
	251	50	35.750000	61.000000	9.809025e+04	8.915328e-05
	82	53	-6.500000	60.250000	9.897042e+04	2.258897e-04
	110	73	0.500000	55.250000	9.805734e+04	3.392137e-04
	244	136	34.000000	39.500000	1.006199e+05	7.341005e-05
2022	2	18	8	21
	148	24	10.000000	67.500000	9.893220e+04	9.707118e-05
	254	47	36.500000	61.750000	9.806252e+04	9.645733e-05
	255	47	36.750000	61.750000	9.806252e+04	9.040454e-05
	86	52	-5.500000	60.500000	9.899110e+04	2.454229e-04
	122	72	3.500000	55.500000	9.779069e+04	3.248076e-04
	246	140	34.500000	38.500000	1.007356e+05	1.156895e-05
	232	148	31.000000	36.500000	1.005890e+05	1.035221e-04
	260	162	38.000000	33.000000	1.007468e+05	1.597550e-05
2022	2	19	7	0
	148	27	10.000000	66.750000	9.895758e+04	6.224563e-05
	149	27	10.250000	66.750000	9.895758e+04	5.156152e-05
	258	44	37.500000	62.500000	9.806831e+04	1.008232e-04
	90	53	-4.500000	60.250000	9.909216e+04	2.466261e-04
	130	71	5.500000	55.750000	9.756336e+04	3.440956e-04
	228	151	30.000000	35.750000	1.004102e+05	1.486573e-04
	259	162	37.750000	33.000000	1.006885e+05	2.626628e-05
2022	2	19	8	3
	149	28	10.250000	66.500000	9.893313e+04	2.935227e-05
	263	40	38.750000	63.500000	9.801128e+04	9.947583e-05
	0	46	-27.000000	62.000000	9.712217e+04	1.296633e-04
	94	54	-3.500000	60.000000	9.926246e+04	2.333509e-04
	147	72	9.750000	55.500000	9.766990e+04	2.411763e-04
	149	72	10.250000	55.500000	9.766990e+04	2.641952e-04
	138	117	7.500000	44.250000	1.010889e+05	7.093747e-05
	233	152	31.250000	35.500000	1.004347e+05	1.765348e-04
2022	2	19	9	6
	153	22	11.250000	68.000000	9.897716e+04	8.609170e-05
	288	28	45.000000	66.500000	9.833669e+04	6.243676e-05
	153	30	11.250000	66.000000	9.897716e+04	8.441900e-05
	266	36	39.500000	64.500000	9.800830e+04	9.876213e-05
	0	41	-27.000000	63.250000	9.688294e+04	1.425181e-04
	100	55	-2.000000	59.750000	9.955355e+04	1.855095e-04
	160	73	13.000000	55.250000	9.794282e+04	2.195510e-04
	138	117	7.500000	44.250000	1.011059e+05	7.359774e-05
	232	158	31.000000	34.000000	1.006366e+05	2.088422e-04
2022	2	19	9	9
	288	28	45.000000	66.500000	9.828797e+04	5.920069e-05
	154	30	11.500000	66.000000	9.909842e+04	1.238922e-04
	267	33	39.750000	65.250000	9.804935e+04	1.337447e-04
	268	33	40.000000	65.250000	9.804935e+04	1.304257e-04
	0	38	-27.000000	64.000000	9.677970e+04	1.450350e-04
	174	76	16.500000	54.500000	9.825820e+04	2.664246e-04
	150	110	10.500000	46.000000	1.013299e+05	9.478671e-05
	137	117	7.250000	44.250000	1.013299e+05	8.896912e-05
	233	162	31.250000	33.000000	1.008661e+05	1.019669e-04
2022	2	19	7	12
	151	23	10.750000	67.750000	9.925698e+04	8.012739e-05
	273	31	41.250000	65.750000	9.807771e+04	1.368817e-04
	1	36	-26.750000	64.500000	9.677342e+04	1.849088e-04
	22	40	-21.500000	63.500000	9.677342e+04	2.529836e-04
	193	74	21.250000	55.000000	9.858705e+04	1.506111e-04
	153	110	11.250000	46.000000	1.013833e+05	5.012852e-05
	135	119	6.750000	43.750000	1.014609e+05	1.229555e-04
2022	2	19	5	15
	153	27	11.250000	66.750000	9.936899e+04	8.673377e-05
	277	29	42.250000	66.250000	9.814241e+04	1.423170e-04
	36	41	-18.000000	63.250000	9.683719e+04	2.734096e-04
	204	74	24.000000	55.000000	9.881736e+04	1.199242e-04
	134	119	6.500000	43.750000	1.014461e+05	1.257487e-04
2022	2	19	7	18
	150	25	10.500000	67.250000	9.945203e+04	5.586255e-05
	282	27	43.500000	66.750000	9.818143e+04	1.671968e-04
	253	32	36.250000	65.500000	9.818441e+04	1.147245e-04
	33	37	-18.750000	64.250000	9.658480e+04	1.700508e-04
	214	75	26.500000	54.750000	9.911550e+04	9.826881e-05
	0	162	-27.000000	33.000000	1.031805e+05	8.866950e-05
	288	162	45.000000	33.000000	1.004094e+05	1.004180e-04
2022	2	19	11	21
	284	26	44.000000	67.000000	9.827089e+04	1.479912e-04
	251	32	35.750000	65.500000	9.834437e+04	1.492050e-04
	47	38	-15.250000	64.000000	9.673112e+04	2.497586e-04
	0	51	-27.000000	60.750000	9.726459e+04	3.706952e-05
	225	75	29.250000	54.750000	9.934111e+04	9.109815e-05
	88	137	-5.000000	39.250000	1.019370e+05	4.447511e-05
	266	147	39.500000	36.750000	1.010214e+05	-4.637717e-06
	285	149	44.250000	36.250000	1.008365e+05	-2.315303e-06
	278	158	42.500000	34.000000	1.006622e+05	-1.768170e-05
	0	162	-27.000000	33.000000	1.032859e+05	6.426703e-05
	288	162	45.000000	33.000000	1.006622e+05	7.798383e-05
2022	2	20	9	0
	286	25	44.500000	67.250000	9.835236e+04	1.252190e-04
	251	32	35.750000	65.500000	9.853754e+04	1.614803e-04
	51	37	-14.250000	64.250000	9.678956e+04	3.093471e-04
	0	51	-27.000000	60.750000	9.699183e+04	9.686961e-05
	232	76	31.000000	54.500000	9.951298e+04	8.699381e-05
	233	76	31.250000	54.500000	9.951298e+04	8.756109e-05
	84	136	-6.000000	39.500000	1.020670e+05	1.315504e-05
	281	147	43.250000	36.750000	1.009920e+05	1.880397e-05
	288	162	45.000000	33.000000	1.008672e+05	5.921438e-05
