2022	2	16	6	0
	288	11	45.000000	70.750000	9.875301e+04	6.326570e-05
	45	37	-15.750000	64.250000	9.758068e+04	2.511395e-04
	118	54	2.500000	60.000000	9.804773e+04	2.042275e-04
	65	67	-10.750000	56.750000	9.730504e+04	2.940694e-04
	280	121	43.000000	43.250000	1.020684e+05	3.190798e-05
	171	122	15.750000	43.000000	1.014633e+05	3.701399e-05
2022	2	16	3	3
	123	54	3.750000	60.000000	9.799573e+04	2.120739e-04
	73	66	-8.750000	57.000000	9.717612e+04	2.470393e-04
	280	121	43.000000	43.250000	1.021544e+05	3.719376e-05
2022	2	16	3	6
	84	65	-6.000000	57.250000	9.736479e+04	2.882929e-04
	84	66	-6.000000	57.000000	9.736479e+04	2.774123e-04
	99	67	-2.250000	56.750000	9.736479e+04	2.543814e-04
2022	2	16	4	9
	108	66	0.000000	57.000000	9.732222e+04	2.371504e-04
	48	68	-15.000000	56.500000	9.738273e+04	2.048230e-04
	49	69	-14.750000	56.250000	9.738273e+04	1.980994e-04
	137	116	7.250000	44.500000	1.012348e+05	7.243269e-05
2022	2	16	4	12
	117	65	2.250000	57.250000	9.717095e+04	2.449927e-04
	62	66	-11.500000	57.000000	9.683572e+04	2.424998e-04
	183	139	18.750000	38.750000	1.012441e+05	1.942720e-04
	184	139	19.000000	38.750000	1.012441e+05	1.883605e-04
2022	2	16	4	15
	126	64	4.500000	57.500000	9.693089e+04	2.622822e-04
	72	65	-9.000000	57.250000	9.656784e+04	2.818764e-04
	137	117	7.250000	44.250000	1.012409e+05	9.274940e-05
	185	135	19.250000	39.750000	1.010358e+05	1.737321e-04
2022	2	16	5	18
	133	64	6.250000	57.500000	9.671652e+04	2.229595e-04
	84	66	-6.000000	57.000000	9.685822e+04	3.461420e-04
	136	116	7.000000	44.500000	1.011439e+05	4.920742e-05
	278	120	42.500000	43.500000	1.021627e+05	-1.384813e-05
	185	134	19.250000	40.000000	1.010685e+05	1.494981e-04
2022	2	16	4	21
	140	65	8.000000	57.250000	9.633385e+04	2.160563e-04
	137	117	7.250000	44.250000	1.011237e+05	5.763852e-05
	278	120	42.500000	43.500000	1.020853e+05	-3.949993e-05
	184	132	19.000000	40.500000	1.011126e+05	1.419302e-04
2022	2	17	5	0
	177	60	17.250000	58.500000	9.609060e+04	1.704402e-04
	152	64	11.000000	57.500000	9.600623e+04	1.926422e-04
	162	70	13.500000	56.000000	9.600623e+04	2.081911e-04
	137	117	7.250000	44.250000	1.009683e+05	6.402046e-05
	183	133	18.750000	40.250000	1.011431e+05	1.224968e-04
2022	2	17	2	3
	176	68	17.000000	56.500000	9.558251e+04	3.199138e-04
	138	117	7.500000	44.250000	1.007872e+05	8.940383e-05
2022	2	17	2	6
	287	11	44.750000	70.750000	9.918144e+04	7.654515e-05
	185	65	19.250000	57.250000	9.547623e+04	3.012705e-04
2022	2	17	3	9
	192	60	21.000000	58.500000	9.548992e+04	2.240419e-04
	4	110	-26.000000	46.000000	1.009976e+05	1.038004e-04
	278	120	42.500000	43.500000	1.016254e+05	-1.636297e-05
2022	2	17	4	12
	6	7	-25.500000	71.750000	1.003723e+05	-2.846388e-05
	200	59	23.000000	58.750000	9.551531e+04	2.491532e-04
	21	60	-21.750000	58.500000	9.900781e+04	1.659266e-04
	12	106	-24.000000	47.000000	1.006901e+05	1.578508e-04
2022	2	17	4	15
	207	55	24.750000	59.750000	9.563678e+04	1.974177e-04
	23	58	-21.250000	59.000000	9.877673e+04	2.172856e-04
	21	108	-21.750000	46.500000	1.000388e+05	1.947967e-04
	22	108	-21.500000	46.500000	1.000388e+05	1.699982e-04
2022	2	17	3	18
	210	53	25.500000	60.250000	9.572663e+04	1.974577e-04
	26	57	-20.500000	59.250000	9.855415e+04	2.599781e-04
	32	102	-19.000000	48.000000	9.945813e+04	2.898412e-04
2022	2	17	3	21
	214	48	26.500000	61.500000	9.578927e+04	1.448293e-04
	28	56	-20.000000	59.500000	9.850473e+04	2.599971e-04
	40	99	-17.000000	48.750000	9.898547e+04	4.075892e-04
2022	2	18	4	0
	216	44	27.000000	62.500000	9.585252e+04	1.401589e-04
	32	56	-19.000000	59.500000	9.837901e+04	2.563892e-04
	48	97	-15.000000	49.250000	9.852024e+04	4.794043e-04
	153	111	11.250000	45.750000	1.012471e+05	8.426623e-05
2022	2	18	4	3
	217	41	27.250000	63.250000	9.587654e+04	1.363746e-04
	35	56	-18.250000	59.500000	9.827045e+04	2.324506e-04
	60	96	-12.000000	49.500000	9.815734e+04	5.325617e-04
	147	111	9.750000	45.750000	1.013055e+05	3.587973e-05
2022	2	18	4	6
	217	37	27.250000	64.250000	9.592869e+04	1.308210e-04
	38	57	-17.500000	59.250000	9.813180e+04	2.461229e-04
	75	93	-8.250000	50.250000	9.803723e+04	5.033564e-04
	137	113	7.250000	45.250000	1.011375e+05	9.713368e-07
2022	2	18	4	9
	222	36	28.500000	64.500000	9.605001e+04	1.083285e-04
	94	52	-3.500000	60.500000	9.825495e+04	1.488837e-04
	44	58	-16.000000	59.000000	9.814351e+04	2.631519e-04
	91	84	-4.250000	52.500000	9.790724e+04	3.530231e-04
2022	2	18	5	12
	118	27	2.500000	66.750000	9.759056e+04	1.240739e-04
	229	35	30.250000	64.750000	9.614913e+04	1.019014e-04
	96	53	-3.000000	60.250000	9.814594e+04	1.580313e-04
	50	59	-14.500000	58.750000	9.826468e+04	2.716740e-04
	111	78	0.750000	54.000000	9.752032e+04	3.037108e-04
2022	2	18	7	15
	6	7	-25.500000	71.750000	1.004299e+05	-7.496168e-05
	114	28	1.500000	66.500000	9.751135e+04	1.270815e-04
	234	32	31.500000	65.500000	9.631333e+04	1.247687e-04
	57	61	-12.750000	58.250000	9.843587e+04	2.458729e-04
	122	74	3.500000	55.000000	9.696099e+04	4.022496e-04
	276	118	42.000000	44.000000	1.004053e+05	-2.488644e-05
	273	129	41.250000	41.250000	1.004053e+05	-1.238543e-05
2022	2	18	6	18
	241	29	33.250000	66.250000	9.638783e+04	1.318505e-04
	112	32	1.000000	65.500000	9.737544e+04	1.882338e-04
	3	41	-26.250000	63.250000	9.861055e+04	9.355330e-05
	0	61	-27.000000	58.250000	9.864491e+04	8.619498e-05
	132	71	6.000000	55.750000	9.671500e+04	3.602521e-04
	282	121	43.500000	43.250000	1.006014e+05	5.310834e-05
2022	2	18	5	21
	245	28	34.250000	66.500000	9.646460e+04	1.474021e-04
	114	35	1.500000	64.750000	9.734092e+04	2.058461e-04
	147	71	9.750000	55.750000	9.673234e+04	2.989154e-04
	138	117	7.500000	44.250000	1.011051e+05	1.281696e-04
	282	121	43.500000	43.250000	1.006703e+05	4.355023e-05
2022	2	19	8	0
	6	7	-25.500000	71.750000	1.004135e+05	-3.128334e-06
	249	25	35.250000	67.250000	9.661740e+04	1.455963e-04
	151	28	10.750000	66.500000	9.743351e+04	5.031920e-05
	119	36	2.750000	64.500000	9.736768e+04	1.818491e-04
	34	48	-18.500000	61.500000	9.841093e+04	1.147030e-04
	0	56	-27.000000	59.500000	9.817756e+04	1.513943e-04
	164	69	14.000000	56.250000	9.668673e+04	3.028868e-04
	138	117	7.500000	44.250000	1.011188e+05	1.163920e-04
2022	2	19	8	3
	6	7	-25.500000	71.750000	1.003585e+05	1.235103e-05
	258	18	37.500000	69.000000	9.660843e+04	9.135901e-05
	123	37	3.750000	64.250000	9.739580e+04	2.127997e-04
	31	46	-19.250000	62.000000	9.831120e+04	8.580066e-05
	19	55	-22.250000	59.750000	9.831120e+04	1.482750e-04
	178	66	17.500000	57.000000	9.653089e+04	2.142766e-04
	53	68	-13.750000	56.500000	9.878493e+04	1.694918e-04
	138	117	7.500000	44.250000	1.011206e+05	8.142932e-05
2022	2	19	10	6
	6	7	-25.500000	71.750000	1.003471e+05	1.014949e-05
	260	17	38.000000	69.250000	9.662865e+04	1.251029e-04
	129	38	5.250000	64.000000	9.743412e+04	2.721837e-04
	25	44	-20.750000	62.500000	9.838812e+04	5.447367e-05
	20	55	-22.000000	59.750000	9.838812e+04	2.121378e-04
	186	66	19.500000	57.000000	9.660432e+04	1.854190e-04
	60	67	-12.000000	56.750000	9.874419e+04	1.573451e-04
	138	117	7.500000	44.250000	1.011782e+05	8.733037e-05
	250	152	35.500000	35.500000	1.010236e+05	1.097149e-04
	265	153	39.250000	35.250000	1.010452e+05	-1.967785e-05
2022	2	19	9	9
	265	13	39.250000	70.250000	9.675027e+04	1.140542e-04
	135	37	6.750000	64.250000	9.752276e+04	2.828631e-04
	20	56	-22.000000	59.500000	9.873248e+04	1.973781e-04
	199	65	22.750000	57.250000	9.691781e+04	1.180297e-04
	200	66	23.000000	57.000000	9.691781e+04	1.205695e-04
	70	67	-9.500000	56.750000	9.861055e+04	2.231881e-04
	136	118	7.000000	44.000000	1.013557e+05	1.382100e-04
	261	155	38.250000	34.750000	1.010732e+05	-2.433950e-05
	270	162	40.500000	33.000000	1.010732e+05	6.571888e-05
2022	2	19	9	12
	271	10	40.750000	71.000000	9.683693e+04	8.796601e-05
	38	36	-17.500000	64.500000	9.904856e+04	-9.089574e-05
	141	36	8.250000	64.500000	9.765852e+04	2.232403e-04
	75	66	-8.250000	57.000000	9.864643e+04	2.791232e-04
	212	66	26.000000	57.000000	9.714769e+04	1.297227e-04
	93	71	-3.750000	55.750000	9.864643e+04	2.143099e-04
	145	118	9.250000	44.000000	1.014361e+05	5.821176e-05
	96	145	-3.000000	37.250000	1.019044e+05	4.762192e-05
	270	162	40.500000	33.000000	1.009397e+05	1.031700e-04
2022	2	19	11	15
	279	5	42.750000	72.250000	9.689075e+04	9.395840e-05
	38	36	-17.500000	64.500000	9.900386e+04	-9.450997e-05
	145	36	9.250000	64.500000	9.784704e+04	1.978531e-04
	19	53	-22.250000	60.250000	9.850991e+04	2.774172e-05
	222	66	28.500000	57.000000	9.735719e+04	1.598074e-04
	80	68	-7.000000	56.500000	9.911423e+04	2.143860e-04
	102	72	-1.500000	55.500000	9.915362e+04	2.017229e-04
	159	118	12.750000	44.000000	1.013509e+05	4.039944e-05
	146	119	9.500000	43.750000	1.013509e+05	7.083057e-05
	96	144	-3.000000	37.500000	1.019147e+05	4.830819e-05
	276	162	42.000000	33.000000	1.010866e+05	1.185332e-04
2022	2	19	9	18
	283	1	43.750000	73.250000	9.686309e+04	9.775476e-05
	152	28	11.000000	66.500000	9.805791e+04	9.414723e-05
	149	36	10.250000	64.500000	9.805791e+04	1.662736e-04
	0	58	-27.000000	59.000000	9.756198e+04	1.225602e-04
	231	65	30.750000	57.250000	9.754952e+04	1.476760e-04
	109	72	0.250000	55.500000	9.924696e+04	1.964611e-04
	160	118	13.000000	44.000000	1.014708e+05	7.897207e-05
	147	119	9.750000	43.750000	1.014708e+05	8.889141e-05
	284	162	44.000000	33.000000	1.012757e+05	7.742220e-05
2022	2	19	12	21
	284	1	44.000000	73.250000	9.683906e+04	1.426380e-04
	152	28	11.000000	66.500000	9.823898e+04	1.224998e-04
	0	53	-27.000000	60.250000	9.683587e+04	1.020059e-04
	240	65	33.000000	57.250000	9.775932e+04	1.072086e-04
	115	74	1.750000	55.000000	9.943868e+04	2.326123e-04
	116	74	2.000000	55.000000	9.943868e+04	2.222482e-04
	136	76	7.000000	54.500000	9.943868e+04	1.116472e-04
	168	123	15.000000	42.750000	1.014885e+05	-1.023644e-05
	152	126	11.000000	42.000000	1.014968e+05	2.495087e-05
	275	150	41.750000	36.000000	1.013953e+05	2.728010e-05
	262	157	38.500000	34.250000	1.014594e+05	1.028111e-05
	285	162	44.250000	33.000000	1.013246e+05	8.031086e-05
2022	2	20	12	0
	287	0	44.750000	73.500000	9.682888e+04	8.273664e-05
	59	19	-12.250000	68.750000	9.953416e+04	1.637016e-04
	152	28	11.000000	66.500000	9.838494e+04	1.358999e-04
	0	48	-27.000000	61.500000	9.628171e+04	7.994023e-05
	250	64	35.500000	57.500000	9.794419e+04	1.229626e-04
	143	77	8.750000	54.250000	9.955468e+04	1.141315e-04
	166	116	14.500000	44.500000	1.014107e+05	1.114991e-04
	171	124	15.750000	42.500000	1.014107e+05	4.018860e-05
	154	126	11.500000	42.000000	1.014410e+05	4.559325e-05
	280	147	43.000000	36.750000	1.013972e+05	1.627699e-05
	262	156	38.500000	34.500000	1.014399e+05	-2.691685e-05
	86	162	-5.500000	33.000000	1.021765e+05	5.037724e-05
