2022	2	10	6	0
	165	5	14.250000	72.250000	9.699523e+04	5.699898e-05
	148	22	10.000000	68.000000	9.645134e+04	4.405490e-04
	59	56	-12.250000	59.500000	9.873205e+04	4.168296e-04
	152	106	11.000000	47.000000	1.022531e+05	-3.972000e-05
	139	110	7.750000	46.000000	1.022531e+05	-7.180309e-05
	247	151	34.750000	35.750000	1.007936e+05	1.009348e-04
2022	2	10	7	6
	177	4	17.250000	72.500000	9.708668e+04	1.388318e-04
	8	7	-25.000000	71.750000	1.003528e+05	-1.731850e-05
	170	13	15.500000	70.250000	9.675162e+04	-1.325931e-05
	166	22	14.500000	68.000000	9.675162e+04	3.685391e-04
	79	57	-7.250000	59.250000	9.919481e+04	3.711977e-04
	158	106	12.500000	47.000000	1.021591e+05	-3.629068e-05
	249	152	35.250000	35.500000	1.010145e+05	9.139957e-05
2022	2	10	9	12
	210	3	25.500000	72.750000	9.716549e+04	-3.295645e-05
	172	5	16.000000	72.250000	9.716549e+04	2.757930e-04
	188	28	20.000000	66.500000	9.744408e+04	1.790866e-04
	91	63	-4.250000	57.750000	9.997134e+04	3.929257e-04
	137	117	7.250000	44.250000	1.022573e+05	1.219031e-04
	284	139	44.000000	38.750000	1.009158e+05	2.850103e-05
	270	147	40.500000	36.750000	1.010073e+05	6.127181e-05
	281	152	43.250000	35.500000	1.010073e+05	8.845535e-05
	271	155	40.750000	34.750000	1.010073e+05	2.741273e-05
2022	2	10	7	18
	215	0	26.750000	73.500000	9.738297e+04	2.802245e-05
	182	8	18.500000	71.500000	9.735199e+04	2.225721e-04
	37	17	-17.750000	69.250000	9.983648e+04	1.059808e-04
	211	30	25.750000	66.000000	9.789862e+04	1.671779e-04
	108	70	0.000000	56.000000	1.005806e+05	3.183316e-04
	136	119	7.000000	43.750000	1.022693e+05	9.892057e-05
	89	157	-4.750000	34.250000	1.021587e+05	-1.876627e-05
2022	2	11	6	0
	216	0	27.000000	73.500000	9.755070e+04	1.579472e-05
	217	0	27.250000	73.500000	9.755070e+04	1.734344e-05
	200	9	23.000000	71.250000	9.755070e+04	2.664158e-04
	55	14	-13.250000	70.000000	9.942177e+04	2.344965e-04
	0	73	-27.000000	55.250000	9.995386e+04	1.299155e-04
	122	76	3.500000	54.500000	1.009205e+05	3.066253e-04
2022	2	11	3	6
	201	8	23.250000	71.500000	9.789103e+04	1.833686e-04
	74	14	-8.500000	70.000000	9.923970e+04	1.636444e-04
	137	117	7.250000	44.250000	1.021383e+05	9.973350e-05
2022	2	11	6	12
	214	10	26.500000	71.000000	9.831038e+04	1.469099e-04
	89	14	-4.750000	70.000000	9.920493e+04	1.328624e-04
	2	59	-26.500000	58.750000	9.920766e+04	1.035900e-04
	3	59	-26.250000	58.750000	9.920766e+04	1.180193e-04
	4	70	-26.000000	56.000000	9.920766e+04	1.342641e-04
	135	119	6.750000	43.750000	1.021050e+05	7.350981e-05
2022	2	11	6	18
	214	4	26.500000	72.500000	9.857505e+04	6.751205e-05
	233	11	31.250000	70.750000	9.857505e+04	9.298271e-05
	122	17	3.500000	69.250000	9.906690e+04	1.103767e-04
	13	57	-23.750000	59.250000	9.892297e+04	1.824716e-04
	45	57	-15.750000	59.250000	9.899104e+04	2.293185e-04
	24	67	-21.000000	56.750000	9.892297e+04	1.010622e-04
2022	2	12	5	0
	140	0	8.000000	73.500000	9.864418e+04	6.631330e-05
	236	13	32.000000	70.250000	9.869223e+04	7.990490e-05
	154	20	11.500000	68.500000	9.894278e+04	1.769445e-04
	43	53	-16.250000	60.250000	9.852111e+04	2.531553e-04
	234	91	31.500000	50.750000	1.010775e+05	1.647344e-04
2022	2	12	5	6
	158	0	12.500000	73.500000	9.853966e+04	1.548655e-04
	158	20	12.500000	68.500000	9.893773e+04	1.948320e-04
	62	54	-11.500000	60.000000	9.831923e+04	1.384074e-04
	39	55	-17.250000	59.750000	9.831923e+04	2.903156e-04
	252	93	36.000000	50.250000	1.009436e+05	1.982010e-04
2022	2	12	4	12
	166	1	14.500000	73.250000	9.860456e+04	2.411569e-04
	75	49	-8.250000	61.250000	9.854008e+04	1.598977e-04
	45	57	-15.750000	59.250000	9.846801e+04	2.148150e-04
	286	91	44.500000	50.750000	1.008994e+05	1.061582e-04
2022	2	12	4	18
	175	4	16.750000	72.500000	9.857190e+04	2.457275e-04
	79	49	-7.250000	61.250000	9.846885e+04	1.779666e-04
	48	60	-15.000000	58.500000	9.852174e+04	1.971052e-04
	288	95	45.000000	49.750000	1.009375e+05	8.442071e-05
2022	2	13	3	0
	188	5	20.000000	72.250000	9.856262e+04	1.980957e-04
	99	47	-2.250000	61.750000	9.847096e+04	1.993336e-04
	50	64	-14.500000	57.500000	9.865555e+04	2.042313e-04
2022	2	13	3	6
	196	5	22.000000	72.250000	9.846042e+04	2.306626e-04
	135	39	6.750000	63.750000	9.832956e+04	1.006308e-04
	71	106	-9.250000	47.000000	9.969634e+04	1.577855e-04
2022	2	13	4	12
	194	7	21.500000	71.750000	9.856115e+04	1.932756e-04
	144	38	9.000000	64.000000	9.831270e+04	8.960806e-05
	130	43	5.500000	62.750000	9.831270e+04	1.195447e-04
	96	98	-3.000000	49.000000	9.939311e+04	2.523681e-04
2022	2	13	4	18
	199	5	22.750000	72.250000	9.859782e+04	1.683099e-04
	156	37	12.000000	64.250000	9.839362e+04	1.105020e-04
	94	80	-3.500000	53.500000	9.890948e+04	9.353551e-05
	110	88	0.500000	51.500000	9.889115e+04	2.565470e-04
2022	2	14	4	0
	186	7	19.500000	71.750000	9.857527e+04	1.959502e-04
	1	17	-26.750000	69.250000	9.992815e+04	5.190914e-05
	200	35	23.000000	64.750000	9.843429e+04	7.582659e-05
	123	79	3.750000	53.750000	9.855166e+04	2.745492e-04
2022	2	14	4	6
	168	13	15.000000	70.250000	9.844251e+04	2.250580e-04
	182	22	18.500000	68.000000	9.844251e+04	6.351161e-05
	215	34	26.750000	65.000000	9.860688e+04	2.955630e-05
	136	75	7.000000	54.750000	9.841512e+04	3.094125e-04
2022	2	14	4	12
	164	18	14.000000	69.000000	9.839109e+04	3.604797e-04
	184	22	19.000000	68.000000	9.839109e+04	-9.230797e-05
	216	29	27.000000	66.250000	9.888588e+04	2.868522e-05
	154	70	11.500000	56.000000	9.843177e+04	3.697924e-04
2022	2	14	7	18
	6	7	-25.500000	71.750000	9.988853e+04	-8.138690e-06
	190	13	20.500000	70.250000	9.858791e+04	3.201295e-05
	168	23	15.000000	67.750000	9.857780e+04	2.604285e-04
	288	39	45.000000	63.750000	1.000447e+05	1.128006e-04
	1	41	-26.750000	63.250000	9.754227e+04	1.578426e-04
	176	60	17.000000	58.500000	9.831017e+04	2.201598e-04
	132	122	6.000000	43.000000	1.008766e+05	1.501633e-04
2022	2	15	7	0
	6	7	-25.500000	71.750000	9.960952e+04	4.162993e-06
	193	8	21.250000	71.500000	9.856389e+04	1.293965e-04
	288	28	45.000000	66.500000	9.996545e+04	6.693597e-05
	25	34	-20.750000	65.000000	9.712230e+04	-3.039415e-05
	0	35	-27.000000	64.750000	9.712230e+04	1.713349e-04
	200	53	23.000000	60.250000	9.833504e+04	1.627191e-04
	136	121	7.000000	43.250000	1.008153e+05	1.035906e-04
2022	2	15	7	6
	224	8	29.000000	71.500000	9.843134e+04	1.020676e-04
	194	17	21.500000	69.250000	9.839130e+04	1.079251e-04
	0	29	-27.000000	66.250000	9.759348e+04	1.034843e-04
	236	37	32.000000	64.250000	9.843198e+04	7.571611e-05
	0	90	-27.000000	51.000000	9.919355e+04	1.110764e-04
	138	122	7.500000	43.000000	1.008313e+05	8.982162e-05
	154	160	11.500000	33.500000	1.013955e+05	8.981647e-05
2022	2	15	10	12
	6	7	-25.500000	71.750000	9.898282e+04	-5.605637e-06
	210	8	25.500000	71.500000	9.826023e+04	9.742408e-05
	211	8	25.750000	71.500000	9.826023e+04	1.021257e-04
	0	27	-27.000000	66.750000	9.763668e+04	1.496597e-04
	288	29	45.000000	66.250000	9.886397e+04	1.105251e-04
	254	30	36.500000	66.000000	9.822841e+04	1.085446e-04
	58	40	-12.500000	63.500000	9.751720e+04	2.993624e-04
	32	82	-19.000000	53.000000	9.870992e+04	2.662912e-04
	146	125	9.500000	42.250000	1.009879e+05	1.115208e-04
	159	158	12.750000	34.000000	1.015143e+05	1.219576e-04
2022	2	15	7	18
	6	7	-25.500000	71.750000	9.869960e+04	-9.372053e-07
	273	24	41.250000	67.500000	9.814033e+04	1.537585e-04
	47	31	-15.250000	65.750000	9.709279e+04	3.313101e-04
	0	39	-27.000000	63.750000	9.745693e+04	4.560001e-05
	65	76	-10.750000	54.500000	9.801557e+04	2.959367e-04
	146	119	9.500000	43.750000	1.012585e+05	1.521644e-04
	165	154	14.250000	35.000000	1.015624e+05	1.263655e-04
2022	2	16	5	0
	269	18	40.250000	69.000000	9.796690e+04	9.558738e-05
	28	25	-20.000000	67.250000	9.672317e+04	4.277821e-04
	84	63	-6.000000	57.750000	9.800925e+04	2.133627e-04
	96	74	-3.000000	55.000000	9.795214e+04	3.132622e-04
	149	122	10.250000	43.000000	1.015236e+05	1.445730e-04
2022	2	16	9	6
	237	12	32.250000	70.500000	9.766934e+04	7.645602e-05
	271	12	40.750000	70.500000	9.766934e+04	1.553227e-04
	0	25	-27.000000	67.250000	9.692842e+04	1.730584e-04
	53	25	-13.750000	67.250000	9.785015e+04	2.097441e-04
	25	34	-20.750000	65.000000	9.710270e+04	1.614158e-05
	0	38	-27.000000	64.000000	9.701693e+04	6.881472e-05
	126	67	4.500000	56.750000	9.692379e+04	3.189854e-04
	0	86	-27.000000	52.000000	9.761434e+04	1.031503e-04
	176	144	17.000000	37.500000	1.012983e+05	1.454556e-04
2022	2	16	5	12
	262	9	38.500000	71.250000	9.763879e+04	1.418153e-04
	24	20	-21.000000	68.500000	9.767166e+04	2.183690e-04
	138	65	7.500000	57.250000	9.657566e+04	3.870537e-04
	23	75	-21.250000	54.750000	9.597973e+04	4.309896e-04
	176	137	17.000000	39.250000	1.009384e+05	2.242809e-04
2022	2	16	4	18
	246	12	34.500000	70.500000	9.766049e+04	2.126236e-04
	159	66	12.750000	57.000000	9.721459e+04	3.208745e-04
	56	68	-13.000000	56.500000	9.547798e+04	2.629297e-04
	176	133	17.000000	40.250000	1.008899e+05	2.579177e-04
2022	2	17	6	0
	250	16	35.500000	69.500000	9.784910e+04	1.607705e-04
	169	58	15.250000	59.000000	9.705465e+04	3.004646e-05
	184	62	19.000000	58.000000	9.705465e+04	2.120677e-04
	102	68	-1.500000	56.500000	9.586424e+04	2.629534e-04
	137	117	7.250000	44.250000	1.010973e+05	8.764905e-05
	176	134	17.000000	40.000000	1.011013e+05	2.297223e-04
2022	2	17	9	6
	242	15	33.500000	69.750000	9.808343e+04	1.050698e-04
	269	19	40.250000	68.750000	9.808343e+04	1.381123e-04
	34	41	-18.500000	63.250000	9.819069e+04	1.019755e-04
	198	58	22.500000	59.000000	9.681041e+04	2.137625e-04
	128	69	5.000000	56.250000	9.589627e+04	2.081080e-04
	6	113	-25.500000	45.250000	1.010509e+05	1.800942e-04
	138	117	7.500000	44.250000	1.007386e+05	7.866383e-05
	176	140	17.000000	38.500000	1.012471e+05	1.552522e-04
	92	160	-4.000000	33.500000	1.026565e+05	-5.791828e-05
2022	2	17	5	12
	39	40	-17.250000	63.500000	9.824379e+04	1.156489e-04
	177	67	17.250000	56.750000	9.630825e+04	1.407767e-04
	158	73	12.500000	55.250000	9.632089e+04	2.067894e-04
	32	102	-19.000000	48.000000	1.004558e+05	2.111445e-04
	17	110	-22.750000	46.000000	1.004965e+05	2.057835e-04
2022	2	17	6	18
	284	11	44.000000	70.750000	9.811145e+04	1.958765e-04
	0	47	-27.000000	61.750000	9.769527e+04	1.188399e-04
	143	48	8.750000	61.500000	9.764448e+04	-4.763056e-05
	196	63	22.000000	57.750000	9.662413e+04	1.111008e-04
	56	94	-13.000000	50.000000	9.942303e+04	2.695690e-04
	154	111	11.500000	45.750000	1.005125e+05	1.257167e-04
2022	2	18	5	0
	285	9	44.250000	71.250000	9.802611e+04	2.033072e-04
	287	9	44.750000	71.250000	9.802611e+04	1.642751e-04
	4	46	-26.000000	62.000000	9.775048e+04	1.470569e-04
	208	59	25.000000	58.750000	9.695076e+04	1.253707e-04
	85	88	-5.750000	51.500000	9.846211e+04	2.975698e-04
2022	2	18	4	6
	280	7	43.000000	71.750000	9.788851e+04	1.846720e-04
	16	46	-23.000000	62.000000	9.783751e+04	1.368473e-04
	222	54	28.500000	60.000000	9.706919e+04	9.369887e-05
	116	84	2.000000	52.500000	9.725484e+04	4.023786e-04
2022	2	18	6	12
	272	2	41.000000	73.000000	9.787038e+04	1.474307e-04
	18	44	-22.500000	62.500000	9.786470e+04	1.020038e-04
	114	45	1.500000	62.250000	9.783920e+04	8.151746e-05
	232	49	31.000000	61.250000	9.709153e+04	1.069726e-04
	143	82	8.750000	53.000000	9.697247e+04	3.197383e-04
	243	128	33.750000	41.500000	1.005862e+05	-4.249824e-05
2022	2	18	7	18
	268	0	40.000000	73.500000	9.780442e+04	7.997217e-05
	92	9	-4.000000	71.250000	9.826128e+04	3.107214e-04
	118	45	2.500000	62.250000	9.804697e+04	6.790231e-05
	240	45	33.000000	62.250000	9.715391e+04	1.615990e-04
	14	55	-23.500000	59.750000	9.764574e+04	5.349861e-05
	172	81	16.000000	53.250000	9.730942e+04	3.112459e-04
	262	161	38.500000	33.250000	1.005669e+05	1.698114e-04
2022	2	19	10	0
	265	0	39.250000	73.500000	9.778230e+04	1.203176e-04
	78	12	-7.500000	70.500000	9.824400e+04	2.707275e-04
	135	23	6.750000	67.750000	9.828004e+04	1.193371e-04
	136	23	7.000000	67.750000	9.828004e+04	1.240991e-04
	249	41	35.250000	63.250000	9.729341e+04	1.473559e-04
	24	57	-21.000000	59.250000	9.702599e+04	1.797917e-04
	196	79	22.000000	53.750000	9.780316e+04	2.564425e-04
	246	152	34.500000	35.500000	1.008193e+05	6.843304e-05
	263	157	38.750000	34.250000	1.006855e+05	1.326892e-04
	280	162	43.000000	33.000000	1.006777e+05	1.012682e-04
2022	2	19	8	6
	256	0	37.000000	73.500000	9.780885e+04	1.870487e-05
	65	14	-10.750000	70.000000	9.829120e+04	2.728157e-04
	134	23	6.500000	67.750000	9.836707e+04	1.777732e-04
	254	36	36.500000	64.500000	9.743544e+04	1.937357e-04
	42	50	-16.500000	61.000000	9.570430e+04	3.450357e-04
	213	75	26.250000	54.750000	9.806277e+04	1.589612e-04
	273	150	41.250000	36.000000	1.008956e+05	4.162165e-05
	272	158	41.000000	34.000000	1.008322e+05	8.221486e-05
2022	2	19	4	12
	285	29	44.250000	66.250000	9.801662e+04	1.084946e-04
	259	35	37.750000	64.750000	9.800694e+04	2.203970e-04
	32	52	-19.000000	60.500000	9.490712e+04	4.774178e-04
	227	73	29.750000	55.250000	9.843745e+04	1.652769e-04
2022	2	19	4	18
	268	0	40.000000	73.500000	9.809165e+04	1.134043e-05
	52	44	-14.000000	62.500000	9.460893e+04	3.033715e-04
	42	55	-16.500000	59.750000	9.456320e+04	4.948549e-04
	239	66	32.750000	57.000000	9.885406e+04	1.386391e-04
2022	2	20	6	0
	68	39	-10.000000	63.750000	9.586172e+04	3.582527e-04
	60	49	-12.000000	61.250000	9.523016e+04	1.399901e-05
	52	61	-14.000000	58.250000	9.516862e+04	4.983764e-04
	252	62	36.000000	58.000000	9.919860e+04	1.061961e-04
	138	107	7.500000	46.750000	1.010518e+05	-1.436111e-04
	116	123	2.000000	42.750000	1.015067e+05	1.030199e-04
