2022	2	10	8	0
	8	6	-25.000000	72.000000	1.001531e+05	-9.863591e-06
	162	13	13.500000	70.250000	9.648316e+04	3.555232e-05
	148	22	10.000000	68.000000	9.648316e+04	3.807904e-04
	59	56	-12.250000	59.500000	9.854189e+04	5.051240e-04
	152	106	11.000000	47.000000	1.022328e+05	-3.826516e-05
	139	110	7.750000	46.000000	1.022328e+05	-7.241998e-05
	283	141	43.750000	38.250000	1.009309e+05	1.099133e-05
	248	157	35.000000	34.250000	1.007672e+05	1.546302e-04
2022	2	10	10	6
	177	5	17.250000	72.250000	9.712843e+04	1.657438e-04
	8	6	-25.000000	72.000000	1.002243e+05	-1.779883e-06
	10	14	-24.500000	70.000000	1.002243e+05	2.139994e-05
	166	22	14.500000	68.000000	9.681971e+04	3.932199e-04
	76	59	-8.000000	58.750000	9.903859e+04	4.771266e-04
	152	106	11.000000	47.000000	1.021191e+05	-4.501752e-05
	139	110	7.750000	46.000000	1.021191e+05	-5.618390e-05
	264	144	39.000000	37.500000	1.010499e+05	1.103207e-04
	249	150	35.250000	36.000000	1.010064e+05	9.785726e-05
	249	151	35.250000	35.750000	1.010064e+05	1.014009e-04
2022	2	10	11	12
	204	0	24.000000	73.500000	9.722566e+04	1.449373e-05
	205	0	24.250000	73.500000	9.722566e+04	6.728611e-06
	206	0	24.500000	73.500000	9.722566e+04	-3.053264e-06
	175	4	16.750000	72.500000	9.722566e+04	2.594923e-04
	8	6	-25.000000	72.000000	1.002478e+05	-6.823279e-06
	22	21	-21.500000	68.250000	1.002109e+05	9.941494e-05
	189	28	20.250000	66.500000	9.769236e+04	1.502524e-04
	91	63	-4.250000	57.750000	9.992966e+04	3.929657e-04
	137	117	7.250000	44.250000	1.021991e+05	1.224547e-04
	284	139	44.000000	38.750000	1.009456e+05	1.678038e-05
	270	153	40.500000	35.250000	1.009556e+05	4.969329e-05
2022	2	10	6	18
	190	5	20.500000	72.250000	9.743774e+04	2.082604e-04
	8	6	-25.000000	72.000000	1.000273e+05	-4.691595e-05
	10	14	-24.500000	70.000000	9.979638e+04	-6.711877e-06
	41	16	-16.750000	69.500000	9.979638e+04	1.678032e-04
	108	68	0.000000	56.500000	1.004967e+05	2.978854e-04
	89	157	-4.750000	34.250000	1.022099e+05	-6.683077e-06
2022	2	11	4	0
	198	6	22.500000	72.000000	9.763611e+04	2.557176e-04
	49	13	-14.750000	70.250000	9.953489e+04	2.011634e-04
	0	72	-27.000000	55.500000	9.960938e+04	1.535213e-04
	121	75	3.250000	54.750000	1.010177e+05	2.987683e-04
2022	2	11	4	6
	213	7	26.250000	71.750000	9.787897e+04	2.741975e-04
	55	14	-13.250000	70.000000	9.953372e+04	2.377322e-04
	0	61	-27.000000	58.250000	9.900703e+04	1.005720e-04
	133	81	6.250000	53.250000	1.015168e+05	2.067890e-04
2022	2	11	6	12
	226	7	29.500000	71.750000	9.811281e+04	3.372220e-04
	103	17	-1.250000	69.250000	9.956038e+04	7.301796e-05
	124	21	4.000000	68.250000	9.956038e+04	1.355031e-04
	19	58	-22.250000	59.000000	9.898077e+04	1.712937e-04
	4	68	-26.000000	56.500000	9.896371e+04	1.893606e-04
	134	119	6.500000	43.750000	1.020164e+05	1.208376e-04
2022	2	11	6	18
	237	7	32.250000	71.750000	9.828041e+04	2.940050e-04
	140	20	8.000000	68.500000	9.915874e+04	1.181007e-04
	32	53	-19.000000	60.250000	9.871359e+04	1.521975e-04
	16	54	-23.000000	60.000000	9.871359e+04	1.850734e-04
	19	64	-22.250000	57.500000	9.871359e+04	1.156876e-04
	276	77	42.000000	54.250000	1.001653e+05	1.584876e-04
2022	2	12	6	0
	245	6	34.250000	72.000000	9.840291e+04	3.174159e-04
	153	20	11.250000	68.500000	9.874084e+04	2.493234e-04
	154	20	11.500000	68.500000	9.874084e+04	2.382398e-04
	27	52	-20.250000	60.500000	9.871830e+04	1.917932e-04
	11	58	-24.250000	59.000000	9.871830e+04	2.025354e-04
	35	60	-18.250000	58.500000	9.871830e+04	1.176329e-04
2022	2	12	3	6
	250	6	35.500000	72.000000	9.843271e+04	2.089962e-04
	158	23	12.500000	67.750000	9.905603e+04	2.480081e-04
	47	56	-15.250000	59.500000	9.846955e+04	1.727940e-04
2022	2	12	2	12
	256	5	37.000000	72.250000	9.855110e+04	2.071548e-04
	59	56	-12.250000	59.500000	9.839390e+04	1.405552e-04
2022	2	12	3	18
	262	4	38.500000	72.500000	9.856580e+04	2.284605e-04
	79	49	-7.250000	61.250000	9.826825e+04	1.162795e-04
	32	101	-19.000000	48.250000	1.003748e+05	1.466680e-04
2022	2	13	4	0
	176	1	17.000000	73.250000	9.903937e+04	1.714832e-04
	270	3	40.500000	72.750000	9.863617e+04	2.831873e-04
	86	48	-5.500000	61.500000	9.819592e+04	1.979755e-04
	52	98	-14.000000	49.000000	9.965976e+04	2.125142e-04
2022	2	13	7	6
	195	1	21.750000	73.250000	9.895802e+04	1.538894e-04
	283	1	43.750000	73.250000	9.874927e+04	2.598094e-04
	9	6	-24.750000	72.000000	9.975952e+04	2.382042e-05
	6	14	-25.500000	70.000000	9.975952e+04	5.037266e-05
	106	46	-0.500000	62.000000	9.815495e+04	1.917852e-04
	88	50	-5.000000	61.000000	9.815495e+04	2.269365e-04
	68	94	-10.000000	50.000000	9.877848e+04	2.663165e-04
2022	2	13	3	12
	209	0	25.250000	73.500000	9.903074e+04	1.236749e-04
	113	46	1.250000	62.000000	9.834646e+04	2.300286e-04
	85	87	-5.750000	51.750000	9.852777e+04	2.797765e-04
2022	2	13	3	18
	6	14	-25.500000	70.000000	9.956704e+04	7.205852e-05
	120	47	3.000000	61.750000	9.864146e+04	1.951270e-04
	96	82	-3.000000	53.000000	9.830216e+04	2.670226e-04
2022	2	14	4	0
	226	0	29.500000	73.500000	9.952255e+04	4.976905e-05
	6	14	-25.500000	70.000000	9.968935e+04	5.128087e-05
	215	36	26.750000	64.500000	9.918638e+04	7.615940e-05
	108	77	0.000000	54.250000	9.843388e+04	2.584504e-04
2022	2	14	2	6
	254	10	36.500000	71.000000	9.959645e+04	2.275343e-05
	126	67	4.500000	56.750000	9.839331e+04	1.985242e-04
2022	2	14	3	12
	0	47	-27.000000	61.750000	9.781350e+04	1.115930e-04
	137	51	7.250000	60.750000	9.841938e+04	-5.086431e-05
	135	62	6.750000	58.000000	9.841938e+04	2.281182e-04
2022	2	14	5	18
	271	16	40.750000	69.500000	9.954685e+04	8.219860e-05
	0	36	-27.000000	64.500000	9.724427e+04	1.755496e-04
	128	53	5.000000	60.250000	9.869478e+04	7.764248e-05
	144	61	9.000000	58.250000	9.869478e+04	1.789751e-04
	134	116	6.500000	44.500000	1.010121e+05	7.765208e-05
2022	2	15	6	0
	6	14	-25.500000	70.000000	9.775823e+04	-7.764725e-05
	276	18	42.000000	69.000000	9.955802e+04	9.261459e-05
	0	30	-27.000000	66.000000	9.725173e+04	1.211008e-04
	25	34	-20.750000	65.000000	9.725173e+04	6.199233e-05
	152	58	11.000000	59.000000	9.913306e+04	1.525161e-04
	141	121	8.250000	43.250000	1.009799e+05	1.655995e-04
2022	2	15	6	6
	6	7	-25.500000	71.750000	9.873947e+04	1.612105e-05
	288	19	45.000000	68.750000	9.958977e+04	6.371932e-05
	0	30	-27.000000	66.000000	9.733150e+04	-1.008625e-06
	31	34	-19.250000	65.000000	9.745107e+04	1.139612e-04
	146	117	9.500000	44.250000	1.009527e+05	1.631890e-04
	148	125	10.000000	42.250000	1.009527e+05	7.766363e-05
2022	2	15	6	12
	6	7	-25.500000	71.750000	9.852229e+04	2.076599e-05
	21	27	-21.750000	66.750000	9.768138e+04	1.160109e-04
	38	35	-17.500000	64.750000	9.776979e+04	1.518756e-04
	185	49	19.250000	61.250000	9.961840e+04	1.144026e-04
	0	83	-27.000000	52.750000	9.898605e+04	1.074387e-04
	154	116	11.500000	44.500000	1.012030e+05	7.909697e-05
2022	2	15	3	18
	186	49	19.500000	61.250000	9.965466e+04	1.332717e-04
	19	75	-22.250000	54.750000	9.830980e+04	1.748164e-04
	140	125	8.000000	42.250000	1.013625e+05	8.487170e-05
2022	2	16	6	0
	213	47	26.250000	61.750000	9.967230e+04	3.930472e-05
	187	49	19.750000	61.250000	9.967191e+04	1.288792e-04
	43	65	-16.250000	57.250000	9.756966e+04	2.535490e-04
	168	121	15.000000	43.250000	1.016899e+05	6.671619e-05
	280	121	43.000000	43.250000	1.018500e+05	-2.679136e-06
	143	129	8.750000	41.250000	1.015597e+05	1.061452e-04
2022	2	16	3	6
	229	44	30.250000	62.500000	9.977677e+04	6.018403e-05
	192	48	21.000000	61.500000	9.969876e+04	9.836323e-05
	68	58	-10.000000	59.000000	9.674170e+04	4.240845e-04
2022	2	16	2	12
	93	53	-3.750000	60.250000	9.601037e+04	5.345516e-04
	167	144	14.750000	37.500000	1.017177e+05	3.631883e-05
2022	2	16	6	18
	282	10	43.500000	71.000000	1.002894e+05	4.252094e-05
	276	45	42.000000	62.250000	9.951353e+04	4.803511e-05
	122	48	3.500000	61.500000	9.548701e+04	4.148351e-04
	25	84	-20.750000	52.500000	9.985675e+04	1.822847e-04
	278	121	42.500000	43.250000	1.021568e+05	-4.325502e-05
	176	149	17.000000	36.250000	1.016975e+05	9.170327e-05
2022	2	17	5	0
	132	43	6.000000	62.750000	9.582748e+04	2.133890e-04
	0	110	-27.000000	46.000000	1.014409e+05	1.199034e-04
	136	116	7.000000	44.500000	1.022071e+05	6.673684e-05
	279	121	42.750000	43.250000	1.021828e+05	-9.508239e-06
	177	146	17.250000	37.000000	1.017240e+05	1.107367e-04
2022	2	17	5	6
	183	46	18.750000	62.000000	9.616659e+04	2.379429e-04
	165	50	14.250000	61.000000	9.616659e+04	2.002423e-04
	0	104	-27.000000	47.500000	1.006159e+05	4.547858e-05
	137	117	7.250000	44.250000	1.020735e+05	8.021170e-05
	177	153	17.250000	35.250000	1.018159e+05	3.820192e-05
2022	2	17	3	12
	195	44	21.750000	62.500000	9.571517e+04	2.357830e-04
	41	88	-16.750000	51.500000	1.005934e+05	1.928819e-04
	278	120	42.500000	43.500000	1.017185e+05	-7.465449e-06
2022	2	17	4	18
	160	25	13.000000	67.250000	9.772627e+04	7.360429e-05
	202	43	23.500000	62.750000	9.572791e+04	1.419190e-04
	0	48	-27.000000	61.500000	9.765532e+04	1.679965e-04
	288	48	45.000000	61.500000	9.833059e+04	1.525569e-04
2022	2	18	4	0
	152	28	11.000000	66.500000	9.799070e+04	5.817347e-05
	226	45	29.500000	62.250000	9.575222e+04	1.104785e-04
	21	48	-21.750000	61.500000	9.834156e+04	3.083160e-04
	137	113	7.250000	45.250000	1.021864e+05	-1.366341e-05
2022	2	18	5	6
	154	28	11.500000	66.500000	9.782409e+04	4.649625e-05
	0	36	-27.000000	64.500000	9.952117e+04	2.791637e-05
	146	38	9.500000	64.000000	9.782409e+04	1.069879e-04
	238	44	32.500000	62.500000	9.582788e+04	1.357658e-04
	49	48	-14.750000	61.500000	9.886433e+04	2.573114e-04
2022	2	18	5	12
	152	20	11.000000	68.500000	9.807302e+04	1.447454e-04
	0	38	-27.000000	64.000000	9.977345e+04	5.738997e-06
	258	39	37.500000	63.750000	9.613523e+04	1.286768e-04
	180	77	18.000000	54.250000	9.826943e+04	2.371536e-04
	137	117	7.250000	44.250000	1.016469e+05	8.652268e-05
2022	2	18	5	18
	142	21	8.500000	68.250000	9.832784e+04	1.515290e-04
	288	37	45.000000	64.250000	9.681755e+04	5.635290e-05
	263	39	38.750000	63.750000	9.657038e+04	1.079420e-04
	209	81	25.250000	53.250000	9.800716e+04	2.228348e-04
	288	122	45.000000	43.000000	1.007500e+05	-1.431118e-05
2022	2	19	4	0
	152	29	11.000000	66.250000	9.870556e+04	5.616912e-05
	271	40	40.750000	63.500000	9.700965e+04	4.114886e-05
	233	84	31.250000	52.500000	9.790621e+04	2.069492e-04
	150	111	10.500000	45.750000	1.012694e+05	8.542389e-05
2022	2	19	6	6
	156	24	12.000000	67.500000	9.917912e+04	2.846589e-05
	0	29	-27.000000	66.250000	9.987478e+04	1.029179e-04
	0	30	-27.000000	66.000000	9.987478e+04	9.009159e-05
	152	33	11.000000	65.250000	9.917912e+04	1.363979e-04
	288	41	45.000000	63.250000	9.734718e+04	6.519804e-05
	255	84	36.750000	52.500000	9.790053e+04	1.568487e-04
2022	2	19	2	12
	273	81	41.250000	53.250000	9.791680e+04	1.294953e-04
	198	143	22.500000	37.750000	1.007218e+05	4.032399e-05
2022	2	19	4	18
	0	60	-27.000000	58.500000	9.837488e+04	7.273370e-05
	286	76	44.500000	54.500000	9.793032e+04	2.053609e-04
	286	122	44.500000	43.000000	9.996358e+04	-2.736312e-05
	206	144	24.500000	37.500000	1.007149e+05	5.365239e-05
2022	2	20	9	0
	274	11	41.500000	70.750000	9.939259e+04	5.962169e-05
	276	12	42.000000	70.500000	9.939259e+04	4.220498e-05
	271	21	40.750000	68.250000	9.939259e+04	1.079961e-04
	0	41	-27.000000	63.250000	9.709354e+04	9.564713e-05
	279	120	42.750000	43.500000	1.008596e+05	-7.226098e-05
	108	123	0.000000	42.750000	1.028373e+05	1.149927e-05
	210	142	25.500000	38.000000	1.003317e+05	1.851963e-04
	243	145	33.750000	37.250000	1.003948e+05	-4.669181e-05
	248	161	35.000000	33.250000	1.002486e+05	-7.845621e-06
