2022	2	10	8	0
	172	10	16.000000	71.000000	9.665039e+04	1.364520e-04
	148	22	10.000000	68.000000	9.637821e+04	4.748107e-04
	60	56	-12.000000	59.500000	9.844038e+04	5.235485e-04
	152	106	11.000000	47.000000	1.022410e+05	-4.161246e-05
	139	110	7.750000	46.000000	1.022410e+05	-7.951872e-05
	282	140	43.500000	38.500000	1.009058e+05	1.224728e-05
	260	147	38.000000	36.750000	1.007802e+05	3.625385e-05
	248	157	35.000000	34.250000	1.007679e+05	1.220286e-04
2022	2	10	7	6
	8	6	-25.000000	72.000000	1.002907e+05	-1.364821e-05
	179	6	17.750000	72.000000	9.714688e+04	1.221535e-04
	167	14	14.750000	70.000000	9.669534e+04	6.069184e-05
	1	18	-26.750000	69.000000	1.003341e+05	2.890409e-06
	165	23	14.250000	67.750000	9.669534e+04	4.211799e-04
	78	59	-7.500000	58.750000	9.879951e+04	5.252313e-04
	152	106	11.000000	47.000000	1.021456e+05	-4.571200e-05
2022	2	10	10	12
	208	0	25.000000	73.500000	9.728874e+04	-3.368064e-05
	180	5	18.000000	72.250000	9.728874e+04	1.632523e-04
	7	6	-25.250000	72.000000	1.002595e+05	-1.677592e-05
	205	8	24.250000	71.500000	9.728874e+04	-5.947862e-05
	26	19	-20.500000	68.750000	1.001749e+05	1.074539e-04
	187	27	19.750000	66.750000	9.740363e+04	2.127426e-04
	93	63	-3.750000	57.750000	9.994080e+04	3.786583e-04
	137	117	7.250000	44.250000	1.022650e+05	1.225155e-04
	272	157	41.000000	34.250000	1.010024e+05	6.240583e-06
	85	160	-5.750000	33.500000	1.023392e+05	-9.397525e-06
2022	2	10	8	18
	214	0	26.500000	73.500000	9.755741e+04	8.914873e-06
	8	6	-25.000000	72.000000	9.982239e+04	-4.678546e-05
	190	8	20.500000	71.500000	9.755741e+04	2.048845e-04
	10	14	-24.500000	70.000000	9.972372e+04	-1.626439e-05
	42	15	-16.500000	69.750000	9.972372e+04	1.273763e-04
	207	30	24.750000	66.000000	9.800856e+04	1.622555e-04
	109	67	0.250000	56.750000	1.005602e+05	3.229124e-04
	89	157	-4.750000	34.250000	1.020817e+05	-1.937553e-05
2022	2	11	5	0
	225	0	29.250000	73.500000	9.779285e+04	-1.239834e-05
	203	8	23.750000	71.500000	9.779285e+04	1.671551e-04
	50	12	-14.500000	70.500000	9.931925e+04	1.646027e-04
	0	70	-27.000000	56.000000	9.983567e+04	1.141489e-04
	121	74	3.250000	55.000000	1.010043e+05	3.262115e-04
2022	2	11	5	6
	232	0	31.000000	73.500000	9.805057e+04	-6.199523e-06
	218	9	27.500000	71.250000	9.805057e+04	1.610324e-04
	59	13	-12.250000	70.250000	9.930831e+04	2.841802e-04
	0	60	-27.000000	58.500000	9.932414e+04	1.269428e-04
	133	79	6.250000	53.750000	1.014617e+05	2.325996e-04
2022	2	11	6	12
	230	0	30.500000	73.500000	9.836223e+04	-9.535251e-06
	229	10	30.250000	71.000000	9.836223e+04	1.546177e-04
	100	14	-2.000000	70.000000	9.954356e+04	9.255205e-05
	4	56	-26.000000	59.500000	9.906348e+04	1.518030e-04
	0	69	-27.000000	56.250000	9.899197e+04	9.987585e-05
	135	119	6.750000	43.750000	1.020350e+05	1.070125e-04
2022	2	11	7	18
	239	1	32.750000	73.250000	9.844195e+04	-1.881902e-05
	239	12	32.750000	70.500000	9.844195e+04	1.822130e-04
	115	17	1.750000	69.250000	9.916040e+04	8.993707e-05
	143	25	8.750000	67.250000	9.912503e+04	2.168577e-04
	24	54	-21.000000	60.000000	9.875691e+04	1.906624e-04
	16	66	-23.000000	57.000000	9.875301e+04	2.126229e-04
	275	83	41.750000	52.750000	1.004252e+05	1.951338e-04
2022	2	12	7	0
	240	1	33.000000	73.250000	9.849822e+04	3.113207e-05
	248	14	35.000000	70.000000	9.848415e+04	2.310081e-04
	155	27	11.750000	66.750000	9.907970e+04	2.711883e-04
	51	50	-14.250000	61.000000	9.875477e+04	1.866585e-04
	17	56	-22.750000	59.500000	9.864007e+04	3.075047e-04
	32	62	-19.000000	58.000000	9.864007e+04	2.309673e-04
	133	114	6.250000	45.000000	1.023228e+05	-2.080346e-05
2022	2	12	3	6
	212	0	26.000000	73.500000	9.857891e+04	5.215924e-05
	111	19	0.750000	68.750000	9.975068e+04	2.148550e-04
	50	60	-14.500000	58.500000	9.852752e+04	1.723043e-04
2022	2	12	5	12
	227	0	29.750000	73.500000	9.876649e+04	5.035467e-05
	256	4	37.000000	72.500000	9.870240e+04	6.606373e-05
	262	17	38.500000	69.250000	9.861623e+04	2.548677e-04
	118	19	2.500000	68.750000	9.964849e+04	2.915052e-04
	58	57	-12.500000	59.250000	9.859240e+04	1.947946e-04
2022	2	12	4	18
	273	19	41.250000	68.750000	9.874284e+04	2.609544e-04
	131	22	5.750000	68.000000	9.935638e+04	1.826009e-04
	66	57	-10.500000	59.250000	9.862912e+04	2.003523e-04
	0	95	-27.000000	49.750000	9.974853e+04	1.074872e-04
2022	2	13	5	0
	263	1	38.750000	73.250000	9.912953e+04	5.546484e-05
	150	19	10.500000	68.750000	9.908947e+04	2.215119e-04
	282	19	43.500000	68.750000	9.903027e+04	2.653658e-04
	72	59	-9.000000	58.750000	9.870240e+04	1.965440e-04
	21	94	-21.750000	50.000000	9.902245e+04	2.524786e-04
2022	2	13	7	6
	173	0	16.250000	73.500000	9.902870e+04	1.223794e-04
	265	0	39.250000	73.500000	9.922879e+04	3.317916e-05
	288	18	45.000000	69.000000	9.925419e+04	1.100807e-04
	155	21	11.750000	68.250000	9.893140e+04	1.883646e-04
	103	57	-1.250000	59.250000	9.870494e+04	2.352324e-05
	79	60	-7.250000	58.500000	9.868951e+04	1.721273e-04
	29	95	-19.750000	49.750000	9.855566e+04	2.822124e-04
2022	2	13	4	12
	185	0	19.250000	73.500000	9.901894e+04	1.304797e-04
	113	55	1.250000	59.750000	9.881631e+04	8.028943e-05
	64	94	-11.000000	50.000000	9.890444e+04	1.596704e-04
	57	103	-12.750000	47.750000	9.890444e+04	1.231426e-04
2022	2	13	5	18
	193	0	21.250000	73.500000	9.898670e+04	1.184946e-04
	138	50	7.500000	61.000000	9.871725e+04	-5.707423e-06
	120	53	3.000000	60.250000	9.871725e+04	1.331364e-04
	84	92	-6.000000	50.500000	9.885930e+04	1.898717e-04
	76	102	-8.000000	48.000000	9.885930e+04	9.360725e-05
2022	2	14	4	0
	197	0	22.250000	73.500000	9.896930e+04	1.318810e-04
	127	52	4.750000	60.500000	9.880694e+04	1.501655e-04
	90	91	-4.500000	50.750000	9.895954e+04	1.858213e-04
	96	99	-3.000000	48.750000	9.895954e+04	6.087072e-05
2022	2	14	3	6
	199	0	22.750000	73.500000	9.895172e+04	6.786588e-05
	160	52	13.000000	60.500000	9.885422e+04	9.621552e-05
	110	94	0.500000	50.000000	9.899099e+04	8.673766e-05
2022	2	14	5	12
	197	0	22.250000	73.500000	9.912210e+04	7.574911e-05
	6	7	-25.500000	71.750000	1.001104e+05	8.588779e-06
	0	52	-27.000000	60.500000	9.719339e+04	1.437237e-04
	124	89	4.000000	51.250000	9.911761e+04	1.176174e-04
	125	89	4.250000	51.250000	9.911761e+04	1.117247e-04
2022	2	14	7	18
	191	0	20.750000	73.500000	9.931456e+04	7.945965e-05
	6	7	-25.500000	71.750000	1.000883e+05	1.285043e-05
	282	20	43.500000	68.500000	9.894566e+04	1.944227e-04
	0	48	-27.000000	61.500000	9.682195e+04	1.516305e-04
	151	116	10.750000	44.500000	1.004297e+05	1.182704e-04
	138	119	7.500000	43.750000	1.006321e+05	1.655385e-04
	280	121	43.000000	43.250000	1.019113e+05	-9.112468e-06
2022	2	15	9	0
	183	2	18.750000	73.000000	9.954473e+04	2.372002e-04
	6	7	-25.500000	71.750000	1.000408e+05	7.380296e-06
	288	16	45.000000	69.500000	9.886028e+04	1.232009e-04
	0	46	-27.000000	62.000000	9.751188e+04	1.173978e-04
	30	47	-19.500000	61.750000	9.744271e+04	2.272087e-04
	14	64	-23.500000	57.500000	9.755623e+04	1.746726e-04
	15	64	-23.250000	57.500000	9.755623e+04	1.774688e-04
	159	75	12.750000	54.750000	9.931398e+04	9.324493e-05
	280	121	43.000000	43.250000	1.020067e+05	-2.716383e-05
2022	2	15	8	6
	184	7	19.000000	71.750000	9.967116e+04	2.119435e-04
	288	10	45.000000	71.000000	9.894332e+04	1.059737e-04
	255	16	36.750000	69.500000	9.899803e+04	4.280529e-05
	12	46	-24.000000	62.000000	9.740207e+04	2.754781e-04
	64	54	-11.000000	60.000000	9.757616e+04	2.528969e-04
	151	63	10.750000	57.750000	9.930812e+04	3.461150e-05
	174	70	16.500000	56.000000	9.925243e+04	1.080360e-04
	278	121	42.500000	43.250000	1.021933e+05	-4.400895e-05
2022	2	15	10	12
	288	5	45.000000	72.250000	9.894020e+04	9.910540e-05
	188	10	20.000000	71.000000	9.996932e+04	2.251370e-04
	252	16	36.000000	69.500000	9.941050e+04	4.765247e-05
	253	16	36.250000	69.500000	9.937533e+04	4.553806e-05
	7	46	-25.250000	62.000000	9.762384e+04	2.975705e-04
	50	49	-14.500000	61.250000	9.776706e+04	2.428574e-04
	51	49	-14.250000	61.250000	9.776706e+04	2.401439e-04
	6	57	-25.500000	59.250000	9.762384e+04	1.033808e-04
	100	66	-2.000000	57.000000	9.813303e+04	2.830612e-04
	183	67	18.750000	56.750000	9.924872e+04	1.430772e-04
2022	2	15	6	18
	6	7	-25.500000	71.750000	1.001049e+05	2.465245e-05
	191	12	20.750000	70.500000	1.001475e+05	1.855056e-04
	42	47	-16.500000	61.750000	9.779500e+04	3.127016e-04
	99	61	-2.250000	58.250000	9.831513e+04	2.379029e-04
	193	65	21.250000	57.250000	9.927959e+04	1.604721e-04
	278	120	42.500000	43.500000	1.020985e+05	-4.131799e-06
2022	2	16	2	0
	209	60	25.250000	58.500000	9.930421e+04	1.230461e-04
	109	64	0.250000	57.500000	9.858165e+04	2.325207e-04
2022	2	16	6	6
	288	38	45.000000	64.000000	1.001057e+05	5.455566e-05
	0	52	-27.000000	60.500000	9.525803e+04	1.474483e-04
	233	52	31.250000	60.500000	9.929170e+04	1.157141e-04
	108	65	0.000000	57.250000	9.910217e+04	1.731954e-04
	161	112	13.250000	45.500000	1.003195e+05	1.806937e-04
	279	121	42.750000	43.250000	1.018343e+05	-3.498448e-06
2022	2	16	4	12
	288	36	45.000000	64.500000	9.989195e+04	-3.499158e-05
	4	45	-26.000000	62.250000	9.485865e+04	2.755347e-04
	246	49	34.500000	61.250000	9.922077e+04	1.075763e-04
	183	117	18.750000	44.250000	1.001122e+05	-2.495027e-05
2022	2	16	4	18
	288	38	45.000000	64.000000	9.948084e+04	1.052716e-04
	265	43	39.250000	62.750000	9.907012e+04	1.242031e-04
	10	53	-24.500000	60.250000	9.448252e+04	3.426466e-04
	189	117	20.250000	44.250000	1.000018e+05	8.164053e-05
2022	2	17	6	0
	283	38	43.750000	64.000000	9.900955e+04	1.560614e-04
	0	45	-27.000000	62.250000	9.507788e+04	4.630704e-05
	31	46	-19.250000	62.000000	9.465153e+04	2.633303e-04
	193	111	21.250000	45.750000	1.001370e+05	1.703134e-04
	137	116	7.250000	44.500000	1.008427e+05	8.964110e-05
	208	121	25.000000	43.250000	1.000455e+05	2.662478e-05
2022	2	17	5	6
	288	37	45.000000	64.250000	9.933176e+04	1.754544e-04
	28	41	-20.000000	63.250000	9.476427e+04	1.687920e-04
	147	108	9.750000	46.500000	1.005782e+05	-6.426715e-05
	137	117	7.250000	44.250000	1.009119e+05	1.182438e-04
	206	139	24.500000	38.750000	1.000272e+05	1.232053e-04
2022	2	17	5	12
	0	39	-27.000000	63.750000	9.487819e+04	9.744445e-05
	141	64	8.250000	57.500000	9.803924e+04	2.844885e-04
	0	106	-27.000000	47.000000	9.930460e+04	1.137302e-04
	223	134	28.750000	40.000000	9.984603e+04	-8.046591e-05
	211	135	25.750000	39.750000	9.984603e+04	1.896854e-04
2022	2	17	6	18
	0	40	-27.000000	63.500000	9.544091e+04	2.114560e-05
	154	64	11.500000	57.500000	9.860529e+04	2.923636e-04
	30	93	-19.500000	50.250000	9.841107e+04	3.094341e-04
	150	110	10.500000	46.000000	1.011210e+05	7.581412e-05
	212	143	26.000000	37.750000	9.997343e+04	1.673640e-04
	221	148	28.250000	36.500000	9.997343e+04	8.472892e-05
2022	2	18	9	0
	83	27	-6.250000	66.750000	9.756444e+04	2.713930e-04
	28	38	-20.000000	64.000000	9.598177e+04	8.635484e-05
	0	44	-27.000000	62.500000	9.589911e+04	1.031610e-04
	288	44	45.000000	62.500000	1.009373e+05	1.038566e-04
	288	59	45.000000	58.750000	1.009635e+05	-1.828080e-05
	173	67	16.250000	56.750000	9.933664e+04	2.308089e-04
	50	80	-14.500000	53.500000	9.780223e+04	3.603906e-04
	163	108	13.750000	46.500000	1.013195e+05	-4.113906e-05
	223	150	28.750000	36.000000	9.999492e+04	1.187093e-04
2022	2	18	5	6
	231	2	30.750000	73.000000	9.968581e+04	3.366887e-05
	182	67	18.500000	56.750000	9.987221e+04	2.001627e-04
	67	73	-10.250000	55.250000	9.696009e+04	5.337381e-04
	245	141	34.250000	38.250000	1.002634e+05	5.149320e-06
	224	153	29.000000	35.250000	1.000656e+05	6.469245e-05
2022	2	18	3	12
	103	58	-1.250000	59.000000	9.679674e+04	3.201821e-04
	229	151	30.250000	35.750000	1.000289e+05	4.809798e-05
	263	162	38.750000	33.000000	1.002022e+05	5.658957e-05
2022	2	18	4	18
	0	33	-27.000000	65.250000	9.673578e+04	1.003215e-04
	115	54	1.750000	60.000000	9.642726e+04	4.844894e-04
	230	155	30.500000	34.750000	1.000131e+05	9.359001e-05
	238	162	32.500000	33.000000	1.000131e+05	-1.380758e-06
2022	2	19	4	0
	141	40	8.250000	63.500000	9.750270e+04	2.080994e-04
	139	56	7.750000	59.500000	9.739952e+04	2.426778e-04
	227	154	29.750000	35.000000	9.980832e+04	1.507646e-04
	244	160	34.000000	33.500000	9.980422e+04	1.146631e-04
2022	2	19	4	6
	165	13	14.250000	70.250000	9.869380e+04	1.405915e-04
	174	49	16.500000	61.250000	9.762286e+04	1.405854e-04
	242	157	33.500000	34.250000	1.000145e+05	1.619153e-04
	229	162	30.250000	33.000000	1.000145e+05	6.309542e-05
2022	2	19	7	12
	7	6	-25.250000	72.000000	9.987455e+04	-1.106623e-05
	168	13	15.000000	70.250000	9.887337e+04	2.090947e-04
	190	49	20.500000	61.250000	9.811115e+04	1.086790e-04
	0	57	-27.000000	59.250000	9.582662e+04	1.390186e-04
	271	137	40.750000	39.250000	1.008345e+05	-1.899992e-05
	255	156	36.750000	34.500000	1.004455e+05	2.983339e-05
	237	158	32.250000	34.000000	1.004519e+05	1.393112e-04
2022	2	19	4	18
	173	15	16.250000	69.750000	9.914711e+04	2.453487e-04
	288	20	45.000000	68.500000	9.977139e+04	-1.632615e-05
	0	38	-27.000000	64.000000	9.601850e+04	1.674442e-04
	219	51	27.750000	60.750000	9.845660e+04	1.081906e-04
2022	2	20	2	0
	6	7	-25.500000	71.750000	9.921472e+04	1.763463e-05
	242	48	33.500000	61.500000	9.854511e+04	1.134732e-04
