2022	2	16	6	0
	55	39	-13.250000	63.750000	9.721894e+04	3.930395e-04
	184	43	19.000000	62.750000	9.895096e+04	1.606676e-04
	118	55	2.500000	59.750000	9.793454e+04	2.393134e-04
	65	68	-10.750000	56.500000	9.731492e+04	3.174650e-04
	280	121	43.000000	43.250000	1.020562e+05	1.487961e-05
	174	122	16.500000	43.000000	1.014665e+05	3.931148e-05
2022	2	16	5	3
	49	38	-14.750000	64.000000	9.704310e+04	4.005914e-04
	187	42	19.750000	63.000000	9.891855e+04	1.088085e-04
	124	55	4.000000	59.750000	9.787655e+04	2.550579e-04
	77	67	-7.750000	56.750000	9.721180e+04	3.106908e-04
	280	121	43.000000	43.250000	1.021875e+05	2.791801e-05
2022	2	16	4	6
	45	38	-15.750000	64.000000	9.719661e+04	3.254198e-04
	36	61	-18.000000	58.250000	9.765900e+04	5.493125e-05
	99	68	-2.250000	56.500000	9.748627e+04	2.103336e-04
	279	121	42.750000	43.250000	1.022623e+05	2.593360e-05
2022	2	16	6	9
	33	34	-18.750000	65.000000	9.723166e+04	2.737377e-04
	108	66	0.000000	57.000000	9.755588e+04	2.488476e-04
	47	70	-15.250000	56.000000	9.721599e+04	2.155310e-04
	279	120	42.750000	43.500000	1.021958e+05	2.992032e-05
	184	128	19.000000	41.500000	1.014310e+05	9.663195e-05
	181	138	18.250000	39.000000	1.014310e+05	1.407080e-04
2022	2	16	9	12
	26	32	-20.500000	65.500000	9.740718e+04	2.523586e-04
	108	35	0.000000	64.750000	9.759542e+04	2.010551e-04
	67	55	-10.250000	59.750000	9.712621e+04	6.153752e-05
	45	60	-15.750000	58.500000	9.681206e+04	9.116183e-05
	117	66	2.250000	57.000000	9.746688e+04	1.995187e-04
	61	68	-11.750000	56.500000	9.681206e+04	3.083628e-04
	134	68	6.500000	56.500000	9.746688e+04	2.192955e-04
	184	126	19.000000	42.000000	1.012151e+05	9.171609e-05
	183	139	18.750000	38.750000	1.011934e+05	1.769045e-04
2022	2	16	4	15
	16	30	-23.000000	66.000000	9.765621e+04	2.200340e-04
	103	36	-1.250000	64.500000	9.739167e+04	1.396265e-04
	74	67	-8.500000	56.750000	9.660304e+04	3.147285e-04
	185	137	19.250000	39.250000	1.009899e+05	1.872072e-04
2022	2	16	3	18
	0	29	-27.000000	66.250000	9.774134e+04	1.386833e-04
	87	66	-5.250000	57.000000	9.681237e+04	3.511123e-04
	185	134	19.250000	40.000000	1.010486e+05	1.337011e-04
2022	2	16	5	21
	0	30	-27.000000	66.000000	9.819055e+04	8.937552e-05
	154	64	11.500000	57.500000	9.676089e+04	1.297467e-04
	105	66	-0.750000	57.000000	9.676616e+04	3.167553e-04
	137	117	7.250000	44.250000	1.011128e+05	6.434936e-05
	184	134	19.000000	40.000000	1.010695e+05	1.286848e-04
2022	2	17	5	0
	288	10	45.000000	71.000000	9.902152e+04	9.551480e-05
	165	63	14.250000	57.750000	9.644829e+04	1.514983e-04
	118	68	2.500000	56.500000	9.689238e+04	2.647842e-04
	137	117	7.250000	44.250000	1.009805e+05	7.467253e-05
	183	134	18.750000	40.000000	1.011227e+05	1.232217e-04
2022	2	17	5	3
	288	11	45.000000	70.750000	9.904865e+04	9.217466e-05
	174	62	16.500000	58.000000	9.613709e+04	1.049834e-04
	138	117	7.500000	44.250000	1.007770e+05	9.392304e-05
	279	121	42.750000	43.250000	1.018132e+05	-1.712241e-05
	183	135	18.750000	39.750000	1.010706e+05	1.112725e-04
2022	2	17	4	6
	287	11	44.750000	70.750000	9.909439e+04	1.258589e-04
	188	64	20.000000	57.500000	9.593721e+04	2.431221e-04
	0	109	-27.000000	46.250000	1.000798e+05	1.157895e-04
	279	121	42.750000	43.250000	1.016802e+05	-1.991373e-05
2022	2	17	3	9
	195	59	21.750000	58.750000	9.586262e+04	1.427640e-04
	8	104	-25.000000	47.500000	9.944390e+04	2.877461e-04
	278	120	42.500000	43.500000	1.015919e+05	-1.964572e-05
2022	2	17	3	12
	198	57	22.500000	59.250000	9.578525e+04	1.489813e-04
	18	97	-22.500000	49.250000	9.878691e+04	3.820224e-04
	273	119	41.250000	43.750000	1.013245e+05	-4.150516e-05
2022	2	17	3	15
	203	56	23.750000	59.500000	9.589255e+04	1.487900e-04
	24	93	-21.000000	50.250000	9.781530e+04	5.849669e-04
	159	107	12.750000	46.750000	1.000992e+05	-1.465706e-05
2022	2	17	3	18
	31	50	-19.250000	61.000000	9.914789e+04	9.525701e-05
	207	53	24.750000	60.250000	9.601459e+04	1.038222e-04
	33	88	-18.750000	51.500000	9.680400e+04	6.676032e-04
2022	2	17	3	21
	30	48	-19.500000	61.500000	9.888010e+04	1.125832e-04
	213	48	26.250000	61.500000	9.616716e+04	1.169153e-04
	44	83	-16.000000	52.750000	9.608359e+04	7.564678e-04
2022	2	18	3	0
	25	46	-20.750000	62.000000	9.850299e+04	1.530557e-04
	215	46	26.750000	62.000000	9.635091e+04	1.184237e-04
	54	79	-13.500000	53.750000	9.539124e+04	6.572678e-04
2022	2	18	5	3
	216	43	27.000000	62.750000	9.648427e+04	1.310612e-04
	217	43	27.250000	62.750000	9.648427e+04	1.310059e-04
	21	45	-21.750000	62.250000	9.810697e+04	2.178231e-04
	66	74	-10.500000	55.000000	9.504639e+04	5.394164e-04
	150	117	10.500000	44.250000	1.013794e+05	-6.830503e-05
2022	2	18	7	6
	6	7	-25.500000	71.750000	1.001615e+05	-2.455493e-05
	136	25	7.000000	67.250000	9.812248e+04	5.725020e-05
	217	41	27.250000	63.250000	9.661095e+04	1.149778e-04
	21	45	-21.750000	62.250000	9.786694e+04	2.438719e-04
	76	72	-8.000000	55.500000	9.476449e+04	4.939563e-04
	137	117	7.250000	44.250000	1.013803e+05	7.707839e-05
	144	125	9.000000	42.250000	1.014053e+05	6.847497e-05
2022	2	18	5	9
	6	7	-25.500000	71.750000	1.001931e+05	-4.289841e-05
	220	40	28.000000	63.500000	9.674384e+04	1.012779e-04
	21	45	-21.750000	62.250000	9.774940e+04	2.374308e-04
	91	70	-4.250000	56.000000	9.485706e+04	4.381870e-04
	140	107	8.000000	46.750000	1.009891e+05	-1.100025e-04
2022	2	18	5	12
	6	7	-25.500000	71.750000	1.001583e+05	-5.444686e-05
	224	38	29.000000	64.000000	9.693781e+04	8.956894e-05
	225	38	29.250000	64.000000	9.693781e+04	8.586470e-05
	18	44	-22.500000	62.500000	9.769699e+04	2.774220e-04
	105	66	-0.750000	57.000000	9.495056e+04	3.978466e-04
2022	2	18	7	15
	6	7	-25.500000	71.750000	1.000030e+05	-6.422067e-05
	239	35	32.750000	64.750000	9.707427e+04	5.754763e-05
	14	45	-23.500000	62.250000	9.756473e+04	3.334395e-04
	116	63	2.000000	57.750000	9.502948e+04	2.730464e-04
	236	137	32.000000	39.250000	1.006842e+05	7.954492e-05
	228	143	30.000000	37.750000	1.006842e+05	4.668372e-05
	260	162	38.000000	33.000000	1.005520e+05	5.321697e-06
2022	2	18	6	18
	6	7	-25.500000	71.750000	9.990443e+04	-4.809996e-05
	246	30	34.500000	66.000000	9.706047e+04	1.228584e-04
	14	46	-23.500000	62.000000	9.750394e+04	3.314332e-04
	129	61	5.250000	58.250000	9.497398e+04	3.401369e-04
	221	147	28.250000	36.750000	1.008084e+05	1.915275e-04
	260	162	38.000000	33.000000	1.007560e+05	9.009290e-06
2022	2	18	6	21
	6	7	-25.500000	71.750000	9.991358e+04	-2.161347e-05
	245	29	34.250000	66.250000	9.707194e+04	1.169260e-04
	17	46	-22.750000	62.000000	9.754363e+04	3.421387e-04
	132	59	6.000000	58.750000	9.514718e+04	3.070144e-04
	137	117	7.250000	44.250000	1.014474e+05	8.801961e-05
	259	162	37.750000	33.000000	1.007706e+05	3.420904e-05
2022	2	19	8	0
	269	21	40.250000	68.250000	9.716792e+04	7.116832e-05
	245	28	34.250000	66.500000	9.716792e+04	1.304684e-04
	14	45	-23.500000	62.250000	9.758519e+04	3.098185e-04
	136	52	7.000000	60.500000	9.541295e+04	-5.668186e-05
	142	61	8.500000	58.250000	9.541295e+04	3.093081e-04
	137	117	7.250000	44.250000	1.013590e+05	1.032391e-04
	109	137	0.250000	39.250000	1.014453e+05	9.481522e-05
	119	145	2.750000	37.250000	1.014453e+05	-2.368388e-05
2022	2	19	7	3
	6	7	-25.500000	71.750000	9.987900e+04	-2.406208e-05
	279	18	42.750000	69.000000	9.727523e+04	1.336395e-04
	246	28	34.500000	66.500000	9.720870e+04	1.484212e-04
	18	47	-22.500000	61.750000	9.767823e+04	3.300864e-04
	152	60	11.000000	58.500000	9.571423e+04	3.221362e-04
	137	117	7.250000	44.250000	1.012902e+05	1.100257e-04
	120	143	3.000000	37.750000	1.014550e+05	-1.552831e-05
2022	2	19	8	6
	6	7	-25.500000	71.750000	9.972145e+04	-3.177811e-05
	283	17	43.750000	69.250000	9.732826e+04	1.210770e-04
	284	17	44.000000	69.250000	9.732826e+04	1.081250e-04
	246	27	34.500000	66.750000	9.736438e+04	1.185103e-04
	22	47	-21.500000	61.750000	9.778475e+04	3.106421e-04
	165	62	14.250000	58.000000	9.622190e+04	3.311553e-04
	72	71	-9.000000	55.750000	9.862844e+04	2.012125e-04
	150	109	10.500000	46.250000	1.014637e+05	1.946352e-05
2022	2	19	6	9
	6	7	-25.500000	71.750000	9.956826e+04	-3.689778e-05
	246	27	34.500000	66.750000	9.752952e+04	9.745980e-05
	23	46	-21.250000	62.000000	9.802602e+04	2.815236e-04
	179	61	17.750000	58.250000	9.659389e+04	2.647545e-04
	60	67	-12.000000	56.750000	9.853277e+04	1.727693e-04
	81	70	-6.750000	56.000000	9.849105e+04	2.425780e-04
2022	2	19	5	12
	6	7	-25.500000	71.750000	9.945382e+04	-3.869438e-05
	24	46	-21.000000	62.000000	9.822574e+04	2.350710e-04
	194	61	21.500000	58.250000	9.684137e+04	2.709258e-04
	91	70	-4.250000	56.000000	9.866766e+04	2.626625e-04
	261	162	38.250000	33.000000	1.003598e+05	7.134882e-05
2022	2	19	5	15
	205	59	24.250000	58.750000	9.709102e+04	2.032396e-04
	0	62	-27.000000	58.000000	9.773948e+04	1.009997e-04
	102	71	-1.500000	55.750000	9.878520e+04	2.725269e-04
	92	147	-4.000000	36.750000	1.017270e+05	6.064107e-05
	260	162	38.000000	33.000000	1.003775e+05	8.207872e-05
2022	2	19	4	18
	216	57	27.000000	59.250000	9.729833e+04	2.016423e-04
	0	59	-27.000000	58.750000	9.702062e+04	1.428702e-04
	127	71	4.750000	55.750000	9.883420e+04	1.669465e-04
	260	162	38.000000	33.000000	1.006151e+05	9.009589e-05
2022	2	19	5	21
	0	55	-27.000000	59.750000	9.657699e+04	1.517979e-04
	226	55	29.500000	59.750000	9.738656e+04	1.700378e-04
	137	71	7.250000	55.750000	9.882877e+04	1.407140e-04
	261	162	38.250000	33.000000	1.008097e+05	8.485418e-05
	280	162	43.000000	33.000000	1.009188e+05	7.785900e-05
2022	2	20	6	0
	66	24	-10.500000	67.500000	9.820280e+04	1.501578e-04
	0	52	-27.000000	60.500000	9.618623e+04	1.452635e-04
	235	53	31.750000	60.250000	9.751945e+04	1.758768e-04
	152	138	11.000000	39.000000	1.017239e+05	1.261868e-04
	263	162	38.750000	33.000000	1.008211e+05	7.691610e-05
	280	162	43.000000	33.000000	1.008036e+05	8.627825e-05
