2022	2	14	7	0
	221	10	28.250000	71.000000	9.837837e+04	1.418125e-04
	194	12	21.500000	70.500000	9.837837e+04	1.267310e-04
	1	17	-26.750000	69.250000	9.978088e+04	-8.586356e-06
	219	23	27.750000	67.750000	9.840405e+04	1.068055e-04
	114	62	1.500000	58.000000	9.852407e+04	9.459243e-05
	102	71	-1.500000	55.750000	9.852407e+04	1.632575e-04
	103	71	-1.250000	55.750000	9.852407e+04	1.432450e-04
2022	2	14	3	3
	213	9	26.250000	71.250000	9.811673e+04	2.139142e-04
	227	22	29.750000	68.000000	9.824222e+04	8.239114e-05
	108	70	0.000000	56.000000	9.847770e+04	1.063778e-04
2022	2	14	3	6
	219	8	27.750000	71.500000	9.800251e+04	2.290050e-04
	119	61	2.750000	58.250000	9.853409e+04	8.130174e-05
	110	70	0.500000	56.000000	9.853409e+04	1.233888e-04
2022	2	14	3	9
	218	9	27.500000	71.250000	9.807176e+04	2.736353e-04
	0	53	-27.000000	60.250000	9.806095e+04	1.065698e-04
	124	68	4.000000	56.500000	9.862794e+04	5.619206e-05
2022	2	14	4	12
	234	7	31.500000	71.750000	9.808335e+04	1.592462e-04
	2	50	-26.500000	61.000000	9.763010e+04	2.217366e-04
	130	65	5.500000	57.250000	9.857953e+04	1.581636e-04
	114	70	1.500000	56.000000	9.857953e+04	1.923462e-04
2022	2	14	4	15
	236	6	32.000000	72.000000	9.817516e+04	1.293560e-04
	2	45	-26.500000	62.250000	9.723827e+04	1.882789e-04
	131	54	5.750000	60.000000	9.848819e+04	-1.573443e-05
	134	62	6.500000	58.000000	9.848819e+04	1.625803e-04
2022	2	14	4	18
	250	6	35.500000	72.000000	9.820931e+04	1.142472e-04
	0	42	-27.000000	63.000000	9.706076e+04	1.199354e-04
	133	61	6.250000	58.250000	9.863108e+04	1.736470e-04
	136	121	7.000000	43.250000	1.010552e+05	1.543855e-04
2022	2	14	6	21
	247	6	34.750000	72.000000	9.822138e+04	9.477233e-05
	259	13	37.750000	70.250000	9.822138e+04	1.467466e-04
	0	38	-27.000000	64.000000	9.697036e+04	1.757319e-04
	27	39	-20.250000	63.750000	9.697036e+04	-1.596301e-05
	133	61	6.250000	58.250000	9.871912e+04	2.073016e-04
	139	121	7.750000	43.250000	1.010698e+05	1.342691e-04
2022	2	15	5	0
	243	7	33.750000	71.750000	9.826744e+04	1.450008e-04
	264	13	39.000000	70.250000	9.826744e+04	1.648015e-04
	126	53	4.500000	60.250000	9.878838e+04	6.858675e-05
	137	60	7.250000	58.500000	9.878838e+04	1.790692e-04
	145	118	9.250000	44.000000	1.010490e+05	1.390542e-04
2022	2	15	7	3
	244	9	34.000000	71.250000	9.835580e+04	2.431833e-04
	269	11	40.250000	70.750000	9.835580e+04	1.508513e-04
	34	42	-18.500000	63.000000	9.747531e+04	2.271685e-04
	125	52	4.250000	60.500000	9.876127e+04	9.916413e-05
	141	59	8.250000	58.750000	9.876127e+04	1.820841e-04
	171	103	15.750000	47.750000	1.009807e+05	7.622765e-05
	146	117	9.500000	44.250000	1.009070e+05	1.248333e-04
2022	2	15	8	6
	272	11	41.000000	70.750000	9.844181e+04	1.363393e-04
	0	33	-27.000000	65.250000	9.727995e+04	5.760477e-05
	24	35	-21.000000	64.750000	9.727995e+04	1.505221e-04
	154	51	11.500000	60.750000	9.879981e+04	1.287246e-04
	126	52	4.500000	60.500000	9.877803e+04	8.918816e-05
	146	59	9.500000	58.750000	9.878618e+04	1.914627e-04
	0	84	-27.000000	52.500000	9.887862e+04	1.274579e-04
	146	117	9.500000	44.250000	1.009695e+05	1.251467e-04
2022	2	15	7	9
	276	11	42.000000	70.750000	9.859864e+04	1.696251e-04
	0	32	-27.000000	65.500000	9.730454e+04	4.330772e-05
	122	48	3.500000	61.500000	9.874388e+04	1.382344e-04
	11	82	-24.250000	53.000000	9.856136e+04	2.232200e-04
	158	113	12.500000	45.250000	1.011051e+05	9.347290e-05
	146	117	9.500000	44.250000	1.011051e+05	1.169946e-04
	154	158	11.500000	34.000000	1.017822e+05	6.909471e-05
2022	2	15	7	12
	281	11	43.250000	70.750000	9.874576e+04	2.225742e-04
	0	30	-27.000000	66.000000	9.741594e+04	6.369687e-05
	122	47	3.500000	61.750000	9.868341e+04	1.616163e-04
	19	79	-22.250000	53.750000	9.830849e+04	2.424664e-04
	149	110	10.250000	46.000000	1.011284e+05	2.534783e-05
	161	116	13.250000	44.500000	1.011284e+05	5.287750e-05
	157	118	12.250000	44.000000	1.011284e+05	2.454818e-05
2022	2	15	3	15
	284	11	44.000000	70.750000	9.884133e+04	1.859389e-04
	0	38	-27.000000	64.000000	9.734684e+04	-5.940550e-06
	32	76	-19.000000	54.500000	9.794595e+04	2.842502e-04
2022	2	15	3	18
	285	10	44.250000	71.000000	9.896227e+04	1.890223e-04
	43	74	-16.250000	55.000000	9.781309e+04	2.885764e-04
	163	162	13.750000	33.000000	1.016572e+05	6.589854e-06
2022	2	15	3	21
	0	37	-27.000000	64.250000	9.728166e+04	-6.312063e-06
	58	72	-12.500000	55.500000	9.783142e+04	3.095628e-04
	166	161	14.500000	33.250000	1.017889e+05	-3.204016e-05
2022	2	16	2	0
	288	10	45.000000	71.000000	9.913070e+04	8.105225e-05
	71	71	-9.250000	55.750000	9.778473e+04	2.895091e-04
2022	2	16	5	3
	287	11	44.750000	70.750000	9.915436e+04	9.433831e-05
	190	43	20.500000	62.750000	9.888613e+04	1.078879e-04
	113	52	1.250000	60.500000	9.827449e+04	5.594304e-05
	82	71	-6.500000	55.750000	9.800204e+04	2.370814e-04
	175	123	16.750000	42.750000	1.014505e+05	4.417041e-05
2022	2	16	3	6
	119	51	2.750000	60.750000	9.823485e+04	6.682341e-05
	9	66	-24.750000	57.000000	9.666611e+04	2.735886e-04
	110	74	0.500000	55.000000	9.806361e+04	2.238252e-04
2022	2	16	5	9
	128	34	5.000000	65.000000	9.827105e+04	1.827170e-04
	122	50	3.500000	61.000000	9.821777e+04	9.156863e-05
	15	65	-23.250000	57.250000	9.641606e+04	3.863942e-04
	40	65	-17.000000	57.250000	9.658119e+04	2.021226e-04
	124	74	4.000000	55.000000	9.805530e+04	2.315058e-04
2022	2	16	3	12
	124	33	4.000000	65.250000	9.824739e+04	1.944720e-04
	26	65	-20.500000	57.250000	9.633130e+04	4.206903e-04
	140	75	8.000000	54.750000	9.807286e+04	2.256328e-04
2022	2	16	5	15
	118	33	2.500000	65.250000	9.808743e+04	1.612567e-04
	120	34	3.000000	65.000000	9.808743e+04	1.655756e-04
	65	59	-10.750000	58.750000	9.622586e+04	1.963281e-04
	35	60	-18.250000	58.500000	9.612716e+04	3.366909e-04
	155	75	11.750000	54.750000	9.814007e+04	2.161553e-04
2022	2	16	5	18
	178	51	17.500000	60.750000	9.840187e+04	9.807154e-05
	72	56	-9.000000	59.500000	9.611760e+04	2.582406e-04
	54	62	-13.500000	58.000000	9.611760e+04	2.676380e-04
	165	75	14.250000	54.750000	9.829000e+04	1.671782e-04
	187	136	19.750000	39.500000	1.012567e+05	1.197938e-04
2022	2	16	5	21
	72	54	-9.000000	60.000000	9.626205e+04	1.856500e-04
	64	62	-11.000000	58.000000	9.626205e+04	2.328384e-04
	150	109	10.500000	46.250000	1.006365e+05	9.413953e-06
	137	117	7.250000	44.250000	1.010766e+05	6.209208e-05
	187	136	19.750000	39.500000	1.012708e+05	9.529702e-05
2022	2	17	4	0
	0	30	-27.000000	66.000000	9.863970e+04	1.100935e-04
	78	60	-7.500000	58.500000	9.644818e+04	1.377653e-04
	138	117	7.500000	44.250000	1.010335e+05	6.069390e-05
	193	144	21.250000	37.500000	1.012312e+05	9.029754e-05
2022	2	17	5	3
	0	46	-27.000000	62.000000	9.910939e+04	2.306818e-05
	95	58	-3.250000	59.000000	9.657916e+04	1.072862e-04
	121	59	3.250000	58.750000	9.654218e+04	2.832334e-04
	137	113	7.250000	45.250000	1.008461e+05	2.016303e-05
	200	146	23.000000	37.000000	1.010426e+05	9.092188e-05
2022	2	17	2	6
	124	59	4.000000	58.750000	9.650098e+04	2.492699e-04
	201	146	23.250000	37.000000	1.010737e+05	6.049363e-05
2022	2	17	3	9
	124	59	4.000000	58.750000	9.665044e+04	2.315488e-04
	159	66	12.750000	57.000000	9.696817e+04	2.575651e-04
	0	117	-27.000000	44.250000	1.008686e+05	7.586733e-05
2022	2	17	5	12
	0	44	-27.000000	62.500000	9.942023e+04	9.839777e-05
	126	61	4.500000	58.250000	9.705544e+04	2.543679e-04
	166	66	14.500000	57.000000	9.702880e+04	2.230676e-04
	5	112	-25.750000	45.500000	1.003878e+05	2.644481e-04
	279	128	42.750000	41.500000	1.010344e+05	1.147847e-05
2022	2	17	4	15
	187	67	19.750000	56.750000	9.701893e+04	2.081021e-04
	18	104	-22.500000	47.500000	9.996952e+04	2.845004e-04
	0	118	-27.000000	44.000000	1.008857e+05	1.948845e-04
	273	132	41.250000	40.500000	1.012114e+05	-3.415476e-06
2022	2	17	2	18
	192	66	21.000000	57.000000	9.691552e+04	1.919601e-04
	29	99	-19.750000	48.750000	9.968124e+04	2.727473e-04
2022	2	17	2	21
	195	65	21.750000	57.250000	9.693088e+04	1.778836e-04
	39	94	-17.250000	50.000000	9.938811e+04	3.047880e-04
2022	2	18	3	0
	48	49	-15.000000	61.250000	9.933845e+04	1.407576e-04
	199	65	22.750000	57.250000	9.709852e+04	1.850109e-04
	49	89	-14.750000	51.250000	9.904077e+04	3.157230e-04
2022	2	18	5	3
	157	22	12.250000	68.000000	9.842819e+04	4.732921e-05
	49	47	-14.750000	61.750000	9.919854e+04	1.520887e-04
	217	60	27.250000	58.500000	9.734872e+04	8.936713e-05
	203	66	23.750000	57.000000	9.734872e+04	1.934376e-04
	55	86	-13.250000	52.000000	9.871552e+04	3.630255e-04
2022	2	18	7	6
	143	24	8.750000	67.500000	9.846297e+04	7.615735e-05
	47	46	-15.250000	62.000000	9.897340e+04	1.373105e-04
	219	59	27.750000	58.750000	9.748659e+04	1.003873e-04
	67	61	-10.250000	58.250000	9.930633e+04	1.472455e-04
	65	82	-10.750000	53.000000	9.817814e+04	4.220913e-04
	252	156	36.000000	34.500000	1.008332e+05	1.809851e-05
	262	162	38.500000	33.000000	1.008332e+05	1.705109e-05
2022	2	18	6	9
	142	27	8.500000	66.750000	9.850088e+04	8.717151e-05
	45	44	-15.750000	62.500000	9.889601e+04	2.181948e-04
	223	58	28.750000	59.000000	9.760880e+04	1.184846e-04
	75	79	-8.250000	53.750000	9.774526e+04	5.507472e-04
	137	113	7.250000	45.250000	1.014125e+05	9.926678e-06
	264	162	39.000000	33.000000	1.007067e+05	3.953246e-06
2022	2	18	5	12
	147	18	9.750000	69.000000	9.854115e+04	1.061048e-04
	146	27	9.500000	66.750000	9.854115e+04	6.209510e-05
	37	43	-17.750000	62.750000	9.884007e+04	2.150707e-04
	226	55	29.500000	59.750000	9.777691e+04	1.368379e-04
	85	77	-5.750000	54.250000	9.740748e+04	6.038634e-04
2022	2	18	5	15
	145	19	9.250000	68.750000	9.852908e+04	7.190390e-05
	152	27	11.000000	66.750000	9.852908e+04	1.014113e-04
	32	43	-19.000000	62.750000	9.878618e+04	1.754525e-04
	229	55	30.250000	59.750000	9.793232e+04	1.948553e-04
	103	74	-1.250000	55.000000	9.754519e+04	3.119902e-04
2022	2	18	5	18
	142	19	8.500000	68.750000	9.848287e+04	9.679318e-05
	152	29	11.000000	66.250000	9.848287e+04	1.141824e-04
	117	72	2.250000	55.500000	9.743991e+04	3.527361e-04
	279	119	42.750000	43.750000	1.003024e+05	2.809016e-05
	249	133	35.250000	40.250000	1.006116e+05	1.191881e-06
2022	2	18	4	21
	140	20	8.000000	68.500000	9.842521e+04	7.858990e-05
	153	30	11.250000	66.000000	9.842521e+04	1.373154e-04
	127	71	4.750000	55.750000	9.748236e+04	2.705361e-04
	229	150	30.250000	36.000000	1.005973e+05	1.299004e-04
2022	2	19	4	0
	139	21	7.750000	68.250000	9.836458e+04	9.531397e-05
	5	48	-25.750000	61.500000	9.777471e+04	1.568863e-04
	139	71	7.750000	55.750000	9.767194e+04	2.402387e-04
	228	153	30.000000	35.250000	1.004947e+05	1.579997e-04
2022	2	19	7	3
	138	22	7.500000	68.000000	9.830206e+04	9.978232e-05
	248	37	35.000000	64.250000	9.799295e+04	5.187693e-05
	25	50	-20.750000	61.000000	9.762117e+04	2.564615e-04
	157	69	12.250000	56.250000	9.786573e+04	2.443936e-04
	137	117	7.250000	44.250000	1.010071e+05	9.245256e-05
	239	153	32.750000	35.250000	1.003817e+05	6.180479e-05
	231	158	30.750000	34.000000	1.003817e+05	1.532725e-04
2022	2	19	8	6
	6	7	-25.500000	71.750000	1.003010e+05	-4.723032e-07
	136	23	7.000000	67.750000	9.827825e+04	1.076465e-04
	252	32	36.000000	65.500000	9.792292e+04	6.634880e-05
	30	48	-19.500000	61.500000	9.763214e+04	2.563402e-04
	175	70	16.750000	56.000000	9.797118e+04	1.955092e-04
	150	109	10.500000	46.250000	1.009634e+05	9.461327e-07
	121	143	3.250000	37.750000	1.012118e+05	1.388014e-05
	235	162	31.750000	33.000000	1.005818e+05	5.636899e-05
2022	2	19	10	9
	236	14	32.000000	70.000000	9.781090e+04	1.339171e-04
	137	25	7.250000	67.250000	9.832541e+04	1.099843e-04
	138	25	7.500000	67.250000	9.832541e+04	1.065205e-04
	252	27	36.000000	66.750000	9.786025e+04	9.572540e-05
	0	42	-27.000000	63.000000	9.792088e+04	1.076365e-04
	22	45	-21.500000	62.250000	9.772097e+04	2.453587e-04
	187	70	19.750000	56.000000	9.815182e+04	1.880591e-04
	150	109	10.500000	46.250000	1.010907e+05	1.515461e-05
	136	116	7.000000	44.500000	1.010709e+05	8.476152e-05
	123	141	3.750000	38.250000	1.013609e+05	8.477845e-06
2022	2	19	9	12
	233	14	31.250000	70.000000	9.767256e+04	1.408693e-04
	253	24	36.250000	67.500000	9.768023e+04	9.820348e-05
	140	26	8.000000	67.000000	9.836677e+04	1.118589e-04
	19	43	-22.250000	62.750000	9.782877e+04	2.452077e-04
	38	45	-17.500000	62.250000	9.782877e+04	1.828705e-04
	63	53	-11.250000	60.250000	9.817470e+04	2.395364e-04
	193	70	21.250000	56.000000	9.841142e+04	1.562107e-04
	153	107	11.250000	46.750000	1.009345e+05	-6.450664e-06
	136	116	7.000000	44.500000	1.010590e+05	8.337831e-05
2022	2	19	8	15
	233	13	31.250000	70.250000	9.759423e+04	1.368684e-04
	255	21	36.750000	68.250000	9.759423e+04	9.189596e-05
	149	26	10.250000	67.000000	9.843210e+04	9.335248e-05
	15	41	-23.250000	63.250000	9.785430e+04	2.047450e-04
	76	54	-8.000000	60.000000	9.823955e+04	2.413408e-04
	77	55	-7.750000	59.750000	9.823955e+04	2.490917e-04
	214	72	26.500000	55.500000	9.857045e+04	1.625945e-04
	135	118	6.750000	44.000000	1.009941e+05	9.548241e-05
2022	2	19	7	18
	233	13	31.250000	70.250000	9.748581e+04	9.531485e-05
	150	28	10.500000	66.500000	9.847425e+04	1.265821e-04
	8	39	-25.000000	63.750000	9.776829e+04	2.037717e-04
	80	54	-7.000000	60.000000	9.843163e+04	2.057568e-04
	223	72	28.750000	55.500000	9.871787e+04	1.203376e-04
	224	73	29.000000	55.250000	9.871787e+04	1.325434e-04
	287	162	44.750000	33.000000	1.007944e+05	8.261432e-05
2022	2	19	8	21
	233	12	31.250000	70.500000	9.741641e+04	8.322173e-05
	154	29	11.500000	66.250000	9.854835e+04	1.807868e-04
	0	37	-27.000000	64.250000	9.774823e+04	1.038439e-04
	0	47	-27.000000	61.750000	9.769387e+04	-1.978352e-05
	238	75	32.500000	54.750000	9.881093e+04	1.220797e-04
	149	136	10.250000	39.500000	1.013600e+05	7.674711e-05
	280	144	43.000000	37.500000	1.011557e+05	1.051314e-05
	286	161	44.500000	33.250000	1.010112e+05	1.255415e-04
2022	2	20	9	0
	233	11	31.250000	70.750000	9.735906e+04	9.869349e-05
	2	57	-26.500000	59.250000	9.725785e+04	1.475120e-04
	131	64	5.750000	57.500000	9.900693e+04	1.874394e-04
	248	74	35.000000	55.000000	9.881219e+04	1.494145e-04
	147	127	9.750000	41.750000	1.012722e+05	6.751596e-05
	151	136	10.750000	39.500000	1.012722e+05	8.878125e-05
	277	144	42.250000	37.500000	1.013009e+05	1.923981e-05
	285	159	44.250000	33.750000	1.011283e+05	1.189765e-04
	144	162	9.000000	33.000000	1.014247e+05	3.839029e-05
