2022	2	10	9	0
	9	6	-24.750000	72.000000	1.001069e+05	-9.825667e-06
	169	8	15.250000	71.500000	9.687538e+04	1.033297e-04
	148	23	10.000000	67.750000	9.658057e+04	4.537579e-04
	59	56	-12.250000	59.500000	9.873162e+04	4.363348e-04
	152	106	11.000000	47.000000	1.022350e+05	-4.270538e-05
	139	110	7.750000	46.000000	1.022350e+05	-7.055832e-05
	253	141	36.250000	38.250000	1.007827e+05	7.732069e-05
	248	150	35.000000	36.000000	1.007827e+05	1.049022e-04
	277	162	42.250000	33.000000	1.007951e+05	1.024670e-04
2022	2	10	7	6
	175	4	16.750000	72.500000	9.716783e+04	1.474488e-04
	8	6	-25.000000	72.000000	1.002633e+05	-1.458598e-05
	4	17	-26.000000	69.250000	1.002633e+05	5.403985e-05
	168	23	15.000000	67.750000	9.700259e+04	2.343492e-04
	78	58	-7.500000	59.000000	9.916109e+04	4.367150e-04
	158	106	12.500000	47.000000	1.021568e+05	-3.463007e-05
	249	150	35.250000	36.000000	1.010093e+05	8.633652e-05
2022	2	10	8	12
	212	0	26.000000	73.500000	9.729583e+04	-1.503589e-05
	181	4	18.250000	72.500000	9.729583e+04	1.414064e-04
	8	6	-25.000000	72.000000	1.001365e+05	-1.413095e-05
	195	27	21.750000	66.750000	9.766904e+04	1.648012e-04
	93	63	-3.750000	57.750000	1.000259e+05	3.452227e-04
	137	117	7.250000	44.250000	1.021893e+05	1.242564e-04
	284	139	44.000000	38.750000	1.008331e+05	1.945944e-05
	281	151	43.250000	35.750000	1.008699e+05	9.193426e-05
2022	2	10	6	18
	192	4	21.000000	72.500000	9.751184e+04	1.490503e-04
	9	6	-24.750000	72.000000	1.000561e+05	-4.504817e-05
	10	14	-24.500000	70.000000	9.983793e+04	-2.383177e-05
	41	16	-16.750000	69.500000	9.983793e+04	1.431888e-04
	111	69	0.750000	56.250000	1.006575e+05	2.440638e-04
	87	156	-5.250000	34.500000	1.020815e+05	1.622229e-05
2022	2	11	4	0
	204	6	24.000000	72.000000	9.769315e+04	1.773509e-04
	53	12	-13.750000	70.500000	9.947491e+04	1.655130e-04
	0	70	-27.000000	56.000000	9.965250e+04	1.073388e-04
	137	117	7.250000	44.250000	1.021423e+05	1.008647e-04
2022	2	11	3	6
	214	8	26.500000	71.500000	9.793424e+04	2.050013e-04
	58	12	-12.500000	70.500000	9.945492e+04	1.840902e-04
	150	108	10.500000	46.500000	1.019151e+05	7.693037e-06
2022	2	11	8	12
	243	2	33.750000	73.000000	9.828688e+04	4.801578e-05
	228	10	30.000000	71.000000	9.828688e+04	2.506561e-04
	80	12	-7.000000	70.500000	9.953784e+04	9.433807e-05
	103	15	-1.250000	69.750000	9.953784e+04	7.811884e-05
	10	57	-24.500000	59.250000	9.895430e+04	1.170452e-04
	1	68	-26.750000	56.500000	9.895430e+04	8.401876e-05
	135	119	6.750000	43.750000	1.020411e+05	8.606197e-05
	94	145	-3.500000	37.250000	1.022418e+05	-5.115441e-06
2022	2	11	7	18
	255	0	36.750000	73.500000	9.849720e+04	9.668663e-06
	241	12	33.250000	70.500000	9.848680e+04	1.823747e-04
	242	12	33.500000	70.500000	9.848680e+04	1.786604e-04
	144	17	9.000000	69.250000	9.923460e+04	1.715689e-04
	35	53	-18.250000	60.250000	9.863088e+04	1.844670e-04
	13	55	-23.750000	59.750000	9.863088e+04	1.751565e-04
	21	65	-21.750000	57.250000	9.863088e+04	1.434283e-04
2022	2	12	6	0
	252	0	36.000000	73.500000	9.865127e+04	2.808208e-06
	251	12	35.750000	70.500000	9.865127e+04	1.587341e-04
	252	12	36.000000	70.500000	9.865127e+04	1.501918e-04
	161	15	13.250000	69.750000	9.878083e+04	2.279702e-04
	32	51	-19.000000	60.750000	9.843859e+04	2.425441e-04
	41	58	-16.750000	59.000000	9.843859e+04	7.040943e-05
2022	2	12	5	6
	261	0	38.250000	73.500000	9.877573e+04	1.316885e-05
	257	13	37.250000	70.250000	9.872712e+04	1.821628e-04
	168	16	15.000000	69.500000	9.872398e+04	3.269979e-04
	55	53	-13.250000	60.250000	9.837880e+04	1.357535e-04
	33	54	-18.750000	60.000000	9.837880e+04	2.213629e-04
2022	2	12	3	12
	260	15	38.000000	69.750000	9.887727e+04	1.815181e-04
	182	17	18.500000	69.250000	9.917834e+04	1.483716e-04
	68	48	-10.000000	61.500000	9.845113e+04	1.678000e-04
2022	2	12	2	18
	265	18	39.250000	69.000000	9.893999e+04	2.171567e-04
	86	45	-5.500000	62.250000	9.839527e+04	1.870891e-04
2022	2	13	5	0
	173	0	16.250000	73.500000	9.923205e+04	1.483233e-05
	271	20	40.750000	68.500000	9.912738e+04	2.244124e-04
	99	43	-2.250000	62.750000	9.836802e+04	1.905356e-04
	34	96	-18.500000	49.500000	9.956822e+04	1.805216e-04
	21	97	-21.750000	49.250000	9.956822e+04	1.529125e-04
2022	2	13	4	6
	176	0	17.000000	73.500000	9.904564e+04	6.562768e-06
	157	29	12.250000	66.250000	9.818534e+04	2.857987e-04
	41	94	-16.750000	50.000000	9.855247e+04	2.693869e-04
	52	99	-14.000000	48.750000	9.855247e+04	1.351502e-04
2022	2	13	6	12
	173	0	16.250000	73.500000	9.897370e+04	3.214924e-05
	9	6	-24.750000	72.000000	9.943865e+04	-7.943674e-05
	9	14	-24.750000	70.000000	9.943865e+04	6.261515e-05
	168	30	15.000000	66.000000	9.835450e+04	1.197290e-04
	70	96	-9.500000	49.500000	9.868204e+04	2.534818e-04
	53	100	-13.750000	48.500000	9.868204e+04	3.236743e-04
2022	2	13	2	18
	2	17	-26.500000	69.250000	9.946256e+04	1.874057e-05
	77	95	-7.750000	49.750000	9.857090e+04	2.846082e-04
2022	2	14	3	0
	228	26	30.000000	67.000000	9.854032e+04	1.057131e-04
	94	89	-3.500000	51.250000	9.901114e+04	1.021360e-04
	88	100	-5.000000	48.500000	9.901114e+04	2.410746e-04
2022	2	14	3	6
	256	9	37.000000	71.250000	9.834411e+04	1.612643e-04
	257	9	37.250000	71.250000	9.834411e+04	1.669949e-04
	115	80	1.750000	53.500000	9.912993e+04	1.081357e-04
2022	2	14	4	12
	268	5	40.000000	72.250000	9.832921e+04	1.727573e-04
	2	52	-26.500000	60.500000	9.768981e+04	1.363645e-04
	129	73	5.250000	55.250000	9.915031e+04	1.735845e-04
	128	74	5.000000	55.000000	9.915031e+04	1.781460e-04
2022	2	14	4	18
	278	2	42.500000	73.000000	9.838174e+04	1.772490e-04
	5	46	-25.750000	62.000000	9.690086e+04	2.195009e-04
	137	70	7.250000	56.000000	9.916639e+04	1.840286e-04
	144	118	9.000000	44.000000	1.008566e+05	1.351879e-04
2022	2	15	6	0
	288	0	45.000000	73.500000	9.863460e+04	6.372340e-05
	6	7	-25.500000	71.750000	9.904917e+04	7.649233e-06
	24	35	-21.000000	64.750000	9.654745e+04	-1.147395e-05
	1	40	-26.750000	63.500000	9.654745e+04	1.977700e-04
	145	69	9.250000	56.250000	9.932908e+04	1.919767e-04
	153	116	11.250000	44.500000	1.009323e+05	1.310254e-04
2022	2	15	9	6
	6	7	-25.500000	71.750000	9.875633e+04	-2.500115e-06
	24	35	-21.000000	64.750000	9.639534e+04	1.307218e-04
	177	64	17.250000	57.500000	9.951980e+04	4.932258e-05
	154	67	11.500000	56.750000	9.950941e+04	1.217722e-04
	158	113	12.500000	45.250000	1.010775e+05	9.322925e-05
	149	120	10.250000	43.500000	1.010775e+05	1.087529e-04
	280	121	43.000000	43.250000	1.019419e+05	1.966131e-05
	166	124	14.500000	42.500000	1.010987e+05	7.045110e-05
	273	130	41.250000	41.000000	1.019419e+05	3.780962e-05
2022	2	15	8	12
	258	0	37.500000	73.500000	9.994162e+04	1.048499e-04
	288	23	45.000000	67.750000	1.001245e+05	8.381028e-06
	0	30	-27.000000	66.000000	9.688635e+04	1.413399e-04
	29	30	-19.750000	66.000000	9.688635e+04	1.445678e-04
	172	68	16.000000	56.500000	9.974659e+04	5.038153e-05
	0	84	-27.000000	52.500000	9.839546e+04	9.496869e-05
	175	116	16.750000	44.500000	1.011712e+05	-5.741108e-05
	166	126	14.500000	42.000000	1.011712e+05	6.649235e-05
2022	2	15	8	18
	278	3	42.500000	72.750000	1.001849e+05	1.046756e-04
	6	7	-25.500000	71.750000	9.857972e+04	2.821202e-05
	19	25	-22.250000	67.250000	9.739168e+04	2.362104e-04
	0	32	-27.000000	65.500000	9.741696e+04	-3.247581e-05
	180	62	18.000000	58.000000	9.973973e+04	9.229612e-05
	25	74	-20.750000	55.000000	9.784623e+04	2.065655e-04
	26	74	-20.500000	55.000000	9.784623e+04	2.111161e-04
	175	127	16.750000	41.750000	1.013276e+05	1.054445e-04
2022	2	16	6	0
	187	60	19.750000	58.500000	9.975423e+04	1.077466e-04
	280	121	43.000000	43.250000	1.019182e+05	-4.458349e-06
	179	128	17.750000	41.500000	1.014452e+05	1.036975e-04
	273	130	41.250000	41.000000	1.019182e+05	4.168089e-05
	168	135	15.000000	39.750000	1.014452e+05	5.312086e-05
	178	138	17.500000	39.000000	1.014452e+05	4.856523e-05
2022	2	16	7	6
	42	21	-16.500000	68.250000	9.738286e+04	1.574249e-04
	194	58	21.500000	59.000000	9.987655e+04	1.039066e-04
	52	59	-14.000000	58.750000	9.662488e+04	2.794139e-04
	280	121	43.000000	43.250000	1.019804e+05	-7.302694e-06
	181	129	18.250000	41.250000	1.016040e+05	7.583816e-05
	273	130	41.250000	41.000000	1.019804e+05	3.551251e-05
	186	137	19.500000	39.250000	1.016040e+05	4.388758e-05
2022	2	16	7	12
	53	13	-13.750000	70.250000	9.743009e+04	2.510169e-04
	54	13	-13.500000	70.250000	9.743009e+04	2.587599e-04
	32	20	-19.000000	68.500000	9.743009e+04	1.682870e-04
	91	45	-4.250000	62.250000	9.584160e+04	2.659140e-04
	200	57	23.000000	59.250000	1.000771e+05	7.632760e-05
	187	141	19.750000	38.250000	1.016260e+05	8.404190e-05
	187	142	19.750000	38.000000	1.016260e+05	8.659676e-05
2022	2	16	5	18
	36	13	-18.000000	70.250000	9.742578e+04	2.318211e-04
	14	16	-23.500000	69.500000	9.742578e+04	-1.591372e-04
	100	40	-2.000000	63.500000	9.592138e+04	4.534677e-04
	281	121	43.250000	43.250000	1.019127e+05	-3.344105e-05
	210	142	25.500000	38.000000	1.016922e+05	7.317521e-05
2022	2	17	6	0
	29	16	-19.750000	69.500000	9.778135e+04	3.281547e-04
	122	41	3.500000	63.250000	9.660116e+04	2.234349e-04
	143	53	8.750000	60.250000	9.689851e+04	1.136554e-04
	166	54	14.500000	60.000000	9.782036e+04	2.191267e-04
	13	81	-23.750000	53.250000	9.972091e+04	2.224697e-04
	281	121	43.250000	43.250000	1.017757e+05	-2.845769e-05
2022	2	17	8	6
	27	14	-20.250000	70.000000	9.808948e+04	3.206844e-04
	138	38	7.500000	64.000000	9.715333e+04	2.938705e-04
	187	52	19.750000	60.500000	9.762945e+04	1.700688e-04
	25	75	-20.750000	54.750000	9.889236e+04	3.719050e-04
	134	118	6.500000	44.000000	1.022262e+05	1.287536e-04
	277	120	42.250000	43.500000	1.018286e+05	-9.898900e-06
	116	124	2.000000	42.500000	1.024508e+05	-4.378398e-05
	213	148	26.250000	36.500000	1.015817e+05	7.731788e-05
2022	2	17	4	12
	27	11	-20.250000	70.750000	9.877730e+04	1.899518e-04
	139	30	7.750000	66.000000	9.804637e+04	1.514360e-04
	195	53	21.750000	60.250000	9.785388e+04	2.489157e-04
	44	67	-16.000000	56.750000	9.860363e+04	4.447032e-04
2022	2	17	3	18
	139	23	7.750000	67.750000	9.819435e+04	1.738572e-04
	220	55	28.000000	59.750000	9.820984e+04	1.180385e-04
	66	59	-10.500000	58.750000	9.828903e+04	3.183984e-04
2022	2	18	4	0
	103	11	-1.250000	70.750000	9.817848e+04	8.432206e-05
	84	53	-6.000000	60.250000	9.818553e+04	2.580152e-04
	85	53	-5.750000	60.250000	9.818553e+04	2.519913e-04
	230	56	30.500000	59.500000	9.858305e+04	5.333020e-05
2022	2	18	5	6
	95	8	-3.250000	71.500000	9.783369e+04	1.267598e-04
	34	36	-18.500000	64.500000	9.812888e+04	-2.083013e-05
	104	50	-1.000000	61.000000	9.811066e+04	2.659605e-04
	246	60	34.500000	58.500000	9.887923e+04	3.563210e-05
	278	119	42.500000	43.750000	1.009054e+05	3.069042e-06
2022	2	18	5	12
	82	2	-6.500000	73.000000	9.771530e+04	9.609761e-05
	25	34	-20.750000	65.000000	9.831275e+04	6.962620e-05
	125	47	4.250000	61.750000	9.814222e+04	2.868572e-04
	251	59	35.750000	58.750000	9.908132e+04	4.856008e-05
	251	60	35.750000	58.500000	9.908132e+04	5.094119e-05
2022	2	18	4	18
	63	0	-11.250000	73.500000	9.762160e+04	1.279454e-04
	112	0	1.000000	73.500000	9.764042e+04	4.498311e-05
	145	42	9.250000	63.000000	9.859423e+04	9.253308e-05
	142	50	8.500000	61.000000	9.859423e+04	3.904909e-05
2022	2	19	4	0
	45	3	-15.750000	72.750000	9.758671e+04	1.287791e-04
	143	39	8.750000	63.750000	9.907014e+04	1.219898e-04
	244	46	34.000000	62.000000	9.864871e+04	9.794334e-05
	208	57	25.000000	59.250000	9.871477e+04	1.411650e-04
2022	2	19	5	6
	44	5	-16.000000	72.250000	9.771883e+04	1.367695e-04
	0	39	-27.000000	63.750000	9.495033e+04	1.179742e-04
	243	44	33.750000	62.500000	9.837665e+04	1.343183e-04
	288	47	45.000000	61.750000	9.925009e+04	1.354610e-05
	136	118	7.000000	44.000000	1.019860e+05	9.540872e-05
2022	2	19	5	12
	43	7	-16.250000	71.750000	9.791759e+04	8.325989e-05
	0	38	-27.000000	64.000000	9.403278e+04	3.050481e-06
	0	49	-27.000000	61.250000	9.403278e+04	1.867178e-04
	261	51	38.250000	60.750000	9.845368e+04	3.125588e-05
	288	60	45.000000	58.500000	9.890980e+04	3.117178e-05
2022	2	19	6	18
	0	37	-27.000000	64.250000	9.520809e+04	1.196995e-04
	29	40	-19.750000	63.500000	9.404435e+04	3.735856e-04
	271	56	40.750000	59.500000	9.842389e+04	5.189890e-05
	288	57	45.000000	59.250000	9.865224e+04	1.438315e-05
	268	66	40.000000	57.000000	9.842389e+04	1.202452e-04
	288	69	45.000000	56.250000	9.865459e+04	1.155937e-04
2022	2	20	2	0
	52	36	-14.000000	64.500000	9.441462e+04	3.007017e-04
	274	56	41.500000	59.500000	9.841566e+04	7.108167e-05
