2022	2	16	6	0
	288	11	45.000000	70.750000	9.876752e+04	8.767303e-05
	54	38	-13.500000	64.000000	9.757821e+04	2.994321e-04
	118	53	2.500000	60.250000	9.801098e+04	2.013644e-04
	65	67	-10.750000	56.750000	9.727554e+04	3.002722e-04
	280	121	43.000000	43.250000	1.020671e+05	2.424080e-05
	172	122	16.000000	43.000000	1.014555e+05	3.861955e-05
2022	2	16	5	3
	49	36	-14.750000	64.500000	9.769498e+04	2.964785e-04
	120	52	3.000000	60.500000	9.793888e+04	1.747982e-04
	74	66	-8.500000	57.000000	9.721010e+04	2.732106e-04
	280	121	43.000000	43.250000	1.021753e+05	2.000843e-05
	173	123	16.250000	42.750000	1.014591e+05	4.401292e-05
2022	2	16	4	6
	122	50	3.500000	61.000000	9.787949e+04	1.642570e-04
	84	65	-6.000000	57.250000	9.751603e+04	2.651482e-04
	99	67	-2.250000	56.750000	9.751603e+04	2.073257e-04
	280	121	43.000000	43.250000	1.023066e+05	1.412214e-05
2022	2	16	5	9
	59	55	-12.250000	59.750000	9.754673e+04	1.228856e-04
	44	65	-16.000000	57.250000	9.751309e+04	1.059385e-04
	108	65	0.000000	57.250000	9.757805e+04	2.048544e-04
	202	125	23.500000	42.250000	1.015828e+05	-5.906163e-05
	181	138	18.250000	39.000000	1.014425e+05	1.648195e-04
2022	2	16	5	12
	65	54	-10.750000	60.000000	9.731275e+04	1.385716e-04
	120	65	3.000000	57.250000	9.739757e+04	2.028446e-04
	65	67	-10.750000	56.750000	9.725057e+04	1.984166e-04
	137	116	7.250000	44.500000	1.012263e+05	7.471292e-05
	183	137	18.750000	39.250000	1.011880e+05	1.899552e-04
2022	2	16	5	15
	65	53	-10.750000	60.250000	9.714808e+04	1.812978e-04
	127	64	4.750000	57.500000	9.721320e+04	2.314741e-04
	78	65	-7.500000	57.250000	9.698325e+04	3.092486e-04
	135	119	6.750000	43.750000	1.013156e+05	1.302050e-04
	185	136	19.250000	39.500000	1.010699e+05	1.630703e-04
2022	2	16	3	18
	133	64	6.250000	57.500000	9.715459e+04	1.500996e-04
	148	108	10.000000	46.500000	1.005948e+05	-4.277765e-05
	185	134	19.250000	40.000000	1.010739e+05	1.110039e-04
2022	2	16	4	21
	152	64	11.000000	57.500000	9.694138e+04	1.418304e-04
	137	117	7.250000	44.250000	1.011261e+05	6.002267e-05
	278	120	42.500000	43.500000	1.021038e+05	-3.874950e-05
	184	133	19.000000	40.250000	1.012020e+05	1.031136e-04
2022	2	17	6	0
	288	9	45.000000	71.250000	9.898321e+04	1.220295e-04
	190	60	20.500000	58.500000	9.677670e+04	1.998325e-04
	161	63	13.250000	57.750000	9.673918e+04	1.616645e-04
	137	117	7.250000	44.250000	1.009984e+05	7.792094e-05
	278	120	42.500000	43.500000	1.019821e+05	-4.106368e-05
	183	133	18.750000	40.250000	1.012280e+05	1.050561e-04
2022	2	17	6	3
	282	9	43.500000	71.250000	9.903578e+04	1.955272e-04
	126	42	4.500000	63.000000	9.735865e+04	8.905178e-05
	195	57	21.750000	59.250000	9.640239e+04	2.352300e-04
	183	63	18.750000	57.750000	9.640239e+04	7.296285e-05
	138	117	7.500000	44.250000	1.007554e+05	8.540462e-05
	279	121	42.750000	43.250000	1.017847e+05	-2.998190e-05
2022	2	17	5	6
	281	10	43.250000	71.000000	9.907206e+04	1.548168e-04
	126	42	4.500000	63.000000	9.740672e+04	9.558530e-05
	197	55	22.250000	59.750000	9.618779e+04	2.566343e-04
	201	66	23.250000	57.000000	9.618779e+04	1.865599e-04
	279	121	42.750000	43.250000	1.016676e+05	-1.709242e-05
2022	2	17	7	9
	276	11	42.000000	70.750000	9.915719e+04	9.225014e-05
	128	42	5.000000	63.000000	9.749650e+04	8.939342e-05
	199	54	22.750000	60.000000	9.609770e+04	2.694178e-04
	0	111	-27.000000	45.750000	1.013798e+05	1.050549e-04
	278	120	42.500000	43.500000	1.015744e+05	-1.551260e-05
	8	122	-25.000000	43.000000	1.013873e+05	7.580115e-05
	187	158	19.750000	34.000000	1.012331e+05	1.251800e-04
2022	2	17	5	12
	203	54	23.750000	60.000000	9.608048e+04	2.255506e-04
	6	109	-25.500000	46.250000	1.011213e+05	2.132614e-04
	15	118	-23.250000	44.000000	1.011213e+05	6.905398e-05
	273	119	41.250000	43.750000	1.012801e+05	-3.273026e-05
	192	160	21.000000	33.500000	1.010745e+05	7.047315e-05
2022	2	17	4	15
	218	51	27.500000	60.750000	9.596993e+04	1.878594e-04
	12	107	-24.000000	46.750000	1.005744e+05	2.300295e-04
	22	114	-21.500000	45.000000	1.005744e+05	1.148635e-04
	191	160	20.750000	33.500000	1.010954e+05	8.115997e-05
2022	2	17	3	18
	220	47	28.000000	61.750000	9.595318e+04	1.790723e-04
	19	106	-22.250000	47.000000	1.000976e+05	2.421717e-04
	30	110	-19.500000	46.000000	1.000976e+05	1.816404e-04
2022	2	17	2	21
	222	43	28.500000	62.750000	9.592310e+04	2.084657e-04
	37	106	-17.750000	47.000000	9.967308e+04	2.342990e-04
2022	2	18	2	0
	222	40	28.500000	63.500000	9.592527e+04	1.857191e-04
	45	101	-15.750000	48.250000	9.912462e+04	3.224190e-04
2022	2	18	2	3
	221	37	28.250000	64.250000	9.591674e+04	1.898079e-04
	52	98	-14.000000	49.000000	9.884009e+04	3.946386e-04
2022	2	18	3	6
	221	36	28.250000	64.500000	9.597629e+04	1.786871e-04
	60	98	-12.000000	49.000000	9.870240e+04	4.752317e-04
	251	161	35.750000	33.250000	1.012322e+05	1.386859e-05
2022	2	18	5	9
	222	35	28.500000	64.750000	9.606126e+04	1.582483e-04
	95	90	-3.250000	51.000000	9.919425e+04	1.171591e-04
	69	97	-9.750000	49.250000	9.875124e+04	5.115014e-04
	268	159	40.000000	33.750000	1.011435e+05	7.229942e-05
	252	162	36.000000	33.000000	1.011553e+05	7.716409e-06
2022	2	18	7	12
	6	7	-25.500000	71.750000	1.005851e+05	-4.049233e-05
	224	33	29.000000	65.250000	9.624609e+04	1.124653e-04
	89	88	-4.750000	51.500000	9.889281e+04	2.147133e-04
	80	96	-7.000000	49.500000	9.889281e+04	4.484266e-04
	276	117	42.000000	44.250000	1.002046e+05	-6.405332e-05
	269	159	40.250000	33.750000	1.008990e+05	6.279131e-05
	257	162	37.250000	33.000000	1.008990e+05	5.683918e-06
2022	2	18	6	15
	6	7	-25.500000	71.750000	1.005625e+05	-3.915928e-05
	231	32	30.750000	65.500000	9.641247e+04	1.017008e-04
	111	84	0.750000	52.500000	9.907532e+04	1.658472e-04
	92	93	-4.000000	50.250000	9.891654e+04	3.682364e-04
	278	118	42.500000	44.000000	1.003749e+05	-1.284563e-05
	103	130	-1.250000	41.000000	1.010823e+05	-5.216708e-07
2022	2	18	8	18
	6	7	-25.500000	71.750000	1.004786e+05	-2.385210e-05
	129	29	5.250000	66.250000	9.797113e+04	6.376789e-05
	153	29	11.250000	66.250000	9.797098e+04	5.544818e-05
	236	30	32.000000	66.000000	9.648287e+04	1.100058e-04
	123	81	3.750000	53.250000	9.903950e+04	1.769051e-04
	282	121	43.500000	43.250000	1.003825e+05	3.508010e-05
	107	130	-0.250000	41.000000	1.011159e+05	6.909003e-05
	272	154	41.000000	35.000000	1.012265e+05	1.051331e-04
2022	2	18	9	21
	6	7	-25.500000	71.750000	1.005110e+05	-1.040309e-05
	240	28	33.000000	66.500000	9.656024e+04	9.260647e-05
	154	30	11.500000	66.000000	9.797749e+04	7.365408e-05
	126	31	4.500000	65.750000	9.797749e+04	1.119818e-04
	127	31	4.750000	65.750000	9.797749e+04	9.397531e-05
	0	53	-27.000000	60.250000	9.810371e+04	7.261203e-05
	137	78	7.250000	54.000000	9.885017e+04	1.494833e-04
	108	131	0.000000	40.750000	1.012500e+05	1.213647e-04
	272	153	41.000000	35.250000	1.012976e+05	1.248842e-04
2022	2	19	10	0
	6	7	-25.500000	71.750000	1.004400e+05	-9.526109e-06
	253	17	36.250000	69.250000	9.662088e+04	2.211493e-04
	241	27	33.250000	66.750000	9.662088e+04	9.407778e-05
	154	29	11.500000	66.250000	9.798277e+04	8.361552e-05
	126	33	4.500000	65.250000	9.798447e+04	1.284082e-04
	0	49	-27.000000	61.250000	9.767218e+04	1.001502e-04
	154	76	11.500000	54.500000	9.866348e+04	1.767071e-04
	128	122	5.000000	43.000000	1.013026e+05	1.353502e-04
	106	135	-0.500000	39.750000	1.012652e+05	5.212786e-05
	275	154	41.750000	35.000000	1.013394e+05	1.111217e-04
2022	2	19	12	3
	6	7	-25.500000	71.750000	1.003632e+05	-7.543727e-06
	252	17	36.000000	69.250000	9.650644e+04	2.736340e-04
	243	26	33.750000	67.000000	9.650644e+04	8.273659e-05
	154	29	11.500000	66.250000	9.799905e+04	1.020328e-04
	138	37	7.500000	64.250000	9.799905e+04	1.433846e-04
	1	45	-26.750000	62.250000	9.756938e+04	1.524821e-04
	168	73	15.000000	55.250000	9.845601e+04	1.616722e-04
	136	114	7.000000	45.000000	1.012584e+05	6.468009e-05
	123	138	3.750000	39.000000	1.012234e+05	1.377179e-05
	287	138	44.750000	39.000000	1.013995e+05	1.063969e-05
	108	139	0.000000	38.750000	1.012234e+05	4.844875e-05
	276	154	42.000000	35.000000	1.014189e+05	1.045728e-04
2022	2	19	10	6
	6	7	-25.500000	71.750000	1.002617e+05	-7.027526e-06
	250	17	35.500000	69.250000	9.648953e+04	2.415261e-04
	245	25	34.250000	67.250000	9.648953e+04	4.615042e-05
	154	29	11.500000	66.250000	9.802479e+04	1.069244e-04
	144	36	9.000000	64.500000	9.802479e+04	1.329315e-04
	15	45	-23.250000	62.250000	9.741338e+04	2.878116e-04
	183	71	18.750000	55.750000	9.833119e+04	1.581262e-04
	136	116	7.000000	44.500000	1.012800e+05	1.282026e-04
	113	139	1.250000	38.750000	1.013684e+05	1.123336e-04
	282	153	43.500000	35.250000	1.016209e+05	9.669502e-05
2022	2	19	7	9
	6	7	-25.500000	71.750000	1.001626e+05	2.718464e-06
	255	18	36.750000	69.000000	9.662552e+04	1.707314e-04
	153	30	11.250000	66.000000	9.817861e+04	9.312292e-05
	10	41	-24.500000	63.250000	9.735322e+04	2.743705e-04
	32	46	-19.000000	62.000000	9.735322e+04	2.669788e-04
	193	70	21.250000	56.000000	9.832653e+04	1.794064e-04
	136	117	7.000000	44.250000	1.013987e+05	1.147305e-04
2022	2	19	6	12
	6	7	-25.500000	71.750000	1.000717e+05	1.539287e-05
	260	18	38.000000	69.000000	9.678927e+04	1.878230e-04
	153	30	11.250000	66.000000	9.839181e+04	8.805997e-05
	3	38	-26.250000	64.000000	9.743184e+04	1.930976e-04
	213	68	26.250000	56.500000	9.826994e+04	1.625788e-04
	207	100	24.750000	48.500000	1.000096e+05	-7.055746e-06
2022	2	19	8	15
	265	18	39.250000	69.000000	9.692184e+04	2.183468e-04
	154	30	11.500000	66.000000	9.858037e+04	8.569736e-05
	0	37	-27.000000	64.250000	9.728825e+04	1.247679e-04
	224	66	29.000000	57.000000	9.822854e+04	1.786358e-04
	225	66	29.250000	57.000000	9.822854e+04	1.775212e-04
	135	119	6.750000	43.750000	1.013133e+05	1.098881e-04
	145	125	9.250000	42.250000	1.013133e+05	2.276164e-05
	286	151	44.500000	35.750000	1.014620e+05	4.320548e-05
2022	2	19	6	18
	271	17	40.750000	69.250000	9.701767e+04	1.714790e-04
	153	31	11.250000	65.750000	9.875869e+04	9.057061e-05
	0	55	-27.000000	59.750000	9.662630e+04	1.027586e-04
	236	65	32.000000	57.250000	9.819163e+04	1.713083e-04
	136	122	7.000000	43.000000	1.014991e+05	7.506952e-05
	146	127	9.500000	41.750000	1.014991e+05	2.209953e-05
2022	2	19	3	21
	276	17	42.000000	69.250000	9.711473e+04	1.595390e-04
	4	52	-26.000000	60.500000	9.622470e+04	2.325970e-04
	245	64	34.250000	57.500000	9.813395e+04	1.735847e-04
2022	2	20	6	0
	158	9	12.500000	71.250000	9.879016e+04	1.724538e-04
	283	16	43.750000	69.500000	9.721320e+04	1.918336e-04
	16	48	-23.000000	61.500000	9.597226e+04	2.808471e-04
	256	64	37.000000	57.500000	9.810092e+04	1.619772e-04
	170	124	15.500000	42.500000	1.017366e+05	7.666042e-05
	158	133	12.500000	40.250000	1.017662e+05	5.248836e-05
