2022	2	14	6	0
	2	6	-26.500000	72.000000	9.972425e+04	1.141783e-05
	215	9	26.750000	71.250000	9.836002e+04	1.065564e-04
	1	17	-26.750000	69.250000	9.972425e+04	1.019561e-05
	221	21	28.250000	68.250000	9.836516e+04	7.998898e-05
	113	63	1.250000	57.750000	9.850845e+04	9.633726e-05
	106	71	-0.500000	55.750000	9.850845e+04	8.440929e-05
2022	2	14	6	3
	58	5	-12.500000	72.250000	1.001122e+05	1.015233e-04
	210	9	25.500000	71.250000	9.805923e+04	2.296646e-04
	232	20	31.000000	68.500000	9.811607e+04	7.797205e-05
	121	64	3.250000	57.500000	9.846633e+04	1.040875e-04
	122	64	3.500000	57.500000	9.846633e+04	1.045899e-04
	107	71	-0.250000	55.750000	9.846633e+04	1.499798e-04
2022	2	14	3	6
	63	3	-11.250000	72.750000	1.000815e+05	9.068575e-05
	217	8	27.250000	71.500000	9.794881e+04	2.190032e-04
	110	70	0.500000	56.000000	9.851170e+04	1.431018e-04
2022	2	14	5	9
	70	2	-9.500000	73.000000	1.001584e+05	8.470358e-05
	71	2	-9.250000	73.000000	1.001584e+05	8.966830e-05
	235	8	31.750000	71.500000	9.794641e+04	1.752640e-04
	0	53	-27.000000	60.250000	9.803064e+04	1.204958e-04
	117	68	2.250000	56.500000	9.857144e+04	9.378053e-05
2022	2	14	4	12
	232	7	31.000000	71.750000	9.790379e+04	1.714137e-04
	0	48	-27.000000	61.500000	9.763416e+04	1.419089e-04
	131	66	5.750000	57.000000	9.848379e+04	1.515294e-04
	114	71	1.500000	55.750000	9.848379e+04	1.985868e-04
2022	2	14	4	15
	6	7	-25.500000	71.750000	9.990177e+04	4.026076e-05
	229	7	30.250000	71.750000	9.794094e+04	1.650942e-04
	3	45	-26.250000	62.250000	9.724350e+04	2.544661e-04
	134	63	6.500000	57.750000	9.847095e+04	1.616127e-04
2022	2	14	4	18
	248	13	35.000000	70.250000	9.798630e+04	1.328835e-04
	0	40	-27.000000	63.500000	9.695709e+04	1.503859e-04
	128	54	5.000000	60.000000	9.859387e+04	4.996738e-05
	131	63	5.750000	57.750000	9.859387e+04	2.434348e-04
2022	2	14	8	21
	245	4	34.250000	72.500000	9.800908e+04	1.343470e-04
	254	12	36.500000	70.500000	9.800908e+04	1.406606e-04
	0	36	-27.000000	64.500000	9.689855e+04	1.634524e-04
	24	45	-21.000000	62.250000	9.718906e+04	1.985296e-04
	123	53	3.750000	60.250000	9.860020e+04	9.878684e-05
	150	56	10.500000	59.500000	9.860020e+04	2.895886e-04
	133	61	6.250000	58.250000	9.860020e+04	2.532403e-04
	142	120	8.500000	43.500000	1.010962e+05	1.543000e-04
2022	2	15	9	0
	239	6	32.750000	72.000000	9.811333e+04	1.423687e-04
	6	7	-25.500000	71.750000	9.981498e+04	5.687403e-05
	259	12	37.750000	70.500000	9.811333e+04	1.261127e-04
	0	37	-27.000000	64.250000	9.746537e+04	1.176716e-04
	123	53	3.750000	60.250000	9.865105e+04	5.929135e-05
	123	54	3.750000	60.000000	9.865105e+04	5.282263e-05
	151	55	10.750000	59.750000	9.865105e+04	2.371605e-04
	136	61	7.000000	58.250000	9.865105e+04	2.704614e-04
	145	118	9.250000	44.000000	1.010429e+05	1.379414e-04
2022	2	15	6	3
	238	10	32.500000	71.000000	9.817342e+04	2.955348e-04
	266	12	39.500000	70.500000	9.817342e+04	1.631525e-04
	28	38	-20.000000	64.000000	9.749961e+04	7.995358e-05
	121	53	3.250000	60.250000	9.865721e+04	3.785419e-05
	141	60	8.250000	58.500000	9.865481e+04	2.800520e-04
	146	117	9.500000	44.250000	1.010215e+05	1.045950e-04
2022	2	15	6	6
	269	12	40.250000	70.500000	9.825525e+04	1.300344e-04
	0	33	-27.000000	65.250000	9.748454e+04	7.320452e-05
	121	53	3.250000	60.250000	9.890492e+04	3.112290e-05
	146	59	9.500000	58.750000	9.872329e+04	2.517393e-04
	0	85	-27.000000	52.250000	9.892564e+04	1.305713e-04
	156	114	12.000000	45.000000	1.010584e+05	1.319827e-04
2022	2	15	7	9
	275	10	41.750000	71.000000	9.840487e+04	1.820266e-04
	276	10	42.000000	71.000000	9.840487e+04	1.778245e-04
	25	34	-20.750000	65.000000	9.745184e+04	1.713569e-04
	0	38	-27.000000	64.000000	9.745184e+04	-3.551055e-05
	150	57	10.500000	59.250000	9.877413e+04	2.373396e-04
	3	81	-26.250000	53.250000	9.826826e+04	2.173811e-04
	159	113	12.750000	45.250000	1.010897e+05	1.094681e-04
2022	2	15	5	12
	274	10	41.500000	71.000000	9.852009e+04	1.520293e-04
	0	40	-27.000000	63.500000	9.745561e+04	1.957275e-05
	154	55	11.500000	59.750000	9.890030e+04	1.624839e-04
	15	78	-23.250000	54.000000	9.801815e+04	2.843435e-04
	161	111	13.250000	45.750000	1.010950e+05	8.678807e-05
2022	2	15	4	15
	278	11	42.500000	70.750000	9.866885e+04	1.972782e-04
	0	39	-27.000000	63.750000	9.735512e+04	2.125664e-05
	157	51	12.250000	60.750000	9.892495e+04	1.782173e-04
	27	76	-20.250000	54.500000	9.771702e+04	2.966663e-04
2022	2	15	4	18
	284	11	44.000000	70.750000	9.878612e+04	2.317408e-04
	166	50	14.500000	61.000000	9.899531e+04	1.378415e-04
	39	74	-17.250000	55.000000	9.753915e+04	3.179617e-04
	165	159	14.250000	33.750000	1.016645e+05	7.609664e-05
2022	2	15	3	21
	181	45	18.250000	62.250000	9.902185e+04	1.335998e-04
	111	54	0.750000	60.000000	9.829805e+04	1.684233e-04
	54	72	-13.500000	55.500000	9.730034e+04	3.187447e-04
2022	2	16	5	0
	287	9	44.750000	71.250000	9.895183e+04	9.542597e-05
	181	45	18.250000	62.250000	9.889773e+04	1.536818e-04
	113	53	1.250000	60.250000	9.811025e+04	1.769629e-04
	70	71	-9.500000	55.750000	9.721937e+04	3.318139e-04
	279	121	42.750000	43.250000	1.021644e+05	1.206771e-05
2022	2	16	7	3
	284	9	44.000000	71.250000	9.901603e+04	1.825084e-04
	0	39	-27.000000	63.750000	9.753436e+04	2.303454e-05
	182	44	18.500000	62.500000	9.885939e+04	1.668681e-04
	96	49	-3.000000	61.250000	9.798699e+04	7.441659e-05
	117	51	2.250000	60.750000	9.798699e+04	1.872263e-04
	82	72	-6.500000	55.500000	9.724145e+04	3.576659e-04
	279	121	42.750000	43.250000	1.022884e+05	7.520728e-06
2022	2	16	8	6
	285	9	44.250000	71.250000	9.904719e+04	1.783495e-04
	184	43	19.000000	62.750000	9.883456e+04	1.567193e-04
	118	50	2.500000	61.000000	9.789917e+04	1.627559e-04
	119	51	2.750000	60.750000	9.789917e+04	1.681687e-04
	106	74	-0.500000	55.000000	9.718701e+04	2.868279e-04
	1	95	-26.750000	49.750000	9.896775e+04	1.576338e-04
	137	116	7.250000	44.500000	1.009159e+05	1.036002e-04
	279	121	42.750000	43.250000	1.023300e+05	9.503005e-06
2022	2	16	6	9
	286	10	44.500000	71.000000	9.911223e+04	1.328957e-04
	119	49	2.750000	61.250000	9.791166e+04	1.734983e-04
	122	75	3.500000	54.750000	9.716253e+04	2.640798e-04
	2	84	-26.500000	52.500000	9.876232e+04	1.310816e-04
	138	117	7.500000	44.250000	1.009433e+05	1.490170e-04
	181	137	18.250000	39.250000	1.014620e+05	1.502359e-04
2022	2	16	5	12
	286	9	44.500000	71.250000	9.914117e+04	1.630635e-04
	118	46	2.500000	62.000000	9.799024e+04	1.292868e-04
	135	77	6.750000	54.250000	9.733389e+04	2.459988e-04
	138	117	7.500000	44.250000	1.008231e+05	1.399189e-04
	183	136	18.750000	39.500000	1.012581e+05	1.827712e-04
2022	2	16	6	15
	288	8	45.000000	71.500000	9.913038e+04	1.165147e-04
	247	14	34.750000	70.000000	9.918688e+04	4.646038e-05
	102	37	-1.500000	64.250000	9.797895e+04	1.419658e-04
	119	45	2.750000	62.250000	9.797895e+04	1.498724e-04
	158	79	12.500000	53.750000	9.712264e+04	3.001681e-04
	183	134	18.750000	40.000000	1.011075e+05	2.043949e-04
2022	2	16	8	18
	279	6	42.750000	72.000000	9.906893e+04	1.980958e-04
	252	15	36.000000	69.750000	9.908519e+04	4.720257e-05
	100	37	-2.000000	64.250000	9.796320e+04	1.268251e-04
	120	44	3.000000	62.500000	9.796320e+04	1.433661e-04
	71	79	-9.250000	53.750000	9.839460e+04	2.164960e-04
	172	80	16.000000	53.500000	9.717262e+04	1.448240e-04
	137	113	7.250000	45.250000	1.005220e+05	-2.038105e-05
	183	134	18.750000	40.000000	1.011207e+05	1.815919e-04
2022	2	16	9	21
	275	6	41.750000	72.000000	9.905318e+04	2.437119e-04
	253	14	36.250000	70.000000	9.905318e+04	5.212211e-05
	97	38	-2.750000	64.000000	9.787229e+04	9.916433e-05
	119	43	2.750000	62.750000	9.787229e+04	1.207136e-04
	186	76	19.500000	54.500000	9.732345e+04	1.174040e-04
	87	77	-5.250000	54.250000	9.797141e+04	2.899033e-04
	7	89	-25.250000	51.250000	9.972237e+04	2.260940e-04
	183	134	18.750000	40.000000	1.010715e+05	1.340471e-04
	286	152	44.500000	35.500000	1.016154e+05	3.067102e-05
2022	2	17	8	0
	272	5	41.000000	72.250000	9.904016e+04	2.454754e-04
	0	35	-27.000000	64.750000	9.893146e+04	-6.254822e-05
	96	38	-3.000000	64.000000	9.787023e+04	7.529165e-05
	121	42	3.250000	63.000000	9.787023e+04	1.238734e-04
	190	72	20.500000	55.500000	9.742462e+04	1.864001e-04
	103	77	-1.250000	54.250000	9.801455e+04	2.842652e-04
	137	114	7.250000	45.000000	1.004070e+05	1.514498e-05
	280	121	43.000000	43.250000	1.016474e+05	-2.983754e-06
2022	2	17	7	3
	265	5	39.250000	72.250000	9.901757e+04	1.742166e-04
	266	5	39.500000	72.250000	9.901757e+04	1.763966e-04
	95	39	-3.250000	63.750000	9.780330e+04	1.050833e-04
	123	41	3.750000	63.250000	9.779269e+04	1.104846e-04
	194	72	21.500000	55.500000	9.738627e+04	2.080831e-04
	121	77	3.250000	54.250000	9.795926e+04	2.737570e-04
	280	121	43.000000	43.250000	1.014721e+05	-5.690892e-06
2022	2	17	7	6
	259	4	37.750000	72.500000	9.897391e+04	2.000327e-04
	99	40	-2.250000	63.500000	9.776632e+04	8.196569e-05
	124	41	4.000000	63.250000	9.776632e+04	1.269046e-04
	200	72	23.000000	55.500000	9.743164e+04	1.943906e-04
	133	79	6.250000	53.750000	9.805804e+04	2.917589e-04
	2	109	-26.500000	46.250000	1.004828e+05	6.753823e-05
	280	121	43.000000	43.250000	1.014110e+05	3.537548e-06
2022	2	17	7	9
	251	4	35.750000	72.500000	9.898607e+04	2.163909e-04
	125	40	4.250000	63.500000	9.781255e+04	1.493847e-04
	203	62	23.750000	58.000000	9.742616e+04	1.163323e-04
	205	71	24.250000	55.750000	9.742616e+04	2.333904e-04
	149	82	10.250000	53.000000	9.836721e+04	2.993598e-04
	14	107	-23.500000	46.750000	1.001175e+05	2.226402e-04
	279	120	42.750000	43.500000	1.011212e+05	2.110279e-05
2022	2	17	6	12
	246	5	34.500000	72.250000	9.896827e+04	2.338419e-04
	126	40	4.500000	63.500000	9.784712e+04	1.729879e-04
	205	61	24.250000	58.250000	9.733886e+04	1.471382e-04
	209	69	25.250000	56.250000	9.733886e+04	2.137869e-04
	21	102	-21.750000	48.000000	9.956984e+04	2.657706e-04
	147	134	9.750000	40.000000	1.009484e+05	4.480653e-05
2022	2	17	4	15
	245	6	34.250000	72.000000	9.895868e+04	2.330768e-04
	128	40	5.000000	63.500000	9.790653e+04	1.837169e-04
	207	54	24.750000	60.000000	9.731112e+04	7.562723e-05
	31	97	-19.250000	49.250000	9.920023e+04	2.669329e-04
2022	2	17	5	18
	242	6	33.500000	72.000000	9.896655e+04	1.965301e-04
	130	40	5.500000	63.500000	9.796062e+04	1.919392e-04
	209	53	25.250000	60.250000	9.726798e+04	9.919018e-05
	194	92	21.500000	50.500000	9.852488e+04	1.464971e-04
	37	93	-17.750000	50.250000	9.858428e+04	3.633156e-04
2022	2	17	5	21
	239	7	32.750000	71.750000	9.902835e+04	1.518546e-04
	134	40	6.500000	63.500000	9.804383e+04	1.719206e-04
	213	52	26.250000	60.500000	9.724436e+04	1.135243e-04
	44	90	-16.000000	51.000000	9.801010e+04	4.741178e-04
	204	94	24.000000	50.000000	9.855330e+04	1.707150e-04
2022	2	18	7	0
	235	8	31.750000	71.500000	9.913398e+04	1.124342e-04
	140	39	8.000000	63.750000	9.816332e+04	1.419473e-04
	159	42	12.750000	63.000000	9.816332e+04	-1.711031e-05
	211	48	25.750000	61.500000	9.725908e+04	1.298421e-04
	54	87	-13.500000	51.750000	9.761328e+04	5.294201e-04
	212	97	26.000000	49.250000	9.874880e+04	1.422722e-04
	250	159	35.500000	33.750000	1.006547e+05	4.574797e-06
2022	2	18	7	3
	147	36	9.750000	64.500000	9.817581e+04	1.693317e-04
	148	36	10.000000	64.500000	9.817581e+04	1.624999e-04
	3	43	-26.250000	62.750000	9.921359e+04	4.302017e-05
	72	46	-9.000000	62.000000	9.850570e+04	2.153159e-04
	212	47	26.000000	61.750000	9.723032e+04	1.076825e-04
	64	83	-11.000000	52.750000	9.730154e+04	5.545806e-04
	232	109	31.000000	46.250000	9.893266e+04	1.089171e-04
2022	2	18	5	6
	150	36	10.500000	64.500000	9.821262e+04	1.518617e-04
	214	46	26.500000	62.000000	9.723956e+04	1.036280e-04
	73	47	-8.750000	61.750000	9.834838e+04	2.588429e-04
	73	80	-8.750000	53.500000	9.722519e+04	5.134008e-04
	239	109	32.750000	46.250000	9.909495e+04	1.004694e-04
2022	2	18	5	9
	153	35	11.250000	64.750000	9.835968e+04	1.308534e-04
	215	45	26.750000	62.250000	9.727552e+04	1.034327e-04
	72	48	-9.000000	61.500000	9.835642e+04	2.408315e-04
	84	78	-6.000000	54.000000	9.750474e+04	4.159192e-04
	245	107	34.250000	46.750000	9.919749e+04	1.406079e-04
2022	2	18	8	12
	0	41	-27.000000	63.250000	9.880974e+04	1.048638e-05
	220	44	28.000000	62.500000	9.734382e+04	6.107119e-05
	0	52	-27.000000	60.500000	9.880974e+04	1.006928e-04
	104	71	-1.000000	55.750000	9.759496e+04	2.725789e-04
	46	75	-15.500000	54.750000	9.944076e+04	2.487285e-04
	93	76	-3.750000	54.500000	9.759496e+04	3.856324e-04
	247	107	34.750000	46.750000	9.939881e+04	1.312768e-04
	218	146	27.500000	37.000000	1.005539e+05	1.430202e-04
2022	2	18	8	15
	0	40	-27.000000	63.500000	9.882190e+04	1.328562e-05
	225	40	29.250000	63.500000	9.735734e+04	6.053441e-05
	2	52	-26.500000	60.500000	9.877173e+04	1.949082e-04
	120	68	3.000000	56.500000	9.741161e+04	2.526653e-04
	50	76	-14.500000	54.500000	9.954005e+04	2.261349e-04
	250	111	35.500000	45.750000	9.972014e+04	1.273836e-04
	223	148	28.750000	36.500000	1.003518e+05	1.934767e-04
	264	162	39.000000	33.000000	9.976123e+04	4.688716e-05
2022	2	18	8	18
	227	37	29.750000	64.250000	9.736437e+04	7.377121e-05
	0	39	-27.000000	63.750000	9.901380e+04	1.761409e-05
	8	51	-25.000000	60.750000	9.880050e+04	2.323043e-04
	9	51	-24.750000	60.750000	9.880050e+04	2.360628e-04
	129	66	5.250000	57.000000	9.711237e+04	2.789815e-04
	254	109	36.500000	46.250000	1.000514e+05	1.650992e-04
	226	152	29.500000	35.500000	1.002284e+05	2.100617e-04
	265	162	39.250000	33.000000	9.985042e+04	8.329535e-05
2022	2	18	9	21
	230	34	30.500000	65.000000	9.731027e+04	8.360555e-05
	0	38	-27.000000	64.000000	9.924338e+04	9.364638e-06
	14	51	-23.500000	60.750000	9.888627e+04	2.167970e-04
	15	51	-23.250000	60.750000	9.888627e+04	2.155423e-04
	137	65	7.250000	57.250000	9.701239e+04	2.463575e-04
	260	107	38.000000	46.750000	1.002478e+05	1.648752e-04
	230	157	30.500000	34.250000	1.001729e+05	2.279553e-04
	268	162	40.000000	33.000000	9.999131e+04	7.403510e-05
	281	162	43.250000	33.000000	9.999131e+04	8.284674e-05
2022	2	19	6	0
	230	32	30.500000	65.500000	9.726524e+04	7.522398e-05
	18	50	-22.500000	61.000000	9.901415e+04	2.027782e-04
	150	62	10.500000	58.000000	9.697473e+04	2.816929e-04
	114	133	1.500000	40.250000	1.010209e+05	6.592202e-05
	237	161	32.250000	33.250000	1.000670e+05	1.164002e-04
	276	162	42.000000	33.000000	9.998223e+04	4.195099e-05
2022	2	19	7	3
	232	30	31.000000	66.000000	9.721662e+04	7.866322e-05
	19	50	-22.250000	61.000000	9.904702e+04	1.692507e-04
	180	58	18.000000	59.000000	9.707608e+04	1.679770e-04
	165	60	14.250000	58.500000	9.707608e+04	1.807939e-04
	118	132	2.500000	40.500000	1.009887e+05	7.291118e-05
	282	159	43.500000	33.750000	1.000976e+05	1.358465e-04
	239	162	32.750000	33.000000	1.001404e+05	8.009192e-05
2022	2	19	4	6
	234	29	31.500000	66.250000	9.715859e+04	9.562494e-05
	188	56	20.000000	59.500000	9.704543e+04	1.759220e-04
	136	115	7.000000	44.750000	1.008314e+05	1.100208e-04
	282	158	43.500000	34.000000	1.003693e+05	1.554463e-04
2022	2	19	3	9
	235	27	31.750000	66.750000	9.718324e+04	9.750685e-05
	194	56	21.500000	59.500000	9.720533e+04	1.275445e-04
	281	156	43.250000	34.500000	1.005511e+05	1.656867e-04
2022	2	19	5	12
	236	26	32.000000	67.000000	9.720670e+04	9.439989e-05
	219	52	27.750000	60.500000	9.728014e+04	1.323038e-04
	140	117	8.000000	44.250000	1.008481e+05	1.237266e-04
	269	146	40.250000	37.000000	1.006735e+05	6.794143e-06
	283	156	43.750000	34.500000	1.006473e+05	1.311444e-04
2022	2	19	9	15
	88	3	-5.000000	72.750000	9.882806e+04	3.407376e-04
	236	25	32.000000	67.250000	9.720036e+04	9.127964e-05
	232	49	31.000000	61.250000	9.735649e+04	1.227849e-04
	0	53	-27.000000	60.250000	9.680405e+04	1.089991e-04
	138	117	7.500000	44.250000	1.007656e+05	1.299367e-04
	268	146	40.000000	37.000000	1.010282e+05	3.973537e-05
	284	155	44.000000	34.750000	1.009125e+05	1.059695e-04
	267	160	39.750000	33.500000	1.009546e+05	2.314169e-05
	92	161	-4.000000	33.250000	1.017181e+05	5.663808e-05
2022	2	19	8	18
	86	4	-5.500000	72.500000	9.868956e+04	2.810300e-04
	237	24	32.250000	67.500000	9.720858e+04	5.979813e-05
	245	47	34.250000	61.750000	9.744825e+04	1.189381e-04
	0	48	-27.000000	61.500000	9.613691e+04	1.251476e-04
	148	115	10.000000	44.750000	1.007654e+05	3.618380e-05
	137	120	7.250000	43.500000	1.007654e+05	1.428589e-04
	266	147	39.500000	36.750000	1.013145e+05	4.941624e-05
	284	157	44.000000	34.250000	1.012561e+05	8.516919e-05
2022	2	19	9	21
	85	5	-5.750000	72.250000	9.859849e+04	3.128927e-04
	86	5	-5.500000	72.250000	9.859849e+04	3.031614e-04
	237	24	32.250000	67.500000	9.724419e+04	5.430121e-05
	0	43	-27.000000	62.750000	9.571167e+04	1.974597e-04
	151	116	10.750000	44.500000	1.007449e+05	6.018552e-05
	138	119	7.500000	43.750000	1.007449e+05	1.398659e-04
	163	123	13.750000	42.750000	1.008219e+05	-5.336100e-05
	265	152	39.250000	35.500000	1.014333e+05	5.760136e-05
	281	162	43.250000	33.000000	1.014052e+05	3.720270e-05
2022	2	20	5	0
	83	6	-6.250000	72.000000	9.854337e+04	3.077438e-04
	263	18	38.750000	69.000000	9.724265e+04	8.526965e-05
	27	39	-20.250000	63.750000	9.574112e+04	-5.094185e-05
	0	40	-27.000000	63.500000	9.571184e+04	1.736521e-04
	145	118	9.250000	44.000000	1.007706e+05	9.652854e-05
