2022	2	16	4	0
	54	39	-13.500000	63.750000	9.730033e+04	3.604800e-04
	119	53	2.750000	60.250000	9.803678e+04	1.790683e-04
	66	67	-10.500000	56.750000	9.741451e+04	2.889931e-04
	171	121	15.750000	43.250000	1.014612e+05	2.095143e-05
2022	2	16	5	3
	49	37	-14.750000	64.250000	9.743214e+04	3.672927e-04
	122	52	3.500000	60.500000	9.800227e+04	1.701553e-04
	75	67	-8.250000	56.750000	9.745160e+04	2.414203e-04
	280	121	43.000000	43.250000	1.021324e+05	2.334787e-05
	173	123	16.250000	42.750000	1.014080e+05	4.094088e-05
2022	2	16	3	6
	120	33	3.000000	65.250000	9.789478e+04	2.194822e-04
	84	66	-6.000000	57.000000	9.764302e+04	2.359263e-04
	99	68	-2.250000	56.500000	9.764302e+04	2.000868e-04
2022	2	16	4	9
	114	34	1.500000	65.000000	9.778698e+04	2.147034e-04
	48	60	-15.000000	58.500000	9.743548e+04	1.036731e-04
	108	66	0.000000	57.000000	9.770383e+04	2.093343e-04
	184	130	19.000000	41.000000	1.014557e+05	1.268096e-04
2022	2	16	5	12
	108	35	0.000000	64.750000	9.760166e+04	1.991431e-04
	54	59	-13.500000	58.750000	9.721123e+04	1.713634e-04
	120	66	3.000000	57.000000	9.752853e+04	1.888472e-04
	64	68	-11.000000	56.500000	9.721123e+04	1.539430e-04
	183	140	18.750000	38.500000	1.011779e+05	1.497772e-04
2022	2	16	4	15
	62	58	-11.500000	59.000000	9.708551e+04	2.150357e-04
	84	66	-6.000000	57.000000	9.714936e+04	2.079517e-04
	137	116	7.250000	44.500000	1.011369e+05	5.605742e-05
	185	137	19.250000	39.250000	1.010221e+05	1.749740e-04
2022	2	16	3	18
	98	67	-2.500000	56.750000	9.690793e+04	2.325635e-04
	279	120	42.750000	43.500000	1.022092e+05	-5.738645e-06
	185	135	19.250000	39.750000	1.010762e+05	1.558223e-04
2022	2	16	5	21
	76	57	-8.000000	59.250000	9.727555e+04	1.741940e-04
	113	67	1.250000	56.750000	9.673552e+04	2.816520e-04
	137	117	7.250000	44.250000	1.010191e+05	6.333538e-05
	278	120	42.500000	43.500000	1.021135e+05	-2.841099e-05
	185	134	19.250000	40.000000	1.011139e+05	1.244289e-04
2022	2	17	4	0
	288	10	45.000000	71.000000	9.910694e+04	9.686961e-05
	158	65	12.500000	57.250000	9.668186e+04	1.759908e-04
	125	67	4.250000	56.750000	9.664993e+04	3.020968e-04
	137	117	7.250000	44.250000	1.009234e+05	8.063456e-05
2022	2	17	3	3
	199	57	22.750000	59.250000	9.644059e+04	2.735257e-04
	169	65	15.250000	57.250000	9.650124e+04	1.327540e-04
	137	117	7.250000	44.250000	1.007316e+05	9.292798e-05
2022	2	17	5	6
	202	54	23.500000	60.000000	9.618106e+04	2.501993e-04
	193	70	21.250000	56.000000	9.630634e+04	1.947032e-04
	0	105	-27.000000	47.250000	1.003757e+05	6.649135e-05
	137	113	7.250000	45.250000	1.005909e+05	-1.479086e-05
	279	121	42.750000	43.250000	1.016641e+05	-2.301810e-05
2022	2	17	5	9
	203	52	23.750000	60.500000	9.609105e+04	2.199056e-04
	206	66	24.500000	57.000000	9.616601e+04	2.352483e-04
	4	101	-26.000000	48.250000	9.991834e+04	1.933023e-04
	137	113	7.250000	45.250000	1.006581e+05	-1.572758e-05
	278	120	42.500000	43.500000	1.016831e+05	-1.960156e-05
2022	2	17	3	12
	206	49	24.500000	61.250000	9.602341e+04	2.123133e-04
	214	61	26.500000	58.250000	9.602249e+04	2.616606e-04
	13	95	-23.750000	49.750000	9.943488e+04	2.348295e-04
2022	2	17	2	15
	216	53	27.000000	60.250000	9.593523e+04	1.427394e-04
	28	92	-20.000000	50.500000	9.876502e+04	1.195997e-04
2022	2	17	3	18
	218	49	27.500000	61.250000	9.583519e+04	1.164793e-04
	31	86	-19.250000	52.000000	9.797505e+04	3.430152e-04
	150	111	10.500000	45.750000	1.009044e+05	9.098386e-05
2022	2	17	2	21
	220	46	28.000000	62.000000	9.580584e+04	1.323366e-04
	36	83	-18.000000	52.750000	9.722416e+04	5.052015e-04
2022	2	18	4	0
	41	44	-16.750000	62.500000	9.915650e+04	1.034073e-04
	222	44	28.500000	62.500000	9.583169e+04	1.607937e-04
	223	44	28.750000	62.500000	9.583169e+04	1.625692e-04
	43	83	-16.250000	52.750000	9.689105e+04	5.985142e-04
2022	2	18	4	3
	6	7	-25.500000	71.750000	1.004790e+05	-4.160111e-06
	224	42	29.000000	63.000000	9.588931e+04	1.639664e-04
	39	43	-17.250000	62.750000	9.890459e+04	1.610242e-04
	53	80	-13.750000	53.500000	9.662606e+04	4.854154e-04
2022	2	18	5	6
	226	40	29.500000	63.500000	9.603191e+04	1.870179e-04
	38	44	-17.500000	62.500000	9.861101e+04	2.324041e-04
	66	78	-10.500000	54.000000	9.647996e+04	3.348197e-04
	137	117	7.250000	44.250000	1.015091e+05	8.146646e-05
	144	125	9.000000	42.250000	1.015091e+05	9.663025e-05
2022	2	18	5	9
	142	28	8.500000	66.500000	9.815202e+04	9.324261e-05
	228	38	30.000000	64.000000	9.623731e+04	2.070626e-04
	36	44	-18.000000	62.500000	9.842416e+04	2.733557e-04
	80	76	-7.000000	54.500000	9.662849e+04	2.680543e-04
	256	162	37.000000	33.000000	1.008080e+05	-2.724303e-05
2022	2	18	7	12
	149	31	10.250000	65.750000	9.820538e+04	1.146014e-04
	232	36	31.000000	64.500000	9.646764e+04	1.630183e-04
	37	45	-17.750000	62.250000	9.852207e+04	2.852041e-04
	93	73	-3.750000	55.250000	9.686156e+04	2.582050e-04
	243	128	33.750000	41.500000	1.004185e+05	-6.597083e-06
	267	155	39.750000	34.750000	1.004558e+05	7.802666e-05
	257	162	37.250000	33.000000	1.004558e+05	5.906913e-06
2022	2	18	6	15
	138	28	7.500000	66.500000	9.813423e+04	6.802619e-05
	235	35	31.750000	64.750000	9.667016e+04	1.480342e-04
	39	45	-17.250000	62.250000	9.850002e+04	2.822763e-04
	107	68	-0.250000	56.500000	9.683420e+04	2.710658e-04
	103	130	-1.250000	41.000000	1.011566e+05	2.945900e-06
	237	137	32.250000	39.250000	1.004149e+05	3.640614e-05
2022	2	18	7	18
	255	25	36.750000	67.250000	9.682918e+04	5.908702e-05
	139	29	7.750000	66.250000	9.801975e+04	8.908226e-05
	239	34	32.750000	65.000000	9.682918e+04	1.084452e-04
	40	44	-17.000000	62.500000	9.853119e+04	2.988542e-04
	118	66	2.500000	57.000000	9.679482e+04	2.686596e-04
	106	128	-0.500000	41.500000	1.011974e+05	2.979635e-05
	222	148	28.500000	36.500000	1.004909e+05	2.203342e-04
2022	2	18	9	21
	257	24	37.250000	67.500000	9.698425e+04	5.125617e-05
	140	30	8.000000	66.000000	9.796593e+04	9.510058e-05
	141	30	8.250000	66.000000	9.796593e+04	9.729440e-05
	248	33	35.000000	65.250000	9.698425e+04	1.526623e-04
	41	44	-16.750000	62.500000	9.854563e+04	2.690046e-04
	0	58	-27.000000	59.000000	9.809455e+04	9.395376e-05
	128	65	5.000000	57.250000	9.686810e+04	2.258655e-04
	108	130	0.000000	41.000000	1.012886e+05	7.368286e-05
	223	149	28.750000	36.250000	1.004240e+05	1.921271e-04
2022	2	19	8	0
	268	21	40.000000	68.250000	9.712641e+04	8.938229e-05
	141	31	8.250000	65.750000	9.790512e+04	1.228264e-04
	251	31	35.750000	65.750000	9.712641e+04	1.347616e-04
	39	43	-17.250000	62.750000	9.846369e+04	2.283431e-04
	2	54	-26.500000	60.000000	9.774898e+04	1.903658e-04
	137	64	7.250000	57.500000	9.695962e+04	2.489873e-04
	105	135	-0.750000	39.750000	1.012999e+05	6.999408e-05
	223	151	28.750000	35.750000	1.004556e+05	1.398008e-04
2022	2	19	12	3
	6	7	-25.500000	71.750000	1.003357e+05	-6.290018e-07
	269	21	40.250000	68.250000	9.727463e+04	1.351691e-04
	256	30	37.000000	66.000000	9.727463e+04	1.392124e-04
	145	31	9.250000	65.750000	9.784962e+04	1.202547e-04
	34	42	-18.500000	63.000000	9.789599e+04	2.046186e-04
	7	52	-25.250000	60.500000	9.763906e+04	2.441515e-04
	23	55	-21.250000	59.750000	9.763906e+04	2.013308e-04
	149	62	10.250000	58.000000	9.714495e+04	2.651691e-04
	108	139	0.000000	38.750000	1.012293e+05	8.645641e-05
	121	139	3.250000	38.750000	1.012293e+05	-3.137163e-05
	222	158	28.500000	34.000000	1.005225e+05	1.661011e-04
	262	161	38.500000	33.250000	1.005620e+05	2.478175e-05
2022	2	19	11	6
	273	20	41.250000	68.500000	9.733499e+04	1.435305e-04
	262	30	38.500000	66.000000	9.733499e+04	1.276109e-04
	147	32	9.750000	65.500000	9.783199e+04	1.713936e-04
	24	42	-21.000000	63.000000	9.751773e+04	4.957150e-05
	0	47	-27.000000	61.750000	9.787745e+04	1.042630e-04
	16	51	-23.000000	60.750000	9.751773e+04	2.177742e-04
	38	54	-17.500000	60.000000	9.751773e+04	2.111330e-04
	156	63	12.000000	57.750000	9.737057e+04	2.367019e-04
	136	114	7.000000	45.000000	1.013517e+05	7.672681e-05
	112	138	1.000000	39.000000	1.013421e+05	1.102024e-04
	262	162	38.500000	33.000000	1.006668e+05	4.594961e-05
2022	2	19	9	9
	277	20	42.250000	68.500000	9.750998e+04	1.396411e-04
	270	28	40.500000	66.500000	9.750998e+04	1.317288e-04
	149	31	10.250000	65.750000	9.792230e+04	2.147259e-04
	24	50	-21.000000	61.000000	9.750086e+04	2.681280e-04
	44	52	-16.000000	60.500000	9.750086e+04	1.905456e-04
	186	56	19.500000	59.500000	9.763723e+04	1.475027e-04
	187	56	19.750000	59.500000	9.763723e+04	1.467330e-04
	137	117	7.250000	44.250000	1.014730e+05	1.323537e-04
	265	162	39.250000	33.000000	1.004205e+05	7.128612e-05
2022	2	19	7	12
	150	29	10.500000	66.250000	9.802051e+04	1.508611e-04
	26	49	-20.500000	61.250000	9.757566e+04	3.011247e-04
	45	50	-15.750000	61.000000	9.757566e+04	1.755926e-04
	194	55	21.500000	59.750000	9.775612e+04	1.686869e-04
	135	119	6.750000	43.750000	1.014832e+05	1.034594e-04
	264	162	39.000000	33.000000	1.002577e+05	5.560756e-05
	274	162	41.500000	33.000000	1.002577e+05	3.994462e-05
2022	2	19	10	15
	151	30	10.750000	66.000000	9.811264e+04	1.284317e-04
	27	49	-20.250000	61.250000	9.775855e+04	2.623478e-04
	71	53	-9.250000	60.250000	9.807433e+04	2.304564e-04
	202	54	23.500000	60.000000	9.787577e+04	1.638598e-04
	135	120	6.750000	43.500000	1.013963e+05	1.069500e-04
	102	141	-1.500000	38.250000	1.017312e+05	2.267065e-06
	94	146	-3.500000	37.000000	1.017312e+05	5.679496e-05
	107	157	-0.250000	34.250000	1.015579e+05	-2.901195e-05
	263	161	38.750000	33.250000	1.003221e+05	1.086138e-04
	276	162	42.000000	33.000000	1.003221e+05	8.333880e-05
2022	2	19	8	18
	153	31	11.250000	65.750000	9.826316e+04	9.364872e-05
	23	46	-21.250000	62.000000	9.791439e+04	2.206121e-04
	76	53	-8.000000	60.250000	9.816479e+04	2.277355e-04
	210	53	25.500000	60.250000	9.802355e+04	1.537858e-04
	137	122	7.250000	43.000000	1.015384e+05	6.723346e-05
	146	135	9.500000	39.750000	1.015782e+05	3.262271e-05
	278	159	42.500000	33.750000	1.004348e+05	1.366680e-04
	265	162	39.250000	33.000000	1.004348e+05	1.079450e-04
2022	2	19	8	21
	154	32	11.500000	65.500000	9.838737e+04	1.142768e-04
	20	44	-22.000000	62.500000	9.777604e+04	2.362453e-04
	90	53	-4.500000	60.250000	9.827912e+04	2.216201e-04
	216	53	27.000000	60.250000	9.811645e+04	1.470751e-04
	5	62	-25.750000	58.000000	9.755955e+04	2.018557e-04
	138	123	7.500000	42.750000	1.016409e+05	4.944428e-05
	146	135	9.500000	39.750000	1.016733e+05	3.262959e-05
	277	157	42.250000	34.250000	1.004530e+05	1.539750e-04
2022	2	20	10	0
	6	7	-25.500000	71.750000	9.990967e+04	3.858464e-06
	154	32	11.500000	65.500000	9.852784e+04	8.861881e-05
	13	40	-23.750000	63.500000	9.754952e+04	2.180799e-04
	223	52	28.750000	60.500000	9.824689e+04	1.411668e-04
	93	54	-3.750000	60.000000	9.835468e+04	2.444868e-04
	16	60	-23.000000	58.500000	9.738486e+04	2.652274e-04
	169	124	15.250000	42.500000	1.017322e+05	3.669336e-05
	149	127	10.250000	41.750000	1.016749e+05	3.271255e-05
	151	135	10.750000	39.750000	1.016749e+05	1.469441e-05
	276	156	42.000000	34.500000	1.004638e+05	1.413258e-04
