2022	2	16	8	0
	288	11	45.000000	70.750000	9.879162e+04	7.369331e-05
	49	38	-14.750000	64.000000	9.739930e+04	3.219548e-04
	184	43	19.000000	62.750000	9.896555e+04	1.796525e-04
	119	53	2.750000	60.250000	9.803100e+04	1.312011e-04
	65	67	-10.750000	56.750000	9.724773e+04	2.973240e-04
	66	67	-10.500000	56.750000	9.724773e+04	2.943194e-04
	280	121	43.000000	43.250000	1.020553e+05	2.139746e-05
	173	122	16.250000	43.000000	1.014562e+05	4.765145e-05
2022	2	16	5	3
	188	42	20.000000	63.000000	9.893073e+04	1.269219e-04
	122	52	3.500000	60.500000	9.795863e+04	1.218735e-04
	76	67	-8.000000	56.750000	9.718113e+04	3.217869e-04
	5	78	-25.750000	54.000000	9.792305e+04	1.933588e-04
	280	121	43.000000	43.250000	1.021994e+05	2.485712e-05
2022	2	16	2	6
	99	67	-2.250000	56.750000	9.755468e+04	2.155617e-04
	280	121	43.000000	43.250000	1.022642e+05	1.924971e-05
2022	2	16	3	9
	112	67	1.000000	56.750000	9.745738e+04	2.161394e-04
	40	72	-17.000000	55.500000	9.754176e+04	1.670948e-04
	202	125	23.500000	42.250000	1.015396e+05	-7.365725e-05
2022	2	16	3	12
	124	67	4.000000	56.750000	9.728543e+04	2.155608e-04
	63	70	-11.250000	56.000000	9.712823e+04	1.795489e-04
	184	139	19.000000	38.750000	1.012480e+05	1.656341e-04
2022	2	16	4	15
	133	67	6.250000	56.750000	9.709068e+04	2.429800e-04
	76	68	-8.000000	56.500000	9.676533e+04	2.794573e-04
	137	116	7.250000	44.500000	1.011580e+05	5.513894e-05
	186	136	19.500000	39.500000	1.010271e+05	1.618102e-04
2022	2	16	6	18
	155	65	11.750000	57.250000	9.692207e+04	2.248573e-04
	151	66	10.750000	57.000000	9.692207e+04	2.296441e-04
	87	67	-5.250000	56.750000	9.691447e+04	3.314633e-04
	148	108	10.000000	46.500000	1.005069e+05	-4.434181e-05
	278	120	42.500000	43.500000	1.021254e+05	-1.999783e-05
	186	135	19.500000	39.750000	1.010780e+05	1.225125e-04
2022	2	16	3	21
	157	65	12.250000	57.250000	9.659748e+04	2.031101e-04
	137	117	7.250000	44.250000	1.010680e+05	4.599314e-05
	186	135	19.500000	39.750000	1.011367e+05	1.038196e-04
2022	2	17	3	0
	179	60	17.750000	58.500000	9.626513e+04	2.321875e-04
	137	117	7.250000	44.250000	1.009172e+05	8.740334e-05
	185	135	19.250000	39.750000	1.011337e+05	1.234380e-04
2022	2	17	4	3
	288	10	45.000000	71.000000	9.914541e+04	9.905235e-05
	183	58	18.750000	59.000000	9.599634e+04	2.352446e-04
	150	109	10.500000	46.250000	1.000050e+05	2.525427e-05
	138	117	7.500000	44.250000	1.006615e+05	9.405767e-05
2022	2	17	3	6
	186	58	19.500000	59.000000	9.591607e+04	2.245573e-04
	0	118	-27.000000	44.000000	1.011375e+05	5.991007e-05
	279	121	42.750000	43.250000	1.016272e+05	-1.390694e-05
2022	2	17	3	9
	191	59	20.750000	58.750000	9.603207e+04	2.557254e-04
	3	116	-26.250000	44.500000	1.005473e+05	1.521215e-04
	278	120	42.500000	43.500000	1.015265e+05	-1.753357e-05
2022	2	17	4	12
	36	44	-18.000000	62.500000	9.866452e+04	2.099965e-04
	205	52	24.250000	60.500000	9.606476e+04	1.685151e-04
	10	112	-24.500000	45.500000	1.001573e+05	2.723706e-04
	273	119	41.250000	43.750000	1.012272e+05	-3.403221e-05
2022	2	17	3	15
	35	45	-18.250000	62.250000	9.858698e+04	2.235469e-04
	207	48	24.750000	61.500000	9.605259e+04	1.872173e-04
	19	107	-22.250000	46.750000	9.961884e+04	3.269970e-04
2022	2	17	4	18
	37	45	-17.750000	62.250000	9.842994e+04	2.422456e-04
	209	46	25.250000	62.000000	9.601413e+04	1.586760e-04
	29	103	-19.750000	47.750000	9.918205e+04	3.988206e-04
	159	107	12.750000	46.750000	1.006200e+05	-6.196379e-05
2022	2	17	3	21
	209	44	25.250000	62.500000	9.599498e+04	1.233920e-04
	37	45	-17.750000	62.250000	9.833430e+04	2.778763e-04
	39	100	-17.250000	48.500000	9.890717e+04	4.585061e-04
2022	2	18	3	0
	212	43	26.000000	62.750000	9.601854e+04	1.060462e-04
	35	45	-18.250000	62.250000	9.821511e+04	2.988062e-04
	52	92	-14.000000	50.500000	9.850945e+04	3.382027e-04
2022	2	18	7	3
	6	7	-25.500000	71.750000	1.003931e+05	-4.112538e-06
	215	41	26.750000	63.250000	9.610672e+04	1.439139e-04
	32	45	-19.000000	62.250000	9.800014e+04	3.620125e-04
	36	53	-18.000000	60.250000	9.800014e+04	1.951836e-05
	37	53	-17.750000	60.250000	9.800014e+04	1.345365e-05
	55	54	-13.250000	60.000000	9.848953e+04	1.370688e-04
	61	89	-11.750000	51.250000	9.794875e+04	3.977460e-04
2022	2	18	6	6
	6	7	-25.500000	71.750000	1.003755e+05	-2.199397e-05
	216	37	27.000000	64.250000	9.624841e+04	1.513389e-04
	30	45	-19.500000	62.250000	9.793538e+04	3.279872e-04
	58	53	-12.500000	60.250000	9.850884e+04	1.341195e-04
	76	83	-8.000000	52.750000	9.752336e+04	3.243230e-04
	138	117	7.500000	44.250000	1.014011e+05	7.170765e-05
2022	2	18	6	9
	6	7	-25.500000	71.750000	1.004208e+05	-2.525402e-05
	217	35	27.250000	64.750000	9.641124e+04	1.209283e-04
	27	46	-20.250000	62.000000	9.796000e+04	3.591782e-04
	58	53	-12.500000	60.250000	9.839177e+04	1.259922e-04
	87	79	-5.250000	53.750000	9.703853e+04	4.450986e-04
	256	162	37.000000	33.000000	1.010075e+05	-1.463137e-05
2022	2	18	4	12
	6	7	-25.500000	71.750000	1.004949e+05	-2.547322e-05
	218	33	27.500000	65.250000	9.659155e+04	1.068108e-04
	26	46	-20.500000	62.000000	9.807402e+04	3.550877e-04
	102	74	-1.500000	55.000000	9.683709e+04	2.978122e-04
2022	2	18	5	15
	6	7	-25.500000	71.750000	1.004530e+05	-1.790251e-05
	222	32	28.500000	65.500000	9.676395e+04	9.442437e-05
	26	46	-20.500000	62.000000	9.813073e+04	3.326242e-04
	113	69	1.250000	56.250000	9.645305e+04	3.969955e-04
	103	130	-1.250000	41.000000	1.012295e+05	4.251403e-06
2022	2	18	5	18
	2	6	-26.500000	72.000000	1.004313e+05	2.825750e-05
	225	30	29.250000	66.000000	9.685594e+04	4.154460e-05
	25	46	-20.750000	62.000000	9.812268e+04	3.139689e-04
	123	67	3.750000	56.750000	9.638920e+04	2.911813e-04
	109	128	0.250000	41.500000	1.011446e+05	3.776851e-05
2022	2	18	6	21
	2	6	-26.500000	72.000000	1.004340e+05	3.974476e-05
	229	29	30.250000	66.250000	9.690230e+04	2.133406e-05
	22	44	-21.500000	62.500000	9.804788e+04	2.892960e-04
	0	60	-27.000000	58.500000	9.808087e+04	1.457816e-04
	139	68	7.750000	56.500000	9.643130e+04	1.958550e-04
	235	150	31.750000	36.000000	1.007913e+05	1.245765e-04
2022	2	19	9	0
	6	7	-25.500000	71.750000	1.004000e+05	-9.771801e-06
	231	27	30.750000	66.750000	9.699688e+04	5.639688e-05
	17	43	-22.750000	62.750000	9.788748e+04	3.284144e-04
	0	56	-27.000000	59.500000	9.772952e+04	1.501786e-04
	151	68	10.750000	56.500000	9.658076e+04	2.139632e-04
	138	111	7.500000	45.750000	1.011123e+05	-2.107589e-05
	282	121	43.500000	43.250000	1.009979e+05	2.700035e-05
	238	151	32.500000	35.750000	1.005059e+05	1.878897e-04
	262	162	38.500000	33.000000	1.007823e+05	-1.184304e-05
2022	2	19	5	3
	236	19	32.000000	68.750000	9.700995e+04	1.496396e-04
	12	41	-24.000000	63.250000	9.783169e+04	2.915386e-04
	17	56	-22.750000	59.500000	9.762796e+04	2.850258e-04
	173	65	16.250000	57.250000	9.673446e+04	1.582610e-04
	237	153	32.250000	35.250000	1.004606e+05	2.147328e-04
2022	2	19	9	6
	6	7	-25.500000	71.750000	1.001926e+05	-4.360466e-06
	233	19	31.250000	68.750000	9.702500e+04	1.300025e-04
	4	39	-26.000000	63.750000	9.784917e+04	2.604286e-04
	3	51	-26.250000	60.750000	9.752276e+04	1.029261e-04
	19	54	-22.250000	60.000000	9.752276e+04	3.142842e-04
	42	60	-16.500000	58.500000	9.762751e+04	2.692530e-04
	184	64	19.000000	57.500000	9.677536e+04	1.540982e-04
	137	117	7.250000	44.250000	1.012278e+05	1.444751e-04
	237	156	32.250000	34.500000	1.005548e+05	2.248245e-04
2022	2	19	8	9
	6	7	-25.500000	71.750000	1.002001e+05	-2.629572e-05
	232	19	31.000000	68.750000	9.712427e+04	1.109019e-04
	21	52	-21.750000	60.500000	9.763860e+04	2.905856e-04
	49	59	-14.750000	58.750000	9.795255e+04	2.720114e-04
	192	63	21.000000	57.750000	9.697255e+04	1.365626e-04
	137	118	7.250000	44.000000	1.014008e+05	1.184138e-04
	237	160	32.250000	33.500000	1.006808e+05	1.833334e-04
	284	162	44.000000	33.000000	1.007687e+05	9.853388e-05
2022	2	19	11	12
	249	16	35.250000	69.500000	9.728969e+04	8.934768e-05
	21	50	-21.750000	61.000000	9.785343e+04	2.516987e-04
	22	50	-21.500000	61.000000	9.785343e+04	2.573554e-04
	56	59	-13.000000	58.750000	9.818441e+04	2.861746e-04
	204	63	24.000000	57.750000	9.722781e+04	1.660830e-04
	205	63	24.250000	57.750000	9.722781e+04	1.778662e-04
	135	119	6.750000	43.750000	1.014259e+05	1.101977e-04
	95	145	-3.250000	37.250000	1.017929e+05	5.901036e-05
	238	162	32.500000	33.000000	1.007836e+05	1.070930e-04
	267	162	39.750000	33.000000	1.005500e+05	4.554104e-05
	284	162	44.000000	33.000000	1.005242e+05	1.104865e-04
2022	2	19	9	15
	250	16	35.500000	69.500000	9.739824e+04	7.292374e-05
	37	36	-17.750000	64.500000	9.789052e+04	-6.901440e-05
	22	48	-21.500000	61.500000	9.775962e+04	2.616504e-04
	66	60	-10.500000	58.500000	9.847114e+04	2.276534e-04
	218	62	27.500000	58.000000	9.742576e+04	1.591107e-04
	135	119	6.750000	43.750000	1.014016e+05	1.045777e-04
	95	144	-3.250000	37.500000	1.017832e+05	4.247491e-05
	266	162	39.500000	33.000000	1.006215e+05	8.358544e-05
	283	162	43.750000	33.000000	1.005482e+05	1.199130e-04
2022	2	19	7	18
	266	8	39.500000	71.500000	9.749038e+04	9.451986e-05
	252	16	36.000000	69.500000	9.749038e+04	8.582963e-05
	10	43	-24.500000	62.750000	9.752488e+04	1.897631e-04
	231	59	30.750000	58.750000	9.755620e+04	1.012409e-04
	75	60	-8.250000	58.500000	9.869752e+04	2.098861e-04
	275	152	41.750000	35.500000	1.006978e+05	3.001068e-05
	282	161	43.500000	33.250000	1.006978e+05	1.520240e-04
2022	2	19	10	21
	266	8	39.500000	71.500000	9.747836e+04	7.974797e-05
	257	16	37.250000	69.500000	9.747836e+04	6.141191e-05
	13	41	-23.750000	63.250000	9.722416e+04	2.471792e-04
	242	56	33.500000	59.500000	9.763237e+04	5.190706e-05
	3	58	-26.250000	59.000000	9.697118e+04	1.912822e-04
	76	59	-8.000000	58.750000	9.878266e+04	1.808020e-04
	148	140	10.000000	38.500000	1.016617e+05	1.143190e-04
	274	150	41.500000	36.000000	1.006943e+05	2.556578e-05
	285	152	44.250000	35.500000	1.006943e+05	-1.836621e-05
	281	160	43.250000	33.500000	1.006943e+05	1.514226e-04
2022	2	20	10	0
	266	8	39.500000	71.500000	9.755574e+04	1.085969e-04
	262	16	38.500000	69.500000	9.755574e+04	3.809180e-05
	263	16	38.750000	69.500000	9.755574e+04	3.677400e-05
	6	39	-25.500000	63.750000	9.699003e+04	3.066204e-04
	16	54	-23.000000	60.000000	9.667030e+04	2.746843e-04
	251	55	35.750000	59.750000	9.764605e+04	2.826478e-05
	151	140	10.750000	38.500000	1.016351e+05	1.234541e-04
	282	148	43.500000	36.500000	1.006606e+05	-4.921149e-05
	269	150	40.250000	36.000000	1.008047e+05	3.454864e-05
	281	160	43.250000	33.500000	1.006571e+05	1.709876e-04
