2022	2	14	7	0
	5	6	-25.750000	72.000000	9.977992e+04	-3.664664e-05
	222	10	28.500000	71.000000	9.840805e+04	1.449031e-04
	193	12	21.250000	70.500000	9.840805e+04	1.409827e-04
	1	17	-26.750000	69.250000	9.977992e+04	9.272975e-06
	217	25	27.250000	67.250000	9.853465e+04	1.395499e-04
	115	62	1.750000	58.000000	9.850993e+04	9.955963e-05
	102	71	-1.500000	55.750000	9.850993e+04	1.656359e-04
2022	2	14	5	3
	58	5	-12.500000	72.250000	1.001388e+05	1.027464e-04
	217	8	27.250000	71.500000	9.814083e+04	1.511896e-04
	226	22	29.500000	68.000000	9.829431e+04	1.019078e-04
	119	60	2.750000	58.500000	9.851778e+04	1.108239e-04
	108	70	0.000000	56.000000	9.851778e+04	1.174176e-04
2022	2	14	4	6
	63	4	-11.250000	72.500000	1.000937e+05	9.965709e-05
	64	4	-11.000000	72.500000	1.000937e+05	1.120583e-04
	219	8	27.750000	71.500000	9.800671e+04	2.080552e-04
	114	69	1.500000	56.250000	9.856355e+04	6.758520e-05
2022	2	14	5	9
	70	2	-9.500000	73.000000	1.001519e+05	1.114126e-04
	7	6	-25.250000	72.000000	1.000316e+05	-2.419435e-06
	216	10	27.000000	71.000000	9.806350e+04	3.242329e-04
	0	52	-27.000000	60.500000	9.798333e+04	1.179391e-04
	120	68	3.000000	56.500000	9.862952e+04	5.845396e-05
2022	2	14	7	12
	76	0	-8.000000	73.500000	1.001422e+05	7.249315e-05
	7	6	-25.250000	72.000000	1.000368e+05	2.722610e-05
	237	6	32.250000	72.000000	9.808070e+04	1.444585e-04
	238	6	32.500000	72.000000	9.808070e+04	1.389215e-04
	237	7	32.250000	71.750000	9.808070e+04	1.327899e-04
	0	48	-27.000000	61.500000	9.753990e+04	1.590414e-04
	130	65	5.500000	57.250000	9.858826e+04	1.542204e-04
2022	2	14	3	15
	240	6	33.000000	72.000000	9.810826e+04	1.315292e-04
	1	44	-26.750000	62.500000	9.701781e+04	1.755669e-04
	135	62	6.750000	58.000000	9.852179e+04	1.789414e-04
2022	2	14	4	18
	288	11	45.000000	70.750000	9.903570e+04	9.584615e-05
	254	12	36.500000	70.500000	9.820279e+04	1.317149e-04
	0	40	-27.000000	63.500000	9.683526e+04	1.366556e-04
	141	61	8.250000	58.250000	9.868246e+04	2.233662e-04
2022	2	14	4	21
	259	12	37.750000	70.500000	9.818224e+04	1.427137e-04
	27	39	-20.250000	63.750000	9.712838e+04	4.101315e-05
	145	58	9.250000	59.000000	9.871603e+04	2.842528e-04
	141	120	8.250000	43.500000	1.011022e+05	1.449873e-04
2022	2	15	8	0
	6	7	-25.500000	71.750000	9.963328e+04	4.626975e-05
	264	11	39.000000	70.750000	9.821314e+04	1.743551e-04
	0	37	-27.000000	64.250000	9.711719e+04	9.393571e-05
	31	42	-19.250000	63.000000	9.733163e+04	1.788403e-04
	126	53	4.500000	60.250000	9.867611e+04	9.490997e-05
	149	54	10.250000	60.000000	9.867611e+04	3.508125e-04
	141	61	8.250000	58.250000	9.867611e+04	1.823998e-04
	145	118	9.250000	44.000000	1.010800e+05	1.312205e-04
2022	2	15	6	3
	245	7	34.250000	71.750000	9.827878e+04	1.301017e-04
	269	10	40.250000	71.000000	9.827878e+04	1.808336e-04
	24	35	-21.000000	64.750000	9.722307e+04	1.382882e-04
	151	52	10.750000	60.500000	9.860129e+04	3.789268e-04
	126	53	4.500000	60.250000	9.860830e+04	5.586117e-05
	146	118	9.500000	44.000000	1.010025e+05	9.866017e-05
2022	2	15	7	6
	273	10	41.250000	71.000000	9.835444e+04	1.622165e-04
	248	11	35.000000	70.750000	9.835444e+04	1.721922e-04
	25	34	-20.750000	65.000000	9.731092e+04	1.533693e-04
	152	50	11.000000	61.000000	9.860296e+04	3.386674e-04
	126	53	4.500000	60.250000	9.866476e+04	6.263570e-05
	0	86	-27.000000	52.000000	9.902985e+04	1.373490e-04
	157	114	12.250000	45.000000	1.010808e+05	1.003284e-04
2022	2	15	7	9
	278	9	42.500000	71.250000	9.848120e+04	1.833858e-04
	2	10	-26.500000	71.000000	9.870284e+04	5.722077e-07
	0	40	-27.000000	63.500000	9.727702e+04	3.638351e-05
	125	48	4.250000	61.500000	9.879737e+04	1.076945e-04
	155	49	11.750000	61.250000	9.867561e+04	3.114298e-04
	1	83	-26.750000	52.750000	9.860463e+04	1.384721e-04
	159	113	12.750000	45.250000	1.011383e+05	1.005336e-04
2022	2	15	6	12
	278	8	42.500000	71.500000	9.858592e+04	1.833514e-04
	158	47	12.500000	61.750000	9.866191e+04	2.377206e-04
	124	48	4.000000	61.500000	9.875795e+04	1.374961e-04
	11	80	-24.250000	53.500000	9.842375e+04	2.302140e-04
	155	158	11.750000	34.000000	1.016652e+05	1.066684e-04
	156	158	12.000000	34.000000	1.016652e+05	1.054689e-04
2022	2	15	4	15
	280	8	43.000000	71.500000	9.867210e+04	2.378949e-04
	73	46	-8.750000	62.000000	9.834626e+04	2.115902e-04
	25	77	-20.750000	54.250000	9.822651e+04	2.221137e-04
	163	162	13.750000	33.000000	1.015475e+05	4.009904e-05
2022	2	15	5	18
	283	9	43.750000	71.250000	9.879770e+04	2.076715e-04
	140	40	8.000000	63.500000	9.861933e+04	1.095747e-04
	71	44	-9.250000	62.500000	9.835360e+04	1.987204e-04
	43	75	-16.250000	54.750000	9.825723e+04	2.008900e-04
	163	162	13.750000	33.000000	1.015892e+05	4.968669e-05
2022	2	15	5	21
	288	9	45.000000	71.250000	9.893198e+04	8.490003e-05
	138	37	7.500000	64.250000	9.857240e+04	1.619938e-04
	68	42	-10.000000	63.000000	9.834475e+04	1.933664e-04
	54	74	-13.500000	55.000000	9.823118e+04	2.162833e-04
	166	160	14.500000	33.500000	1.017026e+05	1.019602e-05
2022	2	16	4	0
	133	37	6.250000	64.250000	9.850927e+04	1.611621e-04
	63	40	-11.250000	63.500000	9.827310e+04	1.956121e-04
	130	61	5.500000	58.250000	9.856788e+04	1.599087e-04
	65	73	-10.750000	55.250000	9.831385e+04	1.958484e-04
2022	2	16	4	3
	284	4	44.000000	72.500000	9.908162e+04	1.838725e-04
	131	37	5.750000	64.250000	9.843511e+04	1.872695e-04
	60	38	-12.000000	64.000000	9.814350e+04	2.346917e-04
	72	73	-9.000000	55.250000	9.851595e+04	1.779601e-04
2022	2	16	6	6
	280	6	43.000000	72.000000	9.910217e+04	1.729672e-04
	56	38	-13.000000	64.000000	9.804245e+04	2.520872e-04
	127	38	4.750000	64.000000	9.834659e+04	1.718985e-04
	9	65	-24.750000	57.250000	9.658106e+04	2.936979e-04
	138	117	7.500000	44.250000	1.012821e+05	1.044886e-04
	279	121	42.750000	43.250000	1.021801e+05	6.912502e-06
2022	2	16	5	9
	282	6	43.500000	72.000000	9.915060e+04	1.765700e-04
	127	37	4.750000	64.250000	9.831068e+04	1.824321e-04
	53	38	-13.750000	64.000000	9.784253e+04	2.334611e-04
	16	61	-23.000000	58.250000	9.622548e+04	3.726349e-04
	137	117	7.250000	44.250000	1.011219e+05	1.284039e-04
2022	2	16	4	12
	283	6	43.750000	72.000000	9.915194e+04	1.888587e-04
	127	37	4.750000	64.250000	9.825707e+04	1.696587e-04
	28	56	-20.000000	59.500000	9.599868e+04	2.403739e-04
	138	118	7.500000	44.000000	1.011480e+05	1.376586e-04
2022	2	16	5	15
	283	5	43.750000	72.250000	9.910334e+04	1.930833e-04
	127	36	4.750000	64.500000	9.812980e+04	1.727034e-04
	28	57	-20.000000	59.250000	9.600402e+04	4.011852e-04
	58	57	-12.500000	59.250000	9.606866e+04	1.898312e-04
	137	118	7.250000	44.000000	1.010992e+05	1.281544e-04
2022	2	16	5	18
	278	3	42.500000	72.750000	9.902985e+04	1.964737e-04
	52	59	-14.000000	58.750000	9.611291e+04	2.936816e-04
	149	108	10.250000	46.500000	1.002694e+05	-4.799182e-05
	136	115	7.000000	44.750000	1.010051e+05	2.979744e-05
	278	151	42.500000	35.750000	1.015553e+05	8.840349e-06
2022	2	16	7	21
	270	4	40.500000	72.500000	9.897925e+04	2.134716e-04
	0	35	-27.000000	64.750000	9.803911e+04	4.478124e-05
	55	54	-13.250000	60.000000	9.613897e+04	1.832026e-04
	150	109	10.500000	46.250000	1.005071e+05	2.430133e-05
	138	117	7.500000	44.250000	1.008794e+05	4.246378e-05
	280	121	43.000000	43.250000	1.017906e+05	-2.056579e-05
	190	145	20.500000	37.250000	1.012124e+05	1.376035e-04
2022	2	17	7	0
	268	5	40.000000	72.250000	9.892413e+04	2.209497e-04
	269	5	40.250000	72.250000	9.892413e+04	2.085217e-04
	0	33	-27.000000	65.250000	9.835728e+04	6.931979e-05
	53	55	-13.750000	59.750000	9.619108e+04	3.006601e-04
	74	57	-8.500000	59.250000	9.619108e+04	3.144146e-04
	280	121	43.000000	43.250000	1.016988e+05	-2.379154e-05
	192	144	21.000000	37.500000	1.011144e+05	1.203135e-04
2022	2	17	4	3
	271	6	40.750000	72.000000	9.885048e+04	2.023774e-04
	82	57	-6.500000	59.250000	9.634223e+04	3.085398e-04
	280	121	43.000000	43.250000	1.016044e+05	-2.508008e-05
	188	142	20.000000	38.000000	1.009382e+05	1.290668e-04
2022	2	17	5	6
	276	6	42.000000	72.000000	9.880238e+04	2.006015e-04
	94	57	-3.500000	59.250000	9.654482e+04	2.325033e-04
	146	63	9.500000	57.750000	9.688453e+04	2.261433e-04
	281	121	43.250000	43.250000	1.015673e+05	-8.924987e-06
	189	144	20.250000	37.500000	1.010170e+05	1.242605e-04
2022	2	17	7	9
	278	5	42.500000	72.250000	9.881306e+04	2.152859e-04
	105	58	-0.750000	59.000000	9.682691e+04	2.457491e-04
	153	62	11.250000	58.000000	9.692478e+04	2.353758e-04
	178	70	17.500000	56.000000	9.710984e+04	2.890028e-04
	0	109	-27.000000	46.250000	9.932647e+04	2.153875e-04
	281	121	43.250000	43.250000	1.013935e+05	7.795823e-06
	196	143	22.000000	37.750000	1.011241e+05	2.776447e-05
2022	2	17	6	12
	278	4	42.500000	72.500000	9.882626e+04	1.895753e-04
	126	56	4.500000	59.500000	9.703468e+04	1.396807e-04
	160	62	13.000000	58.000000	9.704637e+04	2.546198e-04
	186	68	19.500000	56.500000	9.677230e+04	2.989950e-04
	5	106	-25.750000	47.000000	9.912939e+04	4.527360e-04
	197	145	22.250000	37.250000	1.009692e+05	1.230482e-05
2022	2	17	6	15
	278	3	42.500000	72.750000	9.882025e+04	1.912797e-04
	128	60	5.000000	58.500000	9.737505e+04	1.585080e-04
	167	63	14.750000	57.750000	9.693698e+04	1.996408e-04
	191	67	20.750000	56.750000	9.669162e+04	3.281417e-04
	12	102	-24.000000	48.000000	9.889991e+04	5.024900e-04
	281	121	43.250000	43.250000	1.012448e+05	-1.100887e-05
2022	2	17	3	18
	278	2	42.500000	73.000000	9.880288e+04	1.652345e-04
	196	66	22.000000	57.000000	9.675977e+04	2.548593e-04
	18	100	-22.500000	48.500000	9.876280e+04	5.007529e-04
2022	2	17	5	21
	280	1	43.000000	73.250000	9.881774e+04	1.575811e-04
	140	39	8.000000	63.750000	9.819460e+04	1.015192e-04
	202	66	23.500000	57.000000	9.682290e+04	2.661014e-04
	34	93	-18.500000	50.250000	9.874977e+04	2.111439e-04
	26	100	-20.500000	48.500000	9.874977e+04	5.073757e-04
2022	2	18	5	0
	281	0	43.250000	73.500000	9.882125e+04	1.250820e-04
	142	39	8.500000	63.750000	9.851461e+04	7.456532e-05
	30	56	-19.500000	59.500000	9.945374e+04	1.499028e-04
	206	66	24.500000	57.000000	9.703534e+04	2.714326e-04
	37	97	-17.750000	49.250000	9.886434e+04	4.700577e-04
2022	2	18	4	3
	144	38	9.000000	64.000000	9.869916e+04	6.856614e-05
	33	55	-18.750000	59.750000	9.919804e+04	1.429703e-04
	212	67	26.000000	56.750000	9.725530e+04	2.147264e-04
	51	88	-14.250000	51.500000	9.862417e+04	3.544821e-04
2022	2	18	7	6
	140	37	8.000000	64.250000	9.878802e+04	4.231632e-05
	34	44	-18.500000	62.500000	9.894902e+04	8.423936e-05
	35	54	-18.250000	60.000000	9.894902e+04	1.340695e-04
	223	60	28.750000	58.500000	9.753990e+04	7.671474e-05
	218	68	27.500000	56.500000	9.753990e+04	1.615385e-04
	61	83	-11.750000	52.750000	9.828964e+04	3.693528e-04
	73	88	-8.750000	51.500000	9.828964e+04	-2.669946e-05
2022	2	18	6	9
	134	33	6.500000	65.250000	9.885849e+04	6.611810e-05
	32	44	-19.000000	62.500000	9.887002e+04	1.047174e-04
	49	54	-14.750000	60.000000	9.885215e+04	1.069304e-04
	229	57	30.250000	59.250000	9.775836e+04	1.040830e-04
	224	68	29.000000	56.500000	9.775836e+04	1.079448e-04
	70	80	-9.500000	53.500000	9.802742e+04	4.673211e-04
2022	2	18	3	12
	50	54	-14.500000	60.000000	9.871369e+04	1.055804e-04
	236	54	32.000000	60.000000	9.788245e+04	9.856206e-05
	82	79	-6.500000	53.750000	9.765297e+04	4.755387e-04
2022	2	18	4	15
	27	44	-20.250000	62.500000	9.870668e+04	1.766342e-04
	239	52	32.750000	60.500000	9.804312e+04	7.726935e-05
	53	55	-13.750000	59.750000	9.860279e+04	1.787981e-04
	94	74	-3.500000	55.000000	9.730992e+04	4.724762e-04
2022	2	18	3	18
	24	44	-21.000000	62.500000	9.868012e+04	1.694125e-04
	243	49	33.750000	61.250000	9.808721e+04	9.251713e-05
	116	69	2.000000	56.250000	9.704904e+04	2.421523e-04
2022	2	18	4	21
	7	6	-25.250000	72.000000	1.003722e+05	-1.213267e-05
	21	43	-21.750000	62.750000	9.873306e+04	2.023438e-04
	248	47	35.000000	61.750000	9.809823e+04	9.451378e-05
	129	64	5.250000	57.500000	9.652345e+04	3.248040e-04
2022	2	19	5	0
	6	7	-25.500000	71.750000	1.002826e+05	1.377847e-05
	19	43	-22.250000	62.750000	9.881657e+04	1.386743e-04
	250	46	35.500000	62.000000	9.810391e+04	9.983336e-05
	136	64	7.000000	57.500000	9.635943e+04	3.428957e-04
	282	121	43.500000	43.250000	1.009651e+05	4.068020e-05
2022	2	19	4	3
	6	7	-25.500000	71.750000	1.001868e+05	2.358926e-05
	259	38	37.750000	64.000000	9.804930e+04	6.079949e-05
	147	63	9.750000	57.750000	9.647952e+04	3.807567e-04
	138	111	7.500000	45.750000	1.011506e+05	-4.183027e-06
2022	2	19	5	6
	6	7	-25.500000	71.750000	1.000719e+05	2.863403e-05
	263	35	38.750000	64.750000	9.794892e+04	7.169796e-05
	15	41	-23.250000	63.250000	9.889273e+04	9.230149e-05
	160	64	13.000000	57.500000	9.670582e+04	2.714604e-04
	137	117	7.250000	44.250000	1.013051e+05	1.319962e-04
2022	2	19	8	9
	6	7	-25.500000	71.750000	1.000403e+05	3.713622e-05
	145	30	9.250000	66.000000	9.840087e+04	1.692793e-04
	270	32	40.500000	65.500000	9.792170e+04	7.368604e-05
	0	48	-27.000000	61.500000	9.848521e+04	1.022110e-05
	0	61	-27.000000	58.250000	9.843895e+04	7.163489e-05
	178	62	17.500000	58.000000	9.680169e+04	2.635611e-04
	137	117	7.250000	44.250000	1.014441e+05	1.293134e-04
	271	135	40.750000	39.750000	1.016649e+05	-1.037267e-05
2022	2	19	7	12
	6	14	-25.500000	70.000000	9.970894e+04	-1.177634e-05
	279	28	42.750000	66.500000	9.789013e+04	1.030205e-04
	147	30	9.750000	66.000000	9.853799e+04	1.630687e-04
	0	57	-27.000000	59.250000	9.759870e+04	1.039511e-04
	186	62	19.500000	58.000000	9.693012e+04	2.114108e-04
	137	117	7.250000	44.250000	1.014862e+05	1.083818e-04
	269	162	40.250000	33.000000	1.010685e+05	-1.832170e-05
2022	2	19	7	15
	6	7	-25.500000	71.750000	9.990719e+04	9.181885e-06
	165	16	14.250000	69.500000	9.869899e+04	9.912288e-05
	282	26	43.500000	67.000000	9.794358e+04	1.201973e-04
	0	53	-27.000000	60.250000	9.664954e+04	1.287815e-04
	195	61	21.750000	58.250000	9.712821e+04	2.125122e-04
	155	108	11.750000	46.500000	1.013591e+05	6.461480e-06
	135	119	6.750000	43.750000	1.014340e+05	1.107469e-04
2022	2	19	6	18
	165	17	14.250000	69.250000	9.877398e+04	1.138169e-04
	282	26	43.500000	67.000000	9.799001e+04	1.106498e-04
	0	48	-27.000000	61.500000	9.603309e+04	9.549139e-05
	204	62	24.000000	58.000000	9.743819e+04	1.821373e-04
	152	108	11.000000	46.500000	1.016340e+05	1.891463e-06
	138	121	7.500000	43.250000	1.015914e+05	1.245845e-04
2022	2	19	6	21
	187	1	19.750000	73.250000	9.876948e+04	1.045936e-04
	6	7	-25.500000	71.750000	9.977892e+04	1.725749e-05
	284	26	44.000000	67.000000	9.809523e+04	1.058640e-04
	0	55	-27.000000	59.750000	9.536970e+04	7.890679e-05
	216	62	27.000000	58.000000	9.770023e+04	2.010901e-04
	141	121	8.250000	43.250000	1.016709e+05	1.019556e-04
2022	2	20	4	0
	188	2	20.000000	73.000000	9.878250e+04	1.447629e-04
	190	11	20.500000	70.750000	9.878250e+04	1.587488e-05
	0	52	-27.000000	60.500000	9.472050e+04	1.142118e-04
	226	62	29.500000	58.000000	9.790366e+04	1.346558e-04
