2022	2	10	11	0
	164	8	14.000000	71.500000	9.666623e+04	-1.017385e-05
	165	8	14.250000	71.500000	9.668015e+04	-1.804156e-05
	166	8	14.500000	71.500000	9.669426e+04	-1.693935e-05
	148	22	10.000000	68.000000	9.643964e+04	5.083855e-04
	61	56	-11.750000	59.500000	9.855835e+04	4.981777e-04
	152	106	11.000000	47.000000	1.022322e+05	-4.387096e-05
	139	110	7.750000	46.000000	1.022322e+05	-7.558391e-05
	39	147	-17.250000	36.750000	1.020688e+05	6.879350e-05
	248	157	35.000000	34.250000	1.007988e+05	1.305073e-04
	40	161	-17.000000	33.250000	1.020735e+05	-5.350685e-05
	277	162	42.250000	33.000000	1.008762e+05	8.575206e-05
2022	2	10	8	6
	172	4	16.000000	72.500000	9.715352e+04	1.560997e-04
	9	6	-24.750000	72.000000	1.002580e+05	-2.371396e-05
	167	22	14.750000	68.000000	9.673445e+04	3.729737e-04
	4	25	-26.000000	67.250000	1.002366e+05	1.225338e-04
	78	58	-7.500000	59.000000	9.900781e+04	4.856571e-04
	158	106	12.500000	47.000000	1.021664e+05	-3.792683e-05
	250	152	35.500000	35.500000	1.010954e+05	8.442355e-05
	281	162	43.250000	33.000000	1.011232e+05	1.143920e-04
2022	2	10	9	12
	209	0	25.250000	73.500000	9.745303e+04	-7.713896e-06
	174	5	16.500000	72.250000	9.745303e+04	1.456954e-04
	7	6	-25.250000	72.000000	1.002639e+05	-1.066760e-05
	16	22	-23.000000	68.000000	1.001670e+05	1.201237e-04
	191	26	20.750000	67.000000	9.752752e+04	1.774457e-04
	94	63	-3.500000	57.750000	9.980147e+04	3.629971e-04
	137	117	7.250000	44.250000	1.022364e+05	1.211437e-04
	284	139	44.000000	38.750000	1.009362e+05	2.683211e-05
	269	158	40.250000	34.000000	1.009860e+05	4.635998e-05
2022	2	10	8	18
	217	0	27.250000	73.500000	9.775058e+04	5.505954e-05
	8	6	-25.000000	72.000000	1.001276e+05	-4.562647e-05
	184	9	19.000000	71.250000	9.775705e+04	2.112958e-04
	9	14	-24.750000	70.000000	9.986694e+04	1.521752e-05
	37	17	-17.750000	69.250000	9.986694e+04	9.196051e-05
	110	68	0.500000	56.500000	1.003511e+05	3.638238e-04
	275	152	41.750000	35.500000	1.013702e+05	4.288262e-05
	87	156	-5.250000	34.500000	1.021481e+05	-1.715230e-05
2022	2	11	8	0
	221	0	28.250000	73.500000	9.804146e+04	3.467173e-05
	204	7	24.000000	71.750000	9.804146e+04	1.275133e-04
	205	7	24.250000	71.750000	9.804146e+04	1.106364e-04
	47	15	-15.250000	69.750000	9.955175e+04	1.944315e-04
	0	71	-27.000000	55.750000	9.969759e+04	1.652527e-04
	123	73	3.750000	55.250000	1.008895e+05	3.247870e-04
	137	117	7.250000	44.250000	1.021738e+05	1.019534e-04
	85	154	-5.750000	35.000000	1.023595e+05	8.346509e-05
2022	2	11	3	6
	229	0	30.250000	73.500000	9.831765e+04	8.600800e-06
	63	16	-11.250000	69.500000	9.947844e+04	1.754730e-04
	134	79	6.500000	53.750000	1.014470e+05	2.595717e-04
2022	2	11	9	12
	238	0	32.500000	73.500000	9.863872e+04	1.808915e-05
	234	9	31.500000	71.250000	9.863872e+04	-7.235555e-06
	106	17	-0.500000	69.250000	9.945217e+04	1.053767e-04
	124	24	4.000000	67.500000	9.945217e+04	2.117949e-04
	16	58	-23.000000	59.000000	9.896116e+04	1.287201e-04
	17	58	-22.750000	59.000000	9.896116e+04	1.382236e-04
	0	59	-27.000000	58.750000	9.894332e+04	8.241604e-05
	2	70	-26.500000	56.000000	9.892529e+04	1.623615e-04
	135	119	6.750000	43.750000	1.020207e+05	1.168014e-04
2022	2	11	6	18
	253	0	36.250000	73.500000	9.879651e+04	2.563193e-05
	240	11	33.000000	70.750000	9.879651e+04	1.186723e-04
	113	19	1.250000	68.750000	9.884159e+04	1.113752e-04
	137	22	7.250000	68.000000	9.884159e+04	2.195024e-04
	13	56	-23.750000	59.500000	9.880455e+04	1.498625e-04
	19	66	-22.250000	57.000000	9.880455e+04	1.649607e-04
2022	2	12	6	0
	242	15	33.500000	69.750000	9.885453e+04	1.493765e-04
	144	26	9.000000	67.000000	9.872947e+04	3.496534e-04
	35	53	-18.250000	60.250000	9.866498e+04	1.984684e-04
	12	59	-24.000000	58.750000	9.866498e+04	1.706224e-04
	34	62	-18.500000	58.000000	9.866498e+04	1.745261e-04
	35	62	-18.250000	58.000000	9.866498e+04	1.732817e-04
2022	2	12	5	6
	163	30	13.750000	66.000000	9.949844e+04	2.915210e-04
	164	30	14.000000	66.000000	9.949844e+04	2.854152e-04
	29	57	-19.750000	59.250000	9.847563e+04	2.186580e-04
	47	60	-15.250000	58.500000	9.847563e+04	1.897686e-04
	48	60	-15.000000	58.500000	9.847563e+04	1.903613e-04
2022	2	12	1	12
	57	58	-12.750000	59.000000	9.847034e+04	1.359936e-04
2022	2	12	1	18
	67	57	-10.250000	59.250000	9.838331e+04	1.903575e-04
2022	2	13	4	0
	193	0	21.250000	73.500000	9.884826e+04	9.450160e-05
	89	52	-4.750000	60.500000	9.839331e+04	8.738983e-05
	75	58	-8.250000	59.000000	9.839331e+04	1.885601e-04
	41	102	-16.750000	48.000000	1.000283e+05	1.454032e-04
2022	2	13	4	6
	214	0	26.500000	73.500000	9.877554e+04	3.880308e-05
	40	36	-17.000000	64.500000	1.001029e+05	9.798801e-06
	105	48	-0.750000	61.500000	9.836116e+04	1.907237e-04
	61	100	-11.750000	48.500000	9.933300e+04	1.694196e-04
2022	2	13	7	12
	230	0	30.500000	73.500000	9.907466e+04	9.294127e-05
	288	0	45.000000	73.500000	9.995005e+04	-1.448023e-06
	9	6	-24.750000	72.000000	9.964329e+04	-7.739862e-05
	186	7	19.500000	71.750000	9.919206e+04	1.461545e-05
	9	14	-24.750000	70.000000	9.964329e+04	6.871599e-05
	106	49	-0.500000	61.250000	9.842349e+04	2.094984e-04
	76	97	-8.000000	49.250000	9.893980e+04	2.267463e-04
2022	2	13	3	18
	211	32	25.750000	65.500000	9.903702e+04	1.466221e-04
	103	53	-1.250000	60.250000	9.849955e+04	2.159462e-04
	90	95	-4.500000	49.750000	9.855796e+04	2.530632e-04
2022	2	14	5	0
	193	1	21.250000	73.250000	9.961114e+04	9.957986e-05
	192	9	21.000000	71.250000	9.961114e+04	4.589414e-05
	223	29	28.750000	66.250000	9.913463e+04	1.241443e-04
	105	58	-0.750000	59.000000	9.874417e+04	1.859478e-04
	108	91	0.000000	50.750000	9.862127e+04	2.416642e-04
2022	2	14	7	6
	203	2	23.750000	73.000000	9.969366e+04	1.311072e-04
	240	27	33.000000	66.750000	9.920912e+04	9.716743e-05
	120	84	3.000000	52.500000	9.873653e+04	2.002243e-04
	278	120	42.500000	43.500000	1.015472e+05	6.183869e-05
	271	131	40.750000	40.750000	1.014995e+05	4.247508e-05
	264	137	39.000000	39.250000	1.014995e+05	-3.661079e-05
	282	142	43.500000	38.000000	1.014715e+05	-1.608519e-05
2022	2	14	4	12
	252	24	36.000000	67.500000	9.929517e+04	1.220482e-04
	0	44	-27.000000	62.500000	9.798325e+04	1.700287e-04
	141	72	8.250000	55.500000	9.902604e+04	1.501833e-04
	278	120	42.500000	43.500000	1.014484e+05	4.124589e-05
2022	2	14	5	18
	263	18	38.750000	69.000000	9.917834e+04	2.101490e-04
	0	36	-27.000000	64.500000	9.744127e+04	1.362055e-04
	154	67	11.500000	56.750000	9.918697e+04	1.066510e-04
	137	120	7.250000	43.500000	1.005001e+05	1.424967e-04
	278	120	42.500000	43.500000	1.017667e+05	-1.603886e-05
2022	2	15	10	0
	271	16	40.750000	69.500000	9.908622e+04	2.224513e-04
	0	31	-27.000000	65.750000	9.756437e+04	1.066179e-04
	22	34	-21.500000	65.000000	9.756437e+04	1.456457e-04
	23	34	-21.250000	65.000000	9.756437e+04	1.244911e-04
	126	51	4.500000	60.750000	9.978579e+04	1.645769e-04
	186	57	19.500000	59.250000	9.946609e+04	1.392925e-04
	187	57	19.750000	59.250000	9.947491e+04	1.387659e-04
	161	65	13.250000	57.250000	9.941552e+04	1.389064e-04
	146	118	9.500000	44.000000	1.006165e+05	1.437698e-04
	280	121	43.000000	43.250000	1.019774e+05	-2.842424e-05
2022	2	15	9	6
	6	7	-25.500000	71.750000	9.875829e+04	3.022908e-05
	274	18	41.500000	69.000000	9.910013e+04	2.453640e-04
	0	26	-27.000000	67.000000	9.742657e+04	1.116345e-04
	0	37	-27.000000	64.250000	9.742657e+04	3.585158e-06
	125	48	4.250000	61.500000	1.000194e+05	1.544890e-04
	181	63	18.250000	57.750000	9.970915e+04	1.191697e-04
	157	116	12.250000	44.500000	1.008141e+05	7.391212e-05
	280	121	43.000000	43.250000	1.021875e+05	-2.482738e-05
	163	123	13.750000	42.750000	1.008141e+05	1.195057e-05
2022	2	15	8	12
	6	7	-25.500000	71.750000	9.810615e+04	2.869042e-05
	288	18	45.000000	69.000000	9.926204e+04	7.641779e-05
	16	23	-23.000000	67.750000	9.729014e+04	2.125213e-04
	0	30	-27.000000	66.000000	9.733268e+04	8.375294e-06
	195	57	21.750000	59.250000	9.988242e+04	1.222020e-04
	149	110	10.250000	46.000000	1.011740e+05	4.991178e-06
	278	121	42.500000	43.250000	1.018102e+05	-8.923048e-06
	146	126	9.500000	42.000000	1.011342e+05	7.878947e-05
2022	2	15	4	18
	49	55	-14.750000	59.750000	9.731209e+04	2.151942e-04
	202	56	23.500000	59.500000	1.000171e+05	1.122066e-04
	278	120	42.500000	43.500000	1.020296e+05	-2.749189e-05
	156	127	12.000000	41.750000	1.014072e+05	6.521975e-05
2022	2	16	6	0
	55	43	-13.250000	62.750000	9.617796e+04	2.810907e-04
	81	47	-6.750000	61.750000	9.608427e+04	3.497367e-04
	214	54	26.500000	60.000000	1.001921e+05	1.283655e-04
	280	121	43.000000	43.250000	1.020550e+05	1.734222e-06
	172	123	16.000000	42.750000	1.017228e+05	5.813013e-05
	152	126	11.000000	42.000000	1.017510e+05	8.660964e-05
2022	2	16	7	6
	89	41	-4.750000	63.250000	9.519750e+04	4.139133e-04
	248	50	35.000000	61.000000	1.002168e+05	8.454297e-05
	229	52	30.250000	60.500000	1.002168e+05	9.506259e-05
	78	71	-7.500000	55.750000	9.826198e+04	2.410427e-04
	280	121	43.000000	43.250000	1.020703e+05	1.051820e-06
	107	124	-0.250000	42.500000	1.026609e+05	4.774220e-05
	151	132	10.750000	40.500000	1.019400e+05	8.691788e-05
2022	2	16	3	12
	93	36	-3.750000	64.500000	9.473393e+04	4.054092e-04
	251	49	35.750000	61.250000	1.002200e+05	9.477139e-05
	110	66	0.500000	57.000000	9.796012e+04	3.369198e-04
2022	2	16	4	18
	100	33	-2.000000	65.250000	9.461652e+04	4.284169e-04
	266	49	39.500000	61.250000	1.002617e+05	6.997053e-05
	142	60	8.500000	58.500000	9.764571e+04	1.861467e-04
	8	102	-25.000000	48.000000	9.979383e+04	2.668460e-04
2022	2	17	5	0
	108	32	0.000000	65.500000	9.486271e+04	4.197268e-04
	165	55	14.250000	59.750000	9.750517e+04	2.095252e-04
	33	90	-18.750000	51.000000	9.919755e+04	2.567654e-04
	150	109	10.500000	46.250000	1.020713e+05	1.370292e-05
	137	117	7.250000	44.250000	1.021872e+05	7.826315e-05
2022	2	17	5	6
	118	29	2.500000	66.250000	9.505225e+04	4.166218e-04
	186	49	19.500000	61.250000	9.725348e+04	1.464505e-04
	55	80	-13.250000	53.500000	9.835744e+04	3.218332e-04
	150	110	10.500000	46.000000	1.020423e+05	3.469689e-05
	137	117	7.250000	44.250000	1.020423e+05	5.730058e-05
2022	2	17	3	12
	125	25	4.250000	67.250000	9.523455e+04	3.855283e-04
	205	50	24.250000	61.000000	9.728798e+04	8.794305e-05
	78	72	-7.500000	55.500000	9.776998e+04	4.739508e-04
2022	2	17	6	18
	124	21	4.000000	68.250000	9.525336e+04	3.856750e-04
	205	41	24.250000	63.250000	9.737227e+04	8.229056e-05
	220	46	28.000000	62.000000	9.737227e+04	1.104352e-04
	117	68	2.250000	56.500000	9.807204e+04	3.044877e-04
	63	72	-11.250000	55.500000	9.952980e+04	2.229864e-04
	11	110	-24.250000	46.000000	1.001492e+05	1.379810e-04
2022	2	18	5	0
	122	20	3.500000	68.500000	9.524513e+04	3.623534e-04
	233	42	31.250000	63.000000	9.738109e+04	8.069062e-05
	154	66	11.500000	57.000000	9.811516e+04	2.656561e-04
	34	96	-18.500000	49.500000	9.941454e+04	2.199802e-04
	81	155	-6.750000	34.750000	1.023655e+05	2.095727e-05
2022	2	18	4	6
	122	20	3.500000	68.500000	9.526571e+04	3.728982e-04
	244	37	34.000000	64.250000	9.721919e+04	1.387817e-04
	191	67	20.750000	56.750000	9.811555e+04	2.249912e-04
	53	87	-13.750000	51.750000	9.804676e+04	4.607774e-04
2022	2	18	6	12
	125	19	4.250000	68.750000	9.546604e+04	3.222182e-04
	255	34	36.750000	65.000000	9.722997e+04	1.439108e-04
	256	34	37.000000	65.000000	9.722997e+04	1.403475e-04
	15	50	-23.250000	61.000000	9.751184e+04	2.131175e-04
	225	71	29.250000	55.750000	9.820298e+04	1.574412e-04
	77	78	-7.750000	54.000000	9.692673e+04	5.368184e-04
2022	2	18	5	18
	130	18	5.500000	69.000000	9.552465e+04	3.622200e-04
	262	31	38.500000	65.750000	9.731759e+04	1.312730e-04
	34	52	-18.500000	60.500000	9.756711e+04	1.960805e-04
	111	68	0.750000	56.500000	9.616580e+04	4.186021e-04
	255	75	36.750000	54.750000	9.808223e+04	1.759124e-04
2022	2	19	8	0
	127	16	4.750000	69.500000	9.554229e+04	3.467728e-04
	275	26	41.750000	67.000000	9.747988e+04	8.544704e-05
	60	49	-12.000000	61.250000	9.760847e+04	1.367061e-04
	132	67	6.000000	56.750000	9.611622e+04	2.994790e-04
	271	78	40.750000	54.000000	9.811379e+04	2.561528e-04
	272	78	41.000000	54.000000	9.811379e+04	2.515803e-04
	288	81	45.000000	53.250000	9.914463e+04	3.558577e-05
	279	119	42.750000	43.750000	1.008270e+05	-6.149663e-05
2022	2	19	7	6
	123	15	3.750000	69.750000	9.555248e+04	3.005771e-04
	278	23	42.500000	67.750000	9.748478e+04	1.032986e-04
	80	52	-7.000000	60.500000	9.764414e+04	1.766915e-04
	170	66	15.500000	57.000000	9.657450e+04	2.199685e-04
	280	79	43.000000	53.750000	9.861187e+04	2.210743e-04
	150	109	10.500000	46.250000	1.014366e+05	4.464807e-05
	138	117	7.500000	44.250000	1.014366e+05	9.244710e-05
2022	2	19	6	12
	120	16	3.000000	69.500000	9.574575e+04	3.295057e-04
	279	20	42.750000	68.500000	9.762729e+04	9.649321e-05
	102	50	-1.500000	61.000000	9.788485e+04	1.736226e-04
	187	54	19.750000	60.000000	9.681305e+04	2.264822e-04
	157	107	12.250000	46.750000	1.013906e+05	-8.540800e-06
	138	117	7.500000	44.250000	1.016220e+05	1.405889e-04
2022	2	19	6	18
	122	16	3.500000	69.500000	9.598018e+04	3.080340e-04
	282	19	43.500000	68.750000	9.778312e+04	1.155827e-04
	219	62	27.750000	58.000000	9.713470e+04	1.621564e-04
	158	116	12.500000	44.500000	1.016264e+05	5.465850e-05
	137	119	7.250000	43.750000	1.015801e+05	1.405627e-04
	110	126	0.500000	42.000000	1.023914e+05	3.018224e-05
2022	2	20	6	0
	6	7	-25.500000	71.750000	9.947511e+04	-1.514230e-05
	125	15	4.250000	69.750000	9.616228e+04	3.050911e-04
	284	18	44.000000	69.000000	9.793424e+04	1.167369e-04
	0	49	-27.000000	61.250000	9.626656e+04	1.383520e-04
	236	61	32.000000	58.250000	9.730504e+04	1.873173e-04
	111	124	0.750000	42.500000	1.028434e+05	3.123610e-05
