2022	2	16	5	0
	53	39	-13.750000	63.750000	9.720075e+04	3.656101e-04
	119	53	2.750000	60.250000	9.798965e+04	1.727805e-04
	66	67	-10.500000	56.750000	9.728148e+04	3.074368e-04
	280	121	43.000000	43.250000	1.020660e+05	2.682291e-05
	173	122	16.250000	43.000000	1.014820e+05	5.536368e-05
2022	2	16	6	3
	47	37	-15.250000	64.250000	9.732815e+04	3.360771e-04
	123	54	3.750000	60.000000	9.796532e+04	2.191482e-04
	76	66	-8.000000	57.000000	9.725898e+04	2.964904e-04
	90	70	-4.500000	56.000000	9.725898e+04	2.181992e-04
	280	121	43.000000	43.250000	1.021189e+05	2.845167e-05
	174	123	16.500000	42.750000	1.014514e+05	5.820185e-05
2022	2	16	2	6
	40	33	-17.000000	65.250000	9.762553e+04	2.754588e-04
	99	67	-2.250000	56.750000	9.748916e+04	2.136009e-04
2022	2	16	5	9
	116	34	2.000000	65.000000	9.777513e+04	2.127753e-04
	47	61	-15.250000	58.250000	9.745769e+04	9.817481e-05
	110	66	0.500000	57.000000	9.746787e+04	2.390728e-04
	202	125	23.500000	42.250000	1.016375e+05	-7.284133e-05
	182	136	18.500000	39.500000	1.014964e+05	1.260884e-04
2022	2	16	7	12
	54	60	-13.500000	58.500000	9.720956e+04	1.147779e-04
	121	66	3.250000	57.000000	9.735400e+04	2.178095e-04
	62	67	-11.500000	56.750000	9.720956e+04	1.978118e-04
	137	117	7.250000	44.250000	1.012968e+05	9.290042e-05
	279	120	42.750000	43.500000	1.018770e+05	1.198814e-05
	183	127	18.750000	41.750000	1.012509e+05	1.056957e-04
	183	138	18.750000	39.000000	1.012509e+05	1.590546e-04
2022	2	16	5	15
	106	35	-0.500000	64.750000	9.746863e+04	1.727768e-04
	0	36	-27.000000	64.500000	9.788824e+04	1.119694e-05
	76	65	-8.000000	57.250000	9.676684e+04	2.985315e-04
	131	66	5.750000	57.000000	9.721762e+04	2.294671e-04
	184	136	19.000000	39.500000	1.010983e+05	1.722900e-04
2022	2	16	5	18
	70	59	-9.500000	58.750000	9.692192e+04	2.574111e-04
	87	64	-5.250000	57.500000	9.692192e+04	2.805263e-04
	139	66	7.750000	57.000000	9.708019e+04	2.330726e-04
	281	121	43.250000	43.250000	1.021706e+05	-2.603935e-05
	186	136	19.500000	39.500000	1.011304e+05	1.340525e-04
2022	2	16	6	21
	288	9	45.000000	71.250000	9.894943e+04	1.010838e-04
	103	65	-1.250000	57.250000	9.694169e+04	2.687397e-04
	147	66	9.750000	57.000000	9.689623e+04	1.902896e-04
	137	117	7.250000	44.250000	1.013052e+05	4.851617e-05
	278	120	42.500000	43.500000	1.021572e+05	-4.681063e-05
	185	134	19.250000	40.000000	1.012360e+05	8.959691e-05
2022	2	17	6	0
	287	10	44.750000	71.000000	9.899534e+04	1.278934e-04
	188	62	20.000000	58.000000	9.675727e+04	2.085054e-04
	157	65	12.250000	57.250000	9.667866e+04	1.709004e-04
	116	66	2.000000	57.000000	9.705084e+04	2.544767e-04
	137	117	7.250000	44.250000	1.011681e+05	5.885742e-05
	184	133	19.000000	40.250000	1.012982e+05	8.675431e-05
2022	2	17	4	3
	287	11	44.750000	70.750000	9.903198e+04	1.222041e-04
	194	59	21.500000	58.750000	9.639132e+04	1.979287e-04
	179	65	17.750000	57.250000	9.639132e+04	1.207348e-04
	279	121	42.750000	43.250000	1.017443e+05	-3.134786e-05
2022	2	17	3	6
	287	12	44.750000	70.500000	9.910968e+04	9.334803e-05
	195	57	21.750000	59.250000	9.614259e+04	1.974355e-04
	197	66	22.250000	57.000000	9.614259e+04	1.589223e-04
2022	2	17	1	9
	205	62	24.250000	58.000000	9.598570e+04	1.848294e-04
2022	2	17	2	12
	211	59	25.750000	58.750000	9.587623e+04	1.477492e-04
	273	119	41.250000	43.750000	1.013157e+05	-2.124620e-05
2022	2	17	2	15
	217	56	27.250000	59.500000	9.580493e+04	1.728226e-04
	13	104	-23.750000	47.500000	1.005958e+05	2.493817e-04
2022	2	17	3	18
	221	53	28.250000	60.250000	9.576373e+04	1.459946e-04
	20	101	-22.000000	48.250000	1.001041e+05	2.996571e-04
	31	109	-19.250000	46.250000	1.001041e+05	1.186905e-04
2022	2	17	5	21
	6	7	-25.500000	71.750000	1.004657e+05	-1.795988e-05
	225	47	29.250000	61.750000	9.573241e+04	1.821346e-04
	27	97	-20.250000	49.250000	9.960455e+04	3.441765e-04
	39	104	-17.250000	47.500000	9.960455e+04	1.565700e-04
	153	108	11.250000	46.500000	1.011734e+05	2.357484e-05
2022	2	18	5	0
	6	7	-25.500000	71.750000	1.004485e+05	-1.988344e-05
	226	43	29.500000	62.750000	9.567707e+04	1.591301e-04
	34	96	-18.500000	49.500000	9.922066e+04	3.689796e-04
	46	98	-15.500000	49.000000	9.922066e+04	2.010124e-04
	153	108	11.250000	46.500000	1.014402e+05	-9.671581e-06
2022	2	18	4	3
	6	7	-25.500000	71.750000	1.004517e+05	-2.080668e-05
	227	40	29.750000	63.500000	9.563405e+04	1.938203e-04
	51	92	-14.250000	50.500000	9.844727e+04	2.703519e-04
	138	117	7.500000	44.250000	1.014458e+05	7.419589e-05
2022	2	18	5	6
	226	38	29.500000	64.000000	9.563588e+04	1.896923e-04
	34	43	-18.500000	62.750000	9.916441e+04	7.277984e-05
	53	90	-13.750000	51.000000	9.760941e+04	4.394487e-04
	137	115	7.250000	44.750000	1.015192e+05	4.623611e-05
	144	124	9.000000	42.500000	1.015192e+05	1.143249e-04
2022	2	18	3	9
	226	36	29.500000	64.500000	9.574138e+04	1.939575e-04
	33	42	-18.750000	63.000000	9.911652e+04	1.048313e-04
	62	91	-11.500000	50.750000	9.767677e+04	4.335885e-04
2022	2	18	3	12
	225	35	29.250000	64.750000	9.587760e+04	1.494252e-04
	29	42	-19.750000	63.000000	9.907790e+04	1.238119e-04
	74	89	-8.500000	51.250000	9.788429e+04	3.638107e-04
2022	2	18	3	15
	228	34	30.000000	65.000000	9.601520e+04	1.313368e-04
	107	83	-0.250000	52.750000	9.812009e+04	1.938266e-04
	84	86	-6.000000	52.000000	9.784476e+04	3.695962e-04
2022	2	18	4	18
	230	33	30.500000	65.250000	9.608802e+04	1.357078e-04
	0	54	-27.000000	60.000000	9.796548e+04	1.283447e-04
	116	79	2.000000	53.750000	9.828003e+04	2.056081e-04
	95	86	-3.250000	52.000000	9.816312e+04	2.929602e-04
2022	2	18	7	21
	232	33	31.000000	65.250000	9.616829e+04	1.330686e-04
	0	49	-27.000000	61.250000	9.779170e+04	1.237836e-04
	87	54	-5.250000	60.000000	9.918189e+04	1.543366e-04
	126	76	4.500000	54.500000	9.838356e+04	2.556460e-04
	108	84	0.000000	52.500000	9.845609e+04	3.040198e-04
	125	121	4.250000	43.250000	1.012200e+05	1.436580e-04
	108	130	0.000000	41.000000	1.014218e+05	7.642222e-05
2022	2	19	7	0
	239	29	32.750000	66.250000	9.620660e+04	1.411542e-04
	14	50	-23.500000	61.000000	9.780204e+04	2.288719e-04
	92	54	-4.000000	60.000000	9.915711e+04	1.571276e-04
	134	75	6.500000	54.750000	9.830177e+04	2.592813e-04
	154	76	11.500000	54.500000	9.830177e+04	2.137633e-04
	107	133	-0.250000	40.250000	1.014046e+05	6.056049e-05
	119	144	2.750000	37.500000	1.014300e+05	-1.819426e-05
2022	2	19	9	3
	6	7	-25.500000	71.750000	1.003512e+05	-1.901804e-05
	250	17	35.500000	69.250000	9.620067e+04	9.773184e-05
	239	29	32.750000	66.250000	9.620037e+04	1.104429e-04
	17	48	-22.750000	61.500000	9.768087e+04	2.361852e-04
	37	54	-17.750000	60.000000	9.768087e+04	2.708905e-04
	97	54	-2.750000	60.000000	9.912807e+04	1.611491e-04
	160	73	13.000000	55.250000	9.825205e+04	1.600580e-04
	142	75	8.500000	54.750000	9.825205e+04	2.173777e-04
	276	154	42.000000	35.000000	1.013713e+05	7.168964e-05
2022	2	19	9	6
	248	17	35.000000	69.250000	9.627836e+04	7.635768e-05
	239	29	32.750000	66.250000	9.627380e+04	8.352101e-05
	15	47	-23.250000	61.750000	9.751926e+04	2.554071e-04
	39	50	-17.250000	61.000000	9.751926e+04	2.103993e-04
	101	54	-1.750000	60.000000	9.916577e+04	1.317790e-04
	179	71	17.750000	55.750000	9.814412e+04	1.554495e-04
	137	117	7.250000	44.250000	1.012410e+05	1.563905e-04
	125	139	4.250000	38.750000	1.014300e+05	-1.337605e-05
	281	140	43.250000	38.500000	1.012944e+05	1.376669e-05
2022	2	19	8	9
	248	17	35.000000	69.250000	9.634876e+04	5.148804e-05
	241	29	33.250000	66.250000	9.636578e+04	5.348727e-05
	11	47	-24.250000	61.750000	9.756137e+04	3.328269e-04
	12	47	-24.000000	61.750000	9.756137e+04	3.447833e-04
	39	47	-17.250000	61.750000	9.761123e+04	1.864042e-04
	107	54	-0.250000	60.000000	9.926688e+04	1.389198e-04
	191	70	20.750000	56.000000	9.805912e+04	2.099074e-04
	136	117	7.000000	44.250000	1.013604e+05	1.235800e-04
2022	2	19	6	12
	250	17	35.500000	69.250000	9.638889e+04	8.843444e-05
	33	44	-18.750000	62.500000	9.769668e+04	1.598377e-04
	12	48	-24.000000	61.500000	9.769668e+04	3.292182e-04
	110	55	0.500000	59.750000	9.936357e+04	1.174580e-04
	205	69	24.250000	56.250000	9.801215e+04	1.979502e-04
	136	118	7.000000	44.000000	1.013021e+05	1.087065e-04
2022	2	19	5	15
	254	16	36.500000	69.500000	9.647130e+04	1.214920e-04
	15	49	-23.250000	61.250000	9.784400e+04	2.365820e-04
	220	67	28.000000	56.750000	9.800607e+04	1.809387e-04
	135	119	6.750000	43.750000	1.011843e+05	1.056273e-04
	146	126	9.500000	42.000000	1.011843e+05	1.538819e-05
2022	2	19	8	18
	255	17	36.750000	69.250000	9.656099e+04	1.110735e-04
	83	20	-6.250000	68.500000	9.929987e+04	1.650995e-04
	240	23	33.000000	67.750000	9.656099e+04	1.353783e-04
	276	23	42.000000	67.750000	9.656099e+04	9.045114e-05
	277	23	42.250000	67.750000	9.656099e+04	9.529434e-05
	232	66	31.000000	57.000000	9.805624e+04	1.682625e-04
	138	121	7.500000	43.250000	1.013578e+05	8.417783e-05
	147	127	9.750000	41.750000	1.013578e+05	-2.485392e-06
2022	2	19	7	21
	255	14	36.750000	70.000000	9.668809e+04	1.007502e-04
	83	20	-6.250000	68.500000	9.930762e+04	1.454394e-04
	283	20	43.750000	68.500000	9.668809e+04	1.208909e-04
	243	64	33.750000	57.500000	9.805229e+04	1.590654e-04
	155	117	11.750000	44.250000	1.014823e+05	5.473625e-05
	149	126	10.250000	42.000000	1.014790e+05	8.035746e-06
	280	149	43.000000	36.250000	1.018163e+05	1.264869e-04
2022	2	20	7	0
	257	16	37.250000	69.500000	9.690717e+04	1.341899e-04
	85	20	-5.750000	68.500000	9.928908e+04	1.127942e-04
	253	64	36.250000	57.500000	9.810109e+04	1.486395e-04
	139	75	7.750000	54.750000	9.968512e+04	1.540121e-04
	159	118	12.750000	44.000000	1.014552e+05	3.660590e-05
	148	124	10.000000	42.500000	1.014552e+05	5.390586e-05
	284	154	44.000000	35.000000	1.020178e+05	1.058016e-04
