2022	2	14	5	0
	2	6	-26.500000	72.000000	9.976835e+04	-1.286310e-06
	221	10	28.250000	71.000000	9.837194e+04	1.390031e-04
	201	15	23.250000	69.750000	9.837194e+04	3.683526e-05
	1	17	-26.750000	69.250000	9.976835e+04	8.235795e-06
	103	71	-1.250000	55.750000	9.850182e+04	1.570875e-04
2022	2	14	4	3
	215	9	26.750000	71.250000	9.808617e+04	2.222565e-04
	1	17	-26.750000	69.250000	9.979436e+04	-1.226873e-05
	119	60	2.750000	58.500000	9.847659e+04	1.085639e-04
	105	71	-0.750000	55.750000	9.846923e+04	1.902488e-04
2022	2	14	3	6
	214	10	26.500000	71.000000	9.796146e+04	2.806456e-04
	121	59	3.250000	58.750000	9.852030e+04	8.018537e-05
	107	72	-0.250000	55.500000	9.848302e+04	1.987045e-04
2022	2	14	4	9
	227	8	29.750000	71.500000	9.805217e+04	1.756318e-04
	0	52	-27.000000	60.500000	9.803604e+04	1.224775e-04
	125	69	4.250000	56.250000	9.860412e+04	1.013484e-04
	109	73	0.250000	55.250000	9.860412e+04	2.226992e-04
2022	2	14	3	12
	236	7	32.000000	71.750000	9.802084e+04	1.527838e-04
	0	47	-27.000000	61.750000	9.762823e+04	1.521153e-04
	130	66	5.500000	57.000000	9.854318e+04	1.695608e-04
2022	2	14	3	15
	234	7	31.500000	71.750000	9.809683e+04	1.086082e-04
	2	43	-26.500000	62.750000	9.723905e+04	1.687204e-04
	135	63	6.750000	57.750000	9.850104e+04	1.972132e-04
2022	2	14	5	18
	245	5	34.250000	72.250000	9.808743e+04	1.186734e-04
	252	13	36.000000	70.250000	9.808743e+04	1.467452e-04
	0	39	-27.000000	63.750000	9.708081e+04	1.300235e-04
	27	39	-20.250000	63.750000	9.708081e+04	-9.448412e-05
	141	61	8.250000	58.250000	9.861494e+04	2.503139e-04
2022	2	14	7	21
	6	7	-25.500000	71.750000	9.967450e+04	1.846685e-05
	257	12	37.250000	70.500000	9.805562e+04	1.468573e-04
	288	12	45.000000	70.500000	9.869343e+04	7.077453e-05
	0	36	-27.000000	64.500000	9.727415e+04	1.098512e-04
	27	39	-20.250000	63.750000	9.727571e+04	3.898005e-05
	127	53	4.750000	60.250000	9.874811e+04	6.337276e-05
	148	57	10.000000	59.250000	9.874811e+04	3.155933e-04
2022	2	15	7	0
	246	5	34.500000	72.250000	9.813474e+04	9.209583e-05
	6	7	-25.500000	71.750000	9.960071e+04	4.099428e-05
	264	12	39.000000	70.500000	9.813474e+04	1.716112e-04
	32	44	-19.000000	62.500000	9.749741e+04	2.443953e-04
	126	53	4.500000	60.250000	9.885214e+04	6.475321e-05
	151	54	10.750000	60.000000	9.880513e+04	3.519696e-04
	145	118	9.250000	44.000000	1.010979e+05	1.140060e-04
2022	2	15	8	3
	245	8	34.250000	71.500000	9.819584e+04	2.125400e-04
	272	12	41.000000	70.500000	9.819584e+04	1.683587e-04
	28	38	-20.000000	64.000000	9.743191e+04	1.491242e-04
	125	52	4.250000	60.500000	9.889570e+04	5.434013e-05
	153	53	11.250000	60.250000	9.888175e+04	3.179014e-04
	144	61	9.000000	58.250000	9.888175e+04	1.133822e-04
	171	103	15.750000	47.750000	1.009854e+05	4.838714e-05
	146	118	9.500000	44.000000	1.010546e+05	9.516360e-05
2022	2	15	8	6
	275	10	41.750000	71.000000	9.821088e+04	1.534434e-04
	249	12	35.250000	70.500000	9.821088e+04	1.720226e-04
	0	35	-27.000000	64.750000	9.742361e+04	-3.363986e-05
	35	35	-18.250000	64.750000	9.761820e+04	1.105717e-04
	125	51	4.250000	60.750000	9.883960e+04	7.076545e-05
	156	51	12.000000	60.750000	9.895209e+04	2.533481e-04
	0	85	-27.000000	52.250000	9.903294e+04	1.379234e-04
	146	117	9.500000	44.250000	1.010891e+05	1.001826e-04
2022	2	15	7	9
	276	9	42.000000	71.250000	9.831648e+04	1.920653e-04
	37	34	-17.750000	65.000000	9.777471e+04	2.329237e-04
	123	49	3.750000	61.250000	9.879354e+04	1.412486e-04
	159	50	12.750000	61.000000	9.901366e+04	1.940552e-04
	3	80	-26.250000	53.500000	9.835314e+04	1.977871e-04
	160	113	13.000000	45.250000	1.011549e+05	1.272470e-04
	146	117	9.500000	44.250000	1.011549e+05	1.049462e-04
2022	2	15	8	12
	278	10	42.500000	71.000000	9.844511e+04	2.531139e-04
	0	36	-27.000000	64.500000	9.748738e+04	-1.235909e-05
	162	48	13.500000	61.500000	9.888974e+04	1.612260e-04
	123	49	3.750000	61.250000	9.877083e+04	1.373284e-04
	13	76	-23.750000	54.500000	9.803462e+04	2.228368e-04
	147	110	9.750000	46.000000	1.010861e+05	-1.070743e-05
	160	111	13.000000	45.750000	1.010861e+05	1.000254e-04
	156	162	12.000000	33.000000	1.016421e+05	-3.842287e-06
2022	2	15	6	15
	282	10	43.500000	71.000000	9.856323e+04	2.670410e-04
	164	47	14.000000	61.750000	9.885981e+04	1.811305e-04
	90	55	-4.500000	59.750000	9.854866e+04	1.951795e-04
	25	73	-20.750000	55.250000	9.765407e+04	2.915559e-04
	153	110	11.250000	46.000000	1.011549e+05	1.700346e-05
	163	162	13.750000	33.000000	1.015278e+05	1.435515e-05
2022	2	15	7	18
	287	10	44.750000	71.000000	9.870549e+04	1.155185e-04
	47	35	-15.250000	64.750000	9.818159e+04	2.392688e-04
	167	46	14.750000	62.000000	9.884086e+04	1.509731e-04
	95	55	-3.250000	59.750000	9.857969e+04	1.726083e-04
	36	70	-18.000000	56.000000	9.756415e+04	2.743391e-04
	278	120	42.500000	43.500000	1.021084e+05	4.156800e-06
	164	162	14.000000	33.000000	1.015486e+05	3.473059e-05
2022	2	15	7	21
	288	10	45.000000	71.000000	9.885966e+04	1.022801e-04
	45	31	-15.750000	65.750000	9.827543e+04	2.528854e-04
	171	45	15.750000	62.250000	9.884932e+04	9.003901e-05
	100	55	-2.000000	59.750000	9.859175e+04	1.470197e-04
	129	64	5.250000	57.500000	9.869954e+04	1.750667e-04
	46	69	-15.500000	56.250000	9.766912e+04	2.851322e-04
	167	158	14.750000	34.000000	1.016771e+05	1.782991e-05
2022	2	16	6	0
	180	44	18.000000	62.500000	9.891167e+04	7.498128e-05
	105	55	-0.750000	59.750000	9.856057e+04	1.443345e-04
	134	64	6.500000	57.500000	9.870691e+04	1.971745e-04
	58	67	-12.500000	56.750000	9.775841e+04	2.463452e-04
	59	67	-12.250000	56.750000	9.775841e+04	2.508992e-04
	0	70	-27.000000	56.000000	9.738381e+04	1.208178e-04
2022	2	16	4	3
	185	43	19.250000	62.750000	9.888927e+04	7.402465e-05
	110	55	0.500000	59.750000	9.844448e+04	1.120122e-04
	72	67	-9.000000	56.750000	9.785070e+04	2.045775e-04
	280	121	43.000000	43.250000	1.020894e+05	2.000988e-05
2022	2	16	6	6
	188	42	20.000000	63.000000	9.900020e+04	8.763569e-05
	111	54	0.750000	60.000000	9.835580e+04	1.655842e-04
	3	65	-26.250000	57.250000	9.648217e+04	3.818876e-04
	81	67	-6.750000	56.750000	9.801034e+04	2.314445e-04
	95	70	-3.250000	56.000000	9.801034e+04	1.918432e-04
	280	121	43.000000	43.250000	1.020620e+05	1.931271e-05
2022	2	16	8	9
	202	37	23.500000	64.250000	9.905675e+04	5.483686e-05
	113	53	1.250000	60.250000	9.830645e+04	1.655646e-04
	17	58	-22.750000	59.000000	9.627881e+04	3.519719e-04
	156	63	12.000000	57.750000	9.871427e+04	2.000934e-04
	84	67	-6.000000	56.750000	9.825569e+04	2.313647e-04
	105	69	-0.750000	56.250000	9.825569e+04	2.055205e-04
	137	116	7.250000	44.500000	1.014559e+05	9.669251e-05
	279	120	42.750000	43.500000	1.020816e+05	2.098483e-05
2022	2	16	5	12
	29	52	-19.750000	60.500000	9.631892e+04	1.528990e-04
	114	52	1.500000	60.500000	9.825287e+04	1.551155e-04
	113	69	1.250000	56.250000	9.836003e+04	1.612899e-04
	137	116	7.250000	44.500000	1.012796e+05	9.696602e-05
	278	120	42.500000	43.500000	1.018825e+05	2.252065e-06
2022	2	16	4	15
	30	50	-19.500000	61.000000	9.626770e+04	3.768852e-04
	41	59	-16.750000	58.750000	9.626770e+04	2.492565e-04
	280	121	43.000000	43.250000	1.019982e+05	-8.133482e-06
	185	141	19.250000	38.250000	1.011864e+05	1.886169e-04
2022	2	16	6	18
	288	9	45.000000	71.250000	9.924412e+04	1.006314e-04
	25	46	-20.750000	62.000000	9.654484e+04	3.910581e-04
	54	57	-13.500000	59.250000	9.653497e+04	3.210120e-04
	280	121	43.000000	43.250000	1.018853e+05	-4.360428e-06
	186	137	19.500000	39.250000	1.011304e+05	1.894258e-04
	186	138	19.500000	39.000000	1.011304e+05	1.969899e-04
2022	2	16	6	21
	285	8	44.250000	71.500000	9.918287e+04	1.325065e-04
	0	33	-27.000000	65.250000	9.804497e+04	2.991968e-05
	42	51	-16.500000	60.750000	9.667755e+04	2.777561e-04
	67	55	-10.250000	59.750000	9.663791e+04	3.034965e-04
	150	109	10.500000	46.250000	1.007099e+05	1.644548e-05
	186	137	19.500000	39.250000	1.010892e+05	1.633904e-04
2022	2	17	5	0
	280	8	43.000000	71.500000	9.912349e+04	1.666105e-04
	281	8	43.250000	71.500000	9.912349e+04	1.637774e-04
	77	55	-7.750000	59.750000	9.671045e+04	3.470747e-04
	78	55	-7.500000	59.750000	9.671045e+04	3.503786e-04
	185	137	19.250000	39.250000	1.010556e+05	1.608417e-04
2022	2	17	6	3
	279	9	42.750000	71.250000	9.907430e+04	1.355139e-04
	280	9	43.000000	71.250000	9.907430e+04	1.471010e-04
	89	54	-4.750000	60.000000	9.672345e+04	3.291899e-04
	137	113	7.250000	45.250000	1.009272e+05	3.229276e-05
	280	121	43.000000	43.250000	1.014618e+05	-1.381064e-05
	184	139	19.000000	38.750000	1.009949e+05	1.593065e-04
2022	2	17	4	6
	278	9	42.500000	71.250000	9.902040e+04	1.482029e-04
	100	54	-2.000000	60.000000	9.667394e+04	3.113695e-04
	281	121	43.250000	43.250000	1.013738e+05	6.754061e-07
	185	144	19.250000	37.500000	1.010820e+05	1.733177e-04
2022	2	17	4	9
	278	9	42.500000	71.250000	9.902980e+04	1.326903e-04
	110	54	0.500000	60.000000	9.667080e+04	3.300922e-04
	217	67	27.250000	56.750000	9.811469e+04	9.520222e-05
	279	120	42.750000	43.500000	1.012259e+05	6.931391e-06
2022	2	17	3	12
	281	10	43.250000	71.000000	9.909200e+04	1.177313e-04
	118	54	2.500000	60.000000	9.669588e+04	2.882201e-04
	223	62	28.750000	58.000000	9.786558e+04	1.390508e-04
2022	2	17	4	15
	282	10	43.500000	71.000000	9.910798e+04	9.767462e-05
	127	54	4.750000	60.000000	9.674898e+04	2.806529e-04
	228	60	30.000000	58.500000	9.761757e+04	1.733002e-04
	21	77	-21.750000	54.250000	9.999725e+04	9.884350e-05
2022	2	17	5	18
	0	31	-27.000000	65.750000	9.949762e+04	1.022949e-04
	139	42	7.750000	63.000000	9.701078e+04	9.047175e-05
	134	54	6.500000	60.000000	9.700906e+04	1.819410e-04
	231	57	30.750000	59.250000	9.738883e+04	2.276448e-04
	25	77	-20.750000	54.250000	9.994602e+04	1.150226e-04
2022	2	17	5	21
	3	43	-26.250000	62.750000	9.949104e+04	6.636569e-05
	232	54	31.000000	60.000000	9.715320e+04	2.462221e-04
	74	57	-8.500000	59.250000	9.836238e+04	3.075297e-04
	146	58	9.500000	59.000000	9.709069e+04	1.883519e-04
	30	77	-19.500000	54.250000	1.000151e+05	1.951372e-04
2022	2	18	5	0
	234	52	31.500000	60.500000	9.699543e+04	2.120070e-04
	153	57	11.250000	59.250000	9.718531e+04	2.376338e-04
	84	58	-6.000000	59.000000	9.842474e+04	3.105667e-04
	36	77	-18.000000	54.250000	1.000571e+05	2.419526e-04
	116	124	2.000000	42.500000	1.019025e+05	-7.043543e-05
2022	2	18	4	3
	235	51	31.750000	60.750000	9.688435e+04	2.281830e-04
	161	58	13.250000	59.000000	9.733399e+04	1.812824e-04
	61	107	-11.750000	46.750000	1.014176e+05	6.589922e-05
	115	124	1.750000	42.500000	1.018770e+05	-3.605476e-05
2022	2	18	4	6
	145	36	9.250000	64.500000	9.797885e+04	9.892316e-05
	238	50	32.500000	61.000000	9.692853e+04	2.458948e-04
	171	60	15.750000	58.500000	9.758467e+04	1.524535e-04
	69	104	-9.750000	47.500000	1.011738e+05	1.056337e-04
2022	2	18	5	9
	145	35	9.250000	64.750000	9.812362e+04	1.319666e-04
	235	47	31.750000	61.750000	9.698650e+04	1.974892e-04
	181	62	18.250000	58.000000	9.779116e+04	1.552563e-04
	79	101	-7.250000	48.250000	1.010386e+05	1.066492e-04
	279	119	42.750000	43.750000	1.000468e+05	9.200387e-06
2022	2	18	4	12
	146	32	9.500000	65.500000	9.822530e+04	1.457962e-04
	243	44	33.750000	62.500000	9.700467e+04	1.855756e-04
	90	98	-4.500000	49.000000	1.008334e+05	1.191458e-04
	235	106	31.750000	47.000000	9.913555e+04	1.873701e-04
2022	2	18	5	15
	160	25	13.000000	67.250000	9.829737e+04	-2.252441e-05
	146	31	9.500000	65.750000	9.829737e+04	9.841604e-05
	244	43	34.000000	62.750000	9.704494e+04	1.792021e-04
	102	96	-1.500000	49.500000	1.006499e+05	1.597020e-04
	250	107	35.500000	46.750000	9.915843e+04	1.774029e-04
2022	2	18	5	18
	160	25	13.000000	67.250000	9.831381e+04	-1.720507e-05
	146	31	9.500000	65.750000	9.831381e+04	9.638444e-05
	244	42	34.000000	63.000000	9.706797e+04	1.880038e-04
	0	54	-27.000000	60.000000	9.809918e+04	7.324004e-05
	257	107	37.250000	46.750000	9.901413e+04	2.528117e-04
2022	2	18	5	21
	160	25	13.000000	67.250000	9.837930e+04	9.581946e-06
	146	31	9.500000	65.750000	9.837930e+04	9.779174e-05
	248	41	35.000000	63.250000	9.715477e+04	2.181613e-04
	0	50	-27.000000	61.000000	9.715837e+04	1.506078e-04
	266	105	39.500000	47.250000	9.899738e+04	3.277035e-04
2022	2	19	6	0
	148	32	10.000000	65.500000	9.841691e+04	1.191350e-04
	253	39	36.250000	63.750000	9.723513e+04	1.903630e-04
	0	45	-27.000000	62.250000	9.681823e+04	1.713252e-04
	271	103	40.750000	47.750000	9.911801e+04	3.196363e-04
	285	122	44.250000	43.000000	9.947255e+04	6.743248e-06
	258	134	37.500000	40.000000	1.006706e+05	-4.087574e-05
2022	2	19	6	3
	288	24	45.000000	67.500000	9.795582e+04	3.055587e-05
	148	33	10.000000	65.250000	9.848616e+04	1.331511e-04
	255	38	36.750000	64.000000	9.730078e+04	1.968378e-04
	0	42	-27.000000	63.000000	9.678345e+04	1.907462e-04
	277	100	42.250000	48.500000	9.929427e+04	2.325946e-04
	138	117	7.500000	44.250000	1.011137e+05	1.219893e-04
2022	2	19	8	6
	265	21	39.250000	68.250000	9.742518e+04	1.139663e-04
	150	34	10.500000	65.000000	9.858031e+04	1.508533e-04
	257	36	37.250000	64.500000	9.740246e+04	1.903279e-04
	0	40	-27.000000	63.500000	9.678032e+04	1.698871e-04
	26	40	-20.500000	63.500000	9.678032e+04	1.496814e-04
	151	109	10.750000	46.250000	1.009486e+05	3.089147e-05
	137	117	7.250000	44.250000	1.011088e+05	1.153975e-04
	287	138	44.750000	39.000000	1.009047e+05	1.108244e-05
2022	2	19	8	9
	264	21	39.000000	68.250000	9.752278e+04	1.202453e-04
	260	34	38.000000	65.000000	9.751840e+04	1.514453e-04
	151	35	10.750000	64.750000	9.881845e+04	1.265607e-04
	22	36	-21.500000	64.500000	9.709303e+04	1.275420e-04
	0	39	-27.000000	63.750000	9.709303e+04	1.401611e-04
	151	109	10.750000	46.250000	1.011696e+05	4.832421e-05
	138	118	7.500000	44.000000	1.012476e+05	1.132910e-04
	287	141	44.750000	38.250000	1.005340e+05	1.859656e-05
2022	2	19	6	12
	264	20	39.000000	68.500000	9.759673e+04	7.557299e-05
	262	31	38.500000	65.750000	9.759673e+04	1.101309e-04
	34	37	-18.500000	64.250000	9.740387e+04	1.137160e-04
	138	118	7.500000	44.000000	1.012755e+05	8.620718e-05
	165	126	14.250000	42.000000	1.012843e+05	-3.550690e-06
	277	150	42.250000	36.000000	1.004375e+05	9.499619e-05
2022	2	19	9	15
	264	20	39.000000	68.500000	9.765235e+04	8.636028e-05
	270	29	40.500000	66.250000	9.765235e+04	1.029886e-04
	36	36	-18.000000	64.500000	9.752498e+04	1.340943e-04
	211	92	25.750000	50.500000	9.998315e+04	1.673460e-04
	135	118	6.750000	44.000000	1.013774e+05	7.446608e-05
	146	126	9.500000	42.000000	1.013774e+05	4.579735e-05
	176	130	17.000000	41.000000	1.012780e+05	1.923162e-05
	93	145	-3.750000	37.250000	1.017982e+05	1.593492e-05
	282	153	43.500000	35.250000	1.010902e+05	8.439826e-05
2022	2	19	7	18
	264	20	39.000000	68.500000	9.769277e+04	1.382820e-04
	288	24	45.000000	67.500000	9.798747e+04	-1.075623e-06
	0	39	-27.000000	63.750000	9.731362e+04	6.719399e-05
	222	94	28.500000	50.000000	1.000627e+05	1.841867e-04
	149	127	10.250000	41.750000	1.015834e+05	3.989023e-05
	150	127	10.500000	41.750000	1.015834e+05	3.710665e-05
	176	138	17.000000	39.000000	1.014732e+05	4.759967e-05
2022	2	19	6	21
	265	20	39.250000	68.500000	9.779335e+04	1.518874e-04
	288	23	45.000000	67.750000	9.805092e+04	-6.940880e-06
	0	37	-27.000000	64.250000	9.747187e+04	5.291034e-05
	94	42	-3.500000	63.000000	9.804559e+04	2.572660e-04
	14	57	-23.500000	59.250000	9.746497e+04	1.863263e-04
	175	137	16.750000	39.250000	1.015981e+05	-1.767491e-05
2022	2	20	6	0
	281	9	43.250000	71.250000	9.794251e+04	6.453110e-05
	267	20	39.750000	68.500000	9.793984e+04	1.397216e-04
	97	41	-2.750000	63.250000	9.810638e+04	2.486490e-04
	0	44	-27.000000	62.500000	9.754770e+04	1.508522e-05
	23	54	-21.250000	60.000000	9.705544e+04	2.846288e-04
	107	124	-0.250000	42.500000	1.028498e+05	5.143976e-05
