2022	2	14	7	0
	5	6	-25.750000	72.000000	9.978192e+04	-3.663403e-05
	217	9	27.250000	71.250000	9.836530e+04	1.150142e-04
	194	12	21.500000	70.500000	9.836530e+04	1.322264e-04
	1	17	-26.750000	69.250000	9.978192e+04	1.753326e-05
	218	24	27.500000	67.500000	9.847202e+04	1.456215e-04
	115	62	1.750000	58.000000	9.849673e+04	1.041734e-04
	102	71	-1.500000	55.750000	9.849673e+04	1.485026e-04
2022	2	14	6	3
	59	5	-12.250000	72.250000	1.001452e+05	1.011585e-04
	214	8	26.500000	71.500000	9.806466e+04	1.963461e-04
	1	17	-26.750000	69.250000	9.980948e+04	1.229622e-05
	234	20	31.500000	68.500000	9.816254e+04	7.725799e-05
	123	64	3.750000	57.500000	9.844379e+04	1.394875e-04
	104	72	-1.000000	55.500000	9.844162e+04	1.741012e-04
2022	2	14	4	6
	64	4	-11.000000	72.500000	1.001011e+05	1.054437e-04
	217	8	27.250000	71.500000	9.793239e+04	2.021916e-04
	127	63	4.750000	57.750000	9.840087e+04	8.399974e-05
	112	71	1.000000	55.750000	9.840087e+04	7.386099e-05
2022	2	14	4	9
	68	3	-10.000000	72.750000	1.001746e+05	9.028177e-05
	226	7	29.500000	71.750000	9.796612e+04	1.681118e-04
	0	52	-27.000000	60.500000	9.808571e+04	1.018199e-04
	124	72	4.000000	55.500000	9.841557e+04	1.364236e-04
2022	2	14	4	12
	76	1	-8.000000	73.250000	1.001632e+05	8.521214e-05
	236	6	32.000000	72.000000	9.792938e+04	1.773037e-04
	0	49	-27.000000	61.250000	9.764429e+04	1.267007e-04
	129	68	5.250000	56.500000	9.828530e+04	2.014323e-04
2022	2	14	6	15
	236	6	32.000000	72.000000	9.795460e+04	1.056089e-04
	6	7	-25.500000	71.750000	9.988213e+04	3.011277e-05
	288	13	45.000000	70.250000	9.918952e+04	2.249127e-05
	1	45	-26.750000	62.250000	9.724428e+04	1.535892e-04
	133	63	6.250000	57.750000	9.815803e+04	2.496289e-04
	113	126	1.250000	42.000000	1.011231e+05	1.959104e-05
2022	2	14	6	18
	234	7	31.500000	71.750000	9.800137e+04	1.381316e-04
	254	12	36.500000	70.500000	9.800137e+04	1.375898e-04
	288	13	45.000000	70.250000	9.884613e+04	6.800352e-05
	0	40	-27.000000	63.500000	9.694416e+04	1.573730e-04
	135	61	6.750000	58.250000	9.817974e+04	2.861652e-04
	137	121	7.250000	43.250000	1.010735e+05	1.592610e-04
2022	2	14	5	21
	259	11	37.750000	70.750000	9.802141e+04	1.288941e-04
	0	37	-27.000000	64.250000	9.706173e+04	1.265192e-04
	19	43	-22.250000	62.750000	9.706173e+04	2.207626e-04
	138	60	7.500000	58.500000	9.831570e+04	2.426711e-04
	139	121	7.750000	43.250000	1.010801e+05	1.098556e-04
2022	2	15	7	0
	244	5	34.000000	72.250000	9.804012e+04	1.180239e-04
	6	7	-25.500000	71.750000	9.965950e+04	6.016449e-05
	264	11	39.000000	70.750000	9.804012e+04	1.655904e-04
	0	36	-27.000000	64.500000	9.718750e+04	1.263392e-04
	128	54	5.000000	60.000000	9.842642e+04	8.263159e-05
	144	58	9.000000	59.000000	9.842642e+04	2.580691e-04
	146	118	9.500000	44.000000	1.010285e+05	1.324292e-04
2022	2	15	6	3
	241	9	33.250000	71.250000	9.813465e+04	2.252071e-04
	269	10	40.250000	71.000000	9.813465e+04	1.975216e-04
	18	38	-22.500000	64.000000	9.714508e+04	2.354671e-04
	127	51	4.750000	60.750000	9.847369e+04	1.040736e-04
	149	56	10.250000	59.500000	9.844713e+04	3.114284e-04
	154	117	11.500000	44.250000	1.010001e+05	9.413788e-05
2022	2	15	7	6
	272	9	41.000000	71.250000	9.821365e+04	2.128109e-04
	247	13	34.750000	70.250000	9.821365e+04	1.748150e-04
	125	49	4.250000	61.250000	9.860412e+04	1.574903e-04
	153	53	11.250000	60.250000	9.843360e+04	3.034400e-04
	139	57	7.750000	59.250000	9.843360e+04	3.250191e-05
	0	87	-27.000000	51.750000	9.913608e+04	1.210071e-04
	158	113	12.500000	45.250000	1.010145e+05	9.750081e-05
2022	2	15	9	9
	276	9	42.000000	71.250000	9.836480e+04	1.772001e-04
	21	32	-21.750000	65.500000	9.735318e+04	1.933370e-04
	125	48	4.250000	61.500000	9.855235e+04	1.820026e-04
	155	50	11.750000	61.000000	9.845098e+04	2.641670e-04
	71	52	-9.250000	60.500000	9.802642e+04	2.744468e-04
	138	53	7.500000	60.250000	9.845098e+04	-2.380722e-05
	0	82	-27.000000	53.000000	9.842158e+04	1.099320e-04
	147	110	9.750000	46.000000	1.010825e+05	2.030714e-05
	160	111	13.000000	45.750000	1.010825e+05	8.849702e-05
2022	2	15	7	12
	2	6	-26.500000	72.000000	9.981198e+04	3.234629e-05
	280	7	43.000000	71.750000	9.845748e+04	2.150873e-04
	125	48	4.250000	61.500000	9.854751e+04	1.943991e-04
	161	48	13.250000	61.500000	9.851043e+04	2.222216e-04
	70	50	-9.500000	61.000000	9.799686e+04	2.544320e-04
	11	78	-24.250000	54.000000	9.804162e+04	2.657523e-04
	161	111	13.250000	45.750000	1.011212e+05	7.158764e-05
2022	2	15	6	15
	285	8	44.250000	71.500000	9.856939e+04	1.778774e-04
	0	39	-27.000000	63.750000	9.739126e+04	1.833208e-05
	136	41	7.000000	63.250000	9.851461e+04	9.480720e-05
	167	46	14.750000	62.000000	9.857874e+04	1.768244e-04
	69	48	-9.750000	61.500000	9.798366e+04	2.758263e-04
	21	75	-21.750000	54.750000	9.761489e+04	2.864300e-04
2022	2	15	6	18
	288	8	45.000000	71.500000	9.864254e+04	1.093447e-04
	135	40	6.750000	63.500000	9.848271e+04	1.360781e-04
	171	45	15.750000	62.250000	9.866058e+04	1.042258e-04
	68	46	-10.000000	62.000000	9.784855e+04	2.892444e-04
	119	60	2.750000	58.500000	9.841623e+04	1.744055e-04
	32	72	-19.000000	55.500000	9.731677e+04	2.850031e-04
2022	2	15	6	21
	288	8	45.000000	71.500000	9.874910e+04	8.965698e-05
	134	39	6.500000	63.750000	9.839987e+04	1.698750e-04
	179	43	17.750000	62.750000	9.870534e+04	1.068527e-04
	66	45	-10.500000	62.250000	9.774116e+04	2.981136e-04
	127	60	4.750000	58.500000	9.835360e+04	1.784231e-04
	44	70	-16.000000	56.000000	9.722374e+04	3.567294e-04
2022	2	16	5	0
	133	38	6.250000	64.000000	9.832755e+04	1.772855e-04
	63	43	-11.250000	62.750000	9.772362e+04	2.983767e-04
	130	60	5.500000	58.500000	9.835327e+04	1.637425e-04
	131	60	5.750000	58.500000	9.835327e+04	1.679924e-04
	55	69	-13.250000	56.250000	9.719051e+04	3.539692e-04
2022	2	16	4	3
	131	37	5.750000	64.250000	9.817757e+04	1.828542e-04
	60	42	-12.000000	63.000000	9.773414e+04	2.818295e-04
	75	69	-8.250000	56.250000	9.739477e+04	3.157149e-04
	280	121	43.000000	43.250000	1.021359e+05	1.291374e-05
2022	2	16	5	6
	128	37	5.000000	64.250000	9.803377e+04	1.727666e-04
	56	42	-13.000000	63.000000	9.771544e+04	2.387022e-04
	83	69	-6.250000	56.250000	9.753238e+04	3.136005e-04
	16	70	-23.000000	56.000000	9.769423e+04	1.629098e-04
	137	116	7.250000	44.500000	1.012082e+05	9.357477e-05
2022	2	16	8	9
	125	37	4.250000	64.250000	9.794358e+04	1.684021e-04
	51	41	-14.250000	63.250000	9.773781e+04	2.474599e-04
	27	54	-20.250000	60.000000	9.768905e+04	1.182515e-04
	35	66	-18.250000	57.000000	9.765564e+04	1.166817e-04
	109	70	0.250000	56.000000	9.762675e+04	2.408154e-04
	137	116	7.250000	44.500000	1.011588e+05	9.642563e-05
	279	120	42.750000	43.500000	1.020517e+05	2.631869e-05
	278	128	42.500000	41.500000	1.019986e+05	9.833746e-06
2022	2	16	6	12
	288	4	45.000000	72.500000	9.891177e+04	9.759946e-05
	122	37	3.500000	64.250000	9.786591e+04	1.645695e-04
	45	41	-15.750000	63.250000	9.766333e+04	2.054377e-04
	28	54	-20.000000	60.000000	9.743685e+04	1.478097e-04
	47	63	-15.250000	57.750000	9.734065e+04	1.669197e-04
	124	70	4.000000	56.000000	9.757998e+04	1.973842e-04
2022	2	16	9	15
	287	3	44.750000	72.750000	9.889557e+04	1.317096e-04
	118	37	2.500000	64.250000	9.776855e+04	1.625130e-04
	38	41	-17.500000	63.250000	9.746892e+04	1.916949e-04
	31	54	-19.250000	60.000000	9.710098e+04	1.918736e-04
	53	61	-13.750000	58.250000	9.693965e+04	2.824415e-04
	139	71	7.750000	55.750000	9.756312e+04	1.959034e-04
	275	150	41.750000	36.000000	1.014486e+05	3.313462e-05
	287	153	44.750000	35.250000	1.014486e+05	1.905862e-05
	273	159	41.250000	33.750000	1.014568e+05	-1.611560e-05
2022	2	16	10	18
	284	3	44.000000	72.750000	9.884998e+04	1.571824e-04
	114	38	1.500000	64.000000	9.766867e+04	1.784180e-04
	32	42	-19.000000	63.000000	9.749364e+04	1.484855e-04
	178	47	17.500000	61.750000	9.783302e+04	1.065622e-04
	58	58	-12.500000	59.000000	9.681171e+04	3.388462e-04
	153	71	11.250000	55.750000	9.764529e+04	1.590998e-04
	150	109	10.500000	46.250000	1.003399e+05	-5.717126e-06
	274	147	41.500000	36.750000	1.015648e+05	4.011287e-05
	287	153	44.750000	35.250000	1.015585e+05	9.796689e-06
	273	161	41.250000	33.250000	1.015954e+05	2.380659e-05
2022	2	16	9	21
	281	3	43.250000	72.750000	9.884179e+04	1.998390e-04
	112	39	1.000000	63.750000	9.754458e+04	1.715492e-04
	27	41	-20.250000	63.250000	9.788780e+04	1.445686e-04
	178	45	17.500000	62.250000	9.774566e+04	7.174821e-05
	69	61	-9.750000	58.250000	9.703368e+04	2.579690e-04
	100	67	-2.000000	56.750000	9.731510e+04	2.471368e-04
	172	71	16.000000	55.750000	9.763544e+04	1.367559e-04
	138	117	7.500000	44.250000	1.009489e+05	6.813084e-05
	276	148	42.000000	36.500000	1.015202e+05	2.578793e-05
2022	2	17	8	0
	278	3	42.500000	72.750000	9.883912e+04	1.613307e-04
	279	3	42.750000	72.750000	9.883912e+04	1.594036e-04
	23	41	-21.250000	63.250000	9.816037e+04	1.783677e-04
	85	61	-5.750000	58.250000	9.735468e+04	2.046389e-04
	111	66	0.750000	57.000000	9.716679e+04	2.313446e-04
	180	70	18.000000	56.000000	9.757147e+04	1.230007e-04
	137	113	7.250000	45.250000	1.007426e+05	8.585299e-06
	276	149	42.000000	36.250000	1.015054e+05	1.712275e-05
2022	2	17	7	3
	279	2	42.750000	73.000000	9.883327e+04	1.647001e-04
	20	40	-22.000000	63.500000	9.834425e+04	2.003923e-04
	126	55	4.500000	59.750000	9.705038e+04	4.595444e-05
	122	66	3.500000	57.000000	9.705038e+04	2.020798e-04
	184	70	19.000000	56.000000	9.735552e+04	1.285619e-04
	281	121	43.250000	43.250000	1.014950e+05	-1.144598e-05
	274	149	41.500000	36.250000	1.014868e+05	2.422283e-05
2022	2	17	4	6
	278	2	42.500000	73.000000	9.879687e+04	1.503341e-04
	18	40	-22.500000	63.500000	9.852430e+04	1.955257e-04
	132	67	6.000000	56.750000	9.710984e+04	2.434159e-04
	191	69	20.750000	56.250000	9.722040e+04	1.379651e-04
2022	2	17	5	9
	276	1	42.000000	73.250000	9.886016e+04	1.301391e-04
	199	67	22.750000	56.750000	9.719602e+04	8.713394e-05
	141	69	8.250000	56.250000	9.749982e+04	2.718541e-04
	194	85	21.500000	52.250000	9.748195e+04	2.390647e-04
	281	121	43.250000	43.250000	1.011441e+05	1.509086e-06
2022	2	17	3	12
	275	1	41.750000	73.250000	9.887536e+04	1.177496e-04
	209	60	25.250000	58.500000	9.711936e+04	9.671923e-05
	207	84	24.750000	52.500000	9.732579e+04	2.626522e-04
2022	2	17	3	15
	273	1	41.250000	73.250000	9.890225e+04	1.081733e-04
	215	56	26.750000	59.500000	9.714107e+04	8.252993e-05
	217	158	27.250000	34.000000	1.009018e+05	1.009350e-04
2022	2	17	2	18
	273	1	41.250000	73.250000	9.890559e+04	1.125153e-04
	217	54	27.250000	60.000000	9.708879e+04	1.354816e-04
2022	2	17	1	21
	222	49	28.500000	61.250000	9.711201e+04	1.021570e-04
2022	2	18	1	0
	226	45	29.500000	62.250000	9.708962e+04	9.038983e-05
2022	2	18	3	3
	142	20	8.500000	68.500000	9.812780e+04	1.540747e-04
	145	31	9.250000	65.750000	9.812780e+04	6.168681e-05
	226	43	29.500000	62.750000	9.706424e+04	9.450344e-05
2022	2	18	4	6
	6	7	-25.500000	71.750000	1.002058e+05	-3.908517e-05
	137	21	7.250000	68.250000	9.804195e+04	1.722613e-04
	148	34	10.000000	65.000000	9.807752e+04	6.331167e-05
	228	41	30.000000	63.250000	9.706859e+04	8.232908e-05
2022	2	18	5	9
	6	7	-25.500000	71.750000	1.002287e+05	-2.968745e-05
	137	22	7.250000	68.000000	9.802759e+04	1.332028e-04
	163	26	13.750000	67.000000	9.802759e+04	-2.854281e-05
	149	35	10.250000	64.750000	9.808388e+04	6.592717e-05
	229	40	30.250000	63.500000	9.705572e+04	6.987950e-05
2022	2	18	4	12
	6	7	-25.500000	71.750000	1.002865e+05	-3.283101e-05
	135	23	6.750000	67.750000	9.803327e+04	1.782946e-04
	151	35	10.750000	64.750000	9.806901e+04	6.374673e-05
	230	39	30.500000	63.750000	9.708980e+04	8.769583e-05
2022	2	18	4	15
	6	7	-25.500000	71.750000	1.003274e+05	-3.798282e-05
	136	25	7.000000	67.250000	9.802709e+04	1.666475e-04
	233	37	31.250000	64.250000	9.713155e+04	8.187533e-05
	0	54	-27.000000	60.000000	9.821431e+04	1.407319e-04
2022	2	18	6	18
	6	7	-25.500000	71.750000	1.002404e+05	-2.293892e-05
	138	25	7.500000	67.250000	9.798566e+04	1.863146e-04
	256	33	37.000000	65.250000	9.710733e+04	1.033346e-04
	236	35	32.000000	64.750000	9.710733e+04	6.454315e-05
	0	47	-27.000000	61.750000	9.775820e+04	1.029716e-04
	282	121	43.500000	43.250000	1.004154e+05	3.413743e-05
2022	2	18	5	21
	6	7	-25.500000	71.750000	1.002081e+05	-2.711706e-05
	142	26	8.500000	67.000000	9.798634e+04	1.961956e-04
	254	29	36.500000	66.250000	9.712136e+04	6.952188e-05
	0	44	-27.000000	62.500000	9.758666e+04	1.057685e-04
	264	162	39.000000	33.000000	1.006942e+05	2.883124e-05
2022	2	19	8	0
	6	7	-25.500000	71.750000	1.001455e+05	-3.525566e-05
	259	24	37.750000	67.500000	9.712270e+04	1.504821e-04
	259	25	37.750000	67.250000	9.712270e+04	1.487098e-04
	142	26	8.500000	67.000000	9.802091e+04	1.432255e-04
	243	31	33.750000	65.750000	9.712270e+04	6.770387e-05
	0	41	-27.000000	63.250000	9.737439e+04	1.009383e-04
	30	48	-19.500000	61.500000	9.745489e+04	2.282527e-04
	271	162	40.750000	33.000000	1.006387e+05	-4.134430e-05
2022	2	19	6	3
	6	7	-25.500000	71.750000	1.000841e+05	-1.866290e-05
	261	19	38.250000	68.750000	9.704136e+04	1.625435e-04
	136	25	7.000000	67.250000	9.804245e+04	2.032726e-04
	32	44	-19.000000	62.500000	9.739493e+04	2.253094e-04
	0	45	-27.000000	62.250000	9.713990e+04	1.435842e-04
	152	106	11.000000	47.000000	1.008786e+05	-7.640883e-05
2022	2	19	8	6
	6	7	-25.500000	71.750000	9.999688e+04	-2.175936e-05
	260	18	38.000000	69.000000	9.699860e+04	1.887488e-04
	132	25	6.000000	67.250000	9.807034e+04	2.053451e-04
	28	39	-20.000000	63.750000	9.720971e+04	1.072746e-04
	0	42	-27.000000	63.000000	9.717598e+04	1.162246e-04
	152	107	11.000000	46.750000	1.010907e+05	-1.983394e-05
	136	115	7.000000	44.750000	1.011165e+05	4.329566e-05
	266	162	39.500000	33.000000	1.005821e+05	4.058162e-05
2022	2	19	7	9
	260	17	38.000000	69.250000	9.707259e+04	1.915228e-04
	244	24	34.000000	67.500000	9.707259e+04	5.055987e-05
	163	26	13.750000	67.000000	9.814133e+04	2.474139e-05
	130	27	5.500000	66.750000	9.812095e+04	2.589776e-04
	0	40	-27.000000	63.500000	9.732962e+04	1.009172e-04
	136	116	7.000000	44.500000	1.012652e+05	4.917875e-05
	271	155	40.750000	34.750000	1.001684e+05	3.966817e-05
2022	2	19	4	12
	261	16	38.250000	69.500000	9.714357e+04	2.076669e-04
	135	28	6.750000	66.500000	9.812062e+04	2.772497e-04
	282	151	43.500000	35.750000	9.993341e+04	1.095994e-06
	284	161	44.000000	33.250000	9.993341e+04	2.339720e-04
2022	2	19	7	15
	6	7	-25.500000	71.750000	9.976489e+04	-2.451008e-05
	263	15	38.750000	69.750000	9.722474e+04	1.406298e-04
	264	15	39.000000	69.750000	9.722474e+04	1.344791e-04
	140	28	8.000000	66.500000	9.812462e+04	2.857448e-04
	133	118	6.250000	44.000000	1.012393e+05	1.074078e-04
	278	146	42.500000	37.000000	1.003927e+05	1.132570e-05
	284	161	44.000000	33.250000	1.002379e+05	1.889377e-04
2022	2	19	9	18
	6	7	-25.500000	71.750000	9.961758e+04	-1.847471e-05
	268	14	40.000000	70.000000	9.727568e+04	1.384800e-04
	148	28	10.000000	66.500000	9.811695e+04	2.824810e-04
	99	47	-2.250000	61.750000	9.844947e+04	1.830680e-04
	0	56	-27.000000	59.500000	9.618891e+04	1.326069e-04
	274	146	41.500000	37.000000	1.007829e+05	5.677396e-05
	285	149	44.250000	36.250000	1.005427e+05	-7.530554e-05
	283	161	43.750000	33.250000	1.005240e+05	1.936300e-04
	144	162	9.000000	33.000000	1.014999e+05	-1.298685e-05
2022	2	19	7	21
	6	7	-25.500000	71.750000	9.952005e+04	-1.258930e-05
	272	11	41.000000	70.750000	9.729005e+04	1.791966e-04
	152	27	11.000000	66.750000	9.807602e+04	3.665231e-04
	0	53	-27.000000	60.250000	9.563642e+04	1.306250e-04
	284	149	44.000000	36.250000	1.007044e+05	-4.887374e-05
	153	162	11.250000	33.000000	1.015910e+05	4.801658e-05
	285	162	44.250000	33.000000	1.006841e+05	1.441479e-04
2022	2	20	11	0
	6	7	-25.500000	71.750000	9.938693e+04	-2.238869e-05
	273	9	41.250000	71.250000	9.731059e+04	2.190810e-04
	153	27	11.250000	66.750000	9.808705e+04	4.453610e-04
	0	50	-27.000000	61.000000	9.512485e+04	1.712895e-04
	267	82	39.750000	53.000000	1.000914e+05	1.127613e-04
	157	136	12.250000	39.500000	1.016517e+05	7.586505e-05
	285	149	44.250000	36.250000	1.008333e+05	-3.336929e-05
	263	155	38.750000	34.750000	1.012393e+05	-8.232846e-06
	287	161	44.750000	33.250000	1.008044e+05	1.519583e-04
	0	162	-27.000000	33.000000	1.030822e+05	1.129965e-04
	155	162	11.750000	33.000000	1.014903e+05	6.714497e-05
