2022	2	14	6	0
	5	6	-25.750000	72.000000	9.977838e+04	-3.668552e-05
	222	10	28.500000	71.000000	9.840578e+04	1.448140e-04
	193	12	21.250000	70.500000	9.840578e+04	1.408629e-04
	1	17	-26.750000	69.250000	9.977838e+04	9.199173e-06
	217	25	27.250000	67.250000	9.853284e+04	1.394535e-04
	102	71	-1.500000	55.750000	9.850355e+04	1.659956e-04
2022	2	14	5	3
	58	5	-12.500000	72.250000	1.001588e+05	1.005680e-04
	217	8	27.250000	71.500000	9.815276e+04	1.493661e-04
	226	22	29.500000	68.000000	9.829611e+04	1.012576e-04
	119	59	2.750000	58.750000	9.852548e+04	1.046514e-04
	108	70	0.000000	56.000000	9.850855e+04	1.207054e-04
2022	2	14	3	6
	63	4	-11.250000	72.500000	1.001248e+05	9.254580e-05
	219	8	27.750000	71.500000	9.802445e+04	2.079764e-04
	114	69	1.500000	56.250000	9.855352e+04	7.257462e-05
2022	2	14	4	9
	68	2	-10.000000	73.000000	1.001896e+05	8.373563e-05
	225	8	29.250000	71.500000	9.808884e+04	1.874516e-04
	0	52	-27.000000	60.500000	9.797525e+04	1.272058e-04
	120	68	3.000000	56.500000	9.861321e+04	5.488790e-05
2022	2	14	6	12
	73	1	-8.750000	73.250000	1.001956e+05	5.285711e-05
	7	6	-25.250000	72.000000	1.000215e+05	2.962226e-05
	226	9	29.500000	71.250000	9.810419e+04	2.167142e-04
	6	50	-25.500000	61.000000	9.751134e+04	2.913592e-04
	129	65	5.250000	57.250000	9.858517e+04	1.443460e-04
	130	65	5.500000	57.250000	9.858517e+04	1.549038e-04
2022	2	14	3	15
	240	7	33.000000	71.750000	9.813552e+04	1.313012e-04
	1	44	-26.750000	62.500000	9.698932e+04	1.845375e-04
	133	62	6.250000	58.000000	9.853065e+04	1.801702e-04
2022	2	14	4	18
	250	5	35.500000	72.250000	9.823909e+04	1.229091e-04
	288	11	45.000000	70.750000	9.903779e+04	9.597470e-05
	0	40	-27.000000	63.500000	9.680304e+04	1.413234e-04
	134	62	6.500000	58.000000	9.868137e+04	1.843431e-04
2022	2	14	4	21
	261	11	38.250000	70.750000	9.822012e+04	1.429491e-04
	23	44	-21.250000	62.500000	9.708536e+04	1.945865e-04
	147	57	9.750000	59.250000	9.870345e+04	3.070493e-04
	141	120	8.250000	43.500000	1.011001e+05	1.439566e-04
2022	2	15	9	0
	248	5	35.000000	72.250000	9.825459e+04	8.389987e-05
	249	5	35.250000	72.250000	9.825459e+04	8.517216e-05
	6	7	-25.500000	71.750000	9.959993e+04	4.265351e-05
	266	11	39.500000	70.750000	9.825459e+04	1.833153e-04
	0	37	-27.000000	64.250000	9.716025e+04	1.009235e-04
	28	38	-20.000000	64.000000	9.719659e+04	3.361934e-05
	126	52	4.500000	60.500000	9.864314e+04	1.029702e-04
	150	53	10.500000	60.250000	9.864314e+04	3.425157e-04
	145	118	9.250000	44.000000	1.010798e+05	1.299663e-04
2022	2	15	5	3
	270	10	40.500000	71.000000	9.830583e+04	1.788417e-04
	36	35	-18.000000	64.750000	9.741859e+04	3.445542e-05
	151	51	10.750000	60.750000	9.857984e+04	3.569431e-04
	125	52	4.250000	60.500000	9.867134e+04	7.180656e-05
	146	118	9.500000	44.000000	1.009949e+05	9.928752e-05
2022	2	15	6	6
	273	9	41.250000	71.250000	9.838353e+04	1.632745e-04
	152	50	11.000000	61.000000	9.858345e+04	3.331469e-04
	126	52	4.500000	60.500000	9.865254e+04	8.165619e-05
	0	86	-27.000000	52.000000	9.898594e+04	1.369547e-04
	157	114	12.250000	45.000000	1.010860e+05	1.042245e-04
	146	117	9.500000	44.250000	1.010860e+05	1.006621e-04
2022	2	15	7	9
	280	8	43.000000	71.500000	9.847707e+04	1.782231e-04
	2	10	-26.500000	71.000000	9.869719e+04	1.287235e-05
	0	41	-27.000000	63.250000	9.724767e+04	5.575413e-05
	125	48	4.250000	61.500000	9.876534e+04	1.250452e-04
	155	49	11.750000	61.250000	9.861588e+04	3.010824e-04
	1	82	-26.750000	53.000000	9.847644e+04	1.536797e-04
	160	111	13.000000	45.750000	1.011519e+05	1.010184e-04
2022	2	15	7	12
	2	6	-26.500000	72.000000	9.951062e+04	4.581155e-05
	280	7	43.000000	71.750000	9.855603e+04	2.132220e-04
	158	47	12.500000	61.750000	9.861854e+04	2.268827e-04
	125	48	4.250000	61.500000	9.874905e+04	1.486904e-04
	13	79	-23.750000	53.750000	9.828045e+04	2.278231e-04
	158	111	12.500000	45.750000	1.011558e+05	6.181694e-05
	156	158	12.000000	34.000000	1.016404e+05	1.077663e-04
2022	2	15	4	15
	282	7	43.500000	71.750000	9.862778e+04	2.380415e-04
	164	46	14.000000	62.000000	9.870738e+04	2.123341e-04
	27	76	-20.250000	54.500000	9.806127e+04	2.509131e-04
	163	162	13.750000	33.000000	1.015298e+05	3.196788e-05
2022	2	15	5	18
	285	7	44.250000	71.750000	9.875171e+04	1.919113e-04
	140	40	8.000000	63.500000	9.867087e+04	9.783241e-05
	166	44	14.500000	62.500000	9.867995e+04	1.495232e-04
	42	74	-16.500000	55.000000	9.801943e+04	2.649415e-04
	164	162	14.000000	33.000000	1.015784e+05	4.709354e-05
2022	2	15	3	21
	285	7	44.250000	71.750000	9.888504e+04	1.776304e-04
	56	73	-13.000000	55.250000	9.808241e+04	2.436942e-04
	167	160	14.750000	33.500000	1.017007e+05	1.343182e-05
2022	2	16	2	0
	287	6	44.750000	72.000000	9.897230e+04	1.581773e-04
	66	72	-10.500000	55.500000	9.816717e+04	2.238761e-04
2022	2	16	3	3
	286	6	44.500000	72.000000	9.903529e+04	1.617188e-04
	75	72	-8.250000	55.500000	9.839012e+04	2.101499e-04
	76	72	-8.000000	55.500000	9.839012e+04	2.074219e-04
2022	2	16	3	6
	287	6	44.750000	72.000000	9.908589e+04	1.255431e-04
	10	63	-24.500000	57.750000	9.643188e+04	2.785542e-04
	279	121	42.750000	43.250000	1.021621e+05	2.292950e-07
2022	2	16	4	9
	286	5	44.500000	72.250000	9.914809e+04	1.373895e-04
	24	59	-21.000000	58.750000	9.595341e+04	2.414396e-04
	40	62	-17.000000	58.000000	9.595341e+04	2.640191e-04
	137	116	7.250000	44.500000	1.011980e+05	9.465076e-05
2022	2	16	4	12
	283	4	43.750000	72.500000	9.914824e+04	1.714077e-04
	44	57	-16.000000	59.250000	9.573298e+04	2.784208e-04
	25	58	-20.750000	59.000000	9.573298e+04	4.761755e-04
	137	116	7.250000	44.500000	1.011062e+05	8.945318e-05
2022	2	16	3	15
	279	4	42.750000	72.500000	9.909153e+04	1.843332e-04
	43	55	-16.250000	59.750000	9.550126e+04	3.354961e-04
	269	162	40.250000	33.000000	1.014936e+05	3.013814e-05
2022	2	16	5	18
	276	4	42.000000	72.500000	9.900567e+04	1.950834e-04
	45	57	-15.750000	59.250000	9.569036e+04	3.640480e-04
	136	115	7.000000	44.750000	1.011872e+05	3.915526e-05
	278	151	42.500000	35.750000	1.015160e+05	4.979836e-06
	287	155	44.750000	34.750000	1.015160e+05	2.706576e-05
2022	2	16	6	21
	275	4	41.750000	72.500000	9.895930e+04	1.909197e-04
	0	34	-27.000000	65.000000	9.806831e+04	3.697358e-05
	56	59	-13.000000	58.750000	9.602658e+04	3.395764e-04
	150	109	10.500000	46.250000	1.006550e+05	7.429656e-06
	138	117	7.500000	44.250000	1.010391e+05	4.138438e-05
	188	138	20.000000	39.000000	1.012138e+05	1.165986e-04
2022	2	17	4	0
	274	5	41.500000	72.250000	9.891011e+04	1.725392e-04
	81	56	-6.750000	59.500000	9.612544e+04	2.445885e-04
	138	117	7.500000	44.250000	1.010321e+05	6.127401e-05
	189	139	20.250000	38.750000	1.011253e+05	1.044578e-04
2022	2	17	4	3
	275	4	41.750000	72.500000	9.884430e+04	1.617171e-04
	87	57	-5.250000	59.250000	9.630184e+04	3.147396e-04
	280	121	43.000000	43.250000	1.015850e+05	-1.399276e-05
	188	139	20.000000	38.750000	1.009959e+05	9.640570e-05
2022	2	17	5	6
	275	3	41.750000	72.750000	9.880357e+04	1.451335e-04
	98	57	-2.500000	59.250000	9.657649e+04	2.259581e-04
	151	61	10.750000	58.250000	9.697287e+04	2.074229e-04
	281	121	43.250000	43.250000	1.015873e+05	-1.979426e-05
	187	141	19.750000	38.250000	1.010856e+05	1.116693e-04
2022	2	17	6	9
	276	3	42.000000	72.750000	9.883114e+04	1.460840e-04
	118	57	2.500000	59.250000	9.683938e+04	1.357029e-04
	158	61	12.500000	58.250000	9.710964e+04	2.211628e-04
	179	67	17.750000	56.750000	9.712923e+04	2.218158e-04
	0	117	-27.000000	44.250000	1.006526e+05	1.174945e-04
	281	121	43.250000	43.250000	1.014494e+05	-1.398918e-05
2022	2	17	6	12
	275	2	41.750000	73.000000	9.883882e+04	1.162660e-04
	127	58	4.750000	59.000000	9.707925e+04	1.347317e-04
	166	61	14.500000	58.250000	9.702802e+04	1.811163e-04
	187	65	19.750000	57.250000	9.702802e+04	2.388208e-04
	4	114	-26.000000	45.000000	1.002556e+05	2.721985e-04
	279	128	42.750000	41.500000	1.012047e+05	5.305672e-06
2022	2	17	3	15
	274	1	41.500000	73.250000	9.881250e+04	1.190450e-04
	194	63	21.500000	57.750000	9.696519e+04	2.462243e-04
	9	111	-24.750000	45.750000	9.988820e+04	3.039736e-04
2022	2	17	5	18
	271	0	40.750000	73.500000	9.874482e+04	8.349691e-05
	142	38	8.500000	64.000000	9.775325e+04	1.267804e-04
	198	62	22.500000	58.000000	9.693135e+04	2.372310e-04
	14	109	-23.500000	46.250000	9.980736e+04	2.936049e-04
	281	121	43.250000	43.250000	1.012035e+05	-2.806566e-05
2022	2	17	6	21
	270	1	40.500000	73.250000	9.873683e+04	8.952805e-05
	142	38	8.500000	64.000000	9.797243e+04	1.225006e-04
	204	62	24.000000	58.000000	9.694482e+04	2.540884e-04
	38	101	-17.500000	48.250000	9.999568e+04	1.566221e-04
	20	107	-22.000000	46.750000	9.992048e+04	2.931282e-04
	281	121	43.250000	43.250000	1.010952e+05	1.366093e-05
2022	2	18	4	0
	274	0	41.500000	73.500000	9.875766e+04	7.143871e-05
	144	38	9.000000	64.000000	9.822890e+04	1.112355e-04
	209	60	25.250000	58.500000	9.705700e+04	2.212583e-04
	26	106	-20.500000	47.000000	1.000170e+05	3.036446e-04
2022	2	18	3	3
	145	37	9.250000	64.250000	9.842082e+04	1.358592e-04
	146	37	9.500000	64.250000	9.842082e+04	1.252137e-04
	214	59	26.500000	58.750000	9.713643e+04	1.937638e-04
2022	2	18	3	6
	148	37	10.000000	64.250000	9.857327e+04	1.294334e-04
	216	59	27.000000	58.750000	9.728590e+04	1.795134e-04
	70	89	-9.500000	51.250000	9.991045e+04	1.819031e-04
2022	2	18	4	9
	149	36	10.250000	64.500000	9.873009e+04	1.132123e-04
	230	51	30.500000	60.750000	9.748502e+04	9.351135e-05
	220	59	28.000000	58.750000	9.748502e+04	1.655648e-04
	85	85	-5.750000	52.250000	9.991108e+04	1.995802e-04
2022	2	18	5	12
	147	29	9.750000	66.250000	9.882629e+04	4.902775e-05
	232	49	31.000000	61.250000	9.762619e+04	1.281129e-04
	226	59	29.500000	58.750000	9.762619e+04	1.200378e-04
	95	83	-3.250000	52.750000	9.980705e+04	1.966425e-04
	49	108	-14.750000	46.500000	1.002471e+05	3.512999e-04
2022	2	18	4	15
	145	30	9.250000	66.000000	9.881595e+04	1.019270e-04
	232	49	31.000000	61.250000	9.773413e+04	1.313850e-04
	111	80	0.750000	53.500000	9.967716e+04	1.531445e-04
	56	108	-13.000000	46.500000	1.002438e+05	3.195936e-04
2022	2	18	4	18
	147	30	9.750000	66.000000	9.881923e+04	1.237140e-04
	234	49	31.500000	61.250000	9.776609e+04	1.125123e-04
	124	79	4.000000	53.750000	9.964395e+04	1.519407e-04
	63	107	-11.250000	46.750000	1.004447e+05	2.715338e-04
2022	2	18	4	21
	151	26	10.750000	67.000000	9.879684e+04	1.161507e-04
	249	45	35.250000	62.250000	9.769638e+04	1.128103e-04
	1	51	-26.750000	60.750000	9.883459e+04	6.399960e-05
	129	78	5.250000	54.000000	9.969706e+04	1.574222e-04
2022	2	19	4	0
	151	26	10.750000	67.000000	9.874654e+04	1.575680e-04
	250	43	35.500000	62.750000	9.763637e+04	1.409941e-04
	140	78	8.000000	54.000000	9.972417e+04	1.817078e-04
	278	118	42.500000	44.000000	1.005979e+05	4.900697e-05
2022	2	19	3	3
	151	26	10.750000	67.000000	9.871755e+04	1.359880e-04
	253	42	36.250000	63.000000	9.756838e+04	1.385217e-04
	161	80	13.250000	53.500000	9.967842e+04	1.052757e-04
2022	2	19	3	6
	152	27	11.000000	66.750000	9.870345e+04	1.208290e-04
	257	38	37.250000	64.000000	9.755412e+04	8.524823e-05
	115	125	1.750000	42.250000	1.014845e+05	4.791988e-05
2022	2	19	4	9
	180	21	18.000000	68.250000	9.882582e+04	-1.092802e-05
	154	29	11.500000	66.250000	9.877035e+04	1.110931e-04
	262	34	38.500000	65.000000	9.757919e+04	7.583297e-05
	180	81	18.000000	53.250000	9.965617e+04	8.374209e-05
2022	2	19	7	12
	182	22	18.500000	68.000000	9.900427e+04	-6.427424e-06
	155	30	11.750000	66.000000	9.891966e+04	1.459288e-04
	264	33	39.000000	65.250000	9.760504e+04	9.436552e-05
	76	56	-8.000000	59.500000	9.935599e+04	1.526003e-04
	192	81	21.000000	53.250000	9.958426e+04	1.142570e-04
	165	126	14.250000	42.000000	1.014187e+05	2.451940e-05
	262	162	38.500000	33.000000	1.008743e+05	1.491920e-05
2022	2	19	3	15
	265	33	39.250000	65.250000	9.771752e+04	1.259304e-04
	80	56	-7.000000	59.500000	9.947491e+04	1.539059e-04
	264	162	39.000000	33.000000	1.008884e+05	-1.767057e-05
2022	2	19	3	18
	165	13	14.250000	70.250000	9.913023e+04	5.823292e-05
	275	30	41.750000	66.000000	9.780307e+04	8.201891e-05
	137	117	7.250000	44.250000	1.014378e+05	1.129848e-04
2022	2	19	4	21
	280	28	43.000000	66.500000	9.791995e+04	9.169292e-05
	0	50	-27.000000	61.000000	9.607875e+04	1.879256e-05
	223	82	28.750000	53.000000	9.942336e+04	1.167015e-04
	137	117	7.250000	44.250000	1.015434e+05	9.950282e-05
2022	2	20	4	0
	281	27	43.250000	66.750000	9.800486e+04	1.540632e-04
	0	57	-27.000000	59.250000	9.533816e+04	1.430320e-04
	235	81	31.750000	53.250000	9.924068e+04	1.489909e-04
	261	162	38.250000	33.000000	1.009120e+05	8.719043e-06
