2022	2	14	5	0
	2	6	-26.500000	72.000000	9.972260e+04	1.146610e-05
	215	9	26.750000	71.250000	9.835674e+04	1.065840e-04
	1	17	-26.750000	69.250000	9.972260e+04	1.019300e-05
	221	21	28.250000	68.250000	9.836145e+04	8.012960e-05
	105	71	-0.750000	55.750000	9.850981e+04	1.016260e-04
2022	2	14	5	3
	58	5	-12.500000	72.250000	1.001220e+05	9.722704e-05
	210	9	25.500000	71.250000	9.805907e+04	2.306961e-04
	232	20	31.000000	68.500000	9.811343e+04	7.983274e-05
	121	64	3.250000	57.500000	9.845873e+04	1.057131e-04
	107	71	-0.250000	55.750000	9.845873e+04	1.511375e-04
2022	2	14	3	6
	62	3	-11.500000	72.750000	1.001057e+05	7.154671e-05
	217	8	27.250000	71.500000	9.796115e+04	2.157254e-04
	110	70	0.500000	56.000000	9.851122e+04	1.415500e-04
2022	2	14	4	9
	67	2	-10.250000	73.000000	1.001854e+05	6.381429e-05
	234	9	31.500000	71.250000	9.795911e+04	1.709848e-04
	0	53	-27.000000	60.250000	9.798152e+04	1.336117e-04
	118	68	2.500000	56.500000	9.856747e+04	9.359363e-05
2022	2	14	5	12
	74	0	-8.500000	73.500000	1.001904e+05	3.145377e-05
	7	6	-25.250000	72.000000	1.000106e+05	3.030720e-05
	231	9	30.750000	71.250000	9.789801e+04	1.675584e-04
	0	48	-27.000000	61.500000	9.756634e+04	1.531456e-04
	127	65	4.750000	57.250000	9.850855e+04	1.305741e-04
2022	2	14	5	15
	6	7	-25.500000	71.750000	9.983556e+04	4.079855e-05
	231	10	30.750000	71.000000	9.794345e+04	1.693735e-04
	232	10	31.000000	71.000000	9.794345e+04	1.444289e-04
	3	45	-26.250000	62.250000	9.715320e+04	2.631350e-04
	128	63	5.000000	57.750000	9.851326e+04	1.885575e-04
2022	2	14	4	18
	249	12	35.250000	70.500000	9.799013e+04	1.478825e-04
	288	13	45.000000	70.250000	9.889883e+04	7.733024e-05
	0	40	-27.000000	63.500000	9.684738e+04	1.718862e-04
	131	63	5.750000	57.750000	9.859895e+04	2.293028e-04
2022	2	14	9	21
	248	4	35.000000	72.500000	9.800721e+04	1.105886e-04
	288	11	45.000000	70.750000	9.868810e+04	4.139225e-05
	254	12	36.500000	70.500000	9.800721e+04	1.560506e-04
	0	36	-27.000000	64.500000	9.671938e+04	1.796230e-04
	24	45	-21.000000	62.250000	9.709038e+04	2.201154e-04
	123	53	3.750000	60.250000	9.860961e+04	9.787267e-05
	148	57	10.000000	59.250000	9.860961e+04	2.597708e-04
	133	61	6.250000	58.250000	9.860961e+04	2.283811e-04
	142	120	8.500000	43.500000	1.010805e+05	1.402522e-04
2022	2	15	6	0
	243	5	33.750000	72.250000	9.809166e+04	1.327764e-04
	261	11	38.250000	70.750000	9.809166e+04	1.530184e-04
	0	37	-27.000000	64.250000	9.733352e+04	1.346030e-04
	123	54	3.750000	60.000000	9.867682e+04	5.781158e-05
	135	61	6.750000	58.250000	9.867682e+04	2.408922e-04
	145	118	9.250000	44.000000	1.010482e+05	1.263630e-04
2022	2	15	6	3
	239	9	32.750000	71.250000	9.814054e+04	2.588941e-04
	269	11	40.250000	70.750000	9.814054e+04	1.716565e-04
	270	11	40.500000	70.750000	9.814054e+04	1.706705e-04
	22	35	-21.500000	64.750000	9.724970e+04	1.265109e-04
	140	60	8.000000	58.500000	9.870142e+04	2.561599e-04
	153	117	11.250000	44.250000	1.010139e+05	1.060031e-04
2022	2	15	9	6
	274	10	41.500000	71.000000	9.816873e+04	1.708894e-04
	253	14	36.250000	70.000000	9.816873e+04	1.726100e-04
	0	32	-27.000000	65.500000	9.738538e+04	6.967618e-05
	24	35	-21.000000	64.750000	9.738538e+04	1.870995e-04
	60	50	-12.000000	61.000000	9.782030e+04	2.875621e-04
	120	53	3.000000	60.250000	9.887548e+04	3.542927e-05
	144	60	9.000000	58.500000	9.879417e+04	2.102395e-04
	0	84	-27.000000	52.500000	9.866664e+04	1.394160e-04
	157	113	12.250000	45.250000	1.010557e+05	1.154198e-04
2022	2	15	8	9
	275	9	41.750000	71.250000	9.827856e+04	1.805787e-04
	11	31	-24.250000	65.750000	9.730282e+04	8.120790e-05
	0	39	-27.000000	63.750000	9.730282e+04	-1.425463e-05
	58	47	-12.500000	61.750000	9.768180e+04	3.049450e-04
	150	58	10.500000	59.000000	9.890634e+04	1.735739e-04
	6	80	-25.500000	53.500000	9.807489e+04	2.648918e-04
	159	113	12.750000	45.250000	1.010883e+05	1.039563e-04
	155	158	11.750000	34.000000	1.017139e+05	7.889273e-05
2022	2	15	6	12
	276	10	42.000000	71.000000	9.840453e+04	2.126603e-04
	0	40	-27.000000	63.500000	9.730564e+04	2.704433e-05
	52	43	-14.000000	62.750000	9.764859e+04	2.798134e-04
	156	54	12.000000	60.000000	9.905158e+04	1.459620e-04
	20	76	-22.000000	54.500000	9.766739e+04	3.167793e-04
	158	111	12.500000	45.750000	1.011127e+05	7.366312e-05
2022	2	15	4	15
	282	10	43.500000	71.000000	9.858125e+04	2.387920e-04
	0	40	-27.000000	63.500000	9.726271e+04	4.147894e-05
	50	40	-14.500000	63.500000	9.743082e+04	2.836780e-04
	32	73	-19.000000	55.250000	9.705904e+04	3.843459e-04
2022	2	15	3	18
	283	9	43.750000	71.250000	9.870471e+04	2.183811e-04
	43	38	-16.250000	64.000000	9.738491e+04	2.388955e-04
	47	71	-15.250000	55.750000	9.686931e+04	4.158501e-04
2022	2	15	4	21
	283	8	43.750000	71.500000	9.880373e+04	2.262145e-04
	33	34	-18.750000	65.000000	9.743896e+04	2.053386e-04
	183	45	18.750000	62.250000	9.905863e+04	1.277399e-04
	63	70	-11.250000	56.000000	9.672439e+04	4.070305e-04
2022	2	16	5	0
	282	9	43.500000	71.250000	9.891387e+04	2.220436e-04
	183	45	18.750000	62.250000	9.892202e+04	1.776700e-04
	113	52	1.250000	60.500000	9.820634e+04	1.323748e-04
	76	70	-8.000000	56.000000	9.674068e+04	4.234796e-04
	279	121	42.750000	43.250000	1.020891e+05	1.617456e-06
2022	2	16	6	3
	283	9	43.750000	71.250000	9.900599e+04	2.140270e-04
	0	40	-27.000000	63.500000	9.729623e+04	2.430743e-05
	187	44	19.750000	62.500000	9.887798e+04	1.704852e-04
	115	51	1.750000	60.750000	9.808633e+04	1.145161e-04
	93	71	-3.750000	55.750000	9.696770e+04	3.376495e-04
	279	121	42.750000	43.250000	1.021653e+05	5.025965e-06
2022	2	16	5	6
	285	9	44.250000	71.250000	9.907539e+04	1.691568e-04
	190	43	20.500000	62.750000	9.884524e+04	1.468726e-04
	117	51	2.250000	60.750000	9.801739e+04	1.323507e-04
	12	71	-24.000000	55.750000	9.771455e+04	1.440721e-04
	111	72	0.750000	55.500000	9.693762e+04	2.971511e-04
2022	2	16	7	9
	285	8	44.250000	71.500000	9.916579e+04	1.508357e-04
	193	42	21.250000	63.000000	9.890180e+04	1.225107e-04
	120	51	3.000000	60.750000	9.806032e+04	1.608558e-04
	19	69	-22.250000	56.250000	9.758984e+04	2.607380e-04
	127	76	4.750000	54.500000	9.723717e+04	2.942904e-04
	137	116	7.250000	44.500000	1.010581e+05	9.198311e-05
	182	136	18.500000	39.500000	1.013122e+05	1.716685e-04
2022	2	16	9	12
	283	8	43.750000	71.500000	9.921060e+04	1.412728e-04
	196	40	22.000000	63.500000	9.895962e+04	9.533835e-05
	122	48	3.500000	61.500000	9.820305e+04	1.461124e-04
	122	49	3.500000	61.250000	9.820305e+04	1.598872e-04
	35	64	-18.250000	57.500000	9.740669e+04	2.128530e-04
	53	65	-13.750000	57.250000	9.740669e+04	1.507649e-04
	141	77	8.250000	54.250000	9.743991e+04	2.717349e-04
	138	117	7.500000	44.250000	1.011467e+05	1.282800e-04
	183	134	18.750000	40.000000	1.011069e+05	2.147448e-04
2022	2	16	5	15
	285	7	44.250000	71.750000	9.918945e+04	1.453544e-04
	61	62	-11.750000	58.000000	9.721179e+04	1.376180e-04
	40	64	-17.000000	57.500000	9.721179e+04	3.293576e-04
	159	76	12.750000	54.500000	9.743944e+04	2.172641e-04
	183	133	18.750000	40.250000	1.009396e+05	2.297534e-04
2022	2	16	5	18
	280	6	43.000000	72.000000	9.913446e+04	1.910836e-04
	57	64	-12.750000	57.500000	9.722370e+04	3.010704e-04
	173	77	16.250000	54.250000	9.752639e+04	1.104122e-04
	174	77	16.500000	54.250000	9.752639e+04	1.046973e-04
	183	133	18.750000	40.250000	1.009724e+05	2.018729e-04
2022	2	16	7	21
	277	5	42.250000	72.250000	9.911801e+04	1.696011e-04
	0	35	-27.000000	64.750000	9.829360e+04	-2.990285e-05
	72	59	-9.000000	58.750000	9.705027e+04	2.237186e-04
	98	61	-2.500000	58.250000	9.713878e+04	1.868500e-04
	184	73	19.000000	55.250000	9.763152e+04	1.352870e-04
	183	136	18.750000	39.500000	1.010860e+05	1.351652e-04
	287	153	44.750000	35.250000	1.015212e+05	2.603258e-05
2022	2	17	7	0
	271	4	40.750000	72.500000	9.907461e+04	1.754762e-04
	0	33	-27.000000	65.250000	9.854961e+04	-1.664575e-05
	106	59	-0.500000	58.750000	9.717059e+04	2.173043e-04
	85	61	-5.750000	58.250000	9.717059e+04	1.895658e-04
	190	70	20.500000	56.000000	9.768462e+04	1.923687e-04
	137	114	7.250000	45.000000	1.007703e+05	7.071861e-05
	184	139	19.000000	38.750000	1.010744e+05	1.130174e-04
2022	2	17	6	3
	264	3	39.000000	72.750000	9.902463e+04	1.688512e-04
	111	58	0.750000	59.000000	9.698650e+04	2.139292e-04
	196	69	22.000000	56.250000	9.754707e+04	1.665865e-04
	280	121	43.000000	43.250000	1.012769e+05	2.254677e-06
	185	141	19.250000	38.250000	1.009749e+05	1.123721e-04
	200	145	23.000000	37.250000	1.009822e+05	9.422343e-05
2022	2	17	4	6
	255	3	36.750000	72.750000	9.895178e+04	1.799233e-04
	113	59	1.250000	58.750000	9.708363e+04	2.417700e-04
	200	66	23.000000	57.000000	9.749552e+04	1.399498e-04
	280	121	43.000000	43.250000	1.012161e+05	-1.724017e-06
2022	2	17	3	9
	248	4	35.000000	72.500000	9.893611e+04	1.644384e-04
	202	61	23.500000	58.250000	9.739024e+04	1.705125e-04
	117	62	2.250000	58.000000	9.747923e+04	2.637342e-04
2022	2	17	4	12
	246	5	34.500000	72.250000	9.891480e+04	1.821086e-04
	114	41	1.500000	63.250000	9.800455e+04	1.186374e-04
	204	59	24.000000	58.750000	9.720552e+04	1.557108e-04
	170	73	15.500000	55.250000	9.767961e+04	1.494373e-04
2022	2	17	3	15
	246	5	34.500000	72.250000	9.889616e+04	2.118776e-04
	0	41	-27.000000	63.250000	9.920716e+04	2.735867e-05
	208	57	25.000000	59.250000	9.712437e+04	1.129039e-04
2022	2	17	3	18
	245	5	34.250000	72.250000	9.889444e+04	1.948067e-04
	212	55	26.000000	59.750000	9.707157e+04	8.714245e-05
	29	72	-19.750000	55.500000	9.962296e+04	2.086591e-04
2022	2	17	4	21
	242	6	33.500000	72.000000	9.891465e+04	1.765905e-04
	121	44	3.250000	62.500000	9.834217e+04	1.413823e-04
	214	54	26.500000	60.000000	9.703773e+04	1.247247e-04
	33	71	-18.750000	55.750000	9.958927e+04	2.193072e-04
2022	2	18	5	0
	239	6	32.750000	72.000000	9.898530e+04	1.465092e-04
	159	42	12.750000	63.000000	9.824002e+04	-2.504870e-05
	217	52	27.250000	60.500000	9.710291e+04	1.189907e-04
	37	71	-17.750000	55.750000	9.949903e+04	2.394697e-04
	116	124	2.000000	42.500000	1.017366e+05	-5.326017e-06
2022	2	18	6	3
	1	39	-26.750000	63.750000	9.921483e+04	7.481813e-05
	2	39	-26.500000	63.750000	9.921483e+04	8.471646e-05
	160	42	13.000000	63.000000	9.828327e+04	6.395735e-06
	215	45	26.750000	62.250000	9.709601e+04	8.200452e-05
	43	73	-16.250000	55.250000	9.935552e+04	2.162629e-04
	64	84	-11.000000	52.500000	9.934988e+04	1.315884e-04
2022	2	18	3	6
	1	39	-26.750000	63.750000	9.900677e+04	4.788190e-05
	217	45	27.250000	62.250000	9.715148e+04	9.470202e-05
	70	80	-9.500000	53.500000	9.888770e+04	2.056428e-04
2022	2	18	3	9
	221	44	28.250000	62.500000	9.723357e+04	5.244971e-05
	70	74	-9.500000	55.000000	9.854365e+04	2.542303e-04
	144	111	9.000000	45.750000	1.014121e+05	-2.337456e-05
2022	2	18	4	12
	151	30	10.750000	66.000000	9.875093e+04	4.216874e-05
	223	41	28.750000	63.250000	9.733321e+04	4.965094e-05
	85	73	-5.750000	55.250000	9.793765e+04	3.158735e-04
	103	78	-1.250000	54.000000	9.793765e+04	1.623256e-04
2022	2	18	5	15
	151	30	10.750000	66.000000	9.875688e+04	1.363626e-05
	228	41	30.000000	63.250000	9.742345e+04	6.010259e-05
	88	71	-5.000000	55.750000	9.759438e+04	3.707728e-04
	258	152	37.500000	35.500000	9.990027e+04	4.497333e-05
	263	162	38.750000	33.000000	9.990027e+04	6.073857e-05
2022	2	18	5	18
	150	30	10.500000	66.000000	9.871082e+04	4.644398e-05
	232	38	31.000000	64.000000	9.748111e+04	5.994722e-05
	103	69	-1.250000	56.250000	9.767507e+04	3.032819e-04
	273	127	41.250000	41.750000	1.000120e+05	4.071117e-06
	263	161	38.750000	33.250000	9.990763e+04	2.030728e-04
2022	2	18	6	21
	234	36	31.500000	64.500000	9.751245e+04	6.186976e-05
	1	55	-26.750000	59.750000	9.817752e+04	1.381868e-04
	126	66	4.500000	57.000000	9.751855e+04	2.421798e-04
	107	71	-0.250000	55.750000	9.751855e+04	2.972952e-04
	280	119	43.000000	43.750000	1.001981e+05	4.817878e-06
	265	160	39.250000	33.500000	9.989525e+04	2.332227e-04
2022	2	19	7	0
	238	33	32.500000	65.250000	9.754785e+04	9.531775e-05
	0	40	-27.000000	63.500000	9.831178e+04	2.831400e-05
	3	53	-26.250000	60.250000	9.814869e+04	1.717119e-04
	131	65	5.750000	57.250000	9.720694e+04	2.952064e-04
	116	125	2.000000	42.250000	1.010701e+05	-1.295820e-05
	266	159	39.500000	33.750000	9.981394e+04	2.022874e-04
	280	162	43.000000	33.000000	9.983274e+04	8.773467e-05
2022	2	19	7	3
	240	30	33.000000	66.000000	9.758326e+04	1.147996e-04
	3	52	-26.250000	60.500000	9.818205e+04	1.571542e-04
	137	65	7.250000	57.250000	9.714254e+04	3.263984e-04
	127	121	4.750000	43.250000	1.009338e+05	1.157095e-04
	242	156	33.500000	34.500000	9.995181e+04	2.032487e-04
	269	158	40.250000	34.000000	9.975284e+04	2.100692e-04
	283	161	43.750000	33.250000	9.976209e+04	1.305073e-04
2022	2	19	8	6
	239	27	32.750000	66.750000	9.760520e+04	1.260427e-04
	5	51	-25.750000	60.750000	9.817422e+04	1.355463e-04
	41	55	-16.750000	59.750000	9.832823e+04	2.197379e-04
	153	61	11.250000	58.250000	9.721900e+04	2.255772e-04
	177	61	17.250000	58.250000	9.724501e+04	2.229613e-04
	263	152	38.750000	35.500000	9.989180e+04	7.772327e-05
	244	157	34.000000	34.250000	9.996434e+04	2.030314e-04
	273	157	41.250000	34.250000	9.989180e+04	1.767785e-04
2022	2	19	7	9
	237	26	32.250000	67.000000	9.773335e+04	1.137543e-04
	5	50	-25.750000	61.000000	9.811578e+04	1.331900e-04
	185	58	19.250000	59.000000	9.699465e+04	2.844378e-04
	164	61	14.000000	58.250000	9.699465e+04	1.746076e-04
	136	115	7.000000	44.750000	1.010194e+05	1.123431e-04
	279	153	42.750000	35.250000	9.984527e+04	1.664259e-04
	244	160	34.000000	33.500000	1.000678e+05	1.909272e-04
2022	2	19	9	12
	246	17	34.500000	69.250000	9.781216e+04	1.530069e-04
	238	25	32.500000	67.250000	9.781216e+04	9.692029e-05
	2	48	-26.500000	61.500000	9.784365e+04	1.089153e-04
	190	56	20.500000	59.500000	9.683641e+04	3.296929e-04
	0	58	-27.000000	59.000000	9.784459e+04	8.876453e-05
	175	62	16.750000	58.000000	9.683641e+04	1.224916e-04
	135	119	6.750000	43.750000	1.009373e+05	1.464470e-04
	279	151	42.750000	35.750000	9.996294e+04	1.616531e-04
	245	162	34.250000	33.000000	1.002935e+05	1.010594e-04
2022	2	19	5	15
	245	17	34.250000	69.250000	9.782877e+04	1.495899e-04
	196	56	22.000000	59.500000	9.678956e+04	3.739429e-04
	151	116	10.750000	44.500000	1.008354e+05	1.860396e-05
	136	120	7.000000	43.500000	1.008354e+05	1.146564e-04
	283	155	43.750000	34.750000	1.003068e+05	1.507591e-04
2022	2	19	5	18
	246	17	34.500000	69.250000	9.789958e+04	1.216353e-04
	203	56	23.750000	59.500000	9.687527e+04	3.884881e-04
	154	116	11.500000	44.500000	1.010133e+05	2.317574e-05
	138	121	7.500000	43.250000	1.010043e+05	8.764325e-05
	279	151	42.750000	35.750000	1.006783e+05	1.201151e-04
2022	2	19	7	21
	265	13	39.250000	70.250000	9.790726e+04	7.104918e-05
	222	49	28.500000	61.250000	9.705904e+04	1.201554e-04
	211	56	25.750000	59.500000	9.705904e+04	3.405540e-04
	157	116	12.250000	44.500000	1.012492e+05	7.883483e-05
	140	121	8.000000	43.250000	1.011917e+05	4.069498e-05
	268	151	40.000000	35.750000	1.008445e+05	1.255080e-04
	278	151	42.500000	35.750000	1.008445e+05	1.031331e-04
2022	2	20	6	0
	274	12	41.500000	70.500000	9.790913e+04	5.730775e-05
	0	52	-27.000000	60.500000	9.533801e+04	8.793687e-05
	221	55	28.250000	59.750000	9.725581e+04	2.477576e-04
	138	120	7.500000	43.500000	1.012935e+05	1.089111e-04
	151	125	10.750000	42.250000	1.012935e+05	3.446122e-05
	277	151	42.250000	35.750000	1.009523e+05	1.217276e-04
