2022	2	10	8	0
	163	12	13.750000	70.500000	9.655484e+04	-1.502997e-05
	150	23	10.500000	67.750000	9.655484e+04	4.210535e-04
	58	56	-12.500000	59.500000	9.865629e+04	4.683818e-04
	152	106	11.000000	47.000000	1.022820e+05	-3.920266e-05
	139	110	7.750000	46.000000	1.022820e+05	-8.014582e-05
	282	140	43.500000	38.500000	1.009068e+05	1.144291e-06
	249	150	35.250000	36.000000	1.007685e+05	1.050212e-04
	277	162	42.250000	33.000000	1.007913e+05	8.925256e-05
2022	2	10	7	6
	8	6	-25.000000	72.000000	1.003367e+05	-1.981543e-05
	177	6	17.250000	72.000000	9.724712e+04	1.245108e-04
	163	16	13.750000	69.500000	9.720784e+04	6.615851e-05
	76	59	-8.000000	58.750000	9.914105e+04	4.798548e-04
	150	109	10.500000	46.250000	1.021483e+05	-1.329474e-05
	249	150	35.250000	36.000000	1.009783e+05	8.466790e-05
	255	157	36.750000	34.250000	1.009783e+05	5.713619e-05
2022	2	10	7	12
	184	6	19.000000	72.000000	9.741770e+04	1.031612e-04
	198	15	22.500000	69.750000	9.741770e+04	-9.380123e-06
	16	22	-23.000000	68.000000	1.002182e+05	1.057457e-04
	93	63	-3.750000	57.750000	1.000344e+05	3.659461e-04
	137	117	7.250000	44.250000	1.022159e+05	1.139767e-04
	284	139	44.000000	38.750000	1.009314e+05	2.475257e-05
	272	147	41.000000	36.750000	1.009586e+05	7.193548e-05
2022	2	10	6	18
	214	0	26.500000	73.500000	9.768343e+04	9.572872e-06
	193	8	21.250000	71.500000	9.768343e+04	1.696067e-04
	10	14	-24.500000	70.000000	9.976181e+04	-1.128053e-06
	38	18	-17.500000	69.000000	9.976181e+04	1.573576e-04
	111	67	0.750000	56.750000	1.006026e+05	2.578515e-04
	86	156	-5.500000	34.500000	1.021067e+05	2.187477e-05
2022	2	11	5	0
	221	0	28.250000	73.500000	9.792728e+04	-8.854155e-07
	204	7	24.000000	71.750000	9.792728e+04	1.387274e-04
	51	14	-14.250000	70.000000	9.925438e+04	2.321890e-04
	0	71	-27.000000	55.750000	9.964106e+04	1.310208e-04
	124	72	4.000000	55.500000	1.009518e+05	2.840403e-04
2022	2	11	5	6
	210	9	25.500000	71.250000	9.808750e+04	1.584757e-04
	66	14	-10.500000	70.000000	9.913949e+04	1.661972e-04
	94	18	-3.500000	69.000000	9.913949e+04	1.152683e-04
	0	62	-27.000000	58.000000	9.913441e+04	1.231088e-04
	15	66	-23.250000	57.000000	9.913441e+04	1.881479e-04
2022	2	11	8	12
	227	14	29.750000	70.000000	9.846715e+04	2.856073e-04
	228	14	30.000000	70.000000	9.846715e+04	2.830624e-04
	108	16	0.000000	69.500000	9.928545e+04	1.443697e-04
	73	18	-8.750000	69.000000	9.929112e+04	2.389223e-04
	14	59	-23.500000	58.750000	9.893922e+04	2.110593e-04
	35	62	-18.250000	58.000000	9.893922e+04	2.014401e-04
	3	70	-26.250000	56.000000	9.894430e+04	8.440060e-05
	137	117	7.250000	44.250000	1.020198e+05	5.677211e-05
2022	2	11	6	18
	248	7	35.000000	71.750000	9.859220e+04	2.970165e-06
	242	15	33.500000	69.750000	9.859220e+04	2.690464e-04
	113	17	1.250000	69.250000	9.903183e+04	1.996099e-04
	31	56	-19.250000	59.500000	9.858243e+04	2.620097e-04
	8	60	-25.000000	58.500000	9.863362e+04	2.319390e-04
	132	122	6.000000	43.000000	1.020540e+05	8.005487e-05
2022	2	12	7	0
	251	7	35.750000	71.750000	9.869517e+04	1.417135e-05
	251	15	35.750000	69.750000	9.869517e+04	1.558739e-04
	142	21	8.500000	68.250000	9.904355e+04	1.377574e-04
	119	24	2.750000	67.500000	9.904355e+04	1.754760e-04
	28	58	-20.000000	59.000000	9.844468e+04	2.777354e-04
	46	62	-15.500000	58.000000	9.844468e+04	8.268190e-05
	231	89	30.750000	51.250000	1.014170e+05	1.332080e-04
2022	2	12	7	6
	257	5	37.250000	72.250000	9.870690e+04	2.240304e-05
	259	16	37.750000	69.500000	9.870690e+04	1.743717e-04
	136	24	7.000000	67.500000	9.932199e+04	1.906988e-04
	158	28	12.500000	66.500000	9.932199e+04	1.592659e-04
	46	53	-15.500000	60.250000	9.857227e+04	1.717090e-04
	62	58	-11.500000	59.000000	9.859513e+04	1.750790e-04
	29	61	-19.750000	58.250000	9.857227e+04	2.123531e-04
2022	2	12	5	12
	266	15	39.500000	69.750000	9.882511e+04	1.840732e-04
	139	28	7.750000	66.500000	9.963247e+04	1.391109e-04
	71	56	-9.250000	59.500000	9.851815e+04	2.242984e-04
	34	65	-18.500000	57.250000	9.881045e+04	1.798528e-04
	277	94	42.250000	50.000000	1.011192e+05	1.263105e-04
2022	2	12	3	18
	273	14	41.250000	70.000000	9.887708e+04	1.816501e-04
	81	55	-6.750000	59.750000	9.841420e+04	2.066824e-04
	288	96	45.000000	49.500000	1.009813e+05	1.036089e-04
2022	2	13	2	0
	279	12	42.750000	70.500000	9.905782e+04	1.864991e-04
	93	54	-3.750000	60.000000	9.841380e+04	2.352654e-04
2022	2	13	6	6
	179	0	17.750000	73.500000	9.891635e+04	1.015481e-04
	9	6	-24.750000	72.000000	9.986069e+04	6.842326e-06
	284	10	44.000000	71.000000	9.926455e+04	1.985750e-04
	6	14	-25.500000	70.000000	9.986069e+04	1.613428e-05
	101	55	-1.750000	59.750000	9.835909e+04	2.165463e-04
	68	104	-10.000000	47.500000	9.984388e+04	1.680167e-04
2022	2	13	6	12
	194	0	21.500000	73.500000	9.905958e+04	1.118752e-04
	288	7	45.000000	71.750000	9.961645e+04	1.307333e-04
	6	14	-25.500000	70.000000	9.981457e+04	7.582460e-05
	111	55	0.750000	59.750000	9.852577e+04	2.070844e-04
	112	55	1.000000	59.750000	9.852577e+04	1.975406e-04
	92	99	-4.000000	48.750000	9.930734e+04	1.856993e-04
2022	2	13	5	18
	199	0	22.750000	73.500000	9.913715e+04	1.064024e-04
	2	17	-26.500000	69.250000	9.985326e+04	7.033414e-05
	184	44	19.000000	62.500000	9.889936e+04	7.922875e-05
	122	54	3.500000	60.000000	9.867563e+04	2.398486e-04
	103	91	-1.250000	50.750000	9.874910e+04	2.370264e-04
2022	2	14	8	0
	209	0	25.250000	73.500000	9.929053e+04	1.045830e-04
	55	4	-13.250000	72.500000	1.002515e+05	8.799839e-05
	9	6	-24.750000	72.000000	1.001260e+05	-5.744325e-05
	2	17	-26.500000	69.250000	1.001260e+05	3.776281e-05
	206	37	24.500000	64.250000	9.893120e+04	9.961557e-05
	207	37	24.750000	64.250000	9.893120e+04	8.876807e-05
	126	55	4.500000	59.750000	9.903066e+04	2.235778e-04
	112	87	1.000000	51.750000	9.862288e+04	3.045138e-04
2022	2	14	7	6
	217	0	27.250000	73.500000	9.949530e+04	2.557425e-05
	74	3	-8.500000	72.750000	1.001403e+05	9.794805e-05
	221	35	28.250000	64.750000	9.897849e+04	9.791528e-05
	126	83	4.500000	52.750000	9.869263e+04	3.151699e-04
	280	121	43.000000	43.250000	1.017880e+05	7.885616e-06
	271	132	40.750000	40.500000	1.016427e+05	9.392566e-06
	283	141	43.750000	38.250000	1.016208e+05	-3.501578e-06
2022	2	14	3	12
	90	1	-4.500000	73.250000	1.001856e+05	8.101131e-05
	247	30	34.750000	66.000000	9.910941e+04	1.114464e-04
	139	74	7.750000	55.000000	9.893589e+04	1.579038e-04
2022	2	14	3	18
	7	6	-25.250000	72.000000	9.962230e+04	8.172912e-05
	254	27	36.500000	66.750000	9.906368e+04	1.440803e-04
	154	71	11.500000	55.750000	9.907638e+04	1.123633e-04
2022	2	15	7	0
	2	6	-26.500000	72.000000	9.908166e+04	6.439025e-06
	4	14	-26.000000	70.000000	9.814905e+04	8.196801e-05
	267	21	39.750000	68.250000	9.895993e+04	1.009406e-04
	288	27	45.000000	66.750000	9.958166e+04	1.016407e-04
	0	31	-27.000000	65.750000	9.799078e+04	1.255995e-04
	162	69	13.500000	56.250000	9.936654e+04	1.349988e-04
	163	69	13.750000	56.250000	9.936654e+04	1.341992e-04
2022	2	15	6	6
	2	6	-26.500000	72.000000	9.851717e+04	-3.927924e-05
	264	20	39.000000	68.500000	9.858653e+04	2.012205e-04
	288	21	45.000000	68.250000	9.919616e+04	8.913691e-05
	2	27	-26.500000	66.750000	9.732997e+04	1.865077e-04
	25	33	-20.750000	65.250000	9.732997e+04	7.003571e-05
	177	67	17.250000	56.750000	9.959163e+04	1.597136e-04
2022	2	15	2	12
	269	23	40.250000	67.750000	9.868559e+04	2.390718e-04
	187	64	19.750000	57.500000	9.991559e+04	1.841305e-04
2022	2	15	3	18
	285	24	44.250000	67.500000	9.887122e+04	1.865432e-04
	0	28	-27.000000	66.500000	9.717815e+04	1.196340e-04
	192	64	21.000000	57.500000	1.002138e+05	1.805871e-04
2022	2	16	4	0
	72	50	-9.000000	61.000000	9.770121e+04	3.642896e-04
	196	62	22.000000	58.000000	1.003490e+05	1.805140e-04
	0	96	-27.000000	49.500000	9.932590e+04	1.225749e-04
	281	121	43.250000	43.250000	1.020403e+05	-3.456447e-05
2022	2	16	9	6
	5	14	-25.750000	70.000000	9.741047e+04	1.616471e-05
	281	25	43.250000	67.250000	9.966490e+04	1.132424e-04
	61	31	-11.750000	65.750000	9.735830e+04	3.232247e-04
	76	39	-8.000000	63.750000	9.735830e+04	3.702507e-04
	199	61	22.750000	58.250000	1.004162e+05	2.144240e-04
	0	84	-27.000000	52.500000	9.729812e+04	1.231534e-04
	186	121	19.500000	43.250000	1.008933e+05	7.916107e-05
	286	124	44.500000	42.500000	1.022134e+05	-2.497792e-05
	155	127	11.750000	41.750000	1.010573e+05	9.960575e-05
2022	2	16	7	12
	70	27	-9.500000	66.750000	9.732215e+04	3.483618e-04
	288	28	45.000000	66.500000	1.000365e+05	1.256541e-04
	0	31	-27.000000	65.750000	9.696634e+04	1.420558e-04
	202	61	23.500000	58.250000	1.005913e+05	1.548318e-04
	219	65	27.750000	57.250000	1.005913e+05	-1.144352e-04
	2	75	-26.500000	54.750000	9.486842e+04	3.640483e-04
	159	130	12.750000	41.000000	1.011210e+05	8.118513e-05
2022	2	16	7	18
	42	14	-16.500000	70.000000	9.703180e+04	2.478644e-04
	68	18	-10.000000	69.000000	9.703180e+04	3.626945e-04
	22	61	-21.500000	58.250000	9.373084e+04	4.803289e-04
	225	62	29.250000	58.000000	1.007306e+05	-4.190464e-05
	207	110	24.750000	46.000000	1.009455e+05	-3.305277e-05
	206	120	24.500000	43.500000	1.009455e+05	3.182269e-05
	161	132	13.250000	40.500000	1.013275e+05	9.080360e-05
2022	2	17	4	0
	45	11	-15.750000	70.750000	9.682664e+04	2.751575e-04
	44	53	-16.000000	60.250000	9.317437e+04	1.962919e-04
	263	57	38.750000	59.250000	1.005401e+05	1.113325e-04
	208	118	25.000000	44.000000	1.009900e+05	1.696761e-05
2022	2	17	6	6
	24	9	-21.000000	71.250000	9.711465e+04	2.522214e-04
	60	47	-12.000000	61.750000	9.294224e+04	2.011639e-04
	275	56	41.750000	59.500000	1.004412e+05	1.005149e-04
	137	117	7.250000	44.250000	1.019393e+05	8.142213e-05
	209	132	25.250000	40.500000	1.010559e+05	6.145311e-05
	185	140	19.250000	38.500000	1.011118e+05	1.333325e-04
2022	2	17	6	12
	76	39	-8.000000	63.750000	9.320270e+04	1.513956e-04
	12	115	-24.000000	44.750000	1.004551e+05	2.134030e-04
	136	116	7.000000	44.500000	1.020217e+05	7.500362e-05
	0	121	-27.000000	43.250000	1.008230e+05	5.670161e-05
	279	128	42.750000	41.500000	1.013115e+05	1.420286e-05
	199	143	22.750000	37.750000	1.009680e+05	7.816585e-05
2022	2	17	5	18
	74	31	-8.500000	65.750000	9.381370e+04	3.201306e-04
	0	39	-27.000000	63.750000	9.646419e+04	5.168196e-05
	40	103	-17.000000	47.750000	9.998730e+04	2.789458e-04
	138	117	7.500000	44.250000	1.021210e+05	-1.935039e-05
	203	146	23.750000	37.000000	1.010831e+05	8.630076e-05
2022	2	18	3	0
	61	31	-11.750000	65.750000	9.409037e+04	3.847964e-04
	0	35	-27.000000	64.750000	9.630435e+04	1.165959e-04
	78	90	-7.500000	51.000000	9.953027e+04	2.847004e-04
2022	2	18	3	6
	56	33	-13.000000	65.250000	9.430901e+04	4.185417e-04
	0	41	-27.000000	63.250000	9.682605e+04	9.949133e-05
	113	78	1.250000	54.000000	9.849978e+04	3.106127e-04
2022	2	18	4	12
	150	12	10.500000	70.500000	9.558512e+04	3.642913e-04
	106	19	-0.500000	68.750000	9.497588e+04	4.345828e-04
	65	39	-10.750000	63.750000	9.476388e+04	3.707220e-04
	143	71	8.750000	55.750000	9.717463e+04	5.020385e-04
2022	2	18	4	18
	154	6	11.500000	72.000000	9.545830e+04	5.105154e-04
	97	21	-2.750000	68.250000	9.500344e+04	5.238373e-04
	91	42	-4.250000	63.000000	9.545674e+04	3.108646e-04
	175	65	16.750000	57.250000	9.623773e+04	5.197931e-04
2022	2	19	6	0
	149	2	10.250000	73.000000	9.569903e+04	4.215745e-04
	99	24	-2.250000	67.500000	9.558883e+04	3.285529e-04
	119	43	2.750000	62.750000	9.629127e+04	2.231479e-04
	200	64	23.000000	57.500000	9.611756e+04	4.479369e-04
	151	109	10.750000	46.250000	1.018793e+05	5.664293e-05
	138	118	7.500000	44.000000	1.019514e+05	9.553494e-05
2022	2	19	9	6
	135	0	6.750000	73.500000	9.581080e+04	2.496724e-04
	139	21	7.750000	68.250000	9.638623e+04	8.238815e-05
	108	28	0.000000	66.500000	9.627622e+04	3.870413e-04
	0	42	-27.000000	63.000000	9.730496e+04	1.294009e-04
	222	64	28.500000	57.500000	9.660565e+04	3.254614e-04
	147	111	9.750000	45.750000	1.021710e+05	1.909723e-05
	138	118	7.500000	44.000000	1.021710e+05	8.415093e-05
	80	152	-7.000000	35.500000	1.022818e+05	2.521955e-05
	80	153	-7.000000	35.250000	1.022818e+05	2.326392e-05
2022	2	19	8	12
	120	0	3.000000	73.500000	9.600814e+04	2.181635e-04
	152	14	11.000000	70.000000	9.682645e+04	1.568664e-04
	0	39	-27.000000	63.750000	9.661913e+04	6.078914e-05
	0	55	-27.000000	59.750000	9.647923e+04	1.519756e-04
	237	62	32.250000	58.000000	9.712969e+04	2.496007e-04
	134	115	6.500000	44.750000	1.024258e+05	9.501665e-06
	140	122	8.000000	43.000000	1.024258e+05	9.829559e-05
	247	128	34.750000	41.500000	1.013037e+05	-4.528463e-05
2022	2	19	5	18
	114	1	1.500000	73.250000	9.605992e+04	3.521241e-04
	48	39	-15.000000	63.750000	9.719066e+04	2.145726e-04
	5	49	-25.750000	61.250000	9.581861e+04	4.037438e-04
	251	60	35.750000	58.500000	9.745072e+04	1.991589e-04
	139	124	7.750000	42.500000	1.025420e+05	1.101533e-04
2022	2	20	6	0
	105	1	-0.750000	73.250000	9.610154e+04	3.113409e-04
	66	34	-10.500000	65.000000	9.702828e+04	3.865543e-04
	23	48	-21.250000	61.500000	9.608259e+04	4.455658e-04
	260	58	38.000000	59.000000	9.790716e+04	2.112611e-04
	287	130	44.750000	41.000000	1.009348e+05	-1.669709e-05
	110	148	0.500000	36.500000	1.024811e+05	3.209137e-05
