2022	2	14	7	0
	5	6	-25.750000	72.000000	9.975112e+04	-3.495400e-05
	222	9	28.500000	71.250000	9.837805e+04	1.203293e-04
	194	12	21.500000	70.500000	9.837805e+04	1.110105e-04
	1	17	-26.750000	69.250000	9.975112e+04	1.780665e-06
	219	23	27.750000	67.750000	9.842975e+04	1.230546e-04
	114	62	1.500000	58.000000	9.846626e+04	9.831858e-05
	105	71	-0.750000	55.750000	9.846626e+04	9.929238e-05
2022	2	14	4	3
	58	5	-12.500000	72.250000	1.001674e+05	9.872509e-05
	212	9	26.000000	71.250000	9.809119e+04	2.065272e-04
	227	22	29.750000	68.000000	9.827230e+04	1.095587e-04
	108	71	0.000000	55.750000	9.845482e+04	1.050408e-04
2022	2	14	4	6
	63	4	-11.250000	72.500000	1.001658e+05	1.042208e-04
	64	4	-11.000000	72.500000	1.001658e+05	1.139381e-04
	217	8	27.250000	71.500000	9.796288e+04	2.319754e-04
	117	69	2.250000	56.250000	9.848913e+04	6.379043e-05
2022	2	14	5	9
	68	3	-10.000000	72.750000	1.002222e+05	1.095053e-04
	220	8	28.000000	71.500000	9.804230e+04	2.558625e-04
	218	9	27.500000	71.250000	9.804230e+04	2.869547e-04
	0	55	-27.000000	59.750000	9.793655e+04	1.318966e-04
	124	67	4.000000	56.750000	9.853488e+04	1.224423e-04
2022	2	14	4	12
	75	1	-8.250000	73.250000	1.002276e+05	8.435061e-05
	226	9	29.500000	71.250000	9.803651e+04	2.030898e-04
	5	50	-25.750000	61.000000	9.748800e+04	2.982229e-04
	130	64	5.500000	57.500000	9.850135e+04	1.489112e-04
2022	2	14	3	15
	245	13	34.250000	70.250000	9.806095e+04	2.114291e-04
	1	44	-26.750000	62.500000	9.703491e+04	1.884798e-04
	131	63	5.750000	57.750000	9.850308e+04	1.968580e-04
2022	2	14	4	18
	252	12	36.000000	70.500000	9.799734e+04	1.710905e-04
	27	39	-20.250000	63.750000	9.681730e+04	-5.177492e-05
	0	41	-27.000000	63.250000	9.680648e+04	1.597376e-04
	133	62	6.250000	58.000000	9.854553e+04	2.462186e-04
2022	2	14	8	21
	257	12	37.250000	70.500000	9.795457e+04	1.658063e-04
	288	12	45.000000	70.500000	9.871035e+04	4.049952e-05
	0	36	-27.000000	64.500000	9.691161e+04	1.146265e-04
	28	38	-20.000000	64.000000	9.700123e+04	-2.525619e-05
	126	53	4.500000	60.250000	9.859880e+04	9.334052e-05
	151	54	10.750000	60.000000	9.859880e+04	2.663813e-04
	137	62	7.250000	58.000000	9.859880e+04	2.756217e-04
	138	121	7.500000	43.250000	1.011353e+05	1.138810e-04
2022	2	15	7	0
	246	5	34.500000	72.250000	9.793874e+04	1.104188e-04
	6	7	-25.500000	71.750000	9.965445e+04	4.442762e-05
	263	11	38.750000	70.750000	9.793874e+04	1.823153e-04
	28	38	-20.000000	64.000000	9.721523e+04	3.629499e-05
	125	53	4.250000	60.250000	9.860601e+04	8.523501e-05
	142	60	8.500000	58.500000	9.860601e+04	2.889994e-04
	145	118	9.250000	44.000000	1.010939e+05	1.260236e-04
2022	2	15	6	3
	264	11	39.000000	70.750000	9.799499e+04	1.752833e-04
	24	35	-21.000000	64.750000	9.735734e+04	1.032429e-04
	49	47	-14.750000	61.750000	9.763966e+04	2.383437e-04
	125	53	4.250000	60.250000	9.870534e+04	6.093381e-05
	148	58	10.000000	59.000000	9.864345e+04	3.075879e-04
	146	117	9.500000	44.250000	1.010311e+05	1.085050e-04
2022	2	15	6	6
	274	11	41.500000	70.750000	9.807458e+04	2.016673e-04
	36	35	-18.000000	64.750000	9.743364e+04	5.480209e-05
	46	43	-15.500000	62.750000	9.743364e+04	3.114690e-04
	126	53	4.500000	60.250000	9.892828e+04	6.200793e-05
	152	56	11.000000	59.500000	9.879025e+04	2.622748e-04
	151	117	10.750000	44.250000	1.010783e+05	1.145297e-04
2022	2	15	7	9
	270	9	40.500000	71.250000	9.816811e+04	2.236958e-04
	40	39	-17.000000	63.750000	9.739682e+04	2.512549e-04
	120	48	3.000000	61.500000	9.884007e+04	1.364466e-04
	155	52	11.750000	60.500000	9.892499e+04	1.871245e-04
	156	52	12.000000	60.500000	9.892499e+04	1.939319e-04
	12	85	-24.000000	52.250000	9.908714e+04	1.756493e-04
	158	113	12.500000	45.250000	1.011699e+05	1.184588e-04
2022	2	15	6	12
	278	9	42.500000	71.250000	9.828702e+04	2.144680e-04
	31	34	-19.250000	65.000000	9.749568e+04	1.718961e-04
	0	39	-27.000000	63.750000	9.740230e+04	-1.639300e-06
	164	51	14.000000	60.750000	9.892609e+04	1.630982e-04
	26	83	-20.500000	52.750000	9.904280e+04	1.699489e-04
	161	111	13.250000	45.750000	1.011605e+05	9.330970e-05
2022	2	15	5	15
	277	10	42.250000	71.000000	9.838275e+04	2.325462e-04
	0	41	-27.000000	63.250000	9.735546e+04	1.166153e-05
	171	49	15.750000	61.250000	9.891606e+04	1.118698e-04
	161	111	13.250000	45.750000	1.011670e+05	9.942683e-05
	164	162	14.000000	33.000000	1.016069e+05	-3.360917e-05
2022	2	15	6	18
	287	11	44.750000	70.750000	9.848161e+04	1.682864e-04
	0	41	-27.000000	63.250000	9.725456e+04	5.894777e-05
	178	47	17.500000	61.750000	9.884838e+04	1.279411e-04
	121	56	3.250000	59.500000	9.828828e+04	1.690362e-04
	55	81	-13.250000	53.250000	9.906192e+04	1.933076e-04
	165	162	14.250000	33.000000	1.016710e+05	-4.777144e-05
2022	2	15	5	21
	288	9	45.000000	71.250000	9.857671e+04	1.292678e-04
	182	44	18.500000	62.500000	9.877709e+04	1.436286e-04
	115	46	1.750000	62.000000	9.815433e+04	6.187199e-05
	126	55	4.500000	59.750000	9.815433e+04	2.345357e-04
	168	162	15.000000	33.000000	1.017900e+05	-3.691026e-05
2022	2	16	4	0
	286	9	44.500000	71.250000	9.865818e+04	1.738335e-04
	186	43	19.500000	62.750000	9.873150e+04	1.682243e-04
	119	45	2.750000	62.250000	9.817626e+04	3.215022e-05
	130	53	5.500000	60.250000	9.817626e+04	2.105751e-04
2022	2	16	5	3
	285	10	44.250000	71.000000	9.870738e+04	1.969141e-04
	189	42	20.250000	63.000000	9.873385e+04	1.534731e-04
	124	44	4.000000	62.500000	9.828154e+04	5.593491e-05
	138	54	7.500000	60.000000	9.826916e+04	1.177355e-04
	0	61	-27.000000	58.250000	9.583073e+04	1.348728e-04
2022	2	16	5	6
	288	10	45.000000	71.000000	9.876330e+04	9.078786e-05
	144	42	9.000000	63.000000	9.841784e+04	5.171340e-05
	149	56	10.250000	59.500000	9.838855e+04	1.521853e-04
	27	57	-20.250000	59.250000	9.534913e+04	2.742720e-04
	0	58	-27.000000	59.000000	9.515924e+04	1.933333e-04
2022	2	16	5	9
	288	10	45.000000	71.000000	9.879840e+04	1.115669e-04
	117	40	2.250000	63.500000	9.847691e+04	1.543046e-04
	22	52	-21.500000	60.500000	9.505694e+04	3.757277e-04
	158	54	12.500000	60.000000	9.846093e+04	1.934281e-04
	4	59	-26.000000	58.750000	9.505694e+04	4.367650e-04
2022	2	16	6	12
	288	10	45.000000	71.000000	9.884195e+04	1.048665e-04
	186	46	19.500000	62.000000	9.847393e+04	1.174124e-04
	15	50	-23.250000	61.000000	9.479357e+04	3.839148e-04
	47	51	-15.250000	60.750000	9.534380e+04	3.057546e-04
	19	61	-22.250000	58.250000	9.479357e+04	1.977876e-04
	137	116	7.250000	44.500000	1.012255e+05	6.957043e-05
2022	2	16	7	15
	288	10	45.000000	71.000000	9.884759e+04	1.344133e-04
	189	44	20.250000	62.500000	9.833466e+04	1.334121e-04
	41	48	-16.750000	61.500000	9.506838e+04	3.357170e-04
	175	52	16.750000	60.500000	9.833466e+04	1.183297e-04
	15	53	-23.250000	60.250000	9.516144e+04	3.693759e-04
	40	60	-17.000000	58.500000	9.514264e+04	2.079695e-04
	186	136	19.500000	39.500000	1.011787e+05	1.235596e-04
2022	2	16	8	18
	288	11	45.000000	70.750000	9.889288e+04	7.834817e-05
	193	42	21.250000	63.000000	9.826760e+04	1.278994e-04
	0	44	-27.000000	62.500000	9.712562e+04	3.852370e-05
	32	48	-19.000000	61.500000	9.503595e+04	3.601921e-04
	56	48	-13.000000	61.500000	9.503595e+04	1.835946e-04
	29	56	-19.750000	59.500000	9.503595e+04	2.709502e-04
	136	117	7.000000	44.250000	1.013479e+05	9.422089e-05
	187	137	19.750000	39.250000	1.010816e+05	1.473031e-04
2022	2	16	7	21
	195	39	21.750000	63.750000	9.810545e+04	1.296133e-04
	53	48	-13.750000	61.500000	9.557646e+04	1.331649e-04
	74	49	-8.500000	61.250000	9.561720e+04	1.435986e-04
	26	50	-20.500000	61.000000	9.552069e+04	4.253011e-04
	150	109	10.500000	46.250000	1.009398e+05	-3.615539e-06
	138	117	7.500000	44.250000	1.011729e+05	4.569595e-05
	188	139	20.000000	38.750000	1.009670e+05	1.340178e-04
2022	2	17	10	0
	196	38	22.000000	64.000000	9.796710e+04	1.112096e-04
	0	42	-27.000000	63.000000	9.781372e+04	8.923892e-05
	90	47	-4.500000	61.750000	9.553917e+04	1.928276e-04
	73	49	-8.750000	61.250000	9.553917e+04	1.576117e-04
	32	53	-19.000000	60.250000	9.593680e+04	3.740376e-04
	142	61	8.500000	58.250000	9.630263e+04	3.045309e-04
	150	109	10.500000	46.250000	1.009504e+05	7.693422e-06
	138	117	7.500000	44.250000	1.011845e+05	6.373415e-05
	189	141	20.250000	38.250000	1.007878e+05	1.324691e-04
	198	148	22.500000	36.500000	1.007878e+05	1.308375e-04
2022	2	17	9	3
	196	37	22.000000	64.250000	9.777706e+04	1.075894e-04
	88	47	-5.000000	61.750000	9.552680e+04	2.407617e-04
	106	49	-0.500000	61.250000	9.552680e+04	1.711462e-04
	42	54	-16.500000	60.000000	9.614502e+04	3.851334e-04
	151	58	10.750000	59.000000	9.635292e+04	3.299129e-04
	150	109	10.500000	46.250000	1.008445e+05	2.096488e-05
	138	117	7.500000	44.250000	1.011646e+05	7.055008e-05
	191	144	20.750000	37.500000	1.006134e+05	1.587678e-04
	201	146	23.250000	37.000000	1.006134e+05	9.478749e-05
2022	2	17	6	6
	87	48	-5.250000	61.500000	9.570070e+04	3.114117e-04
	113	49	1.250000	61.250000	9.576086e+04	1.473219e-04
	52	55	-14.000000	59.750000	9.630059e+04	3.332751e-04
	158	56	12.500000	59.500000	9.634273e+04	3.035990e-04
	136	118	7.000000	44.000000	1.013291e+05	9.910775e-05
	194	147	21.500000	36.750000	1.006159e+05	1.760255e-04
2022	2	17	6	9
	124	48	4.000000	61.500000	9.619312e+04	1.433621e-04
	87	49	-5.250000	61.250000	9.593931e+04	3.496424e-04
	164	54	14.000000	60.000000	9.643988e+04	2.600950e-04
	228	139	30.000000	38.750000	1.011550e+05	1.205207e-05
	195	149	21.750000	36.250000	1.006318e+05	1.884600e-04
	208	152	25.000000	35.500000	1.006318e+05	5.594638e-05
2022	2	17	6	12
	288	28	45.000000	66.500000	9.881657e+04	2.349028e-06
	125	47	4.250000	61.750000	9.637642e+04	1.731939e-04
	91	50	-4.250000	61.000000	9.624748e+04	3.144404e-04
	173	54	16.250000	60.000000	9.643408e+04	2.198944e-04
	229	137	30.250000	39.250000	1.010820e+05	2.436180e-05
	197	151	22.250000	35.750000	1.005323e+05	1.848138e-04
2022	2	17	7	15
	127	47	4.750000	61.750000	9.654609e+04	1.833431e-04
	95	52	-3.250000	60.500000	9.638848e+04	3.623630e-04
	180	52	18.000000	60.500000	9.636483e+04	2.498459e-04
	6	130	-25.500000	41.000000	1.014789e+05	1.234674e-04
	273	132	41.250000	40.500000	1.012722e+05	7.117741e-06
	207	144	24.750000	37.500000	1.005583e+05	7.804842e-05
	199	153	22.750000	35.250000	1.005583e+05	1.857222e-04
2022	2	17	5	18
	264	34	39.000000	65.000000	9.777831e+04	1.532635e-04
	144	43	9.000000	62.750000	9.661707e+04	1.699162e-05
	183	51	18.750000	60.750000	9.633255e+04	2.015908e-04
	20	122	-22.000000	43.000000	1.012619e+05	1.702176e-04
	199	156	22.750000	34.500000	1.007020e+05	2.181563e-04
2022	2	17	4	21
	270	32	40.500000	65.500000	9.780025e+04	1.342005e-04
	192	52	21.000000	60.500000	9.630702e+04	1.930342e-04
	20	125	-22.000000	42.250000	1.012365e+05	1.945869e-04
	200	159	23.000000	33.750000	1.007811e+05	1.988336e-04
2022	2	18	5	0
	144	37	9.000000	64.250000	9.692493e+04	9.793216e-05
	143	48	8.750000	61.500000	9.692493e+04	-1.396060e-05
	194	52	21.500000	60.500000	9.634102e+04	1.981583e-04
	27	122	-20.250000	43.000000	1.011666e+05	1.909146e-04
	200	162	23.000000	33.000000	1.007684e+05	1.147668e-04
2022	2	18	5	3
	146	36	9.500000	64.500000	9.705559e+04	1.107382e-04
	145	52	9.250000	60.500000	9.711795e+04	6.058871e-06
	199	52	22.750000	60.500000	9.637360e+04	1.953853e-04
	52	56	-14.000000	59.500000	9.854977e+04	1.845220e-04
	37	118	-17.750000	44.000000	1.011129e+05	1.686357e-04
2022	2	18	3	6
	148	35	10.000000	64.750000	9.717090e+04	1.285416e-04
	204	53	24.000000	60.250000	9.646604e+04	2.125462e-04
	59	57	-12.250000	59.250000	9.860334e+04	2.315101e-04
2022	2	18	5	9
	143	30	8.750000	66.000000	9.734622e+04	8.090842e-05
	210	53	25.500000	60.250000	9.658041e+04	1.776315e-04
	62	59	-11.500000	58.750000	9.866977e+04	2.732472e-04
	274	118	41.500000	44.000000	1.006448e+05	-1.074687e-04
	39	125	-17.250000	42.250000	1.011721e+05	1.645940e-04
2022	2	18	5	12
	142	28	8.500000	66.500000	9.743316e+04	8.172048e-05
	214	52	26.500000	60.500000	9.673990e+04	1.688694e-04
	69	61	-9.750000	58.250000	9.878258e+04	3.032433e-04
	279	119	42.750000	43.750000	1.004539e+05	1.267942e-05
	40	128	-17.000000	41.500000	1.012132e+05	1.984281e-04
2022	2	18	7	15
	6	7	-25.500000	71.750000	1.003870e+05	-1.581959e-06
	141	28	8.250000	66.500000	9.749004e+04	7.028078e-05
	221	52	28.250000	60.500000	9.690816e+04	1.631536e-04
	80	61	-7.000000	58.250000	9.892484e+04	3.057639e-04
	286	122	44.500000	43.000000	1.007073e+05	1.788616e-05
	40	134	-17.000000	40.000000	1.010679e+05	2.165135e-04
	276	134	42.000000	40.000000	1.011848e+05	-1.131643e-05
2022	2	18	4	18
	6	7	-25.500000	71.750000	1.003238e+05	6.374347e-06
	148	28	10.000000	66.500000	9.754816e+04	9.160427e-05
	225	51	29.250000	60.750000	9.705966e+04	1.665952e-04
	42	134	-16.500000	40.000000	1.009780e+05	2.597870e-04
2022	2	18	5	21
	6	7	-25.500000	71.750000	1.003186e+05	1.377204e-05
	148	28	10.000000	66.500000	9.758905e+04	1.038600e-04
	230	51	30.500000	60.750000	9.714709e+04	1.586494e-04
	0	57	-27.000000	59.250000	9.829533e+04	1.250447e-04
	42	134	-16.500000	40.000000	1.009335e+05	3.196435e-04
2022	2	19	6	0
	7	6	-25.250000	72.000000	1.002744e+05	2.902244e-07
	148	27	10.000000	66.750000	9.765220e+04	1.060857e-04
	233	50	31.250000	61.000000	9.725848e+04	1.440789e-04
	0	52	-27.000000	60.500000	9.796350e+04	1.203785e-04
	117	124	2.250000	42.500000	1.013014e+05	6.436563e-05
	42	137	-16.500000	39.250000	1.007345e+05	3.463627e-04
2022	2	19	9	3
	6	7	-25.500000	71.750000	1.001835e+05	1.711598e-05
	149	27	10.250000	66.750000	9.771345e+04	1.229790e-04
	3	49	-26.250000	61.250000	9.785791e+04	1.684063e-04
	236	50	32.000000	61.000000	9.731739e+04	1.335293e-04
	23	55	-21.250000	59.750000	9.785791e+04	2.170354e-04
	152	106	11.000000	47.000000	1.011377e+05	-4.523295e-05
	117	124	2.250000	42.500000	1.013274e+05	5.693682e-05
	108	131	0.000000	40.750000	1.013274e+05	3.743626e-05
	43	139	-16.250000	38.750000	1.005874e+05	3.497643e-04
2022	2	19	7	6
	6	7	-25.500000	71.750000	1.000466e+05	8.256562e-06
	149	27	10.250000	66.750000	9.773899e+04	1.381585e-04
	239	49	32.750000	61.250000	9.747077e+04	1.260006e-04
	31	53	-19.250000	60.250000	9.792637e+04	2.443040e-04
	150	108	10.500000	46.500000	1.012080e+05	1.023138e-05
	115	125	1.750000	42.250000	1.013669e+05	9.291508e-06
	44	141	-16.000000	38.250000	1.006000e+05	3.240305e-04
2022	2	19	10	9
	6	7	-25.500000	71.750000	9.997656e+04	9.344918e-06
	150	28	10.500000	66.500000	9.786433e+04	1.528567e-04
	0	44	-27.000000	62.500000	9.782265e+04	1.141913e-04
	243	48	33.750000	61.500000	9.760848e+04	1.110096e-04
	32	51	-19.000000	60.750000	9.805828e+04	2.337032e-04
	150	108	10.500000	46.500000	1.012415e+05	9.914135e-06
	227	108	29.750000	46.500000	1.005465e+05	1.090154e-04
	279	119	42.750000	43.750000	1.005254e+05	-1.498193e-04
	114	125	1.500000	42.250000	1.015036e+05	-1.042226e-05
	42	143	-16.500000	37.750000	1.007967e+05	3.433753e-04
2022	2	19	5	12
	151	28	10.750000	66.500000	9.799718e+04	1.360732e-04
	245	47	34.250000	61.750000	9.777158e+04	1.147793e-04
	31	50	-19.250000	61.000000	9.815558e+04	2.402127e-04
	135	114	6.750000	45.000000	1.012801e+05	2.283417e-05
	42	145	-16.500000	37.250000	1.009025e+05	3.545315e-04
2022	2	19	6	15
	153	29	11.250000	66.250000	9.811187e+04	1.449301e-04
	247	47	34.750000	61.750000	9.790209e+04	1.026005e-04
	32	49	-19.000000	61.250000	9.807771e+04	2.392782e-04
	85	55	-5.750000	59.750000	9.837398e+04	2.435656e-04
	135	114	6.750000	45.000000	1.013036e+05	4.220163e-05
	42	146	-16.500000	37.000000	1.008691e+05	3.328515e-04
2022	2	19	7	18
	2	17	-26.500000	69.250000	9.913602e+04	-6.625574e-05
	155	30	11.750000	66.000000	9.828045e+04	1.521873e-04
	249	46	35.250000	62.000000	9.803729e+04	9.986174e-05
	93	54	-3.750000	60.000000	9.834217e+04	2.657936e-04
	0	62	-27.000000	58.000000	9.694184e+04	1.129051e-04
	279	119	42.750000	43.750000	1.006896e+05	-8.994218e-05
	41	148	-16.750000	36.500000	1.009551e+05	3.050781e-04
2022	2	19	8	21
	155	30	11.750000	66.000000	9.849493e+04	9.233957e-05
	251	45	35.750000	62.250000	9.822028e+04	9.769441e-05
	98	54	-2.500000	60.000000	9.839012e+04	2.637343e-04
	117	54	2.250000	60.000000	9.839012e+04	2.081963e-04
	2	60	-26.500000	58.500000	9.634509e+04	3.273494e-04
	279	119	42.750000	43.750000	1.007692e+05	-1.311127e-04
	287	130	44.750000	41.000000	1.008151e+05	-7.491067e-07
	40	149	-17.000000	36.250000	1.011063e+05	2.960531e-04
2022	2	20	8	0
	157	18	12.250000	69.000000	9.852203e+04	1.278520e-04
	288	31	45.000000	65.750000	9.878680e+04	5.871832e-05
	254	43	36.500000	62.750000	9.835423e+04	9.560399e-05
	12	45	-24.000000	62.250000	9.595733e+04	1.798971e-04
	123	53	3.750000	60.250000	9.857358e+04	2.209068e-04
	104	54	-1.000000	60.000000	9.857358e+04	2.155347e-04
	11	59	-24.250000	58.750000	9.586458e+04	4.722696e-04
	39	151	-17.250000	35.750000	1.012097e+05	3.103649e-04
