2022	2	10	7	0
	172	8	16.000000	71.500000	9.672739e+04	1.201862e-04
	148	22	10.000000	68.000000	9.647727e+04	4.078464e-04
	59	56	-12.250000	59.500000	9.857698e+04	4.794458e-04
	152	106	11.000000	47.000000	1.022287e+05	-4.573174e-05
	139	110	7.750000	46.000000	1.022287e+05	-8.511783e-05
	282	140	43.500000	38.500000	1.008984e+05	5.989636e-06
	247	150	34.750000	36.000000	1.007621e+05	8.228410e-05
2022	2	10	9	6
	178	4	17.500000	72.500000	9.716979e+04	1.540193e-04
	8	6	-25.000000	72.000000	1.003013e+05	-1.227478e-06
	172	13	16.000000	70.250000	9.678521e+04	-2.737641e-05
	4	17	-26.000000	69.250000	1.003013e+05	2.585794e-05
	164	22	14.000000	68.000000	9.678521e+04	3.589292e-04
	4	25	-26.000000	67.250000	1.003468e+05	1.258807e-04
	76	59	-8.000000	58.750000	9.903270e+04	4.930546e-04
	158	106	12.500000	47.000000	1.021421e+05	-3.801480e-05
	249	152	35.250000	35.500000	1.010211e+05	8.626773e-05
2022	2	10	9	12
	208	0	25.000000	73.500000	9.729387e+04	-3.973360e-05
	178	4	17.500000	72.500000	9.729387e+04	2.273999e-04
	8	6	-25.000000	72.000000	1.002398e+05	-2.338789e-05
	195	15	21.750000	69.750000	9.729563e+04	6.305351e-06
	20	21	-22.000000	68.250000	1.001880e+05	1.251500e-04
	187	27	19.750000	66.750000	9.755359e+04	1.637424e-04
	92	63	-4.000000	57.750000	9.985577e+04	3.695441e-04
	137	117	7.250000	44.250000	1.022246e+05	1.102978e-04
	270	152	40.500000	35.500000	1.010591e+05	7.211129e-05
2022	2	10	7	18
	8	6	-25.000000	72.000000	1.000343e+05	-4.263677e-05
	192	6	21.000000	72.000000	9.747655e+04	2.332724e-04
	9	14	-24.750000	70.000000	9.981382e+04	2.896523e-06
	38	16	-17.500000	69.500000	9.981382e+04	1.521017e-04
	205	29	24.250000	66.250000	9.803539e+04	1.208015e-04
	108	68	0.000000	56.500000	1.003446e+05	3.540804e-04
	87	156	-5.250000	34.500000	1.020762e+05	1.371389e-05
2022	2	11	4	0
	206	5	24.500000	72.250000	9.768550e+04	1.832801e-04
	46	13	-15.500000	70.250000	9.957743e+04	1.665416e-04
	0	72	-27.000000	55.500000	9.956626e+04	1.480137e-04
	122	74	3.500000	55.000000	1.008162e+05	3.362123e-04
2022	2	11	5	6
	217	6	27.250000	72.000000	9.784859e+04	2.683744e-04
	84	16	-6.000000	69.500000	9.972267e+04	9.475632e-05
	0	62	-27.000000	58.000000	9.898664e+04	1.068927e-04
	133	80	6.250000	53.500000	1.013419e+05	2.571567e-04
	188	123	20.000000	42.750000	1.020447e+05	6.518704e-06
2022	2	11	6	12
	231	6	30.750000	72.000000	9.813888e+04	3.387869e-04
	94	16	-3.500000	69.500000	9.967465e+04	1.051248e-04
	121	23	3.250000	67.750000	9.967191e+04	2.115271e-04
	0	57	-27.000000	59.250000	9.881925e+04	1.109471e-04
	1	67	-26.750000	56.750000	9.881298e+04	1.217767e-04
	135	119	6.750000	43.750000	1.019859e+05	9.820628e-05
2022	2	11	6	18
	242	4	33.500000	72.500000	9.829746e+04	2.929974e-04
	133	21	6.250000	68.250000	9.911111e+04	2.188322e-04
	149	30	10.250000	66.000000	9.911111e+04	2.094167e-04
	27	55	-20.250000	59.750000	9.869713e+04	1.315228e-04
	18	63	-22.500000	57.750000	9.869713e+04	1.224227e-04
	135	123	6.750000	42.750000	1.020456e+05	5.211772e-05
2022	2	12	4	0
	250	3	35.500000	72.750000	9.837077e+04	2.384270e-04
	146	23	9.500000	67.750000	9.921852e+04	2.212301e-04
	32	59	-19.000000	58.750000	9.859462e+04	1.193194e-04
	234	90	31.500000	51.000000	1.013882e+05	1.037382e-04
2022	2	12	4	6
	256	2	37.000000	73.000000	9.842644e+04	2.438301e-04
	160	26	13.000000	67.000000	9.953273e+04	1.687852e-04
	45	56	-15.750000	59.500000	9.833980e+04	1.586582e-04
	250	92	35.500000	50.500000	1.012324e+05	1.108745e-04
2022	2	12	3	12
	264	1	39.000000	73.250000	9.863225e+04	2.000276e-04
	49	55	-14.750000	59.750000	9.836391e+04	1.635853e-04
	269	94	40.250000	50.000000	1.011428e+05	1.274619e-04
2022	2	12	2	18
	270	0	40.500000	73.500000	9.878259e+04	9.710834e-05
	54	56	-13.500000	59.500000	9.825649e+04	1.619816e-04
2022	2	13	2	0
	63	55	-11.250000	59.750000	9.827609e+04	1.285109e-04
	32	100	-19.000000	48.500000	1.000167e+05	1.615725e-04
2022	2	13	3	6
	197	0	22.250000	73.500000	9.889412e+04	9.518494e-05
	69	57	-9.750000	59.250000	9.811791e+04	1.429877e-04
	49	100	-14.750000	48.500000	9.923029e+04	2.055023e-04
2022	2	13	3	12
	208	0	25.000000	73.500000	9.894137e+04	6.829964e-05
	76	58	-8.000000	59.000000	9.820768e+04	1.389858e-04
	69	98	-9.750000	49.000000	9.896743e+04	1.823111e-04
2022	2	13	2	18
	82	58	-6.500000	59.000000	9.826629e+04	1.433142e-04
	86	95	-5.500000	49.750000	9.821356e+04	2.761997e-04
2022	2	14	4	0
	6	14	-25.500000	70.000000	9.968543e+04	1.967296e-05
	96	49	-3.000000	61.250000	9.849327e+04	4.281608e-05
	94	58	-3.500000	59.000000	9.849327e+04	7.534400e-05
	96	93	-3.000000	50.250000	9.795659e+04	3.621282e-04
2022	2	14	5	6
	6	14	-25.500000	70.000000	9.988694e+04	-8.158024e-06
	0	59	-27.000000	58.750000	9.893372e+04	6.096925e-05
	112	87	1.000000	51.750000	9.803578e+04	2.917327e-04
	283	141	43.750000	38.250000	1.014403e+05	-5.737885e-06
	267	143	39.750000	37.750000	1.015089e+05	7.783000e-05
2022	2	14	4	12
	231	0	30.750000	73.500000	9.964525e+04	1.004382e-04
	6	7	-25.500000	71.750000	1.000292e+05	2.011370e-05
	125	76	4.250000	54.500000	9.829216e+04	1.869755e-04
	134	115	6.500000	44.750000	1.007149e+05	4.308532e-05
2022	2	14	6	18
	234	0	31.500000	73.500000	9.995593e+04	5.825792e-05
	235	0	31.750000	73.500000	9.995593e+04	6.214852e-05
	6	7	-25.500000	71.750000	9.999062e+04	6.872411e-05
	5	49	-25.750000	61.250000	9.777292e+04	1.535165e-04
	138	65	7.500000	57.250000	9.829452e+04	1.330856e-04
	139	120	7.750000	43.500000	1.008155e+05	1.620562e-04
2022	2	15	8	0
	243	1	33.750000	73.250000	1.001241e+05	8.478218e-05
	7	6	-25.250000	72.000000	1.001484e+05	8.666512e-05
	18	48	-22.500000	61.500000	9.780625e+04	2.189633e-04
	37	51	-17.750000	60.750000	9.780625e+04	1.770810e-04
	134	56	6.500000	59.500000	9.835312e+04	1.891039e-05
	149	60	10.250000	58.500000	9.835312e+04	9.672175e-05
	153	116	11.250000	44.500000	1.007972e+05	1.599414e-04
	280	121	43.000000	43.250000	1.018643e+05	-1.075647e-05
2022	2	15	9	6
	245	4	34.250000	72.500000	1.001449e+05	9.925916e-05
	7	6	-25.250000	72.000000	1.001621e+05	6.185778e-05
	7	42	-25.250000	63.000000	9.783623e+04	2.325752e-04
	32	46	-19.000000	62.000000	9.784427e+04	1.826075e-04
	162	57	13.500000	59.250000	9.852189e+04	1.386144e-04
	163	57	13.750000	59.250000	9.852189e+04	1.349838e-04
	157	112	12.250000	45.500000	1.008011e+05	1.270187e-04
	158	112	12.500000	45.500000	1.008011e+05	1.208153e-04
	280	121	43.000000	43.250000	1.019655e+05	-3.049944e-05
2022	2	15	5	12
	248	5	35.000000	72.250000	1.003093e+05	1.066052e-04
	7	6	-25.250000	72.000000	1.002109e+05	7.981717e-05
	183	50	18.750000	61.000000	9.876809e+04	1.692533e-04
	159	113	12.750000	45.250000	1.010981e+05	1.326607e-04
	278	120	42.500000	43.500000	1.016577e+05	-3.381764e-05
2022	2	15	5	18
	256	11	37.000000	70.750000	1.004393e+05	9.231972e-05
	187	49	19.750000	61.250000	9.888667e+04	2.322919e-04
	288	52	45.000000	60.500000	1.010687e+05	8.912899e-05
	0	60	-27.000000	58.500000	9.549446e+04	6.525683e-05
	186	116	19.500000	44.500000	1.011365e+05	1.787374e-05
2022	2	16	7	0
	288	48	45.000000	61.500000	1.006939e+05	1.323531e-04
	191	49	20.750000	61.250000	9.907230e+04	2.011175e-04
	1	52	-26.750000	60.500000	9.504970e+04	1.021584e-04
	139	70	7.750000	56.000000	9.976345e+04	1.375150e-04
	140	70	8.000000	56.000000	9.976345e+04	1.323770e-04
	188	107	20.000000	46.750000	1.011297e+05	1.046442e-04
	281	121	43.250000	43.250000	1.018339e+05	-1.155201e-05
2022	2	16	7	6
	268	15	40.000000	69.750000	1.005491e+05	1.059791e-04
	27	40	-20.250000	63.500000	9.477333e+04	2.330163e-05
	212	46	26.000000	62.000000	9.950902e+04	5.863139e-05
	288	47	45.000000	61.750000	1.003748e+05	8.878058e-05
	17	48	-22.750000	61.500000	9.477333e+04	1.374469e-04
	18	48	-22.500000	61.500000	9.477333e+04	1.463350e-04
	280	121	43.000000	43.250000	1.017724e+05	9.273793e-06
2022	2	16	8	12
	275	14	41.750000	70.000000	1.005126e+05	1.478094e-04
	34	37	-18.500000	64.250000	9.481821e+04	4.502314e-06
	288	43	45.000000	62.750000	1.002403e+05	9.310270e-05
	26	45	-20.500000	62.250000	9.481821e+04	1.606077e-04
	234	45	31.500000	62.250000	9.976384e+04	9.383493e-05
	0	46	-27.000000	62.000000	9.514987e+04	1.379834e-04
	212	109	26.000000	46.250000	1.007710e+05	1.776370e-05
	139	117	7.750000	44.250000	1.013184e+05	4.356794e-05
2022	2	16	7	18
	271	15	40.750000	69.750000	1.004456e+05	1.664735e-04
	0	41	-27.000000	63.250000	9.564970e+04	1.420153e-04
	288	42	45.000000	63.000000	1.001051e+05	1.158386e-04
	32	43	-19.000000	62.750000	9.496366e+04	2.198726e-04
	260	43	38.000000	62.750000	9.985184e+04	5.501008e-05
	143	109	8.750000	46.250000	1.014149e+05	-7.382614e-05
	218	125	27.500000	42.250000	1.007747e+05	1.745828e-04
2022	2	17	6	0
	271	18	40.750000	69.000000	1.003442e+05	1.525017e-04
	0	39	-27.000000	63.750000	9.611230e+04	1.702117e-04
	29	39	-19.750000	63.750000	9.535313e+04	9.259668e-05
	50	41	-14.500000	63.250000	9.535313e+04	2.180850e-04
	280	41	43.000000	63.250000	9.979775e+04	5.651807e-05
	219	124	27.750000	42.500000	1.008166e+05	1.966485e-04
2022	2	17	8	6
	270	20	40.500000	68.500000	1.001876e+05	1.400148e-04
	271	20	40.750000	68.500000	1.001876e+05	1.305281e-04
	66	37	-10.500000	64.250000	9.580945e+04	2.220556e-04
	67	37	-10.250000	64.250000	9.580945e+04	2.276079e-04
	288	42	45.000000	63.000000	9.974620e+04	4.612794e-05
	163	51	13.750000	60.750000	9.744127e+04	2.506489e-04
	0	100	-27.000000	48.500000	9.906132e+04	1.790513e-04
	139	123	7.750000	42.750000	1.019898e+05	8.271199e-05
2022	2	17	5	12
	0	34	-27.000000	65.000000	9.701220e+04	1.758252e-04
	94	38	-3.500000	64.000000	9.661546e+04	2.164238e-04
	288	42	45.000000	63.000000	1.000690e+05	1.665901e-05
	182	47	18.500000	61.750000	9.712040e+04	2.184190e-04
	0	88	-27.000000	51.500000	9.742480e+04	9.198615e-05
2022	2	17	5	18
	121	24	3.250000	67.500000	9.709530e+04	1.984568e-04
	123	36	3.750000	64.500000	9.710530e+04	2.081946e-04
	190	45	20.500000	62.250000	9.721115e+04	2.483520e-04
	20	73	-22.000000	55.250000	9.633046e+04	3.461361e-04
	226	150	29.500000	36.000000	1.007206e+05	4.470049e-05
2022	2	18	6	0
	110	24	0.500000	67.500000	9.737952e+04	2.600168e-04
	143	34	8.750000	65.000000	9.754084e+04	1.781055e-04
	207	41	24.750000	63.250000	9.762885e+04	1.175025e-04
	0	53	-27.000000	60.250000	9.656724e+04	4.602426e-05
	36	61	-18.000000	58.250000	9.483076e+04	5.672826e-04
	231	155	30.750000	34.750000	1.004926e+05	3.855299e-05
2022	2	18	10	6
	108	26	0.000000	67.000000	9.729759e+04	1.953525e-04
	222	40	28.500000	63.500000	9.785780e+04	9.151995e-05
	223	40	28.750000	63.500000	9.785780e+04	8.861299e-05
	224	41	29.000000	63.250000	9.785780e+04	1.051536e-04
	0	47	-27.000000	61.750000	9.641180e+04	1.111914e-04
	52	53	-14.000000	60.250000	9.457359e+04	2.989230e-04
	65	58	-10.750000	59.000000	9.457359e+04	3.220561e-04
	237	154	32.250000	35.000000	1.004520e+05	4.447930e-06
	232	162	31.000000	33.000000	1.004520e+05	1.052339e-04
	243	162	33.750000	33.000000	1.004520e+05	3.244689e-05
2022	2	18	4	12
	288	36	45.000000	64.500000	9.901467e+04	8.939761e-05
	243	38	33.750000	64.000000	9.813496e+04	9.059751e-05
	0	46	-27.000000	62.000000	9.644591e+04	6.235008e-05
	91	50	-4.250000	61.000000	9.465807e+04	2.737824e-04
2022	2	18	5	18
	288	33	45.000000	65.250000	9.858912e+04	4.214239e-05
	263	34	38.750000	65.000000	9.819298e+04	6.168996e-05
	264	34	39.000000	65.000000	9.819298e+04	6.779432e-05
	0	44	-27.000000	62.500000	9.668152e+04	8.707098e-05
	110	47	0.500000	61.750000	9.508381e+04	2.643288e-04
2022	2	19	6	0
	286	32	44.500000	65.500000	9.832784e+04	7.755655e-05
	126	45	4.500000	62.250000	9.601076e+04	2.884010e-04
	25	50	-20.750000	61.000000	9.692732e+04	1.399511e-04
	236	155	32.000000	34.750000	1.003899e+05	9.214084e-05
	217	162	27.250000	33.000000	1.002768e+05	7.671750e-05
	279	162	42.750000	33.000000	1.004246e+05	3.874280e-06
2022	2	19	5	6
	17	47	-22.750000	61.750000	9.638730e+04	2.440260e-04
	0	59	-27.000000	58.750000	9.668995e+04	7.334381e-05
	232	156	31.000000	34.500000	1.004622e+05	8.504728e-05
	222	162	28.500000	33.000000	1.004622e+05	1.226839e-04
	281	162	43.250000	33.000000	1.007592e+05	1.025618e-04
2022	2	19	5	12
	208	43	25.000000	62.750000	9.746381e+04	8.548744e-05
	209	43	25.250000	62.750000	9.746381e+04	8.201151e-05
	48	45	-15.000000	62.250000	9.660233e+04	1.440396e-04
	7	49	-25.250000	61.250000	9.649217e+04	2.341958e-04
	286	160	44.500000	33.500000	1.009595e+05	1.031376e-04
2022	2	19	6	18
	6	7	-25.500000	71.750000	9.973052e+04	2.658086e-06
	221	38	28.250000	64.000000	9.773451e+04	1.171479e-04
	61	41	-11.750000	63.250000	9.634359e+04	2.011750e-04
	103	46	-1.250000	62.000000	9.634771e+04	2.922476e-04
	227	48	29.750000	61.500000	9.773451e+04	1.296694e-04
	12	54	-24.000000	60.000000	9.677051e+04	3.183930e-04
2022	2	20	8	0
	169	5	15.250000	72.250000	9.777763e+04	2.200729e-04
	6	7	-25.500000	71.750000	9.969053e+04	1.139677e-06
	106	37	-0.500000	64.250000	9.600664e+04	2.860130e-04
	227	37	29.750000	64.250000	9.805538e+04	5.817285e-05
	66	43	-10.500000	62.750000	9.629459e+04	2.441660e-04
	242	45	33.500000	62.250000	9.805538e+04	1.185254e-04
	33	58	-18.750000	59.000000	9.705375e+04	2.451483e-04
	0	85	-27.000000	52.250000	9.849073e+04	1.048197e-04
