2022	2	14	7	0
	4	6	-26.000000	72.000000	9.977749e+04	-2.072443e-05
	217	9	27.250000	71.250000	9.834376e+04	1.269494e-04
	201	15	23.250000	69.750000	9.834376e+04	2.273325e-05
	1	17	-26.750000	69.250000	9.977749e+04	4.522229e-06
	222	20	28.500000	68.500000	9.834376e+04	5.455827e-05
	114	62	1.500000	58.000000	9.852813e+04	9.388188e-05
	105	71	-0.750000	55.750000	9.852813e+04	9.519059e-05
2022	2	14	3	3
	213	9	26.250000	71.250000	9.805820e+04	2.360929e-04
	118	61	2.500000	58.250000	9.843791e+04	1.098805e-04
	107	71	-0.250000	55.750000	9.843791e+04	1.360890e-04
2022	2	14	3	6
	63	3	-11.250000	72.750000	1.001088e+05	1.054237e-04
	214	10	26.500000	71.000000	9.788941e+04	2.865511e-04
	117	70	2.250000	56.000000	9.844202e+04	5.596644e-05
2022	2	14	5	9
	68	2	-10.000000	73.000000	1.001856e+05	9.112968e-05
	226	7	29.500000	71.750000	9.787384e+04	2.196266e-04
	0	53	-27.000000	60.250000	9.810032e+04	1.464614e-04
	124	69	4.000000	56.250000	9.844921e+04	1.423229e-04
	125	69	4.250000	56.250000	9.844921e+04	1.455519e-04
2022	2	14	4	12
	73	1	-8.750000	73.250000	1.001634e+05	5.936772e-05
	225	9	29.250000	71.250000	9.777780e+04	2.062134e-04
	0	47	-27.000000	61.750000	9.771000e+04	1.392326e-04
	131	64	5.750000	57.500000	9.831945e+04	1.990531e-04
2022	2	14	4	15
	6	7	-25.500000	71.750000	9.992318e+04	3.922201e-05
	244	12	34.000000	70.500000	9.769734e+04	2.132183e-04
	0	44	-27.000000	62.500000	9.738919e+04	1.243920e-04
	134	61	6.500000	58.250000	9.827100e+04	2.254673e-04
2022	2	14	5	18
	226	7	29.500000	71.750000	9.761841e+04	3.800494e-04
	248	11	35.000000	70.750000	9.761841e+04	2.115749e-04
	288	12	45.000000	70.500000	9.903640e+04	9.084451e-05
	0	40	-27.000000	63.500000	9.719711e+04	1.162433e-04
	136	59	7.000000	58.750000	9.844733e+04	2.175152e-04
2022	2	14	5	21
	250	11	35.500000	70.750000	9.765796e+04	2.219527e-04
	0	37	-27.000000	64.250000	9.727654e+04	1.336073e-04
	22	45	-21.500000	62.250000	9.735067e+04	2.132014e-04
	141	58	8.250000	59.000000	9.849184e+04	2.211004e-04
	139	121	7.750000	43.250000	1.010243e+05	1.188094e-04
2022	2	15	5	0
	6	7	-25.500000	71.750000	9.978228e+04	5.454915e-05
	257	12	37.250000	70.500000	9.776222e+04	2.533836e-04
	11	40	-24.250000	63.500000	9.739980e+04	2.375633e-04
	146	55	9.500000	59.750000	9.850998e+04	2.854888e-04
	146	119	9.500000	43.750000	1.010340e+05	1.223818e-04
2022	2	15	6	3
	262	9	38.500000	71.250000	9.779252e+04	2.255149e-04
	5	36	-25.750000	64.500000	9.721526e+04	2.218461e-04
	27	39	-20.250000	63.750000	9.721526e+04	8.784440e-05
	150	52	10.500000	60.500000	9.845486e+04	3.492140e-04
	128	54	5.000000	60.000000	9.845486e+04	8.425117e-05
	146	118	9.500000	44.000000	1.009125e+05	8.226577e-05
2022	2	15	9	6
	6	7	-25.500000	71.750000	9.970713e+04	2.940566e-05
	271	10	40.750000	71.000000	9.785295e+04	2.552956e-04
	127	49	4.750000	61.250000	9.855929e+04	1.223123e-04
	151	49	10.750000	61.250000	9.855929e+04	2.636573e-04
	72	58	-9.000000	59.000000	9.811008e+04	2.632468e-04
	0	88	-27.000000	51.500000	9.926255e+04	1.137486e-04
	157	114	12.250000	45.000000	1.009743e+05	9.896943e-05
	158	114	12.500000	45.000000	1.009743e+05	8.442513e-05
	146	117	9.500000	44.250000	1.009743e+05	8.284765e-05
2022	2	15	9	9
	270	9	40.500000	71.250000	9.797159e+04	2.788031e-04
	29	38	-19.750000	64.000000	9.761482e+04	1.463368e-04
	155	48	11.750000	61.500000	9.865378e+04	2.097973e-04
	126	49	4.500000	61.250000	9.867707e+04	1.549995e-04
	141	53	8.250000	60.250000	9.865378e+04	5.719176e-06
	72	55	-9.000000	59.750000	9.793461e+04	2.779314e-04
	0	84	-27.000000	52.500000	9.874760e+04	1.033182e-04
	158	113	12.500000	45.250000	1.010493e+05	1.150761e-04
	146	117	9.500000	44.250000	1.010493e+05	1.053877e-04
2022	2	15	9	12
	272	10	41.000000	71.000000	9.810888e+04	2.638950e-04
	0	29	-27.000000	66.250000	9.768432e+04	8.796539e-05
	23	33	-21.250000	65.250000	9.768432e+04	2.496931e-04
	158	47	12.500000	61.750000	9.867929e+04	1.709181e-04
	127	49	4.750000	61.250000	9.866834e+04	1.606397e-04
	71	53	-9.250000	60.250000	9.783908e+04	2.990474e-04
	11	81	-24.250000	53.250000	9.849475e+04	2.223699e-04
	161	115	13.250000	44.750000	1.010318e+05	1.072112e-04
	165	125	14.250000	42.250000	1.010318e+05	5.562940e-05
2022	2	15	6	15
	278	9	42.500000	71.250000	9.818027e+04	2.895299e-04
	0	38	-27.000000	64.000000	9.783275e+04	-2.366269e-05
	136	41	7.000000	63.250000	9.860962e+04	1.292901e-04
	71	51	-9.250000	60.750000	9.779526e+04	3.092371e-04
	20	79	-22.000000	53.750000	9.826689e+04	2.494933e-04
	161	111	13.250000	45.750000	1.010190e+05	1.125729e-04
2022	2	15	7	18
	276	9	42.000000	71.250000	9.829154e+04	2.693589e-04
	0	40	-27.000000	63.500000	9.780364e+04	2.672519e-05
	135	40	6.750000	63.500000	9.854011e+04	1.479683e-04
	70	50	-9.500000	61.000000	9.779509e+04	3.132390e-04
	127	63	4.750000	57.750000	9.846855e+04	1.924279e-04
	32	77	-19.000000	54.250000	9.819037e+04	2.494597e-04
	159	113	12.750000	45.250000	1.011643e+05	8.257678e-05
2022	2	15	6	21
	281	10	43.250000	71.000000	9.839152e+04	2.985773e-04
	134	39	6.500000	63.750000	9.849817e+04	1.615322e-04
	70	49	-9.500000	61.250000	9.788770e+04	2.950171e-04
	130	62	5.500000	58.000000	9.835283e+04	1.771489e-04
	44	76	-16.000000	54.500000	9.827083e+04	2.251854e-04
	179	111	17.750000	45.750000	1.012206e+05	9.748248e-05
2022	2	16	6	0
	285	9	44.250000	71.250000	9.844990e+04	2.622718e-04
	133	38	6.250000	64.000000	9.842250e+04	1.655505e-04
	70	48	-9.500000	61.500000	9.790910e+04	2.955144e-04
	134	62	6.500000	58.000000	9.835642e+04	1.605815e-04
	0	73	-27.000000	55.250000	9.745098e+04	1.117126e-04
	60	75	-12.000000	54.750000	9.828247e+04	2.144958e-04
2022	2	16	8	3
	285	8	44.250000	71.500000	9.846068e+04	2.456102e-04
	131	38	5.750000	64.000000	9.831499e+04	1.873533e-04
	189	42	20.250000	63.000000	9.894772e+04	1.205197e-04
	71	48	-9.250000	61.500000	9.791954e+04	2.891558e-04
	146	60	9.500000	58.500000	9.830284e+04	1.580040e-04
	0	69	-27.000000	56.250000	9.666590e+04	1.218264e-04
	72	74	-9.000000	55.000000	9.840470e+04	2.195084e-04
	85	77	-5.750000	54.250000	9.840470e+04	1.716009e-04
2022	2	16	6	6
	283	8	43.750000	71.500000	9.850827e+04	2.680956e-04
	129	38	5.250000	64.000000	9.823539e+04	1.785286e-04
	70	48	-9.500000	61.500000	9.794779e+04	2.531433e-04
	150	59	10.500000	58.750000	9.825062e+04	1.838675e-04
	7	65	-25.250000	57.250000	9.625127e+04	3.828352e-04
	87	75	-5.250000	54.750000	9.859335e+04	1.741386e-04
2022	2	16	6	9
	283	9	43.750000	71.250000	9.855261e+04	2.590260e-04
	125	38	4.250000	64.000000	9.819071e+04	1.657349e-04
	68	47	-10.000000	61.750000	9.787280e+04	2.400900e-04
	153	58	11.250000	59.000000	9.824943e+04	1.435819e-04
	14	65	-23.500000	57.250000	9.606895e+04	3.956036e-04
	137	116	7.250000	44.500000	1.007795e+05	8.675003e-05
2022	2	16	6	12
	285	8	44.250000	71.500000	9.860534e+04	2.351613e-04
	123	38	3.750000	64.000000	9.812942e+04	1.526546e-04
	144	55	9.000000	59.750000	9.822118e+04	6.709559e-07
	19	57	-22.250000	59.250000	9.597257e+04	3.347861e-04
	162	57	13.500000	59.250000	9.822118e+04	1.067367e-04
	138	117	7.500000	44.250000	1.009068e+05	1.368301e-04
2022	2	16	7	15
	285	8	44.250000	71.500000	9.861680e+04	2.342710e-04
	121	38	3.250000	64.000000	9.799298e+04	1.552684e-04
	178	48	17.500000	61.500000	9.819567e+04	1.155426e-04
	45	56	-15.750000	59.500000	9.599877e+04	1.502482e-04
	167	56	14.750000	59.500000	9.819567e+04	1.019622e-04
	26	59	-20.500000	58.750000	9.599877e+04	3.370921e-04
	137	119	7.250000	43.750000	1.008952e+05	1.492603e-04
2022	2	16	8	18
	283	8	43.750000	71.500000	9.861938e+04	2.454300e-04
	0	40	-27.000000	63.500000	9.812857e+04	-1.501585e-05
	179	47	17.750000	61.750000	9.811795e+04	9.347867e-05
	40	54	-17.000000	60.000000	9.596281e+04	1.554621e-04
	172	55	16.000000	59.750000	9.811795e+04	1.016905e-04
	58	57	-12.500000	59.250000	9.596281e+04	2.209986e-04
	137	117	7.250000	44.250000	1.009758e+05	7.498844e-05
	281	121	43.250000	43.250000	1.018547e+05	-1.193006e-05
2022	2	16	7	21
	283	9	43.750000	71.250000	9.866936e+04	2.429357e-04
	284	9	44.000000	71.250000	9.866936e+04	2.353369e-04
	179	46	17.750000	62.000000	9.797929e+04	9.704023e-05
	41	56	-16.750000	59.500000	9.610302e+04	2.850107e-04
	67	56	-10.250000	59.500000	9.607152e+04	2.498395e-04
	150	109	10.500000	46.250000	1.003101e+05	2.465325e-05
	281	121	43.250000	43.250000	1.017370e+05	-2.244852e-05
2022	2	17	5	0
	287	9	44.750000	71.250000	9.872791e+04	1.816018e-04
	63	56	-11.250000	59.500000	9.624271e+04	2.081116e-04
	82	57	-6.500000	59.250000	9.624271e+04	2.681736e-04
	138	117	7.500000	44.250000	1.007293e+05	1.074214e-04
	281	121	43.250000	43.250000	1.016524e+05	-2.133701e-05
2022	2	17	4	3
	288	9	45.000000	71.250000	9.877156e+04	1.513231e-04
	60	57	-12.000000	59.250000	9.639370e+04	3.192326e-04
	87	57	-5.250000	59.250000	9.638720e+04	2.239387e-04
	281	121	43.250000	43.250000	1.015803e+05	-2.407222e-05
2022	2	17	4	6
	288	9	45.000000	71.250000	9.882874e+04	1.375996e-04
	93	57	-3.750000	59.250000	9.654948e+04	2.015522e-04
	111	58	0.750000	59.000000	9.654948e+04	1.306243e-04
	146	64	9.500000	57.500000	9.667548e+04	2.796924e-04
2022	2	17	5	9
	97	58	-2.750000	59.000000	9.685302e+04	2.354536e-04
	120	59	3.000000	58.750000	9.685302e+04	1.529227e-04
	153	64	11.250000	57.500000	9.672959e+04	2.504470e-04
	184	72	19.000000	55.500000	9.674893e+04	2.643850e-04
	281	121	43.250000	43.250000	1.013585e+05	-1.885269e-05
2022	2	17	5	12
	106	59	-0.500000	58.750000	9.706238e+04	1.986906e-04
	123	59	3.750000	58.750000	9.706238e+04	1.708305e-04
	158	65	12.500000	57.250000	9.689598e+04	2.558464e-04
	193	70	21.250000	56.000000	9.651251e+04	2.879202e-04
	36	96	-18.000000	49.500000	1.009195e+05	1.034499e-04
2022	2	17	4	15
	288	28	45.000000	66.500000	9.905198e+04	2.752439e-05
	124	59	4.000000	58.750000	9.734194e+04	1.516035e-04
	199	69	22.750000	56.250000	9.646320e+04	2.828158e-04
	38	101	-17.500000	48.250000	1.006420e+05	1.210214e-04
2022	2	17	3	18
	127	61	4.750000	58.250000	9.773431e+04	1.337424e-04
	205	67	24.250000	56.750000	9.658253e+04	2.448371e-04
	52	96	-14.000000	49.500000	1.003383e+05	1.150824e-04
2022	2	17	2	21
	143	48	8.750000	61.500000	9.812959e+04	-2.484918e-05
	212	64	26.000000	57.500000	9.671726e+04	2.120328e-04
2022	2	18	1	0
	218	62	27.500000	58.000000	9.691755e+04	1.672530e-04
2022	2	18	2	3
	141	32	8.250000	65.500000	9.825011e+04	6.938123e-05
	225	55	29.250000	59.750000	9.713736e+04	7.508532e-05
2022	2	18	3	6
	140	32	8.000000	65.500000	9.816434e+04	1.187435e-04
	227	49	29.750000	61.250000	9.722142e+04	1.361325e-04
	76	58	-8.000000	59.000000	9.835283e+04	2.109568e-04
2022	2	18	4	9
	140	33	8.000000	65.250000	9.813062e+04	1.282913e-04
	229	46	30.250000	62.000000	9.724761e+04	1.674930e-04
	80	59	-7.000000	58.750000	9.829565e+04	2.339073e-04
	261	162	38.250000	33.000000	1.006848e+05	8.989967e-05
2022	2	18	6	12
	6	7	-25.500000	71.750000	1.004150e+05	-3.466038e-05
	147	26	9.750000	67.000000	9.808166e+04	3.832872e-05
	142	34	8.500000	65.000000	9.808166e+04	1.193971e-04
	232	43	31.000000	62.750000	9.726062e+04	1.702598e-04
	124	68	4.000000	56.500000	9.815835e+04	2.380902e-04
	261	162	38.250000	33.000000	1.004053e+05	1.333524e-04
2022	2	18	6	15
	6	7	-25.500000	71.750000	1.003820e+05	-2.664974e-05
	146	26	9.500000	67.000000	9.797963e+04	7.793974e-05
	244	34	34.000000	65.000000	9.718188e+04	8.838036e-05
	143	35	8.750000	64.750000	9.797963e+04	1.512535e-04
	141	66	8.250000	57.000000	9.773756e+04	3.005523e-04
	260	162	38.000000	33.000000	1.004159e+05	9.662608e-05
2022	2	18	3	18
	246	30	34.500000	66.000000	9.701427e+04	1.485322e-04
	148	33	10.000000	65.250000	9.792159e+04	1.358579e-04
	154	64	11.500000	57.500000	9.748180e+04	3.550634e-04
2022	2	18	4	21
	246	29	34.500000	66.250000	9.689512e+04	1.471921e-04
	148	32	10.000000	65.500000	9.793238e+04	1.213273e-04
	0	55	-27.000000	59.750000	9.866388e+04	1.431785e-04
	169	63	15.250000	57.750000	9.766070e+04	2.415157e-04
2022	2	19	5	0
	246	27	34.500000	66.750000	9.684000e+04	1.744879e-04
	148	33	10.000000	65.250000	9.798613e+04	1.294970e-04
	190	63	20.500000	57.750000	9.756962e+04	2.676920e-04
	117	124	2.250000	42.500000	1.011015e+05	7.965270e-05
	226	158	29.500000	34.000000	1.006064e+05	1.428371e-04
2022	2	19	4	3
	249	25	35.250000	67.250000	9.676947e+04	1.401953e-04
	198	62	22.500000	58.000000	9.762201e+04	1.668931e-04
	107	133	-0.250000	40.250000	1.011650e+05	-2.207172e-05
	228	162	30.000000	33.000000	1.005532e+05	3.044000e-05
2022	2	19	5	6
	251	21	35.750000	68.250000	9.672753e+04	1.346318e-04
	125	22	4.250000	68.000000	9.813267e+04	1.250265e-04
	217	61	27.250000	58.250000	9.787948e+04	2.010747e-04
	124	139	4.000000	38.750000	1.011955e+05	1.342695e-05
	228	162	30.000000	33.000000	1.008207e+05	1.180449e-05
2022	2	19	6	9
	247	19	34.750000	68.750000	9.678043e+04	1.655059e-04
	130	24	5.500000	67.500000	9.824087e+04	1.391155e-04
	11	46	-24.250000	62.000000	9.816195e+04	1.233347e-04
	231	60	30.750000	58.500000	9.801969e+04	1.541399e-04
	0	63	-27.000000	57.750000	9.818420e+04	1.211401e-04
	128	138	5.000000	39.000000	1.013454e+05	3.379598e-05
2022	2	19	3	12
	248	20	35.000000	68.500000	9.685335e+04	1.592877e-04
	134	25	6.500000	67.250000	9.834975e+04	1.531286e-04
	246	58	34.500000	59.000000	9.804229e+04	9.146359e-05
2022	2	19	6	15
	266	15	39.500000	69.750000	9.695966e+04	9.826759e-05
	248	21	35.000000	68.250000	9.695966e+04	1.648470e-04
	0	56	-27.000000	59.500000	9.659982e+04	9.269918e-05
	261	57	38.250000	59.250000	9.801592e+04	9.198135e-05
	132	135	6.000000	39.750000	1.014043e+05	1.854118e-05
	287	162	44.750000	33.000000	1.006751e+05	9.276551e-05
2022	2	19	8	18
	275	13	41.750000	70.250000	9.709970e+04	7.110289e-05
	101	15	-1.750000	69.750000	9.840830e+04	2.012131e-04
	126	20	4.500000	68.500000	9.840830e+04	1.215795e-04
	0	53	-27.000000	60.250000	9.580857e+04	1.676173e-04
	288	55	45.000000	59.750000	9.847745e+04	1.668181e-04
	271	56	40.750000	59.500000	9.803219e+04	1.818985e-04
	277	146	42.250000	37.000000	1.011448e+05	-2.700363e-05
	286	160	44.500000	33.500000	1.010221e+05	1.348476e-04
2022	2	19	7	21
	288	10	45.000000	71.000000	9.715808e+04	1.058263e-04
	98	15	-2.500000	69.750000	9.837115e+04	2.186829e-04
	127	20	4.750000	68.500000	9.837115e+04	8.967720e-05
	0	53	-27.000000	60.250000	9.518834e+04	1.402443e-04
	280	54	43.000000	60.000000	9.812977e+04	2.020347e-04
	274	146	41.500000	37.000000	1.012210e+05	1.505946e-05
	284	157	44.000000	34.250000	1.011539e+05	1.839959e-04
2022	2	20	5	0
	288	10	45.000000	71.000000	9.726439e+04	1.016772e-04
	96	15	-3.000000	69.750000	9.835728e+04	1.893170e-04
	0	51	-27.000000	60.750000	9.483311e+04	1.547012e-04
	267	153	39.750000	35.250000	1.012359e+05	9.566758e-06
	282	155	43.500000	34.750000	1.012246e+05	1.867813e-04
