2022	2	16	5	0
	288	11	45.000000	70.750000	9.883622e+04	5.488060e-05
	54	39	-13.500000	63.750000	9.723909e+04	3.869071e-04
	118	53	2.500000	60.250000	9.803641e+04	1.752009e-04
	65	67	-10.750000	56.750000	9.718219e+04	3.294760e-04
	280	121	43.000000	43.250000	1.021088e+05	1.107002e-05
2022	2	16	7	3
	47	37	-15.250000	64.250000	9.721212e+04	3.841619e-04
	122	52	3.500000	60.500000	9.793811e+04	1.596546e-04
	72	65	-9.000000	57.250000	9.700232e+04	2.888958e-04
	89	70	-4.750000	56.000000	9.700232e+04	1.757379e-04
	9	75	-24.750000	54.750000	9.787733e+04	1.724386e-04
	280	121	43.000000	43.250000	1.021567e+05	1.593014e-05
	174	123	16.500000	42.750000	1.014211e+05	4.885648e-05
2022	2	16	4	6
	39	34	-17.250000	65.000000	9.746270e+04	3.139142e-04
	82	65	-6.500000	57.250000	9.723801e+04	3.333401e-04
	27	74	-20.250000	55.000000	9.759341e+04	1.614611e-04
	280	121	43.000000	43.250000	1.022432e+05	1.250142e-05
2022	2	16	7	9
	30	31	-19.500000	65.750000	9.761062e+04	2.311866e-04
	44	62	-16.000000	58.000000	9.719196e+04	7.420670e-05
	96	65	-3.000000	57.250000	9.741648e+04	2.212692e-04
	115	66	1.750000	57.000000	9.741648e+04	2.224151e-04
	40	71	-17.000000	55.750000	9.719196e+04	2.216912e-04
	57	74	-12.750000	55.000000	9.719196e+04	2.347791e-04
	279	120	42.750000	43.500000	1.021723e+05	1.989280e-05
2022	2	16	6	12
	65	55	-10.750000	59.750000	9.709613e+04	1.122334e-04
	122	65	3.500000	57.250000	9.728732e+04	1.988399e-04
	54	68	-13.500000	56.500000	9.676694e+04	3.459393e-04
	74	70	-8.500000	56.000000	9.676694e+04	2.675191e-04
	137	116	7.250000	44.500000	1.012556e+05	6.905900e-05
	183	139	18.750000	38.750000	1.012535e+05	1.661732e-04
2022	2	16	6	15
	288	10	45.000000	71.000000	9.900291e+04	1.033175e-04
	0	36	-27.000000	64.500000	9.776909e+04	-1.838470e-06
	65	67	-10.750000	56.750000	9.653218e+04	3.115940e-04
	90	68	-4.500000	56.500000	9.663886e+04	2.957970e-04
	135	119	6.750000	43.750000	1.012975e+05	1.350773e-04
	185	137	19.250000	39.250000	1.010525e+05	1.818345e-04
2022	2	16	7	18
	288	10	45.000000	71.000000	9.895173e+04	1.030456e-04
	0	34	-27.000000	65.000000	9.803626e+04	-7.788191e-07
	106	67	-0.500000	56.750000	9.620763e+04	3.361794e-04
	80	68	-7.000000	56.500000	9.675965e+04	3.629347e-04
	148	108	10.000000	46.500000	1.006107e+05	-4.215124e-05
	278	120	42.500000	43.500000	1.021793e+05	-2.221515e-05
	185	135	19.250000	39.750000	1.010923e+05	1.386652e-04
2022	2	16	5	21
	288	11	45.000000	70.750000	9.893499e+04	9.364829e-05
	120	66	3.000000	57.000000	9.598016e+04	3.648351e-04
	137	117	7.250000	44.250000	1.011879e+05	4.780500e-05
	280	121	43.000000	43.250000	1.021930e+05	-3.906155e-05
	185	135	19.250000	39.750000	1.011775e+05	1.144687e-04
2022	2	17	5	0
	153	63	11.250000	57.750000	9.600792e+04	2.325976e-04
	134	67	6.500000	56.750000	9.600792e+04	3.414373e-04
	137	117	7.250000	44.250000	1.010401e+05	6.377100e-05
	279	121	42.750000	43.250000	1.020364e+05	-3.113156e-05
	185	135	19.250000	39.750000	1.012246e+05	1.108892e-04
2022	2	17	3	3
	123	40	3.750000	63.500000	9.703488e+04	1.239101e-04
	172	64	16.000000	57.500000	9.608777e+04	1.617976e-04
	154	65	11.500000	57.250000	9.608777e+04	2.121498e-04
2022	2	17	5	6
	126	40	4.500000	63.500000	9.708295e+04	1.042172e-04
	184	62	19.000000	58.000000	9.589131e+04	1.681482e-04
	0	110	-27.000000	46.000000	1.007796e+05	1.286281e-04
	0	118	-27.000000	44.000000	1.007796e+05	6.422093e-05
	279	121	42.750000	43.250000	1.016799e+05	-2.250702e-05
2022	2	17	4	9
	125	39	4.250000	63.750000	9.721615e+04	1.192164e-04
	196	58	22.000000	59.000000	9.583565e+04	1.749050e-04
	6	107	-25.500000	46.750000	1.002156e+05	2.226152e-04
	278	120	42.500000	43.500000	1.016619e+05	-1.108285e-05
2022	2	17	4	12
	127	39	4.750000	63.750000	9.731988e+04	1.265695e-04
	199	56	22.750000	59.500000	9.582448e+04	2.006798e-04
	15	103	-23.250000	47.750000	9.967974e+04	2.818712e-04
	272	119	41.000000	43.750000	1.013265e+05	-2.774888e-05
2022	2	17	6	15
	129	39	5.250000	63.750000	9.744780e+04	1.322931e-04
	202	54	23.500000	60.000000	9.584883e+04	2.110310e-04
	31	68	-19.250000	56.500000	9.945382e+04	1.893616e-04
	24	98	-21.000000	49.000000	9.870659e+04	3.997580e-04
	159	107	12.750000	46.750000	1.004647e+05	-3.620022e-05
	192	160	21.000000	33.500000	1.010764e+05	6.105715e-05
2022	2	17	5	18
	131	40	5.750000	63.500000	9.760348e+04	1.262965e-04
	205	54	24.250000	60.000000	9.595520e+04	2.309075e-04
	34	66	-18.500000	57.000000	9.912804e+04	1.918527e-04
	32	95	-19.000000	49.750000	9.783391e+04	5.049733e-04
	281	121	43.250000	43.250000	1.012100e+05	-1.624224e-05
2022	2	17	3	21
	210	54	25.500000	60.000000	9.608234e+04	2.223655e-04
	36	64	-18.000000	57.500000	9.885452e+04	2.258936e-04
	42	92	-16.500000	50.500000	9.726871e+04	5.557855e-04
2022	2	18	4	0
	214	44	26.500000	62.500000	9.613630e+04	1.008506e-04
	218	53	27.500000	60.250000	9.613630e+04	1.985862e-04
	37	62	-17.750000	58.000000	9.857897e+04	2.636046e-04
	53	86	-13.750000	52.000000	9.676120e+04	5.809507e-04
2022	2	18	6	3
	6	7	-25.500000	71.750000	1.004803e+05	-3.736859e-05
	215	43	26.750000	62.750000	9.619570e+04	1.317360e-04
	224	50	29.000000	61.000000	9.619570e+04	1.488650e-04
	38	61	-17.500000	58.250000	9.833056e+04	3.081610e-04
	63	81	-11.250000	53.250000	9.634270e+04	5.233542e-04
	137	116	7.250000	44.500000	1.015592e+05	7.206517e-05
2022	2	18	5	6
	122	22	3.500000	68.000000	9.794973e+04	1.046554e-04
	217	41	27.250000	63.250000	9.631727e+04	1.572864e-04
	38	61	-17.500000	58.250000	9.815070e+04	3.171353e-04
	73	80	-8.750000	53.500000	9.625446e+04	4.495996e-04
	140	107	8.000000	46.750000	1.009917e+05	-9.515225e-05
2022	2	18	4	9
	113	23	1.250000	67.750000	9.784817e+04	1.803328e-04
	219	39	27.750000	63.750000	9.648628e+04	1.472505e-04
	40	63	-17.000000	57.750000	9.819691e+04	3.599249e-04
	90	75	-4.500000	54.750000	9.630873e+04	2.591285e-04
2022	2	18	7	12
	6	7	-25.500000	71.750000	1.003032e+05	-3.348467e-05
	110	26	0.500000	67.000000	9.773405e+04	1.753474e-04
	221	37	28.250000	64.250000	9.670445e+04	9.277632e-05
	8	39	-25.000000	63.750000	9.917657e+04	1.232448e-04
	9	39	-24.750000	63.750000	9.917657e+04	1.339215e-04
	45	64	-15.750000	57.500000	9.838623e+04	3.445407e-04
	102	72	-1.500000	55.500000	9.606048e+04	2.757938e-04
2022	2	18	7	15
	6	7	-25.500000	71.750000	1.002584e+05	-3.875419e-05
	110	27	0.500000	66.750000	9.751666e+04	1.884400e-04
	8	37	-25.000000	64.250000	9.909920e+04	1.506687e-04
	234	37	31.500000	64.250000	9.688587e+04	4.507036e-05
	51	66	-14.250000	57.000000	9.861510e+04	3.049260e-04
	117	68	2.250000	56.500000	9.604792e+04	2.442094e-04
	275	118	41.750000	44.000000	1.005757e+05	-2.235112e-05
2022	2	18	8	18
	6	7	-25.500000	71.750000	1.002659e+05	-3.917195e-05
	110	29	0.500000	66.250000	9.735788e+04	1.725543e-04
	237	35	32.250000	64.750000	9.694975e+04	5.631144e-05
	0	58	-27.000000	59.000000	9.874085e+04	2.654759e-05
	132	66	6.000000	57.000000	9.591427e+04	1.988395e-04
	59	68	-12.250000	56.500000	9.890212e+04	2.832154e-04
	279	119	42.750000	43.750000	1.007666e+05	5.864102e-05
	109	128	0.250000	41.500000	1.012209e+05	6.197485e-05
2022	2	18	8	21
	6	7	-25.500000	71.750000	1.002882e+05	-3.288370e-05
	288	20	45.000000	68.500000	9.757945e+04	-1.148314e-05
	112	30	1.000000	66.000000	9.732516e+04	1.400395e-04
	241	32	33.250000	65.500000	9.702449e+04	7.906323e-05
	0	54	-27.000000	60.000000	9.815348e+04	1.003900e-04
	145	63	9.250000	57.750000	9.587752e+04	2.769725e-04
	68	70	-10.000000	56.000000	9.917921e+04	3.009439e-04
	238	151	32.500000	35.750000	1.007850e+05	1.659744e-04
2022	2	19	6	0
	244	30	34.000000	66.000000	9.707365e+04	9.674051e-05
	96	32	-3.000000	65.500000	9.728809e+04	2.303943e-04
	0	51	-27.000000	60.750000	9.803068e+04	1.178593e-04
	155	62	11.750000	58.000000	9.593008e+04	2.753947e-04
	78	71	-7.500000	55.750000	9.940932e+04	2.712979e-04
	245	153	34.250000	35.250000	1.007501e+05	1.090592e-04
2022	2	19	7	3
	6	7	-25.500000	71.750000	1.001992e+05	-3.572567e-05
	246	29	34.500000	66.250000	9.713055e+04	8.339683e-05
	102	35	-1.500000	64.750000	9.721692e+04	2.300249e-04
	13	52	-23.750000	60.500000	9.807782e+04	2.144957e-04
	164	60	14.000000	58.500000	9.606141e+04	2.392874e-04
	138	117	7.500000	44.250000	1.011499e+05	1.471915e-04
	245	151	34.250000	35.750000	1.006461e+05	1.499842e-04
2022	2	19	9	6
	6	7	-25.500000	71.750000	1.001775e+05	-4.605029e-05
	246	27	34.500000	66.750000	9.723352e+04	4.597399e-05
	106	36	-0.500000	64.500000	9.727398e+04	2.665011e-04
	18	51	-22.500000	60.750000	9.807720e+04	1.999712e-04
	37	56	-17.750000	59.500000	9.807720e+04	2.188817e-04
	181	59	18.250000	58.750000	9.626951e+04	1.458735e-04
	138	118	7.500000	44.000000	1.012176e+05	1.355235e-04
	235	147	31.750000	36.750000	1.007642e+05	-4.063698e-05
	245	155	34.250000	34.750000	1.007642e+05	1.884142e-04
2022	2	19	10	9
	6	7	-25.500000	71.750000	1.002012e+05	-2.160544e-05
	135	27	6.750000	66.750000	9.756426e+04	3.418493e-05
	110	37	0.500000	64.250000	9.739214e+04	2.393460e-04
	19	50	-22.250000	61.000000	9.817225e+04	1.757648e-04
	40	54	-17.000000	60.000000	9.817225e+04	2.224007e-04
	194	57	21.500000	59.250000	9.649884e+04	1.369114e-04
	151	116	10.750000	44.500000	1.013671e+05	4.550673e-05
	137	118	7.250000	44.000000	1.013671e+05	1.207572e-04
	244	155	34.000000	34.750000	1.008517e+05	1.775177e-04
	254	157	36.500000	34.250000	1.008517e+05	9.564170e-06
2022	2	19	9	12
	6	7	-25.500000	71.750000	1.001877e+05	-4.499043e-06
	124	30	4.000000	66.000000	9.755030e+04	-1.499887e-05
	114	38	1.500000	64.000000	9.755030e+04	2.174342e-04
	17	49	-22.750000	61.250000	9.823164e+04	1.832864e-04
	41	53	-16.750000	60.250000	9.823645e+04	2.095173e-04
	203	55	23.750000	59.750000	9.677330e+04	1.478365e-04
	72	60	-9.000000	58.500000	9.834871e+04	2.516167e-04
	151	116	10.750000	44.500000	1.013891e+05	5.068881e-05
	256	162	37.000000	33.000000	1.007690e+05	1.534674e-05
2022	2	19	10	15
	6	7	-25.500000	71.750000	1.001617e+05	1.743627e-05
	279	17	42.750000	69.250000	9.749882e+04	6.683559e-05
	132	26	6.000000	67.000000	9.768381e+04	7.565356e-05
	120	39	3.000000	63.750000	9.765280e+04	2.009681e-04
	13	47	-23.750000	61.750000	9.816651e+04	1.818737e-04
	213	53	26.250000	60.250000	9.701643e+04	1.593921e-04
	78	59	-7.500000	58.750000	9.838236e+04	2.503571e-04
	154	116	11.500000	44.500000	1.013004e+05	3.513613e-05
	136	119	7.000000	43.750000	1.012770e+05	1.198752e-04
	261	162	38.250000	33.000000	1.009522e+05	4.829011e-05
2022	2	19	7	18
	131	30	5.750000	66.000000	9.772474e+04	-3.287132e-06
	127	39	4.750000	63.750000	9.772474e+04	2.532566e-04
	10	46	-24.500000	62.000000	9.764628e+04	1.836431e-04
	221	52	28.250000	60.500000	9.722188e+04	1.140917e-04
	83	60	-6.250000	58.500000	9.851648e+04	2.442842e-04
	0	61	-27.000000	58.250000	9.743215e+04	1.289762e-04
	168	125	15.000000	42.250000	1.014758e+05	2.759359e-05
2022	2	19	7	21
	135	38	6.750000	64.000000	9.775374e+04	2.480636e-04
	0	44	-27.000000	62.500000	9.684307e+04	1.437494e-04
	230	46	30.500000	62.000000	9.734950e+04	8.200214e-05
	0	58	-27.000000	59.000000	9.656474e+04	1.827004e-04
	85	60	-5.750000	58.500000	9.871217e+04	2.095506e-04
	169	124	15.250000	42.500000	1.015429e+05	3.741711e-05
	150	126	10.500000	42.000000	1.016110e+05	6.640694e-05
2022	2	20	8	0
	143	36	8.750000	64.500000	9.777188e+04	2.842542e-04
	0	43	-27.000000	62.750000	9.637773e+04	3.180960e-05
	237	44	32.250000	62.500000	9.743618e+04	6.849621e-05
	238	44	32.500000	62.500000	9.743618e+04	6.164924e-05
	11	55	-24.250000	59.750000	9.626315e+04	2.588160e-04
	134	69	6.500000	56.250000	9.885389e+04	2.060391e-04
	171	125	15.750000	42.250000	1.015847e+05	6.182613e-05
	159	137	12.750000	39.250000	1.016454e+05	9.230162e-05
