2022	2	14	5	0
	5	6	-25.750000	72.000000	9.976205e+04	-3.036317e-05
	216	9	27.000000	71.250000	9.837365e+04	1.125103e-04
	1	17	-26.750000	69.250000	9.976205e+04	3.391343e-06
	221	21	28.250000	68.250000	9.838183e+04	7.713004e-05
	105	71	-0.750000	55.750000	9.849206e+04	9.668669e-05
2022	2	14	5	3
	57	4	-12.750000	72.500000	1.001281e+05	1.008824e-04
	58	4	-12.500000	72.500000	1.001281e+05	1.006542e-04
	210	9	25.500000	71.250000	9.811427e+04	2.230334e-04
	119	61	2.750000	58.250000	9.842074e+04	1.365826e-04
	109	71	0.250000	55.750000	9.842074e+04	8.713441e-05
2022	2	14	3	6
	62	3	-11.500000	72.750000	1.000804e+05	1.030700e-04
	217	8	27.250000	71.500000	9.799519e+04	2.483818e-04
	115	70	1.750000	56.000000	9.843160e+04	5.369411e-05
2022	2	14	5	9
	67	2	-10.250000	73.000000	1.001322e+05	1.087761e-04
	224	8	29.000000	71.500000	9.808220e+04	2.002623e-04
	0	52	-27.000000	60.500000	9.802909e+04	1.357551e-04
	124	67	4.000000	56.750000	9.851260e+04	7.848193e-05
	125	67	4.250000	56.750000	9.851260e+04	8.504506e-05
2022	2	14	4	12
	69	1	-9.750000	73.250000	1.000789e+05	4.687511e-05
	234	7	31.500000	71.750000	9.804930e+04	1.689293e-04
	0	50	-27.000000	61.000000	9.761155e+04	1.281182e-04
	130	64	5.500000	57.500000	9.847970e+04	1.430514e-04
2022	2	14	5	15
	6	7	-25.500000	71.750000	9.985842e+04	4.503843e-05
	231	7	30.750000	71.750000	9.811727e+04	1.358847e-04
	232	7	31.000000	71.750000	9.811727e+04	1.255884e-04
	4	46	-26.000000	62.000000	9.715977e+04	2.521740e-04
	134	62	6.500000	58.000000	9.841824e+04	1.915484e-04
2022	2	14	3	18
	251	13	35.750000	70.250000	9.814717e+04	1.474812e-04
	0	42	-27.000000	63.000000	9.688854e+04	1.345715e-04
	136	61	7.000000	58.250000	9.855753e+04	2.018373e-04
2022	2	14	6	21
	259	12	37.750000	70.500000	9.817707e+04	1.598879e-04
	0	39	-27.000000	63.750000	9.678499e+04	1.796539e-04
	27	39	-20.250000	63.750000	9.678499e+04	-2.711189e-05
	129	51	5.250000	60.750000	9.863302e+04	7.197612e-05
	139	60	7.750000	58.500000	9.863302e+04	2.097636e-04
	139	121	7.750000	43.250000	1.011296e+05	1.208603e-04
2022	2	15	6	0
	6	7	-25.500000	71.750000	9.968639e+04	4.932502e-05
	264	12	39.000000	70.500000	9.820880e+04	1.750519e-04
	0	39	-27.000000	63.750000	9.720988e+04	9.645303e-05
	127	50	4.750000	61.000000	9.868362e+04	1.339994e-04
	143	59	8.750000	58.750000	9.866592e+04	2.416353e-04
	146	118	9.500000	44.000000	1.011024e+05	1.302185e-04
2022	2	15	8	3
	269	12	40.250000	70.500000	9.829331e+04	1.855473e-04
	1	36	-26.750000	64.500000	9.718248e+04	1.057456e-04
	28	38	-20.000000	64.000000	9.718248e+04	-7.580818e-06
	40	45	-17.000000	62.250000	9.742132e+04	2.068308e-04
	126	49	4.500000	61.250000	9.869548e+04	1.396895e-04
	148	57	10.000000	59.250000	9.863369e+04	2.697582e-04
	171	103	15.750000	47.750000	1.009885e+05	5.076834e-05
	146	117	9.500000	44.250000	1.010172e+05	1.047554e-04
2022	2	15	9	6
	277	10	42.250000	71.000000	9.838684e+04	1.707781e-04
	276	11	42.000000	70.750000	9.838684e+04	1.592469e-04
	249	12	35.250000	70.500000	9.838684e+04	1.823341e-04
	0	34	-27.000000	65.000000	9.717247e+04	5.271602e-05
	33	41	-18.750000	63.250000	9.730691e+04	2.383708e-04
	125	48	4.250000	61.500000	9.866158e+04	1.922610e-04
	152	55	11.000000	59.750000	9.862651e+04	2.859718e-04
	0	87	-27.000000	51.750000	9.895637e+04	1.256722e-04
	159	113	12.750000	45.250000	1.010738e+05	1.063315e-04
2022	2	15	6	9
	277	9	42.250000	71.250000	9.852914e+04	1.763630e-04
	24	35	-21.000000	64.750000	9.726132e+04	1.904056e-04
	126	47	4.500000	61.750000	9.861916e+04	1.939111e-04
	156	51	12.000000	60.750000	9.865005e+04	2.324949e-04
	8	84	-25.000000	52.500000	9.864070e+04	2.186149e-04
	158	111	12.500000	45.750000	1.011267e+05	9.138932e-05
2022	2	15	8	12
	281	10	43.250000	71.000000	9.866191e+04	1.830643e-04
	0	32	-27.000000	65.500000	9.731894e+04	4.537691e-05
	25	34	-20.750000	65.000000	9.731894e+04	1.259077e-04
	60	46	-12.000000	62.000000	9.774784e+04	2.512497e-04
	126	46	4.500000	62.000000	9.858609e+04	1.870303e-04
	158	49	12.500000	61.250000	9.866759e+04	1.568546e-04
	20	81	-22.000000	53.250000	9.838467e+04	2.436401e-04
	166	111	14.500000	45.750000	1.011401e+05	9.750622e-05
2022	2	15	6	15
	284	10	44.000000	71.000000	9.875477e+04	2.111874e-04
	0	39	-27.000000	63.750000	9.724512e+04	1.781463e-05
	55	43	-13.250000	62.750000	9.765214e+04	2.442335e-04
	164	48	14.000000	61.500000	9.866359e+04	1.393794e-04
	31	78	-19.250000	54.000000	9.808655e+04	2.546624e-04
	162	162	13.500000	33.000000	1.015413e+05	6.586438e-06
2022	2	15	5	18
	286	10	44.500000	71.000000	9.885799e+04	1.587337e-04
	48	40	-15.000000	63.500000	9.760938e+04	2.417760e-04
	172	46	16.000000	62.000000	9.873423e+04	6.843866e-05
	43	77	-16.250000	54.250000	9.797080e+04	2.729250e-04
	163	162	13.750000	33.000000	1.015540e+05	2.135290e-05
2022	2	15	6	21
	46	38	-15.500000	64.000000	9.766249e+04	2.782492e-04
	183	43	18.750000	62.750000	9.876179e+04	1.105931e-04
	105	55	-0.750000	59.750000	9.817205e+04	1.306849e-04
	127	60	4.750000	58.500000	9.817673e+04	2.010357e-04
	55	77	-13.250000	54.250000	9.803945e+04	2.506008e-04
	166	160	14.500000	33.500000	1.016659e+05	2.957864e-05
2022	2	16	4	0
	185	42	19.250000	63.000000	9.877833e+04	1.163599e-04
	110	55	0.500000	59.750000	9.809490e+04	1.423302e-04
	129	58	5.250000	59.000000	9.809490e+04	1.671885e-04
	72	77	-9.000000	54.250000	9.812746e+04	2.311347e-04
2022	2	16	3	3
	188	41	20.000000	63.250000	9.881056e+04	1.143889e-04
	115	55	1.750000	59.750000	9.800270e+04	1.132735e-04
	91	79	-4.250000	53.750000	9.823620e+04	2.045772e-04
2022	2	16	4	6
	0	35	-27.000000	64.750000	9.756312e+04	3.407060e-06
	118	56	2.500000	59.500000	9.795777e+04	8.487260e-05
	110	81	0.500000	53.250000	9.830200e+04	1.661632e-04
	138	117	7.500000	44.250000	1.009768e+05	1.198786e-04
2022	2	16	3	9
	41	65	-16.750000	57.250000	9.760755e+04	1.660644e-04
	127	82	4.750000	53.000000	9.824571e+04	1.859963e-04
	138	117	7.500000	44.250000	1.008545e+05	1.377821e-04
2022	2	16	4	12
	159	54	12.750000	60.000000	9.786458e+04	1.877709e-04
	45	63	-15.750000	57.750000	9.733614e+04	1.887410e-04
	142	82	8.500000	53.000000	9.814717e+04	2.430814e-04
	182	151	18.500000	35.750000	1.011743e+05	1.489114e-04
2022	2	16	7	15
	118	38	2.500000	64.000000	9.783552e+04	1.778560e-04
	145	42	9.250000	63.000000	9.779895e+04	6.390344e-05
	161	53	13.250000	60.250000	9.775920e+04	1.921563e-04
	49	62	-14.750000	58.000000	9.724161e+04	2.300294e-04
	67	65	-10.250000	57.250000	9.724161e+04	2.544755e-04
	157	83	12.250000	52.750000	9.801273e+04	2.104721e-04
	185	148	19.250000	36.500000	1.009480e+05	1.726564e-04
2022	2	16	7	18
	118	39	2.500000	63.750000	9.778274e+04	1.490462e-04
	164	52	14.000000	60.500000	9.774584e+04	1.516465e-04
	54	63	-13.500000	57.750000	9.724378e+04	2.450854e-04
	80	65	-7.000000	57.250000	9.718583e+04	2.954695e-04
	171	83	15.750000	52.750000	9.795694e+04	2.301777e-04
	137	117	7.250000	44.250000	1.007500e+05	9.892642e-05
	186	145	19.500000	37.250000	1.007825e+05	2.242765e-04
2022	2	16	6	21
	288	4	45.000000	72.500000	9.925883e+04	1.053883e-04
	119	40	2.750000	63.500000	9.772345e+04	1.361284e-04
	169	51	15.250000	60.750000	9.768203e+04	1.324159e-04
	85	64	-5.750000	57.500000	9.727936e+04	2.578860e-04
	183	82	18.750000	53.000000	9.791184e+04	2.816730e-04
	185	145	19.250000	37.250000	1.006970e+05	2.451878e-04
2022	2	17	8	0
	283	3	43.750000	72.750000	9.929173e+04	1.553805e-04
	119	41	2.750000	63.250000	9.773781e+04	1.261818e-04
	172	49	16.000000	61.250000	9.763794e+04	1.098422e-04
	106	66	-0.500000	57.000000	9.734917e+04	2.233224e-04
	122	72	3.500000	55.500000	9.734917e+04	1.979208e-04
	193	81	21.250000	53.250000	9.789581e+04	2.262873e-04
	185	147	19.250000	36.750000	1.005606e+05	2.314360e-04
	287	153	44.750000	35.250000	1.014491e+05	2.620991e-05
2022	2	17	5	3
	278	4	42.500000	72.500000	9.932180e+04	1.358775e-04
	119	41	2.750000	63.250000	9.773498e+04	1.395402e-04
	173	50	16.250000	61.000000	9.755694e+04	1.099478e-04
	114	67	1.500000	56.750000	9.744588e+04	1.792243e-04
	187	149	19.750000	36.250000	1.004012e+05	2.267319e-04
2022	2	17	6	6
	273	5	41.250000	72.250000	9.938543e+04	1.463029e-04
	175	50	16.750000	61.000000	9.749865e+04	1.143007e-04
	202	65	23.500000	57.250000	9.754775e+04	1.164171e-04
	121	69	3.250000	56.250000	9.760488e+04	1.653815e-04
	163	97	13.750000	49.250000	9.814183e+04	8.780530e-05
	190	152	20.500000	35.500000	1.004279e+05	2.400512e-04
2022	2	17	4	9
	274	7	41.500000	71.750000	9.952505e+04	1.131576e-04
	204	63	24.000000	57.750000	9.744303e+04	1.286390e-04
	186	91	19.500000	50.750000	9.791268e+04	1.964740e-04
	192	155	21.000000	34.750000	1.005029e+05	2.435222e-04
2022	2	17	5	12
	0	48	-27.000000	61.500000	9.919186e+04	-5.019586e-05
	211	61	25.750000	58.250000	9.736070e+04	6.464741e-05
	0	62	-27.000000	58.000000	9.904472e+04	1.050163e-04
	195	90	21.750000	51.000000	9.768905e+04	2.226309e-04
	194	157	21.500000	34.250000	1.004775e+05	2.350177e-04
2022	2	17	8	15
	35	45	-18.250000	62.250000	9.897774e+04	2.025259e-04
	3	60	-26.250000	58.500000	9.899144e+04	2.101861e-04
	216	60	27.000000	58.500000	9.733514e+04	6.926583e-05
	55	75	-13.250000	54.750000	9.965784e+04	1.826281e-04
	204	89	24.000000	51.250000	9.763026e+04	2.673763e-04
	12	107	-24.000000	46.750000	1.001470e+05	1.865773e-04
	156	109	12.000000	46.250000	9.987946e+04	7.451605e-05
	197	161	22.250000	33.250000	1.004560e+05	1.719841e-04
2022	2	17	7	18
	34	46	-18.500000	62.000000	9.885115e+04	2.236550e-04
	213	53	26.250000	60.250000	9.728754e+04	1.155104e-04
	13	59	-23.750000	58.750000	9.882509e+04	2.266192e-04
	47	70	-15.250000	56.000000	9.938994e+04	1.122243e-04
	63	73	-11.250000	55.250000	9.938994e+04	2.083692e-04
	210	89	25.500000	51.250000	9.776470e+04	2.595183e-04
	20	105	-22.000000	47.250000	9.981951e+04	1.728652e-04
2022	2	17	8	21
	33	46	-18.750000	62.000000	9.872789e+04	2.438629e-04
	219	52	27.750000	60.500000	9.723827e+04	8.635267e-05
	14	58	-23.500000	59.000000	9.877632e+04	2.505359e-04
	69	72	-9.750000	55.500000	9.936789e+04	1.835743e-04
	215	89	26.750000	51.250000	9.793022e+04	2.521366e-04
	44	99	-16.000000	48.750000	9.973299e+04	1.891753e-04
	31	102	-19.250000	48.000000	9.973299e+04	1.621648e-04
	177	126	17.250000	42.000000	1.002541e+05	1.023930e-04
2022	2	18	7	0
	220	46	28.000000	62.000000	9.719869e+04	1.009481e-04
	31	47	-19.250000	61.750000	9.864455e+04	2.655423e-04
	14	58	-23.500000	59.000000	9.871820e+04	2.158712e-04
	57	67	-12.750000	56.750000	9.923795e+04	1.218950e-04
	75	70	-8.250000	56.000000	9.926785e+04	1.758497e-04
	222	88	28.500000	51.500000	9.815937e+04	2.065234e-04
	59	93	-12.250000	50.250000	9.950468e+04	1.592144e-04
2022	2	18	10	3
	143	30	8.750000	66.000000	9.830701e+04	2.941272e-05
	221	44	28.250000	62.500000	9.713288e+04	1.046077e-04
	29	47	-19.750000	61.750000	9.853265e+04	2.808937e-04
	33	56	-18.750000	59.500000	9.853265e+04	6.542836e-05
	18	59	-22.500000	58.750000	9.860029e+04	2.285692e-04
	61	66	-11.750000	57.000000	9.904638e+04	9.213306e-05
	80	70	-7.000000	56.000000	9.904638e+04	1.590694e-04
	233	83	31.250000	52.750000	9.833907e+04	1.485716e-04
	67	88	-10.250000	51.500000	9.917599e+04	2.130366e-04
	68	88	-10.000000	51.500000	9.917599e+04	2.174623e-04
2022	2	18	10	6
	141	30	8.250000	66.000000	9.825005e+04	2.595117e-05
	220	41	28.000000	63.250000	9.710683e+04	1.124908e-04
	221	41	28.250000	63.250000	9.710683e+04	1.120550e-04
	26	48	-20.500000	61.500000	9.846033e+04	2.690286e-04
	38	55	-17.500000	59.750000	9.846033e+04	1.005727e-04
	22	62	-21.500000	58.000000	9.862517e+04	2.445722e-04
	65	66	-10.750000	57.000000	9.875762e+04	1.318800e-04
	82	70	-6.500000	56.000000	9.875762e+04	1.068190e-04
	88	83	-5.000000	52.750000	9.875160e+04	2.436370e-04
	72	88	-9.000000	51.500000	9.875160e+04	1.740524e-04
2022	2	18	6	9
	6	7	-25.500000	71.750000	1.004602e+05	-5.436149e-07
	222	38	28.500000	64.000000	9.714073e+04	1.344933e-04
	23	50	-21.250000	61.000000	9.855219e+04	2.535407e-04
	29	65	-19.750000	57.250000	9.875110e+04	2.536777e-04
	68	65	-10.000000	57.250000	9.858642e+04	1.612970e-04
	93	81	-3.750000	53.250000	9.831586e+04	2.267429e-04
2022	2	18	7	12
	6	7	-25.500000	71.750000	1.005251e+05	-1.101171e-05
	1	17	-26.750000	69.250000	9.999253e+04	-8.421876e-06
	223	35	28.750000	64.750000	9.719752e+04	1.160019e-04
	222	36	28.500000	64.500000	9.719752e+04	1.275976e-04
	28	53	-20.000000	60.250000	9.867812e+04	1.936418e-04
	70	66	-9.500000	57.000000	9.850309e+04	1.883162e-04
	101	79	-1.750000	53.750000	9.798149e+04	2.080320e-04
2022	2	18	4	15
	6	7	-25.500000	71.750000	1.004912e+05	-1.543673e-05
	223	34	28.750000	65.000000	9.726366e+04	9.602608e-05
	33	53	-18.750000	60.250000	9.866342e+04	1.645300e-04
	120	74	3.000000	55.000000	9.743452e+04	2.531951e-04
2022	2	18	7	18
	6	7	-25.500000	71.750000	1.004826e+05	-5.825842e-06
	231	30	30.750000	66.000000	9.728905e+04	1.487037e-04
	39	54	-17.250000	60.000000	9.874576e+04	1.403461e-04
	125	73	4.250000	55.250000	9.691226e+04	3.279563e-04
	231	149	30.750000	36.250000	1.001691e+05	1.521685e-05
	221	151	28.250000	35.750000	1.001691e+05	2.252316e-04
	268	162	40.000000	33.000000	1.001981e+05	9.929391e-05
2022	2	18	6	21
	6	7	-25.500000	71.750000	1.004679e+05	-5.502171e-06
	232	28	31.000000	66.500000	9.729505e+04	1.385507e-04
	22	50	-21.500000	61.000000	9.875945e+04	1.847810e-04
	137	71	7.250000	55.750000	9.638482e+04	3.135303e-04
	225	156	29.250000	34.500000	9.990635e+04	2.638471e-04
	271	161	40.750000	33.250000	1.002342e+05	1.582855e-04
2022	2	19	11	0
	213	15	26.250000	69.750000	9.727735e+04	2.831643e-05
	233	24	31.250000	67.500000	9.727735e+04	1.097196e-04
	0	43	-27.000000	62.750000	9.889390e+04	8.646635e-05
	21	50	-21.750000	61.000000	9.889340e+04	1.688543e-04
	0	56	-27.000000	59.500000	9.887820e+04	8.642774e-05
	27	66	-20.250000	57.000000	9.889708e+04	2.041364e-04
	151	69	10.750000	56.250000	9.616787e+04	2.495182e-04
	138	117	7.500000	44.250000	1.010188e+05	1.481505e-04
	235	149	31.750000	36.250000	9.966402e+04	-4.933035e-05
	226	158	29.500000	34.000000	9.966402e+04	2.619853e-04
	276	161	42.000000	33.250000	1.002539e+05	1.379938e-04
2022	2	19	9	3
	234	23	31.500000	67.750000	9.724462e+04	1.489528e-04
	0	42	-27.000000	63.000000	9.893281e+04	5.737177e-05
	15	48	-23.250000	61.500000	9.893198e+04	1.102374e-04
	0	54	-27.000000	60.000000	9.893198e+04	7.854736e-05
	164	69	14.000000	56.250000	9.624018e+04	2.501891e-04
	165	69	14.250000	56.250000	9.624018e+04	2.502830e-04
	138	117	7.500000	44.250000	1.009634e+05	1.575730e-04
	279	161	42.750000	33.250000	1.003530e+05	1.266361e-04
	227	162	29.750000	33.000000	9.955044e+04	1.866503e-04
2022	2	19	8	6
	206	11	24.500000	70.750000	9.716745e+04	6.371839e-05
	229	15	30.250000	69.750000	9.716745e+04	9.782986e-05
	53	53	-13.750000	60.250000	9.900697e+04	1.632205e-04
	177	67	17.250000	56.750000	9.622582e+04	2.334403e-04
	138	118	7.500000	44.000000	1.009931e+05	1.426896e-04
	232	150	31.000000	36.000000	1.000814e+05	-7.105009e-05
	279	160	42.750000	33.500000	1.006389e+05	1.444801e-04
	230	162	30.500000	33.000000	1.000495e+05	1.391168e-04
2022	2	19	9	9
	6	7	-25.500000	71.750000	1.003005e+05	-8.790335e-06
	229	14	30.250000	70.000000	9.717280e+04	1.148461e-04
	54	53	-13.500000	60.250000	9.921975e+04	1.529199e-04
	190	65	20.500000	57.250000	9.642774e+04	1.748460e-04
	138	117	7.500000	44.250000	1.011254e+05	1.355593e-04
	238	155	32.500000	34.750000	1.005545e+05	3.194673e-05
	279	159	42.750000	33.750000	1.007348e+05	1.374047e-04
	250	160	35.500000	33.500000	1.005771e+05	-3.445080e-05
	232	162	31.000000	33.000000	1.005545e+05	1.318866e-04
2022	2	19	6	12
	231	12	30.750000	70.500000	9.719702e+04	1.236518e-04
	232	12	31.000000	70.500000	9.719702e+04	1.226555e-04
	199	65	22.750000	57.250000	9.674273e+04	1.170645e-04
	153	109	11.250000	46.250000	1.011363e+05	3.550064e-05
	137	119	7.250000	43.750000	1.011279e+05	1.608292e-04
	279	159	42.750000	33.750000	1.007104e+05	1.051028e-04
2022	2	19	7	15
	6	7	-25.500000	71.750000	1.002895e+05	-4.022877e-06
	231	12	30.750000	70.500000	9.726232e+04	1.087161e-04
	159	24	12.750000	67.500000	9.773280e+04	1.355463e-04
	160	24	13.000000	67.500000	9.773280e+04	1.173888e-04
	211	62	25.750000	58.000000	9.698307e+04	8.424665e-05
	148	111	10.000000	45.750000	1.011219e+05	7.200175e-05
	96	144	-3.000000	37.500000	1.016009e+05	4.718441e-05
2022	2	19	6	18
	234	12	31.500000	70.500000	9.732095e+04	1.020766e-04
	0	53	-27.000000	60.250000	9.682674e+04	9.799819e-05
	221	60	28.250000	58.500000	9.711534e+04	1.050392e-04
	123	85	3.750000	52.250000	9.996581e+04	2.256558e-04
	95	141	-3.250000	38.250000	1.018638e+05	5.354352e-05
	117	153	2.250000	35.250000	1.016874e+05	2.822923e-05
2022	2	19	9	21
	6	7	-25.500000	71.750000	1.000538e+05	-2.529064e-06
	258	10	37.500000	71.000000	9.745021e+04	8.898090e-05
	234	12	31.500000	70.500000	9.745021e+04	8.787642e-05
	0	48	-27.000000	61.500000	9.609254e+04	1.075927e-04
	227	58	29.750000	59.000000	9.722274e+04	1.342514e-04
	132	85	6.000000	52.250000	1.000824e+05	1.872351e-04
	154	126	11.500000	42.000000	1.015541e+05	6.756710e-05
	94	141	-3.500000	38.250000	1.021369e+05	5.577549e-05
	278	157	42.500000	34.250000	1.013230e+05	7.284027e-05
2022	2	20	6	0
	271	5	40.750000	72.250000	9.751952e+04	2.092241e-04
	6	7	-25.500000	71.750000	9.998719e+04	-2.781442e-05
	239	12	32.750000	70.500000	9.752203e+04	7.305462e-05
	0	49	-27.000000	61.250000	9.552870e+04	1.264071e-04
	232	57	31.000000	59.250000	9.731927e+04	1.505054e-04
	172	123	16.000000	42.750000	1.015145e+05	5.055988e-05
