2022	2	16	6	0
	288	11	45.000000	70.750000	9.874023e+04	7.578047e-05
	55	39	-13.250000	63.750000	9.774594e+04	2.276622e-04
	120	53	3.000000	60.250000	9.802386e+04	1.658811e-04
	65	67	-10.750000	56.750000	9.745495e+04	2.544314e-04
	171	120	15.750000	43.500000	1.014245e+05	3.127228e-05
	280	121	43.000000	43.250000	1.021014e+05	2.547112e-05
2022	2	16	4	3
	49	38	-14.750000	64.000000	9.762857e+04	2.290216e-04
	122	51	3.500000	60.750000	9.795331e+04	1.506429e-04
	75	67	-8.250000	56.750000	9.744613e+04	2.412183e-04
	280	121	43.000000	43.250000	1.021277e+05	3.204461e-05
2022	2	16	3	6
	47	38	-15.250000	64.000000	9.765213e+04	2.068927e-04
	84	66	-6.000000	57.000000	9.767357e+04	2.329370e-04
	99	68	-2.250000	56.500000	9.767357e+04	2.034350e-04
2022	2	16	5	9
	116	34	2.000000	65.000000	9.780219e+04	2.129685e-04
	48	63	-15.000000	57.750000	9.735628e+04	7.564256e-05
	110	67	0.500000	56.750000	9.770580e+04	1.947799e-04
	47	71	-15.250000	55.750000	9.735628e+04	2.388125e-04
	184	131	19.000000	40.750000	1.014793e+05	9.588475e-05
2022	2	16	4	12
	110	34	0.500000	65.000000	9.761443e+04	1.906813e-04
	62	53	-11.500000	60.250000	9.720470e+04	1.374251e-04
	61	68	-11.750000	56.500000	9.691964e+04	3.195319e-04
	183	139	18.750000	38.750000	1.011959e+05	1.551062e-04
2022	2	16	3	15
	76	66	-8.000000	57.000000	9.676912e+04	3.164914e-04
	135	119	6.750000	43.750000	1.012497e+05	1.357719e-04
	185	137	19.250000	39.250000	1.010265e+05	1.634129e-04
2022	2	16	3	18
	91	66	-4.250000	57.000000	9.693666e+04	2.839308e-04
	280	121	43.000000	43.250000	1.021245e+05	-2.202273e-05
	185	135	19.250000	39.750000	1.010406e+05	1.381175e-04
2022	2	16	5	21
	288	9	45.000000	71.250000	9.899337e+04	1.034888e-04
	111	66	0.750000	57.000000	9.682370e+04	2.205830e-04
	137	117	7.250000	44.250000	1.011586e+05	6.626192e-05
	278	120	42.500000	43.500000	1.021376e+05	-4.248320e-05
	185	135	19.250000	39.750000	1.010449e+05	1.260492e-04
2022	2	17	4	0
	187	61	19.750000	58.250000	9.673477e+04	2.174752e-04
	163	67	13.750000	56.750000	9.678555e+04	1.694227e-04
	137	117	7.250000	44.250000	1.010651e+05	6.765509e-05
	184	135	19.000000	39.750000	1.010627e+05	1.073818e-04
2022	2	17	5	3
	132	40	6.000000	63.500000	9.738745e+04	7.566596e-05
	192	57	21.000000	59.250000	9.640546e+04	2.603014e-04
	178	67	17.500000	56.750000	9.640698e+04	1.467944e-04
	137	117	7.250000	44.250000	1.008275e+05	8.409651e-05
	184	137	19.000000	39.250000	1.010121e+05	1.114716e-04
2022	2	17	4	6
	134	40	6.500000	63.500000	9.742241e+04	8.615651e-05
	194	56	21.500000	59.500000	9.624720e+04	2.326244e-04
	194	66	21.500000	57.000000	9.624720e+04	1.577853e-04
	279	121	42.750000	43.250000	1.016848e+05	-1.384969e-05
2022	2	17	2	9
	201	62	23.250000	58.000000	9.622348e+04	1.899484e-04
	26	105	-20.500000	47.250000	1.003469e+05	1.291677e-04
2022	2	17	2	12
	206	58	24.500000	59.000000	9.615750e+04	1.566876e-04
	33	100	-18.750000	48.500000	9.993111e+04	2.222895e-04
2022	2	17	3	15
	213	55	26.250000	59.750000	9.620888e+04	1.772757e-04
	32	62	-19.000000	58.000000	9.890002e+04	1.890951e-04
	43	94	-16.250000	50.000000	9.928269e+04	2.431304e-04
2022	2	17	4	18
	45	49	-15.750000	61.250000	9.855095e+04	1.156045e-04
	216	52	27.000000	60.500000	9.625252e+04	2.170621e-04
	37	60	-17.750000	58.500000	9.855095e+04	1.909550e-04
	53	88	-13.750000	51.500000	9.865647e+04	3.050576e-04
2022	2	17	5	21
	220	47	28.000000	61.750000	9.625039e+04	1.826256e-04
	45	50	-15.750000	61.000000	9.818698e+04	1.236725e-04
	30	60	-19.500000	58.500000	9.816874e+04	2.552194e-04
	31	60	-19.250000	58.500000	9.816874e+04	2.534204e-04
	60	85	-12.000000	52.250000	9.811249e+04	4.428536e-04
2022	2	18	5	0
	222	43	28.500000	62.750000	9.628049e+04	1.366567e-04
	42	51	-16.500000	60.750000	9.784841e+04	1.342583e-04
	37	61	-17.750000	58.250000	9.784841e+04	3.069879e-04
	70	81	-9.500000	53.250000	9.759208e+04	4.953037e-04
	147	111	9.750000	45.750000	1.012242e+05	4.291473e-05
2022	2	18	4	3
	225	39	29.250000	63.750000	9.628885e+04	8.852626e-05
	46	61	-15.500000	58.250000	9.763693e+04	3.419511e-04
	82	76	-6.500000	54.500000	9.714647e+04	4.708268e-04
	138	117	7.500000	44.250000	1.011819e+05	9.613016e-05
2022	2	18	6	6
	6	7	-25.500000	71.750000	1.002943e+05	-2.683853e-05
	140	24	8.000000	67.500000	9.782500e+04	5.985177e-05
	226	36	29.500000	64.500000	9.627927e+04	1.014870e-04
	53	61	-13.750000	58.250000	9.751728e+04	3.414824e-04
	94	71	-3.500000	55.750000	9.659064e+04	4.187399e-04
	137	117	7.250000	44.250000	1.011892e+05	7.446614e-05
2022	2	18	4	9
	130	26	5.500000	67.000000	9.773986e+04	1.498466e-04
	230	34	30.500000	65.000000	9.633431e+04	7.981300e-05
	59	61	-12.250000	58.250000	9.764043e+04	2.674542e-04
	105	68	-0.750000	56.500000	9.631516e+04	3.630493e-04
2022	2	18	4	12
	133	28	6.250000	66.500000	9.764803e+04	9.769312e-05
	233	32	31.250000	65.500000	9.642325e+04	1.096206e-04
	65	62	-10.750000	58.000000	9.794191e+04	2.529307e-04
	116	66	2.000000	57.000000	9.618836e+04	3.063777e-04
2022	2	18	5	15
	6	7	-25.500000	71.750000	1.003927e+05	-3.075832e-05
	135	28	6.750000	66.500000	9.752382e+04	1.243902e-04
	237	29	32.250000	66.250000	9.647038e+04	9.794804e-05
	73	64	-8.750000	57.500000	9.824217e+04	2.476434e-04
	132	66	6.000000	57.000000	9.631850e+04	2.919235e-04
2022	2	18	6	18
	6	7	-25.500000	71.750000	1.003439e+05	-1.838653e-05
	239	28	32.750000	66.500000	9.646962e+04	1.056215e-04
	137	29	7.250000	66.250000	9.743397e+04	9.939758e-05
	81	65	-6.750000	57.250000	9.858668e+04	2.429145e-04
	144	65	9.000000	57.250000	9.636213e+04	3.560944e-04
	279	119	42.750000	43.750000	1.007740e+05	3.996207e-05
2022	2	18	6	21
	240	25	33.000000	67.250000	9.653287e+04	6.936982e-05
	137	29	7.250000	66.250000	9.741223e+04	1.529344e-04
	0	54	-27.000000	60.000000	9.822515e+04	6.290266e-05
	155	65	11.750000	57.250000	9.638098e+04	3.410515e-04
	137	117	7.250000	44.250000	1.012208e+05	1.132236e-04
	233	151	31.250000	35.750000	1.008768e+05	1.115164e-04
2022	2	19	10	0
	6	7	-25.500000	71.750000	1.003886e+05	1.143468e-05
	250	16	35.500000	69.500000	9.646871e+04	1.388056e-04
	241	24	33.250000	67.500000	9.646871e+04	6.108920e-05
	137	30	7.250000	66.000000	9.744750e+04	1.702784e-04
	0	51	-27.000000	60.750000	9.784826e+04	1.023193e-04
	184	56	19.000000	59.500000	9.664826e+04	2.191859e-04
	166	66	14.500000	57.000000	9.660797e+04	2.336230e-04
	137	117	7.250000	44.250000	1.012137e+05	1.272874e-04
	236	152	32.000000	35.500000	1.007237e+05	1.451611e-04
	262	162	38.500000	33.000000	1.007636e+05	8.521426e-06
2022	2	19	9	3
	6	7	-25.500000	71.750000	1.003279e+05	9.175413e-06
	250	16	35.500000	69.500000	9.639771e+04	1.599308e-04
	138	32	7.500000	65.500000	9.748566e+04	1.763064e-04
	21	43	-21.750000	62.750000	9.764271e+04	6.131634e-05
	0	48	-27.000000	61.500000	9.764271e+04	1.022938e-04
	187	56	19.750000	59.500000	9.669311e+04	1.634275e-04
	182	66	18.500000	57.000000	9.669311e+04	2.378642e-04
	138	118	7.500000	44.000000	1.012547e+05	1.143334e-04
	236	154	32.000000	35.000000	1.006327e+05	1.487142e-04
2022	2	19	11	6
	288	12	45.000000	70.500000	9.709934e+04	1.010110e-04
	250	16	35.500000	69.500000	9.645472e+04	1.127453e-04
	152	26	11.000000	67.000000	9.757505e+04	4.143009e-05
	153	26	11.250000	67.000000	9.757505e+04	4.893331e-05
	144	34	9.000000	65.000000	9.757505e+04	1.364674e-04
	0	45	-27.000000	62.250000	9.761595e+04	1.166948e-04
	196	54	22.000000	60.000000	9.692770e+04	1.384012e-04
	193	65	21.250000	57.250000	9.692770e+04	1.869502e-04
	137	117	7.250000	44.250000	1.012538e+05	1.122134e-04
	189	120	20.250000	43.500000	1.013094e+05	-1.529892e-05
	233	155	31.250000	34.750000	1.008318e+05	1.329815e-04
2022	2	19	7	9
	6	7	-25.500000	71.750000	1.002315e+05	9.442509e-06
	258	14	37.500000	70.000000	9.659551e+04	7.638332e-05
	148	35	10.000000	64.750000	9.774305e+04	1.371949e-04
	206	52	24.500000	60.500000	9.727357e+04	1.105064e-04
	204	65	24.000000	57.250000	9.728543e+04	1.911463e-04
	135	117	6.750000	44.250000	1.013803e+05	1.317859e-04
	266	162	39.500000	33.000000	1.008918e+05	1.032920e-04
2022	2	19	6	12
	274	11	41.500000	70.750000	9.675103e+04	1.161384e-04
	0	41	-27.000000	63.250000	9.766734e+04	1.125283e-04
	220	47	28.000000	61.750000	9.744720e+04	1.068848e-04
	60	56	-12.000000	59.500000	9.826300e+04	2.109250e-04
	146	126	9.500000	42.000000	1.016080e+05	-2.114581e-06
	95	145	-3.250000	37.250000	1.018831e+05	1.239025e-05
2022	2	19	6	15
	282	8	43.500000	71.500000	9.686309e+04	1.395206e-04
	256	11	37.000000	70.750000	9.686309e+04	3.166110e-05
	2	39	-26.500000	63.750000	9.751424e+04	1.479720e-04
	229	44	30.250000	62.500000	9.753978e+04	1.137680e-04
	67	55	-10.250000	59.750000	9.824932e+04	2.328175e-04
	145	124	9.250000	42.500000	1.015667e+05	4.913920e-05
2022	2	19	11	18
	114	2	1.500000	73.000000	9.907608e+04	1.701823e-04
	286	6	44.500000	72.000000	9.692861e+04	1.324843e-04
	287	6	44.750000	72.000000	9.692861e+04	1.221823e-04
	254	12	36.500000	70.500000	9.692861e+04	1.364153e-04
	0	37	-27.000000	64.250000	9.728710e+04	9.543929e-05
	238	41	32.500000	63.250000	9.759725e+04	7.901457e-05
	235	42	31.750000	63.000000	9.759725e+04	9.338077e-05
	0	47	-27.000000	61.750000	9.688695e+04	-4.936227e-05
	75	54	-8.250000	60.000000	9.834480e+04	2.470809e-04
	1	59	-26.750000	58.750000	9.687342e+04	1.585820e-04
	102	162	-1.500000	33.000000	1.018236e+05	-2.077753e-06
2022	2	19	6	21
	114	3	1.500000	72.750000	9.905084e+04	1.357960e-04
	288	5	45.000000	72.250000	9.700569e+04	1.355174e-04
	6	7	-25.500000	71.750000	9.979078e+04	-2.345508e-05
	255	13	36.750000	70.250000	9.704111e+04	1.227074e-04
	246	39	34.500000	63.750000	9.761884e+04	7.484485e-05
	13	56	-23.750000	59.500000	9.660903e+04	2.989074e-04
2022	2	20	9	0
	111	3	0.750000	72.750000	9.903457e+04	1.841824e-04
	256	15	37.000000	69.750000	9.733560e+04	1.587014e-04
	253	37	36.250000	64.250000	9.765487e+04	6.037630e-05
	254	37	36.500000	64.250000	9.765487e+04	6.118041e-05
	0	44	-27.000000	62.500000	9.754221e+04	3.961931e-06
	26	53	-20.500000	60.250000	9.641185e+04	3.078504e-04
	74	160	-8.500000	33.500000	1.020760e+05	1.965199e-05
	85	162	-5.750000	33.000000	1.020760e+05	3.908391e-06
	282	162	43.500000	33.000000	1.009116e+05	1.050247e-04
