2022	2	16	5	0
	288	11	45.000000	70.750000	9.877791e+04	7.882494e-05
	56	39	-13.000000	63.750000	9.744160e+04	3.415030e-04
	119	53	2.750000	60.250000	9.805270e+04	1.669108e-04
	66	68	-10.500000	56.500000	9.738423e+04	3.168276e-04
	172	122	16.000000	43.000000	1.014718e+05	4.313746e-05
2022	2	16	4	3
	51	37	-14.250000	64.250000	9.729787e+04	3.748209e-04
	123	53	3.750000	60.250000	9.795175e+04	1.647133e-04
	79	68	-7.250000	56.500000	9.744176e+04	3.032085e-04
	280	121	43.000000	43.250000	1.021558e+05	2.236216e-05
2022	2	16	5	6
	120	34	3.000000	65.000000	9.782445e+04	2.129028e-04
	44	37	-16.000000	64.250000	9.767249e+04	2.536109e-04
	123	50	3.750000	61.000000	9.784941e+04	1.181988e-04
	42	61	-16.500000	58.250000	9.753620e+04	1.036928e-04
	99	68	-2.250000	56.500000	9.760845e+04	2.059784e-04
2022	2	16	5	9
	116	35	2.000000	64.750000	9.770164e+04	2.010945e-04
	46	59	-15.500000	58.750000	9.725445e+04	1.003332e-04
	110	67	0.500000	56.750000	9.755945e+04	2.133462e-04
	202	125	23.500000	42.250000	1.016485e+05	-6.704591e-05
	183	134	18.750000	40.000000	1.014687e+05	9.817993e-05
2022	2	16	8	12
	112	35	1.000000	64.750000	9.752844e+04	1.603217e-04
	51	58	-14.250000	59.000000	9.702945e+04	1.569338e-04
	65	67	-10.750000	56.750000	9.702945e+04	1.445268e-04
	122	68	3.500000	56.500000	9.743695e+04	2.217054e-04
	136	70	7.000000	56.000000	9.743695e+04	1.787571e-04
	279	120	42.750000	43.500000	1.018070e+05	1.197263e-05
	202	125	23.500000	42.250000	1.013738e+05	-5.775051e-05
	183	140	18.750000	38.500000	1.011879e+05	1.854470e-04
2022	2	16	6	15
	106	36	-0.500000	64.500000	9.738051e+04	1.583396e-04
	58	58	-12.500000	59.000000	9.695006e+04	2.619923e-04
	77	66	-7.750000	57.000000	9.699689e+04	2.304463e-04
	136	68	7.000000	56.500000	9.728872e+04	2.167781e-04
	157	70	12.250000	56.000000	9.728872e+04	2.220442e-04
	185	138	19.250000	39.000000	1.009858e+05	1.937971e-04
2022	2	16	8	18
	63	57	-11.250000	59.250000	9.709551e+04	2.494635e-04
	65	58	-10.750000	59.000000	9.709551e+04	2.404979e-04
	155	68	11.750000	56.500000	9.709288e+04	2.036049e-04
	171	68	15.750000	56.500000	9.709288e+04	2.208408e-04
	108	69	0.000000	56.250000	9.702123e+04	2.254658e-04
	148	108	10.000000	46.500000	1.003893e+05	-6.083347e-05
	281	121	43.250000	43.250000	1.021405e+05	-2.847359e-05
	185	136	19.250000	39.500000	1.010041e+05	1.469175e-04
2022	2	16	6	21
	288	10	45.000000	71.000000	9.904602e+04	8.509108e-05
	73	59	-8.750000	58.750000	9.732531e+04	2.146985e-04
	182	65	18.500000	57.250000	9.664366e+04	2.438548e-04
	121	69	3.250000	56.250000	9.685300e+04	2.047574e-04
	137	117	7.250000	44.250000	1.010223e+05	3.811712e-05
	184	135	19.000000	39.750000	1.010148e+05	1.328776e-04
2022	2	17	5	0
	288	9	45.000000	71.250000	9.907206e+04	1.137020e-04
	189	62	20.250000	58.000000	9.630719e+04	2.732294e-04
	138	117	7.500000	44.250000	1.008526e+05	5.519700e-05
	278	120	42.500000	43.500000	1.020272e+05	-5.884217e-05
	183	135	18.750000	39.750000	1.010283e+05	1.516690e-04
2022	2	17	6	3
	286	10	44.500000	71.000000	9.914541e+04	1.546375e-04
	194	59	21.500000	58.750000	9.605428e+04	2.706949e-04
	176	69	17.000000	56.250000	9.631509e+04	1.384605e-04
	150	109	10.500000	46.250000	9.991605e+04	2.308881e-05
	138	117	7.500000	44.250000	1.007137e+05	7.886174e-05
	181	136	18.250000	39.500000	1.009982e+05	1.409889e-04
2022	2	17	6	6
	284	11	44.000000	70.750000	9.924821e+04	1.503034e-04
	0	44	-27.000000	62.500000	9.911905e+04	-2.210826e-05
	1	53	-26.750000	60.250000	9.911362e+04	4.389321e-05
	1	54	-26.750000	60.000000	9.911362e+04	6.617600e-05
	199	56	22.750000	59.500000	9.599862e+04	2.659525e-04
	0	122	-27.000000	43.000000	1.012066e+05	5.780981e-05
2022	2	17	4	9
	0	50	-27.000000	61.000000	9.918495e+04	7.707715e-05
	204	54	24.000000	60.000000	9.608669e+04	2.341075e-04
	11	58	-24.250000	59.000000	9.905935e+04	1.252561e-04
	13	117	-23.750000	44.250000	1.008253e+05	1.640155e-04
2022	2	17	4	12
	0	47	-27.000000	61.750000	9.923007e+04	8.388451e-05
	207	50	24.750000	61.000000	9.616453e+04	2.194452e-04
	15	57	-23.250000	59.250000	9.896337e+04	1.542261e-04
	23	112	-21.250000	45.500000	1.004519e+05	2.225361e-04
2022	2	17	4	15
	43	47	-16.250000	61.750000	9.854067e+04	2.168701e-04
	210	47	25.500000	61.750000	9.621353e+04	2.152137e-04
	15	55	-23.250000	59.750000	9.875248e+04	2.009067e-04
	36	105	-18.000000	47.250000	9.985357e+04	2.226132e-04
2022	2	17	4	18
	212	44	26.000000	62.500000	9.621927e+04	1.308696e-04
	47	48	-15.250000	61.500000	9.852982e+04	1.873944e-04
	13	53	-23.750000	60.250000	9.854207e+04	2.656193e-04
	45	100	-15.750000	48.500000	9.935799e+04	2.965291e-04
2022	2	17	5	21
	213	42	26.250000	63.000000	9.618623e+04	1.231271e-04
	214	42	26.500000	63.000000	9.618623e+04	1.207858e-04
	53	48	-13.750000	61.500000	9.856424e+04	1.694199e-04
	14	52	-23.500000	60.500000	9.862084e+04	2.238704e-04
	54	95	-13.500000	49.750000	9.869805e+04	3.875819e-04
2022	2	18	4	0
	216	40	27.000000	63.500000	9.617275e+04	1.520888e-04
	58	48	-12.500000	61.500000	9.850749e+04	1.454774e-04
	19	52	-22.250000	60.500000	9.870922e+04	1.702736e-04
	65	90	-10.750000	51.000000	9.811906e+04	4.240072e-04
2022	2	18	4	3
	219	39	27.750000	63.750000	9.619012e+04	1.744571e-04
	61	48	-11.750000	61.500000	9.839367e+04	1.447746e-04
	74	88	-8.500000	51.500000	9.766830e+04	5.060671e-04
	137	115	7.250000	44.750000	1.014139e+05	3.532657e-05
2022	2	18	6	6
	6	7	-25.500000	71.750000	1.002200e+05	-2.650968e-05
	222	37	28.500000	64.250000	9.620237e+04	1.508188e-04
	64	48	-11.000000	61.500000	9.821412e+04	1.426474e-04
	77	64	-7.750000	57.500000	9.839337e+04	1.719589e-04
	103	81	-1.250000	53.250000	9.726344e+04	2.290376e-04
	88	82	-5.000000	53.000000	9.726344e+04	4.599020e-04
2022	2	18	4	9
	6	7	-25.500000	71.750000	1.001882e+05	-5.045724e-05
	227	34	29.750000	65.000000	9.627493e+04	1.284060e-04
	65	48	-10.750000	61.500000	9.819256e+04	1.547105e-04
	105	78	-0.750000	54.000000	9.717180e+04	3.215836e-04
2022	2	18	7	12
	6	7	-25.500000	71.750000	1.001161e+05	-4.621812e-05
	240	28	33.000000	66.500000	9.637588e+04	9.701035e-05
	66	48	-10.500000	61.500000	9.825381e+04	1.689674e-04
	118	73	2.500000	55.250000	9.691905e+04	3.693903e-04
	279	119	42.750000	43.750000	1.003592e+05	1.519774e-05
	287	141	44.750000	38.250000	1.009143e+05	6.780349e-06
	260	162	38.000000	33.000000	1.008794e+05	-2.683837e-05
2022	2	18	8	15
	238	25	32.500000	67.250000	9.641697e+04	6.217761e-05
	122	30	3.500000	66.000000	9.741540e+04	1.268172e-04
	68	48	-10.000000	61.500000	9.828312e+04	1.924905e-04
	0	66	-27.000000	57.000000	9.877295e+04	5.680599e-05
	132	70	6.000000	56.000000	9.657823e+04	3.377727e-04
	276	118	42.000000	44.000000	1.006482e+05	-4.198314e-05
	271	153	40.750000	35.250000	1.009261e+05	1.030279e-04
	258	161	37.500000	33.250000	1.009329e+05	-1.203381e-05
2022	2	18	7	18
	248	17	35.000000	69.250000	9.637991e+04	1.516087e-04
	126	32	4.500000	65.500000	9.730174e+04	1.226601e-04
	69	50	-9.750000	61.000000	9.839786e+04	2.149022e-04
	0	60	-27.000000	58.500000	9.814015e+04	1.371413e-04
	150	67	10.500000	56.750000	9.656629e+04	2.549115e-04
	282	121	43.500000	43.250000	1.008303e+05	3.569569e-05
	112	127	1.000000	41.750000	1.011274e+05	2.907990e-05
2022	2	18	5	21
	243	16	33.750000	69.500000	9.630393e+04	1.557015e-04
	0	43	-27.000000	62.750000	9.782584e+04	1.128538e-05
	71	51	-9.250000	60.750000	9.854486e+04	1.945157e-04
	0	55	-27.000000	59.750000	9.782584e+04	1.254286e-04
	165	67	14.250000	56.750000	9.665034e+04	3.150307e-04
2022	2	19	7	0
	6	7	-25.500000	71.750000	1.000618e+05	-1.145891e-05
	241	15	33.250000	69.750000	9.627617e+04	1.553766e-04
	2	52	-26.500000	60.500000	9.770320e+04	1.733575e-04
	74	52	-8.500000	60.500000	9.864921e+04	1.914075e-04
	185	61	19.250000	58.250000	9.657512e+04	2.316465e-04
	137	117	7.250000	44.250000	1.013787e+05	1.664049e-04
	110	138	0.500000	39.000000	1.014062e+05	8.330536e-05
2022	2	19	7	3
	6	7	-25.500000	71.750000	9.997064e+04	-8.391729e-06
	241	15	33.250000	69.750000	9.621012e+04	8.966311e-05
	1	48	-26.750000	61.500000	9.763295e+04	1.265889e-04
	20	53	-22.000000	60.250000	9.763295e+04	2.254011e-04
	198	62	22.500000	58.000000	9.667359e+04	2.125592e-04
	137	117	7.250000	44.250000	1.012705e+05	1.680853e-04
	247	154	34.750000	35.000000	1.010913e+05	1.095717e-04
2022	2	19	8	6
	6	7	-25.500000	71.750000	9.985155e+04	-2.067227e-05
	243	14	33.750000	70.000000	9.618980e+04	1.327751e-04
	0	46	-27.000000	62.000000	9.756659e+04	1.060182e-04
	21	50	-21.750000	61.000000	9.756659e+04	2.156977e-04
	210	60	25.500000	58.500000	9.688851e+04	2.307284e-04
	137	117	7.250000	44.250000	1.013511e+05	1.153254e-04
	113	142	1.250000	38.000000	1.014944e+05	1.111470e-04
	247	155	34.750000	34.750000	1.011660e+05	1.462021e-04
2022	2	19	8	9
	6	7	-25.500000	71.750000	9.980333e+04	-4.293043e-05
	244	12	34.000000	70.500000	9.623183e+04	1.648646e-04
	0	44	-27.000000	62.500000	9.759170e+04	1.084693e-04
	230	56	30.500000	59.500000	9.708404e+04	1.528226e-04
	67	61	-10.250000	58.250000	9.809332e+04	2.134376e-04
	136	118	7.000000	44.000000	1.015603e+05	8.483935e-05
	246	156	34.500000	34.500000	1.012358e+05	1.674436e-04
	267	162	39.750000	33.000000	1.012714e+05	2.844735e-05
2022	2	19	6	12
	6	7	-25.500000	71.750000	9.977030e+04	-3.294811e-05
	244	12	34.000000	70.500000	9.630610e+04	1.839894e-04
	246	52	34.500000	60.500000	9.714792e+04	1.655235e-04
	76	61	-8.000000	58.250000	9.817721e+04	2.192386e-04
	94	145	-3.500000	37.250000	1.020562e+05	4.485179e-05
	268	162	40.000000	33.000000	1.011207e+05	3.306658e-05
2022	2	19	6	15
	6	7	-25.500000	71.750000	9.965152e+04	-2.246569e-05
	247	13	34.750000	70.250000	9.639200e+04	1.562279e-04
	257	49	37.250000	61.250000	9.724701e+04	1.422564e-04
	84	61	-6.000000	58.250000	9.824637e+04	2.291133e-04
	146	127	9.500000	41.750000	1.015510e+05	-1.395896e-05
	117	158	2.250000	34.000000	1.017214e+05	2.941758e-05
2022	2	19	7	18
	6	7	-25.500000	71.750000	9.952887e+04	-8.696567e-06
	251	12	35.750000	70.500000	9.643620e+04	1.367898e-04
	266	46	39.500000	62.000000	9.724623e+04	1.251567e-04
	106	61	-0.500000	58.250000	9.848795e+04	1.709127e-04
	147	127	9.750000	41.750000	1.017224e+05	-8.886876e-06
	243	161	33.750000	33.250000	1.014401e+05	1.525494e-04
	266	162	39.500000	33.000000	1.014338e+05	-5.809301e-06
2022	2	19	8	21
	6	7	-25.500000	71.750000	9.947010e+04	-1.046326e-05
	252	12	36.000000	70.500000	9.649372e+04	1.507317e-04
	63	31	-11.250000	65.750000	9.839244e+04	1.612286e-04
	274	43	41.500000	62.750000	9.723909e+04	1.385537e-04
	0	51	-27.000000	60.750000	9.713071e+04	9.875321e-05
	22	54	-21.500000	60.000000	9.713071e+04	1.211551e-04
	157	135	12.250000	39.750000	1.018489e+05	7.455788e-05
	242	162	33.500000	33.000000	1.015341e+05	1.178131e-04
2022	2	20	9	0
	272	4	41.000000	72.500000	9.657606e+04	1.333255e-04
	6	7	-25.500000	71.750000	9.941381e+04	-2.634290e-06
	253	14	36.250000	70.000000	9.657606e+04	1.615923e-04
	58	30	-12.500000	66.000000	9.830606e+04	1.642573e-04
	25	51	-20.750000	60.750000	9.704263e+04	1.299750e-04
	46	59	-15.500000	58.750000	9.733245e+04	1.761134e-04
	154	65	11.500000	57.250000	9.860998e+04	1.749111e-04
	107	124	-0.250000	42.500000	1.028884e+05	5.505848e-05
	86	162	-5.500000	33.000000	1.021894e+05	4.232219e-05
