2022	2	16	5	0
	53	38	-13.750000	64.000000	9.728786e+04	3.706291e-04
	118	53	2.500000	60.250000	9.801869e+04	1.790327e-04
	65	67	-10.750000	56.750000	9.725655e+04	3.032841e-04
	171	121	15.750000	43.250000	1.014451e+05	1.410622e-05
	280	121	43.000000	43.250000	1.020318e+05	3.294801e-05
2022	2	16	7	3
	46	37	-15.500000	64.250000	9.751911e+04	3.120062e-04
	188	42	20.000000	63.000000	9.898684e+04	1.139131e-04
	120	52	3.000000	60.500000	9.795240e+04	1.537523e-04
	76	67	-8.000000	56.750000	9.733393e+04	2.795493e-04
	90	71	-4.500000	55.750000	9.733393e+04	1.910800e-04
	280	121	43.000000	43.250000	1.021122e+05	4.336911e-05
	174	123	16.500000	42.750000	1.014146e+05	5.331190e-05
2022	2	16	3	6
	40	33	-17.000000	65.250000	9.771781e+04	2.684240e-04
	99	67	-2.250000	56.750000	9.758311e+04	2.052357e-04
	280	121	43.000000	43.250000	1.022247e+05	3.922335e-05
2022	2	16	3	9
	47	63	-15.250000	57.750000	9.761276e+04	3.324392e-05
	111	66	0.750000	57.000000	9.758600e+04	2.263022e-04
	279	120	42.750000	43.500000	1.021359e+05	4.332118e-05
2022	2	16	2	12
	123	66	3.750000	57.000000	9.748201e+04	2.233772e-04
	67	69	-10.250000	56.250000	9.712382e+04	2.365909e-04
2022	2	16	8	15
	288	11	45.000000	70.750000	9.914936e+04	5.269954e-05
	2	25	-26.500000	67.250000	9.800181e+04	1.644251e-04
	0	35	-27.000000	64.750000	9.800181e+04	-1.973788e-05
	135	66	6.750000	57.000000	9.736525e+04	2.032225e-04
	82	67	-6.500000	56.750000	9.663974e+04	3.394306e-04
	151	67	10.750000	56.750000	9.736525e+04	2.199508e-04
	136	114	7.000000	45.000000	1.010343e+05	1.166053e-05
	185	137	19.250000	39.250000	1.010555e+05	1.713418e-04
2022	2	16	2	18
	108	68	0.000000	56.500000	9.697041e+04	2.260438e-04
	185	135	19.250000	39.750000	1.010995e+05	1.213096e-04
2022	2	16	4	21
	178	64	17.500000	57.500000	9.695841e+04	2.083594e-04
	121	68	3.250000	56.500000	9.680348e+04	2.395577e-04
	137	117	7.250000	44.250000	1.011141e+05	7.565866e-05
	185	135	19.250000	39.750000	1.011372e+05	1.011412e-04
2022	2	17	7	0
	129	39	5.250000	63.750000	9.731705e+04	8.873190e-05
	188	61	20.000000	58.250000	9.670086e+04	1.990590e-04
	173	66	16.250000	57.000000	9.670086e+04	1.184570e-04
	174	66	16.500000	57.000000	9.670086e+04	1.157412e-04
	130	68	5.500000	56.500000	9.673750e+04	3.252658e-04
	137	117	7.250000	44.250000	1.009958e+05	7.264997e-05
	184	135	19.000000	39.750000	1.011715e+05	1.103786e-04
2022	2	17	4	3
	130	39	5.500000	63.750000	9.734290e+04	1.106191e-04
	194	58	21.500000	59.000000	9.644226e+04	2.392772e-04
	150	109	10.500000	46.250000	1.001589e+05	2.378205e-05
	137	117	7.250000	44.250000	1.007851e+05	9.075686e-05
2022	2	17	3	6
	129	38	5.250000	64.000000	9.735688e+04	1.020681e-04
	198	56	22.500000	59.500000	9.629706e+04	2.466389e-04
	138	117	7.500000	44.250000	1.006151e+05	8.728730e-05
2022	2	17	3	9
	129	38	5.250000	64.000000	9.745343e+04	9.863525e-05
	200	55	23.000000	59.750000	9.631363e+04	2.448381e-04
	206	64	24.500000	57.500000	9.631363e+04	1.210502e-04
2022	2	17	3	12
	125	38	4.250000	64.000000	9.754252e+04	8.932754e-05
	126	38	4.500000	64.000000	9.754252e+04	9.595654e-05
	205	54	24.250000	60.000000	9.633507e+04	1.943971e-04
2022	2	17	2	15
	133	37	6.250000	64.250000	9.762933e+04	9.637767e-05
	212	52	26.000000	60.500000	9.641155e+04	1.168350e-04
2022	2	17	3	18
	133	38	6.250000	64.000000	9.768786e+04	8.905432e-05
	215	46	26.750000	62.000000	9.646795e+04	1.013622e-04
	27	60	-20.250000	58.500000	9.891219e+04	1.732092e-04
2022	2	17	4	21
	138	38	7.500000	64.000000	9.771751e+04	5.331009e-05
	219	43	27.750000	62.750000	9.641626e+04	9.616239e-05
	28	58	-20.000000	59.000000	9.876760e+04	1.937844e-04
	54	69	-13.500000	56.250000	9.909098e+04	1.854164e-04
2022	2	18	6	0
	149	36	10.250000	64.500000	9.771066e+04	5.931956e-05
	221	39	28.250000	63.750000	9.639938e+04	1.050591e-04
	222	39	28.500000	63.750000	9.639938e+04	1.011464e-04
	29	57	-19.750000	59.250000	9.861085e+04	2.246107e-04
	59	68	-12.250000	56.500000	9.900188e+04	2.030733e-04
	139	117	7.750000	44.250000	1.013829e+05	4.043187e-05
2022	2	18	5	3
	223	37	28.750000	64.250000	9.635848e+04	1.485735e-04
	30	57	-19.500000	59.250000	9.848619e+04	2.743647e-04
	65	68	-10.750000	56.500000	9.894350e+04	1.911149e-04
	141	107	8.250000	46.750000	1.008786e+05	-1.142552e-04
	138	117	7.500000	44.250000	1.013192e+05	1.233252e-04
2022	2	18	4	6
	6	7	-25.500000	71.750000	1.002569e+05	-7.020623e-06
	226	35	29.500000	64.750000	9.634921e+04	1.476162e-04
	34	58	-18.500000	59.000000	9.846521e+04	2.899721e-04
	75	68	-8.250000	56.500000	9.882401e+04	2.225802e-04
2022	2	18	5	9
	228	33	30.000000	65.250000	9.637947e+04	1.500184e-04
	38	58	-17.500000	59.000000	9.855886e+04	2.676705e-04
	83	69	-6.250000	56.250000	9.889364e+04	2.231160e-04
	267	159	39.750000	33.750000	1.009744e+05	7.066504e-05
	256	162	37.000000	33.000000	1.009744e+05	8.982690e-06
2022	2	18	3	12
	232	31	31.000000	65.750000	9.646947e+04	1.528728e-04
	43	59	-16.250000	58.750000	9.871013e+04	2.652637e-04
	84	88	-6.000000	51.500000	9.960105e+04	1.978905e-04
2022	2	18	3	15
	234	28	31.500000	66.500000	9.650261e+04	1.652995e-04
	48	60	-15.000000	58.500000	9.884651e+04	2.596870e-04
	91	86	-4.250000	52.000000	9.931081e+04	2.311379e-04
2022	2	18	3	18
	233	26	31.250000	67.000000	9.651326e+04	1.409511e-04
	54	61	-13.500000	58.250000	9.906179e+04	2.428427e-04
	104	85	-1.000000	52.250000	9.928284e+04	2.131723e-04
2022	2	18	7	21
	6	7	-25.500000	71.750000	1.004246e+05	-2.486410e-05
	233	25	31.250000	67.250000	9.654153e+04	1.416599e-04
	0	57	-27.000000	59.250000	9.857117e+04	6.033889e-05
	60	63	-12.000000	57.750000	9.927995e+04	2.291628e-04
	116	83	2.000000	52.750000	9.917475e+04	1.938086e-04
	282	121	43.500000	43.250000	1.008681e+05	4.233599e-05
	260	162	38.000000	33.000000	1.009110e+05	-3.934744e-06
2022	2	19	5	0
	232	23	31.000000	67.750000	9.656981e+04	1.479791e-04
	0	51	-27.000000	60.750000	9.802051e+04	1.403295e-04
	68	64	-10.000000	57.500000	9.947349e+04	2.175789e-04
	123	83	3.750000	52.750000	9.931066e+04	2.322162e-04
	287	141	44.750000	38.250000	1.013747e+05	-7.343543e-06
2022	2	19	3	3
	228	21	30.000000	68.250000	9.657163e+04	1.627791e-04
	0	46	-27.000000	62.000000	9.787669e+04	1.076696e-04
	137	117	7.250000	44.250000	1.010850e+05	1.567357e-04
2022	2	19	4	6
	2	6	-26.500000	72.000000	1.002258e+05	1.265589e-05
	228	21	30.000000	68.250000	9.665480e+04	1.653233e-04
	25	49	-20.750000	61.250000	9.778334e+04	2.015022e-04
	137	117	7.250000	44.250000	1.010188e+05	1.314233e-04
2022	2	19	4	9
	6	7	-25.500000	71.750000	1.001589e+05	-8.557842e-06
	234	20	31.500000	68.500000	9.679497e+04	4.631736e-05
	1	40	-26.750000	63.500000	9.761306e+04	1.229707e-04
	137	118	7.250000	44.000000	1.012650e+05	1.173529e-04
2022	2	19	5	12
	228	18	30.000000	69.000000	9.693378e+04	5.535879e-05
	0	38	-27.000000	64.000000	9.744400e+04	1.110841e-04
	136	118	7.000000	44.000000	1.012334e+05	8.971053e-05
	135	119	6.750000	43.750000	1.012334e+05	1.004236e-04
	95	145	-3.250000	37.250000	1.015956e+05	7.057048e-05
2022	2	19	4	15
	248	17	35.000000	69.250000	9.706909e+04	9.701854e-05
	136	118	7.000000	44.000000	1.012264e+05	1.012848e-04
	146	126	9.500000	42.000000	1.012264e+05	2.373913e-05
	97	144	-2.750000	37.500000	1.016374e+05	6.089515e-05
2022	2	19	6	18
	250	16	35.500000	69.500000	9.709812e+04	8.972457e-05
	251	16	35.750000	69.500000	9.709812e+04	9.354659e-05
	252	16	36.000000	69.500000	9.709812e+04	9.633266e-05
	244	24	34.000000	67.500000	9.709812e+04	6.410224e-05
	0	51	-27.000000	60.750000	9.618030e+04	1.337822e-04
	146	127	9.500000	41.750000	1.014250e+05	1.357919e-05
2022	2	19	3	21
	255	16	36.750000	69.500000	9.714480e+04	1.030622e-04
	0	48	-27.000000	61.500000	9.565198e+04	1.675406e-04
	147	127	9.750000	41.750000	1.015884e+05	4.113523e-05
2022	2	20	8	0
	77	17	-7.750000	69.250000	9.894563e+04	1.776549e-04
	257	17	37.250000	69.250000	9.722842e+04	1.068860e-04
	34	36	-18.500000	64.500000	9.543686e+04	-7.565879e-05
	7	45	-25.250000	62.250000	9.532041e+04	4.342246e-04
	171	124	15.750000	42.500000	1.016441e+05	1.284181e-04
	149	127	10.250000	41.750000	1.016304e+05	4.674299e-05
	157	134	12.250000	40.000000	1.016304e+05	1.223237e-04
	80	153	-7.000000	35.250000	1.022034e+05	9.101443e-05
