2022	2	16	7	0
	288	11	45.000000	70.750000	9.877201e+04	8.547631e-05
	54	39	-13.500000	63.750000	9.715073e+04	4.022479e-04
	184	43	19.000000	62.750000	9.899474e+04	1.552423e-04
	118	53	2.500000	60.250000	9.800805e+04	1.262790e-04
	65	67	-10.750000	56.750000	9.707000e+04	3.199910e-04
	280	121	43.000000	43.250000	1.020647e+05	2.655922e-05
	172	122	16.000000	43.000000	1.014212e+05	4.472017e-05
2022	2	16	5	3
	49	38	-14.750000	64.000000	9.723587e+04	3.587787e-04
	75	66	-8.250000	57.000000	9.719923e+04	2.900126e-04
	91	71	-4.250000	55.750000	9.719923e+04	1.855721e-04
	280	121	43.000000	43.250000	1.021266e+05	3.126581e-05
	173	122	16.250000	43.000000	1.014042e+05	5.093229e-05
2022	2	16	3	6
	45	35	-15.750000	64.750000	9.759649e+04	2.716622e-04
	119	36	2.750000	64.500000	9.784005e+04	2.066147e-04
	99	67	-2.250000	56.750000	9.750269e+04	2.045574e-04
2022	2	16	6	9
	112	35	1.000000	64.750000	9.774351e+04	2.217011e-04
	45	62	-15.750000	58.000000	9.764286e+04	9.731894e-05
	109	66	0.250000	57.000000	9.760941e+04	2.080902e-04
	202	125	23.500000	42.250000	1.015544e+05	-9.299169e-05
	183	130	18.750000	41.000000	1.014370e+05	1.099737e-04
	182	136	18.500000	39.500000	1.014370e+05	1.439471e-04
2022	2	16	7	12
	110	36	0.500000	64.500000	9.758144e+04	1.666019e-04
	120	66	3.000000	57.000000	9.754039e+04	1.772792e-04
	66	69	-10.500000	56.250000	9.743093e+04	2.150039e-04
	67	69	-10.250000	56.250000	9.743093e+04	2.154570e-04
	279	120	42.750000	43.500000	1.019934e+05	1.694178e-05
	183	127	18.750000	41.750000	1.012044e+05	9.890256e-05
	183	136	18.750000	39.500000	1.012044e+05	1.550209e-04
2022	2	16	5	15
	8	28	-25.000000	66.500000	9.765609e+04	1.705200e-04
	108	36	0.000000	64.500000	9.745419e+04	1.373371e-04
	128	65	5.000000	57.250000	9.737513e+04	1.999284e-04
	82	67	-6.500000	56.750000	9.699991e+04	2.674826e-04
	186	137	19.500000	39.250000	1.010297e+05	1.411375e-04
2022	2	16	5	18
	0	35	-27.000000	64.750000	9.790071e+04	2.872090e-05
	138	65	7.500000	57.250000	9.728026e+04	1.779348e-04
	94	67	-3.500000	56.750000	9.717186e+04	2.347805e-04
	136	116	7.000000	44.500000	1.011364e+05	5.224007e-05
	185	135	19.250000	39.750000	1.011150e+05	1.159492e-04
2022	2	16	6	21
	288	9	45.000000	71.250000	9.897832e+04	1.078500e-04
	148	65	10.000000	57.250000	9.712580e+04	1.485436e-04
	107	67	-0.250000	56.750000	9.701329e+04	2.729617e-04
	137	117	7.250000	44.250000	1.010735e+05	4.775137e-05
	278	120	42.500000	43.500000	1.021236e+05	-4.106967e-05
	183	133	18.750000	40.250000	1.011874e+05	9.245624e-05
2022	2	17	4	0
	286	8	44.500000	71.500000	9.898486e+04	1.695818e-04
	183	62	18.750000	58.000000	9.687722e+04	2.049406e-04
	157	65	12.250000	57.250000	9.693530e+04	1.143575e-04
	137	117	7.250000	44.250000	1.009873e+05	8.089885e-05
2022	2	17	7	3
	284	10	44.000000	71.000000	9.900599e+04	2.087970e-04
	104	39	-1.000000	63.750000	9.745358e+04	8.437817e-05
	189	60	20.250000	58.500000	9.656525e+04	1.851471e-04
	185	71	19.250000	55.750000	9.656525e+04	1.311439e-04
	0	116	-27.000000	44.500000	1.009335e+05	1.258200e-04
	137	117	7.250000	44.250000	1.008540e+05	1.009226e-04
	279	121	42.750000	43.250000	1.017961e+05	-3.051209e-05
2022	2	17	8	6
	284	11	44.000000	70.750000	9.906620e+04	1.706120e-04
	124	34	4.000000	65.000000	9.748642e+04	7.449587e-05
	110	40	0.500000	63.500000	9.748642e+04	3.834749e-05
	195	57	21.750000	59.250000	9.638084e+04	2.156796e-04
	197	68	22.250000	56.500000	9.638084e+04	1.236407e-04
	0	113	-27.000000	45.250000	1.001877e+05	1.749307e-04
	137	117	7.250000	44.250000	1.007997e+05	9.690050e-05
	279	121	42.750000	43.250000	1.017167e+05	-1.807927e-05
2022	2	17	9	9
	285	13	44.250000	70.250000	9.918372e+04	1.264344e-04
	122	34	3.500000	65.000000	9.762416e+04	6.956162e-05
	113	41	1.250000	63.250000	9.762416e+04	3.668515e-05
	197	57	22.250000	59.250000	9.637749e+04	2.458839e-04
	206	64	24.500000	57.500000	9.637749e+04	1.577940e-04
	8	108	-25.000000	46.500000	9.975004e+04	2.853591e-04
	0	117	-27.000000	44.250000	1.004692e+05	2.320533e-04
	278	120	42.500000	43.500000	1.016313e+05	-5.315820e-05
	271	131	40.750000	40.750000	1.015956e+05	3.541350e-07
2022	2	17	4	12
	116	40	2.000000	63.500000	9.779520e+04	6.180398e-05
	205	56	24.250000	59.500000	9.641033e+04	1.152968e-04
	19	101	-22.250000	48.250000	9.926186e+04	3.215834e-04
	273	119	41.250000	43.750000	1.012217e+05	-6.203949e-05
2022	2	17	3	15
	123	40	3.750000	63.500000	9.796623e+04	6.643705e-05
	217	54	27.250000	60.000000	9.645488e+04	1.120985e-04
	28	95	-20.000000	49.750000	9.869569e+04	3.616067e-04
2022	2	17	5	18
	129	39	5.250000	63.750000	9.808284e+04	8.240178e-05
	54	44	-13.500000	62.500000	9.860082e+04	1.540846e-04
	26	50	-20.500000	61.000000	9.870208e+04	1.410161e-04
	221	50	28.250000	61.000000	9.646293e+04	9.071691e-05
	37	90	-17.750000	51.000000	9.814898e+04	4.016164e-04
2022	2	17	5	21
	56	43	-13.000000	62.750000	9.853332e+04	1.499484e-04
	222	44	28.500000	62.500000	9.646065e+04	9.774693e-05
	222	45	28.500000	62.250000	9.646065e+04	1.036948e-04
	25	48	-20.750000	61.500000	9.848117e+04	1.602283e-04
	46	87	-15.500000	51.750000	9.747106e+04	5.342728e-04
2022	2	18	5	0
	57	43	-12.750000	62.750000	9.840577e+04	1.740597e-04
	228	43	30.000000	62.750000	9.645974e+04	1.388126e-04
	22	47	-21.500000	61.750000	9.816448e+04	1.767283e-04
	56	83	-13.000000	52.750000	9.675498e+04	5.365827e-04
	57	84	-12.750000	52.500000	9.675498e+04	5.438824e-04
2022	2	18	7	3
	227	40	29.750000	63.500000	9.644545e+04	9.892617e-05
	228	40	30.000000	63.500000	9.644545e+04	9.811975e-05
	58	42	-12.500000	63.000000	9.818319e+04	1.864523e-04
	18	47	-22.500000	61.750000	9.792762e+04	2.474609e-04
	66	76	-10.500000	54.500000	9.611842e+04	5.267610e-04
	138	117	7.500000	44.250000	1.013552e+05	8.841705e-05
	150	117	10.500000	44.250000	1.013552e+05	-9.387632e-05
2022	2	18	7	6
	142	21	8.500000	68.250000	9.823108e+04	7.630229e-05
	229	38	30.250000	64.000000	9.650641e+04	1.178946e-04
	230	38	30.500000	64.000000	9.650641e+04	1.185403e-04
	18	48	-22.500000	61.500000	9.776205e+04	2.879716e-04
	78	69	-7.500000	56.250000	9.554860e+04	4.530210e-04
	141	107	8.250000	46.750000	1.012394e+05	-8.446152e-05
	137	117	7.250000	44.250000	1.014057e+05	9.660372e-05
2022	2	18	7	9
	232	36	31.000000	64.500000	9.659688e+04	1.273304e-04
	53	42	-13.750000	63.000000	9.797536e+04	1.905275e-04
	21	49	-21.750000	61.250000	9.781785e+04	2.729725e-04
	81	68	-6.750000	56.500000	9.533788e+04	4.445965e-04
	96	68	-3.000000	56.500000	9.533788e+04	3.239815e-04
	140	107	8.000000	46.750000	1.009584e+05	-8.605996e-05
	287	141	44.750000	38.250000	1.012425e+05	2.357388e-05
2022	2	18	8	12
	234	34	31.500000	65.000000	9.664948e+04	1.424575e-04
	47	42	-15.250000	63.000000	9.790330e+04	1.879074e-04
	26	49	-20.500000	61.250000	9.789295e+04	2.800238e-04
	105	64	-0.750000	57.500000	9.514100e+04	3.537547e-04
	150	117	10.500000	44.250000	1.011139e+05	-5.935729e-05
	287	141	44.750000	38.250000	1.010390e+05	1.213674e-05
	257	162	37.250000	33.000000	1.007317e+05	-1.649113e-05
	267	162	39.750000	33.000000	1.007317e+05	-1.038723e-05
2022	2	18	5	15
	235	32	31.750000	65.500000	9.674373e+04	1.224891e-04
	32	49	-19.000000	61.250000	9.791059e+04	2.995917e-04
	111	63	0.750000	57.750000	9.501360e+04	3.565710e-04
	236	137	32.000000	39.250000	1.007972e+05	4.345298e-05
	257	162	37.250000	33.000000	1.007421e+05	-4.774171e-06
2022	2	18	3	18
	236	31	32.000000	65.750000	9.676487e+04	1.402011e-04
	40	49	-17.000000	61.250000	9.784537e+04	3.037481e-04
	120	64	3.000000	57.500000	9.522538e+04	2.879228e-04
2022	2	18	5	21
	261	23	38.250000	67.750000	9.687357e+04	3.220923e-05
	237	30	32.250000	66.000000	9.687357e+04	1.600279e-04
	47	48	-15.250000	61.500000	9.789752e+04	2.563529e-04
	0	55	-27.000000	59.750000	9.790922e+04	8.369238e-05
	132	65	6.000000	57.250000	9.556548e+04	2.954015e-04
2022	2	19	8	0
	6	7	-25.500000	71.750000	1.001572e+05	6.733035e-06
	117	21	2.250000	68.250000	9.744887e+04	1.258801e-04
	240	30	33.000000	66.000000	9.699717e+04	1.670933e-04
	31	47	-19.250000	61.750000	9.785266e+04	1.576852e-04
	53	47	-13.750000	61.750000	9.792884e+04	2.534984e-04
	6	54	-25.500000	60.000000	9.773834e+04	1.860045e-04
	144	65	9.000000	57.250000	9.589159e+04	3.303910e-04
	137	117	7.250000	44.250000	1.014724e+05	9.361273e-05
2022	2	19	8	3
	6	7	-25.500000	71.750000	1.001132e+05	1.680724e-05
	115	21	1.750000	68.250000	9.737513e+04	1.408990e-04
	245	29	34.250000	66.250000	9.714997e+04	1.474991e-04
	58	47	-12.500000	61.750000	9.781800e+04	2.653089e-04
	18	55	-22.500000	59.750000	9.759831e+04	1.960108e-04
	158	65	12.500000	57.250000	9.617650e+04	3.429130e-04
	150	109	10.500000	46.250000	1.014371e+05	1.370043e-05
	137	117	7.250000	44.250000	1.014145e+05	7.633076e-05
2022	2	19	10	6
	6	7	-25.500000	71.750000	1.000055e+05	-3.060776e-06
	268	19	40.000000	68.750000	9.730960e+04	1.414705e-04
	112	21	1.000000	68.250000	9.736495e+04	1.519483e-04
	246	28	34.500000	66.500000	9.730048e+04	1.186355e-04
	63	48	-11.250000	61.500000	9.778698e+04	2.924356e-04
	28	55	-20.000000	59.750000	9.773621e+04	1.907020e-04
	174	65	16.500000	57.250000	9.639908e+04	2.642082e-04
	151	109	10.750000	46.250000	1.016185e+05	3.389235e-05
	137	117	7.250000	44.250000	1.015690e+05	6.095609e-05
	97	146	-2.750000	37.000000	1.016501e+05	6.208447e-05
2022	2	19	11	9
	268	19	40.000000	68.750000	9.745327e+04	1.584596e-04
	108	21	0.000000	68.250000	9.746438e+04	2.000556e-04
	248	27	35.000000	66.750000	9.745327e+04	1.100421e-04
	69	47	-9.750000	61.750000	9.783883e+04	3.100143e-04
	196	49	22.000000	61.250000	9.680713e+04	1.529804e-04
	34	55	-18.500000	59.750000	9.797870e+04	1.978094e-04
	61	61	-11.750000	58.250000	9.784476e+04	2.528586e-04
	189	64	20.250000	57.500000	9.670998e+04	2.186326e-04
	134	118	6.500000	44.000000	1.016865e+05	1.101945e-04
	251	158	35.750000	34.000000	1.005505e+05	5.548374e-05
	260	162	38.000000	33.000000	1.005505e+05	1.019279e-04
2022	2	19	11	12
	269	18	40.250000	69.000000	9.754115e+04	1.576562e-04
	103	22	-1.250000	68.000000	9.758509e+04	2.370021e-04
	135	25	6.750000	67.250000	9.758812e+04	6.788145e-05
	73	47	-8.750000	61.750000	9.799755e+04	2.498683e-04
	200	49	23.000000	61.250000	9.702363e+04	1.192759e-04
	35	54	-18.250000	60.000000	9.822074e+04	1.875709e-04
	36	54	-18.000000	60.000000	9.822074e+04	1.866839e-04
	69	61	-9.750000	58.250000	9.800379e+04	2.210882e-04
	202	61	23.500000	58.250000	9.700705e+04	2.439988e-04
	94	145	-3.500000	37.250000	1.019083e+05	7.363895e-05
	257	162	37.250000	33.000000	1.004229e+05	4.066278e-05
2022	2	19	8	15
	270	18	40.500000	69.000000	9.766095e+04	1.292002e-04
	102	24	-1.500000	67.500000	9.768786e+04	2.224168e-04
	209	48	25.250000	61.500000	9.725168e+04	4.354268e-05
	76	49	-8.000000	61.250000	9.825875e+04	2.248341e-04
	214	59	26.500000	58.750000	9.725168e+04	2.887566e-04
	98	62	-2.500000	58.000000	9.832823e+04	1.718070e-04
	94	145	-3.500000	37.250000	1.019524e+05	5.725653e-05
	266	160	39.500000	33.500000	1.007831e+05	9.180691e-05
2022	2	19	8	18
	270	19	40.500000	68.750000	9.775627e+04	1.045722e-04
	137	22	7.250000	68.000000	9.776616e+04	9.713031e-05
	106	26	-0.500000	67.000000	9.775400e+04	1.707056e-04
	221	46	28.250000	62.000000	9.748445e+04	6.698709e-05
	224	55	29.000000	59.750000	9.748445e+04	2.018881e-04
	0	57	-27.000000	59.250000	9.674328e+04	1.471692e-04
	118	64	2.500000	57.500000	9.845700e+04	1.893611e-04
	245	162	34.250000	33.000000	1.009081e+05	5.821791e-05
2022	2	19	8	21
	270	19	40.500000	68.750000	9.783990e+04	9.850611e-05
	108	28	0.000000	66.500000	9.780006e+04	1.826071e-04
	232	41	31.000000	63.250000	9.763997e+04	5.049248e-05
	233	53	31.250000	60.250000	9.763648e+04	9.865939e-05
	0	55	-27.000000	59.750000	9.611630e+04	1.341828e-04
	133	65	6.250000	57.250000	9.852480e+04	1.772426e-04
	279	160	42.750000	33.500000	1.010873e+05	8.986328e-05
	244	162	34.000000	33.000000	1.010346e+05	3.815110e-05
2022	2	20	7	0
	271	20	40.750000	68.500000	9.789554e+04	1.061250e-04
	136	25	7.000000	67.250000	9.788551e+04	8.566274e-05
	114	29	1.500000	66.250000	9.788551e+04	1.408813e-04
	0	53	-27.000000	60.250000	9.580600e+04	8.324868e-05
	151	64	10.750000	57.500000	9.860751e+04	1.312617e-04
	270	155	40.500000	34.750000	1.010507e+05	9.957246e-05
	87	161	-5.250000	33.250000	1.022254e+05	-1.138796e-05
