2022	2	14	9	0
	2	6	-26.500000	72.000000	9.972598e+04	6.243600e-06
	219	9	27.750000	71.250000	9.841039e+04	1.243893e-04
	191	12	20.750000	70.500000	9.841039e+04	1.507072e-04
	1	17	-26.750000	69.250000	9.972598e+04	7.772494e-06
	217	25	27.250000	67.250000	9.855486e+04	9.295240e-05
	114	62	1.500000	58.000000	9.853214e+04	8.237633e-05
	115	62	1.750000	58.000000	9.853214e+04	8.526904e-05
	103	71	-1.250000	55.750000	9.853214e+04	1.364793e-04
	139	107	7.750000	46.750000	1.004971e+05	-1.570477e-04
2022	2	14	7	3
	61	4	-11.750000	72.500000	1.000692e+05	1.075196e-04
	210	9	25.500000	71.250000	9.803761e+04	2.141333e-04
	197	16	22.250000	69.500000	9.803761e+04	7.395683e-05
	1	17	-26.750000	69.250000	9.974752e+04	-1.554520e-05
	232	20	31.000000	68.500000	9.813882e+04	5.821838e-05
	119	61	2.750000	58.250000	9.851912e+04	1.183804e-04
	108	70	0.000000	56.000000	9.851912e+04	1.189269e-04
2022	2	14	4	6
	66	3	-10.500000	72.750000	1.000799e+05	1.173634e-04
	215	9	26.750000	71.250000	9.794642e+04	2.640684e-04
	107	72	-0.250000	55.500000	9.856722e+04	1.704601e-04
	122	121	3.500000	43.250000	1.009019e+05	2.082970e-04
2022	2	14	4	9
	76	2	-8.000000	73.000000	1.001383e+05	1.029692e-04
	222	8	28.500000	71.500000	9.797765e+04	2.445757e-04
	0	52	-27.000000	60.500000	9.802659e+04	1.172543e-04
	123	69	3.750000	56.250000	9.864154e+04	8.400808e-05
2022	2	14	3	12
	234	14	31.500000	70.000000	9.790366e+04	2.551903e-04
	4	48	-26.000000	61.500000	9.757213e+04	2.529089e-04
	129	66	5.250000	57.000000	9.854584e+04	1.454798e-04
2022	2	14	3	15
	245	14	34.250000	70.000000	9.779560e+04	2.106850e-04
	1	43	-26.750000	62.750000	9.708061e+04	1.615846e-04
	134	64	6.500000	57.500000	9.842459e+04	2.280628e-04
2022	2	14	5	18
	252	13	36.000000	70.250000	9.773380e+04	2.006794e-04
	0	39	-27.000000	63.750000	9.680988e+04	1.417357e-04
	27	39	-20.250000	63.750000	9.680988e+04	-1.895384e-05
	128	54	5.000000	60.000000	9.849824e+04	4.606582e-05
	137	63	7.250000	57.750000	9.849824e+04	2.543178e-04
2022	2	14	6	21
	6	7	-25.500000	71.750000	9.962376e+04	2.532314e-05
	257	12	37.250000	70.500000	9.776938e+04	2.083588e-04
	28	38	-20.000000	64.000000	9.705155e+04	-7.790755e-06
	0	39	-27.000000	63.750000	9.700745e+04	5.286056e-05
	141	61	8.250000	58.250000	9.858877e+04	2.910121e-04
	139	121	7.750000	43.250000	1.011331e+05	1.322597e-04
2022	2	15	6	0
	240	7	33.000000	71.750000	9.782500e+04	1.773962e-04
	264	12	39.000000	70.500000	9.782500e+04	2.506497e-04
	28	39	-20.000000	63.750000	9.726599e+04	1.204869e-04
	125	52	4.250000	60.500000	9.870284e+04	9.803673e-05
	146	59	9.500000	58.750000	9.866024e+04	3.187753e-04
	145	118	9.250000	44.000000	1.011179e+05	1.430375e-04
2022	2	15	5	3
	269	11	40.250000	70.750000	9.783435e+04	2.369396e-04
	25	34	-20.750000	65.000000	9.726299e+04	1.147012e-04
	123	51	3.750000	60.750000	9.888555e+04	1.125877e-04
	150	56	10.500000	59.500000	9.862784e+04	3.492509e-04
	146	118	9.500000	44.000000	1.010178e+05	1.180782e-04
2022	2	15	6	6
	271	10	40.750000	71.000000	9.786826e+04	2.653478e-04
	31	34	-19.250000	65.000000	9.734516e+04	1.537798e-04
	123	51	3.750000	60.750000	9.887269e+04	7.969040e-05
	153	54	11.250000	60.000000	9.865340e+04	2.963352e-04
	137	57	7.250000	59.250000	9.865340e+04	1.738460e-05
	146	117	9.500000	44.250000	1.009744e+05	1.016337e-04
2022	2	15	7	9
	2	10	-26.500000	71.000000	9.859828e+04	-6.610080e-08
	272	11	41.000000	70.750000	9.801423e+04	2.417929e-04
	14	28	-23.500000	66.500000	9.725380e+04	1.540533e-04
	0	37	-27.000000	64.250000	9.725380e+04	-3.424561e-05
	155	52	11.750000	60.500000	9.876129e+04	2.519490e-04
	3	84	-26.250000	52.500000	9.886752e+04	1.860261e-04
	156	118	12.000000	44.000000	1.010715e+05	8.571563e-05
2022	2	15	9	12
	277	12	42.250000	70.500000	9.815753e+04	2.245343e-04
	0	31	-27.000000	65.750000	9.734299e+04	-2.171643e-05
	0	39	-27.000000	63.750000	9.734299e+04	2.224976e-05
	159	51	12.750000	60.750000	9.885382e+04	2.080833e-04
	15	80	-23.250000	53.500000	9.870300e+04	2.107304e-04
	13	81	-23.750000	53.250000	9.870300e+04	2.121740e-04
	158	113	12.500000	45.250000	1.010240e+05	1.125518e-04
	146	117	9.500000	44.250000	1.010240e+05	1.049622e-04
	153	161	11.250000	33.250000	1.016256e+05	6.384293e-05
2022	2	15	8	15
	285	11	44.250000	70.750000	9.822099e+04	2.674474e-04
	0	40	-27.000000	63.500000	9.716345e+04	2.106914e-05
	163	49	13.750000	61.250000	9.892480e+04	1.754102e-04
	106	53	-0.500000	60.250000	9.839018e+04	1.570671e-04
	26	77	-20.500000	54.250000	9.833556e+04	2.059487e-04
	158	111	12.500000	45.750000	1.010142e+05	1.028150e-04
	161	152	13.250000	35.500000	1.015598e+05	8.329874e-05
	163	162	13.750000	33.000000	1.015598e+05	-3.309025e-05
2022	2	15	7	18
	288	10	45.000000	71.000000	9.833189e+04	7.987030e-05
	181	45	18.250000	62.250000	9.894952e+04	1.583827e-04
	105	46	-0.750000	62.000000	9.816154e+04	8.154421e-05
	115	53	1.750000	60.250000	9.816154e+04	2.147508e-04
	158	112	12.500000	45.500000	1.012390e+05	1.059589e-04
	164	152	14.000000	35.500000	1.016483e+05	9.844728e-05
	165	162	14.250000	33.000000	1.016483e+05	-1.577873e-05
2022	2	15	5	21
	288	9	45.000000	71.250000	9.840571e+04	8.233361e-05
	182	44	18.500000	62.500000	9.889708e+04	1.661264e-04
	121	51	3.250000	60.750000	9.807652e+04	2.205389e-04
	17	73	-22.750000	55.250000	9.770976e+04	1.954510e-04
	168	158	15.000000	34.000000	1.017409e+05	2.620739e-05
2022	2	16	6	0
	288	8	45.000000	71.500000	9.842275e+04	1.323526e-04
	184	43	19.000000	62.750000	9.883712e+04	1.820424e-04
	106	46	-0.500000	62.000000	9.811727e+04	1.172272e-04
	124	50	4.000000	61.000000	9.811727e+04	2.641508e-04
	53	67	-13.750000	56.750000	9.742483e+04	1.933318e-04
	31	68	-19.250000	56.500000	9.742383e+04	2.295198e-04
2022	2	16	5	3
	286	8	44.500000	71.500000	9.846551e+04	2.096046e-04
	187	42	19.750000	63.000000	9.880355e+04	1.704135e-04
	68	64	-10.000000	57.500000	9.704888e+04	2.221616e-04
	44	65	-16.000000	57.250000	9.701580e+04	2.772939e-04
	279	121	42.750000	43.250000	1.021253e+05	3.146107e-06
2022	2	16	6	6
	286	8	44.500000	71.500000	9.848955e+04	1.677406e-04
	188	41	20.000000	63.250000	9.867110e+04	1.388363e-04
	161	52	13.250000	60.500000	9.834058e+04	1.619803e-04
	75	62	-8.250000	58.000000	9.653780e+04	2.227455e-04
	53	64	-13.750000	57.500000	9.653780e+04	4.298257e-04
	279	121	42.750000	43.250000	1.021928e+05	-1.975143e-07
2022	2	16	6	9
	285	8	44.250000	71.500000	9.851695e+04	1.897573e-04
	169	51	15.250000	60.750000	9.831920e+04	9.861506e-05
	73	62	-8.750000	58.000000	9.665906e+04	2.766617e-04
	278	120	42.500000	43.500000	1.022028e+05	9.492430e-07
	179	134	17.750000	40.000000	1.015014e+05	1.263762e-04
	178	143	17.500000	37.750000	1.015014e+05	1.335617e-04
2022	2	16	5	12
	285	8	44.250000	71.500000	9.857256e+04	2.238649e-04
	0	39	-27.000000	63.750000	9.723126e+04	1.203054e-04
	183	48	18.750000	61.500000	9.805180e+04	1.696164e-04
	100	58	-2.000000	59.000000	9.646799e+04	2.131733e-04
	181	141	18.250000	38.250000	1.013712e+05	1.530264e-04
2022	2	16	5	15
	285	9	44.250000	71.250000	9.858709e+04	2.067538e-04
	0	35	-27.000000	64.750000	9.743585e+04	1.308603e-04
	189	47	20.250000	61.750000	9.782049e+04	1.812022e-04
	113	57	1.250000	59.250000	9.623852e+04	1.475008e-04
	184	137	19.000000	39.250000	1.011909e+05	1.541291e-04
2022	2	16	7	18
	283	9	43.750000	71.250000	9.855970e+04	2.235976e-04
	284	9	44.000000	71.250000	9.855970e+04	2.117901e-04
	0	33	-27.000000	65.250000	9.771544e+04	1.000043e-04
	194	44	21.500000	62.500000	9.766550e+04	1.969676e-04
	127	60	4.750000	58.500000	9.625004e+04	1.566090e-04
	148	108	10.000000	46.500000	1.005240e+05	-4.946633e-05
	183	136	18.750000	39.500000	1.012248e+05	1.758525e-04
2022	2	16	6	21
	285	9	44.250000	71.250000	9.858309e+04	1.878546e-04
	0	31	-27.000000	65.750000	9.807702e+04	1.090750e-04
	196	42	22.000000	63.000000	9.759101e+04	1.807867e-04
	148	62	10.000000	58.000000	9.654065e+04	1.997524e-04
	137	117	7.250000	44.250000	1.013384e+05	7.855926e-05
	184	136	19.000000	39.500000	1.012642e+05	1.218805e-04
2022	2	17	6	0
	285	9	44.250000	71.250000	9.864688e+04	1.781026e-04
	153	63	11.250000	57.750000	9.662783e+04	1.749306e-04
	171	63	15.750000	57.750000	9.662783e+04	1.879152e-04
	150	109	10.500000	46.250000	1.003735e+05	2.742439e-05
	137	113	7.250000	45.250000	1.010476e+05	2.693437e-05
	182	135	18.500000	39.750000	1.013056e+05	1.048885e-04
2022	2	17	8	3
	284	10	44.000000	71.000000	9.865591e+04	1.827247e-04
	285	10	44.250000	71.000000	9.865591e+04	1.673472e-04
	145	41	9.250000	63.250000	9.781815e+04	4.132782e-05
	177	61	17.250000	58.250000	9.656386e+04	1.847958e-04
	157	64	12.250000	57.500000	9.656386e+04	1.513445e-04
	47	75	-15.250000	54.750000	9.983270e+04	1.357993e-04
	137	113	7.250000	45.250000	1.008221e+05	2.799617e-05
	279	121	42.750000	43.250000	1.018818e+05	-3.315180e-05
2022	2	17	7	6
	282	10	43.500000	71.000000	9.866927e+04	1.725072e-04
	283	10	43.750000	71.000000	9.866927e+04	1.743231e-04
	142	39	8.500000	63.750000	9.795327e+04	4.843291e-05
	179	62	17.750000	58.000000	9.663050e+04	1.676610e-04
	57	74	-12.750000	55.000000	9.979746e+04	1.502383e-04
	137	113	7.250000	45.250000	1.008281e+05	1.354283e-05
	279	121	42.750000	43.250000	1.016908e+05	-2.478123e-05
2022	2	17	6	9
	142	39	8.500000	63.750000	9.808438e+04	3.537199e-05
	1	49	-26.750000	61.250000	9.921674e+04	6.882730e-05
	189	59	20.250000	58.750000	9.680870e+04	1.705376e-04
	72	73	-9.000000	55.250000	9.984439e+04	1.295579e-04
	278	120	42.500000	43.500000	1.014768e+05	-2.726078e-05
	283	128	43.750000	41.500000	1.014768e+05	1.001557e-05
2022	2	17	3	12
	2	46	-26.500000	62.000000	9.918668e+04	8.381132e-05
	197	56	22.250000	59.500000	9.690541e+04	1.450265e-04
	23	76	-21.250000	54.500000	9.956180e+04	1.872803e-04
2022	2	17	4	15
	2	44	-26.500000	62.500000	9.912555e+04	1.216889e-04
	203	55	23.750000	59.750000	9.701280e+04	1.004505e-04
	30	74	-19.500000	55.000000	9.937941e+04	2.170600e-04
	31	99	-19.250000	48.750000	1.003421e+05	1.101776e-04
2022	2	17	4	18
	144	38	9.000000	64.000000	9.815485e+04	7.754775e-05
	214	53	26.500000	60.250000	9.697990e+04	1.169893e-04
	37	73	-17.750000	55.250000	9.927770e+04	2.361974e-04
	38	98	-17.500000	49.000000	9.993842e+04	2.064575e-04
2022	2	17	6	21
	147	36	9.750000	64.500000	9.816288e+04	8.776670e-05
	6	43	-25.500000	62.750000	9.904689e+04	1.394071e-04
	216	52	27.000000	60.500000	9.696036e+04	1.386312e-04
	217	52	27.250000	60.500000	9.696036e+04	1.348341e-04
	42	72	-16.500000	55.500000	9.915862e+04	2.324589e-04
	44	95	-16.000000	49.750000	9.939512e+04	2.633987e-04
2022	2	18	5	0
	149	36	10.250000	64.500000	9.818509e+04	1.033136e-04
	7	42	-25.250000	63.000000	9.902367e+04	1.165495e-04
	218	51	27.500000	60.750000	9.694248e+04	1.617174e-04
	47	71	-15.250000	55.750000	9.901916e+04	2.479859e-04
	53	93	-13.750000	50.250000	9.873373e+04	3.423320e-04
2022	2	18	5	3
	150	36	10.500000	64.500000	9.821816e+04	8.915606e-05
	3	40	-26.250000	63.500000	9.895670e+04	5.624339e-05
	221	50	28.250000	61.000000	9.691042e+04	1.637238e-04
	53	71	-13.750000	55.750000	9.891445e+04	2.777032e-04
	64	91	-11.000000	50.750000	9.826709e+04	4.189447e-04
2022	2	18	4	6
	150	33	10.500000	65.250000	9.821097e+04	8.712521e-05
	223	48	28.750000	61.500000	9.694382e+04	1.801760e-04
	58	72	-12.500000	55.500000	9.890242e+04	2.761191e-04
	76	88	-8.000000	51.500000	9.803460e+04	4.178778e-04
2022	2	18	5	9
	143	26	8.750000	67.000000	9.827711e+04	5.373935e-05
	224	47	29.000000	61.750000	9.704387e+04	1.454346e-04
	64	74	-11.000000	55.000000	9.897073e+04	2.568292e-04
	109	83	0.250000	52.750000	9.803377e+04	1.967301e-04
	88	85	-5.000000	52.250000	9.800137e+04	4.214369e-04
2022	2	18	5	12
	140	26	8.000000	67.000000	9.830384e+04	7.437460e-05
	226	47	29.500000	61.750000	9.716812e+04	1.276942e-04
	70	76	-9.500000	54.500000	9.894885e+04	2.592711e-04
	101	83	-1.750000	52.750000	9.811510e+04	2.887898e-04
	279	119	42.750000	43.750000	9.995980e+04	2.627756e-05
2022	2	18	5	15
	133	27	6.250000	66.750000	9.827277e+04	6.917187e-05
	226	45	29.500000	62.250000	9.734449e+04	1.220359e-04
	0	61	-27.000000	58.250000	9.823519e+04	1.125773e-04
	113	82	1.250000	53.000000	9.809356e+04	2.935715e-04
	286	122	44.500000	43.000000	1.001829e+05	2.006631e-05
2022	2	18	6	18
	6	7	-25.500000	71.750000	1.004482e+05	-2.249138e-05
	133	28	6.250000	66.500000	9.828780e+04	7.876267e-05
	228	45	30.000000	62.250000	9.752704e+04	1.077467e-04
	0	56	-27.000000	59.500000	9.748862e+04	1.096652e-04
	126	78	4.500000	54.000000	9.821180e+04	2.183775e-04
	126	79	4.500000	53.750000	9.821180e+04	2.340244e-04
2022	2	18	8	21
	6	7	-25.500000	71.750000	1.005495e+05	-2.842625e-05
	137	30	7.250000	66.000000	9.830400e+04	5.897804e-05
	230	44	30.500000	62.500000	9.766851e+04	1.004428e-04
	231	44	30.750000	62.500000	9.766851e+04	9.686616e-05
	0	57	-27.000000	59.250000	9.731610e+04	1.359678e-04
	138	78	7.500000	54.000000	9.833891e+04	3.123111e-04
	138	117	7.500000	44.250000	1.009699e+05	1.461960e-04
	272	155	41.000000	34.750000	1.014120e+05	5.280227e-05
2022	2	19	9	0
	6	7	-25.500000	71.750000	1.005049e+05	-3.222342e-05
	137	30	7.250000	66.000000	9.829798e+04	6.331093e-05
	232	43	31.000000	62.750000	9.778709e+04	7.477130e-05
	26	55	-20.500000	59.750000	9.732829e+04	2.118883e-04
	8	59	-25.000000	58.750000	9.732829e+04	2.818897e-04
	149	79	10.250000	53.750000	9.860663e+04	3.221307e-04
	138	118	7.500000	44.000000	1.009667e+05	1.625127e-04
	287	138	44.750000	39.000000	1.013956e+05	1.835795e-05
	276	153	42.000000	35.250000	1.014621e+05	8.610483e-05
2022	2	19	9	3
	6	7	-25.500000	71.750000	1.004699e+05	-3.516812e-05
	147	26	9.750000	67.000000	9.829014e+04	6.430812e-05
	235	42	31.750000	63.000000	9.786425e+04	6.224629e-05
	7	52	-25.250000	60.500000	9.754057e+04	2.568530e-04
	20	60	-22.000000	58.500000	9.754057e+04	2.634243e-04
	167	78	14.750000	54.000000	9.880138e+04	2.393150e-04
	138	118	7.500000	44.000000	1.009171e+05	1.423424e-04
	278	153	42.500000	35.250000	1.016300e+05	1.102250e-04
	279	161	42.750000	33.250000	1.016300e+05	-3.976873e-05
2022	2	19	8	6
	6	7	-25.500000	71.750000	1.004914e+05	-1.715253e-05
	147	26	9.750000	67.000000	9.825506e+04	7.668538e-05
	238	41	32.500000	63.250000	9.795093e+04	7.013174e-05
	57	59	-12.750000	58.750000	9.800671e+04	2.443242e-04
	31	61	-19.250000	58.250000	9.788012e+04	2.450037e-04
	138	118	7.500000	44.000000	1.010466e+05	1.316510e-04
	283	154	43.750000	35.000000	1.019354e+05	7.564848e-05
	284	162	44.000000	33.000000	1.019354e+05	-4.981181e-05
2022	2	19	7	9
	6	7	-25.500000	71.750000	1.005878e+05	-4.574213e-06
	145	25	9.250000	67.250000	9.831285e+04	7.371222e-05
	246	37	34.500000	64.250000	9.809022e+04	1.203704e-05
	21	54	-21.750000	60.000000	9.846049e+04	2.107966e-04
	61	58	-11.750000	59.000000	9.806734e+04	1.913303e-04
	46	63	-15.500000	57.750000	9.806734e+04	2.406375e-04
	144	118	9.000000	44.000000	1.012563e+05	8.976574e-05
2022	2	19	5	12
	145	25	9.250000	67.250000	9.835377e+04	6.825894e-05
	15	53	-23.250000	60.250000	9.848955e+04	1.597052e-04
	63	59	-11.250000	58.750000	9.826225e+04	2.100013e-04
	84	62	-6.000000	58.000000	9.826225e+04	1.815393e-04
	146	125	9.500000	42.250000	1.013851e+05	3.266690e-05
2022	2	19	9	15
	143	25	8.750000	67.250000	9.840405e+04	7.560963e-05
	248	36	35.000000	64.500000	9.822083e+04	3.742108e-05
	0	50	-27.000000	61.000000	9.768621e+04	3.101562e-05
	0	62	-27.000000	58.000000	9.763209e+04	9.328395e-05
	91	63	-4.250000	57.750000	9.863887e+04	6.907241e-05
	237	79	32.250000	53.750000	9.942718e+04	1.189650e-04
	149	126	10.250000	42.000000	1.014498e+05	5.743786e-05
	92	144	-4.000000	37.500000	1.018217e+05	2.875107e-05
	89	162	-4.750000	33.000000	1.015466e+05	3.315579e-05
2022	2	19	9	18
	145	25	9.250000	67.250000	9.845231e+04	9.999637e-05
	249	35	35.250000	64.750000	9.825757e+04	4.061748e-05
	0	47	-27.000000	61.750000	9.681221e+04	8.820817e-05
	0	58	-27.000000	59.000000	9.681221e+04	7.737954e-05
	66	62	-10.500000	58.000000	9.897591e+04	2.183272e-04
	103	62	-1.250000	58.000000	9.865908e+04	1.110090e-04
	123	67	3.750000	56.750000	9.865908e+04	2.273753e-04
	249	79	35.250000	53.750000	9.953658e+04	1.086034e-04
	151	126	10.750000	42.000000	1.016039e+05	8.926050e-05
2022	2	19	7	21
	281	23	43.250000	67.750000	9.834626e+04	9.869489e-05
	145	26	9.250000	67.000000	9.849189e+04	1.147243e-04
	249	34	35.250000	65.000000	9.832053e+04	5.579837e-05
	0	53	-27.000000	60.250000	9.615316e+04	1.152555e-04
	135	66	6.750000	57.000000	9.869381e+04	2.196342e-04
	258	79	37.500000	53.750000	9.961057e+04	1.187895e-04
	152	126	11.000000	42.000000	1.017814e+05	9.730351e-05
2022	2	20	7	0
	281	23	43.250000	67.750000	9.834525e+04	1.134694e-04
	148	27	10.000000	66.750000	9.851327e+04	1.220418e-04
	249	34	35.250000	65.000000	9.837114e+04	3.524511e-05
	2	58	-26.500000	59.000000	9.556627e+04	1.926824e-04
	142	66	8.500000	57.000000	9.869482e+04	2.079647e-04
	264	80	39.000000	53.500000	9.963729e+04	1.528789e-04
	153	127	11.250000	41.750000	1.018606e+05	8.387063e-05
