2022	2	16	6	0
	288	11	45.000000	70.750000	9.876382e+04	8.776216e-05
	54	38	-13.500000	64.000000	9.756580e+04	2.996177e-04
	118	53	2.500000	60.250000	9.801469e+04	2.012579e-04
	65	67	-10.750000	56.750000	9.727263e+04	3.001939e-04
	280	121	43.000000	43.250000	1.020666e+05	2.416963e-05
	172	122	16.000000	43.000000	1.014595e+05	3.837207e-05
2022	2	16	5	3
	49	36	-14.750000	64.500000	9.768409e+04	2.948253e-04
	120	52	3.000000	60.500000	9.794014e+04	1.760455e-04
	74	66	-8.500000	57.000000	9.721177e+04	2.719212e-04
	280	121	43.000000	43.250000	1.021671e+05	1.975811e-05
	173	123	16.250000	42.750000	1.014593e+05	4.267848e-05
2022	2	16	5	6
	120	34	3.000000	65.000000	9.793479e+04	1.735695e-04
	123	51	3.750000	60.750000	9.788320e+04	1.730988e-04
	84	65	-6.000000	57.250000	9.753294e+04	2.614678e-04
	99	67	-2.250000	56.750000	9.753294e+04	2.093182e-04
	176	138	17.000000	39.000000	1.015137e+05	1.085366e-04
2022	2	16	5	9
	58	54	-12.500000	60.000000	9.756345e+04	1.095359e-04
	45	65	-15.750000	57.250000	9.753105e+04	1.037698e-04
	109	65	0.250000	57.250000	9.757162e+04	2.072578e-04
	202	125	23.500000	42.250000	1.016050e+05	-5.930892e-05
	181	138	18.250000	39.000000	1.014772e+05	1.638485e-04
2022	2	16	4	12
	64	54	-11.000000	60.000000	9.732013e+04	1.416722e-04
	118	64	2.500000	57.500000	9.737298e+04	2.141249e-04
	65	67	-10.750000	56.750000	9.724511e+04	2.106783e-04
	183	137	18.750000	39.250000	1.011993e+05	1.899656e-04
2022	2	16	5	15
	65	53	-10.750000	60.250000	9.717528e+04	1.840568e-04
	127	64	4.750000	57.500000	9.720532e+04	2.314255e-04
	78	65	-7.500000	57.250000	9.698702e+04	3.105546e-04
	135	119	6.750000	43.750000	1.013390e+05	1.285299e-04
	184	135	19.000000	39.750000	1.010735e+05	1.521356e-04
2022	2	16	4	18
	133	64	6.250000	57.500000	9.718047e+04	1.584183e-04
	148	108	10.000000	46.500000	1.006161e+05	-4.045287e-05
	184	133	19.000000	40.250000	1.011133e+05	1.111536e-04
	185	133	19.250000	40.250000	1.011133e+05	9.749446e-05
2022	2	16	4	21
	288	9	45.000000	71.250000	9.891764e+04	1.090831e-04
	152	64	11.000000	57.500000	9.694188e+04	1.469748e-04
	278	120	42.500000	43.500000	1.021351e+05	-3.726010e-05
	183	132	18.750000	40.500000	1.012264e+05	1.135470e-04
2022	2	17	5	0
	287	10	44.750000	71.000000	9.896011e+04	1.414251e-04
	189	61	20.250000	58.250000	9.678334e+04	1.707651e-04
	160	64	13.000000	57.500000	9.674669e+04	1.703995e-04
	137	117	7.250000	44.250000	1.010609e+05	7.245105e-05
	278	120	42.500000	43.500000	1.020151e+05	-4.637328e-05
2022	2	17	6	3
	285	11	44.250000	70.750000	9.900871e+04	2.093796e-04
	124	41	4.000000	63.250000	9.734420e+04	9.006213e-05
	194	58	21.500000	59.000000	9.645917e+04	1.998236e-04
	150	109	10.500000	46.250000	1.002289e+05	1.968269e-05
	137	117	7.250000	44.250000	1.009082e+05	9.911180e-05
	279	121	42.750000	43.250000	1.018464e+05	-3.027140e-05
2022	2	17	5	6
	284	11	44.000000	70.750000	9.905196e+04	1.924733e-04
	126	42	4.500000	63.000000	9.737786e+04	9.439818e-05
	198	55	22.500000	59.750000	9.622467e+04	2.346476e-04
	203	66	23.750000	57.000000	9.622467e+04	2.065909e-04
	185	155	19.250000	34.750000	1.011812e+05	1.374820e-04
2022	2	17	7	9
	127	42	4.750000	63.000000	9.745870e+04	1.013431e-04
	200	55	23.000000	59.750000	9.610687e+04	2.486490e-04
	211	61	25.750000	58.250000	9.610687e+04	2.031498e-04
	0	111	-27.000000	45.750000	1.012537e+05	1.353616e-04
	8	120	-25.000000	43.500000	1.012185e+05	9.543847e-05
	278	120	42.500000	43.500000	1.016089e+05	-1.050752e-05
	187	158	19.750000	34.000000	1.012338e+05	1.300846e-04
2022	2	17	7	12
	132	41	6.000000	63.250000	9.756848e+04	9.552381e-05
	203	55	23.750000	59.750000	9.608720e+04	2.552677e-04
	6	109	-25.500000	46.250000	1.008734e+05	1.955633e-04
	16	115	-23.000000	44.750000	1.008734e+05	1.331083e-04
	273	119	41.250000	43.750000	1.013355e+05	-1.763377e-05
	197	145	22.250000	37.250000	1.011502e+05	1.298830e-05
	191	160	20.750000	33.500000	1.010891e+05	8.573994e-05
2022	2	17	4	15
	138	40	7.500000	63.500000	9.763580e+04	8.316495e-05
	220	50	28.000000	61.000000	9.609066e+04	1.713375e-04
	22	111	-21.500000	45.750000	1.001643e+05	1.573041e-04
	189	160	20.250000	33.500000	1.011292e+05	1.021208e-04
2022	2	17	3	18
	288	31	45.000000	65.750000	9.886196e+04	7.750106e-05
	222	46	28.500000	62.000000	9.605905e+04	1.531361e-04
	30	108	-19.500000	46.500000	9.972795e+04	2.048290e-04
2022	2	17	3	21
	288	28	45.000000	66.500000	9.868675e+04	1.117984e-04
	222	43	28.500000	62.750000	9.601249e+04	1.712515e-04
	37	103	-17.750000	47.750000	9.929055e+04	3.312916e-04
2022	2	18	3	0
	222	40	28.500000	63.500000	9.600778e+04	1.704153e-04
	62	96	-11.500000	49.500000	9.901421e+04	2.006193e-04
	44	100	-16.000000	48.500000	9.896152e+04	4.306333e-04
2022	2	18	2	3
	221	37	28.250000	64.250000	9.600762e+04	1.822720e-04
	52	99	-14.000000	48.750000	9.884545e+04	4.705598e-04
2022	2	18	4	6
	221	36	28.250000	64.500000	9.609931e+04	1.681085e-04
	73	91	-8.750000	50.750000	9.869131e+04	2.587614e-04
	62	98	-11.500000	49.000000	9.869131e+04	4.904644e-04
	152	111	11.000000	45.750000	1.014106e+05	7.620905e-05
2022	2	18	6	9
	222	35	28.500000	64.750000	9.619730e+04	1.435788e-04
	84	88	-6.000000	51.500000	9.879308e+04	2.680488e-04
	74	96	-8.500000	49.500000	9.879308e+04	4.531159e-04
	138	117	7.500000	44.250000	1.015727e+05	8.549229e-05
	256	162	37.000000	33.000000	1.011831e+05	1.419515e-06
	266	162	39.500000	33.000000	1.011831e+05	3.538027e-05
2022	2	18	7	12
	129	27	5.250000	66.750000	9.800761e+04	1.261807e-04
	150	28	10.500000	66.500000	9.798134e+04	4.494431e-05
	233	35	31.250000	64.750000	9.637786e+04	5.699253e-05
	60	52	-12.000000	60.500000	9.873048e+04	1.997090e-04
	112	82	1.000000	53.000000	9.892912e+04	2.129031e-04
	87	91	-5.250000	50.750000	9.888745e+04	3.583430e-04
	87	92	-5.250000	50.500000	9.888745e+04	3.698640e-04
2022	2	18	7	15
	127	28	4.750000	66.500000	9.798591e+04	9.492195e-05
	128	28	5.000000	66.500000	9.798591e+04	9.381928e-05
	150	28	10.500000	66.500000	9.798591e+04	6.087747e-05
	238	32	32.500000	65.500000	9.646405e+04	1.258320e-04
	61	54	-11.750000	60.000000	9.870122e+04	2.493181e-04
	118	79	2.500000	53.750000	9.860764e+04	2.396098e-04
	107	84	-0.250000	52.500000	9.860764e+04	2.005303e-04
2022	2	18	7	18
	150	27	10.500000	66.750000	9.791388e+04	7.980772e-05
	127	29	4.750000	66.250000	9.791388e+04	7.465464e-05
	240	30	33.000000	66.000000	9.649032e+04	1.009095e-04
	65	57	-10.750000	59.250000	9.881824e+04	2.707152e-04
	129	76	5.250000	54.500000	9.829512e+04	2.209723e-04
	280	119	43.000000	43.750000	1.004316e+05	1.577138e-05
	272	156	41.000000	34.500000	1.012486e+05	9.548033e-05
2022	2	18	12	21
	288	16	45.000000	69.500000	9.746923e+04	1.064179e-05
	254	19	36.500000	68.750000	9.654096e+04	1.540931e-04
	148	27	10.000000	66.750000	9.786684e+04	7.261063e-05
	241	29	33.250000	66.250000	9.654096e+04	1.002937e-04
	242	29	33.500000	66.250000	9.654096e+04	9.934215e-05
	243	29	33.750000	66.250000	9.654096e+04	9.823279e-05
	122	30	3.500000	66.000000	9.786684e+04	1.649436e-04
	0	55	-27.000000	59.750000	9.821695e+04	9.282000e-05
	141	74	8.250000	55.000000	9.804095e+04	2.207637e-04
	126	122	4.500000	43.000000	1.013901e+05	1.451161e-04
	108	137	0.000000	39.250000	1.013978e+05	8.012786e-05
	271	153	40.750000	35.250000	1.013203e+05	1.103620e-04
2022	2	19	8	0
	253	17	36.250000	69.250000	9.661095e+04	2.557460e-04
	145	27	9.250000	66.750000	9.785379e+04	8.487462e-05
	244	28	34.000000	66.500000	9.661095e+04	9.762114e-05
	122	32	3.500000	65.500000	9.785379e+04	1.727889e-04
	0	52	-27.000000	60.500000	9.780787e+04	9.455766e-05
	157	71	12.250000	55.750000	9.780739e+04	2.065016e-04
	105	137	-0.750000	39.250000	1.014153e+05	6.158641e-05
	273	154	41.250000	35.000000	1.012964e+05	1.168791e-04
2022	2	19	7	3
	249	18	35.250000	69.000000	9.647112e+04	3.185087e-04
	124	34	4.000000	65.000000	9.786448e+04	1.583568e-04
	8	51	-25.000000	60.750000	9.775927e+04	2.621727e-04
	174	69	16.500000	56.250000	9.763690e+04	2.109694e-04
	136	117	7.000000	44.250000	1.013407e+05	1.313781e-04
	110	137	0.500000	39.250000	1.013610e+05	9.165343e-05
	121	141	3.250000	38.250000	1.013610e+05	-1.844239e-05
2022	2	19	5	6
	248	19	35.000000	68.750000	9.645839e+04	2.238473e-04
	143	36	8.750000	64.500000	9.791670e+04	1.200452e-04
	16	49	-23.000000	61.250000	9.772780e+04	2.486634e-04
	186	68	19.500000	56.500000	9.749818e+04	1.816321e-04
	136	117	7.000000	44.250000	1.013480e+05	1.204720e-04
2022	2	19	8	9
	253	21	36.250000	68.250000	9.659695e+04	1.369473e-04
	255	21	36.750000	68.250000	9.659695e+04	1.589847e-04
	147	35	9.750000	64.750000	9.803089e+04	1.658717e-04
	16	47	-23.000000	61.750000	9.778238e+04	2.338476e-04
	199	68	22.750000	56.500000	9.753199e+04	1.923883e-04
	136	117	7.000000	44.250000	1.014670e+05	1.020242e-04
	285	138	44.250000	39.000000	1.014607e+05	2.085856e-05
	278	151	42.500000	35.750000	1.014722e+05	1.049079e-04
2022	2	19	10	12
	265	18	39.250000	69.000000	9.669934e+04	2.332579e-04
	129	29	5.250000	66.250000	9.824291e+04	9.912701e-05
	149	34	10.250000	65.000000	9.824291e+04	1.815544e-04
	10	43	-24.500000	62.750000	9.779434e+04	2.338819e-04
	218	67	27.500000	56.750000	9.748890e+04	2.134699e-04
	136	118	7.000000	44.000000	1.015118e+05	1.078017e-04
	286	141	44.500000	38.250000	1.013082e+05	1.918751e-06
	269	146	40.250000	37.000000	1.013604e+05	7.368652e-05
	279	149	42.750000	36.250000	1.013082e+05	7.106001e-05
	287	162	44.750000	33.000000	1.013379e+05	-2.241188e-05
2022	2	19	8	15
	269	17	40.250000	69.250000	9.671177e+04	2.383915e-04
	127	31	4.750000	65.750000	9.841874e+04	9.492451e-05
	151	34	10.750000	65.000000	9.841874e+04	1.552411e-04
	3	40	-26.250000	63.500000	9.754300e+04	2.074939e-04
	229	66	30.250000	57.000000	9.750888e+04	2.034731e-04
	135	119	6.750000	43.750000	1.014319e+05	1.031504e-04
	146	127	9.500000	41.750000	1.014319e+05	2.420587e-05
	281	151	43.250000	35.750000	1.013281e+05	7.449604e-05
2022	2	19	5	18
	273	16	41.250000	69.500000	9.673002e+04	2.053826e-04
	146	31	9.500000	65.750000	9.860890e+04	4.509922e-05
	0	58	-27.000000	59.000000	9.645760e+04	1.266139e-04
	245	64	34.250000	57.500000	9.756738e+04	1.972914e-04
	147	127	9.750000	41.750000	1.016271e+05	9.944289e-06
2022	2	19	6	21
	275	15	41.750000	69.750000	9.674023e+04	2.211842e-04
	145	32	9.250000	65.500000	9.873692e+04	8.077210e-05
	6	54	-25.500000	60.000000	9.599284e+04	3.176448e-04
	258	63	37.500000	57.750000	9.757698e+04	1.735705e-04
	259	63	37.750000	57.750000	9.757698e+04	1.727491e-04
	251	158	35.750000	34.000000	1.020664e+05	4.228120e-05
2022	2	20	4	0
	278	15	42.500000	69.750000	9.679859e+04	2.630341e-04
	16	51	-23.000000	60.750000	9.566333e+04	3.212027e-04
	268	61	40.000000	58.250000	9.758940e+04	2.007844e-04
	157	135	12.250000	39.750000	1.018278e+05	4.938521e-05
