2022	2	14	6	0
	4	6	-26.000000	72.000000	9.975670e+04	-2.783810e-05
	222	9	28.500000	71.250000	9.837799e+04	1.397577e-04
	191	12	20.750000	70.500000	9.837799e+04	1.594879e-04
	1	17	-26.750000	69.250000	9.975670e+04	1.831387e-05
	219	23	27.750000	67.750000	9.843545e+04	1.311004e-04
	106	71	-0.500000	55.750000	9.845080e+04	7.862051e-05
2022	2	14	3	3
	213	9	26.250000	71.250000	9.807752e+04	2.289570e-04
	196	17	22.000000	69.250000	9.807752e+04	3.233062e-05
	111	70	0.750000	56.000000	9.842959e+04	7.069352e-05
2022	2	14	3	6
	217	8	27.250000	71.500000	9.797565e+04	2.755937e-04
	113	70	1.250000	56.000000	9.842475e+04	7.576145e-05
	114	70	1.500000	56.000000	9.842475e+04	6.432481e-05
2022	2	14	4	9
	66	3	-10.500000	72.750000	1.001707e+05	8.441622e-05
	217	9	27.250000	71.250000	9.805164e+04	3.017668e-04
	0	53	-27.000000	60.250000	9.802642e+04	1.057232e-04
	117	69	2.250000	56.250000	9.851461e+04	7.068567e-05
2022	2	14	7	12
	233	5	31.250000	72.250000	9.806316e+04	1.528414e-04
	234	5	31.500000	72.250000	9.806316e+04	1.501464e-04
	7	6	-25.250000	72.000000	9.998769e+04	3.378830e-05
	233	14	31.250000	70.000000	9.806316e+04	2.413706e-04
	0	48	-27.000000	61.500000	9.760604e+04	1.237997e-04
	129	63	5.250000	57.750000	9.845532e+04	7.853938e-05
	114	71	1.500000	55.750000	9.845532e+04	1.367563e-04
2022	2	14	5	15
	233	5	31.250000	72.250000	9.813882e+04	1.106842e-04
	242	13	33.500000	70.250000	9.813882e+04	2.057241e-04
	0	45	-27.000000	62.250000	9.724128e+04	1.463157e-04
	130	62	5.500000	58.000000	9.840087e+04	1.155858e-04
	151	104	10.750000	47.500000	1.006674e+05	-4.472273e-05
2022	2	14	6	18
	288	12	45.000000	70.500000	9.914075e+04	9.683062e-05
	252	13	36.000000	70.250000	9.810692e+04	1.956791e-04
	0	41	-27.000000	63.250000	9.703652e+04	1.197440e-04
	128	54	5.000000	60.000000	9.842809e+04	6.153609e-05
	146	59	9.500000	58.750000	9.842809e+04	2.329473e-04
	131	62	5.750000	58.000000	9.842809e+04	1.780051e-04
2022	2	14	8	21
	248	4	35.000000	72.500000	9.811327e+04	1.166206e-04
	259	12	37.750000	70.500000	9.811327e+04	1.821381e-04
	0	38	-27.000000	64.000000	9.697071e+04	1.634482e-04
	27	39	-20.250000	63.750000	9.697071e+04	-4.085937e-05
	126	53	4.500000	60.250000	9.843962e+04	7.906034e-05
	150	55	10.500000	59.750000	9.843962e+04	3.041695e-04
	133	61	6.250000	58.250000	9.843962e+04	2.150417e-04
	138	121	7.500000	43.250000	1.010798e+05	1.228515e-04
2022	2	15	8	0
	243	5	33.750000	72.250000	9.815001e+04	8.743374e-05
	6	7	-25.500000	71.750000	9.965132e+04	4.940066e-05
	264	12	39.000000	70.500000	9.815001e+04	2.035190e-04
	0	37	-27.000000	64.250000	9.733530e+04	1.255415e-04
	126	53	4.500000	60.250000	9.847602e+04	8.244427e-05
	151	53	10.750000	60.250000	9.847602e+04	2.504920e-04
	136	61	7.000000	58.250000	9.847602e+04	2.386440e-04
	151	116	10.750000	44.500000	1.010389e+05	6.949982e-05
2022	2	15	9	3
	267	10	39.750000	71.000000	9.823218e+04	2.097494e-04
	22	35	-21.500000	64.750000	9.722925e+04	3.132612e-05
	3	36	-26.250000	64.500000	9.722925e+04	1.771866e-04
	35	46	-18.250000	62.000000	9.754007e+04	2.184583e-04
	152	51	11.000000	60.750000	9.844145e+04	2.011464e-04
	126	53	4.500000	60.250000	9.844145e+04	7.201841e-05
	141	60	8.250000	58.500000	9.844145e+04	2.192343e-04
	171	103	15.750000	47.750000	1.009793e+05	6.400255e-05
	152	116	11.000000	44.500000	1.009338e+05	1.251784e-04
2022	2	15	8	6
	270	10	40.500000	71.000000	9.829899e+04	2.045246e-04
	24	40	-21.000000	63.500000	9.735067e+04	1.602263e-04
	127	48	4.750000	61.500000	9.856622e+04	1.293967e-04
	153	50	11.250000	61.000000	9.844997e+04	1.721068e-04
	146	59	9.500000	58.750000	9.844997e+04	1.956039e-04
	0	89	-27.000000	51.250000	9.927587e+04	1.245988e-04
	171	103	15.750000	47.750000	1.010389e+05	4.270649e-05
	156	115	12.000000	44.750000	1.010001e+05	9.584631e-05
2022	2	15	7	9
	273	10	41.250000	71.000000	9.846567e+04	2.040760e-04
	0	32	-27.000000	65.500000	9.753873e+04	4.298432e-05
	24	35	-21.000000	64.750000	9.753873e+04	1.185095e-04
	126	48	4.500000	61.500000	9.854818e+04	1.577030e-04
	58	49	-12.500000	61.250000	9.784988e+04	2.476937e-04
	153	57	11.250000	59.250000	9.855520e+04	1.489400e-04
	157	112	12.250000	45.500000	1.010335e+05	9.487766e-05
2022	2	15	9	12
	274	9	41.500000	71.250000	9.860362e+04	2.003966e-04
	275	9	41.750000	71.250000	9.860362e+04	1.978344e-04
	0	35	-27.000000	64.750000	9.762291e+04	-2.383972e-05
	53	45	-13.750000	62.250000	9.791686e+04	2.605442e-04
	55	46	-13.250000	62.000000	9.791686e+04	2.646989e-04
	126	48	4.500000	61.500000	9.855686e+04	1.789432e-04
	156	48	12.000000	61.500000	9.857373e+04	9.190416e-05
	8	81	-25.000000	53.250000	9.854183e+04	2.433049e-04
	160	111	13.000000	45.750000	1.010307e+05	9.616026e-05
2022	2	15	4	15
	277	9	42.250000	71.250000	9.870634e+04	2.033423e-04
	0	40	-27.000000	63.500000	9.764212e+04	7.770717e-06
	48	42	-15.000000	63.000000	9.792203e+04	2.430213e-04
	20	79	-22.000000	53.750000	9.841490e+04	2.440244e-04
2022	2	15	3	18
	281	9	43.250000	71.250000	9.881573e+04	2.227355e-04
	44	39	-16.000000	63.750000	9.784521e+04	2.415630e-04
	34	77	-18.500000	54.250000	9.841022e+04	2.541820e-04
2022	2	15	5	21
	285	9	44.250000	71.250000	9.890509e+04	1.961642e-04
	37	35	-17.750000	64.750000	9.797848e+04	2.123475e-04
	188	43	20.000000	62.750000	9.872872e+04	9.426969e-05
	120	60	3.000000	58.500000	9.848538e+04	1.186192e-04
	47	76	-15.250000	54.500000	9.856805e+04	2.093716e-04
2022	2	16	3	0
	192	42	21.000000	63.000000	9.875795e+04	7.604357e-05
	136	62	7.000000	58.000000	9.844095e+04	1.376809e-04
	61	76	-11.750000	54.500000	9.872104e+04	1.882158e-04
2022	2	16	4	3
	283	8	43.750000	71.500000	9.897023e+04	2.028072e-04
	200	38	23.000000	64.000000	9.877933e+04	1.050719e-04
	142	61	8.500000	58.250000	9.839536e+04	1.358516e-04
	279	121	42.750000	43.250000	1.020151e+05	2.250242e-06
2022	2	16	7	6
	285	9	44.250000	71.250000	9.899511e+04	1.580696e-04
	209	36	25.250000	64.500000	9.885866e+04	1.253513e-04
	133	38	6.250000	64.000000	9.845866e+04	1.648555e-04
	149	59	10.250000	58.750000	9.834108e+04	1.221600e-04
	8	66	-25.000000	57.000000	9.667342e+04	3.719215e-04
	138	117	7.500000	44.250000	1.008804e+05	1.212772e-04
	279	121	42.750000	43.250000	1.020221e+05	-1.935846e-06
2022	2	16	6	9
	285	7	44.250000	71.750000	9.902702e+04	1.794248e-04
	214	35	26.500000	64.750000	9.897106e+04	1.327288e-04
	130	38	5.500000	64.000000	9.845682e+04	1.592657e-04
	151	59	10.750000	58.750000	9.835978e+04	1.417774e-04
	15	66	-23.250000	57.000000	9.640119e+04	4.845671e-04
	138	117	7.500000	44.250000	1.008881e+05	1.463773e-04
2022	2	16	6	12
	283	7	43.750000	71.750000	9.908346e+04	1.903808e-04
	130	39	5.500000	63.750000	9.842509e+04	1.571427e-04
	28	58	-20.000000	59.000000	9.638682e+04	2.519814e-04
	154	58	11.500000	59.000000	9.834642e+04	1.103896e-04
	53	65	-13.750000	57.250000	9.655902e+04	2.201777e-04
	137	118	7.250000	44.000000	1.008634e+05	1.439864e-04
2022	2	16	6	15
	285	8	44.250000	71.500000	9.908914e+04	1.836717e-04
	131	39	5.750000	63.750000	9.834225e+04	1.574072e-04
	30	56	-19.500000	59.500000	9.644511e+04	3.789896e-04
	158	57	12.500000	59.250000	9.835210e+04	6.678427e-05
	59	60	-12.250000	58.500000	9.653162e+04	2.730210e-04
	42	64	-16.500000	57.500000	9.644511e+04	2.435000e-04
2022	2	16	6	18
	285	7	44.250000	71.750000	9.910668e+04	1.714482e-04
	130	39	5.500000	63.750000	9.819711e+04	1.425900e-04
	172	56	16.000000	59.500000	9.825723e+04	6.392075e-05
	36	58	-18.000000	59.000000	9.642557e+04	3.223368e-04
	56	58	-13.000000	59.000000	9.642557e+04	2.709334e-04
	150	109	10.500000	46.250000	1.001547e+05	1.106932e-05
2022	2	16	8	21
	283	8	43.750000	71.500000	9.916680e+04	1.772567e-04
	177	55	17.250000	59.750000	9.814366e+04	1.105015e-04
	52	58	-14.000000	59.000000	9.667576e+04	3.523785e-04
	84	61	-6.000000	58.250000	9.689906e+04	1.949057e-04
	69	63	-9.750000	57.750000	9.667576e+04	2.616026e-04
	118	75	2.500000	54.750000	9.734884e+04	3.186868e-04
	150	109	10.500000	46.250000	1.002065e+05	1.188860e-05
	138	117	7.500000	44.250000	1.005828e+05	7.523069e-05
2022	2	17	7	0
	282	8	43.500000	71.500000	9.923311e+04	1.921312e-04
	283	8	43.750000	71.500000	9.923311e+04	1.887054e-04
	0	30	-27.000000	66.000000	9.872705e+04	8.231545e-05
	53	58	-13.750000	59.000000	9.713706e+04	3.476140e-04
	85	60	-5.750000	58.500000	9.708662e+04	2.098715e-04
	132	74	6.000000	55.000000	9.677647e+04	3.557455e-04
	138	117	7.500000	44.250000	1.006090e+05	1.008332e-04
2022	2	17	6	3
	287	8	44.750000	71.500000	9.928071e+04	1.261708e-04
	57	59	-12.750000	58.750000	9.753289e+04	3.198832e-04
	100	60	-2.000000	58.500000	9.734098e+04	1.658491e-04
	142	74	8.500000	55.000000	9.653647e+04	4.101203e-04
	280	121	43.000000	43.250000	1.013258e+05	-7.401992e-06
	210	137	25.500000	39.250000	1.005773e+05	1.027770e-04
2022	2	17	6	6
	286	7	44.500000	71.750000	9.932112e+04	1.299424e-04
	65	61	-10.750000	58.250000	9.784304e+04	2.980589e-04
	113	63	1.250000	57.750000	9.751769e+04	1.402398e-04
	154	75	11.500000	54.750000	9.682323e+04	3.792029e-04
	0	113	-27.000000	45.250000	1.007496e+05	1.190314e-04
	281	121	43.250000	43.250000	1.012138e+05	-7.788718e-06
2022	2	17	6	9
	73	62	-8.750000	58.000000	9.806584e+04	3.003063e-04
	124	66	4.000000	57.000000	9.777723e+04	1.615708e-04
	164	76	14.000000	54.500000	9.705405e+04	2.867470e-04
	14	108	-23.500000	46.500000	1.001034e+05	1.458035e-04
	0	111	-27.000000	45.750000	1.001034e+05	9.675595e-05
	281	121	43.250000	43.250000	1.010344e+05	4.008893e-06
2022	2	17	5	12
	83	63	-6.250000	57.750000	9.835912e+04	2.919339e-04
	21	71	-21.750000	55.750000	9.966301e+04	1.468440e-04
	175	76	16.750000	54.500000	9.725163e+04	2.629551e-04
	27	103	-20.250000	47.750000	9.992589e+04	1.548872e-04
	4	107	-26.000000	46.750000	9.956363e+04	2.614243e-04
2022	2	17	3	15
	24	68	-21.000000	56.500000	9.937658e+04	1.760074e-04
	186	76	19.500000	54.500000	9.736604e+04	1.733170e-04
	12	103	-24.000000	47.750000	9.938092e+04	2.811989e-04
2022	2	17	7	18
	206	40	24.500000	63.500000	9.810525e+04	4.249223e-05
	205	41	24.250000	63.250000	9.810525e+04	3.565206e-05
	37	49	-17.750000	61.250000	9.904855e+04	2.133634e-04
	58	53	-12.500000	60.250000	9.904855e+04	1.509606e-04
	27	66	-20.250000	57.000000	9.916180e+04	2.562948e-04
	192	76	21.000000	54.500000	9.744955e+04	1.685558e-04
	19	100	-22.250000	48.500000	9.927988e+04	3.284621e-04
2022	2	17	6	21
	210	37	25.500000	64.250000	9.820680e+04	4.937088e-05
	37	49	-17.750000	61.250000	9.882476e+04	2.331493e-04
	62	54	-11.500000	60.000000	9.888822e+04	1.242437e-04
	31	65	-19.250000	57.250000	9.903119e+04	2.782285e-04
	197	75	22.250000	54.750000	9.759652e+04	1.279901e-04
	28	98	-20.000000	49.000000	9.922777e+04	3.829502e-04
2022	2	18	7	0
	160	25	13.000000	67.250000	9.875177e+04	6.163416e-05
	212	33	26.000000	65.250000	9.834977e+04	1.775284e-05
	35	48	-18.250000	61.500000	9.845682e+04	3.204746e-04
	36	62	-18.000000	58.000000	9.878868e+04	2.550018e-04
	202	76	23.500000	54.500000	9.781180e+04	1.344760e-04
	47	88	-15.250000	51.500000	9.897758e+04	1.983571e-04
	37	96	-17.750000	49.500000	9.897758e+04	4.220506e-04
2022	2	18	7	3
	151	22	10.750000	68.000000	9.872305e+04	8.392037e-05
	214	31	26.500000	65.750000	9.842592e+04	2.033772e-05
	32	48	-19.000000	61.500000	9.803845e+04	4.178353e-04
	39	61	-17.250000	58.250000	9.833623e+04	3.460444e-04
	207	77	24.750000	54.250000	9.804847e+04	1.371748e-04
	58	83	-12.500000	52.750000	9.854884e+04	2.169464e-04
	48	93	-15.000000	50.250000	9.854884e+04	4.554626e-04
2022	2	18	6	6
	149	22	10.250000	68.000000	9.869315e+04	9.248417e-05
	30	46	-19.500000	62.000000	9.780762e+04	4.985688e-04
	42	61	-16.500000	58.250000	9.808788e+04	4.494167e-04
	218	67	27.500000	56.750000	9.838334e+04	5.709304e-05
	219	67	27.750000	56.750000	9.838334e+04	4.732881e-05
	67	80	-10.250000	53.500000	9.810826e+04	2.540833e-04
2022	2	18	5	9
	147	24	9.750000	67.500000	9.870166e+04	8.923591e-05
	25	46	-20.750000	62.000000	9.781298e+04	3.858579e-04
	47	61	-15.250000	58.250000	9.810459e+04	4.024743e-04
	223	63	28.750000	57.750000	9.854784e+04	6.039740e-05
	76	78	-8.000000	54.000000	9.782901e+04	2.988410e-04
2022	2	18	7	12
	271	15	40.750000	69.750000	9.870668e+04	-1.767215e-06
	146	26	9.500000	67.000000	9.869648e+04	1.051210e-04
	22	45	-21.500000	62.250000	9.776137e+04	3.857373e-04
	226	59	29.500000	58.750000	9.869298e+04	9.558164e-05
	54	62	-13.500000	58.000000	9.820730e+04	2.652399e-04
	87	75	-5.250000	54.750000	9.746541e+04	3.204336e-04
	245	128	34.250000	41.500000	1.000535e+05	-2.601764e-05
2022	2	18	8	15
	287	13	44.750000	70.250000	9.871770e+04	7.413809e-05
	146	27	9.500000	66.750000	9.858709e+04	9.330546e-05
	17	43	-22.750000	62.750000	9.751752e+04	4.134023e-04
	232	54	31.000000	60.000000	9.875895e+04	1.063663e-04
	61	63	-11.750000	57.750000	9.836496e+04	2.239180e-04
	102	71	-1.500000	55.750000	9.691609e+04	3.383930e-04
	225	142	29.250000	38.000000	9.993892e+04	6.536152e-05
	277	162	42.250000	33.000000	1.003112e+05	1.117154e-04
2022	2	18	7	18
	264	12	39.000000	70.500000	9.877916e+04	6.778663e-05
	152	28	11.000000	66.500000	9.848755e+04	2.078796e-04
	11	41	-24.250000	63.250000	9.733998e+04	4.289845e-04
	234	52	31.500000	60.500000	9.873808e+04	1.271239e-04
	120	68	3.000000	56.500000	9.663935e+04	2.966408e-04
	223	148	28.750000	36.500000	9.995780e+04	1.886140e-04
	280	161	43.000000	33.250000	1.004702e+05	1.408490e-04
2022	2	18	9	21
	264	12	39.000000	70.500000	9.888638e+04	6.872714e-05
	152	27	11.000000	66.750000	9.839285e+04	1.942962e-04
	2	40	-26.500000	63.500000	9.734316e+04	3.112003e-04
	239	47	32.750000	61.750000	9.866459e+04	1.389733e-04
	1	51	-26.750000	60.750000	9.734316e+04	1.006302e-05
	65	55	-10.750000	59.750000	9.844863e+04	2.006728e-04
	134	67	6.500000	56.750000	9.656269e+04	2.921898e-04
	228	150	30.000000	36.000000	9.984038e+04	1.545998e-04
	282	159	43.500000	33.750000	1.004968e+05	1.630231e-04
2022	2	19	10	0
	152	26	11.000000	67.000000	9.830701e+04	1.297330e-04
	0	39	-27.000000	63.750000	9.766884e+04	1.221968e-04
	36	44	-18.000000	62.500000	9.822701e+04	1.497328e-04
	241	44	33.250000	62.500000	9.855903e+04	1.231348e-04
	63	53	-11.250000	60.250000	9.821949e+04	2.038060e-04
	30	56	-19.500000	59.500000	9.817089e+04	1.777035e-04
	143	66	8.750000	57.000000	9.662599e+04	3.144908e-04
	107	133	-0.250000	40.250000	1.012946e+05	5.391682e-05
	224	149	29.000000	36.250000	9.979512e+04	1.546528e-04
	282	158	43.500000	34.000000	1.005472e+05	1.259658e-04
2022	2	19	7	3
	153	26	11.250000	67.000000	9.828346e+04	1.255285e-04
	244	41	34.000000	63.250000	9.842776e+04	1.228846e-04
	59	50	-12.250000	61.000000	9.791068e+04	1.852317e-04
	35	56	-18.250000	59.500000	9.803945e+04	1.308403e-04
	153	65	11.250000	57.250000	9.672136e+04	2.771509e-04
	236	157	32.000000	34.250000	9.980781e+04	1.774701e-04
	286	157	44.500000	34.250000	1.007959e+05	1.178661e-04
2022	2	19	9	6
	153	26	11.250000	67.000000	9.824371e+04	1.183873e-04
	126	32	4.500000	65.500000	9.826275e+04	1.075418e-04
	249	36	35.250000	64.500000	9.832020e+04	1.181425e-04
	52	50	-14.000000	61.000000	9.769038e+04	2.531792e-04
	53	50	-13.750000	61.000000	9.769038e+04	2.501006e-04
	176	62	17.000000	58.000000	9.697205e+04	2.490024e-04
	158	66	12.500000	57.000000	9.697205e+04	2.933824e-04
	225	149	29.250000	36.250000	9.992505e+04	-5.521401e-06
	236	155	32.000000	34.750000	9.992505e+04	2.190310e-04
2022	2	19	10	9
	153	26	11.250000	67.000000	9.830968e+04	1.171660e-04
	154	26	11.500000	67.000000	9.830968e+04	1.179053e-04
	250	33	35.500000	65.250000	9.826058e+04	1.127927e-04
	48	50	-15.000000	61.000000	9.773598e+04	3.232516e-04
	65	57	-10.750000	59.250000	9.773598e+04	1.219679e-04
	178	62	17.500000	58.000000	9.718700e+04	1.831204e-04
	136	116	7.000000	44.500000	1.012119e+05	8.573928e-05
	235	147	31.750000	36.750000	1.002142e+05	-9.446574e-05
	41	156	-16.750000	34.500000	1.018335e+05	1.328193e-04
	230	156	30.500000	34.500000	1.002142e+05	2.203565e-04
2022	2	19	11	12
	155	27	11.750000	66.750000	9.837816e+04	1.329022e-04
	251	31	35.750000	65.750000	9.817773e+04	1.305403e-04
	231	32	30.750000	65.500000	9.817773e+04	-2.273239e-05
	45	51	-15.750000	60.750000	9.813698e+04	2.804474e-04
	68	57	-10.000000	59.250000	9.823419e+04	1.004706e-04
	69	57	-9.750000	59.250000	9.828095e+04	9.525250e-05
	189	64	20.250000	57.500000	9.751117e+04	1.026604e-04
	136	116	7.000000	44.500000	1.012734e+05	9.396731e-05
	244	142	34.000000	38.000000	1.008231e+05	5.499332e-05
	38	162	-17.500000	33.000000	1.018922e+05	6.443991e-05
	229	162	30.250000	33.000000	1.004456e+05	1.015548e-04
2022	2	19	7	15
	157	27	12.250000	66.750000	9.842793e+04	1.554207e-04
	252	29	36.000000	66.250000	9.816755e+04	1.464906e-04
	43	50	-16.250000	61.000000	9.836880e+04	2.133457e-04
	195	63	21.750000	57.750000	9.794826e+04	9.081700e-05
	135	115	6.750000	44.750000	1.012004e+05	6.630597e-05
	36	162	-18.000000	33.000000	1.016876e+05	9.601753e-05
	231	162	30.750000	33.000000	1.007630e+05	2.026345e-05
2022	2	19	7	18
	255	27	36.750000	66.750000	9.814233e+04	1.311676e-04
	157	28	12.250000	66.500000	9.849323e+04	1.543611e-04
	0	61	-27.000000	58.250000	9.670883e+04	1.153336e-04
	216	63	27.000000	57.750000	9.822984e+04	1.409847e-04
	217	63	27.250000	57.750000	9.822984e+04	1.362603e-04
	39	162	-17.250000	33.000000	1.017559e+05	3.936249e-05
	235	162	31.750000	33.000000	1.011855e+05	2.859866e-05
2022	2	19	6	21
	257	25	37.250000	67.250000	9.813180e+04	1.029447e-04
	158	29	12.500000	66.250000	9.865089e+04	1.375648e-04
	0	57	-27.000000	59.250000	9.588527e+04	1.558241e-04
	226	62	29.500000	58.000000	9.846250e+04	9.286137e-05
	136	65	7.000000	57.250000	9.904021e+04	1.794882e-04
	147	135	9.750000	39.750000	1.015099e+05	7.551922e-05
2022	2	20	4	0
	262	19	38.500000	68.750000	9.806016e+04	8.900784e-05
	0	54	-27.000000	60.000000	9.544519e+04	1.279943e-04
	241	60	33.250000	58.500000	9.861749e+04	5.779898e-05
	143	66	8.750000	57.000000	9.910066e+04	1.837077e-04
