2022	2	16	7	0
	288	11	45.000000	70.750000	9.876193e+04	8.579877e-05
	55	39	-13.250000	63.750000	9.716993e+04	3.873307e-04
	184	43	19.000000	62.750000	9.898858e+04	1.466950e-04
	119	55	2.750000	59.750000	9.795320e+04	2.686716e-04
	65	68	-10.750000	56.500000	9.727735e+04	3.250536e-04
	280	121	43.000000	43.250000	1.020965e+05	1.155846e-05
	171	122	15.750000	43.000000	1.014360e+05	1.637886e-05
2022	2	16	5	3
	49	38	-14.750000	64.000000	9.705197e+04	3.879422e-04
	124	55	4.000000	59.750000	9.794140e+04	2.462916e-04
	76	67	-8.000000	56.750000	9.726383e+04	2.728362e-04
	280	121	43.000000	43.250000	1.021900e+05	2.352089e-05
	173	123	16.250000	42.750000	1.013928e+05	4.546844e-05
2022	2	16	4	6
	118	34	2.500000	65.000000	9.792095e+04	1.822779e-04
	44	37	-16.000000	64.250000	9.749094e+04	2.929431e-04
	99	68	-2.250000	56.500000	9.749708e+04	2.388699e-04
	279	121	42.750000	43.250000	1.023033e+05	2.924639e-06
2022	2	16	5	9
	35	34	-18.250000	65.000000	9.760497e+04	2.090160e-04
	112	34	1.000000	65.000000	9.776948e+04	1.978110e-04
	51	66	-14.250000	57.000000	9.735049e+04	1.812645e-04
	111	67	0.750000	56.750000	9.757178e+04	2.259769e-04
	202	125	23.500000	42.250000	1.016375e+05	-9.652352e-05
2022	2	16	6	12
	108	35	0.000000	64.750000	9.757226e+04	1.692379e-04
	68	57	-10.000000	59.250000	9.709066e+04	2.113709e-05
	58	65	-12.500000	57.250000	9.709066e+04	2.138213e-04
	118	66	2.500000	57.000000	9.746263e+04	1.923580e-04
	279	120	42.750000	43.500000	1.020608e+05	-5.250645e-06
	183	137	18.750000	39.250000	1.011803e+05	1.705674e-04
2022	2	16	3	15
	104	35	-1.000000	64.750000	9.736968e+04	1.488285e-04
	76	65	-8.000000	57.250000	9.687974e+04	2.088206e-04
	184	135	19.000000	39.750000	1.010056e+05	1.542708e-04
2022	2	16	5	18
	288	10	45.000000	71.000000	9.890884e+04	1.215396e-04
	0	32	-27.000000	65.500000	9.801484e+04	4.776739e-05
	86	64	-5.500000	57.500000	9.694769e+04	2.614174e-04
	278	120	42.500000	43.500000	1.022496e+05	-5.177140e-05
	185	133	19.250000	40.250000	1.011095e+05	1.061123e-04
2022	2	16	4	21
	288	10	45.000000	71.000000	9.891607e+04	1.106072e-04
	137	117	7.250000	44.250000	1.011454e+05	6.663992e-05
	278	120	42.500000	43.500000	1.021877e+05	-5.940673e-05
	184	133	19.000000	40.250000	1.012007e+05	9.964452e-05
2022	2	17	3	0
	288	11	45.000000	70.750000	9.900147e+04	1.167417e-04
	163	64	13.750000	57.500000	9.679560e+04	1.616521e-04
	137	117	7.250000	44.250000	1.010718e+05	9.183778e-05
2022	2	17	7	3
	288	12	45.000000	70.500000	9.908310e+04	9.944328e-05
	197	59	22.250000	58.750000	9.656440e+04	1.912059e-04
	174	64	16.500000	57.500000	9.655653e+04	1.089756e-04
	184	71	19.000000	55.750000	9.655653e+04	1.671143e-04
	0	114	-27.000000	45.000000	1.012327e+05	1.095153e-04
	137	117	7.250000	44.250000	1.008959e+05	1.185166e-04
	279	121	42.750000	43.250000	1.018409e+05	-3.120096e-05
2022	2	17	5	6
	201	55	23.250000	59.750000	9.635695e+04	1.862031e-04
	196	68	22.000000	56.500000	9.640350e+04	1.947134e-04
	0	111	-27.000000	45.750000	9.993179e+04	2.085501e-04
	137	117	7.250000	44.250000	1.008572e+05	1.169623e-04
	279	121	42.750000	43.250000	1.017666e+05	-2.227448e-05
2022	2	17	5	9
	204	53	24.000000	60.250000	9.621870e+04	1.532851e-04
	208	63	25.000000	57.750000	9.621870e+04	2.141397e-04
	10	106	-24.500000	47.000000	9.947238e+04	2.709628e-04
	1	112	-26.750000	45.500000	9.947238e+04	2.003838e-04
	278	120	42.500000	43.500000	1.017001e+05	-1.328239e-05
2022	2	17	2	12
	216	59	27.000000	58.750000	9.605999e+04	2.415776e-04
	17	100	-22.750000	48.500000	9.905699e+04	3.525173e-04
2022	2	17	2	15
	221	53	28.250000	60.250000	9.598293e+04	1.973411e-04
	22	95	-21.500000	49.750000	9.822010e+04	4.952397e-04
2022	2	17	2	18
	223	50	28.750000	61.000000	9.601140e+04	1.702017e-04
	29	93	-19.750000	50.250000	9.735883e+04	5.756243e-04
2022	2	17	2	21
	226	47	29.500000	61.750000	9.605701e+04	1.803254e-04
	40	90	-17.000000	51.000000	9.695555e+04	6.960356e-04
2022	2	18	3	0
	226	43	29.500000	62.750000	9.610136e+04	1.306311e-04
	48	53	-15.000000	60.250000	9.896891e+04	9.248999e-05
	52	85	-14.000000	52.250000	9.666238e+04	6.474585e-04
2022	2	18	3	3
	226	40	29.500000	63.500000	9.613345e+04	1.102128e-04
	47	51	-15.250000	60.750000	9.866316e+04	1.002205e-04
	64	80	-11.000000	53.500000	9.627688e+04	5.307046e-04
2022	2	18	5	6
	142	21	8.500000	68.250000	9.808783e+04	5.283067e-05
	228	38	30.000000	64.000000	9.617104e+04	1.480837e-04
	76	76	-8.000000	54.500000	9.617811e+04	4.042671e-04
	141	107	8.250000	46.750000	1.013481e+05	-8.384286e-05
	134	119	6.500000	43.750000	1.015258e+05	5.464192e-05
2022	2	18	5	9
	121	21	3.250000	68.250000	9.799849e+04	1.048938e-04
	231	35	30.750000	64.750000	9.620674e+04	1.704561e-04
	44	51	-16.000000	60.750000	9.823740e+04	1.825347e-04
	91	73	-4.250000	55.250000	9.616018e+04	2.929740e-04
	255	158	36.750000	34.000000	1.010098e+05	5.673834e-06
2022	2	18	6	12
	112	22	1.000000	68.000000	9.787895e+04	1.764557e-04
	232	33	31.000000	65.250000	9.630897e+04	1.868410e-04
	48	53	-15.000000	60.250000	9.822277e+04	2.503794e-04
	108	66	0.000000	57.000000	9.581480e+04	2.962237e-04
	231	136	30.750000	39.500000	1.005688e+05	2.980155e-05
	257	162	37.250000	33.000000	1.007534e+05	-4.371447e-06
2022	2	18	6	15
	233	32	31.250000	65.500000	9.640963e+04	1.348244e-04
	53	53	-13.750000	60.250000	9.824778e+04	1.974055e-04
	120	63	3.000000	57.750000	9.550573e+04	2.465393e-04
	237	137	32.250000	39.250000	1.004694e+05	5.102851e-05
	255	160	36.750000	33.500000	1.007968e+05	-1.557862e-06
	267	162	39.750000	33.000000	1.007968e+05	-2.970394e-05
2022	2	18	5	18
	237	31	32.250000	65.750000	9.643983e+04	1.389945e-04
	238	31	32.500000	65.750000	9.643983e+04	1.434567e-04
	58	52	-12.500000	60.500000	9.831824e+04	1.665129e-04
	130	63	5.500000	57.750000	9.537330e+04	2.586819e-04
	231	147	30.750000	36.750000	1.006098e+05	1.006116e-04
2022	2	18	7	21
	245	16	34.250000	69.500000	9.650715e+04	1.893702e-04
	243	29	33.750000	66.250000	9.650338e+04	1.435768e-04
	35	48	-18.250000	61.500000	9.831620e+04	1.780843e-04
	61	51	-11.750000	60.750000	9.832391e+04	1.414138e-04
	0	60	-27.000000	58.500000	9.799597e+04	1.181160e-04
	139	63	7.750000	57.750000	9.533162e+04	2.700231e-04
	225	149	29.250000	36.250000	1.005334e+05	2.234960e-04
2022	2	19	8	0
	240	16	33.000000	69.500000	9.653121e+04	2.488246e-04
	246	27	34.500000	66.750000	9.653121e+04	1.346284e-04
	34	49	-18.500000	61.250000	9.817496e+04	1.857954e-04
	0	57	-27.000000	59.250000	9.822450e+04	9.221751e-05
	154	60	11.500000	58.500000	9.548230e+04	2.172883e-04
	24	64	-21.000000	57.500000	9.786999e+04	2.534980e-04
	109	137	0.250000	39.250000	1.015530e+05	7.680067e-05
	225	151	29.250000	35.750000	1.005202e+05	2.188327e-04
2022	2	19	9	3
	238	17	32.500000	69.250000	9.643464e+04	1.998607e-04
	251	25	35.750000	67.250000	9.643464e+04	1.381232e-04
	141	33	8.250000	65.250000	9.724228e+04	1.044099e-04
	165	58	14.250000	59.000000	9.563706e+04	2.409155e-04
	40	65	-17.000000	57.250000	9.770012e+04	2.782255e-04
	137	117	7.250000	44.250000	1.014827e+05	1.191970e-04
	226	149	29.500000	36.250000	1.005700e+05	6.571051e-06
	222	157	28.500000	34.250000	1.005700e+05	2.186216e-04
	234	158	31.500000	34.000000	1.005700e+05	1.189016e-04
2022	2	19	6	6
	236	18	32.000000	69.000000	9.644518e+04	1.354607e-04
	140	32	8.000000	65.500000	9.732359e+04	1.076513e-04
	186	59	19.500000	58.750000	9.587818e+04	1.619462e-04
	47	65	-15.250000	57.250000	9.748638e+04	3.023747e-04
	137	117	7.250000	44.250000	1.014538e+05	1.090316e-04
	223	162	28.750000	33.000000	1.007218e+05	1.201474e-04
2022	2	19	5	9
	236	19	32.000000	68.750000	9.658453e+04	7.499373e-05
	140	32	8.000000	65.500000	9.743888e+04	1.115824e-04
	199	56	22.750000	59.500000	9.608359e+04	1.448582e-04
	55	66	-13.250000	57.000000	9.772812e+04	2.785250e-04
	77	69	-7.750000	56.250000	9.773142e+04	2.386323e-04
2022	2	19	5	12
	241	19	33.250000	68.750000	9.669966e+04	6.787595e-05
	242	19	33.500000	68.750000	9.669966e+04	6.890319e-05
	140	32	8.000000	65.500000	9.755841e+04	1.200671e-04
	207	55	24.750000	59.750000	9.632612e+04	1.569554e-04
	82	67	-6.500000	56.750000	9.800855e+04	2.179044e-04
2022	2	19	6	15
	248	16	35.000000	69.500000	9.678412e+04	6.312337e-05
	249	16	35.250000	69.500000	9.678412e+04	6.024992e-05
	142	33	8.500000	65.250000	9.761850e+04	1.537787e-04
	222	54	28.500000	60.000000	9.654694e+04	1.948376e-04
	84	68	-6.000000	56.500000	9.809758e+04	2.618332e-04
	112	69	1.000000	56.250000	9.810135e+04	2.266910e-04
2022	2	19	7	18
	269	6	40.250000	72.000000	9.685285e+04	6.030032e-05
	257	16	37.250000	69.500000	9.685285e+04	6.635544e-05
	145	34	9.250000	65.000000	9.769258e+04	1.415375e-04
	231	52	30.750000	60.500000	9.681966e+04	1.576018e-04
	0	67	-27.000000	56.750000	9.791702e+04	1.079571e-04
	115	69	1.750000	56.250000	9.797442e+04	2.665008e-04
	277	162	42.250000	33.000000	1.012103e+05	1.073585e-04
2022	2	19	6	21
	268	6	40.000000	72.000000	9.681825e+04	6.951722e-05
	267	15	39.750000	69.750000	9.681825e+04	3.089267e-05
	149	35	10.250000	64.750000	9.769022e+04	2.019252e-04
	239	51	32.750000	60.750000	9.704064e+04	1.555598e-04
	0	62	-27.000000	58.000000	9.722435e+04	1.251947e-04
	120	71	3.000000	55.750000	9.806580e+04	3.088993e-04
2022	2	20	6	0
	268	6	40.000000	72.000000	9.682941e+04	1.023947e-04
	153	35	11.250000	64.750000	9.780677e+04	2.219256e-04
	0	59	-27.000000	58.750000	9.662904e+04	1.405608e-04
	146	65	9.500000	57.250000	9.823803e+04	1.678427e-04
	130	72	5.500000	55.500000	9.823803e+04	2.737223e-04
	284	162	44.000000	33.000000	1.010027e+05	6.427856e-05
