2022	2	10	8	0
	7	6	-25.250000	72.000000	1.001850e+05	-7.177838e-06
	173	9	16.250000	71.250000	9.672875e+04	1.341175e-04
	9	14	-24.750000	70.000000	1.001850e+05	6.934680e-05
	148	22	10.000000	68.000000	9.653589e+04	4.282967e-04
	59	56	-12.250000	59.500000	9.844429e+04	5.094177e-04
	152	106	11.000000	47.000000	1.022308e+05	-3.801318e-05
	139	110	7.750000	46.000000	1.022308e+05	-7.684866e-05
	250	151	35.500000	35.750000	1.007870e+05	1.061619e-04
2022	2	10	7	6
	178	5	17.500000	72.250000	9.716740e+04	1.061969e-04
	8	6	-25.000000	72.000000	1.003390e+05	-5.124728e-06
	1	18	-26.750000	69.000000	1.003480e+05	7.259957e-06
	168	22	15.000000	68.000000	9.678072e+04	3.035602e-04
	78	59	-7.500000	58.750000	9.890932e+04	5.240042e-04
	158	106	12.500000	47.000000	1.021300e+05	-3.738002e-05
	249	150	35.250000	36.000000	1.010575e+05	7.743680e-05
2022	2	10	10	12
	210	1	25.500000	73.250000	9.726470e+04	-1.347952e-05
	180	4	18.000000	72.500000	9.726470e+04	1.156370e-04
	8	6	-25.000000	72.000000	1.002712e+05	-9.144204e-07
	21	20	-21.750000	68.500000	1.002020e+05	9.456574e-05
	192	26	21.000000	67.000000	9.733641e+04	1.944841e-04
	91	64	-4.250000	57.500000	9.995467e+04	3.926604e-04
	137	117	7.250000	44.250000	1.022089e+05	1.175411e-04
	282	139	43.500000	38.750000	1.009856e+05	1.134877e-05
	280	151	43.000000	35.750000	1.009777e+05	1.184576e-04
	267	157	39.750000	34.250000	1.009908e+05	5.660503e-05
2022	2	10	10	18
	211	0	25.750000	73.500000	9.750035e+04	1.473129e-06
	212	0	26.000000	73.500000	9.750035e+04	1.132588e-05
	8	6	-25.000000	72.000000	1.000025e+05	-2.428683e-05
	182	6	18.500000	72.000000	9.750035e+04	1.860837e-04
	9	14	-24.750000	70.000000	9.981711e+04	2.100634e-05
	45	16	-15.750000	69.500000	9.980090e+04	1.322062e-04
	209	27	25.250000	66.750000	9.782978e+04	1.631670e-04
	108	70	0.000000	56.000000	1.005555e+05	3.131199e-04
	138	117	7.500000	44.250000	1.022050e+05	9.363665e-05
	90	162	-4.500000	33.000000	1.021345e+05	-7.692464e-05
2022	2	11	5	0
	201	8	23.250000	71.500000	9.773248e+04	1.560699e-04
	58	13	-12.500000	70.250000	9.936791e+04	1.713138e-04
	0	71	-27.000000	55.750000	9.971082e+04	1.293354e-04
	120	77	3.000000	54.250000	1.011204e+05	2.715887e-04
	137	117	7.250000	44.250000	1.021634e+05	8.940371e-05
2022	2	11	5	6
	210	9	25.500000	71.250000	9.796402e+04	1.553198e-04
	70	13	-9.500000	70.250000	9.917193e+04	2.255019e-04
	2	61	-26.500000	58.250000	9.898416e+04	1.693065e-04
	131	83	5.750000	52.750000	1.017058e+05	1.975713e-04
	157	105	12.250000	47.250000	1.018113e+05	-4.497888e-05
2022	2	11	3	12
	219	10	27.750000	71.000000	9.848903e+04	1.590010e-04
	87	16	-5.250000	69.500000	9.922859e+04	2.763240e-04
	135	119	6.750000	43.750000	1.019631e+05	1.150330e-04
2022	2	11	8	18
	229	7	30.250000	71.750000	9.865219e+04	-5.060992e-06
	119	12	2.750000	70.500000	9.913930e+04	1.219789e-04
	136	18	7.000000	69.000000	9.913930e+04	2.386380e-04
	112	20	1.000000	68.500000	9.913930e+04	1.448283e-04
	6	53	-25.500000	60.250000	9.857833e+04	1.683027e-04
	35	53	-18.250000	60.250000	9.837785e+04	2.348011e-04
	19	63	-22.250000	57.750000	9.844058e+04	1.422654e-04
	274	75	41.500000	54.750000	9.992262e+04	1.975405e-04
2022	2	12	5	0
	229	10	30.250000	71.000000	9.874284e+04	1.217053e-04
	144	16	9.000000	69.500000	9.884621e+04	2.167245e-04
	30	53	-19.500000	60.250000	9.790012e+04	2.885783e-04
	0	64	-27.000000	57.500000	9.876649e+04	4.716936e-05
	288	74	45.000000	55.000000	9.969695e+04	1.542523e-04
2022	2	12	4	6
	236	14	32.000000	70.000000	9.875594e+04	1.049464e-04
	154	19	11.500000	68.750000	9.891420e+04	2.422686e-04
	54	50	-13.500000	61.000000	9.780595e+04	1.664127e-04
	35	56	-18.250000	59.500000	9.780595e+04	2.122297e-04
2022	2	12	4	12
	263	10	38.750000	71.000000	9.887727e+04	2.354968e-05
	165	19	14.250000	68.750000	9.924285e+04	1.685441e-04
	64	50	-11.000000	61.000000	9.815218e+04	8.764102e-05
	43	59	-16.250000	58.750000	9.808652e+04	2.341271e-04
2022	2	12	3	18
	264	8	39.000000	71.500000	9.893688e+04	5.225800e-05
	168	13	15.000000	70.250000	9.927744e+04	1.279293e-04
	80	48	-7.000000	61.500000	9.808359e+04	8.580316e-05
2022	2	13	3	0
	264	9	39.000000	71.250000	9.914985e+04	6.129881e-05
	175	11	16.750000	70.750000	9.908673e+04	2.377397e-04
	106	43	-0.500000	62.750000	9.804647e+04	1.385252e-04
2022	2	13	5	6
	182	10	18.500000	71.000000	9.872233e+04	2.447473e-04
	143	34	8.750000	65.000000	9.781454e+04	2.204479e-04
	39	36	-17.250000	64.500000	1.001536e+05	1.300696e-05
	121	41	3.250000	63.250000	9.781454e+04	2.095229e-04
	74	95	-8.500000	49.750000	9.942730e+04	2.011847e-04
2022	2	13	6	12
	6	14	-25.500000	70.000000	9.942340e+04	9.170317e-05
	158	33	12.500000	65.250000	9.789758e+04	2.270335e-04
	40	36	-17.000000	64.500000	1.003349e+05	-2.987617e-05
	12	37	-24.000000	64.250000	1.003226e+05	1.540720e-04
	89	91	-4.750000	50.750000	9.911077e+04	1.773442e-04
	278	121	42.500000	43.250000	1.023764e+05	2.098421e-05
2022	2	13	4	18
	185	11	19.250000	70.750000	9.840677e+04	2.048033e-04
	2	17	-26.500000	69.250000	9.937435e+04	5.978501e-05
	169	34	15.250000	65.000000	9.800466e+04	1.428345e-04
	112	80	1.000000	53.500000	9.883917e+04	1.089447e-04
2022	2	14	3	0
	1	17	-26.750000	69.250000	9.953477e+04	-1.938287e-05
	218	24	27.500000	67.500000	9.826746e+04	1.803372e-05
	125	73	4.250000	55.250000	9.870103e+04	1.411854e-04
2022	2	14	4	6
	226	5	29.500000	72.250000	9.808320e+04	2.225383e-04
	6	7	-25.500000	71.750000	9.976202e+04	-3.901748e-05
	134	57	6.500000	59.250000	9.848200e+04	-2.537581e-05
	135	69	6.750000	56.250000	9.847731e+04	2.078774e-04
2022	2	14	5	12
	223	0	28.750000	73.500000	9.797750e+04	7.685800e-05
	0	41	-27.000000	63.250000	9.805331e+04	1.026851e-04
	22	55	-21.500000	59.750000	9.811349e+04	1.968804e-04
	132	57	6.000000	59.250000	9.841302e+04	3.509837e-05
	144	67	9.000000	56.750000	9.841302e+04	2.433395e-04
2022	2	14	5	18
	226	0	29.500000	73.500000	9.790305e+04	2.882150e-05
	29	50	-19.750000	61.000000	9.772231e+04	2.543482e-04
	130	58	5.500000	59.000000	9.857305e+04	1.747134e-04
	156	62	12.000000	58.000000	9.835870e+04	2.864253e-04
	141	122	8.250000	43.000000	1.009553e+05	8.660354e-05
2022	2	15	6	0
	231	0	30.750000	73.500000	9.808105e+04	7.079646e-05
	23	41	-21.250000	63.250000	9.767972e+04	2.739363e-04
	129	58	5.250000	59.000000	9.936146e+04	1.507951e-04
	165	60	14.250000	58.500000	9.865648e+04	2.209439e-04
	146	118	9.500000	44.000000	1.009580e+05	1.646948e-04
	280	121	43.000000	43.250000	1.018701e+05	3.690654e-06
2022	2	15	10	6
	222	0	28.500000	73.500000	9.796792e+04	1.490301e-04
	272	5	41.000000	72.250000	9.815257e+04	1.807338e-04
	6	33	-25.500000	65.250000	9.737745e+04	1.551521e-04
	188	53	20.000000	60.250000	9.873601e+04	9.342429e-05
	102	67	-1.500000	56.750000	9.887220e+04	1.760803e-04
	0	72	-27.000000	55.500000	9.741691e+04	1.505985e-04
	161	113	13.250000	45.250000	1.008974e+05	9.419620e-05
	149	119	10.250000	43.750000	1.008974e+05	1.826301e-04
	280	121	43.000000	43.250000	1.020102e+05	-7.604508e-06
	150	128	10.500000	41.500000	1.008974e+05	1.292460e-04
2022	2	15	9	12
	247	3	34.750000	72.750000	9.808691e+04	2.413028e-04
	6	7	-25.500000	71.750000	9.901484e+04	-7.730616e-06
	0	30	-27.000000	66.000000	9.725142e+04	6.899174e-05
	188	51	20.000000	60.750000	9.868716e+04	1.936291e-04
	17	65	-22.750000	57.250000	9.669065e+04	3.239267e-04
	124	70	4.000000	56.000000	9.876923e+04	2.151587e-04
	159	113	12.750000	45.250000	1.010049e+05	9.679197e-05
	156	122	12.000000	43.000000	1.010049e+05	7.887915e-05
	279	129	42.750000	41.250000	1.016425e+05	1.343405e-05
2022	2	15	12	18
	227	0	29.750000	73.500000	9.806620e+04	6.473938e-05
	228	0	30.000000	73.500000	9.806620e+04	6.978177e-05
	272	1	41.000000	73.250000	9.807559e+04	2.139008e-04
	209	43	25.250000	62.750000	9.875340e+04	1.231489e-04
	190	50	20.500000	61.000000	9.875340e+04	2.473227e-04
	30	59	-19.500000	58.750000	9.581451e+04	3.765633e-04
	0	72	-27.000000	55.500000	9.696634e+04	9.864492e-05
	131	73	5.750000	55.250000	9.936927e+04	2.133526e-04
	278	120	42.500000	43.500000	1.022009e+05	1.619919e-05
	167	125	14.750000	42.250000	1.010291e+05	4.878422e-05
	285	162	44.250000	33.000000	1.017415e+05	3.920341e-05
	286	162	44.500000	33.000000	1.017415e+05	2.595316e-05
2022	2	16	5	0
	244	0	34.000000	73.500000	9.805995e+04	1.196198e-04
	199	49	22.750000	61.250000	9.928428e+04	1.216580e-04
	44	55	-16.000000	59.750000	9.488112e+04	3.965123e-04
	280	121	43.000000	43.250000	1.022019e+05	-3.637026e-06
	174	124	16.500000	42.500000	1.010451e+05	1.032265e-04
2022	2	16	3	6
	264	0	39.000000	73.500000	9.824147e+04	7.753605e-05
	62	55	-11.500000	59.750000	9.477151e+04	3.456259e-04
	182	127	18.500000	41.750000	1.009074e+05	1.418958e-04
2022	2	16	5	12
	268	0	40.000000	73.500000	9.850193e+04	6.525746e-05
	71	46	-9.250000	62.000000	9.530395e+04	1.968565e-04
	87	56	-5.250000	59.500000	9.529262e+04	2.634029e-04
	201	124	23.250000	42.500000	1.010926e+05	-8.326001e-05
	183	128	18.750000	41.500000	1.009986e+05	1.416529e-04
2022	2	16	7	18
	253	0	36.250000	73.500000	9.864652e+04	1.328165e-05
	0	25	-27.000000	67.250000	9.760234e+04	1.001401e-04
	0	35	-27.000000	64.750000	9.760234e+04	2.879126e-05
	94	51	-3.500000	60.750000	9.579126e+04	3.070110e-04
	110	57	0.500000	59.250000	9.579126e+04	3.063271e-04
	146	62	9.500000	58.000000	9.651635e+04	2.984178e-04
	184	130	19.000000	41.000000	1.010961e+05	1.215082e-04
2022	2	17	6	0
	239	1	32.750000	73.250000	9.889955e+04	1.173135e-04
	63	43	-11.250000	62.750000	9.760801e+04	2.910208e-04
	108	54	0.000000	60.000000	9.657204e+04	2.764783e-04
	126	59	4.500000	58.750000	9.657204e+04	2.937152e-04
	152	60	11.000000	58.500000	9.649173e+04	2.729887e-04
	22	64	-21.500000	57.500000	9.918952e+04	2.386543e-04
2022	2	17	7	6
	251	2	35.750000	73.000000	9.904648e+04	1.099249e-04
	47	58	-15.250000	59.000000	9.895817e+04	3.217105e-04
	185	58	19.250000	59.000000	9.687509e+04	2.028352e-04
	157	59	12.250000	58.750000	9.677017e+04	2.549020e-04
	131	62	5.750000	58.000000	9.688584e+04	3.273157e-04
	0	106	-27.000000	47.000000	1.008859e+05	1.126087e-04
	281	121	43.250000	43.250000	1.012763e+05	4.168140e-05
2022	2	17	8	12
	258	2	37.500000	73.000000	9.923992e+04	9.242382e-05
	52	37	-14.000000	64.250000	9.839153e+04	2.692805e-04
	128	42	5.000000	63.000000	9.822721e+04	1.138855e-04
	184	53	19.000000	60.250000	9.704606e+04	2.137836e-04
	75	58	-8.250000	59.000000	9.905372e+04	3.131923e-04
	5	100	-25.750000	48.500000	1.004437e+05	1.757328e-04
	178	126	17.500000	42.000000	1.004170e+05	1.651310e-04
	175	137	16.750000	39.250000	1.004170e+05	1.542427e-05
2022	2	17	8	18
	271	1	40.750000	73.250000	9.939761e+04	4.978659e-05
	52	34	-14.000000	65.000000	9.832138e+04	3.877769e-04
	0	40	-27.000000	63.500000	9.822603e+04	1.074746e-04
	33	40	-18.750000	63.500000	9.832138e+04	-3.796526e-05
	126	44	4.500000	62.500000	9.846559e+04	1.427316e-04
	187	57	19.750000	59.250000	9.734071e+04	6.595637e-05
	32	90	-19.000000	51.000000	1.001702e+05	2.116692e-04
	187	142	19.750000	38.000000	1.001317e+05	1.707041e-04
2022	2	18	8	0
	280	0	43.000000	73.500000	9.952363e+04	3.829614e-05
	51	31	-14.250000	65.750000	9.845640e+04	3.014993e-04
	134	39	6.500000	63.750000	9.859181e+04	1.429828e-04
	191	56	20.750000	59.500000	9.766409e+04	1.273512e-04
	70	80	-9.500000	53.500000	9.998300e+04	2.175271e-04
	281	121	43.250000	43.250000	1.006661e+05	4.855267e-06
	193	145	21.250000	37.250000	9.948416e+04	1.708325e-04
	200	151	23.000000	35.750000	9.948416e+04	1.630754e-04
2022	2	18	10	6
	43	29	-16.250000	66.250000	9.859416e+04	1.996627e-04
	138	39	7.500000	63.750000	9.850134e+04	1.900855e-04
	149	46	10.250000	62.000000	9.850134e+04	-2.191065e-07
	200	55	23.000000	59.750000	9.797202e+04	1.459799e-04
	108	79	0.000000	53.750000	9.979952e+04	1.956273e-04
	2	118	-26.500000	44.000000	1.009920e+05	1.507376e-04
	281	121	43.250000	43.250000	1.006690e+05	-3.001614e-05
	0	129	-27.000000	41.250000	1.010076e+05	5.578469e-06
	203	151	23.750000	35.750000	9.944430e+04	1.593640e-04
	193	152	21.250000	35.500000	9.944430e+04	2.301500e-04
2022	2	18	7	12
	35	28	-18.250000	66.500000	9.883507e+04	2.160340e-04
	144	39	9.000000	63.750000	9.871061e+04	1.466061e-04
	205	52	24.250000	60.500000	9.816566e+04	1.234686e-04
	139	80	7.750000	53.500000	9.983274e+04	1.700700e-04
	280	120	43.000000	43.500000	1.006847e+05	-1.209342e-05
	211	153	25.750000	35.250000	9.946423e+04	7.766589e-05
	201	155	23.250000	34.750000	9.946423e+04	2.195473e-04
2022	2	18	6	18
	29	27	-19.750000	66.750000	9.907384e+04	2.203493e-04
	208	49	25.000000	61.250000	9.817172e+04	1.197154e-04
	174	83	16.500000	52.750000	9.951191e+04	1.751070e-04
	213	152	26.250000	35.500000	9.970613e+04	1.199656e-04
	208	162	25.000000	33.000000	9.970613e+04	4.381684e-05
	210	162	25.500000	33.000000	9.970613e+04	5.345565e-06
2022	2	19	5	0
	211	48	25.750000	61.500000	9.828191e+04	1.121688e-04
	199	85	22.750000	52.250000	9.925692e+04	2.245523e-04
	137	117	7.250000	44.250000	1.016221e+05	1.027889e-04
	283	122	43.750000	43.000000	1.011065e+05	-2.319123e-05
	219	162	27.750000	33.000000	9.990719e+04	4.700592e-05
2022	2	19	5	6
	6	7	-25.500000	71.750000	9.965923e+04	-4.683238e-07
	23	35	-21.250000	64.750000	9.780105e+04	1.956164e-04
	221	48	28.250000	61.500000	9.850486e+04	7.157517e-05
	221	84	28.250000	52.500000	9.927080e+04	3.035816e-04
	223	162	28.750000	33.000000	1.000836e+05	7.496546e-05
2022	2	19	8	12
	6	7	-25.500000	71.750000	9.942418e+04	-2.226509e-05
	1	29	-26.750000	66.250000	9.799508e+04	1.393890e-04
	53	31	-13.750000	65.750000	9.819575e+04	2.836092e-04
	283	142	43.750000	38.000000	1.011741e+05	-9.735042e-06
	2	144	-26.500000	37.500000	1.009355e+05	1.786085e-04
	223	145	28.750000	37.250000	1.005580e+05	1.034694e-05
	258	161	37.500000	33.250000	1.005815e+05	3.722983e-05
	230	162	30.500000	33.000000	1.003091e+05	8.942102e-05
2022	2	19	9	18
	6	7	-25.500000	71.750000	9.914496e+04	-3.659724e-05
	288	19	45.000000	68.750000	9.927724e+04	1.639783e-05
	286	20	44.500000	68.500000	9.927724e+04	5.243278e-05
	60	24	-12.000000	67.500000	9.813752e+04	3.260541e-04
	244	74	34.000000	55.000000	9.916802e+04	2.143762e-04
	8	145	-25.000000	37.250000	1.008963e+05	2.360439e-04
	239	153	32.750000	35.250000	1.006694e+05	5.683982e-05
	265	155	39.250000	34.750000	1.007611e+05	1.518212e-04
	235	161	31.750000	33.250000	1.006694e+05	1.308591e-04
2022	2	20	11	0
	45	20	-15.750000	68.500000	9.793158e+04	2.476699e-04
	46	20	-15.500000	68.500000	9.793158e+04	2.428476e-04
	61	36	-11.750000	64.500000	9.806405e+04	2.906278e-04
	0	45	-27.000000	62.250000	9.726588e+04	8.183553e-05
	288	60	45.000000	58.500000	1.002591e+05	2.405925e-05
	249	70	35.250000	56.000000	9.891890e+04	2.217925e-04
	271	130	40.750000	41.000000	1.008816e+05	2.102346e-05
	17	147	-22.750000	36.750000	1.010072e+05	1.845358e-04
	271	154	40.750000	35.000000	1.008003e+05	6.545977e-05
	241	162	33.250000	33.000000	1.008208e+05	6.103921e-05
	275	162	41.750000	33.000000	1.008003e+05	3.307403e-05
