2022	2	14	6	0
	2	6	-26.500000	72.000000	9.973249e+04	-5.255303e-07
	217	9	27.250000	71.250000	9.839887e+04	1.361603e-04
	194	12	21.500000	70.500000	9.839887e+04	1.311508e-04
	1	17	-26.750000	69.250000	9.973249e+04	3.055045e-06
	218	25	27.500000	67.250000	9.850959e+04	1.022430e-04
	105	71	-0.750000	55.750000	9.848605e+04	1.360441e-04
2022	2	14	6	3
	210	9	25.500000	71.250000	9.810241e+04	2.107279e-04
	1	17	-26.750000	69.250000	9.975203e+04	-1.784452e-05
	233	20	31.250000	68.500000	9.819511e+04	8.599627e-05
	234	20	31.500000	68.500000	9.819945e+04	9.094834e-05
	121	59	3.250000	58.750000	9.845164e+04	1.426190e-04
	108	71	0.000000	55.750000	9.840888e+04	1.338788e-04
2022	2	14	3	6
	217	8	27.250000	71.500000	9.803594e+04	2.236885e-04
	122	60	3.500000	58.500000	9.850291e+04	9.631892e-05
	108	72	0.000000	55.500000	9.848972e+04	1.576264e-04
2022	2	14	4	9
	222	8	28.500000	71.500000	9.805949e+04	2.247045e-04
	0	53	-27.000000	60.250000	9.810943e+04	1.232611e-04
	123	68	3.750000	56.500000	9.852412e+04	1.258461e-04
	109	73	0.250000	55.250000	9.852412e+04	2.100282e-04
2022	2	14	3	12
	234	7	31.500000	71.750000	9.805398e+04	1.699156e-04
	0	49	-27.000000	61.250000	9.770074e+04	1.279168e-04
	129	65	5.250000	57.250000	9.844780e+04	1.877404e-04
2022	2	14	4	15
	234	7	31.500000	71.750000	9.812713e+04	1.061036e-04
	2	45	-26.500000	62.250000	9.728570e+04	1.644506e-04
	132	63	6.000000	57.750000	9.834208e+04	2.611238e-04
	117	127	2.250000	41.750000	1.010997e+05	2.864049e-05
2022	2	14	7	18
	249	5	35.250000	72.250000	9.809657e+04	1.097217e-04
	250	13	35.500000	70.250000	9.809657e+04	1.538815e-04
	251	13	35.750000	70.250000	9.809657e+04	1.416611e-04
	288	13	45.000000	70.250000	9.901833e+04	7.275247e-05
	0	41	-27.000000	63.250000	9.695050e+04	1.305227e-04
	150	56	10.500000	59.500000	9.839870e+04	2.329854e-04
	135	61	6.750000	58.250000	9.839870e+04	2.656803e-04
2022	2	14	5	21
	288	10	45.000000	71.000000	9.870701e+04	6.768695e-05
	259	12	37.750000	70.500000	9.804412e+04	1.801571e-04
	27	39	-20.250000	63.750000	9.715477e+04	-1.801020e-05
	138	60	7.500000	58.500000	9.852362e+04	2.698407e-04
	140	121	8.000000	43.250000	1.011984e+05	1.195792e-04
2022	2	15	7	0
	242	7	33.500000	71.750000	9.805498e+04	1.955131e-04
	267	12	39.750000	70.500000	9.805498e+04	1.667640e-04
	0	38	-27.000000	64.000000	9.712270e+04	9.448804e-05
	28	38	-20.000000	64.000000	9.715376e+04	2.981455e-06
	128	54	5.000000	60.000000	9.861081e+04	7.566426e-05
	145	58	9.250000	59.000000	9.861081e+04	2.982850e-04
	145	118	9.250000	44.000000	1.011954e+05	1.500254e-04
2022	2	15	6	3
	243	9	33.750000	71.250000	9.801823e+04	2.373772e-04
	274	11	41.500000	70.750000	9.801823e+04	1.813989e-04
	28	38	-20.000000	64.000000	9.717898e+04	4.825108e-05
	126	51	4.500000	60.750000	9.871035e+04	1.015003e-04
	149	56	10.250000	59.500000	9.861799e+04	2.991471e-04
	147	119	9.750000	43.750000	1.011019e+05	1.079842e-04
2022	2	15	8	6
	273	10	41.250000	71.000000	9.805631e+04	2.005345e-04
	249	13	35.250000	70.250000	9.805631e+04	1.800447e-04
	24	35	-21.000000	64.750000	9.726483e+04	1.318481e-04
	125	50	4.250000	61.000000	9.891728e+04	1.251207e-04
	153	54	11.250000	60.000000	9.867795e+04	3.006328e-04
	137	57	7.250000	59.250000	9.867795e+04	4.653003e-05
	0	85	-27.000000	52.250000	9.892663e+04	1.443305e-04
	157	114	12.250000	45.000000	1.011092e+05	1.099302e-04
2022	2	15	7	9
	277	10	42.250000	71.000000	9.817823e+04	2.322110e-04
	10	31	-24.500000	65.750000	9.719602e+04	1.135174e-04
	35	36	-18.250000	64.500000	9.742282e+04	1.499136e-04
	125	48	4.250000	61.500000	9.890727e+04	1.482728e-04
	155	52	11.750000	60.500000	9.874392e+04	2.421615e-04
	5	82	-25.750000	53.000000	9.849941e+04	2.267814e-04
	159	113	12.750000	45.250000	1.011571e+05	1.194735e-04
2022	2	15	6	12
	281	10	43.250000	71.000000	9.827978e+04	2.664744e-04
	0	40	-27.000000	63.500000	9.710031e+04	6.626170e-05
	161	51	13.250000	60.750000	9.879553e+04	1.827300e-04
	18	80	-22.500000	53.500000	9.840188e+04	2.471408e-04
	161	111	13.250000	45.750000	1.011608e+05	1.083695e-04
	153	162	11.250000	33.000000	1.017694e+05	6.651288e-05
2022	2	15	4	15
	284	10	44.000000	71.000000	9.832354e+04	2.654187e-04
	0	38	-27.000000	64.000000	9.713105e+04	3.219047e-05
	170	49	15.500000	61.250000	9.889507e+04	1.104715e-04
	30	78	-19.500000	54.000000	9.822266e+04	2.631533e-04
2022	2	15	7	18
	288	9	45.000000	71.250000	9.839219e+04	1.332363e-04
	0	37	-27.000000	64.250000	9.715076e+04	2.585399e-05
	181	46	18.250000	62.000000	9.889457e+04	1.120011e-04
	122	58	3.500000	59.000000	9.838083e+04	1.752327e-04
	46	76	-15.500000	54.500000	9.825506e+04	2.399560e-04
	143	159	8.750000	33.750000	1.017208e+05	-2.120905e-05
	161	162	13.250000	33.000000	1.016148e+05	-7.338297e-06
2022	2	15	4	21
	183	45	18.750000	62.250000	9.883311e+04	1.381547e-04
	126	57	4.500000	59.250000	9.828763e+04	2.208372e-04
	56	76	-13.000000	54.500000	9.836162e+04	2.089366e-04
	161	162	13.250000	33.000000	1.017220e+05	1.141919e-05
2022	2	16	6	0
	185	44	19.250000	62.500000	9.882576e+04	1.286858e-04
	124	45	4.000000	62.250000	9.830434e+04	2.544068e-05
	129	56	5.250000	59.500000	9.830434e+04	2.100417e-04
	0	70	-27.000000	56.000000	9.706107e+04	1.383343e-04
	70	75	-9.500000	54.750000	9.855169e+04	1.659897e-04
	163	162	13.750000	33.000000	1.016565e+05	-7.680193e-05
2022	2	16	6	3
	288	7	45.000000	71.750000	9.869916e+04	9.911661e-05
	189	43	20.250000	62.750000	9.886434e+04	1.230537e-04
	126	45	4.500000	62.250000	9.841657e+04	1.571285e-05
	133	54	6.250000	60.000000	9.835862e+04	1.342749e-04
	2	65	-26.500000	57.250000	9.631451e+04	1.918963e-04
	163	161	13.750000	33.250000	1.015827e+05	2.716060e-05
2022	2	16	5	6
	288	6	45.000000	72.000000	9.869532e+04	1.314987e-04
	121	52	3.250000	60.500000	9.836079e+04	9.769465e-05
	158	55	12.500000	59.750000	9.831920e+04	2.057923e-04
	7	62	-25.250000	58.000000	9.584335e+04	3.834025e-04
	168	160	15.000000	33.500000	1.016846e+05	4.450214e-05
2022	2	16	7	9
	283	6	43.750000	72.000000	9.872638e+04	2.509699e-04
	121	38	3.250000	64.000000	9.830099e+04	1.640843e-04
	164	54	14.000000	60.000000	9.823636e+04	2.031274e-04
	38	59	-17.500000	58.750000	9.593421e+04	2.802707e-04
	14	63	-23.500000	57.750000	9.588728e+04	3.923294e-04
	137	116	7.250000	44.500000	1.011409e+05	1.087336e-04
	170	158	15.500000	34.000000	1.017764e+05	8.814525e-05
2022	2	16	5	12
	280	7	43.000000	71.750000	9.878668e+04	2.314855e-04
	169	53	15.250000	60.250000	9.815469e+04	1.845898e-04
	17	56	-22.750000	59.500000	9.570857e+04	3.394276e-04
	36	56	-18.000000	59.500000	9.570857e+04	2.526727e-04
	173	153	16.250000	35.250000	1.016143e+05	9.281989e-05
2022	2	16	4	15
	280	7	43.000000	71.750000	9.879336e+04	2.014174e-04
	175	52	16.750000	60.500000	9.807702e+04	1.724208e-04
	33	55	-18.750000	59.750000	9.544886e+04	3.775699e-04
	176	153	17.000000	35.250000	1.014942e+05	1.163384e-04
2022	2	16	7	18
	280	7	43.000000	71.750000	9.878868e+04	2.011279e-04
	195	41	21.750000	63.250000	9.795811e+04	5.480879e-05
	182	50	18.500000	61.000000	9.795811e+04	1.642125e-04
	69	56	-9.750000	59.500000	9.611559e+04	1.841550e-04
	34	57	-18.500000	59.250000	9.572327e+04	4.501992e-04
	179	153	17.750000	35.250000	1.014177e+05	1.335111e-04
	287	153	44.750000	35.250000	1.014963e+05	1.494370e-05
2022	2	16	7	21
	278	7	42.500000	71.750000	9.878668e+04	2.405606e-04
	184	50	19.000000	61.000000	9.783385e+04	1.918981e-04
	65	55	-10.750000	59.750000	9.589646e+04	1.990672e-04
	43	59	-16.250000	58.750000	9.589646e+04	4.331593e-04
	138	117	7.500000	44.250000	1.009305e+05	7.024465e-05
	278	120	42.500000	43.500000	1.018666e+05	-3.646342e-05
	182	153	18.500000	35.250000	1.014300e+05	1.412176e-04
2022	2	17	7	0
	277	7	42.250000	71.750000	9.880154e+04	1.950747e-04
	186	49	19.500000	61.250000	9.762475e+04	1.687044e-04
	109	57	0.250000	59.250000	9.631935e+04	2.026131e-04
	56	61	-13.000000	58.250000	9.614782e+04	4.024639e-04
	138	117	7.500000	44.250000	1.008186e+05	8.464966e-05
	280	121	43.000000	43.250000	1.017689e+05	-3.146822e-05
	185	152	19.250000	35.500000	1.012385e+05	1.446424e-04
2022	2	17	6	3
	272	6	41.000000	72.000000	9.879119e+04	1.756249e-04
	187	47	19.750000	61.750000	9.744988e+04	1.112365e-04
	110	56	0.500000	59.500000	9.625521e+04	2.272530e-04
	69	61	-9.750000	58.250000	9.627759e+04	3.792069e-04
	138	117	7.500000	44.250000	1.007267e+05	8.603901e-05
	186	150	19.500000	36.000000	1.010367e+05	1.658883e-04
2022	2	17	6	6
	267	7	39.750000	71.750000	9.874426e+04	1.649244e-04
	188	48	20.000000	61.500000	9.730274e+04	6.897152e-05
	111	56	0.750000	59.500000	9.623617e+04	2.774505e-04
	161	66	13.250000	57.000000	9.654766e+04	3.270836e-04
	4	104	-26.000000	47.500000	1.003593e+05	2.348204e-04
	189	150	20.250000	36.000000	1.011204e+05	1.239227e-04
2022	2	17	8	9
	264	7	39.000000	71.750000	9.873641e+04	1.638623e-04
	113	57	1.250000	59.250000	9.628595e+04	2.281060e-04
	99	65	-2.250000	57.250000	9.628595e+04	2.895737e-04
	167	66	14.750000	57.000000	9.650056e+04	2.846396e-04
	185	68	19.250000	56.500000	9.650056e+04	2.010854e-04
	14	100	-23.500000	48.500000	9.992790e+04	2.696401e-04
	279	120	42.750000	43.500000	1.012308e+05	-1.191457e-05
	187	157	19.750000	34.250000	1.011620e+05	1.980229e-04
2022	2	17	6	12
	230	41	30.500000	63.250000	9.730358e+04	1.789798e-04
	114	60	1.500000	58.500000	9.661981e+04	2.108664e-04
	176	66	17.000000	57.000000	9.650908e+04	2.903573e-04
	194	67	21.500000	56.750000	9.650908e+04	1.945661e-04
	23	96	-21.250000	49.500000	9.964280e+04	3.204395e-04
	190	158	20.500000	34.000000	1.010384e+05	1.945352e-04
2022	2	17	6	15
	232	38	31.000000	64.000000	9.727101e+04	1.701019e-04
	201	65	23.250000	57.250000	9.655451e+04	1.443443e-04
	132	67	6.000000	56.750000	9.724111e+04	1.738544e-04
	181	68	18.250000	56.500000	9.655451e+04	3.382636e-04
	33	91	-18.750000	50.750000	9.921925e+04	3.680513e-04
	192	159	21.000000	33.750000	1.010110e+05	1.579788e-04
2022	2	17	7	18
	9	6	-24.750000	72.000000	1.005784e+05	-5.768159e-05
	236	36	32.000000	64.500000	9.727568e+04	1.644250e-04
	211	64	25.750000	57.500000	9.669898e+04	1.743599e-04
	191	69	20.750000	56.250000	9.669212e+04	3.475903e-04
	42	86	-16.500000	52.000000	9.857340e+04	4.034679e-04
	157	108	12.250000	46.500000	1.002292e+05	9.391489e-06
	192	161	21.000000	33.250000	1.011575e+05	1.013442e-04
2022	2	17	5	21
	9	6	-24.750000	72.000000	1.005611e+05	-5.198083e-05
	240	34	33.000000	65.000000	9.737322e+04	1.447163e-04
	215	62	26.750000	58.000000	9.674423e+04	1.855442e-04
	200	70	23.000000	56.000000	9.674423e+04	2.939866e-04
	51	82	-14.250000	53.000000	9.793773e+04	4.663781e-04
2022	2	18	4	0
	6	7	-25.500000	71.750000	1.005492e+05	-7.691121e-06
	242	33	33.500000	65.250000	9.751502e+04	1.213624e-04
	218	61	27.500000	58.250000	9.691276e+04	1.843664e-04
	61	80	-11.750000	53.500000	9.768337e+04	5.058562e-04
2022	2	18	6	3
	6	7	-25.500000	71.750000	1.005018e+05	-7.732152e-06
	145	30	9.250000	66.000000	9.843878e+04	4.701852e-05
	140	39	8.000000	63.750000	9.843878e+04	-4.074468e-06
	67	57	-10.250000	59.250000	9.876663e+04	1.367917e-04
	224	58	29.000000	59.000000	9.710850e+04	1.582385e-04
	73	78	-8.750000	54.000000	9.810325e+04	4.871974e-04
2022	2	18	4	6
	143	30	8.750000	66.000000	9.839987e+04	6.711361e-05
	69	56	-9.750000	59.500000	9.853983e+04	1.848361e-04
	228	56	30.000000	59.500000	9.738057e+04	1.797140e-04
	88	75	-5.000000	54.750000	9.822717e+04	3.987121e-04
2022	2	18	6	9
	288	12	45.000000	70.500000	9.784571e+04	1.139477e-04
	6	14	-25.500000	70.000000	1.003433e+05	-4.899536e-05
	144	32	9.000000	65.500000	9.838617e+04	4.757887e-05
	234	51	31.500000	60.750000	9.759001e+04	1.393313e-04
	69	57	-9.750000	59.250000	9.856088e+04	2.481061e-04
	109	71	0.250000	55.750000	9.808855e+04	2.370892e-04
2022	2	18	5	12
	288	11	45.000000	70.750000	9.793005e+04	1.341211e-04
	6	14	-25.500000	70.000000	1.003481e+05	-5.938284e-05
	144	33	9.000000	65.250000	9.835344e+04	3.085010e-05
	76	58	-8.000000	59.000000	9.860613e+04	2.410868e-04
	121	70	3.250000	56.000000	9.791987e+04	2.561061e-04
2022	2	18	4	15
	144	34	9.000000	65.000000	9.826509e+04	8.410401e-05
	253	40	36.250000	63.500000	9.785189e+04	7.808828e-05
	80	59	-7.000000	58.750000	9.864070e+04	2.429856e-04
	139	68	7.750000	56.500000	9.768137e+04	2.372444e-04
2022	2	18	6	18
	143	35	8.750000	64.750000	9.825005e+04	1.259841e-04
	257	36	37.250000	64.500000	9.780512e+04	8.056749e-05
	88	59	-5.000000	58.750000	9.877482e+04	2.247582e-04
	155	67	11.750000	56.750000	9.752788e+04	2.338843e-04
	244	144	34.000000	37.500000	1.004034e+05	-4.310584e-06
	229	149	30.250000	36.250000	1.003767e+05	1.621804e-04
2022	2	18	4	21
	261	32	38.250000	65.500000	9.773581e+04	1.259504e-04
	262	32	38.500000	65.500000	9.773581e+04	1.064172e-04
	172	68	16.000000	56.500000	9.740645e+04	2.197889e-04
	234	148	31.500000	36.500000	1.003842e+05	1.397409e-04
2022	2	19	7	0
	6	14	-25.500000	70.000000	1.001971e+05	-3.638882e-05
	262	32	38.500000	65.500000	9.768855e+04	1.212070e-04
	256	40	37.000000	63.500000	9.768855e+04	4.429469e-05
	0	51	-27.000000	60.750000	9.895286e+04	1.131152e-04
	189	65	20.250000	57.250000	9.718850e+04	2.478970e-04
	282	121	43.500000	43.250000	1.005550e+05	2.423896e-05
	235	151	31.750000	35.750000	1.002860e+05	1.714457e-04
2022	2	19	9	3
	6	14	-25.500000	70.000000	1.000978e+05	-2.953909e-05
	139	24	7.750000	67.500000	9.835310e+04	1.612793e-04
	276	29	42.000000	66.250000	9.767302e+04	5.524909e-05
	144	34	9.000000	65.000000	9.835310e+04	5.798874e-05
	196	65	22.000000	57.250000	9.713188e+04	1.664841e-04
	159	106	12.750000	47.000000	1.003670e+05	-6.900502e-05
	138	117	7.500000	44.250000	1.009427e+05	1.577359e-04
	282	121	43.500000	43.250000	1.006696e+05	5.111326e-05
	233	156	31.250000	34.500000	1.003593e+05	2.029662e-04
2022	2	19	9	6
	139	25	7.750000	67.250000	9.836630e+04	1.365225e-04
	280	26	43.000000	67.000000	9.763092e+04	9.936347e-05
	261	32	38.250000	65.500000	9.763092e+04	1.425548e-04
	209	65	25.250000	57.250000	9.720854e+04	1.279626e-04
	191	98	20.750000	49.000000	9.970242e+04	4.282353e-05
	138	117	7.500000	44.250000	1.009572e+05	1.263467e-04
	282	121	43.500000	43.250000	1.009606e+05	6.645298e-05
	238	150	32.500000	36.000000	1.006187e+05	-5.538221e-05
	233	160	31.250000	33.500000	1.006187e+05	1.489155e-04
2022	2	19	4	9
	139	25	7.750000	67.250000	9.850927e+04	1.321915e-04
	284	25	44.000000	67.250000	9.776354e+04	1.107647e-04
	261	32	38.250000	65.500000	9.776354e+04	1.447584e-04
	227	66	29.750000	57.000000	9.724645e+04	1.801635e-04
2022	2	19	5	12
	286	25	44.500000	67.250000	9.794692e+04	1.291918e-04
	140	26	8.000000	67.000000	9.858793e+04	1.408234e-04
	261	32	38.250000	65.500000	9.795209e+04	1.347313e-04
	236	65	32.000000	57.250000	9.726683e+04	1.824104e-04
	157	107	12.250000	46.750000	1.010092e+05	3.034915e-06
2022	2	19	5	15
	142	27	8.500000	66.750000	9.870952e+04	1.494340e-04
	261	32	38.250000	65.500000	9.823686e+04	1.494507e-04
	245	63	34.250000	57.750000	9.735218e+04	1.825003e-04
	155	108	11.750000	46.500000	1.010551e+05	-6.043547e-06
	97	144	-2.750000	37.500000	1.014389e+05	5.586250e-05
2022	2	19	5	18
	202	5	23.500000	72.250000	9.886634e+04	1.018332e-04
	144	29	9.000000	66.250000	9.882426e+04	1.681725e-04
	251	62	35.750000	58.000000	9.749280e+04	1.906279e-04
	156	117	12.000000	44.250000	1.015064e+05	3.460099e-05
	136	120	7.000000	43.500000	1.014805e+05	1.014589e-04
2022	2	19	4	21
	148	31	10.000000	65.750000	9.894818e+04	1.987616e-04
	0	46	-27.000000	62.000000	9.594373e+04	1.409383e-04
	258	60	37.500000	58.500000	9.761690e+04	1.800993e-04
	147	127	9.750000	41.750000	1.017153e+05	4.252588e-05
2022	2	20	5	0
	218	7	27.500000	71.750000	9.898759e+04	1.077172e-04
	152	33	11.000000	65.250000	9.908263e+04	2.174579e-04
	0	45	-27.000000	62.250000	9.527533e+04	2.156192e-04
	288	54	45.000000	60.000000	9.836329e+04	3.722991e-05
	265	58	39.250000	59.000000	9.776470e+04	1.573736e-04
