2022	2	16	5	0
	54	39	-13.500000	63.750000	9.729214e+04	3.607672e-04
	118	53	2.500000	60.250000	9.803859e+04	1.763695e-04
	65	67	-10.750000	56.750000	9.741262e+04	2.926197e-04
	66	67	-10.500000	56.750000	9.741262e+04	2.890709e-04
	171	121	15.750000	43.250000	1.014636e+05	2.099972e-05
2022	2	16	5	3
	49	37	-14.750000	64.250000	9.742237e+04	3.613847e-04
	122	52	3.500000	60.500000	9.800132e+04	1.684576e-04
	75	67	-8.250000	56.750000	9.745823e+04	2.447952e-04
	280	121	43.000000	43.250000	1.021682e+05	2.247779e-05
	173	123	16.250000	42.750000	1.014085e+05	3.979452e-05
2022	2	16	3	6
	120	33	3.000000	65.250000	9.786622e+04	2.197982e-04
	84	66	-6.000000	57.000000	9.765231e+04	2.325548e-04
	99	68	-2.250000	56.500000	9.765231e+04	1.982249e-04
2022	2	16	5	9
	114	34	1.500000	65.000000	9.776980e+04	2.131713e-04
	48	60	-15.000000	58.500000	9.744958e+04	1.006168e-04
	108	66	0.000000	57.000000	9.767858e+04	2.127498e-04
	109	66	0.250000	57.000000	9.767858e+04	2.149163e-04
	184	129	19.000000	41.250000	1.014620e+05	1.275964e-04
2022	2	16	6	12
	108	34	0.000000	65.000000	9.757430e+04	1.957562e-04
	55	59	-13.250000	58.750000	9.720925e+04	1.765014e-04
	121	66	3.250000	57.000000	9.750180e+04	1.960721e-04
	63	68	-11.250000	56.500000	9.720925e+04	1.726236e-04
	184	126	19.000000	42.000000	1.012124e+05	1.145155e-04
	183	141	18.750000	38.250000	1.012103e+05	1.537011e-04
2022	2	16	4	15
	104	35	-1.000000	64.750000	9.744077e+04	1.818532e-04
	63	57	-11.250000	59.250000	9.705559e+04	2.282287e-04
	77	67	-7.750000	56.750000	9.707634e+04	2.646321e-04
	185	137	19.250000	39.250000	1.010502e+05	1.721763e-04
2022	2	16	3	18
	97	66	-2.750000	57.000000	9.699503e+04	2.290951e-04
	279	120	42.750000	43.500000	1.022391e+05	-9.796285e-06
	186	135	19.500000	39.750000	1.011259e+05	1.444990e-04
2022	2	16	6	21
	288	10	45.000000	71.000000	9.902931e+04	1.001844e-04
	69	57	-9.750000	59.250000	9.721507e+04	2.433645e-04
	114	66	1.500000	57.000000	9.679812e+04	2.265980e-04
	137	117	7.250000	44.250000	1.010851e+05	6.000287e-05
	278	120	42.500000	43.500000	1.021773e+05	-2.935512e-05
	186	135	19.500000	39.750000	1.011771e+05	1.042032e-04
2022	2	17	6	0
	288	10	45.000000	71.000000	9.899046e+04	1.216399e-04
	82	57	-6.500000	59.250000	9.727531e+04	2.127025e-04
	192	62	21.000000	58.000000	9.673536e+04	2.353623e-04
	159	64	12.750000	57.500000	9.662825e+04	1.829744e-04
	128	67	5.000000	56.750000	9.669509e+04	2.578706e-04
	137	117	7.250000	44.250000	1.009930e+05	7.597536e-05
2022	2	17	3	3
	288	11	45.000000	70.750000	9.900147e+04	1.123152e-04
	199	58	22.750000	59.000000	9.635930e+04	2.881830e-04
	166	64	14.500000	57.500000	9.640444e+04	2.055587e-04
2022	2	17	8	6
	288	12	45.000000	70.500000	9.903136e+04	9.017575e-05
	124	39	4.000000	63.750000	9.727043e+04	8.606089e-05
	203	54	23.750000	60.000000	9.611159e+04	2.901573e-04
	181	64	18.250000	57.500000	9.625235e+04	1.219046e-04
	193	69	21.250000	56.250000	9.625235e+04	1.639031e-04
	5	110	-25.750000	46.000000	1.001116e+05	1.756386e-04
	137	113	7.250000	45.250000	1.006578e+05	-2.633165e-05
	279	121	42.750000	43.250000	1.017161e+05	-2.234703e-05
2022	2	17	6	9
	204	52	24.000000	60.500000	9.600117e+04	2.504942e-04
	204	66	24.000000	57.000000	9.604836e+04	1.977923e-04
	16	103	-23.000000	47.750000	9.954535e+04	2.254555e-04
	137	113	7.250000	45.250000	1.007305e+05	-3.253130e-06
	278	120	42.500000	43.500000	1.017169e+05	-1.679335e-05
	202	147	23.500000	36.750000	1.013100e+05	6.092125e-05
2022	2	17	3	12
	205	51	24.250000	60.750000	9.586103e+04	2.168604e-04
	213	61	26.250000	58.250000	9.586103e+04	2.376107e-04
	25	96	-20.750000	49.500000	9.912337e+04	1.839967e-04
2022	2	17	2	15
	217	58	27.250000	59.000000	9.581699e+04	2.113470e-04
	33	89	-18.750000	51.250000	9.840947e+04	2.352694e-04
2022	2	17	4	18
	217	51	27.250000	60.750000	9.573238e+04	1.060396e-04
	39	83	-17.250000	52.750000	9.754567e+04	4.119147e-04
	29	89	-19.750000	51.250000	9.754567e+04	4.397229e-04
	151	111	10.750000	45.750000	1.009209e+05	8.977516e-05
2022	2	17	2	21
	223	48	28.750000	61.500000	9.573568e+04	1.563567e-04
	43	82	-16.250000	53.000000	9.721774e+04	5.927521e-04
2022	2	18	3	0
	39	42	-17.250000	63.000000	9.875784e+04	1.606474e-04
	224	45	29.000000	62.250000	9.577264e+04	1.835308e-04
	52	82	-14.000000	53.000000	9.680866e+04	6.013112e-04
2022	2	18	3	3
	226	41	29.500000	63.250000	9.583618e+04	2.002327e-04
	36	42	-18.000000	63.000000	9.853450e+04	2.075468e-04
	66	78	-10.500000	54.000000	9.649912e+04	3.983032e-04
2022	2	18	5	6
	132	32	6.000000	65.500000	9.795429e+04	1.830550e-04
	227	41	29.750000	63.250000	9.597176e+04	1.457481e-04
	33	42	-18.750000	63.000000	9.837486e+04	2.572091e-04
	80	76	-7.000000	54.500000	9.652570e+04	3.104352e-04
	138	117	7.500000	44.250000	1.014837e+05	1.144009e-04
2022	2	18	5	9
	136	34	7.000000	65.000000	9.784781e+04	1.511879e-04
	229	40	30.250000	63.500000	9.617213e+04	1.609232e-04
	31	44	-19.250000	62.500000	9.834435e+04	2.780177e-04
	96	72	-3.000000	55.500000	9.655260e+04	3.452269e-04
	255	157	36.750000	34.250000	1.009039e+05	2.422021e-05
2022	2	18	6	12
	141	34	8.250000	65.000000	9.781652e+04	1.593973e-04
	233	36	31.250000	64.500000	9.635647e+04	1.325807e-04
	32	44	-19.000000	62.500000	9.836008e+04	3.236326e-04
	108	68	0.000000	56.500000	9.649755e+04	3.249347e-04
	230	134	30.500000	40.000000	1.005196e+05	5.079882e-05
	257	162	37.250000	33.000000	1.006496e+05	-2.084315e-05
2022	2	18	5	15
	147	35	9.750000	64.750000	9.766568e+04	1.932199e-04
	236	35	32.000000	64.750000	9.650274e+04	1.221704e-04
	33	45	-18.750000	62.250000	9.839673e+04	3.187915e-04
	120	67	3.000000	56.750000	9.638573e+04	2.998687e-04
	235	135	31.750000	39.750000	1.005392e+05	2.368425e-05
2022	2	18	5	18
	242	33	33.500000	65.250000	9.660482e+04	1.170213e-04
	149	34	10.250000	65.000000	9.755464e+04	1.615417e-04
	36	45	-18.000000	62.250000	9.842205e+04	2.766031e-04
	130	66	5.500000	57.000000	9.649315e+04	2.430571e-04
	221	148	28.250000	36.500000	1.007375e+05	1.587466e-04
2022	2	18	9	21
	263	20	38.750000	68.500000	9.671602e+04	8.910029e-05
	264	20	39.000000	68.500000	9.672750e+04	8.496222e-05
	250	32	35.500000	65.500000	9.669148e+04	1.277927e-04
	148	33	10.000000	65.250000	9.756927e+04	1.523966e-04
	37	45	-17.750000	62.250000	9.844265e+04	2.552801e-04
	1	57	-26.750000	59.250000	9.801626e+04	1.743604e-04
	145	64	9.250000	57.500000	9.666380e+04	2.648292e-04
	221	150	28.250000	36.000000	1.008192e+05	8.730925e-05
	258	161	37.500000	33.250000	1.008324e+05	-2.653628e-05
2022	2	19	7	0
	263	19	38.750000	68.750000	9.680960e+04	1.066314e-04
	255	31	36.750000	65.750000	9.680740e+04	1.327956e-04
	148	33	10.000000	65.250000	9.758531e+04	1.434771e-04
	35	45	-18.250000	62.250000	9.833020e+04	2.289944e-04
	7	56	-25.250000	59.500000	9.789342e+04	2.451776e-04
	153	64	11.250000	57.500000	9.687802e+04	2.484642e-04
	136	114	7.000000	45.000000	1.012893e+05	4.568643e-05
2022	2	19	10	3
	263	19	38.750000	68.750000	9.690287e+04	9.441128e-05
	260	29	38.000000	66.250000	9.690287e+04	1.165375e-04
	150	33	10.500000	65.250000	9.759679e+04	1.582799e-04
	12	55	-24.000000	59.750000	9.787723e+04	2.420674e-04
	188	58	20.000000	59.000000	9.713014e+04	1.521820e-04
	27	59	-20.250000	58.750000	9.787723e+04	2.692433e-04
	172	62	16.000000	58.000000	9.713014e+04	1.472322e-04
	173	62	16.250000	58.000000	9.713014e+04	1.404157e-04
	137	117	7.250000	44.250000	1.012822e+05	1.253797e-04
	223	162	28.750000	33.000000	1.008643e+05	4.626177e-05
2022	2	19	6	6
	276	16	42.000000	69.500000	9.693134e+04	1.028767e-04
	267	27	39.750000	66.750000	9.693134e+04	1.249087e-04
	125	30	4.250000	66.000000	9.763595e+04	8.530450e-05
	150	33	10.500000	65.250000	9.763595e+04	1.819341e-04
	191	58	20.750000	59.000000	9.728302e+04	1.544502e-04
	137	117	7.250000	44.250000	1.013373e+05	1.062815e-04
2022	2	19	9	9
	288	13	45.000000	70.250000	9.702586e+04	1.011645e-04
	120	29	3.000000	66.250000	9.789893e+04	1.041681e-04
	150	34	10.500000	65.000000	9.780896e+04	1.698420e-04
	23	55	-21.250000	59.750000	9.832658e+04	2.011366e-04
	24	55	-21.000000	59.750000	9.832658e+04	1.937863e-04
	200	57	23.000000	59.250000	9.748654e+04	1.244460e-04
	73	66	-8.750000	57.000000	9.811723e+04	2.543686e-04
	147	111	9.750000	45.750000	1.015162e+05	7.036495e-05
	138	117	7.500000	44.250000	1.015162e+05	9.002036e-05
2022	2	19	9	12
	120	30	3.000000	66.000000	9.814460e+04	9.134306e-05
	152	34	11.000000	65.000000	9.804017e+04	1.522370e-04
	4	43	-26.000000	62.750000	9.853954e+04	1.274123e-04
	22	54	-21.500000	60.000000	9.843777e+04	2.198830e-04
	215	55	26.750000	59.750000	9.768030e+04	9.176330e-05
	216	56	27.000000	59.500000	9.768030e+04	9.685240e-05
	79	66	-7.250000	57.000000	9.817716e+04	2.680585e-04
	95	68	-3.250000	56.500000	9.817716e+04	1.682142e-04
	138	117	7.500000	44.250000	1.015490e+05	7.760536e-05
2022	2	19	7	15
	121	30	3.250000	66.000000	9.825800e+04	8.401278e-05
	155	35	11.750000	64.750000	9.829952e+04	1.390861e-04
	22	52	-21.500000	60.500000	9.831273e+04	2.321475e-04
	228	55	30.000000	59.750000	9.782752e+04	1.109548e-04
	105	67	-0.750000	56.750000	9.835929e+04	1.761664e-04
	84	68	-6.000000	56.500000	9.835929e+04	3.493713e-04
	136	120	7.000000	43.500000	1.014853e+05	9.711829e-05
2022	2	19	7	18
	120	31	3.000000	65.750000	9.832343e+04	7.965555e-05
	15	49	-23.250000	61.250000	9.797726e+04	2.087809e-04
	250	49	35.500000	61.250000	9.794800e+04	6.634955e-05
	237	54	32.250000	60.000000	9.794800e+04	9.954521e-05
	0	64	-27.000000	57.500000	9.778348e+04	1.388654e-04
	120	67	3.000000	56.750000	9.838934e+04	1.564725e-04
	281	162	43.250000	33.000000	1.009349e+05	9.358184e-05
2022	2	19	5	21
	120	32	3.000000	65.500000	9.835064e+04	7.457896e-05
	9	46	-24.750000	62.000000	9.737943e+04	2.219738e-04
	0	61	-27.000000	58.250000	9.699393e+04	1.342901e-04
	129	67	5.250000	56.750000	9.835646e+04	1.652584e-04
	280	162	43.000000	33.000000	1.010189e+05	8.933170e-05
2022	2	20	6	0
	120	33	3.000000	65.250000	9.847002e+04	1.008896e-04
	0	44	-27.000000	62.500000	9.698670e+04	2.140027e-04
	3	59	-26.250000	58.750000	9.653467e+04	2.520956e-04
	141	66	8.250000	57.000000	9.836841e+04	1.515948e-04
	281	148	43.250000	36.500000	1.011707e+05	3.241192e-05
	282	162	43.500000	33.000000	1.011458e+05	1.017308e-04
