2022	2	14	8	0
	2	6	-26.500000	72.000000	9.975147e+04	9.122581e-06
	222	10	28.500000	71.000000	9.837526e+04	1.509633e-04
	194	12	21.500000	70.500000	9.837526e+04	8.796639e-05
	1	17	-26.750000	69.250000	9.975147e+04	3.925364e-06
	218	24	27.500000	67.500000	9.849047e+04	1.337057e-04
	117	61	2.250000	58.250000	9.842130e+04	9.535061e-05
	105	71	-0.750000	55.750000	9.842130e+04	1.166598e-04
	106	71	-0.500000	55.750000	9.842130e+04	9.731250e-05
2022	2	14	4	3
	215	9	26.750000	71.250000	9.806180e+04	2.074775e-04
	234	20	31.500000	68.500000	9.811042e+04	9.155664e-05
	118	61	2.500000	58.250000	9.839511e+04	9.663711e-05
	109	70	0.250000	56.000000	9.839511e+04	1.439403e-04
2022	2	14	2	6
	217	8	27.250000	71.500000	9.791680e+04	2.837825e-04
	111	70	0.750000	56.000000	9.841514e+04	1.358732e-04
2022	2	14	4	9
	70	2	-9.500000	73.000000	1.001534e+05	9.373064e-05
	217	10	27.250000	71.000000	9.799880e+04	3.406901e-04
	0	51	-27.000000	60.750000	9.799230e+04	1.196771e-04
	113	70	1.250000	56.000000	9.854953e+04	1.533233e-04
2022	2	14	4	12
	235	5	31.750000	72.250000	9.802226e+04	1.396895e-04
	233	14	31.250000	70.000000	9.802226e+04	2.694319e-04
	0	47	-27.000000	61.750000	9.762098e+04	1.359631e-04
	130	65	5.500000	57.250000	9.845127e+04	1.738463e-04
2022	2	14	4	15
	227	5	29.750000	72.250000	9.800839e+04	3.126436e-04
	245	13	34.250000	70.250000	9.800839e+04	2.177072e-04
	133	62	6.250000	58.000000	9.833417e+04	1.947236e-04
	116	126	2.000000	42.000000	1.009786e+05	6.434507e-06
2022	2	14	5	18
	228	5	30.000000	72.250000	9.800171e+04	3.721543e-04
	228	6	30.000000	72.000000	9.800171e+04	3.803772e-04
	252	12	36.000000	70.500000	9.800171e+04	1.808349e-04
	1	40	-26.750000	63.500000	9.697764e+04	2.243208e-04
	133	60	6.250000	58.500000	9.848824e+04	2.454248e-04
2022	2	14	5	21
	231	9	30.750000	71.250000	9.799898e+04	2.303469e-04
	257	12	37.250000	70.500000	9.799898e+04	2.319266e-04
	0	36	-27.000000	64.500000	9.689581e+04	1.647815e-04
	18	42	-22.500000	63.000000	9.689581e+04	1.690069e-04
	136	62	7.000000	58.000000	9.857829e+04	2.776254e-04
2022	2	15	6	0
	255	4	36.750000	72.500000	9.805838e+04	9.499552e-05
	6	7	-25.500000	71.750000	9.963249e+04	6.298751e-05
	264	12	39.000000	70.500000	9.805838e+04	2.443347e-04
	127	51	4.750000	60.750000	9.858034e+04	1.176061e-04
	143	59	8.750000	58.750000	9.858034e+04	2.743977e-04
	145	118	9.250000	44.000000	1.012066e+05	1.304946e-04
2022	2	15	6	3
	244	6	34.000000	72.000000	9.816332e+04	1.187292e-04
	269	11	40.250000	70.750000	9.816332e+04	2.381089e-04
	125	49	4.250000	61.250000	9.859147e+04	1.415117e-04
	126	49	4.500000	61.250000	9.856340e+04	1.319380e-04
	148	56	10.000000	59.500000	9.851820e+04	2.910182e-04
	146	118	9.500000	44.000000	1.011082e+05	1.104742e-04
2022	2	15	8	6
	246	9	34.500000	71.250000	9.824190e+04	1.560949e-04
	274	10	41.500000	71.000000	9.824190e+04	2.309794e-04
	26	38	-20.500000	64.000000	9.730975e+04	1.111301e-04
	125	48	4.250000	61.500000	9.871148e+04	1.755595e-04
	152	54	11.000000	60.000000	9.860140e+04	2.656397e-04
	0	86	-27.000000	52.000000	9.875975e+04	1.258132e-04
	147	117	9.750000	44.250000	1.011724e+05	9.719627e-05
	151	125	10.750000	42.250000	1.011724e+05	6.361913e-05
2022	2	15	7	9
	274	9	41.500000	71.250000	9.839922e+04	2.275384e-04
	0	37	-27.000000	64.250000	9.741401e+04	-2.048869e-05
	39	40	-17.250000	63.500000	9.767422e+04	1.769643e-04
	126	47	4.500000	61.750000	9.870035e+04	1.890818e-04
	156	51	12.000000	60.750000	9.872877e+04	2.135522e-04
	8	83	-25.000000	52.750000	9.857846e+04	2.204944e-04
	158	113	12.500000	45.250000	1.013073e+05	1.001149e-04
2022	2	15	7	12
	277	9	42.250000	71.250000	9.855518e+04	2.240721e-04
	35	36	-18.250000	64.500000	9.766669e+04	1.430035e-04
	0	40	-27.000000	63.500000	9.747872e+04	1.513603e-05
	134	41	6.500000	63.250000	9.864796e+04	1.429639e-04
	162	49	13.500000	61.250000	9.872705e+04	1.902480e-04
	19	81	-22.250000	53.250000	9.850245e+04	2.300471e-04
	158	119	12.500000	43.750000	1.013042e+05	9.729849e-06
2022	2	15	5	15
	280	9	43.000000	71.250000	9.864095e+04	2.274523e-04
	168	47	15.000000	61.750000	9.869145e+04	1.443591e-04
	38	79	-17.500000	53.750000	9.840915e+04	2.171815e-04
	163	123	13.750000	42.750000	1.013403e+05	2.236765e-05
	154	162	11.500000	33.000000	1.015706e+05	2.866830e-05
2022	2	15	5	18
	283	9	43.750000	71.250000	9.877242e+04	2.488176e-04
	174	45	16.500000	62.250000	9.876130e+04	7.865860e-05
	116	52	2.000000	60.500000	9.813712e+04	1.453717e-04
	54	77	-13.500000	54.250000	9.834307e+04	2.036685e-04
	162	162	13.500000	33.000000	1.016161e+05	-2.832211e-05
2022	2	15	8	21
	287	10	44.750000	71.000000	9.885511e+04	1.494300e-04
	0	39	-27.000000	63.750000	9.739723e+04	3.540151e-06
	182	43	18.500000	62.750000	9.879125e+04	1.040670e-04
	99	49	-2.250000	61.250000	9.798613e+04	1.175141e-04
	121	50	3.250000	61.000000	9.798613e+04	1.860409e-04
	65	76	-10.750000	54.500000	9.825594e+04	1.833368e-04
	177	116	17.250000	44.500000	1.016416e+05	4.355789e-07
	162	161	13.500000	33.250000	1.017364e+05	1.660173e-05
2022	2	16	9	0
	288	9	45.000000	71.250000	9.890835e+04	1.042009e-04
	126	36	4.500000	64.500000	9.796285e+04	1.818111e-04
	186	41	19.500000	63.250000	9.873270e+04	1.343995e-04
	125	48	4.250000	61.500000	9.790824e+04	1.987403e-04
	103	49	-1.250000	61.250000	9.790824e+04	1.160916e-04
	77	75	-7.750000	54.750000	9.836276e+04	2.362877e-04
	78	75	-7.500000	54.750000	9.836276e+04	2.326623e-04
	152	126	11.000000	42.000000	1.017318e+05	1.153501e-04
	164	159	14.000000	33.750000	1.017022e+05	4.033502e-05
2022	2	16	5	3
	122	36	3.500000	64.500000	9.780673e+04	1.753564e-04
	127	47	4.750000	61.750000	9.780673e+04	1.622426e-04
	108	49	0.000000	61.250000	9.789009e+04	1.049723e-04
	101	78	-1.750000	54.000000	9.845605e+04	1.360618e-04
	167	157	14.750000	34.250000	1.015379e+05	8.699754e-05
2022	2	16	6	6
	238	11	32.500000	70.750000	9.919698e+04	2.447628e-05
	239	11	32.750000	70.750000	9.919048e+04	1.815347e-05
	120	36	3.000000	64.500000	9.772917e+04	1.908511e-04
	120	78	3.000000	54.000000	9.842455e+04	1.526149e-04
	169	154	15.250000	35.000000	1.015601e+05	1.016150e-04
	169	155	15.250000	34.750000	1.015601e+05	1.057199e-04
2022	2	16	9	9
	288	6	45.000000	72.000000	9.907166e+04	9.874172e-05
	118	36	2.500000	64.500000	9.772952e+04	1.844577e-04
	145	42	9.250000	63.000000	9.776512e+04	-3.159315e-05
	170	47	15.500000	61.750000	9.803578e+04	9.518056e-05
	123	49	3.750000	61.250000	9.778481e+04	9.751815e-05
	43	71	-16.250000	55.750000	9.816229e+04	1.140413e-04
	21	75	-21.750000	54.750000	9.814021e+04	1.580993e-04
	138	77	7.500000	54.250000	9.824857e+04	2.324577e-04
	171	150	15.750000	36.000000	1.016375e+05	1.119570e-04
2022	2	16	8	12
	116	35	2.000000	64.750000	9.773996e+04	1.943773e-04
	183	43	18.750000	62.750000	9.794162e+04	1.057277e-04
	53	68	-13.750000	56.500000	9.778002e+04	1.677258e-04
	36	73	-18.000000	55.250000	9.778002e+04	2.073662e-04
	151	77	10.750000	54.250000	9.812873e+04	2.603648e-04
	137	116	7.250000	44.500000	1.012527e+05	8.557191e-05
	278	120	42.500000	43.500000	1.019427e+05	1.130614e-05
	174	151	16.500000	35.750000	1.014254e+05	1.409970e-04
2022	2	16	9	15
	287	4	44.750000	72.500000	9.901021e+04	1.024114e-04
	116	36	2.000000	64.500000	9.769494e+04	1.785816e-04
	187	42	19.750000	63.000000	9.787246e+04	1.201684e-04
	62	66	-11.500000	57.000000	9.736642e+04	2.298632e-04
	165	77	14.250000	54.250000	9.808474e+04	2.641253e-04
	280	121	43.000000	43.250000	1.020371e+05	1.060123e-05
	168	144	15.000000	37.500000	1.012316e+05	2.135356e-05
	176	150	17.000000	36.000000	1.012316e+05	1.340977e-04
	287	153	44.750000	35.250000	1.014925e+05	1.526653e-05
2022	2	16	9	18
	284	2	44.000000	73.000000	9.894909e+04	1.306503e-04
	114	37	1.500000	64.250000	9.761755e+04	1.563998e-04
	188	42	20.000000	63.000000	9.782932e+04	1.287761e-04
	70	65	-9.500000	57.250000	9.699270e+04	2.454720e-04
	93	74	-3.750000	55.000000	9.738371e+04	2.817968e-04
	280	121	43.000000	43.250000	1.021441e+05	6.464726e-07
	168	144	15.000000	37.500000	1.012616e+05	-2.408742e-05
	179	149	17.750000	36.250000	1.012616e+05	1.300079e-04
	287	153	44.750000	35.250000	1.015598e+05	1.065137e-05
2022	2	16	9	21
	276	1	42.000000	73.250000	9.890663e+04	1.077059e-04
	112	37	1.000000	64.250000	9.759068e+04	1.450591e-04
	190	42	20.500000	63.000000	9.777591e+04	1.529685e-04
	73	66	-8.750000	57.000000	9.698809e+04	3.443729e-04
	107	72	-0.250000	55.500000	9.703465e+04	3.389628e-04
	137	117	7.250000	44.250000	1.011075e+05	8.003612e-05
	279	120	42.750000	43.500000	1.020775e+05	-6.499240e-06
	180	148	18.000000	36.500000	1.012896e+05	1.337672e-04
	287	153	44.750000	35.250000	1.015247e+05	2.609665e-06
2022	2	17	11	0
	269	0	40.250000	73.500000	9.888233e+04	7.397422e-05
	143	36	8.750000	64.500000	9.760780e+04	7.078446e-05
	112	38	1.000000	64.000000	9.759719e+04	1.540781e-04
	113	38	1.250000	64.000000	9.759719e+04	1.527002e-04
	193	41	21.250000	63.250000	9.773038e+04	1.330554e-04
	192	42	21.000000	63.000000	9.773038e+04	1.399038e-04
	84	68	-6.000000	56.500000	9.750765e+04	3.524289e-04
	118	72	2.500000	55.500000	9.657756e+04	3.635715e-04
	137	117	7.250000	44.250000	1.010346e+05	1.081479e-04
	278	120	42.500000	43.500000	1.020240e+05	-3.726440e-05
	180	146	18.000000	37.000000	1.012338e+05	1.234063e-04
2022	2	17	8	3
	262	0	38.500000	73.500000	9.884107e+04	8.260668e-05
	145	36	9.250000	64.500000	9.762441e+04	5.754811e-05
	115	39	1.750000	63.750000	9.761533e+04	1.167381e-04
	194	41	21.500000	63.250000	9.760883e+04	1.071038e-04
	128	73	5.000000	55.250000	9.654675e+04	3.888994e-04
	138	117	7.500000	44.250000	1.007677e+05	1.310861e-04
	278	120	42.500000	43.500000	1.018921e+05	-3.721770e-05
	180	145	18.000000	37.250000	1.011385e+05	1.204737e-04
2022	2	17	12	6
	147	35	9.750000	64.750000	9.770658e+04	4.547874e-05
	118	40	2.500000	63.500000	9.773243e+04	1.072060e-04
	119	40	2.750000	63.500000	9.772387e+04	9.541159e-05
	120	40	3.000000	63.500000	9.771342e+04	8.476123e-05
	210	53	25.500000	60.250000	9.757510e+04	6.106646e-05
	141	75	8.250000	54.750000	9.668798e+04	3.970629e-04
	6	76	-25.500000	54.500000	1.000579e+05	2.017054e-04
	161	76	13.250000	54.500000	9.668798e+04	2.370690e-04
	0	102	-27.000000	48.000000	1.005958e+05	7.432844e-05
	3	111	-26.250000	45.750000	1.005958e+05	6.479756e-05
	279	121	42.750000	43.250000	1.017484e+05	-3.348132e-05
	180	145	18.000000	37.250000	1.012593e+05	1.128528e-04
2022	2	17	10	9
	147	35	9.750000	64.750000	9.777129e+04	8.137124e-05
	123	40	3.750000	63.500000	9.777129e+04	8.500837e-05
	215	50	26.750000	61.000000	9.743455e+04	7.060308e-05
	214	51	26.500000	60.750000	9.743455e+04	7.844143e-05
	151	77	10.750000	54.250000	9.691567e+04	3.782522e-04
	173	77	16.250000	54.250000	9.695864e+04	2.236277e-04
	10	98	-24.500000	49.000000	1.002178e+05	1.536292e-04
	0	106	-27.000000	47.000000	1.006677e+05	7.983456e-05
	278	120	42.500000	43.500000	1.015105e+05	-1.874914e-05
	180	144	18.000000	37.500000	1.013845e+05	9.922055e-05
2022	2	17	7	12
	1	36	-26.750000	64.500000	9.946387e+04	6.209996e-05
	149	36	10.250000	64.500000	9.786818e+04	5.960049e-05
	219	47	27.750000	61.750000	9.732054e+04	9.019348e-05
	177	78	17.250000	54.000000	9.728990e+04	1.722456e-04
	196	80	22.000000	53.500000	9.728990e+04	1.999367e-04
	21	92	-21.750000	50.500000	9.982988e+04	2.297831e-04
	22	100	-21.500000	48.500000	9.982988e+04	8.210110e-05
2022	2	17	7	15
	151	36	10.750000	64.500000	9.801267e+04	5.337074e-05
	224	45	29.000000	62.250000	9.725908e+04	1.338938e-04
	23	65	-21.250000	57.250000	9.939248e+04	1.906830e-04
	207	79	24.750000	53.750000	9.727688e+04	1.818721e-04
	33	85	-18.750000	52.250000	9.924902e+04	2.678690e-04
	34	93	-18.500000	50.250000	9.924902e+04	1.311134e-04
	159	107	12.750000	46.750000	9.950050e+04	-3.942537e-05
2022	2	17	5	18
	226	41	29.500000	63.250000	9.717143e+04	1.255233e-04
	26	62	-20.500000	58.000000	9.890989e+04	2.351629e-04
	217	77	27.250000	54.250000	9.735152e+04	1.895031e-04
	42	80	-16.500000	53.500000	9.887291e+04	3.007401e-04
	153	111	11.250000	45.750000	1.004587e+05	1.314516e-04
2022	2	17	4	21
	229	37	30.250000	64.250000	9.719300e+04	1.581301e-04
	26	59	-20.500000	58.750000	9.835899e+04	2.951960e-04
	50	75	-14.500000	54.750000	9.831773e+04	3.435272e-04
	225	75	29.250000	54.750000	9.757579e+04	1.683392e-04
2022	2	18	5	0
	232	34	31.000000	65.000000	9.717811e+04	1.379303e-04
	27	58	-20.250000	59.000000	9.790978e+04	3.390697e-04
	45	60	-15.750000	58.500000	9.738988e+04	1.461647e-04
	58	70	-12.500000	56.000000	9.735375e+04	4.815071e-04
	232	74	31.000000	55.000000	9.781220e+04	1.573932e-04
2022	2	18	4	3
	242	22	33.500000	68.000000	9.719865e+04	6.863335e-05
	236	32	32.000000	65.500000	9.719865e+04	1.330451e-04
	28	58	-20.000000	59.000000	9.764118e+04	3.337076e-04
	64	65	-11.000000	57.250000	9.603677e+04	5.400353e-04
2022	2	18	1	6
	74	62	-8.500000	58.000000	9.536295e+04	6.145504e-04
2022	2	18	2	9
	123	27	3.750000	66.750000	9.836670e+04	1.223409e-04
	79	59	-7.250000	58.750000	9.484373e+04	6.969336e-04
2022	2	18	5	12
	227	5	29.750000	72.250000	9.712161e+04	2.125311e-04
	246	20	34.500000	68.500000	9.722673e+04	6.427338e-05
	246	21	34.500000	68.250000	9.724727e+04	6.834399e-05
	105	53	-0.750000	60.250000	9.502519e+04	2.137281e-04
	83	59	-6.250000	58.750000	9.491597e+04	5.624084e-04
2022	2	18	6	15
	226	7	29.500000	71.750000	9.696891e+04	2.662383e-04
	0	44	-27.000000	62.500000	9.879484e+04	1.180334e-04
	102	51	-1.500000	60.750000	9.509658e+04	2.393961e-04
	103	51	-1.250000	60.750000	9.509658e+04	2.403854e-04
	91	60	-4.250000	58.500000	9.509658e+04	5.665823e-04
	203	149	23.750000	36.250000	1.006607e+05	1.636394e-04
2022	2	18	6	18
	227	3	29.750000	72.750000	9.682853e+04	2.066439e-04
	0	42	-27.000000	63.000000	9.867552e+04	1.657431e-04
	116	49	2.000000	61.250000	9.553277e+04	2.259859e-04
	102	62	-1.500000	58.000000	9.519621e+04	4.215964e-04
	209	148	25.250000	36.500000	1.006737e+05	9.542872e-05
	202	154	23.500000	35.000000	1.006737e+05	2.062786e-04
2022	2	18	5	21
	226	2	29.500000	73.000000	9.667377e+04	1.966907e-04
	120	48	3.000000	61.500000	9.584229e+04	1.594032e-04
	152	52	11.000000	60.500000	9.652843e+04	2.800810e-04
	115	62	1.750000	58.000000	9.545899e+04	4.391547e-04
	202	158	23.500000	34.000000	1.007552e+05	2.079159e-04
2022	2	19	6	0
	220	0	28.000000	73.500000	9.654333e+04	1.228736e-04
	221	0	28.250000	73.500000	9.654333e+04	1.251655e-04
	36	42	-18.000000	63.000000	9.915178e+04	7.135625e-05
	156	49	12.000000	61.250000	9.634782e+04	2.710591e-04
	126	62	4.500000	58.000000	9.560947e+04	4.441956e-04
	201	162	23.250000	33.000000	1.007908e+05	1.478507e-04
2022	2	19	4	3
	213	0	26.250000	73.500000	9.642605e+04	1.246276e-04
	159	47	12.750000	61.750000	9.634234e+04	2.639587e-04
	136	63	7.000000	57.750000	9.584007e+04	3.937412e-04
	250	162	35.500000	33.000000	1.009181e+05	-3.342646e-05
2022	2	19	8	6
	209	0	25.250000	73.500000	9.622114e+04	1.864981e-04
	169	44	15.250000	62.500000	9.622200e+04	2.684493e-04
	150	47	10.500000	61.750000	9.622200e+04	-4.862264e-06
	150	65	10.500000	57.250000	9.632077e+04	3.975762e-04
	158	105	12.500000	47.250000	1.010000e+05	-3.424223e-05
	139	109	7.750000	46.250000	1.014588e+05	-3.469141e-05
	137	117	7.250000	44.250000	1.016334e+05	1.185892e-04
	250	162	35.500000	33.000000	1.008928e+05	3.445712e-05
2022	2	19	4	9
	210	3	25.500000	72.750000	9.616105e+04	3.163030e-04
	172	46	16.000000	62.000000	9.635502e+04	2.288475e-04
	137	117	7.250000	44.250000	1.017685e+05	1.292449e-04
	251	162	35.750000	33.000000	1.008541e+05	3.282633e-05
2022	2	19	5	12
	288	0	45.000000	73.500000	9.727260e+04	-4.964591e-06
	221	3	28.250000	72.750000	9.607032e+04	4.077235e-04
	181	46	18.250000	62.000000	9.641613e+04	1.401911e-04
	137	117	7.250000	44.250000	1.017390e+05	1.022418e-04
	250	162	35.500000	33.000000	1.007250e+05	-3.421834e-06
2022	2	19	6	15
	230	3	30.500000	72.750000	9.607409e+04	4.195515e-04
	190	48	20.500000	61.500000	9.656884e+04	9.824004e-05
	153	109	11.250000	46.250000	1.018469e+05	2.656069e-05
	137	120	7.250000	43.500000	1.016770e+05	8.317940e-05
	248	161	35.000000	33.250000	1.006528e+05	-6.536364e-06
	259	162	37.750000	33.000000	1.006528e+05	1.034865e-04
2022	2	19	6	18
	241	3	33.250000	72.750000	9.609463e+04	3.927861e-04
	0	44	-27.000000	62.500000	9.579830e+04	1.121677e-04
	201	49	23.250000	61.250000	9.676434e+04	1.510143e-04
	136	120	7.000000	43.500000	1.018198e+05	9.906373e-05
	246	162	34.500000	33.000000	1.008933e+05	1.234995e-04
	258	162	37.500000	33.000000	1.008933e+05	1.082582e-04
2022	2	19	7	21
	251	1	35.750000	73.250000	9.615848e+04	2.793703e-04
	27	39	-20.250000	63.750000	9.545968e+04	-3.544420e-06
	0	40	-27.000000	63.500000	9.544427e+04	1.622697e-04
	209	49	25.250000	61.250000	9.691618e+04	1.637688e-04
	139	122	7.750000	43.000000	1.020557e+05	2.435871e-05
	247	162	34.750000	33.000000	1.010626e+05	1.525212e-04
	257	162	37.250000	33.000000	1.010626e+05	3.078035e-04
2022	2	20	8	0
	259	0	37.750000	73.500000	9.628945e+04	2.487591e-04
	28	38	-20.000000	64.000000	9.525921e+04	1.015948e-04
	0	39	-27.000000	63.750000	9.482746e+04	1.232073e-04
	0	47	-27.000000	61.750000	9.482746e+04	1.050879e-04
	215	49	26.750000	61.250000	9.708977e+04	1.340227e-04
	249	157	35.250000	34.250000	1.010649e+05	8.924056e-05
	240	162	33.000000	33.000000	1.010649e+05	5.450958e-05
	259	162	37.750000	33.000000	1.010649e+05	2.280321e-04
