2022	2	14	6	0
	5	6	-25.750000	72.000000	9.973076e+04	-3.419537e-05
	222	10	28.500000	71.000000	9.835009e+04	1.354198e-04
	1	17	-26.750000	69.250000	9.973076e+04	-2.786859e-06
	220	20	28.000000	68.500000	9.835009e+04	1.343408e-04
	105	71	-0.750000	55.750000	9.840487e+04	6.827161e-05
	139	107	7.750000	46.750000	1.004734e+05	-1.470048e-04
2022	2	14	5	3
	58	4	-12.500000	72.500000	1.001098e+05	1.122961e-04
	210	9	25.500000	71.250000	9.802945e+04	2.286152e-04
	1	17	-26.750000	69.250000	9.975233e+04	-1.922651e-05
	119	62	2.750000	58.000000	9.846941e+04	1.087735e-04
	107	71	-0.250000	55.750000	9.846941e+04	7.332807e-05
2022	2	14	4	6
	64	3	-11.000000	72.750000	1.000719e+05	1.245280e-04
	65	3	-10.750000	72.750000	1.000719e+05	1.266359e-04
	214	8	26.500000	71.500000	9.795258e+04	2.382992e-04
	115	71	1.750000	55.750000	9.841720e+04	7.088626e-05
2022	2	14	4	9
	68	2	-10.000000	73.000000	1.001351e+05	9.346823e-05
	217	8	27.250000	71.500000	9.805820e+04	2.642426e-04
	0	53	-27.000000	60.250000	9.799898e+04	1.244924e-04
	119	71	2.750000	55.750000	9.838723e+04	1.892669e-04
2022	2	14	4	12
	230	6	30.500000	72.000000	9.812908e+04	1.862268e-04
	231	6	30.750000	72.000000	9.812908e+04	1.813518e-04
	0	49	-27.000000	61.250000	9.752785e+04	1.543075e-04
	123	68	3.750000	56.500000	9.828366e+04	2.333644e-04
2022	2	14	3	15
	228	6	30.000000	72.000000	9.820902e+04	2.547308e-04
	1	45	-26.750000	62.250000	9.712298e+04	1.913061e-04
	126	65	4.500000	57.250000	9.822752e+04	3.083020e-04
2022	2	14	5	18
	247	13	34.750000	70.250000	9.832595e+04	1.283190e-04
	0	42	-27.000000	63.000000	9.684941e+04	1.254158e-04
	26	48	-20.500000	61.500000	9.699545e+04	2.481669e-04
	127	53	4.750000	60.250000	9.827288e+04	9.571347e-05
	130	64	5.500000	57.500000	9.827288e+04	3.711026e-04
2022	2	14	7	21
	251	4	35.750000	72.500000	9.835557e+04	1.012407e-04
	6	7	-25.500000	71.750000	9.975763e+04	3.066322e-05
	254	12	36.500000	70.500000	9.835557e+04	1.079834e-04
	0	37	-27.000000	64.250000	9.704852e+04	1.271508e-04
	16	42	-23.000000	63.000000	9.704852e+04	1.820502e-04
	136	62	7.000000	58.000000	9.837491e+04	3.141136e-04
	139	121	7.750000	43.250000	1.010922e+05	1.386816e-04
2022	2	15	7	0
	250	4	35.500000	72.500000	9.841360e+04	9.355373e-05
	6	7	-25.500000	71.750000	9.969275e+04	6.000523e-05
	262	12	38.500000	70.500000	9.841360e+04	1.198528e-04
	3	38	-26.250000	64.000000	9.717725e+04	1.761811e-04
	27	39	-20.250000	63.750000	9.717725e+04	4.375355e-05
	141	60	8.250000	58.500000	9.848876e+04	2.685707e-04
	145	118	9.250000	44.000000	1.010643e+05	1.407012e-04
2022	2	15	7	3
	242	4	33.500000	72.500000	9.846410e+04	1.089859e-04
	266	11	39.500000	70.750000	9.846410e+04	1.242268e-04
	0	35	-27.000000	64.750000	9.709610e+04	1.065796e-04
	22	35	-21.500000	64.750000	9.709610e+04	9.110551e-05
	122	50	3.500000	61.000000	9.872569e+04	7.411044e-05
	148	57	10.000000	59.250000	9.852762e+04	2.950405e-04
	153	116	11.250000	44.500000	1.009736e+05	1.257686e-04
2022	2	15	10	6
	237	7	32.250000	71.750000	9.856014e+04	1.894687e-04
	271	12	40.750000	70.500000	9.855980e+04	1.373794e-04
	0	34	-27.000000	65.000000	9.716698e+04	8.387037e-05
	34	36	-18.500000	64.500000	9.724641e+04	5.239693e-05
	122	49	3.500000	61.250000	9.871113e+04	1.105570e-04
	151	55	10.750000	59.750000	9.861869e+04	2.892143e-04
	0	89	-27.000000	51.250000	9.924577e+04	1.210207e-04
	171	103	15.750000	47.750000	1.011022e+05	4.165859e-05
	156	114	12.000000	45.000000	1.010214e+05	1.337344e-04
	138	119	7.500000	43.750000	1.010575e+05	9.562056e-05
2022	2	15	10	9
	244	12	34.000000	70.500000	9.869898e+04	1.959324e-04
	274	12	41.500000	70.500000	9.869898e+04	1.276008e-04
	0	32	-27.000000	65.500000	9.727432e+04	7.051268e-05
	34	39	-18.500000	63.750000	9.748231e+04	1.110839e-04
	122	48	3.500000	61.500000	9.868134e+04	1.205844e-04
	67	49	-10.250000	61.250000	9.782504e+04	2.397286e-04
	155	52	11.750000	60.500000	9.871559e+04	2.469767e-04
	0	84	-27.000000	52.500000	9.856168e+04	1.151896e-04
	146	110	9.500000	46.000000	1.011065e+05	2.347049e-05
	161	111	13.250000	45.750000	1.011065e+05	8.621247e-05
2022	2	15	7	12
	282	10	43.500000	71.000000	9.876985e+04	1.964515e-04
	261	15	38.250000	69.750000	9.876985e+04	9.680537e-05
	0	40	-27.000000	63.500000	9.741024e+04	3.911194e-06
	63	46	-11.250000	62.000000	9.773499e+04	2.758816e-04
	159	50	12.750000	61.000000	9.880358e+04	1.907636e-04
	8	81	-25.000000	53.250000	9.832680e+04	2.412559e-04
	155	109	11.750000	46.250000	1.011715e+05	4.873330e-05
2022	2	15	7	15
	281	9	43.250000	71.250000	9.880769e+04	1.960556e-04
	276	17	42.000000	69.250000	9.880769e+04	8.363183e-05
	0	40	-27.000000	63.500000	9.731883e+04	1.771485e-05
	59	43	-12.250000	62.750000	9.751005e+04	2.802795e-04
	166	47	14.500000	61.750000	9.876403e+04	1.545646e-04
	18	78	-22.500000	54.000000	9.792878e+04	2.562054e-04
	162	162	13.500000	33.000000	1.015974e+05	-7.024940e-06
2022	2	15	7	18
	280	9	43.000000	71.250000	9.889910e+04	2.314917e-04
	0	40	-27.000000	63.500000	9.726062e+04	3.099533e-05
	56	41	-13.000000	63.250000	9.741452e+04	3.030129e-04
	170	45	15.500000	62.250000	9.878988e+04	1.330289e-04
	111	55	0.750000	59.750000	9.825473e+04	1.510611e-04
	31	75	-19.250000	54.750000	9.773020e+04	2.475166e-04
	163	162	13.750000	33.000000	1.016257e+05	1.085949e-05
2022	2	15	6	21
	282	10	43.500000	71.000000	9.897545e+04	2.165939e-04
	51	38	-14.250000	64.000000	9.735375e+04	3.202813e-04
	177	44	17.250000	62.500000	9.892941e+04	1.189250e-04
	118	53	2.500000	60.250000	9.812600e+04	1.891896e-04
	44	72	-16.000000	55.500000	9.753966e+04	2.484710e-04
	166	159	14.500000	33.750000	1.017219e+05	1.750414e-05
2022	2	16	7	0
	285	9	44.250000	71.250000	9.904941e+04	1.827119e-04
	42	35	-16.500000	64.750000	9.746520e+04	2.989345e-04
	121	37	3.250000	64.250000	9.816520e+04	1.839733e-04
	122	37	3.500000	64.250000	9.817736e+04	1.921553e-04
	183	42	18.750000	63.000000	9.896056e+04	1.444337e-04
	120	51	3.000000	60.750000	9.805119e+04	1.814543e-04
	56	70	-13.000000	56.000000	9.723186e+04	2.964343e-04
2022	2	16	5	3
	285	9	44.250000	71.250000	9.904462e+04	2.042740e-04
	31	30	-19.250000	66.000000	9.747238e+04	2.310833e-04
	117	37	2.250000	64.250000	9.797535e+04	1.516436e-04
	120	49	3.000000	61.250000	9.792673e+04	1.306223e-04
	67	69	-10.250000	56.250000	9.686362e+04	3.696135e-04
2022	2	16	4	6
	285	8	44.250000	71.500000	9.906909e+04	1.610982e-04
	121	48	3.250000	61.500000	9.770504e+04	1.350067e-04
	80	68	-7.000000	56.500000	9.681809e+04	3.936830e-04
	137	116	7.250000	44.500000	1.011652e+05	7.717219e-05
2022	2	16	5	9
	283	8	43.750000	71.500000	9.907303e+04	2.111766e-04
	0	39	-27.000000	63.750000	9.728391e+04	6.293230e-05
	122	47	3.500000	61.750000	9.756432e+04	1.086094e-04
	102	67	-1.500000	56.750000	9.689273e+04	2.752040e-04
	179	140	17.750000	38.500000	1.015334e+05	1.220134e-04
2022	2	16	4	12
	283	8	43.750000	71.500000	9.906567e+04	1.944116e-04
	117	67	2.250000	56.750000	9.674465e+04	2.632735e-04
	137	117	7.250000	44.250000	1.011540e+05	1.160266e-04
	180	148	18.000000	36.500000	1.013203e+05	1.065959e-04
2022	2	16	6	15
	284	8	44.000000	71.500000	9.906156e+04	1.973257e-04
	285	8	44.250000	71.500000	9.906156e+04	1.879331e-04
	123	44	3.750000	62.500000	9.741641e+04	7.820209e-05
	131	67	5.750000	56.750000	9.651542e+04	2.644549e-04
	136	114	7.000000	45.000000	1.009002e+05	1.594817e-05
	183	145	18.750000	37.250000	1.011186e+05	1.618160e-04
2022	2	16	5	18
	283	7	43.750000	71.750000	9.904273e+04	1.849699e-04
	123	44	3.750000	62.500000	9.743267e+04	9.519733e-05
	141	67	8.250000	56.750000	9.651148e+04	2.480276e-04
	136	115	7.000000	44.750000	1.010301e+05	3.574205e-05
	185	144	19.250000	37.500000	1.011191e+05	1.764179e-04
2022	2	16	7	21
	280	7	43.000000	71.750000	9.906841e+04	1.931065e-04
	140	39	8.000000	63.750000	9.749241e+04	6.812809e-05
	124	43	4.000000	62.750000	9.749241e+04	9.959328e-05
	173	65	16.250000	57.250000	9.649437e+04	1.421682e-04
	157	68	12.250000	56.500000	9.649437e+04	2.431072e-04
	138	117	7.500000	44.250000	1.010061e+05	6.399964e-05
	185	141	19.250000	38.250000	1.011515e+05	1.604009e-04
2022	2	17	7	0
	280	7	43.000000	71.750000	9.912473e+04	1.832874e-04
	126	42	4.500000	63.000000	9.758794e+04	9.034447e-05
	168	69	15.000000	56.250000	9.655154e+04	1.660990e-04
	24	84	-21.000000	52.500000	9.964156e+04	1.791172e-04
	150	109	10.500000	46.250000	1.001755e+05	2.525032e-05
	138	117	7.500000	44.250000	1.008497e+05	1.280302e-04
	183	140	18.750000	38.500000	1.011126e+05	1.893717e-04
2022	2	17	6	3
	278	7	42.500000	71.750000	9.915743e+04	1.332263e-04
	130	41	5.500000	63.250000	9.762149e+04	7.808064e-05
	180	66	18.000000	57.000000	9.656507e+04	1.424868e-04
	38	81	-17.500000	53.250000	9.945497e+04	1.749163e-04
	138	117	7.500000	44.250000	1.006627e+05	1.128486e-04
	181	143	18.250000	37.750000	1.009940e+05	1.246627e-04
2022	2	17	5	6
	280	6	43.000000	72.000000	9.919784e+04	1.231232e-04
	134	40	6.500000	63.500000	9.767782e+04	5.133720e-05
	189	63	20.250000	57.750000	9.668388e+04	5.231849e-05
	47	79	-15.250000	53.750000	9.922454e+04	1.851048e-04
	181	144	18.250000	37.500000	1.011154e+05	1.269757e-04
2022	2	17	3	9
	142	36	8.500000	64.500000	9.773414e+04	1.219698e-04
	194	63	21.500000	57.750000	9.682134e+04	3.162056e-05
	56	77	-13.000000	54.250000	9.909460e+04	1.979827e-04
2022	2	17	4	12
	142	35	8.500000	64.750000	9.777334e+04	1.078489e-04
	205	61	24.250000	58.250000	9.688143e+04	6.116352e-05
	66	75	-10.500000	54.750000	9.901945e+04	1.936347e-04
	279	120	42.750000	43.500000	1.011280e+05	1.844932e-05
2022	2	17	3	15
	143	35	8.750000	64.750000	9.779970e+04	1.028081e-04
	209	60	25.250000	58.500000	9.698363e+04	6.160091e-05
	73	74	-8.750000	55.000000	9.899856e+04	2.309293e-04
2022	2	17	2	18
	142	33	8.500000	65.250000	9.776170e+04	9.834265e-05
	213	55	26.250000	59.750000	9.708584e+04	7.338034e-05
2022	2	17	3	21
	142	32	8.500000	65.500000	9.768929e+04	1.191220e-04
	218	53	27.500000	60.250000	9.706717e+04	1.009668e-04
	45	103	-15.750000	47.750000	9.971706e+04	2.319505e-04
2022	2	18	4	0
	140	31	8.000000	65.750000	9.766874e+04	1.135377e-04
	222	51	28.500000	60.750000	9.706427e+04	1.270263e-04
	47	79	-15.250000	53.750000	9.935636e+04	1.704431e-04
	55	97	-13.250000	49.250000	9.919116e+04	2.819685e-04
2022	2	18	4	3
	140	30	8.000000	66.000000	9.761413e+04	8.864442e-05
	224	46	29.000000	62.000000	9.700075e+04	8.645419e-05
	50	80	-14.500000	53.500000	9.916017e+04	2.220941e-04
	63	93	-11.250000	50.250000	9.850040e+04	3.662888e-04
2022	2	18	5	6
	6	7	-25.500000	71.750000	1.000909e+05	-2.289601e-05
	137	30	7.250000	66.000000	9.755747e+04	7.835489e-05
	222	43	28.500000	62.750000	9.693210e+04	8.402798e-05
	57	81	-12.750000	53.250000	9.804314e+04	1.691832e-04
	72	89	-9.000000	51.250000	9.801849e+04	4.167675e-04
2022	2	18	4	9
	137	29	7.250000	66.250000	9.757510e+04	8.646000e-05
	224	41	29.000000	63.250000	9.694973e+04	8.998115e-05
	50	45	-14.500000	62.250000	9.816605e+04	2.150464e-04
	79	87	-7.250000	51.750000	9.777591e+04	4.650083e-04
2022	2	18	5	12
	137	29	7.250000	66.250000	9.760797e+04	1.170552e-04
	227	39	29.750000	63.750000	9.700948e+04	8.759562e-05
	44	48	-16.000000	61.500000	9.803048e+04	3.626546e-04
	88	83	-5.000000	52.750000	9.764255e+04	4.807274e-04
	279	119	42.750000	43.750000	1.000740e+05	4.047816e-05
2022	2	18	6	15
	119	23	2.750000	67.750000	9.756295e+04	1.217886e-04
	137	28	7.250000	66.500000	9.756295e+04	1.053414e-04
	232	36	31.000000	64.500000	9.708258e+04	1.014148e-04
	47	51	-15.250000	60.750000	9.778601e+04	3.449499e-04
	103	78	-1.250000	54.000000	9.743832e+04	3.703861e-04
	285	122	44.250000	43.000000	1.001771e+05	1.371177e-05
2022	2	18	7	18
	112	24	1.000000	67.500000	9.754823e+04	1.017652e-04
	136	28	7.000000	66.500000	9.754823e+04	1.047040e-04
	233	34	31.250000	65.000000	9.712059e+04	1.170248e-04
	234	34	31.500000	65.000000	9.712059e+04	1.154920e-04
	52	51	-14.000000	60.750000	9.757288e+04	3.773986e-04
	115	73	1.750000	55.250000	9.714884e+04	3.447280e-04
	108	130	0.000000	41.000000	1.009152e+05	6.186447e-05
2022	2	18	7	21
	102	27	-1.500000	66.750000	9.757305e+04	1.716266e-04
	135	28	6.750000	66.500000	9.754497e+04	9.696670e-05
	238	32	32.500000	65.500000	9.718530e+04	7.773415e-05
	239	32	32.750000	65.500000	9.718530e+04	7.235272e-05
	54	52	-13.500000	60.500000	9.753196e+04	4.435997e-04
	126	70	4.500000	56.000000	9.705947e+04	3.696046e-04
	123	121	3.750000	43.250000	1.009734e+05	1.642895e-04
2022	2	19	6	0
	248	17	35.000000	69.250000	9.727928e+04	5.964948e-05
	133	28	6.250000	66.500000	9.752905e+04	1.067698e-04
	245	29	34.250000	66.250000	9.727312e+04	5.294104e-05
	56	53	-13.000000	60.250000	9.762817e+04	4.474236e-04
	140	66	8.000000	57.000000	9.708909e+04	3.456532e-04
	125	120	4.250000	43.500000	1.010433e+05	1.459121e-04
2022	2	19	7	3
	247	16	34.750000	69.500000	9.733954e+04	4.435716e-05
	131	28	5.750000	66.500000	9.752751e+04	1.254845e-04
	132	28	6.000000	66.500000	9.752751e+04	1.221286e-04
	245	28	34.250000	66.500000	9.733680e+04	3.739714e-05
	60	55	-12.000000	59.750000	9.779645e+04	4.234703e-04
	148	65	10.000000	57.250000	9.712795e+04	3.792324e-04
	118	132	2.500000	40.500000	1.011145e+05	6.475414e-05
2022	2	19	6	6
	242	15	33.500000	69.750000	9.732071e+04	6.041733e-05
	129	28	5.250000	66.500000	9.757373e+04	1.232269e-04
	65	57	-10.750000	59.250000	9.799487e+04	4.210762e-04
	159	63	12.750000	57.750000	9.730479e+04	3.669872e-04
	261	118	38.250000	44.000000	1.013819e+05	1.688742e-04
	287	129	44.750000	41.250000	1.016062e+05	-1.693903e-05
2022	2	19	6	9
	241	15	33.250000	69.750000	9.735187e+04	6.092205e-05
	125	29	4.250000	66.250000	9.772370e+04	1.339842e-04
	153	30	11.250000	66.000000	9.772370e+04	7.653336e-05
	71	59	-9.250000	58.750000	9.827750e+04	4.266690e-04
	174	62	16.500000	58.000000	9.752991e+04	1.676761e-04
	285	129	44.250000	41.250000	1.015195e+05	-1.646712e-05
2022	2	19	6	12
	278	8	42.500000	71.500000	9.738148e+04	8.723376e-05
	240	15	33.000000	69.750000	9.737977e+04	7.769190e-05
	191	56	20.750000	59.500000	9.760780e+04	1.090533e-04
	78	61	-7.500000	58.250000	9.860705e+04	4.224460e-04
	207	100	24.750000	48.500000	1.004958e+05	-5.099049e-05
	147	115	9.750000	44.750000	1.013658e+05	1.486424e-05
2022	2	19	5	15
	280	7	43.000000	71.750000	9.736608e+04	1.124511e-04
	209	52	25.250000	60.500000	9.768124e+04	6.961126e-05
	84	62	-6.000000	58.000000	9.897854e+04	3.566592e-04
	151	116	10.750000	44.500000	1.013004e+05	2.623738e-05
	135	119	6.750000	43.750000	1.013004e+05	1.095778e-04
2022	2	19	9	18
	287	4	44.750000	72.500000	9.728852e+04	8.861803e-05
	246	15	34.500000	69.750000	9.733766e+04	7.950894e-05
	0	50	-27.000000	61.000000	9.663937e+04	1.187342e-04
	225	51	29.250000	60.750000	9.776598e+04	9.756386e-05
	97	65	-2.750000	57.250000	9.949965e+04	2.449901e-04
	152	115	11.000000	44.750000	1.014202e+05	3.442201e-05
	136	120	7.000000	43.500000	1.014290e+05	1.002325e-04
	280	152	43.000000	35.500000	1.020104e+05	7.170627e-05
	92	162	-4.000000	33.000000	1.017849e+05	-1.614010e-05
2022	2	19	7	21
	6	7	-25.500000	71.750000	9.986583e+04	1.375032e-05
	0	44	-27.000000	62.500000	9.612202e+04	1.744955e-04
	234	49	31.500000	61.250000	9.786236e+04	1.157231e-04
	106	65	-0.500000	57.250000	9.971791e+04	2.077808e-04
	153	115	11.250000	44.750000	1.015548e+05	3.455434e-05
	148	125	10.000000	42.250000	1.015548e+05	3.937537e-05
	283	155	43.750000	34.750000	1.021014e+05	5.097324e-05
2022	2	20	3	0
	0	39	-27.000000	63.750000	9.590786e+04	1.784621e-04
	249	48	35.250000	61.500000	9.794111e+04	1.289526e-04
	155	116	11.750000	44.500000	1.015990e+05	1.785189e-05
