2022	2	16	6	0
	288	11	45.000000	70.750000	9.877845e+04	8.733193e-05
	55	39	-13.250000	63.750000	9.788760e+04	2.342024e-04
	119	52	2.750000	60.500000	9.803875e+04	1.431922e-04
	65	67	-10.750000	56.750000	9.728600e+04	2.628887e-04
	171	121	15.750000	43.250000	1.014304e+05	3.412030e-05
	280	121	43.000000	43.250000	1.021359e+05	2.688158e-05
2022	2	16	5	3
	48	37	-15.000000	64.250000	9.785002e+04	2.317520e-04
	120	50	3.000000	61.000000	9.791167e+04	1.034492e-04
	75	67	-8.250000	56.750000	9.731825e+04	2.289389e-04
	93	70	-3.750000	56.000000	9.731825e+04	2.203015e-04
	280	121	43.000000	43.250000	1.022231e+05	2.735537e-05
2022	2	16	2	6
	84	66	-6.000000	57.000000	9.741419e+04	2.590417e-04
	102	67	-1.500000	56.750000	9.741419e+04	2.437855e-04
2022	2	16	5	9
	288	10	45.000000	71.000000	9.896797e+04	1.011077e-04
	58	56	-12.500000	59.500000	9.779088e+04	1.055605e-04
	96	66	-3.000000	57.000000	9.729151e+04	1.961757e-04
	113	66	1.250000	57.000000	9.729151e+04	2.488805e-04
	45	71	-15.750000	55.750000	9.778333e+04	1.864670e-04
2022	2	16	6	12
	288	11	45.000000	70.750000	9.898606e+04	1.090664e-04
	60	54	-12.000000	60.000000	9.756046e+04	1.104383e-04
	125	66	4.250000	57.000000	9.706864e+04	2.837194e-04
	60	69	-12.000000	56.250000	9.739689e+04	2.290430e-04
	185	126	19.250000	42.000000	1.012311e+05	9.921338e-05
	183	138	18.750000	39.000000	1.012204e+05	1.749333e-04
2022	2	16	7	15
	288	11	45.000000	70.750000	9.901720e+04	9.828554e-05
	104	36	-1.000000	64.500000	9.742284e+04	1.487865e-04
	125	41	4.250000	63.250000	9.742284e+04	1.262778e-04
	60	54	-12.000000	60.000000	9.746436e+04	1.300187e-04
	136	66	7.000000	57.000000	9.691797e+04	2.765528e-04
	78	67	-7.500000	56.750000	9.713470e+04	2.923694e-04
	185	135	19.250000	39.750000	1.010803e+05	1.660462e-04
2022	2	16	5	18
	288	11	45.000000	70.750000	9.897269e+04	9.436217e-05
	125	39	4.250000	63.750000	9.730771e+04	1.572438e-04
	146	66	9.500000	57.000000	9.692724e+04	2.927001e-04
	89	67	-4.750000	56.750000	9.718927e+04	3.236247e-04
	187	137	19.750000	39.250000	1.011086e+05	1.568676e-04
2022	2	16	6	21
	288	11	45.000000	70.750000	9.898118e+04	1.092611e-04
	122	38	3.500000	64.000000	9.724590e+04	1.356020e-04
	160	65	13.000000	57.250000	9.682941e+04	2.671356e-04
	105	68	-0.750000	56.500000	9.721318e+04	2.487593e-04
	137	117	7.250000	44.250000	1.011512e+05	6.344045e-05
	188	131	20.000000	40.750000	1.011866e+05	9.178427e-05
2022	2	17	4	0
	288	11	45.000000	70.750000	9.904111e+04	9.789546e-05
	118	37	2.500000	64.250000	9.722199e+04	1.302017e-04
	182	60	18.500000	58.500000	9.665389e+04	1.752664e-04
	137	117	7.250000	44.250000	1.009964e+05	8.323161e-05
2022	2	17	3	3
	115	37	1.750000	64.250000	9.722718e+04	1.748779e-04
	191	56	20.750000	59.500000	9.639956e+04	1.951699e-04
	138	117	7.500000	44.250000	1.007314e+05	1.071601e-04
2022	2	17	5	6
	273	10	41.250000	71.000000	9.918486e+04	1.239739e-04
	274	10	41.500000	71.000000	9.918486e+04	1.202774e-04
	112	39	1.000000	63.750000	9.723961e+04	1.952890e-04
	194	54	21.500000	60.000000	9.622199e+04	2.276466e-04
	279	121	42.750000	43.250000	1.017536e+05	-2.373143e-05
2022	2	17	4	9
	112	40	1.000000	63.500000	9.734011e+04	1.785189e-04
	195	53	21.750000	60.250000	9.620077e+04	2.675263e-04
	196	53	22.000000	60.250000	9.620077e+04	2.360595e-04
	16	113	-23.000000	45.250000	1.006694e+05	1.477965e-04
2022	2	17	4	12
	112	42	1.000000	63.000000	9.744753e+04	1.796219e-04
	199	53	22.750000	60.250000	9.617623e+04	2.239957e-04
	29	107	-19.750000	46.750000	1.002218e+05	1.500836e-04
	197	143	22.250000	37.750000	1.010787e+05	1.792742e-05
2022	2	17	3	15
	117	44	2.250000	62.500000	9.757666e+04	1.470939e-04
	206	53	24.500000	60.250000	9.620878e+04	1.161590e-04
	41	100	-16.750000	48.500000	9.958955e+04	2.070338e-04
2022	2	17	3	18
	1	41	-26.750000	63.250000	9.909285e+04	1.202764e-04
	211	49	25.750000	61.250000	9.625581e+04	4.468179e-05
	46	95	-15.500000	49.750000	9.881053e+04	3.019945e-04
2022	2	17	3	21
	0	40	-27.000000	63.500000	9.893557e+04	1.121238e-04
	214	46	26.500000	62.000000	9.626336e+04	4.002398e-05
	54	91	-13.500000	50.750000	9.809820e+04	4.128264e-04
2022	2	18	3	0
	219	41	27.750000	63.250000	9.629780e+04	2.914953e-05
	63	88	-11.250000	51.500000	9.754977e+04	4.977924e-04
	147	111	9.750000	45.750000	1.011834e+05	2.704493e-05
2022	2	18	3	3
	222	37	28.500000	64.250000	9.636088e+04	7.426310e-05
	73	85	-8.750000	52.250000	9.727327e+04	5.560034e-04
	138	117	7.500000	44.250000	1.012533e+05	6.319951e-05
2022	2	18	2	6
	223	36	28.750000	64.500000	9.637409e+04	8.180043e-05
	86	79	-5.500000	53.750000	9.709727e+04	4.686324e-04
2022	2	18	4	9
	120	29	3.000000	66.250000	9.766127e+04	1.492776e-04
	231	34	30.750000	65.000000	9.646358e+04	6.342878e-05
	95	79	-3.250000	53.750000	9.711929e+04	4.549788e-04
	266	162	39.500000	33.000000	1.009510e+05	8.778064e-06
2022	2	18	5	12
	119	31	2.750000	65.750000	9.763013e+04	1.393775e-04
	120	31	3.000000	65.750000	9.763013e+04	1.244296e-04
	234	31	31.500000	65.750000	9.655339e+04	1.058350e-04
	113	73	1.250000	55.250000	9.708767e+04	3.375032e-04
	269	159	40.250000	33.750000	1.007391e+05	5.202655e-05
2022	2	18	6	15
	237	29	32.250000	66.250000	9.661567e+04	6.850649e-05
	120	33	3.000000	65.250000	9.752806e+04	1.473954e-04
	12	45	-24.000000	62.250000	9.889075e+04	1.591181e-04
	128	71	5.000000	55.750000	9.693306e+04	2.401128e-04
	272	156	41.000000	34.500000	1.008715e+05	8.792373e-05
	257	161	37.250000	33.250000	1.008681e+05	1.470776e-06
2022	2	18	7	18
	238	27	32.500000	66.750000	9.663502e+04	6.038367e-05
	149	34	10.250000	65.000000	9.743652e+04	4.736936e-05
	122	35	3.500000	64.750000	9.743652e+04	1.666849e-04
	8	43	-25.000000	62.750000	9.866002e+04	1.528352e-04
	0	58	-27.000000	59.000000	9.866662e+04	1.270544e-04
	141	72	8.250000	55.500000	9.688305e+04	2.846707e-04
	277	118	42.250000	44.000000	1.007992e+05	2.843454e-05
2022	2	18	5	21
	239	26	32.750000	67.000000	9.665656e+04	7.712404e-05
	125	36	4.250000	64.500000	9.745492e+04	1.612800e-04
	156	70	12.000000	56.000000	9.682753e+04	2.589360e-04
	138	111	7.500000	45.750000	1.008404e+05	-1.801123e-05
	282	121	43.500000	43.250000	1.009029e+05	1.918517e-05
2022	2	19	9	0
	250	17	35.500000	69.250000	9.664744e+04	1.216894e-04
	129	37	5.250000	64.250000	9.747867e+04	1.568256e-04
	1	51	-26.750000	60.750000	9.844533e+04	8.930323e-05
	15	56	-23.250000	59.500000	9.844533e+04	1.332194e-04
	168	70	15.000000	56.000000	9.692740e+04	2.322829e-04
	136	114	7.000000	45.000000	1.011556e+05	7.518971e-05
	112	137	1.000000	39.250000	1.013604e+05	5.539565e-05
	113	137	1.250000	39.250000	1.013604e+05	5.936212e-05
	244	150	34.000000	36.000000	1.010073e+05	9.697951e-05
2022	2	19	5	3
	252	16	36.000000	69.500000	9.657777e+04	1.567484e-04
	136	38	7.000000	64.000000	9.751029e+04	1.843707e-04
	180	69	18.000000	56.250000	9.707588e+04	2.381856e-04
	137	117	7.250000	44.250000	1.010358e+05	1.345498e-04
	240	156	33.000000	34.500000	1.009244e+05	1.631401e-04
2022	2	19	7	6
	250	15	35.500000	69.750000	9.651988e+04	1.684198e-04
	251	15	35.750000	69.750000	9.651988e+04	1.564621e-04
	142	37	8.500000	64.250000	9.751469e+04	1.443137e-04
	41	62	-16.750000	58.000000	9.858625e+04	2.021464e-04
	196	63	22.000000	57.750000	9.722687e+04	1.297210e-04
	137	117	7.250000	44.250000	1.011061e+05	1.201504e-04
	242	158	33.500000	34.000000	1.009724e+05	1.977760e-04
2022	2	19	7	9
	249	14	35.250000	70.000000	9.657006e+04	1.854611e-04
	144	37	9.000000	64.250000	9.766993e+04	1.471214e-04
	42	62	-16.500000	58.000000	9.884938e+04	1.750685e-04
	218	62	27.500000	58.000000	9.748480e+04	8.137128e-05
	75	72	-8.250000	55.500000	9.882595e+04	2.072513e-04
	137	118	7.250000	44.000000	1.012863e+05	1.030651e-04
	242	158	33.500000	34.000000	1.010315e+05	1.979735e-04
2022	2	19	7	12
	247	14	34.750000	70.000000	9.657918e+04	1.687061e-04
	248	14	35.000000	70.000000	9.657918e+04	1.452559e-04
	146	37	9.500000	64.250000	9.787141e+04	1.154484e-04
	232	60	31.000000	58.500000	9.756706e+04	6.691391e-05
	81	72	-6.750000	55.500000	9.895570e+04	1.891094e-04
	151	116	10.750000	44.500000	1.012493e+05	1.225655e-05
	138	117	7.500000	44.250000	1.012493e+05	8.330027e-05
2022	2	19	6	15
	251	15	35.750000	69.750000	9.665389e+04	9.588708e-05
	244	58	34.000000	59.000000	9.772198e+04	8.502646e-05
	88	73	-5.000000	55.250000	9.905243e+04	1.692728e-04
	108	75	0.000000	54.750000	9.905243e+04	2.001626e-04
	136	120	7.000000	43.500000	1.011900e+05	1.078512e-04
	257	161	37.250000	33.250000	1.011517e+05	6.878282e-05
2022	2	19	6	18
	253	15	36.250000	69.750000	9.672655e+04	1.269308e-04
	0	58	-27.000000	59.000000	9.700636e+04	1.671088e-04
	122	76	3.500000	54.500000	9.903388e+04	1.601452e-04
	154	116	11.500000	44.500000	1.013229e+05	4.410913e-05
	155	116	11.750000	44.500000	1.013330e+05	3.707687e-05
	138	121	7.500000	43.250000	1.013149e+05	1.092253e-04
2022	2	19	6	21
	272	6	41.000000	72.000000	9.678302e+04	1.293968e-04
	258	14	37.500000	70.000000	9.678302e+04	1.670388e-04
	0	53	-27.000000	60.250000	9.627562e+04	1.852446e-04
	131	76	5.750000	54.500000	9.901893e+04	1.695821e-04
	160	116	13.000000	44.500000	1.014143e+05	3.994356e-05
	287	162	44.750000	33.000000	1.012665e+05	9.229903e-05
2022	2	20	4	0
	273	4	41.250000	72.500000	9.683587e+04	2.012179e-04
	260	14	38.000000	70.000000	9.683587e+04	1.970191e-04
	0	49	-27.000000	61.250000	9.560671e+04	1.624240e-04
	138	76	7.500000	54.500000	9.913673e+04	1.297525e-04
