2022	2	16	6	0
	288	11	45.000000	70.750000	9.880926e+04	7.940868e-05
	55	39	-13.250000	63.750000	9.727098e+04	3.847138e-04
	119	53	2.750000	60.250000	9.809546e+04	1.355103e-04
	65	67	-10.750000	56.750000	9.719741e+04	3.354531e-04
	172	122	16.000000	43.000000	1.014417e+05	2.378393e-05
	282	122	43.500000	43.000000	1.021379e+05	9.610670e-06
2022	2	16	6	3
	49	37	-14.750000	64.250000	9.728345e+04	3.967891e-04
	188	42	20.000000	63.000000	9.897999e+04	8.956745e-05
	121	52	3.250000	60.500000	9.800835e+04	1.285819e-04
	75	66	-8.250000	57.000000	9.709676e+04	2.978614e-04
	173	122	16.250000	43.000000	1.013991e+05	2.426250e-05
	281	122	43.250000	43.000000	1.022042e+05	2.718933e-05
2022	2	16	2	6
	40	33	-17.000000	65.250000	9.749462e+04	3.170461e-04
	85	66	-5.750000	57.000000	9.738212e+04	3.155931e-04
2022	2	16	5	9
	32	30	-19.000000	66.000000	9.764134e+04	2.455215e-04
	109	66	0.250000	57.000000	9.752473e+04	2.244431e-04
	50	68	-14.500000	56.500000	9.756198e+04	1.697467e-04
	137	116	7.250000	44.500000	1.012585e+05	8.193660e-05
	202	125	23.500000	42.250000	1.016109e+05	-8.307509e-05
2022	2	16	6	12
	20	28	-22.000000	66.500000	9.775780e+04	2.300849e-04
	65	54	-10.750000	60.000000	9.726475e+04	5.872738e-05
	53	61	-13.750000	58.250000	9.719026e+04	4.054280e-05
	120	66	3.000000	57.000000	9.737330e+04	2.169412e-04
	65	67	-10.750000	56.750000	9.719026e+04	2.004989e-04
	184	137	19.000000	39.250000	1.011956e+05	1.619728e-04
2022	2	16	5	15
	8	27	-25.000000	66.750000	9.783716e+04	2.508926e-04
	0	35	-27.000000	64.750000	9.796137e+04	-3.320611e-06
	81	66	-6.750000	57.000000	9.687920e+04	2.696488e-04
	131	66	5.750000	57.000000	9.716000e+04	2.317521e-04
	185	135	19.250000	39.750000	1.010116e+05	1.533551e-04
2022	2	16	3	18
	140	66	8.000000	57.000000	9.706680e+04	2.273988e-04
	102	67	-1.500000	56.750000	9.694457e+04	2.173712e-04
	185	134	19.250000	40.000000	1.011121e+05	1.294920e-04
2022	2	16	6	21
	288	10	45.000000	71.000000	9.895248e+04	9.524735e-05
	114	66	1.500000	57.000000	9.680531e+04	2.769549e-04
	149	66	10.250000	57.000000	9.686384e+04	1.864610e-04
	137	117	7.250000	44.250000	1.011104e+05	4.010758e-05
	281	121	43.250000	43.250000	1.021572e+05	-1.376663e-05
	188	131	20.000000	40.750000	1.012000e+05	5.490769e-05
2022	2	17	6	0
	287	10	44.750000	71.000000	9.899945e+04	1.220563e-04
	190	60	20.500000	58.500000	9.660964e+04	2.431348e-04
	157	65	12.250000	57.250000	9.671272e+04	1.868679e-04
	158	65	12.500000	57.250000	9.671272e+04	1.815750e-04
	123	67	3.750000	56.750000	9.686719e+04	2.742698e-04
	137	117	7.250000	44.250000	1.010130e+05	6.549431e-05
2022	2	17	5	3
	287	11	44.750000	70.750000	9.904582e+04	1.265416e-04
	195	57	21.750000	59.250000	9.628186e+04	3.048429e-04
	182	65	18.500000	57.250000	9.628186e+04	1.247070e-04
	138	117	7.500000	44.250000	1.008093e+05	8.687785e-05
	278	121	42.500000	43.250000	1.018831e+05	-2.712509e-05
2022	2	17	4	6
	287	12	44.750000	70.500000	9.912351e+04	1.056529e-04
	197	55	22.250000	59.750000	9.608710e+04	2.676243e-04
	195	67	21.750000	56.750000	9.614169e+04	1.611835e-04
	278	121	42.500000	43.250000	1.017882e+05	-2.538955e-05
2022	2	17	4	9
	199	54	22.750000	60.000000	9.601063e+04	2.484483e-04
	206	62	24.500000	58.000000	9.601063e+04	1.892757e-04
	0	113	-27.000000	45.250000	1.009031e+05	1.367448e-04
	278	120	42.500000	43.500000	1.017070e+05	-2.857439e-05
2022	2	17	3	12
	38	47	-17.500000	61.750000	9.854381e+04	2.071855e-04
	212	56	26.000000	59.500000	9.598844e+04	1.559696e-04
	9	108	-24.750000	46.500000	1.004398e+05	2.641917e-04
2022	2	17	4	15
	121	43	3.250000	62.750000	9.749387e+04	1.320988e-04
	40	47	-17.000000	61.750000	9.852420e+04	2.521429e-04
	216	53	27.000000	60.250000	9.590908e+04	2.116373e-04
	17	105	-22.750000	47.250000	9.996395e+04	2.998795e-04
2022	2	17	4	18
	42	47	-16.500000	61.750000	9.852146e+04	2.257215e-04
	219	49	27.750000	61.250000	9.589144e+04	2.009974e-04
	26	102	-20.500000	48.000000	9.949295e+04	3.552371e-04
	159	107	12.750000	46.750000	1.007603e+05	-4.391022e-05
2022	2	17	3	21
	221	46	28.250000	62.000000	9.583123e+04	1.702103e-04
	42	48	-16.500000	61.500000	9.835711e+04	2.366264e-04
	39	97	-17.250000	49.250000	9.887478e+04	3.368764e-04
2022	2	18	4	0
	222	42	28.500000	63.000000	9.586498e+04	1.712347e-04
	44	48	-16.000000	61.500000	9.819976e+04	3.267126e-04
	45	93	-15.750000	50.250000	9.804529e+04	4.457061e-04
	154	110	11.500000	46.000000	1.013409e+05	5.474030e-05
2022	2	18	5	3
	6	7	-25.500000	71.750000	1.004207e+05	4.451019e-06
	221	39	28.250000	63.750000	9.586741e+04	1.939111e-04
	222	39	28.500000	63.750000	9.586741e+04	1.999526e-04
	46	48	-15.500000	61.500000	9.805639e+04	3.301904e-04
	53	93	-13.750000	50.250000	9.761656e+04	4.941173e-04
2022	2	18	3	6
	222	37	28.500000	64.250000	9.593325e+04	1.682153e-04
	45	47	-15.750000	61.750000	9.793872e+04	2.844289e-04
	66	88	-10.500000	51.500000	9.755012e+04	5.277864e-04
2022	2	18	3	9
	223	35	28.750000	64.750000	9.607631e+04	1.470642e-04
	42	48	-16.500000	61.500000	9.801732e+04	3.362468e-04
	79	87	-7.250000	51.750000	9.750648e+04	4.200813e-04
2022	2	18	6	12
	6	7	-25.500000	71.750000	1.005105e+05	-4.140036e-05
	230	34	30.500000	65.000000	9.626924e+04	1.666692e-04
	40	50	-17.000000	61.000000	9.815217e+04	3.610984e-04
	91	83	-4.250000	52.750000	9.761519e+04	4.023081e-04
	274	118	41.500000	44.000000	1.003247e+05	-9.252996e-05
	116	123	2.000000	42.750000	1.011764e+05	1.637123e-05
2022	2	18	5	15
	6	7	-25.500000	71.750000	1.005098e+05	-4.648681e-05
	116	30	2.000000	66.000000	9.773788e+04	2.742916e-04
	231	32	30.750000	65.500000	9.643298e+04	1.490005e-04
	43	52	-16.250000	60.500000	9.829569e+04	2.759892e-04
	105	81	-0.750000	53.250000	9.758843e+04	2.905403e-04
2022	2	18	6	18
	2	6	-26.500000	72.000000	1.004897e+05	-8.490064e-06
	233	30	31.250000	66.000000	9.653028e+04	1.475696e-04
	119	33	2.750000	65.250000	9.755863e+04	2.622807e-04
	48	53	-15.000000	60.250000	9.840759e+04	2.561079e-04
	131	70	5.750000	56.000000	9.756472e+04	2.509474e-04
	111	127	0.750000	41.750000	1.012425e+05	2.989357e-05
2022	2	18	7	21
	234	29	31.500000	66.250000	9.665753e+04	1.462241e-04
	125	35	4.250000	64.750000	9.745419e+04	2.476772e-04
	0	53	-27.000000	60.250000	9.795985e+04	1.245036e-04
	53	54	-13.750000	60.000000	9.851310e+04	2.165063e-04
	16	64	-23.000000	57.500000	9.801716e+04	1.807369e-04
	142	68	8.500000	56.500000	9.736951e+04	2.353015e-04
	282	121	43.500000	43.250000	1.006007e+05	2.354297e-05
2022	2	19	10	0
	154	28	11.500000	66.500000	9.741238e+04	4.614983e-05
	235	29	31.750000	66.250000	9.682036e+04	1.339974e-04
	131	35	5.750000	64.750000	9.741238e+04	2.067285e-04
	0	50	-27.000000	61.000000	9.792169e+04	1.031686e-04
	57	53	-12.750000	60.250000	9.857330e+04	2.019177e-04
	23	61	-21.250000	58.250000	9.788733e+04	2.518135e-04
	156	66	12.000000	57.000000	9.728802e+04	2.214072e-04
	137	117	7.250000	44.250000	1.013338e+05	1.426726e-04
	286	123	44.500000	42.750000	1.009893e+05	7.911513e-06
	272	154	41.000000	35.000000	1.011145e+05	6.311276e-05
2022	2	19	9	3
	6	7	-25.500000	71.750000	1.004415e+05	-4.719547e-06
	252	17	36.000000	69.250000	9.693925e+04	1.558675e-04
	156	28	12.000000	66.500000	9.736388e+04	5.065667e-05
	235	29	31.750000	66.250000	9.693013e+04	1.140835e-04
	136	34	7.000000	65.000000	9.736388e+04	1.690556e-04
	29	59	-19.750000	58.750000	9.755879e+04	2.619383e-04
	164	65	14.000000	57.250000	9.723085e+04	1.679586e-04
	165	65	14.250000	57.250000	9.723085e+04	1.510614e-04
	137	117	7.250000	44.250000	1.012403e+05	1.380265e-04
2022	2	19	11	6
	6	7	-25.500000	71.750000	1.003965e+05	-2.124346e-05
	248	17	35.000000	69.250000	9.706498e+04	1.501087e-04
	157	27	12.250000	66.750000	9.738714e+04	4.890748e-05
	241	28	33.250000	66.500000	9.706498e+04	1.244872e-04
	137	34	7.250000	65.000000	9.738714e+04	2.061039e-04
	35	58	-18.250000	59.000000	9.741298e+04	3.240690e-04
	51	63	-14.250000	57.750000	9.741298e+04	2.242594e-04
	193	63	21.250000	57.750000	9.714860e+04	1.670709e-04
	136	117	7.000000	44.250000	1.013371e+05	1.073495e-04
	287	124	44.750000	42.500000	1.014329e+05	-2.099602e-05
	275	152	41.750000	35.500000	1.013090e+05	9.374543e-05
2022	2	19	10	9
	6	7	-25.500000	71.750000	1.004044e+05	-7.086970e-06
	244	18	34.000000	69.000000	9.717475e+04	1.476126e-04
	158	26	12.500000	67.000000	9.746057e+04	4.109074e-05
	244	28	34.000000	66.500000	9.717475e+04	1.159878e-04
	139	35	7.750000	64.750000	9.746057e+04	2.727988e-04
	38	58	-17.500000	59.000000	9.765594e+04	3.185684e-04
	60	62	-12.000000	58.000000	9.765822e+04	2.290646e-04
	198	62	22.500000	58.000000	9.720257e+04	1.651440e-04
	136	117	7.000000	44.250000	1.015708e+05	9.386415e-05
	275	151	41.750000	35.750000	1.012191e+05	8.179175e-05
2022	2	19	10	12
	243	19	33.750000	68.750000	9.727950e+04	1.277590e-04
	232	28	31.000000	66.500000	9.727950e+04	4.132453e-05
	233	28	31.250000	66.500000	9.727950e+04	4.098771e-05
	38	36	-17.500000	64.500000	9.884681e+04	-7.997001e-05
	145	36	9.250000	64.500000	9.760607e+04	2.640995e-04
	217	60	27.250000	58.500000	9.728786e+04	1.500869e-04
	53	61	-13.750000	58.250000	9.822104e+04	2.391897e-04
	283	139	43.750000	38.750000	1.010343e+05	2.116326e-05
	275	150	41.750000	36.000000	1.010145e+05	8.114065e-05
	277	162	42.250000	33.000000	1.010343e+05	1.869737e-05
2022	2	19	9	15
	246	21	34.500000	68.250000	9.737909e+04	7.158497e-05
	151	32	10.750000	65.500000	9.777862e+04	1.931208e-04
	38	36	-17.500000	64.500000	9.882887e+04	-4.779951e-05
	230	59	30.500000	58.750000	9.725517e+04	1.565779e-04
	61	61	-11.750000	58.250000	9.853149e+04	2.261666e-04
	95	69	-3.250000	56.250000	9.863868e+04	1.837013e-04
	135	119	6.750000	43.750000	1.015031e+05	1.007257e-04
	117	157	2.250000	34.250000	1.015863e+05	3.119901e-05
	272	162	41.000000	33.000000	1.010876e+05	-1.889915e-05
2022	2	19	7	18
	260	18	38.000000	69.000000	9.746209e+04	5.762545e-05
	152	32	11.000000	65.500000	9.796532e+04	8.933239e-05
	38	36	-17.500000	64.500000	9.858197e+04	-5.513280e-05
	242	56	33.500000	59.500000	9.722477e+04	1.591245e-04
	121	70	3.250000	56.000000	9.869280e+04	1.751792e-04
	284	154	44.000000	35.000000	1.011998e+05	5.161753e-05
	280	162	43.000000	33.000000	1.011998e+05	8.066593e-05
2022	2	19	7	21
	267	18	39.750000	69.000000	9.752792e+04	9.394044e-05
	159	26	12.750000	67.000000	9.809045e+04	7.902888e-05
	38	36	-17.500000	64.500000	9.817620e+04	-5.330098e-05
	252	54	36.000000	60.000000	9.718570e+04	1.423510e-04
	0	56	-27.000000	59.500000	9.693727e+04	1.196977e-04
	132	70	6.000000	56.000000	9.870010e+04	1.806252e-04
	285	159	44.250000	33.750000	1.012590e+05	9.171513e-05
2022	2	20	9	0
	269	18	40.250000	69.000000	9.759801e+04	8.229900e-05
	159	26	12.750000	67.000000	9.820584e+04	9.435644e-05
	0	52	-27.000000	60.500000	9.614685e+04	1.616894e-04
	260	52	38.000000	60.500000	9.716228e+04	1.200918e-04
	288	52	45.000000	60.500000	9.815810e+04	1.493707e-04
	140	70	8.000000	56.000000	9.876334e+04	2.077655e-04
	165	126	14.250000	42.000000	1.017253e+05	-2.922796e-05
	263	155	38.750000	34.750000	1.016413e+05	2.949102e-05
	86	162	-5.500000	33.000000	1.022571e+05	-2.833886e-05
