2022	2	16	5	0
	53	39	-13.750000	63.750000	9.733648e+04	3.388862e-04
	184	43	19.000000	62.750000	9.899949e+04	1.634046e-04
	118	54	2.500000	60.000000	9.802525e+04	2.203977e-04
	65	67	-10.750000	56.750000	9.724452e+04	3.049426e-04
	171	121	15.750000	43.250000	1.014307e+05	1.258698e-05
2022	2	16	4	3
	46	38	-15.500000	64.000000	9.746409e+04	2.653280e-04
	123	55	3.750000	59.750000	9.798555e+04	2.105998e-04
	75	66	-8.250000	57.000000	9.722902e+04	2.957201e-04
	174	123	16.500000	42.750000	1.014146e+05	5.807733e-05
2022	2	16	2	6
	84	66	-6.000000	57.000000	9.746021e+04	2.844092e-04
	100	68	-2.000000	56.500000	9.746021e+04	2.238897e-04
2022	2	16	5	9
	114	34	1.500000	65.000000	9.780600e+04	1.905290e-04
	113	67	1.250000	56.750000	9.764613e+04	2.116804e-04
	48	70	-15.000000	56.000000	9.751448e+04	2.033347e-04
	137	116	7.250000	44.500000	1.011987e+05	5.010467e-05
	182	134	18.500000	40.000000	1.014056e+05	1.293455e-04
2022	2	16	6	12
	110	34	0.500000	65.000000	9.760767e+04	1.809901e-04
	42	57	-16.500000	59.250000	9.734996e+04	6.597250e-05
	124	67	4.000000	56.750000	9.746719e+04	2.163487e-04
	62	68	-11.500000	56.500000	9.714466e+04	2.499870e-04
	182	130	18.500000	41.000000	1.011499e+05	1.504953e-04
	183	138	18.750000	39.000000	1.011499e+05	1.820740e-04
2022	2	16	6	15
	104	35	-1.000000	64.750000	9.744533e+04	1.837934e-04
	76	66	-8.000000	57.000000	9.673562e+04	3.136278e-04
	135	67	6.750000	56.750000	9.733291e+04	2.102640e-04
	137	116	7.250000	44.500000	1.010506e+05	6.183171e-05
	182	127	18.500000	41.750000	1.010038e+05	9.325080e-05
	184	135	19.000000	39.750000	1.010038e+05	1.561738e-04
2022	2	16	4	18
	87	66	-5.250000	57.000000	9.684726e+04	3.441108e-04
	148	108	10.000000	46.500000	1.004920e+05	-4.257061e-05
	280	121	43.000000	43.250000	1.020940e+05	-2.430119e-05
	184	134	19.000000	40.000000	1.011058e+05	1.115299e-04
2022	2	16	4	21
	117	67	2.250000	56.750000	9.689068e+04	1.876752e-04
	137	117	7.250000	44.250000	1.010978e+05	6.452762e-05
	278	120	42.500000	43.500000	1.020881e+05	-4.221213e-05
	184	133	19.000000	40.250000	1.011652e+05	9.488624e-05
2022	2	17	3	0
	288	9	45.000000	71.250000	9.898306e+04	1.094548e-04
	180	62	18.000000	58.000000	9.667498e+04	1.925884e-04
	278	120	42.500000	43.500000	1.019315e+05	-4.103643e-05
2022	2	17	4	3
	288	10	45.000000	71.000000	9.900322e+04	1.041858e-04
	191	58	20.750000	59.000000	9.631447e+04	1.971191e-04
	183	71	18.750000	55.750000	9.634191e+04	1.085988e-04
	138	117	7.500000	44.250000	1.007107e+05	1.041738e-04
2022	2	17	5	6
	194	56	21.500000	59.500000	9.609599e+04	2.035879e-04
	197	67	22.250000	56.750000	9.609599e+04	1.143738e-04
	0	106	-27.000000	47.000000	1.000821e+05	8.671106e-05
	150	109	10.500000	46.250000	1.000015e+05	2.140377e-05
	279	121	42.750000	43.250000	1.017645e+05	-3.348948e-05
2022	2	17	5	9
	195	55	21.750000	59.750000	9.599117e+04	2.359500e-04
	205	63	24.250000	57.750000	9.599117e+04	1.851403e-04
	6	101	-25.500000	48.250000	9.960826e+04	3.307456e-04
	138	117	7.500000	44.250000	1.008069e+05	4.710801e-05
	278	120	42.500000	43.500000	1.016123e+05	-4.347320e-05
2022	2	17	3	12
	202	56	23.500000	59.500000	9.595023e+04	5.537254e-05
	14	97	-23.500000	49.250000	9.882381e+04	4.207350e-04
	272	119	41.000000	43.750000	1.012652e+05	-5.230096e-05
2022	2	17	2	15
	214	54	26.500000	60.000000	9.592202e+04	1.631505e-04
	21	92	-21.750000	50.500000	9.762427e+04	5.191815e-04
2022	2	17	4	18
	216	51	27.000000	60.750000	9.591255e+04	1.620565e-04
	217	51	27.250000	60.750000	9.591255e+04	1.517217e-04
	28	89	-20.000000	51.250000	9.668243e+04	6.166124e-04
	159	107	12.750000	46.750000	1.006301e+05	-5.313315e-05
2022	2	17	2	21
	220	49	28.000000	61.250000	9.598605e+04	1.403335e-04
	40	85	-17.000000	52.250000	9.605490e+04	6.408393e-04
2022	2	18	2	0
	222	47	28.500000	61.750000	9.605614e+04	1.982769e-04
	51	81	-14.250000	53.250000	9.559065e+04	4.965257e-04
2022	2	18	3	3
	6	7	-25.500000	71.750000	1.003811e+05	-3.118075e-05
	223	44	28.750000	62.500000	9.609103e+04	1.489645e-04
	59	79	-12.250000	53.750000	9.541807e+04	4.660316e-04
2022	2	18	3	6
	6	7	-25.500000	71.750000	1.003012e+05	-3.988270e-05
	223	41	28.750000	63.250000	9.618965e+04	1.337686e-04
	68	78	-10.000000	54.000000	9.544273e+04	4.844969e-04
2022	2	18	4	9
	6	7	-25.500000	71.750000	1.002901e+05	-5.056751e-05
	224	38	29.000000	64.000000	9.632843e+04	1.500131e-04
	81	76	-6.750000	54.500000	9.589612e+04	3.464736e-04
	256	162	37.000000	33.000000	1.010097e+05	1.762705e-05
2022	2	18	6	12
	6	7	-25.500000	71.750000	1.002463e+05	-7.002670e-05
	225	36	29.250000	64.500000	9.648984e+04	1.149574e-04
	43	45	-16.250000	62.250000	9.831909e+04	2.666638e-04
	95	73	-3.250000	55.250000	9.615677e+04	3.929727e-04
	287	141	44.750000	38.250000	1.009613e+05	1.452391e-05
	257	162	37.250000	33.000000	1.007411e+05	6.695935e-06
2022	2	18	6	15
	6	7	-25.500000	71.750000	1.001103e+05	-7.474568e-05
	227	35	29.750000	64.750000	9.666925e+04	1.026341e-04
	47	46	-15.250000	62.000000	9.812930e+04	3.197454e-04
	114	60	1.500000	58.500000	9.620795e+04	1.785840e-04
	110	70	0.500000	56.000000	9.620795e+04	2.744348e-04
	238	137	32.500000	39.250000	1.006013e+05	7.131239e-05
2022	2	18	7	18
	6	7	-25.500000	71.750000	9.997141e+04	-5.677093e-05
	231	34	30.750000	65.000000	9.678818e+04	7.007869e-05
	232	34	31.000000	65.000000	9.678818e+04	6.421873e-05
	53	47	-13.750000	61.750000	9.803084e+04	3.173627e-04
	145	59	9.250000	58.750000	9.635603e+04	2.077871e-04
	123	67	3.750000	56.750000	9.625679e+04	1.787100e-04
	231	148	30.750000	36.500000	1.009024e+05	4.749134e-05
2022	2	18	8	21
	2	6	-26.500000	72.000000	1.002105e+05	1.398160e-05
	243	28	33.750000	66.500000	9.684959e+04	7.843172e-05
	58	48	-12.500000	61.500000	9.807844e+04	3.099207e-04
	0	53	-27.000000	60.250000	9.823598e+04	9.936988e-05
	150	57	10.500000	59.250000	9.637743e+04	1.852853e-04
	136	66	7.000000	57.000000	9.637743e+04	2.814563e-04
	108	137	0.000000	39.250000	1.012409e+05	6.602435e-05
	223	149	28.750000	36.250000	1.007233e+05	2.126511e-04
2022	2	19	9	0
	6	7	-25.500000	71.750000	1.001108e+05	-2.608892e-05
	245	28	34.250000	66.500000	9.687486e+04	9.813482e-05
	0	48	-27.000000	61.500000	9.787500e+04	9.987514e-05
	65	49	-10.750000	61.250000	9.820248e+04	2.990816e-04
	147	63	9.750000	57.750000	9.645325e+04	2.701076e-04
	138	110	7.500000	46.000000	1.010398e+05	-6.025606e-05
	108	139	0.000000	38.750000	1.012705e+05	7.918248e-05
	224	151	29.000000	35.750000	1.006486e+05	2.015805e-04
	233	155	31.250000	34.750000	1.006486e+05	2.410491e-05
2022	2	19	7	3
	6	7	-25.500000	71.750000	1.001057e+05	-1.186701e-05
	247	25	34.750000	67.250000	9.688695e+04	6.373857e-05
	72	50	-9.000000	61.000000	9.826761e+04	2.691304e-04
	162	61	13.500000	58.250000	9.664661e+04	2.716632e-04
	138	111	7.500000	45.750000	1.013220e+05	1.306044e-06
	121	142	3.250000	38.000000	1.013073e+05	-1.374452e-05
	223	154	28.750000	35.000000	1.007038e+05	1.752601e-04
2022	2	19	10	6
	6	7	-25.500000	71.750000	9.995513e+04	-1.732468e-05
	243	20	33.750000	68.500000	9.692107e+04	1.577718e-04
	120	29	3.000000	66.250000	9.755355e+04	1.295977e-04
	9	46	-24.750000	62.000000	9.763357e+04	2.026088e-04
	79	51	-7.250000	60.750000	9.837212e+04	2.417716e-04
	190	52	20.500000	60.500000	9.678865e+04	1.327665e-04
	176	60	17.000000	58.500000	9.678865e+04	2.086355e-04
	137	117	7.250000	44.250000	1.012936e+05	1.388780e-04
	224	159	29.000000	33.750000	1.009529e+05	1.567796e-04
	239	162	32.750000	33.000000	1.009562e+05	-1.177213e-05
2022	2	19	11	9
	6	7	-25.500000	71.750000	9.991870e+04	-2.744110e-05
	241	21	33.250000	68.250000	9.710016e+04	1.376564e-04
	242	21	33.500000	68.250000	9.710016e+04	1.374722e-04
	124	30	4.000000	66.000000	9.766582e+04	1.336878e-04
	3	42	-26.250000	63.000000	9.749433e+04	1.693079e-04
	21	48	-21.750000	61.500000	9.749433e+04	1.732613e-04
	88	52	-5.000000	60.500000	9.858316e+04	2.143364e-04
	89	52	-4.750000	60.500000	9.858316e+04	2.089976e-04
	187	59	19.750000	58.750000	9.705194e+04	1.596972e-04
	136	118	7.000000	44.000000	1.015695e+05	1.275049e-04
	134	141	6.500000	38.250000	1.015978e+05	-4.788956e-07
2022	2	19	6	12
	6	7	-25.500000	71.750000	9.992040e+04	-2.117813e-05
	265	14	39.250000	70.000000	9.727212e+04	5.743921e-05
	240	21	33.000000	68.250000	9.727212e+04	1.182764e-04
	130	30	5.500000	66.000000	9.779251e+04	1.319671e-04
	98	52	-2.500000	60.500000	9.872488e+04	2.281152e-04
	200	55	23.000000	59.750000	9.728902e+04	1.010851e-04
2022	2	19	10	15
	6	7	-25.500000	71.750000	9.984550e+04	-1.005790e-05
	263	14	38.750000	70.000000	9.735756e+04	6.028283e-05
	251	21	35.750000	68.250000	9.735756e+04	4.152319e-05
	251	22	35.750000	68.000000	9.735756e+04	4.232511e-05
	135	30	6.750000	66.000000	9.783019e+04	1.119747e-04
	216	50	27.000000	61.000000	9.748533e+04	8.293943e-05
	108	52	0.000000	60.500000	9.875109e+04	1.958237e-04
	0	55	-27.000000	59.750000	9.652256e+04	1.100117e-04
	135	119	6.750000	43.750000	1.014972e+05	1.220699e-04
	117	158	2.250000	34.000000	1.015662e+05	5.416194e-05
2022	2	19	6	18
	6	7	-25.500000	71.750000	9.968766e+04	-3.404727e-06
	261	15	38.250000	69.750000	9.743245e+04	6.154926e-05
	143	30	8.750000	66.000000	9.785841e+04	1.154226e-04
	0	51	-27.000000	60.750000	9.568074e+04	1.622654e-04
	87	147	-5.250000	36.750000	1.020787e+05	1.377411e-04
	121	158	3.250000	34.000000	1.017394e+05	6.203371e-05
2022	2	19	5	21
	261	16	38.250000	69.500000	9.752782e+04	4.512790e-05
	149	30	10.250000	66.000000	9.789872e+04	1.643831e-04
	0	49	-27.000000	61.250000	9.499476e+04	1.082722e-04
	147	127	9.750000	41.750000	1.018453e+05	4.049499e-06
	78	152	-7.500000	35.500000	1.023987e+05	1.006405e-04
2022	2	20	7	0
	6	7	-25.500000	71.750000	9.932667e+04	-1.713988e-05
	154	29	11.500000	66.250000	9.788957e+04	2.201476e-04
	6	46	-25.500000	62.000000	9.476092e+04	2.757150e-04
	172	124	16.000000	42.500000	1.019053e+05	6.557593e-05
	149	126	10.250000	42.000000	1.018653e+05	2.105739e-05
	152	137	11.000000	39.250000	1.018653e+05	1.225299e-04
	76	154	-8.000000	35.000000	1.023914e+05	8.343358e-05
