2022	2	14	7	0
	2	6	-26.500000	72.000000	9.976311e+04	-1.154471e-05
	218	9	27.500000	71.250000	9.842541e+04	1.070026e-04
	194	12	21.500000	70.500000	9.842541e+04	1.428325e-04
	1	17	-26.750000	69.250000	9.976311e+04	1.740237e-06
	219	23	27.750000	67.750000	9.845623e+04	9.674612e-05
	113	62	1.250000	58.000000	9.851170e+04	8.414448e-05
	104	71	-1.000000	55.750000	9.851170e+04	1.308388e-04
2022	2	14	6	3
	64	5	-11.000000	72.250000	1.001341e+05	1.008656e-04
	210	9	25.500000	71.250000	9.815030e+04	2.196532e-04
	1	17	-26.750000	69.250000	9.977407e+04	-1.421018e-05
	227	22	29.750000	68.000000	9.829582e+04	8.771611e-05
	114	61	1.500000	58.250000	9.845092e+04	6.057665e-05
	108	70	0.000000	56.000000	9.845092e+04	1.209325e-04
2022	2	14	2	6
	219	8	27.750000	71.500000	9.802876e+04	2.166849e-04
	108	70	0.000000	56.000000	9.848584e+04	1.801465e-04
2022	2	14	4	9
	229	7	30.250000	71.750000	9.805102e+04	1.692308e-04
	0	52	-27.000000	60.500000	9.801387e+04	1.138831e-04
	126	68	4.500000	56.500000	9.858377e+04	1.352817e-04
	111	69	0.750000	56.250000	9.858377e+04	1.829459e-04
2022	2	14	5	12
	230	6	30.500000	72.000000	9.800788e+04	1.901588e-04
	231	6	30.750000	72.000000	9.800788e+04	1.926349e-04
	0	48	-27.000000	61.500000	9.758982e+04	1.102556e-04
	131	64	5.750000	57.500000	9.850399e+04	1.808651e-04
	113	70	1.250000	56.000000	9.850399e+04	1.952861e-04
2022	2	14	5	15
	6	7	-25.500000	71.750000	9.991736e+04	5.144683e-05
	229	7	30.250000	71.750000	9.803972e+04	2.527891e-04
	6	45	-25.500000	62.250000	9.719317e+04	2.565085e-04
	134	62	6.500000	58.000000	9.850776e+04	1.702034e-04
	116	71	2.000000	55.750000	9.860414e+04	2.180377e-04
2022	2	14	6	18
	249	5	35.250000	72.250000	9.807156e+04	1.168251e-04
	250	5	35.500000	72.250000	9.807156e+04	1.200959e-04
	2	42	-26.500000	63.000000	9.684514e+04	2.162806e-04
	31	50	-19.250000	61.000000	9.734656e+04	1.965067e-04
	128	63	5.000000	57.750000	9.882755e+04	1.405887e-04
	136	121	7.000000	43.250000	1.010262e+05	1.382031e-04
2022	2	14	7	21
	249	5	35.250000	72.250000	9.811179e+04	8.505207e-05
	0	38	-27.000000	64.000000	9.675971e+04	1.444129e-04
	27	39	-20.250000	63.750000	9.675971e+04	-2.994402e-05
	145	58	9.250000	59.000000	9.890338e+04	1.714279e-04
	131	62	5.750000	58.000000	9.890338e+04	1.474144e-04
	138	120	7.500000	43.500000	1.010197e+05	1.101848e-04
	138	121	7.500000	43.250000	1.010197e+05	1.042023e-04
2022	2	15	7	0
	244	6	34.000000	72.000000	9.810374e+04	1.125292e-04
	6	7	-25.500000	71.750000	9.973127e+04	5.683525e-05
	266	11	39.500000	70.750000	9.810374e+04	1.638715e-04
	0	40	-27.000000	63.500000	9.717262e+04	8.665163e-05
	18	41	-22.500000	63.250000	9.717262e+04	2.379473e-04
	124	52	4.000000	60.500000	9.892307e+04	7.011308e-05
	146	118	9.500000	44.000000	1.009841e+05	1.348499e-04
2022	2	15	8	3
	6	7	-25.500000	71.750000	9.970542e+04	5.813338e-05
	268	10	40.000000	71.000000	9.809827e+04	2.027233e-04
	241	11	33.250000	70.750000	9.809827e+04	2.712882e-04
	8	37	-25.000000	64.250000	9.703242e+04	2.497507e-04
	123	52	3.750000	60.500000	9.884380e+04	5.678332e-05
	136	59	7.000000	58.750000	9.884380e+04	1.596942e-04
	171	103	15.750000	47.750000	1.009522e+05	5.247991e-05
	147	117	9.750000	44.250000	1.009300e+05	1.048778e-04
2022	2	15	5	6
	270	10	40.500000	71.000000	9.814705e+04	2.069104e-04
	0	34	-27.000000	65.000000	9.689119e+04	9.457484e-05
	24	35	-21.000000	64.750000	9.689119e+04	7.781550e-05
	122	51	3.500000	60.750000	9.879622e+04	6.849194e-05
	158	113	12.500000	45.250000	1.009544e+05	1.118077e-04
2022	2	15	3	9
	273	10	41.250000	71.000000	9.829154e+04	2.050804e-04
	23	39	-21.250000	63.750000	9.710997e+04	7.183941e-05
	158	111	12.500000	45.750000	1.010549e+05	8.786705e-05
2022	2	15	4	12
	276	10	42.000000	71.000000	9.843740e+04	2.064532e-04
	24	35	-21.000000	64.750000	9.729434e+04	1.157536e-04
	0	38	-27.000000	64.000000	9.729434e+04	-6.519368e-06
	156	118	12.000000	44.000000	1.011066e+05	8.392295e-06
2022	2	15	4	15
	278	10	42.500000	71.000000	9.856083e+04	2.284716e-04
	0	40	-27.000000	63.500000	9.729999e+04	-6.336743e-06
	25	77	-20.750000	54.250000	9.810323e+04	2.221674e-04
	164	162	14.000000	33.000000	1.015861e+05	2.898235e-05
2022	2	15	4	18
	282	10	43.500000	71.000000	9.868837e+04	2.445395e-04
	0	40	-27.000000	63.500000	9.725977e+04	-4.336365e-06
	31	75	-19.250000	54.750000	9.779303e+04	2.384427e-04
	164	162	14.000000	33.000000	1.016221e+05	-9.003730e-06
2022	2	15	3	21
	288	10	45.000000	71.000000	9.878560e+04	1.364440e-04
	119	56	2.750000	59.500000	9.830952e+04	1.563140e-04
	39	72	-17.250000	55.500000	9.759530e+04	2.455262e-04
2022	2	16	1	0
	48	69	-15.000000	56.250000	9.727038e+04	2.761022e-04
2022	2	16	1	3
	58	68	-12.500000	56.500000	9.694683e+04	3.551546e-04
2022	2	16	4	6
	70	67	-9.500000	56.750000	9.674088e+04	3.724785e-04
	90	70	-4.500000	56.000000	9.674088e+04	2.083266e-04
	137	116	7.250000	44.500000	1.011409e+05	8.162764e-05
	179	125	17.750000	42.250000	1.014432e+05	8.145193e-05
2022	2	16	4	9
	83	67	-6.250000	56.750000	9.680456e+04	3.976646e-04
	99	67	-2.250000	56.750000	9.680456e+04	1.599667e-04
	137	117	7.250000	44.250000	1.011390e+05	9.891443e-05
	182	136	18.500000	39.500000	1.015026e+05	1.101359e-04
2022	2	16	1	12
	106	66	-0.500000	57.000000	9.690146e+04	2.461288e-04
2022	2	16	2	15
	114	69	1.500000	56.250000	9.662721e+04	2.920609e-04
	186	137	19.500000	39.250000	1.012398e+05	9.589871e-05
2022	2	16	3	18
	131	68	5.750000	56.500000	9.654212e+04	1.693481e-04
	147	108	9.750000	46.500000	1.001002e+05	-6.620200e-05
	186	137	19.500000	39.250000	1.012402e+05	1.177164e-04
2022	2	16	4	21
	0	33	-27.000000	65.250000	9.876540e+04	3.901893e-05
	154	68	11.500000	56.500000	9.646166e+04	2.106128e-04
	280	121	43.000000	43.250000	1.018992e+05	-3.972881e-05
	187	138	19.750000	39.000000	1.012518e+05	8.662502e-05
2022	2	17	6	0
	283	1	43.750000	73.250000	9.908262e+04	1.474280e-04
	0	32	-27.000000	65.500000	9.897084e+04	3.404750e-05
	162	67	13.500000	56.750000	9.645242e+04	2.121580e-04
	138	117	7.500000	44.250000	1.006826e+05	1.315176e-04
	280	121	43.000000	43.250000	1.018607e+05	-3.756048e-05
	186	139	19.500000	38.750000	1.011578e+05	8.376997e-05
2022	2	17	6	3
	274	1	41.500000	73.250000	9.905780e+04	1.603126e-04
	178	65	17.500000	57.250000	9.648820e+04	1.598407e-04
	138	117	7.500000	44.250000	1.006074e+05	1.259931e-04
	280	121	43.000000	43.250000	1.017515e+05	-2.095070e-05
	275	149	41.750000	36.250000	1.016430e+05	3.089366e-05
	285	149	44.250000	36.250000	1.016430e+05	1.498672e-05
2022	2	17	4	6
	269	2	40.250000	73.000000	9.903144e+04	1.656149e-04
	183	64	18.750000	57.500000	9.661899e+04	1.587642e-04
	138	117	7.500000	44.250000	1.005306e+05	9.299494e-05
	281	121	43.250000	43.250000	1.016485e+05	-1.095025e-05
2022	2	17	5	9
	264	3	39.000000	72.750000	9.910402e+04	1.799461e-04
	189	63	20.250000	57.750000	9.675698e+04	9.307257e-05
	24	74	-21.000000	55.000000	9.926357e+04	1.910848e-04
	150	110	10.500000	46.000000	1.005162e+05	8.847229e-05
	187	116	19.750000	44.500000	1.001587e+05	-4.335907e-05
2022	2	17	5	12
	264	4	39.000000	72.500000	9.911429e+04	1.856576e-04
	33	43	-18.750000	62.750000	9.876831e+04	1.967323e-04
	197	62	22.250000	58.000000	9.681638e+04	9.342210e-05
	198	62	22.500000	58.000000	9.681638e+04	8.733811e-05
	29	72	-19.750000	55.500000	9.912114e+04	2.218177e-04
2022	2	17	5	15
	264	4	39.000000	72.500000	9.915880e+04	1.903823e-04
	125	38	4.250000	64.000000	9.795806e+04	5.796161e-05
	31	44	-19.250000	62.500000	9.869436e+04	1.857429e-04
	203	59	23.750000	58.750000	9.688982e+04	1.229875e-04
	34	71	-18.500000	55.750000	9.901123e+04	2.326063e-04
2022	2	17	6	18
	265	5	39.250000	72.250000	9.918038e+04	1.707470e-04
	131	36	5.750000	64.500000	9.795617e+04	7.802599e-05
	29	44	-19.750000	62.500000	9.860003e+04	2.148365e-04
	208	57	25.000000	59.250000	9.693039e+04	1.054197e-04
	43	70	-16.250000	56.000000	9.894995e+04	2.532856e-04
	76	89	-8.000000	51.250000	9.975010e+04	1.354692e-04
2022	2	17	5	21
	135	36	6.750000	64.500000	9.798048e+04	8.391681e-05
	28	45	-20.000000	62.250000	9.856562e+04	2.114280e-04
	208	54	25.000000	60.000000	9.695864e+04	1.468889e-04
	51	70	-14.250000	56.000000	9.893882e+04	2.562416e-04
	87	87	-5.250000	51.750000	9.967255e+04	1.381691e-04
2022	2	18	5	0
	142	35	8.500000	64.750000	9.796936e+04	9.166062e-05
	143	35	8.750000	64.750000	9.796936e+04	8.967386e-05
	28	45	-20.000000	62.250000	9.860277e+04	2.071125e-04
	209	52	25.250000	60.500000	9.698312e+04	1.757153e-04
	61	70	-11.750000	56.000000	9.888181e+04	2.364173e-04
2022	2	18	3	3
	127	28	4.750000	66.500000	9.790584e+04	1.083996e-04
	27	45	-20.250000	62.250000	9.860123e+04	1.725403e-04
	210	50	25.500000	61.000000	9.698123e+04	1.947864e-04
2022	2	18	5	6
	125	27	4.250000	66.750000	9.780433e+04	9.196431e-05
	142	33	8.500000	65.250000	9.780433e+04	1.083401e-04
	21	45	-21.750000	62.250000	9.853857e+04	1.778266e-04
	212	49	26.000000	61.250000	9.701393e+04	2.003296e-04
	77	91	-7.750000	50.750000	9.937108e+04	1.199639e-04
2022	2	18	4	9
	119	26	2.750000	67.000000	9.776838e+04	6.131163e-05
	142	31	8.500000	65.750000	9.776838e+04	8.316049e-05
	18	45	-22.500000	62.250000	9.853344e+04	2.137120e-04
	216	48	27.000000	61.500000	9.711031e+04	1.763684e-04
2022	2	18	6	12
	113	26	1.250000	67.000000	9.769511e+04	1.124400e-04
	141	30	8.250000	66.000000	9.769511e+04	6.515594e-05
	16	45	-23.000000	62.250000	9.846941e+04	2.106571e-04
	217	45	27.250000	62.250000	9.722963e+04	1.163833e-04
	218	45	27.500000	62.250000	9.722963e+04	1.176906e-04
	279	119	42.750000	43.750000	1.002705e+05	6.460264e-06
2022	2	18	4	15
	110	26	0.500000	67.000000	9.758982e+04	1.872483e-04
	216	37	27.000000	64.250000	9.734211e+04	7.020433e-05
	217	37	27.250000	64.250000	9.734211e+04	6.705454e-05
	12	45	-24.000000	62.250000	9.831551e+04	2.361608e-04
2022	2	18	4	18
	108	26	0.000000	67.000000	9.750645e+04	1.976894e-04
	216	34	27.000000	65.000000	9.739895e+04	7.228846e-05
	10	43	-24.500000	62.750000	9.817188e+04	2.685993e-04
	107	130	-0.250000	41.000000	1.008959e+05	7.764083e-05
2022	2	18	5	21
	104	26	-1.000000	67.000000	9.747376e+04	1.446377e-04
	218	33	27.500000	65.250000	9.746639e+04	4.119056e-05
	6	43	-25.500000	62.750000	9.809056e+04	2.896061e-04
	1	62	-26.750000	58.000000	9.840795e+04	1.258073e-04
	108	130	0.000000	41.000000	1.010493e+05	9.318162e-05
2022	2	19	7	0
	101	27	-1.750000	66.750000	9.746554e+04	1.423580e-04
	222	32	28.500000	65.500000	9.757630e+04	4.226789e-05
	1	42	-26.750000	63.000000	9.802671e+04	1.559006e-04
	9	60	-24.750000	58.500000	9.820817e+04	1.608080e-04
	159	74	12.750000	55.000000	9.865704e+04	1.519559e-04
	111	125	0.750000	42.250000	1.009740e+05	4.281548e-06
	108	134	0.000000	40.000000	1.009740e+05	8.280995e-05
2022	2	19	12	3
	99	28	-2.250000	66.500000	9.742154e+04	1.300806e-04
	230	31	30.500000	65.750000	9.761311e+04	4.799185e-05
	231	31	30.750000	65.750000	9.761311e+04	4.827749e-05
	232	31	31.000000	65.750000	9.761311e+04	4.900559e-05
	14	59	-23.500000	58.750000	9.811470e+04	1.921188e-04
	30	63	-19.500000	57.750000	9.811470e+04	2.105956e-04
	168	72	15.000000	55.500000	9.841583e+04	1.845489e-04
	114	136	1.500000	39.500000	1.009678e+05	8.730240e-05
	281	140	43.250000	38.500000	1.014413e+05	9.558068e-06
	267	153	39.750000	35.250000	1.013598e+05	7.231311e-05
	272	162	41.000000	33.000000	1.013056e+05	-5.477065e-06
	283	162	43.750000	33.000000	1.013056e+05	-2.490840e-05
2022	2	19	11	6
	118	28	2.500000	66.500000	9.743096e+04	1.048452e-04
	98	29	-2.500000	66.250000	9.743096e+04	1.345418e-04
	235	29	31.750000	66.250000	9.766104e+04	6.156450e-05
	18	59	-22.500000	58.750000	9.797877e+04	1.999251e-04
	33	61	-18.750000	58.250000	9.797877e+04	2.268131e-04
	179	70	17.750000	56.000000	9.823676e+04	2.180148e-04
	136	115	7.000000	44.750000	1.010654e+05	6.964269e-05
	117	135	2.250000	39.750000	1.011013e+05	1.125643e-04
	282	140	43.500000	38.500000	1.015945e+05	1.495470e-05
	271	154	40.750000	35.000000	1.014696e+05	7.092098e-05
	275	162	41.750000	33.000000	1.013894e+05	-1.815735e-05
2022	2	19	9	9
	240	19	33.000000	68.750000	9.776427e+04	9.862367e-05
	120	27	3.000000	66.750000	9.752562e+04	9.455520e-05
	237	27	32.250000	66.750000	9.776427e+04	8.600650e-05
	97	30	-2.750000	66.000000	9.752562e+04	1.277583e-04
	35	59	-18.250000	58.750000	9.795002e+04	2.243153e-04
	189	69	20.250000	56.250000	9.816657e+04	2.333733e-04
	284	140	44.000000	38.500000	1.014293e+05	3.686289e-05
	272	154	41.000000	35.000000	1.013259e+05	6.544067e-05
	267	162	39.750000	33.000000	1.013641e+05	-8.397184e-07
2022	2	19	11	12
	241	17	33.250000	69.250000	9.777095e+04	1.229243e-04
	211	24	25.750000	67.500000	9.777300e+04	7.972820e-05
	118	26	2.500000	67.000000	9.761516e+04	8.493818e-05
	119	26	2.750000	67.000000	9.761516e+04	8.485770e-05
	98	30	-2.500000	66.000000	9.761516e+04	1.533625e-04
	35	58	-18.250000	59.000000	9.801644e+04	2.155957e-04
	36	58	-18.000000	59.000000	9.801644e+04	2.212759e-04
	197	68	22.250000	56.500000	9.808645e+04	2.797869e-04
	137	117	7.250000	44.250000	1.011564e+05	1.256698e-04
	270	155	40.500000	34.750000	1.011217e+05	8.543378e-05
	285	162	44.250000	33.000000	1.008931e+05	-6.067786e-06
2022	2	19	10	15
	237	18	32.250000	69.000000	9.774715e+04	1.249797e-04
	119	25	2.750000	67.250000	9.764838e+04	9.643353e-05
	96	32	-3.000000	65.500000	9.764838e+04	1.379948e-04
	212	66	26.000000	57.000000	9.803509e+04	2.654718e-04
	135	119	6.750000	43.750000	1.010861e+05	1.002041e-04
	287	151	44.750000	35.750000	1.009531e+05	-6.334468e-06
	271	155	40.750000	34.750000	1.011505e+05	1.026750e-04
	271	156	40.750000	34.500000	1.010969e+05	8.779422e-05
	92	162	-4.000000	33.000000	1.015836e+05	2.865765e-05
	286	162	44.500000	33.000000	1.009531e+05	4.593613e-05
2022	2	19	6	18
	234	18	31.500000	69.000000	9.774065e+04	1.287302e-04
	121	24	3.250000	67.500000	9.768809e+04	1.088687e-04
	227	64	29.750000	57.500000	9.807481e+04	2.274409e-04
	105	70	-0.750000	56.000000	9.861595e+04	2.785212e-04
	136	121	7.000000	43.250000	1.012501e+05	6.899200e-05
	146	126	9.500000	42.000000	1.012501e+05	-1.386440e-05
2022	2	19	9	21
	230	19	30.500000	68.750000	9.773688e+04	1.174496e-04
	231	19	30.750000	68.750000	9.773688e+04	1.152035e-04
	119	23	2.750000	67.750000	9.769373e+04	9.392186e-05
	237	63	32.250000	57.750000	9.808611e+04	2.473168e-04
	112	69	1.000000	56.250000	9.857212e+04	2.428846e-04
	137	121	7.250000	43.250000	1.014197e+05	7.758356e-05
	147	126	9.750000	42.000000	1.014197e+05	2.216811e-05
	281	147	43.250000	36.750000	1.012780e+05	-2.399880e-05
	273	162	41.250000	33.000000	1.010214e+05	-1.462504e-05
2022	2	20	9	0
	228	19	30.000000	68.750000	9.772746e+04	1.023486e-04
	119	23	2.750000	67.750000	9.765847e+04	7.881538e-05
	0	54	-27.000000	60.000000	9.554048e+04	1.364173e-04
	248	62	35.000000	58.000000	9.811350e+04	1.861971e-04
	121	68	3.250000	56.500000	9.859763e+04	2.018160e-04
	157	118	12.250000	44.000000	1.014791e+05	3.556289e-05
	149	125	10.250000	42.250000	1.014791e+05	2.649632e-05
	276	150	42.000000	36.000000	1.011724e+05	5.139571e-05
	263	156	38.750000	34.500000	1.014802e+05	3.152350e-07
