2022	2	10	9	0
	7	6	-25.250000	72.000000	1.001844e+05	-7.266024e-06
	173	9	16.250000	71.250000	9.672380e+04	1.341658e-04
	174	9	16.500000	71.250000	9.673603e+04	1.403779e-04
	9	14	-24.750000	70.000000	1.001844e+05	6.945068e-05
	148	22	10.000000	68.000000	9.653184e+04	4.283019e-04
	59	56	-12.250000	59.500000	9.845558e+04	5.092793e-04
	152	106	11.000000	47.000000	1.022342e+05	-3.825430e-05
	139	110	7.750000	46.000000	1.022342e+05	-7.698929e-05
	250	151	35.500000	35.750000	1.007877e+05	1.060023e-04
2022	2	10	6	6
	178	5	17.500000	72.250000	9.715791e+04	1.111054e-04
	8	6	-25.000000	72.000000	1.003405e+05	-7.329442e-06
	168	22	15.000000	68.000000	9.678702e+04	3.020825e-04
	78	59	-7.500000	58.750000	9.891855e+04	5.243895e-04
	158	106	12.500000	47.000000	1.021322e+05	-3.916856e-05
	249	150	35.250000	36.000000	1.010636e+05	7.580590e-05
2022	2	10	9	12
	206	0	24.500000	73.500000	9.724873e+04	-3.947099e-06
	179	3	17.750000	72.750000	9.724873e+04	1.093474e-04
	21	20	-21.750000	68.500000	1.001673e+05	9.551804e-05
	192	26	21.000000	67.000000	9.737180e+04	1.911296e-04
	91	64	-4.250000	57.500000	9.999390e+04	3.912147e-04
	137	117	7.250000	44.250000	1.022285e+05	1.185432e-04
	282	139	43.500000	38.750000	1.010014e+05	1.250168e-05
	280	151	43.000000	35.750000	1.009936e+05	1.199177e-04
	267	157	39.750000	34.250000	1.010067e+05	5.527032e-05
2022	2	10	7	18
	202	0	23.500000	73.500000	9.747063e+04	-5.567951e-06
	182	6	18.500000	72.000000	9.747063e+04	1.483324e-04
	213	13	26.250000	70.250000	9.747548e+04	3.054855e-05
	46	16	-15.500000	69.500000	9.981414e+04	1.104089e-04
	208	27	25.000000	66.750000	9.785816e+04	1.670331e-04
	108	70	0.000000	56.000000	1.005812e+05	3.143269e-04
	138	117	7.500000	44.250000	1.022316e+05	9.314196e-05
2022	2	11	7	0
	205	0	24.250000	73.500000	9.768873e+04	-5.682776e-05
	211	0	25.750000	73.500000	9.768873e+04	-3.519100e-05
	201	8	23.250000	71.500000	9.768873e+04	1.819175e-04
	61	13	-11.750000	70.250000	9.942050e+04	1.943264e-04
	0	70	-27.000000	56.000000	9.972058e+04	1.324894e-04
	120	77	3.000000	54.250000	1.011247e+05	2.822173e-04
	137	117	7.250000	44.250000	1.021891e+05	9.017795e-05
2022	2	11	6	6
	209	8	25.250000	71.500000	9.789652e+04	1.492059e-04
	71	13	-9.250000	70.250000	9.920556e+04	2.176151e-04
	0	59	-27.000000	58.750000	9.907406e+04	1.253556e-04
	130	83	5.500000	52.750000	1.017021e+05	2.050187e-04
	131	83	5.750000	52.750000	1.017021e+05	2.070260e-04
	158	105	12.500000	47.250000	1.018532e+05	-3.203246e-05
2022	2	11	6	12
	197	0	22.250000	73.500000	9.830111e+04	1.014048e-04
	216	10	27.000000	71.000000	9.830111e+04	1.885829e-04
	85	17	-5.750000	69.250000	9.931303e+04	3.162376e-04
	28	59	-20.000000	58.750000	9.885448e+04	1.142660e-04
	1	66	-26.750000	57.000000	9.881571e+04	8.758132e-05
	135	119	6.750000	43.750000	1.020026e+05	1.189943e-04
2022	2	11	7	18
	210	1	25.500000	73.250000	9.853902e+04	1.089473e-04
	137	20	7.250000	68.500000	9.919608e+04	2.582198e-04
	152	33	11.000000	65.250000	9.943968e+04	2.469500e-04
	38	52	-17.500000	60.500000	9.834516e+04	2.629163e-04
	8	54	-25.000000	60.000000	9.845305e+04	1.459121e-04
	23	62	-21.250000	58.000000	9.837212e+04	9.736526e-05
	273	75	41.250000	54.750000	9.987125e+04	1.888519e-04
2022	2	12	6	0
	123	0	3.750000	73.500000	9.881381e+04	1.423967e-04
	221	3	28.250000	72.750000	9.863933e+04	6.618752e-05
	150	18	10.500000	69.000000	9.884205e+04	2.273719e-04
	30	52	-19.500000	60.500000	9.782466e+04	3.510551e-04
	0	58	-27.000000	59.000000	9.885322e+04	7.408111e-05
	288	74	45.000000	55.000000	9.960320e+04	1.917179e-04
2022	2	12	6	6
	145	2	9.250000	73.000000	9.873227e+04	2.693164e-04
	223	2	28.750000	73.000000	9.865598e+04	1.328899e-04
	231	11	30.750000	70.750000	9.865598e+04	9.570999e-05
	160	20	13.000000	68.500000	9.896153e+04	2.787820e-04
	58	49	-12.500000	61.250000	9.789019e+04	1.243814e-04
	35	57	-18.250000	59.250000	9.778904e+04	2.337359e-04
2022	2	12	6	12
	233	4	31.250000	72.500000	9.882835e+04	1.763859e-05
	234	4	31.500000	72.500000	9.882835e+04	-5.986028e-06
	158	5	12.500000	72.250000	9.893941e+04	2.991687e-04
	242	15	33.500000	69.750000	9.882835e+04	7.860567e-05
	66	47	-10.500000	61.750000	9.808216e+04	1.467324e-04
	48	59	-15.000000	58.750000	9.804781e+04	2.231042e-04
2022	2	12	3	18
	176	0	17.000000	73.500000	9.896280e+04	2.321622e-05
	243	2	33.750000	73.000000	9.897629e+04	1.439765e-06
	78	47	-7.500000	61.750000	9.803348e+04	1.059047e-04
2022	2	13	2	0
	204	1	24.000000	73.250000	9.893877e+04	1.522086e-04
	122	33	3.500000	65.250000	9.789124e+04	1.457915e-04
2022	2	13	2	6
	129	31	5.250000	65.750000	9.742659e+04	1.897252e-04
	71	102	-9.250000	48.000000	9.962870e+04	1.773250e-04
2022	2	13	4	12
	141	30	8.250000	66.000000	9.728877e+04	2.304522e-04
	40	36	-17.000000	64.500000	1.003243e+05	7.968430e-06
	17	40	-22.750000	63.500000	1.003243e+05	1.060686e-04
	97	96	-2.750000	49.500000	9.917184e+04	2.220077e-04
2022	2	13	4	18
	154	28	11.500000	66.500000	9.718404e+04	2.855517e-04
	13	37	-23.750000	64.250000	1.001136e+05	1.000277e-04
	111	87	0.750000	51.750000	9.881782e+04	2.057157e-04
	111	88	0.750000	51.500000	9.881782e+04	1.992946e-04
2022	2	14	2	0
	166	26	14.500000	67.000000	9.747695e+04	1.214269e-04
	124	79	4.000000	53.750000	9.856916e+04	2.106827e-04
2022	2	14	3	6
	182	22	18.500000	68.000000	9.754839e+04	6.337815e-05
	142	63	8.500000	57.750000	9.829648e+04	8.800399e-05
	135	75	6.750000	54.750000	9.828784e+04	3.112250e-04
2022	2	14	6	12
	6	7	-25.500000	71.750000	9.987947e+04	-5.659422e-05
	185	11	19.250000	70.750000	9.787123e+04	4.957770e-05
	184	22	19.000000	68.000000	9.787123e+04	1.079331e-05
	0	45	-27.000000	62.250000	9.816055e+04	1.038062e-04
	19	57	-22.250000	59.250000	9.806973e+04	1.712031e-04
	149	70	10.250000	56.000000	9.844083e+04	2.952322e-04
2022	2	14	7	18
	192	11	21.000000	70.750000	9.777619e+04	6.652914e-05
	189	19	20.250000	68.750000	9.777619e+04	3.497946e-06
	21	52	-21.750000	60.500000	9.772941e+04	2.687618e-04
	37	57	-17.750000	59.250000	9.772941e+04	2.744035e-04
	166	61	14.500000	58.250000	9.839762e+04	1.884658e-04
	142	122	8.500000	43.000000	1.009287e+05	8.768636e-05
	135	132	6.750000	40.500000	1.009287e+05	1.046951e-04
2022	2	15	6	0
	191	12	20.750000	70.500000	9.769252e+04	1.601314e-04
	40	54	-17.000000	60.000000	9.784678e+04	3.350645e-04
	187	55	19.750000	59.750000	9.840711e+04	1.783653e-04
	67	61	-10.250000	58.250000	9.792833e+04	2.538886e-04
	146	118	9.500000	44.000000	1.009740e+05	1.485025e-04
	142	128	8.500000	41.500000	1.009740e+05	1.268846e-04
2022	2	15	8	6
	203	4	23.750000	72.500000	9.764764e+04	1.107845e-04
	192	13	21.000000	70.250000	9.764764e+04	9.114112e-05
	0	41	-27.000000	63.250000	9.813316e+04	8.122431e-05
	30	48	-19.500000	61.500000	9.815508e+04	2.641103e-04
	67	59	-10.250000	58.750000	9.804191e+04	2.749594e-04
	100	68	-2.000000	56.500000	9.848950e+04	2.051978e-04
	148	120	10.000000	43.500000	1.008787e+05	1.285298e-04
	150	128	10.500000	41.500000	1.008787e+05	1.699087e-04
2022	2	15	9	12
	202	5	23.500000	72.250000	9.754291e+04	2.314346e-04
	6	7	-25.500000	71.750000	9.992141e+04	2.285143e-05
	10	39	-24.500000	63.750000	9.793992e+04	1.909721e-04
	65	57	-10.750000	59.250000	9.831649e+04	2.637373e-04
	106	67	-0.500000	56.750000	9.830785e+04	2.247040e-04
	126	73	4.500000	55.250000	9.831923e+04	2.344066e-04
	0	76	-27.000000	54.500000	9.814959e+04	1.051062e-04
	165	125	14.250000	42.250000	1.009316e+05	1.224322e-05
	155	128	11.750000	41.500000	1.009316e+05	1.142864e-04
2022	2	15	6	18
	217	6	27.250000	72.000000	9.758948e+04	1.901631e-04
	223	32	28.750000	65.500000	9.828467e+04	1.451923e-04
	0	63	-27.000000	57.750000	9.615041e+04	1.332406e-04
	128	69	5.000000	56.250000	9.835148e+04	2.164293e-04
	111	71	0.750000	55.750000	9.835148e+04	2.289297e-04
	85	90	-5.750000	51.000000	9.924707e+04	1.848097e-04
2022	2	16	9	0
	203	0	23.750000	73.500000	9.775427e+04	5.326505e-05
	204	0	24.000000	73.500000	9.775427e+04	4.609577e-05
	6	7	-25.500000	71.750000	9.964998e+04	5.572245e-06
	236	28	32.000000	66.500000	9.829247e+04	1.511036e-04
	23	58	-21.250000	59.000000	9.580398e+04	2.557289e-04
	0	62	-27.000000	58.000000	9.660011e+04	2.226134e-04
	125	71	4.250000	55.750000	9.846716e+04	2.585624e-04
	112	92	1.000000	50.500000	9.917458e+04	1.700795e-04
	280	121	43.000000	43.250000	1.022626e+05	-1.778219e-05
2022	2	16	7	6
	184	1	19.000000	73.250000	9.781138e+04	1.079853e-04
	156	4	12.000000	72.500000	9.781138e+04	2.080802e-04
	6	7	-25.500000	71.750000	9.965947e+04	-2.914680e-06
	15	41	-23.250000	63.250000	9.681990e+04	2.022890e-04
	38	55	-17.500000	59.750000	9.582547e+04	2.109729e-04
	138	117	7.500000	44.250000	1.003201e+05	1.521191e-04
	278	121	42.500000	43.250000	1.022034e+05	-1.457851e-05
2022	2	16	4	12
	211	0	25.750000	73.500000	9.800188e+04	9.757452e-05
	167	10	14.750000	71.000000	9.801768e+04	3.399408e-04
	63	58	-11.250000	59.000000	9.645871e+04	1.584932e-04
	138	117	7.500000	44.250000	1.005515e+05	7.258946e-05
2022	2	16	6	18
	191	0	20.750000	73.500000	9.808596e+04	8.650714e-06
	226	0	29.500000	73.500000	9.823873e+04	1.977505e-05
	185	10	19.250000	71.000000	9.808596e+04	3.120743e-04
	0	30	-27.000000	66.000000	9.829584e+04	1.041394e-04
	71	59	-9.250000	58.750000	9.709279e+04	2.469821e-04
	133	76	6.250000	54.500000	9.733070e+04	2.349524e-04
2022	2	17	6	0
	189	0	20.250000	73.500000	9.840479e+04	4.392416e-05
	190	0	20.500000	73.500000	9.840479e+04	2.797148e-05
	199	10	22.750000	71.000000	9.840479e+04	1.682820e-04
	205	57	24.250000	59.250000	9.831460e+04	1.775492e-04
	146	78	9.500000	54.000000	9.778630e+04	2.408689e-04
	151	108	10.750000	46.500000	9.965209e+04	3.715379e-05
2022	2	17	8	6
	199	0	22.750000	73.500000	9.857274e+04	3.260811e-05
	6	7	-25.500000	71.750000	1.001332e+05	3.211107e-05
	215	9	26.750000	71.250000	9.857274e+04	1.037188e-04
	208	56	25.000000	59.500000	9.823810e+04	1.610891e-04
	233	60	31.250000	58.500000	9.826360e+04	2.095986e-04
	176	82	17.000000	53.000000	9.797448e+04	1.912162e-04
	196	83	22.000000	52.750000	9.797238e+04	1.947438e-04
	0	96	-27.000000	49.500000	9.932504e+04	1.587367e-04
2022	2	17	9	12
	188	0	20.000000	73.500000	9.876534e+04	4.213051e-05
	9	6	-24.750000	72.000000	1.000647e+05	3.530393e-05
	42	35	-16.500000	64.750000	9.996208e+04	1.856855e-04
	239	49	32.750000	61.250000	9.823558e+04	2.234454e-04
	0	56	-27.000000	59.500000	9.838562e+04	1.596795e-04
	15	80	-23.250000	53.500000	9.828088e+04	3.654411e-04
	206	80	24.500000	53.500000	9.820418e+04	1.823500e-04
	9	91	-24.750000	50.750000	9.828088e+04	2.588353e-04
	0	102	-27.000000	48.000000	9.937709e+04	1.528431e-04
2022	2	17	7	18
	190	0	20.500000	73.500000	9.880328e+04	1.839463e-05
	193	0	21.250000	73.500000	9.880328e+04	-9.010159e-06
	288	28	45.000000	66.500000	9.965041e+04	8.997871e-06
	248	41	35.000000	63.250000	9.843513e+04	1.790052e-04
	0	45	-27.000000	62.250000	9.783351e+04	1.714141e-04
	19	70	-22.250000	56.000000	9.675205e+04	6.438523e-04
	215	78	26.750000	54.000000	9.869075e+04	1.936607e-04
2022	2	18	4	0
	203	0	23.750000	73.500000	9.887534e+04	8.344894e-05
	258	30	37.500000	66.000000	9.869412e+04	1.265116e-04
	32	63	-19.000000	57.750000	9.529548e+04	5.858106e-04
	206	135	24.500000	39.750000	9.937035e+04	7.256587e-05
2022	2	18	8	6
	221	0	28.250000	73.500000	9.890906e+04	7.563988e-05
	222	0	28.500000	73.500000	9.890906e+04	7.398440e-05
	277	18	42.250000	69.000000	9.897502e+04	1.443773e-04
	42	54	-16.500000	60.000000	9.457121e+04	4.481837e-04
	136	116	7.000000	44.500000	1.015463e+05	6.944725e-05
	208	130	25.000000	41.000000	9.897334e+04	-2.228497e-05
	212	139	26.000000	38.750000	9.897334e+04	2.434059e-04
	200	145	23.000000	37.250000	9.897334e+04	7.732330e-05
2022	2	18	4	12
	35	37	-18.250000	64.250000	9.493282e+04	-5.298118e-05
	56	47	-13.000000	61.750000	9.478932e+04	4.352478e-04
	136	116	7.000000	44.500000	1.017826e+05	5.998988e-05
	212	140	26.000000	38.500000	9.855757e+04	3.699676e-04
2022	2	18	5	18
	0	33	-27.000000	65.250000	9.710859e+04	8.146349e-05
	64	39	-11.000000	63.750000	9.468311e+04	4.324328e-04
	136	116	7.000000	44.500000	1.019039e+05	5.131147e-05
	222	136	28.500000	39.500000	9.902749e+04	7.738035e-05
	215	142	26.750000	38.000000	9.902749e+04	3.534459e-04
2022	2	19	5	0
	256	0	37.000000	73.500000	9.884311e+04	8.142812e-05
	64	33	-11.000000	65.250000	9.499394e+04	3.909784e-04
	0	47	-27.000000	61.750000	9.579428e+04	7.677276e-05
	145	58	9.250000	59.000000	9.951744e+04	2.366769e-04
	216	144	27.000000	37.500000	9.959309e+04	3.092392e-04
2022	2	19	7	6
	278	0	42.500000	73.500000	9.894109e+04	2.892362e-05
	279	0	42.750000	73.500000	9.894109e+04	2.279408e-05
	61	27	-11.750000	66.750000	9.508034e+04	4.374464e-04
	25	34	-20.750000	65.000000	9.525461e+04	3.437791e-05
	12	46	-24.000000	62.000000	9.521709e+04	2.475974e-04
	243	145	33.750000	37.250000	1.003789e+05	7.833043e-05
	217	149	27.250000	36.250000	9.989570e+04	2.318226e-04
2022	2	19	6	12
	39	25	-17.250000	67.250000	9.497897e+04	4.630337e-04
	25	42	-20.750000	63.000000	9.533658e+04	1.642362e-04
	182	43	18.500000	62.750000	9.979497e+04	1.704618e-04
	59	47	-12.250000	61.750000	9.491955e+04	4.226452e-04
	239	144	32.750000	37.500000	1.004272e+05	1.136988e-06
	222	155	28.500000	34.750000	1.002152e+05	2.249236e-04
2022	2	19	7	18
	13	28	-23.750000	66.500000	9.505673e+04	3.974477e-04
	40	30	-17.000000	66.000000	9.474022e+04	5.933680e-06
	73	39	-8.750000	63.750000	9.434299e+04	4.395085e-04
	0	41	-27.000000	63.250000	9.613081e+04	7.933874e-05
	223	149	28.750000	36.250000	1.005576e+05	4.399488e-05
	263	156	38.750000	34.500000	1.009234e+05	1.412983e-04
	230	157	30.500000	34.250000	1.005576e+05	2.165652e-04
2022	2	20	8	0
	0	33	-27.000000	65.250000	9.565373e+04	8.975768e-05
	74	34	-8.500000	65.000000	9.449683e+04	3.899655e-04
	46	37	-15.500000	64.250000	9.451305e+04	2.660541e-05
	22	71	-21.500000	55.750000	9.715032e+04	2.641423e-04
	263	129	38.750000	41.250000	1.008865e+05	3.066776e-05
	246	150	34.500000	36.000000	1.006505e+05	3.608165e-05
	273	157	41.250000	34.250000	1.010532e+05	7.796165e-05
	238	158	32.500000	34.000000	1.006505e+05	2.125522e-04
