2022	2	16	7	0
	288	11	45.000000	70.750000	9.881184e+04	9.077669e-05
	53	38	-13.750000	64.000000	9.717475e+04	4.100835e-04
	185	43	19.250000	62.750000	9.898455e+04	1.433497e-04
	118	53	2.500000	60.250000	9.796213e+04	1.541407e-04
	65	67	-10.750000	56.750000	9.710984e+04	3.284473e-04
	280	121	43.000000	43.250000	1.020839e+05	1.809798e-05
	151	124	10.750000	42.500000	1.014701e+05	1.081740e-04
2022	2	16	5	3
	48	37	-15.000000	64.250000	9.734138e+04	3.632036e-04
	123	53	3.750000	60.250000	9.790512e+04	1.654432e-04
	75	66	-8.250000	57.000000	9.712716e+04	3.066595e-04
	280	121	43.000000	43.250000	1.021225e+05	2.456279e-05
	173	122	16.250000	43.000000	1.014233e+05	5.945446e-05
2022	2	16	4	6
	39	33	-17.250000	65.250000	9.740842e+04	3.244645e-04
	123	51	3.750000	60.750000	9.784750e+04	1.260446e-04
	85	66	-5.750000	57.000000	9.743275e+04	2.938678e-04
	28	70	-20.000000	56.000000	9.756988e+04	1.512117e-04
2022	2	16	6	9
	30	30	-19.500000	66.000000	9.753218e+04	2.387498e-04
	47	61	-15.250000	58.250000	9.725274e+04	6.862795e-05
	109	66	0.250000	57.000000	9.757520e+04	2.167323e-04
	110	66	0.500000	57.000000	9.757520e+04	2.171386e-04
	48	69	-15.000000	56.250000	9.725274e+04	2.359501e-04
	181	137	18.250000	39.250000	1.014946e+05	1.597786e-04
2022	2	16	6	12
	19	29	-22.250000	66.250000	9.764058e+04	2.104903e-04
	61	66	-11.750000	57.000000	9.672093e+04	2.702141e-04
	120	66	3.000000	57.000000	9.740752e+04	1.899653e-04
	137	117	7.250000	44.250000	1.013155e+05	1.054121e-04
	279	120	42.750000	43.500000	1.017814e+05	2.059587e-05
	183	136	18.750000	39.500000	1.012336e+05	1.637706e-04
2022	2	16	6	15
	288	11	45.000000	70.750000	9.906406e+04	7.787188e-05
	5	27	-25.750000	66.750000	9.768893e+04	2.501769e-04
	0	37	-27.000000	64.250000	9.771645e+04	-1.236383e-05
	73	65	-8.750000	57.250000	9.650383e+04	2.900088e-04
	128	65	5.000000	57.250000	9.716213e+04	2.313319e-04
	184	134	19.000000	40.000000	1.010785e+05	1.473400e-04
2022	2	16	4	18
	85	63	-5.750000	57.750000	9.665799e+04	3.059830e-04
	139	65	7.750000	57.250000	9.693180e+04	2.140911e-04
	280	121	43.000000	43.250000	1.021090e+05	-1.735439e-05
	185	135	19.250000	39.750000	1.011126e+05	1.426710e-04
2022	2	16	4	21
	146	65	9.500000	57.250000	9.664598e+04	1.991823e-04
	137	117	7.250000	44.250000	1.012197e+05	7.006615e-05
	278	120	42.500000	43.500000	1.020912e+05	-2.785672e-05
	184	134	19.000000	40.000000	1.011986e+05	1.161580e-04
2022	2	17	5	0
	288	8	45.000000	71.500000	9.900979e+04	1.029268e-04
	156	64	12.000000	57.500000	9.629524e+04	2.078441e-04
	150	109	10.500000	46.250000	1.003262e+05	2.217440e-05
	137	117	7.250000	44.250000	1.010615e+05	8.667208e-05
	183	134	18.750000	40.000000	1.012067e+05	1.082265e-04
2022	2	17	5	3
	287	10	44.750000	71.000000	9.907653e+04	1.125219e-04
	192	56	21.000000	59.500000	9.600683e+04	2.774081e-04
	171	65	15.750000	57.250000	9.611660e+04	1.813457e-04
	138	117	7.500000	44.250000	1.008655e+05	8.379076e-05
	182	135	18.500000	39.750000	1.011719e+05	1.020386e-04
2022	2	17	4	6
	287	11	44.750000	70.750000	9.911591e+04	7.666239e-05
	194	54	21.500000	60.000000	9.571204e+04	2.782961e-04
	191	66	20.750000	57.000000	9.574305e+04	2.400883e-04
	137	117	7.250000	44.250000	1.008929e+05	1.017027e-04
2022	2	17	3	9
	195	54	21.750000	60.000000	9.561641e+04	2.589582e-04
	4	104	-26.000000	47.500000	1.005572e+05	1.866545e-04
	278	120	42.500000	43.500000	1.016343e+05	-2.428746e-05
2022	2	17	2	12
	208	55	25.000000	59.750000	9.550770e+04	1.190286e-04
	14	99	-23.500000	48.750000	1.002960e+05	2.109106e-04
2022	2	17	3	15
	210	52	25.500000	60.500000	9.547927e+04	1.835976e-04
	20	97	-22.000000	49.250000	9.974198e+04	3.113225e-04
	34	100	-18.500000	48.500000	9.974198e+04	1.429621e-04
2022	2	17	4	18
	212	50	26.000000	61.000000	9.545419e+04	2.355288e-04
	28	94	-20.000000	50.000000	9.907745e+04	3.670181e-04
	41	94	-16.750000	50.000000	9.907745e+04	1.366822e-04
	279	120	42.750000	43.500000	1.011452e+05	-7.333511e-06
2022	2	17	4	21
	59	48	-12.250000	61.500000	9.884225e+04	1.360100e-04
	214	48	26.500000	61.500000	9.544644e+04	2.012000e-04
	36	92	-18.000000	50.500000	9.834176e+04	4.181912e-04
	153	111	11.250000	45.750000	1.012024e+05	1.158903e-04
2022	2	18	3	0
	216	46	27.000000	62.000000	9.546042e+04	1.896442e-04
	61	48	-11.750000	61.500000	9.871530e+04	1.531335e-04
	48	88	-15.000000	51.500000	9.765943e+04	5.733295e-04
2022	2	18	3	3
	221	44	28.250000	62.500000	9.554541e+04	1.692125e-04
	61	48	-11.750000	61.500000	9.847312e+04	1.923223e-04
	62	85	-11.500000	52.250000	9.720364e+04	5.047001e-04
2022	2	18	4	6
	226	42	29.500000	63.000000	9.565016e+04	1.642271e-04
	61	48	-11.750000	61.500000	9.819823e+04	2.305857e-04
	74	82	-8.500000	53.000000	9.688284e+04	3.983597e-04
	138	117	7.500000	44.250000	1.014292e+05	6.828443e-05
2022	2	18	6	9
	227	39	29.750000	63.750000	9.576358e+04	1.410812e-04
	227	40	29.750000	63.500000	9.576358e+04	1.565499e-04
	59	49	-12.250000	61.250000	9.807995e+04	2.659585e-04
	89	78	-4.750000	54.000000	9.666012e+04	3.489217e-04
	140	107	8.000000	46.750000	1.009806e+05	-1.105015e-04
	265	162	39.250000	33.000000	1.009768e+05	-5.581865e-06
2022	2	18	6	12
	6	7	-25.500000	71.750000	1.004439e+05	-3.510892e-05
	229	37	30.250000	64.250000	9.598342e+04	1.349220e-04
	59	51	-12.250000	60.750000	9.812085e+04	2.518678e-04
	102	75	-1.500000	54.750000	9.657240e+04	2.719031e-04
	117	125	2.250000	42.250000	1.014928e+05	3.573558e-05
	266	162	39.500000	33.000000	1.007562e+05	-1.572542e-05
2022	2	18	6	15
	6	7	-25.500000	71.750000	1.004369e+05	-3.549152e-05
	234	36	31.500000	64.500000	9.614640e+04	1.820277e-04
	65	54	-10.750000	60.000000	9.812405e+04	2.456417e-04
	118	72	2.500000	55.500000	9.638281e+04	2.149514e-04
	268	160	40.000000	33.500000	1.008429e+05	1.426989e-05
	257	162	37.250000	33.000000	1.008429e+05	-2.619211e-06
2022	2	18	5	18
	237	34	32.250000	65.000000	9.628338e+04	1.351815e-04
	0	58	-27.000000	59.000000	9.820751e+04	1.111236e-04
	133	64	6.250000	57.500000	9.615309e+04	2.259556e-04
	246	140	34.500000	38.500000	1.009142e+05	4.103423e-05
	229	149	30.250000	36.250000	1.009321e+05	1.127395e-04
2022	2	18	7	21
	6	7	-25.500000	71.750000	1.003471e+05	2.459187e-06
	250	17	35.500000	69.250000	9.640181e+04	1.557889e-04
	241	29	33.250000	66.250000	9.639132e+04	7.611088e-05
	3	54	-26.250000	60.000000	9.789493e+04	1.866937e-04
	149	67	10.250000	56.750000	9.616069e+04	2.619993e-04
	137	117	7.250000	44.250000	1.013357e+05	1.059194e-04
	235	149	31.750000	36.250000	1.007639e+05	1.147646e-04
2022	2	19	6	0
	249	16	35.250000	69.500000	9.643116e+04	2.240688e-04
	245	29	34.250000	66.250000	9.645700e+04	1.282372e-04
	4	50	-26.000000	61.000000	9.773560e+04	2.116218e-04
	159	66	12.750000	57.000000	9.627730e+04	2.503496e-04
	137	117	7.250000	44.250000	1.012714e+05	1.224400e-04
	237	151	32.250000	35.750000	1.004429e+05	1.941549e-04
2022	2	19	7	3
	247	16	34.750000	69.500000	9.636548e+04	2.036424e-04
	250	27	35.500000	66.750000	9.636548e+04	1.113790e-04
	6	48	-25.500000	61.500000	9.777984e+04	2.018928e-04
	31	55	-19.250000	59.750000	9.778471e+04	2.393456e-04
	179	66	17.750000	57.000000	9.643815e+04	2.131018e-04
	137	117	7.250000	44.250000	1.011629e+05	1.350190e-04
	237	153	32.250000	35.250000	1.004439e+05	2.021025e-04
2022	2	19	7	6
	247	16	34.750000	69.500000	9.636563e+04	1.806976e-04
	12	47	-24.000000	61.750000	9.770033e+04	2.489493e-04
	37	54	-17.750000	60.000000	9.775262e+04	2.163523e-04
	190	64	20.500000	57.500000	9.643770e+04	1.926741e-04
	137	118	7.250000	44.000000	1.012421e+05	1.493974e-04
	237	156	32.250000	34.500000	1.006034e+05	2.340404e-04
	247	160	34.750000	33.500000	1.006034e+05	1.154385e-05
2022	2	19	6	9
	248	17	35.000000	69.250000	9.650626e+04	1.142805e-04
	9	45	-24.750000	62.250000	9.767630e+04	2.589252e-04
	38	52	-17.500000	60.500000	9.797962e+04	1.866536e-04
	196	63	22.000000	57.750000	9.666802e+04	2.163436e-04
	136	118	7.000000	44.000000	1.014209e+05	1.276587e-04
	237	160	32.250000	33.500000	1.007516e+05	2.013473e-04
2022	2	19	7	12
	255	17	36.750000	69.250000	9.666012e+04	1.441244e-04
	0	41	-27.000000	63.250000	9.758600e+04	1.389538e-04
	70	60	-9.500000	58.500000	9.840850e+04	2.219758e-04
	203	63	23.750000	57.750000	9.693073e+04	2.010012e-04
	135	118	6.750000	44.000000	1.014761e+05	1.423146e-04
	95	145	-3.250000	37.250000	1.017548e+05	5.053467e-05
	238	162	32.500000	33.000000	1.008149e+05	1.305738e-04
2022	2	19	5	15
	262	17	38.500000	69.250000	9.686065e+04	1.496966e-04
	196	31	22.000000	65.750000	9.732617e+04	2.031067e-04
	77	61	-7.750000	58.250000	9.864172e+04	1.987110e-04
	221	62	28.250000	58.000000	9.726308e+04	7.116106e-05
	96	144	-3.000000	37.500000	1.016462e+05	4.600327e-05
2022	2	19	7	18
	98	13	-2.500000	70.250000	9.901588e+04	2.333218e-04
	269	17	40.250000	69.250000	9.702667e+04	1.429189e-04
	194	33	21.500000	65.250000	9.743564e+04	2.193261e-04
	235	54	31.750000	60.000000	9.737224e+04	9.259072e-05
	0	57	-27.000000	59.250000	9.671166e+04	1.000597e-04
	86	61	-5.500000	58.250000	9.891234e+04	1.941779e-04
	116	69	2.000000	56.250000	9.900995e+04	1.508845e-04
2022	2	19	6	21
	102	11	-1.500000	70.750000	9.892693e+04	2.118167e-04
	278	16	42.500000	69.500000	9.713613e+04	1.343577e-04
	192	35	21.000000	64.750000	9.752199e+04	2.264442e-04
	239	52	32.750000	60.500000	9.745191e+04	1.387605e-04
	0	55	-27.000000	59.750000	9.617285e+04	1.278895e-04
	142	71	8.500000	55.750000	9.896920e+04	1.073399e-04
2022	2	20	7	0
	105	10	-0.750000	71.000000	9.889379e+04	2.432302e-04
	194	36	21.500000	64.500000	9.769653e+04	1.798563e-04
	246	51	34.500000	60.750000	9.760880e+04	8.619426e-05
	2	53	-26.500000	60.250000	9.580356e+04	1.969093e-04
	156	71	12.000000	55.750000	9.889257e+04	1.246390e-04
	274	150	41.500000	36.000000	1.009326e+05	1.119570e-06
	281	162	43.250000	33.000000	1.008678e+05	9.924646e-05
