2022	2	10	7	0
	7	6	-25.250000	72.000000	1.001545e+05	-1.022204e-05
	150	22	10.500000	68.000000	9.658959e+04	4.319509e-04
	61	56	-11.750000	59.500000	9.846015e+04	5.080536e-04
	152	106	11.000000	47.000000	1.022401e+05	-4.120377e-05
	139	110	7.750000	46.000000	1.022401e+05	-7.471506e-05
	282	140	43.500000	38.500000	1.009068e+05	2.389980e-06
	248	156	35.000000	34.500000	1.007351e+05	1.272893e-04
2022	2	10	8	6
	170	4	15.500000	72.500000	9.722546e+04	1.574437e-04
	7	6	-25.250000	72.000000	1.002619e+05	-7.726941e-06
	171	12	15.750000	70.500000	9.692693e+04	-1.299110e-05
	4	17	-26.000000	69.250000	1.002619e+05	5.126786e-05
	166	22	14.500000	68.000000	9.692693e+04	2.983119e-04
	80	59	-7.000000	58.750000	9.884238e+04	4.994315e-04
	150	109	10.500000	46.250000	1.021852e+05	-9.328213e-06
	269	144	40.250000	37.500000	1.010442e+05	1.013351e-04
2022	2	10	9	12
	209	2	25.250000	73.000000	9.741030e+04	1.076579e-05
	181	5	18.250000	72.250000	9.741030e+04	5.366996e-05
	7	6	-25.250000	72.000000	1.002243e+05	-9.640001e-06
	22	19	-21.500000	68.750000	1.002243e+05	8.796273e-05
	193	27	21.250000	66.750000	9.748439e+04	2.064374e-04
	96	63	-3.000000	57.750000	9.980559e+04	3.931708e-04
	137	117	7.250000	44.250000	1.022469e+05	1.146123e-04
	284	139	44.000000	38.750000	1.008839e+05	1.991617e-05
	272	147	41.000000	36.750000	1.008856e+05	6.012363e-05
2022	2	10	11	18
	190	5	20.500000	72.250000	9.761337e+04	7.438292e-05
	8	6	-25.000000	72.000000	9.989752e+04	-4.532868e-05
	215	13	26.750000	70.250000	9.761337e+04	4.286769e-05
	9	14	-24.750000	70.000000	9.980187e+04	7.210572e-06
	42	14	-16.500000	70.000000	9.980187e+04	1.292377e-04
	210	29	25.500000	66.250000	9.778782e+04	2.589285e-04
	211	29	25.750000	66.250000	9.778782e+04	2.430970e-04
	111	68	0.750000	56.500000	1.004150e+05	3.414644e-04
	0	87	-27.000000	51.750000	1.009723e+05	1.352828e-05
	274	151	41.500000	35.750000	1.013263e+05	5.070530e-05
	86	156	-5.500000	34.500000	1.021672e+05	2.262877e-05
2022	2	11	4	0
	214	0	26.500000	73.500000	9.787838e+04	1.185939e-05
	206	8	24.500000	71.500000	9.787838e+04	1.042395e-04
	53	12	-13.750000	70.500000	9.948080e+04	1.860388e-04
	123	75	3.750000	54.750000	1.009042e+05	3.385244e-04
2022	2	11	5	6
	220	0	28.000000	73.500000	9.820494e+04	-1.072806e-06
	78	12	-7.500000	70.500000	9.943002e+04	9.028317e-05
	136	81	7.000000	53.250000	1.014164e+05	2.290625e-04
	188	123	20.000000	42.750000	1.020151e+05	-2.088921e-06
	95	162	-3.250000	33.000000	1.022867e+05	2.908576e-05
2022	2	11	5	12
	229	0	30.250000	73.500000	9.852719e+04	-1.411866e-05
	103	14	-1.250000	70.000000	9.941788e+04	9.087941e-05
	16	61	-23.000000	58.250000	9.911190e+04	1.255269e-04
	3	71	-26.250000	55.750000	9.910582e+04	1.238136e-04
	135	119	6.750000	43.750000	1.020204e+05	9.394407e-05
2022	2	11	7	18
	242	0	33.500000	73.500000	9.871497e+04	7.480533e-06
	243	0	33.750000	73.500000	9.871497e+04	1.727722e-05
	116	16	2.000000	69.500000	9.915521e+04	9.664703e-05
	140	20	8.000000	68.500000	9.915521e+04	2.031215e-04
	36	56	-18.000000	59.500000	9.864519e+04	2.231143e-04
	19	58	-22.250000	59.000000	9.864519e+04	1.591111e-04
	24	66	-21.000000	57.000000	9.864519e+04	7.439678e-05
2022	2	12	4	0
	141	19	8.250000	68.750000	9.886492e+04	2.851585e-04
	27	55	-20.250000	59.750000	9.820474e+04	3.141009e-04
	46	59	-15.500000	58.750000	9.820474e+04	7.970601e-05
	238	91	32.500000	50.750000	1.010373e+05	1.315934e-04
2022	2	12	7	6
	261	0	38.250000	73.500000	9.894489e+04	-2.321764e-06
	254	8	36.500000	71.500000	9.894489e+04	8.933152e-06
	154	25	11.500000	67.250000	9.920677e+04	2.000635e-04
	41	52	-16.750000	60.500000	9.806459e+04	1.857541e-04
	59	54	-12.250000	60.000000	9.830353e+04	1.370242e-04
	25	60	-20.750000	58.500000	9.806459e+04	2.612401e-04
	258	91	37.500000	50.750000	1.007782e+05	1.586139e-04
2022	2	12	5	12
	271	10	40.750000	71.000000	9.914228e+04	3.943899e-05
	165	23	14.250000	67.750000	9.966897e+04	1.158025e-04
	70	50	-9.500000	61.000000	9.823728e+04	2.434202e-04
	34	64	-18.500000	57.500000	9.821474e+04	2.129737e-04
	279	91	42.750000	50.750000	1.004879e+05	1.771527e-04
2022	2	12	2	18
	88	47	-5.000000	61.750000	9.812124e+04	1.897029e-04
	46	66	-15.500000	57.000000	9.826002e+04	2.097289e-04
2022	2	13	2	0
	98	46	-2.500000	62.000000	9.803304e+04	2.145184e-04
	54	69	-13.500000	56.250000	9.852209e+04	1.962902e-04
2022	2	13	1	6
	176	0	17.000000	73.500000	9.897018e+04	8.918306e-05
2022	2	13	2	12
	185	0	19.250000	73.500000	9.905681e+04	4.802068e-05
	2	17	-26.500000	69.250000	9.943532e+04	3.694138e-05
2022	2	13	2	18
	2	17	-26.500000	69.250000	9.947177e+04	4.446878e-05
	166	37	14.500000	64.250000	9.808694e+04	3.474938e-05
2022	2	14	2	0
	2	17	-26.500000	69.250000	9.973757e+04	1.088573e-05
	180	38	18.000000	64.000000	9.835998e+04	8.601876e-05
2022	2	14	3	6
	6	6	-25.500000	72.000000	9.976717e+04	4.762271e-05
	211	28	25.750000	66.500000	9.846799e+04	3.751604e-05
	133	57	6.250000	59.250000	9.861638e+04	1.872804e-04
2022	2	14	6	12
	224	3	29.000000	72.750000	9.881513e+04	8.315766e-05
	288	25	45.000000	67.250000	1.000841e+05	2.424343e-05
	218	27	27.500000	66.750000	9.870125e+04	6.649140e-05
	0	37	-27.000000	64.250000	9.821513e+04	1.060237e-04
	212	37	26.000000	64.250000	9.870125e+04	3.825477e-05
	144	64	9.000000	57.500000	9.888805e+04	2.069681e-04
2022	2	14	5	18
	220	0	28.000000	73.500000	9.877123e+04	8.713818e-05
	226	31	29.500000	65.750000	9.879534e+04	1.365022e-05
	20	44	-22.000000	62.500000	9.789191e+04	1.304531e-04
	152	64	11.000000	57.500000	9.934652e+04	1.937229e-04
	137	120	7.250000	43.500000	1.003613e+05	1.370676e-04
2022	2	15	8	0
	223	1	28.750000	73.250000	9.886433e+04	5.316274e-05
	224	1	29.000000	73.250000	9.886433e+04	5.543631e-05
	288	25	45.000000	67.250000	9.973110e+04	1.039935e-04
	236	28	32.000000	66.500000	9.886021e+04	6.739308e-05
	27	34	-20.250000	65.000000	9.739481e+04	1.569820e-04
	153	67	11.250000	56.750000	9.980990e+04	2.260658e-04
	145	118	9.250000	44.000000	1.002839e+05	1.116506e-04
	281	121	43.250000	43.250000	1.017702e+05	1.895549e-05
2022	2	15	8	6
	235	3	31.750000	72.750000	9.904937e+04	1.183431e-04
	6	7	-25.500000	71.750000	9.855718e+04	9.626920e-06
	10	26	-24.500000	67.000000	9.728171e+04	2.104323e-04
	243	29	33.750000	66.250000	9.889687e+04	4.812707e-05
	242	31	33.500000	65.750000	9.889687e+04	2.951387e-05
	146	118	9.500000	44.000000	1.001892e+05	1.383303e-04
	280	121	43.000000	43.250000	1.018014e+05	-5.605597e-07
	273	130	41.250000	41.000000	1.018014e+05	2.487019e-05
2022	2	15	7	12
	246	2	34.500000	73.000000	9.935789e+04	8.522165e-05
	6	7	-25.500000	71.750000	9.813398e+04	-2.040085e-05
	248	31	35.000000	65.750000	9.901428e+04	8.270974e-05
	0	62	-27.000000	58.000000	9.660312e+04	1.019511e-04
	278	120	42.500000	43.500000	1.015985e+05	1.030447e-05
	146	121	9.500000	43.250000	1.004326e+05	1.686097e-04
	279	129	42.750000	41.250000	1.015985e+05	1.232257e-05
2022	2	15	6	18
	288	28	45.000000	66.500000	9.953215e+04	3.829440e-05
	253	32	36.250000	65.500000	9.926028e+04	2.039795e-04
	0	50	-27.000000	61.000000	9.457280e+04	4.877832e-05
	280	121	43.000000	43.250000	1.019666e+05	1.127062e-05
	166	124	14.500000	42.500000	1.008486e+05	-2.573285e-05
	153	127	11.250000	41.750000	1.008486e+05	1.228055e-04
2022	2	16	7	0
	283	26	43.750000	67.000000	9.957880e+04	4.839195e-05
	35	35	-18.250000	64.750000	9.355431e+04	7.510935e-05
	5	42	-25.750000	63.000000	9.338770e+04	2.986603e-04
	221	75	28.250000	54.750000	1.012332e+05	7.620639e-05
	280	121	43.000000	43.250000	1.018978e+05	-2.308597e-05
	175	124	16.750000	42.500000	1.013774e+05	4.394683e-05
	155	129	11.750000	41.250000	1.011626e+05	1.339663e-04
2022	2	16	7	6
	288	26	45.000000	67.000000	9.981304e+04	7.417390e-05
	37	32	-17.750000	65.500000	9.304997e+04	1.044252e-04
	9	37	-24.750000	64.250000	9.302605e+04	2.900576e-04
	226	75	29.500000	54.750000	1.012155e+05	1.453890e-04
	278	121	42.500000	43.250000	1.020513e+05	-1.080715e-05
	107	124	-0.250000	42.500000	1.026052e+05	6.186025e-05
	150	131	10.500000	40.750000	1.015131e+05	1.104321e-04
2022	2	16	5	12
	247	0	34.750000	73.500000	1.001131e+05	3.679337e-05
	288	23	45.000000	67.750000	1.002664e+05	-6.779119e-05
	22	29	-21.500000	66.250000	9.324873e+04	3.588132e-04
	226	76	29.500000	54.500000	1.013555e+05	1.644067e-04
	203	126	23.750000	42.000000	1.015329e+05	7.326042e-05
2022	2	16	6	18
	288	20	45.000000	68.500000	1.005561e+05	-1.773958e-04
	22	24	-21.500000	67.500000	9.361684e+04	5.706211e-04
	7	31	-25.250000	65.750000	9.361684e+04	5.580043e-04
	254	78	36.500000	54.000000	1.016462e+05	5.952928e-05
	1	108	-26.750000	46.500000	9.990614e+04	1.074451e-04
	208	131	25.000000	40.750000	1.016754e+05	6.313876e-05
2022	2	17	7	0
	288	15	45.000000	69.750000	1.007953e+05	-6.958329e-05
	8	29	-25.000000	66.250000	9.403866e+04	6.152532e-04
	23	95	-21.250000	49.750000	9.978167e+04	2.483412e-04
	0	100	-27.000000	48.500000	1.001757e+05	-2.982814e-05
	278	120	42.500000	43.500000	1.019174e+05	-3.122128e-05
	216	134	27.000000	40.000000	1.016589e+05	9.092064e-05
	217	134	27.250000	40.000000	1.016589e+05	9.059763e-05
2022	2	17	6	6
	34	29	-18.500000	66.250000	9.463494e+04	-1.068312e-04
	0	31	-27.000000	65.750000	9.441795e+04	2.793890e-04
	0	113	-27.000000	45.250000	9.989732e+04	1.045687e-04
	277	120	42.250000	43.500000	1.018377e+05	-7.934032e-06
	227	134	29.750000	40.000000	1.015958e+05	2.244984e-05
	78	162	-7.500000	33.000000	1.021117e+05	1.234432e-04
2022	2	17	6	12
	0	32	-27.000000	65.500000	9.494366e+04	1.095803e-04
	278	120	42.500000	43.500000	1.014476e+05	-4.864369e-06
	245	128	34.250000	41.500000	1.013917e+05	5.166014e-05
	232	136	31.000000	39.500000	1.014058e+05	-8.817540e-06
	288	153	45.000000	35.250000	1.012414e+05	-4.869053e-06
	79	162	-7.250000	33.000000	1.020298e+05	1.428484e-04
2022	2	17	2	18
	22	30	-21.500000	66.000000	9.589982e+04	8.254835e-05
	79	162	-7.250000	33.000000	1.017812e+05	1.172745e-04
2022	2	18	7	0
	288	6	45.000000	72.000000	9.959645e+04	9.833380e-06
	38	15	-17.500000	69.750000	9.690282e+04	2.143055e-04
	0	20	-27.000000	68.500000	9.691399e+04	-1.850770e-04
	0	39	-27.000000	63.750000	9.641102e+04	3.525723e-05
	271	88	40.750000	51.500000	1.015415e+05	6.363288e-05
	21	119	-21.750000	43.750000	1.013180e+05	3.115390e-04
	78	161	-7.500000	33.250000	1.019813e+05	1.044492e-04
2022	2	18	4	6
	105	0	-0.750000	73.500000	9.654020e+04	2.219991e-05
	0	42	-27.000000	63.000000	9.619560e+04	2.153375e-04
	27	118	-20.250000	44.000000	1.016273e+05	2.800016e-04
	238	151	32.500000	35.750000	1.010987e+05	6.465396e-05
2022	2	18	6	12
	102	0	-1.500000	73.500000	9.632811e+04	1.240961e-04
	184	14	19.000000	70.000000	9.657763e+04	2.012300e-04
	185	14	19.250000	70.000000	9.657763e+04	1.927420e-04
	36	36	-18.000000	64.500000	9.665388e+04	1.441468e-05
	18	41	-22.500000	63.250000	9.665388e+04	3.909983e-04
	32	117	-19.000000	44.250000	1.022795e+05	2.218054e-04
2022	2	18	7	18
	105	3	-0.750000	72.750000	9.636359e+04	1.851868e-04
	138	4	7.500000	72.500000	9.636359e+04	6.875306e-05
	203	8	23.750000	71.500000	9.606564e+04	3.328298e-04
	34	39	-18.500000	63.750000	9.714509e+04	2.726317e-04
	37	117	-17.750000	44.250000	1.026172e+05	1.693811e-04
	38	117	-17.500000	44.250000	1.026172e+05	1.564369e-04
	248	150	35.000000	36.000000	1.008480e+05	6.241648e-05
2022	2	19	8	0
	114	5	1.500000	72.250000	9.647982e+04	1.195225e-04
	214	9	26.500000	71.250000	9.596920e+04	2.576219e-04
	63	37	-11.250000	64.250000	9.738462e+04	1.357962e-04
	248	39	35.000000	63.750000	9.648923e+04	2.231079e-04
	41	117	-16.750000	44.250000	1.031537e+05	1.214587e-04
	281	121	43.250000	43.250000	1.015062e+05	9.875428e-06
	250	152	35.500000	35.500000	1.007367e+05	9.353963e-05
	14	162	-23.500000	33.000000	1.024473e+05	3.875445e-05
2022	2	19	9	6
	213	3	26.250000	72.750000	9.608623e+04	1.593483e-04
	127	7	4.750000	71.750000	9.651805e+04	1.607039e-04
	288	32	45.000000	65.500000	9.732190e+04	1.421127e-05
	262	34	38.500000	65.000000	9.627714e+04	2.130781e-04
	95	40	-3.250000	63.500000	9.707629e+04	2.295146e-04
	0	48	-27.000000	61.500000	9.922382e+04	8.636183e-05
	247	154	34.750000	35.000000	1.008492e+05	1.027771e-04
	8	161	-25.000000	33.250000	1.023363e+05	7.305496e-06
	231	161	30.750000	33.250000	1.008899e+05	1.148889e-04
2022	2	19	5	12
	212	0	26.000000	73.500000	9.616600e+04	9.339352e-05
	137	6	7.250000	72.000000	9.658096e+04	1.754405e-04
	135	37	6.750000	64.250000	9.678913e+04	2.941888e-04
	285	141	44.250000	38.250000	1.010309e+05	1.553507e-05
	268	162	40.000000	33.000000	1.008149e+05	-6.014128e-06
2022	2	19	3	18
	156	37	12.000000	64.250000	9.711745e+04	2.958273e-04
	0	47	-27.000000	61.750000	9.777783e+04	1.182762e-04
	269	162	40.250000	33.000000	1.010950e+05	-2.483521e-07
2022	2	20	2	0
	0	38	-27.000000	64.000000	9.616992e+04	1.854963e-04
	187	42	19.750000	63.000000	9.763454e+04	9.660007e-05
