2022	2	14	7	0
	2	6	-26.500000	72.000000	9.976052e+04	-1.851488e-05
	222	10	28.500000	71.000000	9.843257e+04	1.563467e-04
	191	12	20.750000	70.500000	9.843257e+04	1.551126e-04
	1	17	-26.750000	69.250000	9.976052e+04	1.436251e-06
	221	20	28.250000	68.500000	9.843257e+04	7.136664e-05
	114	62	1.500000	58.000000	9.848850e+04	7.633805e-05
	105	71	-0.750000	55.750000	9.848850e+04	8.520840e-05
2022	2	14	6	3
	57	3	-12.750000	72.750000	1.001173e+05	3.704468e-05
	213	9	26.250000	71.250000	9.816764e+04	2.213964e-04
	1	17	-26.750000	69.250000	9.975425e+04	-1.139718e-05
	227	22	29.750000	68.000000	9.831445e+04	7.057493e-05
	120	58	3.000000	59.000000	9.849493e+04	1.215988e-04
	109	70	0.250000	56.000000	9.845247e+04	9.579361e-05
2022	2	14	4	6
	68	3	-10.000000	72.750000	1.001074e+05	8.672738e-05
	219	8	27.750000	71.500000	9.802758e+04	2.578311e-04
	120	59	3.000000	58.750000	9.849101e+04	9.856891e-05
	115	70	1.750000	56.000000	9.849101e+04	4.034120e-05
2022	2	14	4	9
	70	2	-9.500000	73.000000	1.001951e+05	5.252159e-05
	218	9	27.500000	71.250000	9.808602e+04	2.836466e-04
	0	52	-27.000000	60.500000	9.797948e+04	1.462866e-04
	126	67	4.500000	56.750000	9.855415e+04	1.196950e-04
2022	2	14	5	12
	73	0	-8.750000	73.500000	1.002037e+05	8.207490e-06
	74	0	-8.500000	73.500000	1.002037e+05	1.278060e-05
	224	9	29.000000	71.250000	9.811312e+04	2.610099e-04
	0	48	-27.000000	61.500000	9.759438e+04	1.423805e-04
	132	65	6.000000	57.250000	9.850135e+04	1.928136e-04
2022	2	14	3	15
	240	13	33.000000	70.250000	9.818597e+04	1.915591e-04
	0	44	-27.000000	62.500000	9.726976e+04	1.344576e-04
	138	62	7.500000	58.000000	9.847488e+04	2.083669e-04
2022	2	14	7	18
	252	5	36.000000	72.250000	9.820368e+04	1.095664e-04
	6	7	-25.500000	71.750000	9.985420e+04	3.359804e-05
	288	12	45.000000	70.500000	9.912036e+04	8.062518e-05
	250	13	35.500000	70.250000	9.820368e+04	1.555621e-04
	0	41	-27.000000	63.250000	9.711090e+04	1.409884e-04
	128	53	5.000000	60.250000	9.858517e+04	9.962979e-05
	147	58	9.750000	59.000000	9.858517e+04	2.696733e-04
2022	2	14	6	21
	257	12	37.250000	70.500000	9.819224e+04	1.713825e-04
	0	37	-27.000000	64.250000	9.722887e+04	1.109605e-04
	27	39	-20.250000	63.750000	9.722887e+04	-1.761343e-05
	127	52	4.750000	60.500000	9.863421e+04	7.773507e-05
	151	55	10.750000	59.750000	9.861964e+04	3.551476e-04
	138	120	7.500000	43.500000	1.010952e+05	1.381710e-04
2022	2	15	7	0
	6	7	-25.500000	71.750000	9.964599e+04	7.996515e-05
	264	11	39.000000	70.750000	9.823203e+04	1.726913e-04
	8	39	-25.000000	63.750000	9.737457e+04	2.143385e-04
	27	39	-20.250000	63.750000	9.737457e+04	3.945578e-05
	125	52	4.250000	60.500000	9.886436e+04	9.005414e-05
	153	53	11.250000	60.250000	9.875626e+04	3.256480e-04
	151	116	10.750000	44.500000	1.010504e+05	7.974145e-05
2022	2	15	9	3
	6	7	-25.500000	71.750000	9.960275e+04	5.844314e-05
	245	7	34.250000	71.750000	9.828938e+04	1.945884e-04
	269	11	40.250000	70.750000	9.828938e+04	1.721416e-04
	2	36	-26.500000	64.500000	9.724030e+04	1.368045e-04
	28	38	-20.000000	64.000000	9.724030e+04	6.708899e-05
	125	51	4.250000	60.750000	9.885230e+04	7.929692e-05
	156	52	12.000000	60.500000	9.894270e+04	2.748725e-04
	137	58	7.250000	59.000000	9.885230e+04	4.596245e-05
	153	116	11.250000	44.500000	1.010144e+05	1.256971e-04
2022	2	15	6	6
	248	9	35.000000	71.250000	9.834217e+04	1.876436e-04
	274	10	41.500000	71.000000	9.834217e+04	1.693117e-04
	0	33	-27.000000	65.250000	9.718547e+04	6.605531e-05
	24	35	-21.000000	64.750000	9.718547e+04	1.270654e-04
	123	50	3.750000	61.000000	9.880545e+04	1.296905e-04
	158	113	12.500000	45.250000	1.010205e+05	1.286591e-04
2022	2	15	7	9
	278	9	42.500000	71.250000	9.844730e+04	1.828446e-04
	254	12	36.500000	70.500000	9.844730e+04	1.639642e-04
	25	34	-20.750000	65.000000	9.736815e+04	1.867765e-04
	164	48	14.000000	61.500000	9.901884e+04	2.222601e-04
	122	49	3.500000	61.250000	9.870220e+04	1.333326e-04
	2	82	-26.500000	53.000000	9.848255e+04	1.665991e-04
	160	111	13.000000	45.750000	1.010568e+05	1.064314e-04
2022	2	15	8	12
	280	9	43.000000	71.250000	9.856198e+04	2.014222e-04
	0	30	-27.000000	66.000000	9.736266e+04	6.310228e-05
	22	31	-21.500000	65.750000	9.736909e+04	2.002062e-04
	0	39	-27.000000	63.750000	9.736266e+04	7.110165e-06
	166	47	14.500000	61.750000	9.893705e+04	1.547628e-04
	120	48	3.000000	61.500000	9.866915e+04	1.343171e-04
	15	78	-23.250000	54.000000	9.821590e+04	2.399024e-04
	160	111	13.000000	45.750000	1.010662e+05	9.266898e-05
2022	2	15	7	15
	283	9	43.750000	71.250000	9.864063e+04	2.077663e-04
	0	39	-27.000000	63.750000	9.727195e+04	2.868656e-05
	170	45	15.500000	62.250000	9.890870e+04	1.078238e-04
	90	55	-4.500000	59.750000	9.829548e+04	1.987652e-04
	27	76	-20.250000	54.500000	9.788610e+04	2.531670e-04
	153	110	11.250000	46.000000	1.011090e+05	-5.814174e-06
	164	162	14.000000	33.000000	1.016611e+05	1.197439e-05
2022	2	15	4	18
	287	8	44.750000	71.500000	9.874451e+04	1.389412e-04
	97	55	-2.750000	59.750000	9.825162e+04	1.935465e-04
	39	73	-17.250000	55.250000	9.760191e+04	2.965776e-04
	165	162	14.250000	33.000000	1.017150e+05	8.774247e-06
2022	2	15	3	21
	288	8	45.000000	71.500000	9.886577e+04	1.087804e-04
	102	55	-1.500000	59.750000	9.825319e+04	1.656054e-04
	49	72	-14.750000	55.500000	9.762243e+04	3.142250e-04
2022	2	16	4	0
	288	7	45.000000	71.750000	9.897606e+04	1.115025e-04
	183	43	18.750000	62.750000	9.901523e+04	9.906908e-05
	107	56	-0.250000	59.500000	9.823689e+04	1.667489e-04
	67	71	-10.250000	55.750000	9.774745e+04	2.598162e-04
2022	2	16	6	3
	288	7	45.000000	71.750000	9.905142e+04	1.063840e-04
	188	41	20.000000	63.250000	9.898092e+04	7.726141e-05
	111	55	0.750000	59.750000	9.814727e+04	1.472841e-04
	112	55	1.000000	59.750000	9.814727e+04	1.426398e-04
	5	67	-25.750000	56.750000	9.706155e+04	1.941640e-04
	80	71	-7.000000	55.750000	9.787075e+04	2.517958e-04
2022	2	16	5	6
	194	39	21.500000	63.750000	9.902808e+04	6.987253e-05
	0	55	-27.000000	59.750000	9.739917e+04	1.256869e-05
	115	55	1.750000	59.750000	9.813364e+04	1.530087e-04
	13	63	-23.750000	57.750000	9.664213e+04	2.728678e-04
	101	74	-1.750000	55.000000	9.816873e+04	2.011978e-04
2022	2	16	6	9
	286	7	44.500000	71.750000	9.917864e+04	1.163508e-04
	119	54	2.750000	60.000000	9.812220e+04	1.308162e-04
	22	58	-21.500000	59.000000	9.625845e+04	3.043183e-04
	121	76	3.250000	54.500000	9.825569e+04	2.263892e-04
	137	116	7.250000	44.500000	1.011303e+05	9.104517e-05
	278	120	42.500000	43.500000	1.020536e+05	5.641997e-06
2022	2	16	4	12
	285	7	44.250000	71.750000	9.921984e+04	1.369676e-04
	27	58	-20.250000	59.000000	9.620095e+04	3.751781e-04
	155	58	11.750000	59.000000	9.833340e+04	1.241351e-04
	137	78	7.250000	54.000000	9.830723e+04	2.291246e-04
2022	2	16	6	15
	285	7	44.250000	71.750000	9.919180e+04	1.575985e-04
	286	7	44.500000	71.750000	9.919180e+04	1.447986e-04
	159	57	12.750000	59.250000	9.825945e+04	1.643063e-04
	41	60	-16.750000	58.500000	9.625798e+04	2.408584e-04
	151	79	10.750000	53.750000	9.839341e+04	2.153097e-04
	280	121	43.000000	43.250000	1.019367e+05	-1.491127e-05
2022	2	16	5	18
	282	6	43.500000	72.000000	9.915796e+04	1.735336e-04
	51	53	-14.250000	60.250000	9.635323e+04	1.996822e-04
	34	54	-18.500000	60.000000	9.635323e+04	3.747006e-04
	160	55	13.000000	59.750000	9.820493e+04	1.603303e-04
	167	80	14.750000	53.500000	9.835674e+04	1.824997e-04
2022	2	16	6	21
	280	7	43.000000	71.750000	9.912976e+04	1.797727e-04
	45	53	-15.750000	60.250000	9.656427e+04	3.176664e-04
	71	59	-9.250000	58.750000	9.670825e+04	2.912178e-04
	108	66	0.000000	57.000000	9.701627e+04	2.784625e-04
	180	81	18.000000	53.250000	9.838886e+04	1.570083e-04
	137	113	7.250000	45.250000	1.007920e+05	-5.461154e-07
2022	2	17	6	0
	280	7	43.000000	71.750000	9.910939e+04	1.762739e-04
	84	57	-6.000000	59.250000	9.683798e+04	2.223050e-04
	121	65	3.250000	57.250000	9.678439e+04	3.083485e-04
	190	80	20.500000	53.500000	9.833951e+04	1.078844e-04
	281	121	43.250000	43.250000	1.015875e+05	-4.003778e-06
	202	144	23.500000	37.500000	1.010844e+05	1.051989e-04
2022	2	17	5	3
	285	7	44.250000	71.750000	9.905832e+04	1.509637e-04
	100	57	-2.000000	59.250000	9.696519e+04	2.182573e-04
	131	65	5.750000	57.250000	9.681181e+04	2.768408e-04
	281	121	43.250000	43.250000	1.014576e+05	-2.380604e-06
	205	144	24.250000	37.500000	1.009559e+05	9.770350e-05
2022	2	17	6	6
	9	6	-24.750000	72.000000	1.006709e+05	-3.326169e-05
	286	7	44.500000	71.750000	9.901257e+04	1.532696e-04
	111	57	0.750000	59.250000	9.701282e+04	1.384565e-04
	142	67	8.500000	56.750000	9.699731e+04	3.249415e-04
	158	71	12.500000	55.750000	9.699731e+04	2.740568e-04
	281	121	43.250000	43.250000	1.013280e+05	-5.558345e-06
2022	2	17	4	9
	282	5	43.500000	72.250000	9.901382e+04	1.435271e-04
	114	58	1.500000	59.000000	9.729498e+04	1.424623e-04
	165	70	14.250000	56.000000	9.720630e+04	2.655756e-04
	4	72	-26.000000	55.500000	9.947005e+04	2.256165e-04
2022	2	17	6	12
	281	5	43.250000	72.250000	9.903388e+04	1.515896e-04
	9	69	-24.750000	56.250000	9.963063e+04	1.801544e-04
	10	69	-24.500000	56.250000	9.963063e+04	1.880755e-04
	171	70	15.750000	56.000000	9.714051e+04	2.695231e-04
	13	115	-23.750000	44.750000	1.009800e+05	1.654369e-04
	279	128	42.750000	41.500000	1.009330e+05	4.373550e-06
2022	2	17	6	15
	281	5	43.250000	72.250000	9.902244e+04	1.415275e-04
	224	58	29.000000	59.000000	9.747406e+04	9.789180e-05
	16	68	-23.000000	56.500000	9.955152e+04	1.609944e-04
	177	71	17.250000	55.750000	9.720912e+04	3.078887e-04
	19	112	-22.250000	45.500000	1.006622e+05	2.111946e-04
	281	121	43.250000	43.250000	1.009424e+05	1.489984e-06
2022	2	17	6	18
	282	5	43.500000	72.250000	9.902495e+04	1.313579e-04
	139	34	7.750000	65.000000	9.820054e+04	1.171541e-04
	226	55	29.500000	59.750000	9.744445e+04	1.685315e-04
	29	66	-19.750000	57.000000	9.945767e+04	2.142661e-04
	184	73	19.000000	55.250000	9.744555e+04	2.897219e-04
	23	110	-21.250000	46.000000	1.004986e+05	2.123070e-04
2022	2	17	5	21
	138	34	7.500000	65.000000	9.829031e+04	1.098351e-04
	227	51	29.750000	60.750000	9.743458e+04	2.142346e-04
	29	66	-19.750000	57.000000	9.937245e+04	2.509458e-04
	38	105	-17.500000	47.250000	1.004265e+05	1.260158e-04
	27	108	-20.250000	46.500000	1.004265e+05	1.887334e-04
2022	2	18	6	0
	141	33	8.250000	65.250000	9.836709e+04	1.163199e-04
	142	33	8.500000	65.250000	9.836709e+04	1.103461e-04
	227	49	29.750000	61.250000	9.747860e+04	2.026722e-04
	41	53	-16.750000	60.250000	9.902652e+04	1.742662e-04
	38	65	-17.500000	57.250000	9.908636e+04	2.511977e-04
	31	107	-19.250000	46.750000	1.003444e+05	1.744738e-04
2022	2	18	9	3
	145	32	9.250000	65.500000	9.838683e+04	1.041555e-04
	6	40	-25.500000	63.500000	9.948995e+04	9.303195e-05
	228	48	30.000000	61.500000	9.756305e+04	1.755515e-04
	42	54	-16.500000	60.000000	9.883569e+04	2.438193e-04
	47	65	-15.250000	57.250000	9.883569e+04	2.924998e-04
	236	73	32.000000	55.250000	9.772536e+04	1.931961e-04
	236	74	32.000000	55.000000	9.772536e+04	1.919304e-04
	36	105	-18.000000	47.250000	1.002904e+05	1.420834e-04
	153	108	11.250000	46.500000	1.010032e+05	-6.425993e-06
2022	2	18	7	6
	145	32	9.250000	65.500000	9.839497e+04	9.948167e-05
	3	38	-26.250000	64.000000	9.941490e+04	1.066990e-04
	228	46	30.000000	62.000000	9.768807e+04	1.336671e-04
	44	55	-16.000000	59.750000	9.880326e+04	3.406318e-04
	58	63	-12.500000	57.750000	9.880326e+04	3.049231e-04
	240	70	33.000000	56.000000	9.782688e+04	1.637649e-04
	149	114	10.250000	45.000000	1.012425e+05	1.222591e-05
2022	2	18	5	9
	148	32	10.000000	65.500000	9.843477e+04	1.094634e-04
	229	44	30.250000	62.500000	9.779602e+04	1.214793e-04
	48	57	-15.000000	59.250000	9.895930e+04	2.754265e-04
	67	62	-10.250000	58.000000	9.895930e+04	3.135988e-04
	151	112	10.750000	45.500000	1.014392e+05	7.317654e-05
2022	2	18	8	12
	150	23	10.500000	67.750000	9.853253e+04	4.545869e-05
	149	32	10.250000	65.500000	9.853253e+04	1.076781e-04
	230	43	30.500000	62.750000	9.789127e+04	9.619160e-05
	245	47	34.250000	61.750000	9.789127e+04	4.858547e-05
	247	57	34.750000	59.250000	9.797227e+04	1.555460e-04
	54	59	-13.500000	58.750000	9.910344e+04	2.237055e-04
	75	61	-8.250000	58.250000	9.910344e+04	2.747460e-04
	264	162	39.000000	33.000000	1.003859e+05	1.936170e-05
2022	2	18	7	15
	6	7	-25.500000	71.750000	1.006575e+05	1.246572e-07
	151	31	10.750000	65.750000	9.856120e+04	1.094362e-04
	233	42	31.250000	63.000000	9.792841e+04	6.535462e-05
	249	46	35.250000	62.000000	9.792841e+04	9.819316e-05
	61	60	-11.750000	58.500000	9.920841e+04	2.329439e-04
	85	60	-5.750000	58.500000	9.923849e+04	2.315914e-04
	279	119	42.750000	43.750000	1.002475e+05	2.190037e-05
2022	2	18	7	18
	6	7	-25.500000	71.750000	1.006374e+05	4.590932e-06
	150	24	10.500000	67.500000	9.858220e+04	5.340593e-05
	152	32	11.000000	65.500000	9.858220e+04	1.405215e-04
	248	40	35.000000	63.500000	9.780855e+04	1.199210e-04
	67	61	-10.250000	58.250000	9.937463e+04	2.480512e-04
	46	123	-15.500000	42.750000	1.002963e+05	2.236346e-04
	265	162	39.250000	33.000000	1.005014e+05	5.951619e-05
2022	2	18	8	21
	6	7	-25.500000	71.750000	1.006612e+05	-1.114501e-06
	150	24	10.500000	67.500000	9.864001e+04	5.622148e-05
	153	32	11.250000	65.500000	9.864001e+04	1.569953e-04
	249	36	35.250000	64.500000	9.759595e+04	1.238247e-04
	0	53	-27.000000	60.250000	9.834186e+04	1.150720e-04
	73	63	-8.750000	57.750000	9.950436e+04	2.789108e-04
	51	124	-14.250000	42.500000	1.003491e+05	1.912140e-04
	264	162	39.000000	33.000000	1.004460e+05	7.172475e-05
2022	2	19	9	0
	7	6	-25.250000	72.000000	1.006125e+05	2.434514e-05
	154	32	11.500000	65.500000	9.874325e+04	1.070530e-04
	248	33	35.000000	65.250000	9.747829e+04	1.506109e-04
	0	48	-27.000000	61.500000	9.817986e+04	1.202229e-04
	80	64	-7.000000	57.500000	9.966652e+04	2.715419e-04
	55	125	-13.250000	42.250000	1.002844e+05	1.957982e-04
	238	155	32.500000	34.750000	1.004184e+05	1.890150e-04
	263	156	38.750000	34.500000	1.002977e+05	6.501543e-05
	272	162	41.000000	33.000000	1.002977e+05	6.461328e-05
2022	2	19	6	3
	161	24	13.250000	67.500000	9.880263e+04	9.723539e-06
	248	30	35.000000	66.000000	9.739760e+04	1.947074e-04
	7	47	-25.250000	61.750000	9.812033e+04	2.092066e-04
	59	125	-12.250000	42.250000	1.002750e+05	1.898582e-04
	242	158	33.500000	34.000000	1.003631e+05	2.046106e-04
	279	162	42.750000	33.000000	1.002341e+05	6.651143e-05
2022	2	19	9	6
	161	24	13.250000	67.500000	9.881219e+04	5.310240e-05
	248	29	35.000000	66.250000	9.743536e+04	1.981564e-04
	2	42	-26.500000	63.000000	9.779445e+04	1.972590e-04
	20	47	-22.000000	61.750000	9.779445e+04	2.245542e-04
	67	113	-10.250000	45.250000	1.003288e+05	1.469423e-04
	64	125	-11.000000	42.250000	1.003153e+05	1.863866e-04
	262	155	38.500000	34.750000	1.005254e+05	1.383735e-05
	244	159	34.000000	33.750000	1.005113e+05	1.874786e-04
	279	162	42.750000	33.000000	1.003346e+05	6.761524e-05
2022	2	19	9	9
	163	24	13.750000	67.500000	9.890447e+04	6.624580e-05
	248	27	35.000000	66.750000	9.751198e+04	2.000968e-04
	0	39	-27.000000	63.750000	9.780823e+04	1.273569e-04
	18	42	-22.500000	63.000000	9.780823e+04	1.932000e-04
	65	115	-10.750000	44.750000	1.005345e+05	1.400296e-04
	66	124	-10.500000	42.500000	1.005345e+05	1.752252e-04
	285	152	44.250000	35.500000	1.003111e+05	-3.189373e-05
	286	160	44.500000	33.500000	1.003111e+05	5.061262e-05
	244	162	34.000000	33.000000	1.007256e+05	1.069318e-04
2022	2	19	4	12
	288	12	45.000000	70.500000	9.820979e+04	9.025238e-05
	260	18	38.000000	69.000000	9.760394e+04	1.619589e-04
	163	23	13.750000	67.750000	9.899784e+04	1.040273e-04
	67	124	-10.250000	42.500000	1.007026e+05	1.775674e-04
2022	2	19	5	15
	258	18	37.500000	69.000000	9.762650e+04	2.261299e-04
	163	24	13.750000	67.500000	9.911362e+04	1.118207e-04
	0	59	-27.000000	58.750000	9.682607e+04	9.876210e-05
	67	124	-10.250000	42.500000	1.008218e+05	2.039178e-04
	281	143	43.250000	37.750000	1.007737e+05	-1.711650e-05
2022	2	19	3	18
	258	18	37.500000	69.000000	9.766817e+04	2.387235e-04
	163	24	13.750000	67.500000	9.925902e+04	1.411603e-04
	67	127	-10.250000	41.750000	1.010692e+05	2.163688e-04
2022	2	19	6	21
	259	19	37.750000	68.750000	9.772081e+04	2.402119e-04
	162	25	13.500000	67.250000	9.945030e+04	1.632809e-04
	163	25	13.750000	67.250000	9.945030e+04	1.498159e-04
	0	54	-27.000000	60.000000	9.553353e+04	8.834257e-05
	67	131	-10.250000	40.750000	1.013567e+05	2.288429e-04
	101	159	-1.750000	33.750000	1.017203e+05	6.838165e-05
2022	2	20	5	0
	264	20	39.000000	68.500000	9.775607e+04	2.229288e-04
	0	52	-27.000000	60.500000	9.524275e+04	1.480577e-04
	69	135	-9.750000	39.750000	1.015043e+05	1.937037e-04
	284	155	44.000000	34.750000	1.012356e+05	9.722430e-05
	103	160	-1.250000	33.500000	1.018118e+05	9.259811e-05
