2022	2	10	9	0
	7	6	-25.250000	72.000000	1.001823e+05	-4.259519e-06
	173	9	16.250000	71.250000	9.686401e+04	2.259837e-04
	148	23	10.000000	67.750000	9.648198e+04	5.461281e-04
	58	55	-12.500000	59.750000	9.869066e+04	4.336073e-04
	152	106	11.000000	47.000000	1.022532e+05	-4.577885e-05
	139	110	7.750000	46.000000	1.022532e+05	-7.729094e-05
	260	145	38.000000	37.250000	1.008086e+05	3.747734e-05
	250	155	35.500000	34.750000	1.008043e+05	1.438076e-04
	278	162	42.500000	33.000000	1.008568e+05	8.781709e-05
2022	2	10	7	6
	174	5	16.500000	72.250000	9.709041e+04	1.994344e-04
	8	6	-25.000000	72.000000	1.003188e+05	-2.101940e-05
	165	16	14.250000	69.500000	9.709041e+04	1.386360e-04
	166	24	14.500000	67.500000	9.711667e+04	2.997056e-04
	76	59	-8.000000	58.750000	9.915855e+04	5.060564e-04
	158	106	12.500000	47.000000	1.021719e+05	-3.634014e-05
	250	152	35.500000	35.500000	1.010456e+05	8.361712e-05
2022	2	10	6	12
	197	0	22.250000	73.500000	9.723996e+04	-1.021386e-05
	177	6	17.250000	72.000000	9.723996e+04	3.127657e-04
	22	21	-21.500000	68.250000	1.002339e+05	7.222224e-05
	196	30	22.000000	66.000000	9.778214e+04	1.520521e-04
	93	63	-3.750000	57.750000	9.998965e+04	3.543972e-04
	137	117	7.250000	44.250000	1.022256e+05	1.349073e-04
2022	2	10	9	18
	8	6	-25.000000	72.000000	1.000459e+05	-2.279999e-05
	192	8	21.000000	71.500000	9.747420e+04	2.103786e-04
	10	14	-24.500000	70.000000	9.984793e+04	-2.109476e-05
	41	16	-16.750000	69.500000	9.984793e+04	1.295529e-04
	215	30	26.750000	66.000000	9.812457e+04	1.513138e-04
	111	67	0.750000	56.750000	1.004587e+05	2.891913e-04
	136	119	7.000000	43.750000	1.022475e+05	1.028046e-04
	277	155	42.250000	34.750000	1.013702e+05	-1.865833e-05
	87	156	-5.250000	34.500000	1.021048e+05	-2.345727e-06
2022	2	11	4	0
	208	7	25.000000	71.750000	9.766630e+04	2.083372e-04
	54	13	-13.500000	70.250000	9.955606e+04	1.468692e-04
	125	71	4.250000	55.750000	1.008594e+05	2.880105e-04
	0	72	-27.000000	55.500000	9.967720e+04	1.367063e-04
2022	2	11	2	6
	221	7	28.250000	71.750000	9.790680e+04	2.500442e-04
	61	13	-11.750000	70.250000	9.958586e+04	1.548956e-04
2022	2	11	4	12
	231	6	30.750000	72.000000	9.816985e+04	2.246966e-04
	9	55	-24.750000	59.750000	9.870380e+04	2.299347e-04
	0	66	-27.000000	57.000000	9.870380e+04	7.331946e-05
	135	119	6.750000	43.750000	1.020252e+05	9.808951e-05
2022	2	11	5	18
	242	6	33.500000	72.000000	9.835097e+04	2.844602e-04
	152	22	11.000000	68.000000	9.925949e+04	1.887092e-04
	1	55	-26.750000	59.750000	9.850837e+04	1.631107e-04
	13	62	-23.750000	58.000000	9.850837e+04	1.707164e-04
	135	123	6.750000	42.750000	1.021342e+05	6.044900e-05
2022	2	12	3	0
	251	5	35.750000	72.250000	9.847838e+04	3.141417e-04
	166	22	14.500000	68.000000	9.914522e+04	2.962356e-04
	28	59	-20.000000	58.750000	9.856756e+04	1.442454e-04
2022	2	12	3	6
	261	4	38.250000	72.500000	9.851327e+04	2.574022e-04
	48	56	-15.000000	59.500000	9.838547e+04	1.334465e-04
	253	158	36.250000	34.000000	1.024792e+05	-4.452983e-05
2022	2	12	3	12
	269	0	40.250000	73.500000	9.865970e+04	1.796225e-04
	58	53	-12.500000	60.250000	9.841134e+04	1.343675e-04
	260	98	38.000000	49.000000	1.011918e+05	1.643944e-04
2022	2	12	3	18
	67	52	-10.250000	60.500000	9.833646e+04	1.638004e-04
	5	92	-25.750000	50.500000	9.968720e+04	1.987005e-04
	278	99	42.500000	48.750000	1.010083e+05	1.564135e-04
2022	2	13	2	0
	99	45	-2.250000	62.250000	9.849818e+04	1.051130e-04
	31	90	-19.250000	51.000000	9.921245e+04	1.910174e-04
2022	2	13	1	6
	47	88	-15.250000	51.500000	9.855208e+04	2.561231e-04
2022	2	13	6	12
	6	14	-25.500000	70.000000	9.967759e+04	8.632214e-05
	41	36	-16.750000	64.500000	1.004015e+05	4.692149e-06
	123	43	3.750000	62.750000	9.857109e+04	1.757816e-04
	59	87	-12.250000	51.750000	9.828530e+04	2.598097e-04
	179	117	17.750000	44.250000	1.021231e+05	-5.418451e-05
	278	120	42.500000	43.500000	1.021405e+05	-5.962699e-06
2022	2	13	5	18
	2	17	-26.500000	69.250000	9.975502e+04	4.746000e-05
	211	30	25.750000	66.000000	9.883885e+04	1.402659e-04
	120	48	3.000000	61.500000	9.872359e+04	2.350532e-04
	78	91	-7.500000	50.750000	9.815123e+04	1.640765e-04
	279	121	42.750000	43.250000	1.022597e+05	1.919285e-05
2022	2	14	3	0
	1	17	-26.750000	69.250000	9.991045e+04	2.936543e-05
	225	29	29.250000	66.250000	9.887334e+04	1.077739e-04
	89	88	-4.750000	51.500000	9.828334e+04	1.813428e-04
2022	2	14	1	6
	101	89	-1.750000	51.250000	9.838409e+04	1.892330e-04
2022	2	14	4	12
	7	6	-25.250000	72.000000	1.000379e+05	4.839452e-05
	244	15	34.000000	69.750000	9.879847e+04	1.622601e-04
	0	49	-27.000000	61.250000	9.818377e+04	1.012164e-04
	112	88	1.000000	51.500000	9.869968e+04	1.716459e-04
2022	2	14	4	18
	261	11	38.250000	70.750000	9.864891e+04	1.702319e-04
	0	39	-27.000000	63.750000	9.735012e+04	1.729111e-04
	133	68	6.250000	56.500000	9.890040e+04	1.669428e-04
	278	120	42.500000	43.500000	1.014748e+05	-1.109691e-06
2022	2	15	5	0
	268	10	40.000000	71.000000	9.869830e+04	2.356334e-04
	0	31	-27.000000	65.750000	9.745499e+04	1.365597e-04
	24	35	-21.000000	64.750000	9.745499e+04	1.313230e-04
	145	65	9.250000	57.250000	9.895998e+04	1.343879e-04
	280	121	43.000000	43.250000	1.016387e+05	-6.895071e-06
2022	2	15	9	6
	6	7	-25.500000	71.750000	9.892843e+04	2.914454e-05
	272	10	41.000000	71.000000	9.888158e+04	2.410780e-04
	0	28	-27.000000	66.500000	9.791621e+04	1.249521e-04
	39	35	-17.250000	64.750000	9.793993e+04	2.231849e-04
	121	57	3.250000	59.250000	9.948902e+04	1.157444e-04
	150	63	10.500000	57.750000	9.899605e+04	1.466891e-04
	0	81	-27.000000	53.250000	9.859795e+04	1.422769e-04
	280	121	43.000000	43.250000	1.017632e+05	-1.462661e-05
	146	128	9.500000	41.500000	1.009284e+05	1.370583e-04
2022	2	15	8	12
	276	4	42.000000	72.500000	9.919638e+04	1.666494e-04
	6	7	-25.500000	71.750000	9.862402e+04	2.714677e-05
	16	23	-23.000000	67.750000	9.792111e+04	1.865227e-04
	48	32	-15.000000	65.500000	9.798521e+04	2.983367e-04
	154	62	11.500000	58.000000	9.917462e+04	1.892821e-04
	29	73	-19.750000	55.250000	9.787348e+04	3.757414e-04
	278	120	42.500000	43.500000	1.015681e+05	1.165676e-05
	151	127	10.750000	41.750000	1.009511e+05	1.653907e-04
2022	2	15	10	18
	283	6	43.750000	72.000000	9.937730e+04	1.678237e-04
	6	7	-25.500000	71.750000	9.829883e+04	-3.698692e-05
	33	23	-18.750000	67.750000	9.766805e+04	2.261388e-04
	172	58	16.000000	59.000000	9.922048e+04	5.355397e-05
	60	69	-12.000000	56.250000	9.708668e+04	4.991645e-04
	278	120	42.500000	43.500000	1.019214e+05	-3.619207e-05
	165	124	14.250000	42.500000	1.009009e+05	-5.709016e-06
	153	127	11.250000	41.750000	1.009009e+05	1.468937e-04
	154	127	11.500000	41.750000	1.009009e+05	1.397919e-04
	272	162	41.000000	33.000000	1.017308e+05	2.191698e-05
2022	2	16	7	0
	280	7	43.000000	71.750000	9.958684e+04	1.990144e-04
	179	53	17.750000	60.250000	9.907270e+04	4.955334e-05
	105	73	-0.750000	55.250000	9.859148e+04	2.101441e-04
	0	80	-27.000000	53.500000	9.791248e+04	1.498610e-04
	285	123	44.250000	42.750000	1.019796e+05	-1.752971e-05
	168	124	15.000000	42.500000	1.009468e+05	3.796031e-05
	157	130	12.250000	41.000000	1.009468e+05	1.675013e-04
2022	2	16	6	6
	54	35	-13.500000	64.750000	9.804734e+04	1.932258e-04
	181	51	18.250000	60.750000	9.899194e+04	8.897627e-05
	11	70	-24.250000	56.000000	9.569518e+04	5.274161e-04
	138	77	7.500000	54.250000	9.886374e+04	1.388476e-04
	180	128	18.000000	41.500000	1.012265e+05	1.234005e-04
	162	134	13.500000	40.000000	1.009150e+05	2.000089e-04
2022	2	16	5	12
	57	31	-12.750000	65.750000	9.765512e+04	1.868570e-04
	190	50	20.500000	61.000000	9.912209e+04	4.462567e-05
	42	64	-16.500000	57.500000	9.475980e+04	6.369307e-04
	181	126	18.250000	42.000000	1.012259e+05	7.946783e-05
	168	138	15.000000	39.000000	1.011559e+05	2.002438e-04
2022	2	16	2	18
	192	47	21.000000	61.750000	9.917599e+04	6.858351e-05
	79	57	-7.250000	59.250000	9.449009e+04	4.160165e-04
2022	2	17	3	0
	46	26	-15.500000	67.000000	9.752262e+04	2.084880e-04
	189	44	20.250000	62.500000	9.892666e+04	6.069322e-05
	108	56	0.000000	59.500000	9.501991e+04	3.820471e-04
2022	2	17	5	6
	42	21	-16.500000	68.250000	9.768629e+04	2.107862e-04
	0	36	-27.000000	64.500000	9.743284e+04	8.925195e-05
	133	46	6.250000	62.000000	9.557914e+04	-1.101182e-04
	129	55	5.250000	59.750000	9.557914e+04	3.218788e-04
	24	73	-21.000000	55.250000	9.924616e+04	2.388161e-04
2022	2	17	5	12
	27	19	-20.250000	68.750000	9.754026e+04	2.858152e-04
	136	41	7.000000	63.250000	9.761690e+04	1.423170e-04
	152	59	11.000000	58.750000	9.620207e+04	2.854497e-04
	43	66	-16.250000	57.000000	9.856462e+04	3.654814e-04
	112	125	1.000000	42.250000	1.024043e+05	1.083178e-05
2022	2	17	5	18
	17	19	-22.750000	68.750000	9.744186e+04	3.377074e-04
	0	32	-27.000000	65.500000	9.733091e+04	1.001261e-04
	140	39	8.000000	63.750000	9.831138e+04	1.423314e-04
	66	57	-10.500000	59.250000	9.825257e+04	3.479035e-04
	176	67	17.000000	56.750000	9.679972e+04	2.247153e-04
2022	2	18	5	0
	78	52	-7.500000	60.500000	9.813418e+04	3.595740e-04
	288	53	45.000000	60.250000	9.965858e+04	1.214064e-04
	98	56	-2.500000	59.500000	9.813418e+04	2.799899e-04
	201	74	23.250000	55.000000	9.724212e+04	3.281195e-04
	227	153	29.750000	35.250000	1.008978e+05	9.953448e-05
2022	2	18	5	6
	0	32	-27.000000	65.500000	9.817926e+04	4.539398e-05
	88	50	-5.000000	61.000000	9.802362e+04	3.659278e-04
	216	67	27.000000	56.750000	9.767061e+04	6.047747e-05
	219	76	27.750000	54.500000	9.767061e+04	3.039133e-04
	115	124	1.750000	42.500000	1.020746e+05	-1.701241e-05
2022	2	18	5	12
	99	50	-2.250000	61.000000	9.796149e+04	4.434245e-04
	219	63	27.750000	57.750000	9.802677e+04	6.514032e-05
	219	64	27.750000	57.500000	9.799442e+04	6.878986e-05
	232	76	31.000000	54.500000	9.792621e+04	2.468548e-04
	115	125	1.750000	42.250000	1.021817e+05	1.038204e-05
2022	2	18	4	18
	81	29	-6.750000	66.250000	9.933496e+04	1.546937e-04
	113	52	1.250000	60.500000	9.843231e+04	4.074519e-04
	232	67	31.000000	56.750000	9.807792e+04	4.087394e-05
	247	154	34.750000	35.000000	1.003817e+05	1.389417e-04
2022	2	19	7	0
	110	6	0.500000	72.000000	9.908191e+04	6.696285e-05
	139	9	7.750000	71.250000	9.908191e+04	4.494806e-05
	140	9	8.000000	71.250000	9.908191e+04	5.519068e-05
	127	58	4.750000	59.000000	9.925871e+04	3.333970e-04
	224	59	29.000000	58.750000	9.816985e+04	5.959980e-05
	252	69	36.000000	56.250000	9.805127e+04	1.899905e-04
	250	153	35.500000	35.250000	1.003758e+05	1.388052e-04
2022	2	19	6	6
	111	5	0.750000	72.250000	9.926831e+04	1.103011e-04
	140	6	8.000000	72.000000	9.926831e+04	1.190227e-04
	257	62	37.250000	58.000000	9.816045e+04	1.354710e-04
	140	69	8.000000	56.250000	1.002068e+05	2.929465e-04
	10	94	-24.500000	50.000000	1.009950e+05	1.134712e-04
	263	156	38.750000	34.500000	1.008147e+05	5.928013e-05
2022	2	19	5	12
	130	5	5.500000	72.250000	9.966681e+04	1.163527e-04
	0	30	-27.000000	66.000000	9.763512e+04	1.812667e-04
	258	57	37.500000	59.250000	9.850347e+04	1.655555e-04
	259	57	37.750000	59.250000	9.850347e+04	1.737889e-04
	23	78	-21.250000	54.000000	9.997141e+04	2.098044e-04
2022	2	19	4	18
	139	4	7.750000	72.500000	1.000473e+05	1.134305e-04
	184	8	19.000000	71.500000	1.000069e+05	1.143908e-04
	258	54	37.500000	60.000000	9.879905e+04	1.390997e-04
	37	61	-17.750000	58.250000	9.920206e+04	3.119126e-04
2022	2	20	7	0
	156	4	12.000000	72.500000	1.003215e+05	9.889728e-05
	196	8	22.000000	71.500000	1.002821e+05	1.133913e-04
	46	30	-15.500000	66.000000	9.813144e+04	2.561715e-04
	54	41	-13.500000	63.250000	9.830452e+04	3.943245e-04
	258	54	37.500000	60.000000	9.906289e+04	1.149281e-04
	251	105	35.750000	47.250000	9.937495e+04	2.198899e-04
	252	113	36.000000	45.250000	9.937495e+04	1.927482e-04
