2022	2	16	7	0
	55	39	-13.250000	63.750000	9.721869e+04	3.931465e-04
	184	43	19.000000	62.750000	9.895323e+04	1.606942e-04
	118	55	2.500000	59.750000	9.793780e+04	2.393314e-04
	65	68	-10.750000	56.500000	9.731781e+04	3.174080e-04
	66	68	-10.500000	56.500000	9.731781e+04	3.184532e-04
	280	121	43.000000	43.250000	1.020573e+05	1.489083e-05
	174	122	16.500000	43.000000	1.014668e+05	3.930481e-05
2022	2	16	5	3
	50	38	-14.500000	64.000000	9.704811e+04	4.013859e-04
	187	42	19.750000	63.000000	9.891812e+04	1.089786e-04
	123	55	3.750000	59.750000	9.788034e+04	2.419015e-04
	77	67	-7.750000	56.750000	9.721534e+04	3.094585e-04
	280	121	43.000000	43.250000	1.021733e+05	2.818294e-05
2022	2	16	4	6
	45	38	-15.750000	64.000000	9.719619e+04	3.267248e-04
	35	61	-18.250000	58.250000	9.765943e+04	5.419839e-05
	99	67	-2.250000	56.750000	9.747669e+04	2.212757e-04
	279	121	42.750000	43.250000	1.022554e+05	2.578790e-05
2022	2	16	6	9
	33	34	-18.750000	65.000000	9.723116e+04	2.688072e-04
	108	66	0.000000	57.000000	9.755788e+04	2.526549e-04
	47	70	-15.250000	56.000000	9.723572e+04	2.138955e-04
	279	120	42.750000	43.500000	1.021941e+05	2.744093e-05
	184	128	19.000000	41.500000	1.014350e+05	9.592337e-05
	181	138	18.250000	39.000000	1.014350e+05	1.367646e-04
2022	2	16	6	12
	27	32	-20.250000	65.500000	9.740615e+04	2.472806e-04
	67	55	-10.250000	59.750000	9.716107e+04	6.489011e-05
	45	60	-15.750000	58.500000	9.682751e+04	9.410652e-05
	117	66	2.250000	57.000000	9.747289e+04	1.979996e-04
	60	68	-12.000000	56.500000	9.682751e+04	3.046450e-04
	183	136	18.750000	39.500000	1.012115e+05	1.706623e-04
2022	2	16	4	15
	17	30	-22.750000	66.000000	9.765700e+04	2.224816e-04
	104	36	-1.000000	64.500000	9.741481e+04	1.396366e-04
	75	67	-8.250000	56.750000	9.662211e+04	3.262531e-04
	185	137	19.250000	39.250000	1.010212e+05	1.882237e-04
2022	2	16	3	18
	0	29	-27.000000	66.250000	9.776418e+04	1.407028e-04
	87	66	-5.250000	57.000000	9.681854e+04	3.432323e-04
	185	135	19.250000	39.750000	1.010560e+05	1.434724e-04
2022	2	16	6	21
	288	9	45.000000	71.250000	9.898851e+04	9.784692e-05
	0	30	-27.000000	66.000000	9.818182e+04	9.858162e-05
	105	66	-0.750000	57.000000	9.675423e+04	3.248689e-04
	141	66	8.250000	57.000000	9.679437e+04	1.483705e-04
	137	117	7.250000	44.250000	1.011071e+05	6.087390e-05
	184	134	19.000000	40.000000	1.010881e+05	1.266966e-04
2022	2	17	4	0
	160	64	13.000000	57.500000	9.650672e+04	1.570629e-04
	118	68	2.500000	56.500000	9.688649e+04	2.780179e-04
	137	117	7.250000	44.250000	1.009613e+05	7.466594e-05
	183	134	18.750000	40.000000	1.011196e+05	1.265321e-04
2022	2	17	4	3
	287	11	44.750000	70.750000	9.909842e+04	1.118996e-04
	174	62	16.500000	58.000000	9.618212e+04	1.071114e-04
	138	117	7.500000	44.250000	1.007437e+05	9.243928e-05
	183	135	18.750000	39.750000	1.010542e+05	1.092817e-04
2022	2	17	3	6
	284	11	44.000000	70.750000	9.916106e+04	1.369543e-04
	187	64	19.750000	57.500000	9.600516e+04	1.950495e-04
	0	110	-27.000000	46.000000	1.003674e+05	1.026418e-04
2022	2	17	3	9
	195	59	21.750000	58.750000	9.596533e+04	1.139824e-04
	6	105	-25.500000	47.250000	9.967950e+04	2.273827e-04
	278	120	42.500000	43.500000	1.015729e+05	-1.953186e-05
2022	2	17	3	12
	199	56	22.750000	59.500000	9.586711e+04	1.374151e-04
	15	99	-23.250000	48.750000	9.906969e+04	3.348577e-04
	273	119	41.250000	43.750000	1.013069e+05	-3.992429e-05
2022	2	17	3	15
	26	50	-20.500000	61.000000	9.921625e+04	1.237271e-04
	202	54	23.500000	60.000000	9.591638e+04	1.624706e-04
	22	94	-21.500000	50.000000	9.824506e+04	4.912746e-04
2022	2	17	4	18
	10	40	-24.500000	63.500000	9.898820e+04	9.170061e-05
	25	48	-20.750000	61.500000	9.898820e+04	1.146510e-04
	206	53	24.500000	60.250000	9.600318e+04	1.308253e-04
	31	89	-19.250000	51.250000	9.731569e+04	5.862075e-04
2022	2	17	5	21
	8	39	-25.000000	63.750000	9.875498e+04	7.746247e-05
	23	46	-21.250000	62.000000	9.875498e+04	1.261648e-04
	212	49	26.000000	61.250000	9.614548e+04	1.077468e-04
	40	84	-17.000000	52.500000	9.656951e+04	6.754781e-04
	153	111	11.250000	45.750000	1.009757e+05	1.023250e-04
2022	2	18	3	0
	23	45	-21.250000	62.250000	9.839649e+04	1.833202e-04
	214	46	26.500000	62.000000	9.630968e+04	1.195949e-04
	52	80	-14.000000	53.500000	9.579581e+04	6.177172e-04
2022	2	18	3	3
	216	43	27.000000	62.750000	9.645198e+04	1.320625e-04
	21	44	-21.750000	62.500000	9.798600e+04	2.481072e-04
	64	76	-11.000000	54.500000	9.529988e+04	4.551787e-04
2022	2	18	7	6
	6	7	-25.500000	71.750000	1.001496e+05	-1.467416e-05
	135	22	6.750000	68.000000	9.810778e+04	9.229179e-05
	217	41	27.250000	63.250000	9.657027e+04	1.105317e-04
	20	44	-22.000000	62.500000	9.776038e+04	2.606069e-04
	75	71	-8.250000	55.750000	9.498927e+04	4.248431e-04
	137	117	7.250000	44.250000	1.014362e+05	8.538623e-05
	144	125	9.000000	42.250000	1.014362e+05	3.130831e-05
2022	2	18	6	9
	6	7	-25.500000	71.750000	1.001728e+05	-2.725934e-05
	131	22	5.750000	68.000000	9.802644e+04	9.989103e-05
	220	41	28.000000	63.250000	9.670558e+04	1.333020e-04
	17	43	-22.750000	62.750000	9.756867e+04	2.769757e-04
	84	69	-6.000000	56.250000	9.501664e+04	2.855794e-04
	140	107	8.000000	46.750000	1.010752e+05	-1.070506e-04
2022	2	18	8	12
	132	22	6.000000	68.000000	9.797597e+04	6.811006e-05
	221	38	28.250000	64.000000	9.689790e+04	9.804115e-05
	223	39	28.750000	63.750000	9.689790e+04	9.810978e-05
	14	43	-23.500000	62.750000	9.751288e+04	3.320330e-04
	101	67	-1.750000	56.750000	9.510421e+04	3.120128e-04
	150	117	10.500000	44.250000	1.011889e+05	-2.595703e-05
	161	123	13.250000	42.750000	1.016904e+05	2.735333e-05
	231	136	30.750000	39.500000	1.005832e+05	2.629702e-05
2022	2	18	6	15
	233	36	31.250000	64.500000	9.705677e+04	3.621629e-05
	234	36	31.500000	64.500000	9.705677e+04	3.252177e-05
	12	43	-24.000000	62.750000	9.741177e+04	3.157029e-04
	114	64	1.500000	57.500000	9.512230e+04	2.561592e-04
	233	137	31.250000	39.250000	1.006014e+05	6.067376e-05
	258	162	37.500000	33.000000	1.004996e+05	1.056284e-05
2022	2	18	3	18
	245	33	34.250000	65.250000	9.706878e+04	5.961236e-05
	9	42	-24.750000	63.000000	9.740432e+04	3.022038e-04
	123	64	3.750000	57.500000	9.530580e+04	3.065032e-04
2022	2	18	6	21
	250	30	35.500000	66.000000	9.707198e+04	1.284763e-04
	5	43	-25.750000	62.750000	9.739687e+04	3.777001e-04
	19	63	-22.250000	57.750000	9.823047e+04	1.265462e-04
	135	63	6.750000	57.750000	9.546438e+04	2.885288e-04
	137	117	7.250000	44.250000	1.014154e+05	8.479883e-05
	222	148	28.500000	36.500000	1.007354e+05	1.794592e-04
2022	2	19	9	0
	6	7	-25.500000	71.750000	1.001610e+05	-1.553873e-05
	271	21	40.750000	68.250000	9.717962e+04	1.168166e-04
	251	29	35.750000	66.250000	9.717962e+04	1.219937e-04
	3	44	-26.250000	62.500000	9.748323e+04	3.078732e-04
	144	62	9.000000	58.000000	9.553523e+04	3.570728e-04
	31	63	-19.250000	57.750000	9.784217e+04	2.254329e-04
	137	117	7.250000	44.250000	1.013231e+05	9.690164e-05
	108	126	0.000000	42.000000	1.014917e+05	4.977768e-05
	109	137	0.250000	39.250000	1.014917e+05	9.863157e-05
2022	2	19	7	3
	6	7	-25.500000	71.750000	1.001151e+05	-3.196442e-05
	277	19	42.250000	68.750000	9.715879e+04	1.472226e-04
	254	29	36.500000	66.250000	9.716244e+04	1.143028e-04
	2	45	-26.500000	62.250000	9.769623e+04	2.325309e-04
	38	62	-17.500000	58.000000	9.764392e+04	2.401280e-04
	153	62	11.250000	58.000000	9.584401e+04	3.537182e-04
	137	117	7.250000	44.250000	1.012293e+05	1.182946e-04
2022	2	19	10	6
	6	7	-25.500000	71.750000	1.000384e+05	-2.712375e-05
	282	18	43.500000	69.000000	9.724347e+04	1.401137e-04
	83	20	-6.250000	68.500000	9.751333e+04	2.485647e-04
	257	28	37.250000	66.500000	9.724453e+04	1.211753e-04
	4	46	-26.000000	62.000000	9.793598e+04	2.767485e-04
	168	62	15.000000	58.000000	9.626651e+04	2.287034e-04
	62	63	-11.500000	57.750000	9.763982e+04	2.163746e-04
	43	65	-16.250000	57.250000	9.763982e+04	3.324538e-04
	150	109	10.500000	46.250000	1.013499e+05	2.960801e-05
	137	117	7.250000	44.250000	1.012591e+05	1.042492e-04
2022	2	19	7	9
	286	17	44.500000	69.250000	9.736874e+04	9.683694e-05
	117	19	2.250000	68.750000	9.757901e+04	1.097707e-04
	85	21	-5.750000	68.250000	9.757901e+04	2.899961e-04
	6	47	-25.500000	61.750000	9.824567e+04	2.930815e-04
	180	61	18.000000	58.250000	9.651720e+04	2.914669e-04
	67	63	-10.250000	57.750000	9.762796e+04	2.245970e-04
	137	117	7.250000	44.250000	1.014318e+05	1.016742e-04
2022	2	19	9	12
	116	19	2.000000	68.750000	9.779535e+04	1.002915e-04
	84	22	-6.000000	68.000000	9.779185e+04	2.221143e-04
	273	26	41.250000	67.000000	9.749812e+04	5.098734e-05
	7	48	-25.250000	61.500000	9.853362e+04	2.300197e-04
	190	59	20.500000	58.750000	9.674875e+04	1.767809e-04
	72	64	-9.000000	57.500000	9.803936e+04	2.144330e-04
	96	68	-3.000000	56.500000	9.808710e+04	1.570220e-04
	95	146	-3.250000	37.000000	1.017730e+05	5.038776e-05
	262	161	38.500000	33.250000	1.002971e+05	8.320823e-05
2022	2	19	9	15
	133	19	6.250000	68.750000	9.798509e+04	8.442227e-05
	84	24	-6.000000	67.500000	9.798584e+04	1.863342e-04
	272	27	41.000000	66.750000	9.765776e+04	9.478148e-05
	7	48	-25.250000	61.500000	9.858470e+04	1.608348e-04
	202	59	23.500000	58.750000	9.703625e+04	2.278549e-04
	104	66	-1.000000	57.000000	9.803723e+04	1.997346e-04
	137	117	7.250000	44.250000	1.013742e+05	9.886528e-05
	98	143	-2.500000	37.750000	1.017783e+05	1.715816e-05
	259	162	37.750000	33.000000	1.004073e+05	5.297803e-05
2022	2	19	7	18
	124	18	4.000000	69.000000	9.805213e+04	7.273428e-05
	0	49	-27.000000	61.250000	9.807145e+04	4.951345e-05
	212	58	26.000000	59.000000	9.723845e+04	2.623464e-04
	0	63	-27.000000	57.750000	9.800530e+04	1.295085e-04
	114	67	1.500000	56.750000	9.805305e+04	1.758349e-04
	136	120	7.000000	43.500000	1.014358e+05	1.310976e-04
	259	162	37.750000	33.000000	1.006706e+05	3.958425e-05
2022	2	19	6	21
	136	18	7.000000	69.000000	9.809075e+04	9.752015e-05
	219	56	27.750000	59.500000	9.729912e+04	2.121551e-04
	0	59	-27.000000	58.750000	9.752549e+04	1.088670e-04
	123	68	3.750000	56.500000	9.816297e+04	1.859964e-04
	260	162	38.000000	33.000000	1.008451e+05	3.806082e-05
	276	162	42.000000	33.000000	1.007795e+05	5.061816e-05
2022	2	20	6	0
	156	16	12.000000	69.500000	9.809485e+04	1.462683e-04
	120	18	3.000000	69.000000	9.813423e+04	9.076315e-05
	0	54	-27.000000	60.000000	9.713598e+04	1.388747e-04
	227	55	29.750000	59.750000	9.746696e+04	2.288072e-04
	137	68	7.250000	56.500000	9.840652e+04	1.458882e-04
	277	162	42.250000	33.000000	1.006536e+05	7.001905e-05
