2022	2	14	5	0
	4	6	-26.000000	72.000000	9.977712e+04	-2.317087e-05
	221	10	28.250000	71.000000	9.832024e+04	1.397697e-04
	1	17	-26.750000	69.250000	9.977712e+04	1.123243e-05
	221	20	28.250000	68.500000	9.832024e+04	9.310470e-05
	102	71	-1.500000	55.750000	9.848600e+04	1.349767e-04
2022	2	14	5	3
	55	4	-13.250000	72.500000	1.001580e+05	8.572655e-05
	215	9	26.750000	71.250000	9.806455e+04	2.288440e-04
	1	17	-26.750000	69.250000	9.975316e+04	-2.695881e-06
	120	64	3.000000	57.500000	9.847174e+04	1.439455e-04
	103	72	-1.250000	55.500000	9.846438e+04	1.514620e-04
2022	2	14	3	6
	57	3	-12.750000	72.750000	1.001174e+05	8.502759e-05
	219	8	27.750000	71.500000	9.786699e+04	2.739417e-04
	114	71	1.500000	55.750000	9.851937e+04	3.402471e-05
2022	2	14	5	9
	60	3	-12.000000	72.750000	1.001719e+05	6.980689e-05
	7	6	-25.250000	72.000000	9.999098e+04	1.322981e-05
	227	8	29.750000	71.500000	9.784756e+04	2.099522e-04
	0	56	-27.000000	59.500000	9.782939e+04	1.196422e-04
	123	67	3.750000	56.750000	9.856277e+04	7.484682e-05
2022	2	14	5	12
	66	1	-10.500000	73.250000	1.001827e+05	4.434060e-05
	67	1	-10.250000	73.250000	1.001827e+05	4.703373e-05
	229	9	30.250000	71.250000	9.776187e+04	1.437097e-04
	2	51	-26.500000	60.750000	9.735060e+04	2.231204e-04
	130	65	5.500000	57.250000	9.853034e+04	1.436763e-04
2022	2	14	3	15
	247	13	34.750000	70.250000	9.772959e+04	2.442012e-04
	2	46	-26.500000	62.000000	9.701266e+04	1.958516e-04
	135	63	6.750000	57.750000	9.853238e+04	1.892936e-04
2022	2	14	6	18
	252	11	36.000000	70.750000	9.766927e+04	1.995309e-04
	288	12	45.000000	70.500000	9.889961e+04	7.801908e-05
	0	42	-27.000000	63.000000	9.667018e+04	1.682530e-04
	128	54	5.000000	60.000000	9.868638e+04	5.102175e-05
	134	62	6.500000	58.000000	9.868638e+04	1.782526e-04
	137	121	7.250000	43.250000	1.010961e+05	1.531513e-04
2022	2	14	5	21
	255	10	36.750000	71.000000	9.760535e+04	2.266119e-04
	0	39	-27.000000	63.750000	9.656177e+04	1.899418e-04
	24	43	-21.000000	62.750000	9.656177e+04	2.091520e-04
	135	62	6.750000	58.000000	9.875155e+04	2.069606e-04
	139	120	7.750000	43.500000	1.011344e+05	1.339247e-04
2022	2	15	5	0
	6	7	-25.500000	71.750000	9.958238e+04	4.471736e-05
	259	11	37.750000	70.750000	9.767225e+04	2.623308e-04
	0	35	-27.000000	64.750000	9.690425e+04	1.156388e-04
	137	61	7.250000	58.250000	9.876706e+04	2.490689e-04
	145	118	9.250000	44.000000	1.011362e+05	1.244080e-04
2022	2	15	5	3
	269	8	40.250000	71.500000	9.772724e+04	2.480973e-04
	22	35	-21.500000	64.750000	9.727446e+04	1.080876e-04
	125	52	4.250000	60.500000	9.869688e+04	6.790999e-05
	140	61	8.000000	58.250000	9.869688e+04	2.763604e-04
	154	117	11.500000	44.250000	1.010184e+05	6.997055e-05
2022	2	15	4	6
	265	8	39.250000	71.500000	9.773602e+04	2.525204e-04
	123	51	3.750000	60.750000	9.874701e+04	6.680698e-05
	144	60	9.000000	58.500000	9.869280e+04	2.510947e-04
	158	113	12.500000	45.250000	1.010883e+05	8.671801e-05
2022	2	15	6	9
	271	9	40.750000	71.250000	9.792088e+04	2.695251e-04
	16	33	-23.000000	65.250000	9.725472e+04	1.062905e-04
	0	40	-27.000000	63.500000	9.725472e+04	4.322882e-06
	122	49	3.500000	61.250000	9.867713e+04	9.105627e-05
	150	58	10.500000	59.000000	9.874905e+04	1.983121e-04
	160	111	13.000000	45.750000	1.011926e+05	9.788326e-05
2022	2	15	2	12
	277	8	42.250000	71.500000	9.807740e+04	2.657327e-04
	0	37	-27.000000	64.250000	9.729687e+04	-2.338035e-05
2022	2	15	2	15
	277	7	42.250000	71.750000	9.821245e+04	2.706543e-04
	0	37	-27.000000	64.250000	9.738820e+04	1.206520e-06
2022	2	15	2	18
	277	8	42.250000	71.500000	9.839512e+04	2.823518e-04
	161	162	13.250000	33.000000	1.017065e+05	-4.627708e-06
2022	2	15	3	21
	282	9	43.500000	71.250000	9.856605e+04	2.914746e-04
	121	54	3.250000	60.000000	9.820681e+04	1.610384e-04
	163	162	13.750000	33.000000	1.018185e+05	-3.210947e-05
2022	2	16	3	0
	288	9	45.000000	71.250000	9.869468e+04	1.380139e-04
	125	53	4.250000	60.250000	9.816592e+04	1.613963e-04
	0	68	-27.000000	56.500000	9.714333e+04	1.092885e-04
2022	2	16	3	3
	288	8	45.000000	71.500000	9.879198e+04	1.260831e-04
	128	53	5.000000	60.250000	9.821950e+04	1.510067e-04
	0	66	-27.000000	57.000000	9.667598e+04	1.035150e-04
2022	2	16	5	6
	288	7	45.000000	71.750000	9.888723e+04	1.194857e-04
	125	36	4.250000	64.500000	9.816184e+04	2.201485e-04
	128	44	5.000000	62.500000	9.816184e+04	2.608350e-05
	19	59	-22.250000	58.750000	9.632174e+04	1.959284e-04
	40	62	-17.000000	58.000000	9.632174e+04	2.362915e-04
2022	2	16	6	9
	288	6	45.000000	72.000000	9.896306e+04	1.100647e-04
	120	37	3.000000	64.250000	9.807944e+04	1.719094e-04
	157	53	12.250000	60.250000	9.821919e+04	1.294007e-04
	27	56	-20.250000	59.500000	9.595278e+04	2.850842e-04
	49	56	-14.750000	59.500000	9.595278e+04	3.080762e-04
	137	116	7.250000	44.500000	1.012169e+05	1.116336e-04
2022	2	16	7	12
	288	5	45.000000	72.250000	9.897935e+04	1.082349e-04
	118	38	2.500000	64.000000	9.796475e+04	1.851602e-04
	168	52	15.000000	60.500000	9.809792e+04	1.024058e-04
	46	53	-15.500000	60.250000	9.581068e+04	3.213218e-04
	30	56	-19.500000	59.500000	9.581068e+04	4.103972e-04
	138	117	7.500000	44.250000	1.012960e+05	1.301890e-04
	180	143	18.000000	37.750000	1.014903e+05	1.100291e-04
2022	2	16	5	15
	288	3	45.000000	72.750000	9.891998e+04	1.040408e-04
	118	38	2.500000	64.000000	9.778411e+04	1.606778e-04
	180	49	18.000000	61.250000	9.787169e+04	1.737516e-04
	42	52	-16.500000	60.500000	9.577762e+04	3.319415e-04
	181	144	18.250000	37.500000	1.013326e+05	1.292210e-04
2022	2	16	5	18
	282	2	43.500000	73.000000	9.886123e+04	1.927891e-04
	181	48	18.250000	61.500000	9.769810e+04	1.882258e-04
	42	55	-16.500000	59.750000	9.618152e+04	3.804238e-04
	136	116	7.000000	44.500000	1.012892e+05	7.416624e-05
	183	144	18.750000	37.500000	1.012177e+05	1.531805e-04
2022	2	16	8	21
	277	1	42.250000	73.250000	9.882989e+04	1.379665e-04
	184	46	19.000000	62.000000	9.752294e+04	2.279406e-04
	185	46	19.250000	62.000000	9.752294e+04	2.370126e-04
	89	54	-4.750000	60.000000	9.654986e+04	1.596339e-04
	75	59	-8.250000	58.750000	9.654986e+04	1.955952e-04
	150	109	10.500000	46.250000	1.007955e+05	1.450580e-05
	137	117	7.250000	44.250000	1.011544e+05	8.399495e-05
	183	145	18.750000	37.250000	1.011765e+05	1.890138e-04
2022	2	17	6	0
	272	0	41.000000	73.500000	9.881720e+04	8.624014e-05
	187	45	19.750000	62.250000	9.738993e+04	2.543207e-04
	109	53	0.250000	60.250000	9.650536e+04	1.617009e-04
	138	117	7.500000	44.250000	1.010697e+05	8.844556e-05
	280	121	43.000000	43.250000	1.016022e+05	-3.315176e-06
	183	148	18.750000	36.500000	1.010093e+05	1.738475e-04
2022	2	17	6	3
	269	0	40.250000	73.500000	9.882472e+04	4.340155e-05
	190	45	20.500000	62.250000	9.719941e+04	1.749665e-04
	113	53	1.250000	60.250000	9.650238e+04	1.518343e-04
	147	61	9.750000	58.250000	9.664652e+04	2.382626e-04
	138	117	7.500000	44.250000	1.009982e+05	8.822020e-05
	185	151	19.250000	35.750000	1.007928e+05	1.956198e-04
2022	2	17	6	6
	192	44	21.000000	62.500000	9.717419e+04	1.241601e-04
	113	55	1.250000	59.750000	9.669023e+04	1.910048e-04
	152	61	11.000000	58.250000	9.664997e+04	2.201578e-04
	150	109	10.500000	46.250000	1.006438e+05	3.075708e-05
	138	117	7.500000	44.250000	1.009312e+05	6.091162e-05
	187	154	19.750000	35.000000	1.008060e+05	1.943260e-04
2022	2	17	5	9
	198	42	22.500000	63.000000	9.720725e+04	1.522535e-04
	119	58	2.750000	59.000000	9.697098e+04	1.822659e-04
	159	60	12.750000	58.500000	9.670089e+04	2.117044e-04
	197	150	22.250000	36.000000	1.008707e+05	2.716025e-05
	191	158	20.750000	34.000000	1.008707e+05	2.052257e-04
2022	2	17	6	12
	204	39	24.000000	63.750000	9.721367e+04	1.252375e-04
	163	60	13.750000	58.500000	9.674977e+04	1.834998e-04
	192	65	21.000000	57.250000	9.681322e+04	2.409902e-04
	23	70	-21.250000	56.000000	9.930570e+04	2.084336e-04
	208	152	25.000000	35.500000	1.009926e+05	6.849677e-05
	194	159	21.500000	33.750000	1.007463e+05	1.800015e-04
2022	2	17	6	15
	206	37	24.500000	64.250000	9.730877e+04	1.144779e-04
	22	47	-21.500000	61.750000	9.905784e+04	1.985566e-04
	168	60	15.000000	58.500000	9.692743e+04	1.836894e-04
	197	63	22.250000	57.750000	9.677202e+04	2.294842e-04
	29	67	-19.750000	56.750000	9.930491e+04	2.297602e-04
	196	162	22.000000	33.000000	1.008491e+05	6.900813e-05
2022	2	17	5	18
	209	36	25.250000	64.500000	9.735922e+04	1.121239e-04
	19	47	-22.250000	61.750000	9.889992e+04	2.136244e-04
	0	54	-27.000000	60.000000	9.924570e+04	2.871473e-05
	200	62	23.000000	58.000000	9.671123e+04	2.103663e-04
	177	63	17.250000	57.750000	9.672047e+04	1.308616e-04
2022	2	17	2	21
	16	48	-23.000000	61.500000	9.872038e+04	2.392762e-04
	203	62	23.750000	58.000000	9.672000e+04	2.037395e-04
2022	2	18	4	0
	249	15	35.250000	69.750000	9.777016e+04	1.748310e-04
	12	48	-24.000000	61.500000	9.858062e+04	2.955430e-04
	207	63	24.750000	57.750000	9.682873e+04	2.181881e-04
	116	124	2.000000	42.500000	1.016851e+05	-5.142485e-05
2022	2	18	6	3
	254	12	36.500000	70.500000	9.767773e+04	1.795496e-04
	147	35	9.750000	64.750000	9.820869e+04	9.223470e-05
	9	46	-24.750000	62.000000	9.848145e+04	3.194612e-04
	12	54	-24.000000	60.000000	9.848145e+04	1.509717e-04
	211	64	25.750000	57.500000	9.703115e+04	1.975427e-04
	115	124	1.750000	42.500000	1.016442e+05	-4.005606e-05
2022	2	18	9	6
	257	9	37.250000	71.250000	9.763183e+04	1.785955e-04
	6	14	-25.500000	70.000000	1.002235e+05	2.098133e-05
	147	36	9.750000	64.500000	9.829392e+04	8.854436e-05
	4	46	-26.000000	62.000000	9.845059e+04	3.360959e-04
	225	54	29.250000	60.000000	9.731989e+04	8.170868e-05
	19	55	-22.250000	59.750000	9.845059e+04	1.661849e-04
	216	65	27.000000	57.250000	9.731989e+04	1.505488e-04
	47	79	-15.250000	53.750000	9.987520e+04	1.540357e-04
	115	124	1.750000	42.500000	1.016213e+05	-8.535499e-06
2022	2	18	8	9
	257	5	37.250000	72.250000	9.763590e+04	2.178759e-04
	148	36	10.000000	64.500000	9.842113e+04	8.597834e-05
	0	46	-27.000000	62.000000	9.867024e+04	1.700626e-04
	1	46	-26.750000	62.000000	9.867024e+04	1.966217e-04
	231	50	30.750000	61.000000	9.749944e+04	1.005789e-04
	25	55	-20.750000	59.750000	9.910391e+04	1.020701e-04
	85	62	-5.750000	58.000000	9.927499e+04	2.346508e-04
	51	79	-14.250000	53.750000	9.982663e+04	2.210575e-04
2022	2	18	7	12
	256	3	37.000000	72.750000	9.761835e+04	2.170096e-04
	0	45	-27.000000	62.250000	9.887720e+04	1.360978e-04
	28	46	-20.000000	62.000000	9.903560e+04	8.272895e-05
	233	48	31.250000	61.500000	9.772943e+04	9.240879e-05
	32	56	-19.000000	59.500000	9.932356e+04	1.332364e-04
	57	77	-12.750000	54.250000	9.981911e+04	2.089913e-04
	269	162	40.250000	33.000000	1.006916e+05	7.380483e-05
2022	2	18	8	15
	255	2	36.750000	73.000000	9.757355e+04	1.909469e-04
	246	40	34.500000	63.500000	9.794047e+04	8.867058e-05
	0	44	-27.000000	62.500000	9.896526e+04	1.232974e-04
	27	46	-20.250000	62.000000	9.904109e+04	7.223183e-05
	39	55	-17.250000	59.750000	9.936712e+04	1.605793e-04
	62	77	-11.500000	54.250000	9.965038e+04	2.694641e-04
	106	82	-0.500000	53.000000	9.983321e+04	1.143949e-04
	260	162	38.000000	33.000000	1.007631e+05	7.727126e-05
2022	2	18	6	18
	256	0	37.000000	73.500000	9.754159e+04	1.395431e-04
	0	42	-27.000000	63.000000	9.900082e+04	1.546858e-04
	44	55	-16.000000	59.750000	9.944514e+04	1.819047e-04
	66	76	-10.500000	54.500000	9.966244e+04	2.274457e-04
	113	80	1.250000	53.500000	9.966088e+04	1.219994e-04
	265	162	39.250000	33.000000	1.008929e+05	9.391455e-05
2022	2	18	7	21
	261	0	38.250000	73.500000	9.760206e+04	1.207311e-04
	257	30	37.250000	66.000000	9.805781e+04	1.621379e-04
	0	40	-27.000000	63.500000	9.907383e+04	1.611887e-04
	47	55	-15.250000	59.750000	9.970552e+04	1.659805e-04
	119	80	2.750000	53.500000	9.960729e+04	1.096591e-04
	254	133	36.500000	40.250000	1.008195e+05	-3.844574e-05
	265	162	39.250000	33.000000	1.008732e+05	1.083972e-04
2022	2	19	5	0
	265	0	39.250000	73.500000	9.772489e+04	1.133181e-04
	0	37	-27.000000	64.250000	9.906113e+04	1.071868e-04
	125	79	4.250000	53.750000	9.949731e+04	9.069956e-05
	117	124	2.250000	42.500000	1.011145e+05	6.701651e-05
	266	161	39.500000	33.250000	1.008238e+05	7.323742e-05
2022	2	19	4	3
	270	0	40.500000	73.500000	9.787451e+04	4.833227e-05
	148	80	10.000000	53.500000	9.941552e+04	1.827084e-04
	117	125	2.250000	42.250000	1.011232e+05	4.280930e-05
	107	133	-0.250000	40.250000	1.011232e+05	-5.735593e-06
2022	2	19	4	6
	274	0	41.500000	73.500000	9.797995e+04	4.797495e-05
	169	82	15.250000	53.000000	9.934158e+04	1.292942e-04
	158	105	12.500000	47.250000	1.003914e+05	-5.702597e-05
	114	125	1.500000	42.250000	1.011732e+05	1.217330e-05
2022	2	19	2	9
	185	82	19.250000	53.000000	9.924272e+04	1.213867e-04
	262	162	38.500000	33.000000	1.007924e+05	6.386539e-05
2022	2	19	3	12
	202	81	23.500000	53.250000	9.914323e+04	1.640048e-04
	135	114	6.750000	45.000000	1.008597e+05	1.544661e-05
	261	162	38.250000	33.000000	1.005005e+05	1.577502e-05
2022	2	19	5	15
	288	24	45.000000	67.500000	9.878430e+04	1.338083e-05
	0	39	-27.000000	63.750000	9.718046e+04	1.209899e-04
	213	80	26.250000	53.500000	9.917238e+04	1.890415e-04
	136	114	7.000000	45.000000	1.008290e+05	7.295951e-05
	262	162	38.500000	33.000000	1.005807e+05	6.351152e-07
2022	2	19	6	18
	6	14	-25.500000	70.000000	9.783519e+04	-3.183097e-05
	288	31	45.000000	65.750000	9.879668e+04	1.051862e-04
	0	35	-27.000000	64.750000	9.651084e+04	1.223906e-04
	272	39	41.000000	63.750000	9.866006e+04	2.224150e-05
	225	80	29.250000	53.500000	9.918616e+04	1.720179e-04
	261	161	38.250000	33.250000	1.009357e+05	2.832331e-05
2022	2	19	5	21
	6	14	-25.500000	70.000000	9.686680e+04	-5.812297e-05
	0	32	-27.000000	65.500000	9.610021e+04	1.038842e-04
	280	36	43.000000	64.500000	9.862982e+04	4.585604e-05
	236	80	32.000000	53.500000	9.922862e+04	1.652069e-04
	139	120	7.750000	43.500000	1.008328e+05	9.146136e-05
2022	2	20	5	0
	6	7	-25.500000	71.750000	9.800659e+04	1.810908e-05
	0	27	-27.000000	66.750000	9.607749e+04	1.319524e-04
	282	35	43.500000	64.750000	9.860021e+04	4.326183e-05
	251	80	35.750000	53.500000	9.932027e+04	1.840028e-04
	138	119	7.500000	43.750000	1.007179e+05	1.161472e-04
