2022	2	14	7	0
	3	6	-26.250000	72.000000	9.974240e+04	-1.164888e-05
	217	9	27.250000	71.250000	9.835471e+04	9.661521e-05
	194	12	21.500000	70.500000	9.835471e+04	9.613514e-05
	1	17	-26.750000	69.250000	9.974240e+04	-3.526736e-06
	221	20	28.250000	68.500000	9.835471e+04	7.156142e-05
	114	62	1.500000	58.000000	9.848020e+04	8.187678e-05
	105	71	-0.750000	55.750000	9.848020e+04	1.127331e-04
2022	2	14	5	3
	58	5	-12.500000	72.250000	1.001404e+05	9.806655e-05
	210	9	25.500000	71.250000	9.808098e+04	2.045365e-04
	227	22	29.750000	68.000000	9.825371e+04	8.488710e-05
	116	62	2.000000	58.000000	9.843123e+04	9.065027e-05
	108	70	0.000000	56.000000	9.843123e+04	1.388131e-04
2022	2	14	2	6
	217	8	27.250000	71.500000	9.795823e+04	2.143416e-04
	110	70	0.500000	56.000000	9.847934e+04	1.518893e-04
2022	2	14	3	9
	216	9	27.000000	71.250000	9.799727e+04	2.868405e-04
	0	52	-27.000000	60.500000	9.805324e+04	1.415963e-04
	123	67	3.750000	56.750000	9.854748e+04	6.375134e-05
2022	2	14	4	12
	6	7	-25.500000	71.750000	9.996563e+04	4.113561e-05
	225	9	29.250000	71.250000	9.804229e+04	2.048748e-04
	0	48	-27.000000	61.500000	9.766720e+04	1.407542e-04
	132	64	6.000000	57.500000	9.851084e+04	1.792608e-04
2022	2	14	6	15
	235	6	31.750000	72.000000	9.802072e+04	8.775196e-05
	6	7	-25.500000	71.750000	9.983827e+04	4.047610e-05
	245	14	34.250000	70.000000	9.802072e+04	2.308722e-04
	3	45	-26.250000	62.250000	9.730273e+04	1.975084e-04
	136	62	7.000000	58.000000	9.841583e+04	1.832036e-04
	150	103	10.500000	47.750000	1.004722e+05	-4.463373e-05
2022	2	14	5	18
	235	7	31.750000	71.750000	9.801780e+04	7.486269e-05
	236	7	32.000000	71.750000	9.801780e+04	4.045868e-05
	254	13	36.500000	70.250000	9.801780e+04	1.787886e-04
	5	42	-25.750000	63.000000	9.707556e+04	2.777049e-04
	140	60	8.000000	58.500000	9.859455e+04	2.131098e-04
2022	2	14	8	21
	251	4	35.750000	72.500000	9.794488e+04	1.323645e-04
	6	7	-25.500000	71.750000	9.971826e+04	2.956129e-05
	259	12	37.750000	70.500000	9.794488e+04	1.642585e-04
	0	37	-27.000000	64.250000	9.689718e+04	1.878080e-04
	27	39	-20.250000	63.750000	9.689718e+04	-2.459238e-05
	128	53	5.000000	60.250000	9.867313e+04	6.521342e-05
	145	58	9.250000	59.000000	9.867313e+04	2.285429e-04
	140	121	8.000000	43.250000	1.010967e+05	1.115453e-04
2022	2	15	10	0
	245	4	34.250000	72.500000	9.797758e+04	1.159062e-04
	6	7	-25.500000	71.750000	9.964961e+04	5.441616e-05
	263	11	38.750000	70.750000	9.797758e+04	2.027018e-04
	0	38	-27.000000	64.000000	9.742188e+04	7.557544e-05
	28	38	-20.000000	64.000000	9.743884e+04	-6.627307e-05
	125	51	4.250000	60.750000	9.867381e+04	1.585570e-04
	126	51	4.500000	60.750000	9.867381e+04	1.429957e-04
	151	53	10.750000	60.250000	9.867844e+04	3.105146e-04
	139	61	7.750000	58.250000	9.867381e+04	1.991250e-04
	146	116	9.500000	44.500000	1.011006e+05	1.352873e-04
2022	2	15	10	3
	6	7	-25.500000	71.750000	9.958627e+04	6.425286e-05
	240	7	33.000000	71.750000	9.803989e+04	1.996531e-04
	268	11	40.000000	70.750000	9.803989e+04	2.344546e-04
	2	35	-26.500000	64.750000	9.732105e+04	1.187892e-04
	28	38	-20.000000	64.000000	9.732105e+04	4.155135e-05
	152	50	11.000000	61.000000	9.863290e+04	3.155873e-04
	125	51	4.250000	60.750000	9.860157e+04	1.027504e-04
	144	60	9.000000	58.500000	9.861732e+04	1.989085e-04
	171	103	15.750000	47.750000	1.009683e+05	8.111845e-05
	146	118	9.500000	44.000000	1.009623e+05	1.075156e-04
2022	2	15	8	6
	274	10	41.500000	71.000000	9.808988e+04	2.163901e-04
	249	13	35.250000	70.250000	9.808988e+04	2.087218e-04
	28	38	-20.000000	64.000000	9.739501e+04	7.461840e-05
	154	48	11.500000	61.500000	9.862451e+04	2.642147e-04
	125	51	4.250000	60.750000	9.853412e+04	1.395162e-04
	150	57	10.500000	59.250000	9.861544e+04	2.154166e-04
	0	86	-27.000000	52.000000	9.898077e+04	1.401569e-04
	155	117	11.750000	44.250000	1.010217e+05	9.007756e-05
2022	2	15	7	9
	277	9	42.250000	71.250000	9.819430e+04	2.183555e-04
	35	36	-18.250000	64.500000	9.764786e+04	7.033935e-05
	157	47	12.250000	61.750000	9.857024e+04	2.245524e-04
	125	50	4.250000	61.000000	9.849166e+04	1.532743e-04
	2	82	-26.500000	53.000000	9.841994e+04	1.714245e-04
	159	113	12.750000	45.250000	1.011087e+05	1.016485e-04
	154	158	11.500000	34.000000	1.017513e+05	9.038251e-05
2022	2	15	8	12
	278	8	42.500000	71.500000	9.832784e+04	2.205736e-04
	0	36	-27.000000	64.500000	9.761859e+04	-4.335359e-05
	52	44	-14.000000	62.500000	9.784524e+04	2.380204e-04
	159	45	12.750000	62.250000	9.850536e+04	1.954202e-04
	127	49	4.750000	61.250000	9.851409e+04	1.592963e-04
	11	80	-24.250000	53.500000	9.826055e+04	2.678701e-04
	160	111	13.000000	45.750000	1.010969e+05	8.336433e-05
	157	162	12.250000	33.000000	1.016548e+05	4.052934e-05
2022	2	15	7	15
	280	8	43.000000	71.500000	9.843227e+04	2.412242e-04
	0	38	-27.000000	64.000000	9.755884e+04	-3.298187e-06
	145	38	9.250000	64.000000	9.840436e+04	1.852222e-04
	146	38	9.500000	64.000000	9.840436e+04	1.908568e-04
	44	40	-16.000000	63.500000	9.764358e+04	2.329158e-04
	24	77	-21.000000	54.250000	9.805102e+04	2.369062e-04
	163	162	13.750000	33.000000	1.015252e+05	-3.624019e-05
2022	2	15	4	18
	285	8	44.250000	71.500000	9.856682e+04	2.112932e-04
	36	36	-18.000000	64.500000	9.754412e+04	1.905148e-04
	142	38	8.500000	64.000000	9.831055e+04	1.795824e-04
	33	76	-18.750000	54.500000	9.799555e+04	2.636132e-04
2022	2	15	3	21
	288	8	45.000000	71.500000	9.867723e+04	1.069370e-04
	141	37	8.250000	64.250000	9.823351e+04	1.821070e-04
	48	74	-15.000000	55.000000	9.794539e+04	2.003882e-04
2022	2	16	3	0
	288	6	45.000000	72.000000	9.873835e+04	1.219238e-04
	139	37	7.750000	64.250000	9.813901e+04	1.666626e-04
	62	72	-11.500000	55.500000	9.787298e+04	2.073359e-04
2022	2	16	6	3
	288	5	45.000000	72.250000	9.878526e+04	1.235604e-04
	139	36	7.750000	64.500000	9.803048e+04	1.697186e-04
	150	58	10.500000	59.000000	9.829257e+04	1.755372e-04
	76	72	-8.000000	55.500000	9.781374e+04	2.327907e-04
	279	121	42.750000	43.250000	1.022060e+05	9.260429e-06
	175	124	16.750000	42.500000	1.014016e+05	9.678292e-05
2022	2	16	5	6
	285	6	44.250000	72.000000	9.880427e+04	1.509875e-04
	138	34	7.500000	65.000000	9.789523e+04	2.057170e-04
	91	72	-4.250000	55.500000	9.778550e+04	2.517483e-04
	280	121	43.000000	43.250000	1.022798e+05	1.074538e-05
	181	126	18.250000	42.000000	1.014257e+05	1.427238e-04
2022	2	16	4	9
	286	5	44.500000	72.250000	9.880649e+04	1.431921e-04
	132	33	6.000000	65.250000	9.779252e+04	1.970100e-04
	109	72	0.250000	55.500000	9.743096e+04	2.792932e-04
	183	129	18.750000	41.250000	1.014091e+05	1.135226e-04
2022	2	16	5	12
	284	3	44.000000	72.750000	9.881967e+04	1.700296e-04
	128	34	5.000000	65.000000	9.768826e+04	1.866351e-04
	120	73	3.000000	55.250000	9.718598e+04	3.708150e-04
	138	117	7.500000	44.250000	1.010527e+05	1.425338e-04
	280	146	43.000000	37.000000	1.015067e+05	4.820471e-06
2022	2	16	7	15
	279	3	42.750000	72.750000	9.877277e+04	1.700416e-04
	126	34	4.500000	65.000000	9.758127e+04	1.919430e-04
	56	56	-13.000000	59.500000	9.814175e+04	1.289234e-04
	67	71	-10.250000	55.750000	9.804828e+04	1.506606e-04
	44	73	-16.000000	55.250000	9.807618e+04	3.034699e-04
	135	74	6.750000	55.000000	9.719694e+04	3.863222e-04
	273	159	41.250000	33.750000	1.015303e+05	4.346160e-06
2022	2	16	5	18
	278	2	42.500000	73.000000	9.870258e+04	1.784315e-04
	123	35	3.750000	64.750000	9.748968e+04	1.799585e-04
	80	69	-7.000000	56.250000	9.769152e+04	2.062762e-04
	159	72	12.750000	55.500000	9.726284e+04	2.184060e-04
	286	153	44.500000	35.250000	1.015849e+05	7.403575e-06
2022	2	16	6	21
	274	2	41.500000	73.000000	9.867570e+04	1.533018e-04
	275	2	41.750000	73.000000	9.867570e+04	1.532043e-04
	121	36	3.250000	64.500000	9.743370e+04	1.481645e-04
	87	68	-5.250000	56.500000	9.756158e+04	2.301609e-04
	171	71	15.750000	55.750000	9.708772e+04	1.765721e-04
	286	153	44.500000	35.250000	1.015598e+05	6.116986e-06
2022	2	17	8	0
	274	2	41.500000	73.000000	9.867433e+04	1.458129e-04
	275	2	41.750000	73.000000	9.867433e+04	1.509248e-04
	121	37	3.250000	64.250000	9.740425e+04	1.481118e-04
	96	68	-3.000000	56.500000	9.753436e+04	2.446386e-04
	183	69	18.750000	56.250000	9.706444e+04	1.293180e-04
	138	117	7.500000	44.250000	1.005569e+05	1.073506e-04
	280	121	43.000000	43.250000	1.017679e+05	-2.675916e-05
	286	153	44.500000	35.250000	1.015122e+05	1.415449e-05
2022	2	17	8	3
	273	1	41.250000	73.250000	9.866063e+04	1.212975e-04
	274	1	41.500000	73.250000	9.866063e+04	1.305609e-04
	123	37	3.750000	64.250000	9.734707e+04	1.510262e-04
	193	67	21.250000	56.750000	9.689701e+04	1.006765e-04
	116	70	2.000000	56.000000	9.760985e+04	1.290035e-04
	8	81	-25.000000	53.250000	1.000163e+05	1.834107e-04
	138	117	7.500000	44.250000	1.004090e+05	1.197147e-04
	280	121	43.000000	43.250000	1.016440e+05	-3.303121e-05
2022	2	17	6	6
	267	0	39.750000	73.500000	9.864951e+04	5.161805e-05
	268	0	40.000000	73.500000	9.864951e+04	5.850171e-05
	123	38	3.750000	64.000000	9.732722e+04	1.496176e-04
	199	65	22.750000	57.250000	9.677461e+04	1.106681e-04
	134	74	6.500000	55.000000	9.768877e+04	1.747328e-04
	280	121	43.000000	43.250000	1.015933e+05	-3.702964e-05
2022	2	17	4	9
	123	39	3.750000	63.750000	9.738884e+04	1.731481e-04
	206	62	24.500000	58.000000	9.668764e+04	1.552002e-04
	182	87	18.500000	51.750000	9.773174e+04	2.275150e-04
	279	120	42.750000	43.500000	1.013775e+05	-2.279079e-05
2022	2	17	5	12
	128	39	5.000000	63.750000	9.744089e+04	1.866847e-04
	211	60	25.750000	58.500000	9.666505e+04	1.339609e-04
	194	85	21.500000	52.250000	9.752118e+04	2.692576e-04
	2	112	-26.500000	45.500000	1.010779e+05	4.130771e-05
	17	116	-22.750000	44.500000	1.010779e+05	1.547739e-04
2022	2	17	4	15
	132	39	6.000000	63.750000	9.748642e+04	1.679052e-04
	215	53	26.750000	60.250000	9.673900e+04	8.590109e-05
	204	84	24.000000	52.500000	9.754412e+04	2.526029e-04
	23	111	-21.250000	45.750000	1.003869e+05	2.214005e-04
2022	2	17	5	18
	137	38	7.250000	64.000000	9.749498e+04	1.775520e-04
	28	42	-20.000000	63.000000	9.897220e+04	1.267825e-04
	218	51	27.500000	60.750000	9.672650e+04	9.892957e-05
	214	82	26.500000	53.000000	9.764118e+04	2.393661e-04
	31	107	-19.250000	46.750000	9.979838e+04	2.946160e-04
2022	2	17	6	21
	141	37	8.250000	64.250000	9.750303e+04	1.845794e-04
	26	42	-20.500000	63.000000	9.899360e+04	1.222519e-04
	219	43	27.750000	62.750000	9.675441e+04	7.641801e-05
	226	78	29.500000	54.000000	9.779046e+04	1.697993e-04
	40	103	-17.000000	47.750000	9.941473e+04	3.462344e-04
	153	110	11.250000	46.000000	1.007160e+05	1.137745e-04
2022	2	18	5	0
	143	35	8.750000	64.750000	9.755336e+04	1.648016e-04
	220	40	28.000000	63.500000	9.673780e+04	1.058410e-04
	24	41	-21.000000	63.250000	9.896792e+04	1.192576e-04
	233	74	31.250000	55.000000	9.786904e+04	1.178312e-04
	48	99	-15.000000	48.750000	9.882207e+04	3.893366e-04
2022	2	18	4	3
	145	35	9.250000	64.750000	9.763485e+04	1.704047e-04
	218	37	27.500000	64.250000	9.672256e+04	1.262921e-04
	22	41	-21.500000	63.250000	9.892119e+04	1.045394e-04
	56	95	-13.000000	49.750000	9.815322e+04	4.512364e-04
2022	2	18	4	6
	144	33	9.000000	65.250000	9.768021e+04	1.495783e-04
	218	35	27.500000	64.750000	9.676485e+04	1.096804e-04
	20	40	-22.000000	63.500000	9.866029e+04	1.135452e-04
	66	92	-10.500000	50.500000	9.763656e+04	5.676227e-04
2022	2	18	4	9
	146	34	9.500000	65.000000	9.778036e+04	1.394315e-04
	219	34	27.750000	65.000000	9.686260e+04	1.177987e-04
	75	91	-8.250000	50.750000	9.716544e+04	6.376646e-04
	138	118	7.500000	44.000000	1.013044e+05	1.147209e-04
2022	2	18	4	12
	123	30	3.750000	66.000000	9.787486e+04	1.674423e-04
	223	32	28.750000	65.500000	9.701393e+04	9.751868e-05
	146	33	9.500000	65.250000	9.787486e+04	9.764811e-05
	89	89	-4.750000	51.250000	9.728835e+04	5.289090e-04
2022	2	18	3	15
	236	28	32.000000	66.500000	9.716219e+04	8.818019e-05
	122	30	3.500000	66.000000	9.784336e+04	1.455172e-04
	107	83	-0.250000	52.750000	9.707488e+04	3.882287e-04
2022	2	18	5	18
	237	26	32.250000	67.000000	9.725652e+04	8.189324e-05
	212	29	26.000000	66.250000	9.725652e+04	1.931129e-04
	128	31	5.000000	65.750000	9.781511e+04	1.338343e-04
	9	44	-24.750000	62.500000	9.830181e+04	9.249413e-05
	121	78	3.250000	54.000000	9.668764e+04	3.951290e-04
2022	2	18	4	21
	239	24	32.750000	67.500000	9.728802e+04	9.014373e-05
	209	28	25.250000	66.500000	9.728441e+04	1.783633e-04
	132	32	6.000000	65.500000	9.774903e+04	1.432208e-04
	133	77	6.250000	54.250000	9.657038e+04	3.918546e-04
2022	2	19	5	0
	137	32	7.250000	65.500000	9.772884e+04	1.552682e-04
	39	63	-17.250000	57.750000	9.834547e+04	1.644508e-04
	143	76	8.750000	54.500000	9.682784e+04	4.115245e-04
	138	117	7.500000	44.250000	1.009043e+05	1.438835e-04
	265	162	39.250000	33.000000	1.005131e+05	1.210334e-04
2022	2	19	11	3
	140	32	8.000000	65.500000	9.777163e+04	1.158272e-04
	0	40	-27.000000	63.500000	9.859592e+04	1.163306e-04
	97	52	-2.750000	60.500000	9.843877e+04	1.543293e-04
	47	63	-15.250000	57.750000	9.836105e+04	1.728017e-04
	161	73	13.250000	55.250000	9.713753e+04	2.480588e-04
	138	117	7.500000	44.250000	1.008113e+05	1.348338e-04
	105	141	-0.750000	38.250000	1.012129e+05	1.010514e-04
	118	141	2.500000	38.250000	1.012129e+05	1.831380e-06
	246	149	34.500000	36.250000	1.007264e+05	9.702208e-05
	268	162	40.000000	33.000000	1.005614e+05	1.259737e-04
	283	162	43.750000	33.000000	1.005915e+05	6.777568e-05
2022	2	19	7	6
	145	32	9.250000	65.500000	9.787384e+04	1.136126e-04
	100	51	-2.000000	60.750000	9.837662e+04	1.016940e-04
	67	65	-10.250000	57.250000	9.836173e+04	1.798287e-04
	177	71	17.250000	55.750000	9.741623e+04	2.246976e-04
	138	118	7.500000	44.000000	1.008329e+05	1.224947e-04
	246	151	34.500000	35.750000	1.008283e+05	1.176644e-04
	283	162	43.750000	33.000000	1.006716e+05	7.841098e-05
2022	2	19	6	9
	246	14	34.500000	70.000000	9.740836e+04	1.640663e-04
	153	32	11.250000	65.500000	9.799161e+04	1.271186e-04
	79	66	-7.250000	57.000000	9.843141e+04	2.040954e-04
	185	71	19.250000	55.750000	9.778241e+04	1.565075e-04
	136	117	7.000000	44.250000	1.010001e+05	1.239573e-04
	284	162	44.000000	33.000000	1.003988e+05	1.217033e-04
2022	2	19	8	12
	246	14	34.500000	70.000000	9.749259e+04	2.057156e-04
	129	30	5.250000	66.000000	9.814997e+04	1.013788e-04
	0	66	-27.000000	57.000000	9.807961e+04	1.163984e-04
	82	66	-6.500000	57.000000	9.862023e+04	1.835274e-04
	208	69	25.000000	56.250000	9.805136e+04	1.740174e-04
	144	118	9.000000	44.000000	1.011347e+05	9.072728e-05
	273	162	41.250000	33.000000	1.000038e+05	8.230780e-05
	285	162	44.250000	33.000000	1.000038e+05	1.363682e-04
2022	2	19	11	15
	246	14	34.500000	70.000000	9.758195e+04	2.072459e-04
	131	30	5.750000	66.000000	9.812001e+04	9.371400e-05
	114	38	1.500000	64.000000	9.812001e+04	1.846587e-04
	217	67	27.250000	56.750000	9.824070e+04	1.386536e-04
	145	118	9.250000	44.000000	1.010674e+05	1.046517e-04
	148	126	10.000000	42.000000	1.010674e+05	4.706203e-07
	280	146	43.000000	37.000000	1.004152e+05	-4.610707e-06
	270	153	40.500000	35.250000	1.005277e+05	-2.234937e-06
	287	157	44.750000	34.250000	1.003013e+05	1.578574e-04
	0	162	-27.000000	33.000000	1.032094e+05	7.533634e-05
	270	162	40.500000	33.000000	1.004917e+05	5.487432e-05
2022	2	19	11	18
	244	15	34.000000	69.750000	9.768706e+04	2.276965e-04
	133	29	6.250000	66.250000	9.816726e+04	7.128168e-05
	133	30	6.250000	66.000000	9.816726e+04	5.827619e-05
	118	38	2.500000	64.000000	9.816726e+04	1.671903e-04
	228	66	30.000000	57.000000	9.840744e+04	1.064977e-04
	124	69	4.000000	56.250000	9.871507e+04	2.266267e-04
	145	119	9.250000	43.750000	1.011426e+05	1.218371e-04
	277	145	42.250000	37.250000	1.006458e+05	2.579785e-05
	285	156	44.250000	34.500000	1.005806e+05	2.009417e-04
	121	158	3.250000	34.000000	1.015764e+05	1.005569e-04
	0	162	-27.000000	33.000000	1.031522e+05	6.111793e-05
2022	2	19	8	21
	131	29	5.750000	66.250000	9.819362e+04	4.978627e-05
	121	38	3.250000	64.000000	9.819362e+04	1.591686e-04
	0	51	-27.000000	60.750000	9.556137e+04	1.330176e-04
	237	64	32.250000	57.500000	9.847762e+04	9.368800e-05
	130	70	5.500000	56.000000	9.873459e+04	2.473661e-04
	158	118	12.500000	44.000000	1.012028e+05	2.182086e-05
	151	125	10.750000	42.250000	1.012028e+05	3.817229e-05
	284	156	44.000000	34.500000	1.008319e+05	1.614902e-04
2022	2	20	12	0
	266	10	39.500000	71.000000	9.776050e+04	7.103574e-05
	245	16	34.250000	69.500000	9.796166e+04	2.360980e-04
	129	30	5.250000	66.000000	9.821296e+04	1.322201e-05
	127	38	4.750000	64.000000	9.821296e+04	1.425830e-04
	0	51	-27.000000	60.750000	9.470746e+04	1.945762e-04
	246	62	34.500000	58.000000	9.856767e+04	1.109815e-04
	142	68	8.500000	56.500000	9.888267e+04	1.719316e-04
	169	123	15.250000	42.750000	1.011956e+05	3.316078e-05
	152	125	11.000000	42.250000	1.011994e+05	5.392994e-05
	268	145	40.000000	37.250000	1.012396e+05	2.313587e-06
	285	149	44.250000	36.250000	1.010005e+05	-3.358059e-05
	284	157	44.000000	34.250000	1.010005e+05	1.631408e-04
