2022	2	10	10	0
	8	6	-25.000000	72.000000	1.001867e+05	-1.322979e-05
	148	23	10.000000	67.750000	9.645702e+04	4.419752e-04
	59	56	-12.250000	59.500000	9.866862e+04	4.385336e-04
	152	106	11.000000	47.000000	1.022717e+05	-4.510774e-05
	139	110	7.750000	46.000000	1.022717e+05	-7.196233e-05
	256	140	37.000000	38.500000	1.007765e+05	5.167090e-05
	39	149	-17.250000	36.250000	1.020150e+05	9.349619e-05
	247	150	34.750000	36.000000	1.007763e+05	1.160852e-04
	37	157	-17.750000	34.250000	1.020150e+05	-5.149686e-05
	278	162	42.500000	33.000000	1.008722e+05	7.424817e-05
2022	2	10	6	6
	178	5	17.500000	72.250000	9.718467e+04	1.769954e-04
	9	6	-24.750000	72.000000	1.003070e+05	-6.362739e-06
	166	23	14.500000	67.750000	9.680283e+04	3.470216e-04
	78	59	-7.500000	58.750000	9.904583e+04	4.748604e-04
	158	106	12.500000	47.000000	1.021804e+05	-3.314612e-05
	249	150	35.250000	36.000000	1.010248e+05	1.070730e-04
2022	2	10	8	12
	211	0	25.750000	73.500000	9.729783e+04	-2.989874e-05
	178	4	17.500000	72.500000	9.729783e+04	2.113966e-04
	190	28	20.500000	66.500000	9.765839e+04	1.998236e-04
	92	63	-4.000000	57.750000	9.997113e+04	3.651543e-04
	137	117	7.250000	44.250000	1.022495e+05	1.183692e-04
	284	139	44.000000	38.750000	1.010191e+05	3.018975e-05
	270	155	40.500000	34.750000	1.010893e+05	5.861269e-05
	44	156	-16.000000	34.500000	1.022660e+05	4.582063e-05
2022	2	10	7	18
	212	0	26.000000	73.500000	9.748559e+04	-5.751544e-06
	188	7	20.000000	71.750000	9.748559e+04	1.912962e-04
	45	16	-15.750000	69.500000	9.987568e+04	1.027372e-04
	211	30	25.750000	66.000000	9.811335e+04	1.708551e-04
	109	70	0.250000	56.000000	1.005254e+05	2.960173e-04
	137	117	7.250000	44.250000	1.022554e+05	1.025916e-04
	89	157	-4.750000	34.250000	1.021210e+05	-1.881738e-05
2022	2	11	5	0
	202	7	23.500000	71.750000	9.765354e+04	2.105170e-04
	62	11	-11.500000	70.750000	9.939732e+04	1.851121e-04
	0	69	-27.000000	56.250000	9.974608e+04	1.282799e-04
	124	76	4.000000	54.500000	1.010123e+05	2.791971e-04
	135	119	6.750000	43.750000	1.022622e+05	7.595254e-05
2022	2	11	4	6
	205	7	24.250000	71.750000	9.789988e+04	2.578326e-04
	69	11	-9.750000	70.750000	9.918343e+04	2.249697e-04
	135	82	6.750000	53.000000	1.016207e+05	2.060217e-04
	188	123	20.000000	42.750000	1.021705e+05	-8.440516e-06
2022	2	11	8	12
	217	0	27.250000	73.500000	9.824421e+04	-1.837174e-05
	219	8	27.750000	71.500000	9.824421e+04	2.819196e-04
	100	9	-2.000000	71.250000	9.917542e+04	9.953379e-05
	2	56	-26.500000	59.500000	9.894594e+04	9.348990e-05
	24	59	-21.000000	58.750000	9.903045e+04	2.028943e-04
	0	67	-27.000000	56.750000	9.894594e+04	7.865865e-05
	150	110	10.500000	46.000000	1.021307e+05	3.459641e-05
	135	119	6.750000	43.750000	1.020567e+05	1.079041e-04
2022	2	11	5	18
	230	0	30.500000	73.500000	9.843935e+04	-3.176728e-05
	116	10	2.000000	71.000000	9.893709e+04	1.415804e-04
	229	10	30.250000	71.000000	9.843935e+04	2.327769e-04
	20	55	-22.000000	59.750000	9.858960e+04	2.138117e-04
	22	64	-21.500000	57.500000	9.858960e+04	1.074512e-04
2022	2	12	6	0
	239	4	32.750000	72.500000	9.854577e+04	1.126474e-05
	136	11	7.000000	70.750000	9.868295e+04	1.393544e-04
	240	13	33.000000	70.250000	9.854577e+04	2.422077e-04
	35	51	-18.250000	60.750000	9.862985e+04	1.798006e-04
	19	58	-22.250000	59.000000	9.862985e+04	2.653010e-04
	38	59	-17.500000	58.750000	9.862985e+04	7.170487e-05
2022	2	12	5	6
	246	2	34.500000	73.000000	9.856136e+04	2.842342e-05
	150	13	10.500000	70.250000	9.862943e+04	1.596084e-04
	247	13	34.750000	70.250000	9.856136e+04	2.127684e-04
	30	55	-19.500000	59.750000	9.844736e+04	1.796532e-04
	53	55	-13.750000	59.750000	9.844736e+04	7.726961e-05
2022	2	12	4	12
	248	1	35.000000	73.250000	9.867705e+04	7.990062e-05
	251	14	35.750000	70.000000	9.861488e+04	2.062602e-04
	140	15	8.000000	69.750000	9.891665e+04	2.626395e-04
	66	51	-10.500000	60.750000	9.844166e+04	1.248923e-04
2022	2	12	4	18
	209	0	25.250000	73.500000	9.876745e+04	9.622228e-05
	253	14	36.250000	70.000000	9.854998e+04	2.108381e-04
	137	17	7.250000	69.250000	9.898345e+04	1.512459e-04
	78	51	-7.500000	60.750000	9.835148e+04	1.351144e-04
2022	2	13	5	0
	225	0	29.250000	73.500000	9.885870e+04	9.597118e-05
	254	15	36.500000	69.750000	9.867495e+04	2.719526e-04
	140	18	8.000000	69.000000	9.886418e+04	1.609208e-04
	91	50	-4.250000	61.000000	9.844356e+04	1.579531e-04
	46	104	-15.500000	47.500000	1.002215e+05	2.033840e-04
2022	2	13	4	6
	235	0	31.750000	73.500000	9.891749e+04	8.044428e-05
	258	17	37.500000	69.250000	9.888420e+04	2.705659e-04
	123	44	3.750000	62.500000	9.826487e+04	1.450338e-04
	64	104	-11.000000	47.500000	9.932294e+04	2.717348e-04
2022	2	13	6	12
	135	16	6.750000	69.500000	9.819195e+04	2.222675e-04
	40	36	-17.000000	64.500000	1.005475e+05	2.826340e-05
	147	36	9.750000	64.500000	9.821956e+04	1.132461e-04
	93	96	-3.750000	49.500000	9.910715e+04	2.436137e-04
	82	103	-6.500000	47.750000	9.910715e+04	2.581782e-04
	271	120	40.750000	43.500000	1.027652e+05	6.058421e-05
2022	2	13	4	18
	252	0	36.000000	73.500000	9.905194e+04	1.116787e-04
	140	18	8.000000	69.000000	9.804466e+04	2.101981e-04
	160	25	13.000000	67.250000	9.804466e+04	2.965114e-05
	102	90	-1.500000	51.000000	9.869138e+04	2.295621e-04
2022	2	14	4	0
	135	21	6.750000	68.250000	9.812852e+04	1.984814e-04
	161	24	13.250000	67.500000	9.812852e+04	-2.052093e-06
	177	37	17.250000	64.250000	9.859360e+04	3.139462e-05
	116	86	2.000000	52.000000	9.862648e+04	2.545807e-04
2022	2	14	3	6
	161	23	13.250000	67.750000	9.823347e+04	6.726527e-05
	138	28	7.500000	66.500000	9.823347e+04	2.165161e-04
	133	77	6.250000	54.250000	9.852638e+04	2.115972e-04
2022	2	14	3	12
	164	23	14.000000	67.750000	9.846759e+04	9.121028e-05
	145	31	9.250000	65.750000	9.846759e+04	1.671585e-04
	160	64	13.000000	57.500000	9.871498e+04	1.457187e-04
2022	2	14	4	18
	150	33	10.500000	65.250000	9.868464e+04	1.733882e-04
	24	52	-21.000000	60.500000	9.751088e+04	2.220077e-04
	181	58	18.250000	59.000000	9.868927e+04	1.009155e-04
	136	121	7.000000	43.250000	1.008731e+05	1.745326e-04
2022	2	15	9	0
	214	10	26.500000	71.000000	9.884058e+04	1.032561e-04
	288	20	45.000000	68.500000	9.986493e+04	-4.935384e-05
	182	28	18.500000	66.500000	9.882351e+04	1.988207e-05
	0	39	-27.000000	63.750000	9.775322e+04	1.775795e-05
	27	39	-20.250000	63.750000	9.681842e+04	-5.908637e-05
	31	49	-19.250000	61.250000	9.681842e+04	2.865110e-04
	201	49	23.250000	61.250000	9.862584e+04	9.307021e-05
	140	122	8.000000	43.000000	1.009670e+05	1.095892e-04
	148	131	10.000000	40.750000	1.009670e+05	4.031065e-05
2022	2	15	6	6
	217	8	27.250000	71.500000	9.867748e+04	1.456422e-04
	14	39	-23.500000	63.750000	9.674341e+04	2.407199e-04
	214	42	26.500000	63.000000	9.842966e+04	7.031531e-05
	38	44	-17.500000	62.500000	9.674341e+04	3.014434e-04
	146	120	9.500000	43.500000	1.009763e+05	1.207117e-04
	147	134	9.750000	40.000000	1.009805e+05	1.049272e-04
2022	2	15	8	12
	209	8	25.250000	71.500000	9.858665e+04	2.315442e-04
	288	29	45.000000	66.250000	9.947719e+04	9.017514e-05
	0	35	-27.000000	64.750000	9.698490e+04	1.485150e-04
	226	36	29.500000	64.500000	9.823431e+04	1.169174e-04
	37	40	-17.750000	63.500000	9.702220e+04	2.240835e-04
	14	80	-23.500000	53.500000	9.837255e+04	2.587914e-04
	159	122	12.750000	43.000000	1.010861e+05	-3.700892e-05
	150	127	10.500000	41.750000	1.010861e+05	1.148844e-04
2022	2	15	8	18
	206	10	24.500000	71.000000	9.850278e+04	2.614199e-04
	288	27	45.000000	66.750000	9.912316e+04	1.202902e-04
	29	30	-19.750000	66.000000	9.700134e+04	1.508727e-04
	0	31	-27.000000	65.750000	9.700134e+04	1.152606e-04
	237	32	32.250000	65.500000	9.796879e+04	1.220153e-04
	50	76	-14.500000	54.500000	9.825201e+04	2.501950e-04
	151	126	10.750000	42.000000	1.011500e+05	1.470000e-04
	153	135	11.250000	39.750000	1.011500e+05	5.976138e-05
2022	2	16	9	0
	6	7	-25.500000	71.750000	9.882646e+04	2.496919e-06
	288	24	45.000000	67.500000	9.872636e+04	9.119169e-05
	27	26	-20.250000	67.000000	9.744134e+04	2.016563e-04
	0	28	-27.000000	66.500000	9.744134e+04	1.352400e-04
	243	28	33.750000	66.500000	9.770728e+04	1.928797e-04
	77	76	-7.750000	54.500000	9.883931e+04	1.786791e-04
	0	85	-27.000000	52.250000	9.862142e+04	9.825559e-05
	166	124	14.500000	42.500000	1.013305e+05	5.929940e-05
	151	130	10.750000	41.000000	1.013101e+05	1.462805e-04
2022	2	16	7	6
	6	7	-25.500000	71.750000	9.853691e+04	-1.605343e-05
	247	27	34.750000	66.750000	9.762004e+04	1.574404e-04
	0	36	-27.000000	64.500000	9.755934e+04	4.398944e-05
	0	72	-27.000000	55.500000	9.742511e+04	1.036207e-04
	131	82	5.750000	53.000000	9.901253e+04	3.068219e-04
	285	124	44.250000	42.500000	1.022080e+05	-4.427717e-05
	152	136	11.000000	39.500000	1.013310e+05	1.239665e-04
2022	2	16	8	12
	257	18	37.250000	69.000000	9.788513e+04	7.848254e-05
	254	29	36.500000	66.250000	9.788513e+04	1.499824e-04
	0	61	-27.000000	58.250000	9.526241e+04	1.616288e-04
	174	61	16.500000	58.250000	9.928880e+04	1.274089e-04
	157	84	12.250000	52.500000	9.904245e+04	2.478621e-04
	137	116	7.250000	44.500000	1.013050e+05	6.732529e-05
	175	138	16.750000	39.000000	1.013731e+05	8.482514e-05
	167	143	14.750000	37.750000	1.013731e+05	3.486097e-05
2022	2	16	7	18
	255	17	36.750000	69.250000	9.813822e+04	1.216981e-04
	273	27	41.250000	66.750000	9.814054e+04	1.306233e-04
	15	51	-23.250000	60.750000	9.437418e+04	5.722659e-04
	181	85	18.250000	52.250000	9.936782e+04	2.612140e-04
	136	117	7.000000	44.250000	1.012810e+05	1.042648e-04
	278	120	42.500000	43.500000	1.019731e+05	-5.768416e-05
	167	151	14.750000	35.750000	1.011173e+05	1.714217e-04
2022	2	17	8	0
	253	18	36.250000	69.000000	9.849709e+04	9.794848e-05
	288	23	45.000000	67.750000	9.868822e+04	4.680876e-05
	0	38	-27.000000	64.000000	9.699859e+04	8.466731e-06
	38	44	-17.500000	62.500000	9.428378e+04	1.863315e-04
	203	84	23.750000	52.500000	9.967422e+04	4.359194e-05
	150	110	10.500000	46.000000	1.011881e+05	4.202156e-05
	278	120	42.500000	43.500000	1.019404e+05	-4.822654e-05
	172	154	16.000000	35.000000	1.009946e+05	2.023957e-04
2022	2	17	7	6
	249	13	35.250000	70.250000	9.870149e+04	1.529721e-04
	281	24	43.250000	67.500000	9.870613e+04	1.391960e-04
	0	33	-27.000000	65.250000	9.672423e+04	1.097050e-04
	64	38	-11.000000	64.000000	9.413901e+04	1.067690e-04
	217	80	27.250000	53.500000	1.000717e+05	2.924020e-05
	137	113	7.250000	45.250000	1.012945e+05	1.976535e-05
	177	157	17.250000	34.250000	1.009359e+05	2.098749e-04
2022	2	17	4	12
	249	16	35.250000	69.500000	9.882456e+04	1.053043e-04
	72	32	-9.000000	65.500000	9.407748e+04	2.005729e-04
	0	34	-27.000000	65.000000	9.675689e+04	1.049537e-04
	180	158	18.000000	34.000000	1.010286e+05	1.996837e-04
2022	2	17	5	18
	251	8	35.750000	71.500000	9.873648e+04	1.620985e-04
	78	31	-7.500000	65.750000	9.439905e+04	2.157504e-04
	0	36	-27.000000	64.500000	9.707741e+04	9.237411e-05
	158	53	12.500000	60.250000	9.723883e+04	3.251871e-04
	182	161	18.500000	33.250000	1.010861e+05	9.904004e-05
2022	2	18	4	0
	95	29	-3.250000	66.250000	9.478257e+04	2.067514e-04
	80	36	-7.000000	64.500000	9.478257e+04	3.001417e-04
	185	42	19.250000	63.000000	9.658156e+04	3.115329e-04
	135	118	6.750000	44.000000	1.016083e+05	1.515763e-04
2022	2	18	4	6
	98	34	-2.500000	65.000000	9.490901e+04	1.913195e-04
	195	38	21.750000	64.000000	9.602377e+04	3.035312e-04
	29	74	-19.750000	55.000000	9.896996e+04	1.593771e-04
	141	128	8.250000	41.500000	1.015982e+05	1.729616e-04
2022	2	18	2	12
	112	33	1.000000	65.250000	9.531045e+04	1.512606e-04
	211	36	25.750000	64.500000	9.594622e+04	2.845155e-04
2022	2	18	4	18
	134	30	6.500000	66.000000	9.559430e+04	9.939841e-05
	230	31	30.500000	65.750000	9.605980e+04	1.858450e-04
	33	99	-18.750000	48.750000	9.983774e+04	2.468379e-04
	131	156	5.750000	34.500000	1.019231e+05	2.302670e-05
2022	2	19	4	0
	245	25	34.250000	67.250000	9.614198e+04	9.025608e-05
	144	29	9.000000	66.250000	9.589965e+04	1.728947e-04
	1	70	-26.750000	56.000000	9.857127e+04	1.072260e-04
	52	93	-14.000000	50.250000	9.899314e+04	2.926807e-04
2022	2	19	6	6
	262	18	38.500000	69.000000	9.616053e+04	1.520694e-04
	152	29	11.000000	66.250000	9.639170e+04	1.821263e-04
	169	35	15.250000	64.750000	9.639170e+04	1.066363e-04
	15	81	-23.250000	53.250000	9.891686e+04	1.965116e-04
	70	86	-9.500000	52.000000	9.810640e+04	3.637914e-04
	243	158	33.750000	34.000000	1.008905e+05	3.607412e-05
2022	2	19	4	12
	274	16	41.500000	69.500000	9.639002e+04	1.629511e-04
	180	21	18.000000	68.250000	9.716676e+04	5.949620e-05
	85	79	-5.750000	53.750000	9.721755e+04	4.234143e-04
	257	162	37.250000	33.000000	1.006412e+05	4.243674e-05
2022	2	19	4	18
	286	14	44.500000	70.000000	9.657735e+04	1.517779e-04
	94	74	-3.500000	55.000000	9.608403e+04	3.952594e-04
	103	127	-1.250000	41.750000	1.012115e+05	4.949647e-05
	261	162	38.250000	33.000000	1.007768e+05	1.011761e-04
2022	2	20	4	0
	112	71	1.000000	55.750000	9.579323e+04	3.585264e-04
	0	72	-27.000000	55.500000	9.897502e+04	8.927836e-05
	263	160	38.750000	33.500000	1.006889e+05	1.326669e-04
	282	162	43.500000	33.000000	1.006307e+05	8.542973e-05
