2022	2	10	6	0
	168	9	15.000000	71.250000	9.657106e+04	7.804113e-05
	148	22	10.000000	68.000000	9.639638e+04	5.160599e-04
	58	56	-12.500000	59.500000	9.845366e+04	5.170786e-04
	152	106	11.000000	47.000000	1.022880e+05	-4.123224e-05
	139	110	7.750000	46.000000	1.022880e+05	-7.200075e-05
	249	152	35.250000	35.500000	1.007706e+05	1.172271e-04
2022	2	10	8	6
	175	4	16.750000	72.500000	9.713204e+04	2.023290e-04
	8	6	-25.000000	72.000000	1.002837e+05	-1.015849e-05
	4	17	-26.000000	69.250000	1.002837e+05	4.027101e-05
	166	22	14.500000	68.000000	9.672934e+04	3.715685e-04
	76	59	-8.000000	58.750000	9.899158e+04	5.053896e-04
	152	106	11.000000	47.000000	1.021419e+05	-5.453580e-05
	281	136	43.250000	39.500000	1.012425e+05	2.816396e-05
	250	152	35.500000	35.500000	1.010536e+05	9.123233e-05
2022	2	10	8	12
	176	3	17.000000	72.750000	9.725045e+04	2.818576e-04
	192	16	21.000000	69.500000	9.728933e+04	2.425387e-06
	191	27	20.750000	66.750000	9.766604e+04	1.300494e-04
	91	63	-4.250000	57.750000	9.992458e+04	3.920481e-04
	137	117	7.250000	44.250000	1.022812e+05	1.160425e-04
	284	139	44.000000	38.750000	1.010076e+05	3.673750e-05
	270	152	40.500000	35.500000	1.010555e+05	7.906915e-05
	43	159	-16.250000	33.750000	1.022732e+05	1.764420e-05
2022	2	10	9	18
	212	0	26.000000	73.500000	9.736377e+04	5.770205e-06
	214	0	26.500000	73.500000	9.736377e+04	1.935235e-05
	187	4	19.750000	72.500000	9.736377e+04	2.478810e-04
	9	6	-24.750000	72.000000	1.000950e+05	-2.872648e-05
	9	14	-24.750000	70.000000	9.991441e+04	-1.399616e-06
	42	17	-16.500000	69.250000	9.991441e+04	1.141530e-04
	108	69	0.000000	56.250000	1.005002e+05	2.903459e-04
	137	117	7.250000	44.250000	1.022714e+05	1.000322e-04
	87	156	-5.250000	34.500000	1.021265e+05	1.157048e-05
2022	2	11	5	0
	199	5	22.750000	72.250000	9.744134e+04	2.906098e-04
	58	13	-12.500000	70.250000	9.939135e+04	2.075006e-04
	0	73	-27.000000	55.250000	9.980812e+04	1.394995e-04
	120	76	3.000000	54.500000	1.010250e+05	3.144704e-04
	137	117	7.250000	44.250000	1.022107e+05	9.641042e-05
2022	2	11	2	6
	213	7	26.250000	71.750000	9.755975e+04	3.474301e-04
	65	12	-10.750000	70.500000	9.907404e+04	2.696500e-04
2022	2	11	5	12
	226	7	29.500000	71.750000	9.787882e+04	3.849292e-04
	81	14	-6.750000	70.000000	9.913949e+04	3.015269e-04
	109	15	0.250000	69.750000	9.913949e+04	1.073215e-04
	2	56	-26.500000	59.500000	9.893824e+04	1.272663e-04
	135	119	6.750000	43.750000	1.020305e+05	8.884141e-05
2022	2	11	5	18
	240	8	33.000000	71.500000	9.808125e+04	3.324504e-04
	103	17	-1.250000	69.250000	9.912953e+04	2.122302e-04
	27	54	-20.250000	60.000000	9.874011e+04	1.093735e-04
	16	63	-23.000000	57.750000	9.874011e+04	1.474531e-04
	215	89	26.750000	51.250000	1.011378e+05	1.930482e-04
2022	2	12	8	0
	248	0	35.000000	73.500000	9.818266e+04	-3.347562e-05
	249	0	35.250000	73.500000	9.818266e+04	-4.236653e-05
	250	9	35.500000	71.250000	9.818266e+04	2.987095e-04
	153	16	11.250000	69.500000	9.884289e+04	1.779895e-04
	129	20	5.250000	68.500000	9.884289e+04	1.961710e-04
	35	52	-18.250000	60.500000	9.851405e+04	1.305504e-04
	0	62	-27.000000	58.000000	9.896403e+04	6.951909e-05
	233	90	31.250000	51.000000	1.010141e+05	2.103783e-04
2022	2	12	6	6
	261	8	38.250000	71.500000	9.821392e+04	3.406593e-04
	155	17	11.750000	69.250000	9.868795e+04	3.044692e-04
	29	54	-19.750000	60.000000	9.833116e+04	2.778391e-04
	49	54	-14.750000	60.000000	9.833116e+04	1.416342e-04
	50	54	-14.500000	60.000000	9.833116e+04	1.322703e-04
	252	91	36.000000	50.750000	1.009006e+05	1.932602e-04
2022	2	12	5	12
	231	0	30.750000	73.500000	9.837121e+04	-5.382688e-06
	269	6	40.250000	72.000000	9.833018e+04	3.053173e-04
	169	21	15.250000	68.250000	9.909045e+04	1.912479e-04
	58	53	-12.500000	60.250000	9.835148e+04	1.711510e-04
	270	92	40.500000	50.500000	1.007099e+05	1.909105e-04
2022	2	12	3	18
	275	4	41.750000	72.500000	9.828856e+04	3.340800e-04
	76	51	-8.000000	60.750000	9.830302e+04	1.631312e-04
	288	92	45.000000	50.500000	1.004748e+05	1.074857e-04
2022	2	13	6	0
	218	0	27.500000	73.500000	9.892339e+04	1.421235e-05
	281	2	43.250000	73.000000	9.831396e+04	3.459217e-04
	9	6	-24.750000	72.000000	1.001417e+05	-1.930141e-05
	8	14	-25.000000	70.000000	1.001417e+05	2.506250e-05
	146	33	9.500000	65.250000	9.849196e+04	1.619418e-04
	83	52	-6.250000	60.500000	9.844409e+04	1.576079e-04
2022	2	13	3	6
	178	1	17.500000	73.250000	9.862034e+04	1.588851e-04
	154	32	11.500000	65.500000	9.821959e+04	2.128694e-04
	286	129	44.500000	41.250000	1.017505e+05	-2.869438e-06
2022	2	13	5	12
	197	0	22.250000	73.500000	9.878896e+04	5.921660e-05
	167	33	14.750000	65.250000	9.845581e+04	7.894223e-05
	73	90	-8.750000	51.000000	9.938002e+04	1.214147e-04
	80	102	-7.000000	48.000000	9.934407e+04	1.198985e-04
	268	120	40.000000	43.500000	1.026681e+05	1.069253e-04
2022	2	13	5	18
	211	0	25.750000	73.500000	9.892788e+04	2.059275e-05
	9	6	-24.750000	72.000000	9.962484e+04	-5.342809e-05
	6	14	-25.500000	70.000000	9.962484e+04	8.293405e-05
	214	27	26.500000	66.750000	9.839114e+04	1.777908e-04
	95	93	-3.250000	50.250000	9.863909e+04	2.284471e-04
2022	2	14	3	0
	1	17	-26.750000	69.250000	9.984877e+04	4.059662e-05
	227	27	29.750000	66.750000	9.844273e+04	1.255446e-04
	104	89	-1.000000	51.250000	9.844312e+04	2.858855e-04
2022	2	14	3	6
	255	16	36.750000	69.500000	9.833135e+04	1.130488e-04
	247	25	34.750000	67.250000	9.833135e+04	1.109926e-04
	120	84	3.000000	52.500000	9.862053e+04	2.686166e-04
2022	2	14	2	12
	258	14	37.500000	70.000000	9.805194e+04	2.473963e-04
	143	69	8.750000	56.250000	9.866449e+04	1.739278e-04
2022	2	14	2	18
	266	14	39.500000	70.000000	9.786456e+04	3.037615e-04
	163	61	13.750000	58.250000	9.858028e+04	1.586032e-04
2022	2	15	6	0
	271	9	40.750000	71.250000	9.786300e+04	2.288931e-04
	272	9	41.000000	71.250000	9.786300e+04	2.144011e-04
	6	14	-25.500000	70.000000	9.806445e+04	-4.445491e-05
	174	60	16.500000	58.500000	9.873913e+04	8.947164e-05
	137	121	7.250000	43.250000	1.010248e+05	1.532350e-04
	280	121	43.000000	43.250000	1.019717e+05	1.483605e-06
2022	2	15	6	6
	6	7	-25.500000	71.750000	9.823307e+04	-1.460986e-05
	288	9	45.000000	71.250000	9.788254e+04	1.063423e-04
	0	43	-27.000000	62.750000	9.503372e+04	1.676507e-04
	193	53	21.250000	60.250000	9.876434e+04	1.666872e-04
	142	122	8.500000	43.000000	1.011278e+05	1.338591e-04
	282	122	43.500000	43.000000	1.019635e+05	1.255535e-05
2022	2	15	9	12
	288	6	45.000000	72.000000	9.792865e+04	1.185388e-04
	6	7	-25.500000	71.750000	9.744212e+04	-4.104082e-05
	0	34	-27.000000	65.000000	9.461460e+04	1.383635e-04
	26	38	-20.500000	64.000000	9.461460e+04	2.556870e-04
	197	53	22.250000	60.250000	9.884680e+04	1.895908e-04
	146	118	9.500000	44.000000	1.012691e+05	1.777105e-04
	278	120	42.500000	43.500000	1.019893e+05	-1.187462e-05
	240	131	33.000000	40.750000	1.019617e+05	-1.712770e-05
	273	135	41.250000	39.750000	1.017695e+05	-2.426597e-05
2022	2	15	10	18
	286	5	44.500000	72.250000	9.801697e+04	1.972072e-04
	0	10	-27.000000	71.000000	9.635105e+04	5.507724e-05
	0	27	-27.000000	66.750000	9.518085e+04	1.587639e-04
	51	35	-14.250000	64.750000	9.568379e+04	3.525796e-04
	33	39	-18.750000	63.750000	9.568379e+04	-5.875463e-06
	288	42	45.000000	63.000000	9.993102e+04	7.159668e-05
	214	50	26.500000	61.000000	9.895367e+04	1.808946e-04
	146	120	9.500000	43.500000	1.015262e+05	1.776556e-04
	281	121	43.250000	43.250000	1.021116e+05	1.123510e-05
	273	130	41.250000	41.000000	1.021116e+05	2.076674e-05
2022	2	16	7	0
	280	6	43.000000	72.000000	9.811916e+04	2.425358e-04
	43	25	-16.250000	67.250000	9.581666e+04	3.210191e-04
	247	46	34.750000	62.000000	9.914711e+04	1.049316e-04
	217	52	27.250000	60.500000	9.905841e+04	2.330757e-04
	73	71	-8.750000	55.750000	9.830067e+04	2.671494e-04
	281	121	43.250000	43.250000	1.021153e+05	-2.127381e-05
	145	122	9.250000	43.000000	1.020688e+05	1.842804e-04
2022	2	16	6	6
	282	8	43.500000	71.500000	9.815179e+04	3.123090e-04
	18	21	-22.500000	68.250000	9.599622e+04	3.256585e-04
	228	53	30.000000	60.250000	9.936322e+04	1.569085e-04
	102	61	-1.500000	58.250000	9.773345e+04	2.131470e-04
	281	121	43.250000	43.250000	1.022460e+05	-3.155609e-05
	158	161	12.500000	33.250000	1.019168e+05	3.088519e-06
2022	2	16	5	12
	283	8	43.750000	71.500000	9.823346e+04	2.768962e-04
	63	18	-11.250000	69.000000	9.700855e+04	2.802584e-04
	123	54	3.750000	60.000000	9.695442e+04	4.118264e-04
	158	160	12.500000	33.500000	1.020528e+05	3.266888e-06
	147	162	9.750000	33.000000	1.020528e+05	3.216105e-05
2022	2	16	8	18
	285	9	44.250000	71.250000	9.820649e+04	2.256610e-04
	40	16	-17.000000	69.500000	9.686806e+04	3.288447e-04
	121	22	3.250000	68.000000	9.758710e+04	1.809785e-04
	145	45	9.250000	62.250000	9.692375e+04	8.262470e-06
	162	51	13.500000	60.750000	9.692375e+04	2.619830e-04
	149	56	10.250000	59.500000	9.692375e+04	1.912015e-04
	279	120	42.750000	43.500000	1.023424e+05	-3.902211e-05
	159	162	12.750000	33.000000	1.019748e+05	-4.989468e-05
2022	2	17	3	0
	18	17	-22.500000	69.250000	9.677877e+04	5.575109e-04
	117	19	2.250000	68.750000	9.745873e+04	2.246002e-04
	184	46	19.000000	62.000000	9.613573e+04	2.705482e-04
2022	2	17	3	6
	117	19	2.250000	68.750000	9.737256e+04	2.800561e-04
	193	47	21.250000	61.750000	9.619826e+04	3.240030e-04
	0	98	-27.000000	49.000000	9.857872e+04	1.212765e-04
2022	2	17	4	12
	127	17	4.750000	69.250000	9.743587e+04	3.309558e-04
	222	52	28.500000	60.500000	9.659471e+04	2.629602e-04
	15	84	-23.250000	52.500000	9.755545e+04	3.759968e-04
	137	117	7.250000	44.250000	1.027146e+05	1.073872e-04
2022	2	17	3	18
	137	15	7.250000	69.750000	9.760352e+04	3.734320e-04
	237	54	32.250000	60.000000	9.695052e+04	1.488883e-04
	34	69	-18.500000	56.250000	9.636552e+04	4.259966e-04
2022	2	18	6	0
	147	14	9.750000	70.000000	9.769359e+04	3.352437e-04
	264	49	39.000000	61.250000	9.738761e+04	6.247008e-05
	265	49	39.250000	61.250000	9.738761e+04	6.642313e-05
	52	58	-14.000000	59.000000	9.485259e+04	4.115418e-04
	256	59	37.000000	58.750000	9.738761e+04	1.550748e-04
	80	162	-7.000000	33.000000	1.023056e+05	1.059409e-04
2022	2	18	5	6
	160	13	13.000000	70.250000	9.755095e+04	3.122291e-04
	0	51	-27.000000	60.750000	9.762657e+04	8.158621e-05
	70	52	-9.500000	60.500000	9.392018e+04	5.023342e-04
	74	160	-8.500000	33.500000	1.022638e+05	9.247323e-05
	75	160	-8.250000	33.500000	1.022638e+05	7.778577e-05
2022	2	18	3	12
	172	10	16.000000	71.000000	9.718635e+04	3.714046e-04
	108	43	0.000000	62.750000	9.381370e+04	1.241622e-04
	275	119	41.750000	43.750000	1.014729e+05	-1.018565e-04
2022	2	18	3	18
	174	8	16.500000	71.500000	9.650248e+04	3.911850e-04
	131	39	5.750000	63.750000	9.397372e+04	3.137139e-04
	261	125	38.250000	42.250000	1.017394e+05	1.492350e-04
2022	2	19	3	0
	165	42	14.250000	63.000000	9.487487e+04	1.502303e-04
	150	109	10.500000	46.250000	1.024319e+05	8.012571e-06
	137	117	7.250000	44.250000	1.024735e+05	7.892759e-05
2022	2	19	4	6
	160	14	13.000000	70.000000	9.640284e+04	2.344693e-04
	191	44	20.750000	62.500000	9.551458e+04	2.152666e-04
	135	117	6.750000	44.250000	1.022896e+05	9.566876e-05
	274	149	41.500000	36.250000	1.013810e+05	3.236049e-05
2022	2	19	6	12
	169	21	15.250000	68.250000	9.704138e+04	2.795402e-04
	215	47	26.750000	61.750000	9.625531e+04	1.249083e-04
	0	48	-27.000000	61.500000	9.838509e+04	1.244469e-04
	135	117	6.750000	44.250000	1.024232e+05	2.727417e-05
	144	125	9.000000	42.250000	1.024232e+05	6.513981e-05
	274	162	41.500000	33.000000	1.009809e+05	1.515227e-05
2022	2	19	6	18
	288	37	45.000000	64.250000	9.795816e+04	1.457015e-04
	0	39	-27.000000	63.750000	9.748804e+04	1.486289e-04
	27	39	-20.250000	63.750000	9.748804e+04	1.057630e-04
	235	48	31.750000	61.500000	9.676294e+04	1.179069e-04
	136	129	7.000000	41.250000	1.023971e+05	1.273962e-04
	147	134	9.750000	40.000000	1.023971e+05	-4.324243e-05
2022	2	20	7	0
	288	34	45.000000	65.000000	9.768499e+04	1.247803e-04
	4	35	-26.000000	64.750000	9.712852e+04	2.137563e-04
	38	35	-17.500000	64.750000	9.697572e+04	2.476166e-04
	288	46	45.000000	62.000000	9.768812e+04	4.314258e-06
	256	50	37.000000	61.000000	9.720003e+04	3.280622e-05
	257	50	37.250000	61.000000	9.720003e+04	3.020387e-05
	133	134	6.250000	40.000000	1.024238e+05	1.482338e-04
