2022	2	14	5	0
	2	6	-26.500000	72.000000	9.976842e+04	-1.412820e-06
	221	10	28.250000	71.000000	9.836858e+04	1.389937e-04
	201	15	23.250000	69.750000	9.836858e+04	3.663270e-05
	1	17	-26.750000	69.250000	9.976842e+04	8.053112e-06
	103	71	-1.250000	55.750000	9.848362e+04	1.575042e-04
2022	2	14	4	3
	214	9	26.500000	71.250000	9.805975e+04	2.218731e-04
	119	60	2.750000	58.500000	9.846085e+04	1.074047e-04
	117	61	2.250000	58.250000	9.845572e+04	8.598031e-05
	105	71	-0.750000	55.750000	9.845572e+04	1.912091e-04
2022	2	14	2	6
	213	9	26.250000	71.250000	9.790824e+04	2.693885e-04
	108	71	0.000000	55.750000	9.847540e+04	1.860021e-04
2022	2	14	4	9
	215	11	26.750000	70.750000	9.801746e+04	2.983473e-04
	0	51	-27.000000	60.750000	9.805958e+04	1.201762e-04
	126	69	4.500000	56.250000	9.857572e+04	1.163364e-04
	109	73	0.250000	55.250000	9.857572e+04	2.217192e-04
2022	2	14	3	12
	236	7	32.000000	71.750000	9.801079e+04	1.336070e-04
	0	47	-27.000000	61.750000	9.767798e+04	1.390889e-04
	132	66	6.000000	57.000000	9.849270e+04	1.706827e-04
2022	2	14	3	15
	240	13	33.000000	70.250000	9.805941e+04	2.014368e-04
	1	43	-26.750000	62.750000	9.735050e+04	1.349131e-04
	137	63	7.250000	57.750000	9.840094e+04	2.057765e-04
2022	2	14	5	18
	250	13	35.500000	70.250000	9.806402e+04	1.530396e-04
	288	14	45.000000	70.000000	9.897562e+04	4.167789e-05
	0	39	-27.000000	63.750000	9.720670e+04	1.183624e-04
	27	39	-20.250000	63.750000	9.720670e+04	-9.093249e-05
	142	61	8.500000	58.250000	9.849184e+04	2.679337e-04
2022	2	14	9	21
	254	5	36.500000	72.250000	9.806488e+04	1.457019e-04
	233	11	31.250000	70.750000	9.806488e+04	2.248273e-04
	288	12	45.000000	70.500000	9.868084e+04	6.316876e-05
	257	13	37.250000	70.250000	9.806488e+04	1.554192e-04
	0	37	-27.000000	64.250000	9.738559e+04	1.057886e-04
	27	39	-20.250000	63.750000	9.738559e+04	2.953252e-05
	128	53	5.000000	60.250000	9.858907e+04	6.301335e-05
	148	57	10.000000	59.250000	9.858907e+04	3.545005e-04
	135	62	6.750000	58.000000	9.858907e+04	1.424639e-04
2022	2	15	10	0
	244	6	34.000000	72.000000	9.813576e+04	1.043337e-04
	6	7	-25.500000	71.750000	9.971689e+04	5.170866e-05
	265	13	39.250000	70.250000	9.813576e+04	1.790105e-04
	240	14	33.000000	70.000000	9.813576e+04	1.724180e-04
	24	35	-21.000000	64.750000	9.748865e+04	-6.082030e-05
	0	36	-27.000000	64.500000	9.748865e+04	1.068480e-04
	127	53	4.750000	60.250000	9.866166e+04	7.425801e-05
	152	54	11.000000	60.000000	9.864899e+04	3.825182e-04
	142	62	8.500000	58.000000	9.864899e+04	1.348798e-04
	145	118	9.250000	44.000000	1.011517e+05	1.276157e-04
2022	2	15	8	3
	6	7	-25.500000	71.750000	9.962120e+04	5.873341e-05
	244	9	34.000000	71.250000	9.818044e+04	1.454453e-04
	271	12	40.750000	70.500000	9.818044e+04	1.916245e-04
	22	35	-21.500000	64.750000	9.743592e+04	1.083199e-04
	126	52	4.500000	60.500000	9.886281e+04	8.538349e-05
	155	52	11.750000	60.500000	9.874229e+04	3.285267e-04
	171	103	15.750000	47.750000	1.010166e+05	5.783999e-05
	146	118	9.500000	44.000000	1.010669e+05	8.837576e-05
2022	2	15	9	6
	274	11	41.500000	70.750000	9.826741e+04	1.614775e-04
	249	12	35.250000	70.500000	9.826741e+04	2.145982e-04
	0	35	-27.000000	64.750000	9.756038e+04	5.401211e-07
	35	35	-18.250000	64.750000	9.770863e+04	8.577189e-05
	125	51	4.250000	60.750000	9.881693e+04	1.472525e-04
	160	51	13.000000	60.750000	9.889055e+04	2.291111e-04
	137	57	7.250000	59.250000	9.881693e+04	5.003276e-05
	0	85	-27.000000	52.250000	9.918808e+04	1.329135e-04
	146	117	9.500000	44.250000	1.011285e+05	8.882176e-05
2022	2	15	8	9
	278	10	42.500000	71.000000	9.840607e+04	1.840941e-04
	0	35	-27.000000	64.750000	9.764580e+04	-2.920319e-05
	36	35	-18.000000	64.750000	9.787657e+04	2.226719e-04
	59	47	-12.250000	61.750000	9.815476e+04	2.848285e-04
	163	49	13.750000	61.250000	9.890938e+04	1.970504e-04
	125	50	4.250000	61.000000	9.879177e+04	1.620577e-04
	0	81	-27.000000	53.250000	9.849303e+04	1.182269e-04
	159	113	12.750000	45.250000	1.011840e+05	1.302616e-04
2022	2	15	10	12
	277	10	42.250000	71.000000	9.852625e+04	2.195602e-04
	0	25	-27.000000	67.250000	9.770007e+04	1.352164e-04
	0	36	-27.000000	64.500000	9.770007e+04	-1.970685e-05
	56	43	-13.000000	62.750000	9.816880e+04	2.994845e-04
	166	47	14.500000	61.750000	9.882755e+04	1.961919e-04
	125	49	4.250000	61.250000	9.878406e+04	1.495508e-04
	88	57	-5.000000	59.250000	9.852881e+04	2.078896e-04
	11	77	-24.250000	54.250000	9.816503e+04	2.184855e-04
	166	111	14.500000	45.750000	1.011022e+05	1.245039e-04
	156	162	12.000000	33.000000	1.016824e+05	9.659302e-05
2022	2	15	13	15
	282	11	43.500000	70.750000	9.866063e+04	2.365367e-04
	283	11	43.750000	70.750000	9.866063e+04	2.168643e-04
	42	35	-16.500000	64.750000	9.811864e+04	2.850773e-04
	0	36	-27.000000	64.500000	9.777231e+04	-3.990286e-06
	49	38	-14.750000	64.000000	9.811864e+04	2.473083e-04
	169	45	15.250000	62.250000	9.879964e+04	1.746287e-04
	125	48	4.250000	61.500000	9.878612e+04	1.625381e-04
	91	56	-4.250000	59.500000	9.849475e+04	2.348078e-04
	116	67	2.000000	56.750000	9.867227e+04	2.364118e-04
	19	74	-22.250000	55.000000	9.770264e+04	3.047909e-04
	169	113	15.250000	45.250000	1.011837e+05	7.151601e-05
	161	162	13.250000	33.000000	1.015718e+05	1.825960e-05
	162	162	13.500000	33.000000	1.015718e+05	1.256244e-06
2022	2	15	6	18
	43	34	-16.250000	65.000000	9.796080e+04	2.765794e-04
	173	44	16.250000	62.500000	9.883798e+04	1.287021e-04
	93	56	-3.750000	59.500000	9.851838e+04	2.192019e-04
	121	66	3.250000	57.000000	9.853652e+04	2.318955e-04
	26	72	-20.500000	55.500000	9.756877e+04	2.950343e-04
	163	162	13.750000	33.000000	1.016092e+05	-4.191124e-06
2022	2	15	6	21
	37	29	-17.750000	66.250000	9.816538e+04	2.675742e-04
	179	43	17.750000	62.750000	9.883679e+04	9.086070e-05
	98	56	-2.500000	59.500000	9.856613e+04	2.031218e-04
	128	67	5.000000	56.750000	9.853275e+04	2.396050e-04
	36	70	-18.000000	56.000000	9.769185e+04	2.721591e-04
	166	157	14.500000	34.250000	1.017234e+05	2.546615e-05
2022	2	16	6	0
	183	42	18.750000	63.000000	9.884432e+04	8.261179e-05
	103	57	-1.250000	59.250000	9.857760e+04	1.951099e-04
	51	68	-14.250000	56.500000	9.770178e+04	2.478740e-04
	137	68	7.250000	56.500000	9.850895e+04	2.546326e-04
	0	72	-27.000000	55.500000	9.770401e+04	1.085776e-04
	167	157	14.750000	34.250000	1.017424e+05	7.150820e-05
2022	2	16	6	3
	188	41	20.000000	63.250000	9.888335e+04	8.781195e-05
	108	58	0.000000	59.000000	9.846513e+04	1.437002e-04
	56	66	-13.000000	57.000000	9.770349e+04	2.834224e-04
	1	68	-26.750000	56.500000	9.712487e+04	1.543358e-04
	145	68	9.250000	56.500000	9.848910e+04	2.731595e-04
	280	121	43.000000	43.250000	1.021733e+05	-2.083499e-06
2022	2	16	7	6
	197	37	22.250000	64.250000	9.897871e+04	9.362745e-05
	110	57	0.500000	59.250000	9.839956e+04	1.628151e-04
	10	64	-24.500000	57.500000	9.681449e+04	2.805121e-04
	63	66	-11.250000	57.000000	9.788924e+04	2.567149e-04
	64	66	-11.000000	57.000000	9.788924e+04	2.540121e-04
	153	68	11.250000	56.500000	9.850330e+04	2.668885e-04
	280	121	43.000000	43.250000	1.021995e+05	2.454796e-06
2022	2	16	5	9
	199	36	22.750000	64.500000	9.906294e+04	1.196355e-04
	19	60	-22.250000	58.500000	9.674105e+04	3.039943e-04
	159	68	12.750000	56.500000	9.853909e+04	2.054137e-04
	138	117	7.500000	44.250000	1.013280e+05	1.217767e-04
	279	120	42.750000	43.500000	1.021814e+05	1.215356e-05
2022	2	16	4	12
	25	55	-20.750000	59.750000	9.674961e+04	3.629676e-04
	138	117	7.500000	44.250000	1.011484e+05	1.222646e-04
	279	120	42.750000	43.500000	1.019602e+05	8.435069e-06
	181	149	18.250000	36.250000	1.014298e+05	1.095813e-04
2022	2	16	6	15
	0	37	-27.000000	64.250000	9.797004e+04	8.523581e-05
	27	53	-20.250000	60.250000	9.683692e+04	3.620307e-04
	42	61	-16.500000	58.250000	9.683692e+04	3.040514e-04
	178	65	17.500000	57.250000	9.847078e+04	2.090252e-04
	280	121	43.000000	43.250000	1.020502e+05	-1.900246e-05
	183	145	18.750000	37.250000	1.012410e+05	1.675132e-04
2022	2	16	6	18
	33	53	-18.750000	60.250000	9.704252e+04	2.543023e-04
	58	60	-12.500000	58.500000	9.704184e+04	2.957840e-04
	184	65	19.000000	57.250000	9.838296e+04	2.112181e-04
	137	117	7.250000	44.250000	1.011861e+05	8.990990e-05
	281	121	43.250000	43.250000	1.020030e+05	-1.769456e-05
	185	143	19.250000	37.750000	1.011955e+05	1.948942e-04
2022	2	16	5	21
	58	57	-12.500000	59.250000	9.716065e+04	2.460915e-04
	74	59	-8.500000	58.750000	9.716065e+04	2.620775e-04
	150	109	10.500000	46.250000	1.004768e+05	2.220057e-05
	281	121	43.250000	43.250000	1.018570e+05	-1.470802e-05
	187	142	19.750000	38.000000	1.011784e+05	1.786268e-04
2022	2	17	6	0
	285	5	44.250000	72.250000	9.907252e+04	1.706522e-04
	114	59	1.500000	58.750000	9.721286e+04	1.609853e-04
	137	113	7.250000	45.250000	1.008228e+05	2.213268e-05
	281	121	43.250000	43.250000	1.018053e+05	-1.814835e-05
	187	142	19.750000	38.000000	1.011118e+05	1.773834e-04
	287	153	44.750000	35.250000	1.015707e+05	2.846034e-05
2022	2	17	6	3
	285	5	44.250000	72.250000	9.902818e+04	1.699224e-04
	123	60	3.750000	58.500000	9.710484e+04	2.380159e-04
	140	64	8.000000	57.500000	9.710484e+04	2.058088e-04
	137	113	7.250000	45.250000	1.007381e+05	4.697880e-05
	280	121	43.000000	43.250000	1.016063e+05	-8.637366e-06
	187	143	19.750000	37.750000	1.010090e+05	1.801954e-04
2022	2	17	6	6
	283	5	43.750000	72.250000	9.896416e+04	1.998590e-04
	127	61	4.750000	58.250000	9.712948e+04	2.635756e-04
	150	65	10.500000	57.250000	9.715654e+04	1.816551e-04
	281	121	43.250000	43.250000	1.014935e+05	-2.810169e-06
	189	148	20.250000	36.500000	1.009964e+05	1.765415e-04
	274	149	41.500000	36.250000	1.016704e+05	2.155186e-05
2022	2	17	6	9
	282	4	43.500000	72.500000	9.896844e+04	1.725842e-04
	50	54	-14.500000	60.000000	9.819037e+04	2.612647e-04
	157	65	12.250000	57.250000	9.731266e+04	1.982772e-04
	0	112	-27.000000	45.500000	1.011895e+05	5.898787e-05
	279	120	42.750000	43.500000	1.013138e+05	3.416217e-06
	191	151	20.750000	35.750000	1.010791e+05	1.704620e-04
2022	2	17	9	12
	281	4	43.250000	72.500000	9.900901e+04	1.785396e-04
	0	50	-27.000000	61.000000	9.971192e+04	1.498442e-05
	113	50	1.250000	61.000000	9.758332e+04	1.343314e-04
	163	65	13.750000	57.250000	9.735204e+04	2.283741e-04
	181	69	18.250000	56.250000	9.735204e+04	2.190445e-04
	4	111	-26.000000	45.750000	1.007995e+05	1.967030e-04
	279	120	42.750000	43.500000	1.010955e+05	-2.375775e-06
	279	129	42.750000	41.250000	1.010955e+05	-1.212421e-05
	193	152	21.250000	35.500000	1.009924e+05	1.893666e-04
2022	2	17	6	15
	280	4	43.000000	72.500000	9.901175e+04	1.733803e-04
	115	51	1.750000	60.750000	9.767594e+04	1.195197e-04
	168	66	15.000000	57.000000	9.733338e+04	2.014814e-04
	188	69	20.000000	56.250000	9.733338e+04	1.859350e-04
	13	108	-23.750000	46.500000	1.003133e+05	2.733206e-04
	195	155	21.750000	34.750000	1.009657e+05	1.972167e-04
2022	2	17	5	18
	281	4	43.250000	72.500000	9.901791e+04	1.749755e-04
	143	36	8.750000	64.500000	9.785569e+04	8.889443e-05
	192	69	21.000000	56.250000	9.730051e+04	1.768810e-04
	24	103	-21.000000	47.750000	9.988620e+04	2.811719e-04
	197	157	22.250000	34.250000	1.010667e+05	1.781346e-04
2022	2	17	6	21
	282	4	43.500000	72.500000	9.905386e+04	1.495840e-04
	283	4	43.750000	72.500000	9.905386e+04	1.515076e-04
	141	34	8.250000	65.000000	9.790139e+04	1.284141e-04
	235	78	31.750000	54.000000	9.711237e+04	2.558230e-04
	31	99	-19.250000	48.750000	9.931681e+04	4.285820e-04
	198	160	22.500000	33.500000	1.011539e+05	1.568934e-04
2022	2	18	5	0
	140	33	8.000000	65.250000	9.801884e+04	1.613582e-04
	216	70	27.000000	56.000000	9.696172e+04	1.181102e-04
	240	74	33.000000	55.000000	9.691345e+04	2.608998e-04
	39	95	-17.250000	49.750000	9.860722e+04	4.979796e-04
	199	96	22.750000	49.500000	9.846222e+04	1.033263e-04
2022	2	18	5	3
	136	33	7.000000	65.250000	9.807789e+04	1.854017e-04
	38	47	-17.500000	61.750000	9.934044e+04	1.604329e-04
	241	70	33.250000	56.000000	9.679430e+04	2.457671e-04
	47	91	-15.250000	50.750000	9.787743e+04	5.658034e-04
	210	102	25.500000	48.000000	9.837166e+04	1.886468e-04
2022	2	18	6	6
	160	25	13.000000	67.250000	9.814877e+04	1.631578e-05
	138	34	7.500000	65.000000	9.814688e+04	1.835135e-04
	41	47	-16.750000	61.750000	9.920212e+04	1.297930e-04
	242	67	33.500000	56.750000	9.688091e+04	2.407136e-04
	55	87	-13.250000	51.750000	9.741298e+04	6.219964e-04
	222	103	28.500000	47.750000	9.838690e+04	4.295186e-04
2022	2	18	6	9
	160	25	13.000000	67.250000	9.825080e+04	4.143771e-07
	143	34	8.750000	65.000000	9.825080e+04	1.756870e-04
	41	47	-16.750000	61.750000	9.913535e+04	1.669809e-04
	244	65	34.000000	57.250000	9.701890e+04	2.194200e-04
	62	85	-11.500000	52.250000	9.711734e+04	6.382101e-04
	231	105	30.750000	47.250000	9.833862e+04	4.087994e-04
2022	2	18	6	12
	160	25	13.000000	67.250000	9.829736e+04	2.073410e-06
	148	33	10.000000	65.250000	9.829736e+04	1.673974e-04
	42	48	-16.500000	61.500000	9.905027e+04	2.556771e-04
	249	63	35.250000	57.750000	9.719677e+04	2.436074e-04
	69	85	-9.750000	52.250000	9.724830e+04	5.591161e-04
	240	106	33.000000	47.000000	9.835951e+04	3.738511e-04
2022	2	18	7	15
	160	25	13.000000	67.250000	9.828709e+04	-4.198523e-07
	150	32	10.500000	65.500000	9.828709e+04	1.995767e-04
	47	50	-15.250000	61.000000	9.896296e+04	2.098559e-04
	253	61	36.250000	58.250000	9.744585e+04	2.478200e-04
	103	76	-1.250000	54.500000	9.757065e+04	1.621239e-04
	81	85	-6.750000	52.250000	9.739261e+04	4.346641e-04
	248	104	35.000000	47.500000	9.847386e+04	2.614113e-04
2022	2	18	5	18
	151	32	10.750000	65.500000	9.821895e+04	2.233687e-04
	258	59	37.500000	58.750000	9.762030e+04	2.382511e-04
	111	72	0.750000	55.500000	9.760095e+04	2.250506e-04
	95	83	-3.250000	52.750000	9.741915e+04	3.594679e-04
	252	107	36.000000	46.750000	9.871234e+04	3.425593e-04
2022	2	18	9	21
	152	33	11.000000	65.250000	9.818112e+04	1.853260e-04
	0	55	-27.000000	59.750000	9.869692e+04	1.139210e-04
	67	56	-10.250000	59.500000	9.876557e+04	1.740383e-04
	118	70	2.500000	56.000000	9.758366e+04	2.381065e-04
	108	81	0.000000	53.250000	9.749806e+04	3.785830e-04
	261	97	38.250000	49.250000	9.895405e+04	2.104601e-04
	258	107	37.500000	46.750000	9.895405e+04	3.479119e-04
	282	121	43.500000	43.250000	9.970577e+04	5.762647e-05
	256	136	37.000000	39.500000	1.008367e+05	1.598339e-05
2022	2	19	8	0
	6	7	-25.500000	71.750000	1.004831e+05	-4.520081e-05
	246	17	34.500000	69.250000	9.767713e+04	1.436476e-04
	163	26	13.750000	67.000000	9.815168e+04	3.672732e-05
	152	33	11.000000	65.250000	9.815168e+04	1.607549e-04
	135	67	6.750000	56.750000	9.755593e+04	1.911220e-04
	122	79	3.500000	53.750000	9.746074e+04	3.552005e-04
	262	96	38.500000	49.500000	9.918123e+04	2.754792e-04
	248	149	35.000000	36.250000	1.006786e+05	1.496115e-04
2022	2	19	11	3
	241	17	33.250000	69.250000	9.750851e+04	1.918054e-04
	288	20	45.000000	68.500000	9.805016e+04	-5.194055e-05
	153	34	11.250000	65.000000	9.811573e+04	1.622247e-04
	0	46	-27.000000	62.000000	9.813833e+04	9.572584e-05
	144	65	9.000000	57.250000	9.730616e+04	2.372041e-04
	136	75	7.000000	54.750000	9.730616e+04	2.198776e-04
	263	97	38.750000	49.250000	9.951574e+04	2.861337e-04
	137	117	7.250000	44.250000	1.013430e+05	1.592486e-04
	108	139	0.000000	38.750000	1.015945e+05	6.389989e-05
	262	148	38.500000	36.500000	1.005431e+05	3.363754e-05
	251	150	35.750000	36.000000	1.005431e+05	1.861449e-04
2022	2	19	10	6
	6	7	-25.500000	71.750000	1.002212e+05	-3.074647e-05
	242	16	33.500000	69.500000	9.735375e+04	1.944035e-04
	153	34	11.250000	65.000000	9.811727e+04	1.657522e-04
	0	43	-27.000000	62.750000	9.794676e+04	1.479929e-04
	154	64	11.500000	57.500000	9.741178e+04	1.890620e-04
	151	74	10.750000	55.000000	9.741178e+04	2.423693e-04
	267	93	39.750000	50.250000	1.000083e+05	1.864628e-04
	137	117	7.250000	44.250000	1.013513e+05	1.384557e-04
	105	141	-0.750000	38.250000	1.016320e+05	6.713456e-05
	256	151	37.000000	35.750000	1.005961e+05	2.054204e-04
2022	2	19	8	9
	250	13	35.500000	70.250000	9.722519e+04	1.190225e-04
	150	27	10.500000	66.750000	9.821639e+04	3.490894e-05
	0	40	-27.000000	63.500000	9.794539e+04	1.021031e-04
	180	61	18.000000	58.250000	9.752528e+04	1.475876e-04
	162	64	13.500000	57.500000	9.752528e+04	1.264446e-04
	165	73	14.250000	55.250000	9.759513e+04	1.877411e-04
	274	90	41.500000	51.000000	1.003455e+05	8.639795e-05
	258	151	37.500000	35.750000	1.005948e+05	2.375475e-04
2022	2	19	8	12
	247	13	34.750000	70.250000	9.710723e+04	1.428973e-04
	151	26	10.750000	67.000000	9.828846e+04	5.847093e-05
	189	59	20.250000	58.750000	9.747324e+04	1.337255e-04
	135	119	6.750000	43.750000	1.015266e+05	1.211083e-04
	284	140	44.000000	38.500000	1.008036e+05	2.076919e-05
	96	145	-3.000000	37.250000	1.017542e+05	8.080930e-05
	264	153	39.000000	35.250000	1.004215e+05	1.164925e-04
	259	160	37.750000	33.500000	1.004215e+05	9.048072e-05
2022	2	19	7	15
	254	11	36.500000	70.750000	9.706067e+04	9.047395e-05
	151	26	10.750000	67.000000	9.835865e+04	8.228322e-05
	1	58	-26.750000	59.000000	9.688845e+04	1.540661e-04
	196	58	22.000000	59.000000	9.753282e+04	1.865874e-04
	153	110	11.250000	46.000000	1.014716e+05	5.271925e-05
	135	119	6.750000	43.750000	1.014997e+05	1.369855e-04
	268	151	40.000000	35.750000	1.005569e+05	1.343557e-04
2022	2	19	5	18
	258	10	37.500000	71.000000	9.702506e+04	1.189336e-04
	151	26	10.750000	67.000000	9.839084e+04	1.026044e-04
	13	53	-23.750000	60.250000	9.628893e+04	2.266816e-04
	205	57	24.250000	59.250000	9.761927e+04	1.881352e-04
	267	157	39.750000	34.250000	1.009169e+05	1.566283e-04
2022	2	19	4	21
	260	10	38.000000	71.000000	9.706238e+04	1.591911e-04
	151	27	10.750000	66.750000	9.847557e+04	8.695789e-05
	18	51	-22.500000	60.750000	9.595202e+04	3.242182e-04
	215	55	26.750000	59.750000	9.770709e+04	1.384557e-04
2022	2	20	10	0
	117	0	2.250000	73.500000	9.885031e+04	7.516628e-05
	267	7	39.750000	71.750000	9.715157e+04	1.496471e-04
	153	28	11.250000	66.500000	9.855159e+04	1.010857e-04
	28	40	-20.000000	63.500000	9.563344e+04	-8.442145e-05
	34	49	-18.500000	61.250000	9.563344e+04	3.207974e-04
	219	55	27.750000	59.750000	9.775143e+04	1.923524e-04
	220	55	28.000000	59.750000	9.775143e+04	1.796430e-04
	239	62	32.750000	58.000000	9.775605e+04	1.248635e-04
	174	124	16.500000	42.500000	1.018794e+05	7.962601e-05
	277	162	42.250000	33.000000	1.010397e+05	9.525028e-05
