2022	2	16	7	0
	288	10	45.000000	71.000000	9.883176e+04	1.056179e-04
	53	38	-13.750000	64.000000	9.757155e+04	2.948301e-04
	185	43	19.250000	62.750000	9.907623e+04	1.447268e-04
	118	53	2.500000	60.250000	9.804331e+04	1.564943e-04
	66	67	-10.500000	56.750000	9.744567e+04	2.456871e-04
	280	121	43.000000	43.250000	1.020924e+05	2.925200e-05
	172	122	16.000000	43.000000	1.014612e+05	4.046884e-05
2022	2	16	6	3
	47	36	-15.250000	64.500000	9.773393e+04	3.125195e-04
	190	41	20.500000	63.250000	9.904780e+04	1.350281e-04
	122	52	3.500000	60.500000	9.799984e+04	1.566969e-04
	76	67	-8.000000	56.750000	9.737179e+04	2.603146e-04
	91	70	-4.250000	56.000000	9.737179e+04	2.137693e-04
	280	121	43.000000	43.250000	1.021625e+05	3.127413e-05
2022	2	16	3	6
	123	48	3.750000	61.500000	9.787441e+04	1.243414e-04
	100	68	-2.000000	56.500000	9.752093e+04	2.171511e-04
	280	121	43.000000	43.250000	1.022771e+05	2.565750e-05
2022	2	16	6	9
	118	34	2.500000	65.000000	9.778516e+04	2.064420e-04
	45	60	-15.750000	58.500000	9.749858e+04	6.951199e-05
	112	67	1.000000	56.750000	9.750253e+04	2.446146e-04
	48	71	-15.000000	55.750000	9.749858e+04	1.943461e-04
	279	120	42.750000	43.500000	1.021335e+05	3.585032e-05
	181	136	18.250000	39.500000	1.014837e+05	1.442037e-04
2022	2	16	6	12
	113	35	1.250000	64.750000	9.763587e+04	1.946905e-04
	51	60	-14.250000	58.500000	9.701512e+04	7.967653e-05
	124	67	4.000000	56.750000	9.737862e+04	2.291771e-04
	62	68	-11.500000	56.500000	9.701512e+04	2.841565e-04
	137	117	7.250000	44.250000	1.012567e+05	7.863007e-05
	183	136	18.750000	39.500000	1.012103e+05	1.569215e-04
2022	2	16	5	15
	108	35	0.000000	64.750000	9.749737e+04	1.734173e-04
	75	66	-8.250000	57.000000	9.671363e+04	3.115258e-04
	135	67	6.750000	56.750000	9.730550e+04	2.174305e-04
	151	68	10.750000	56.500000	9.730550e+04	2.196572e-04
	185	136	19.250000	39.500000	1.010514e+05	1.522026e-04
2022	2	16	4	18
	86	66	-5.500000	57.000000	9.688194e+04	3.059307e-04
	161	66	13.250000	57.000000	9.724727e+04	2.371481e-04
	280	121	43.000000	43.250000	1.021017e+05	-2.359428e-05
	185	135	19.250000	39.750000	1.011004e+05	1.104971e-04
2022	2	16	4	21
	174	64	16.500000	57.500000	9.699794e+04	1.933907e-04
	102	67	-1.500000	56.750000	9.699778e+04	2.631927e-04
	137	117	7.250000	44.250000	1.011182e+05	6.350694e-05
	183	134	18.750000	40.000000	1.011723e+05	1.173671e-04
2022	2	17	5	0
	288	9	45.000000	71.250000	9.910345e+04	1.083738e-04
	184	61	19.000000	58.250000	9.668748e+04	2.023430e-04
	118	68	2.500000	56.500000	9.706909e+04	2.341015e-04
	137	117	7.250000	44.250000	1.008974e+05	7.309474e-05
	183	134	18.750000	40.000000	1.011541e+05	1.150184e-04
2022	2	17	7	3
	129	38	5.250000	64.000000	9.732420e+04	8.316942e-05
	190	58	20.500000	59.000000	9.633477e+04	2.274559e-04
	181	72	18.250000	55.500000	9.641610e+04	1.824618e-04
	150	109	10.500000	46.250000	9.991773e+04	2.568770e-05
	0	115	-27.000000	44.750000	1.011237e+05	1.215325e-04
	138	117	7.500000	44.250000	1.006580e+05	9.217913e-05
	279	121	42.750000	43.250000	1.016771e+05	-2.741030e-05
2022	2	17	4	6
	193	56	21.250000	59.500000	9.620052e+04	2.829857e-04
	194	69	21.500000	56.250000	9.622971e+04	1.791888e-04
	0	113	-27.000000	45.250000	1.002039e+05	1.637082e-04
	279	121	42.750000	43.250000	1.015642e+05	-1.736179e-05
2022	2	17	4	9
	195	56	21.750000	59.500000	9.614245e+04	2.960920e-04
	202	66	23.500000	57.000000	9.614245e+04	1.634862e-04
	10	107	-24.500000	46.750000	9.968193e+04	2.905247e-04
	278	120	42.500000	43.500000	1.015016e+05	-1.730094e-05
2022	2	17	3	12
	206	58	24.500000	59.000000	9.611705e+04	6.053564e-05
	18	102	-22.500000	48.000000	9.909949e+04	3.976949e-04
	272	119	41.000000	43.750000	1.011734e+05	-2.518749e-05
2022	2	17	3	15
	0	44	-27.000000	62.500000	9.963830e+04	-3.134819e-05
	217	58	27.250000	59.000000	9.609851e+04	2.271039e-04
	27	99	-20.250000	48.750000	9.841139e+04	5.087741e-04
2022	2	17	6	18
	288	29	45.000000	66.250000	9.895308e+04	9.654372e-05
	222	54	28.500000	60.000000	9.610672e+04	2.171871e-04
	30	59	-19.500000	58.750000	9.918676e+04	1.829629e-04
	47	67	-15.250000	56.750000	9.919269e+04	1.850376e-04
	37	95	-17.750000	49.750000	9.784202e+04	5.277144e-04
	149	111	10.250000	45.750000	1.007384e+05	1.049207e-04
2022	2	17	3	21
	225	50	29.250000	61.000000	9.616480e+04	2.101414e-04
	31	57	-19.250000	59.250000	9.878144e+04	1.994194e-04
	49	87	-14.750000	51.750000	9.722081e+04	5.080085e-04
2022	2	18	3	0
	226	44	29.500000	62.500000	9.614716e+04	1.826695e-04
	30	56	-19.500000	59.500000	9.846779e+04	2.215179e-04
	59	83	-12.250000	52.750000	9.673477e+04	5.372380e-04
2022	2	18	4	3
	226	40	29.500000	63.500000	9.615020e+04	1.471004e-04
	30	55	-19.500000	59.750000	9.814700e+04	2.740564e-04
	72	79	-9.000000	53.750000	9.640136e+04	4.349418e-04
	141	122	8.250000	43.000000	1.013119e+05	7.919504e-05
2022	2	18	4	6
	2	6	-26.500000	72.000000	1.003641e+05	-1.220771e-05
	227	37	29.750000	64.250000	9.616981e+04	1.588646e-04
	31	55	-19.250000	59.750000	9.807357e+04	2.881172e-04
	81	72	-6.750000	55.500000	9.618669e+04	3.711548e-04
2022	2	18	4	9
	127	29	4.750000	66.250000	9.770520e+04	1.117866e-04
	228	35	30.000000	64.750000	9.625936e+04	1.547843e-04
	35	56	-18.250000	59.500000	9.814198e+04	2.658773e-04
	99	70	-2.250000	56.000000	9.615339e+04	3.551100e-04
2022	2	18	6	12
	128	31	5.000000	65.750000	9.759177e+04	1.330258e-04
	231	33	30.750000	65.250000	9.641504e+04	1.404668e-04
	38	57	-17.500000	59.250000	9.840561e+04	2.650693e-04
	112	68	1.000000	56.500000	9.616236e+04	3.167848e-04
	268	160	40.000000	33.500000	1.007223e+05	1.215394e-05
	257	162	37.250000	33.000000	1.007223e+05	-1.132264e-05
2022	2	18	7	15
	6	7	-25.500000	71.750000	1.004562e+05	-6.465998e-05
	234	30	31.500000	66.000000	9.653788e+04	1.135189e-04
	132	33	6.000000	65.250000	9.739018e+04	1.706345e-04
	44	58	-16.000000	59.000000	9.856008e+04	2.305642e-04
	124	67	4.000000	56.750000	9.615355e+04	2.902703e-04
	269	158	40.250000	34.000000	1.007200e+05	3.520941e-05
	257	161	37.250000	33.250000	1.007200e+05	-6.920528e-06
2022	2	18	8	18
	6	7	-25.500000	71.750000	1.003998e+05	-3.867335e-05
	240	28	33.000000	66.500000	9.653439e+04	1.176673e-04
	136	34	7.000000	65.000000	9.725001e+04	2.056731e-04
	50	59	-14.500000	58.750000	9.875680e+04	2.310698e-04
	134	66	6.500000	57.000000	9.623169e+04	3.323703e-04
	239	143	32.750000	37.750000	1.007532e+05	8.169566e-06
	231	148	30.750000	36.500000	1.007532e+05	5.071229e-05
	259	162	37.750000	33.000000	1.008494e+05	-8.811446e-06
2022	2	18	9	21
	6	7	-25.500000	71.750000	1.003737e+05	-1.795252e-05
	243	17	33.750000	69.250000	9.653317e+04	1.183543e-04
	243	26	33.750000	67.000000	9.653317e+04	1.295262e-04
	140	33	8.000000	65.250000	9.715270e+04	2.184309e-04
	0	58	-27.000000	59.000000	9.810428e+04	1.081348e-04
	143	65	8.750000	57.250000	9.638312e+04	3.192661e-04
	287	140	44.750000	38.500000	1.013374e+05	6.502538e-06
	225	150	29.250000	36.000000	1.006945e+05	2.030525e-04
	260	162	38.000000	33.000000	1.008973e+05	6.110273e-06
2022	2	19	6	0
	6	7	-25.500000	71.750000	1.002747e+05	-7.834215e-07
	242	16	33.500000	69.500000	9.654305e+04	1.296252e-04
	144	33	9.000000	65.250000	9.714070e+04	1.963100e-04
	155	65	11.750000	57.250000	9.666833e+04	3.195885e-04
	137	117	7.250000	44.250000	1.012999e+05	1.381349e-04
	225	151	29.250000	35.750000	1.006595e+05	1.726508e-04
2022	2	19	6	3
	6	7	-25.500000	71.750000	1.001459e+05	-4.606591e-06
	240	16	33.000000	69.500000	9.646034e+04	1.103749e-04
	144	33	9.000000	65.250000	9.714526e+04	1.821193e-04
	17	54	-22.750000	60.000000	9.782362e+04	2.198712e-04
	176	60	17.000000	58.500000	9.685168e+04	1.356195e-04
	138	117	7.500000	44.250000	1.012036e+05	1.454649e-04
2022	2	19	6	6
	234	15	31.500000	69.750000	9.643055e+04	1.132882e-04
	146	33	9.500000	65.250000	9.724012e+04	1.659166e-04
	23	53	-21.250000	60.250000	9.778973e+04	2.009340e-04
	191	56	20.750000	59.500000	9.692876e+04	1.146614e-04
	137	117	7.250000	44.250000	1.012489e+05	1.256016e-04
	137	118	7.250000	44.000000	1.012489e+05	1.344457e-04
2022	2	19	4	9
	240	16	33.000000	69.500000	9.654518e+04	6.958011e-05
	27	51	-20.250000	60.750000	9.800607e+04	1.858886e-04
	203	53	23.750000	60.250000	9.711561e+04	9.729859e-05
	136	118	7.000000	44.000000	1.014022e+05	1.268100e-04
2022	2	19	6	12
	265	14	39.250000	70.000000	9.660782e+04	1.806212e-04
	240	16	33.000000	69.500000	9.660782e+04	8.105471e-05
	29	50	-19.750000	61.000000	9.811158e+04	1.953374e-04
	211	52	25.750000	60.500000	9.728330e+04	1.043054e-04
	135	119	6.750000	43.750000	1.014863e+05	1.344819e-04
	94	145	-3.500000	37.250000	1.018224e+05	5.147601e-05
2022	2	19	5	15
	268	13	40.000000	70.250000	9.666620e+04	1.734586e-04
	27	48	-20.250000	61.500000	9.797962e+04	2.136538e-04
	28	48	-20.000000	61.500000	9.798767e+04	2.274937e-04
	228	48	30.000000	61.500000	9.740143e+04	9.328298e-05
	86	60	-5.500000	58.500000	9.853940e+04	2.304654e-04
2022	2	19	3	18
	269	12	40.250000	70.500000	9.668398e+04	1.680722e-04
	22	45	-21.500000	62.250000	9.748019e+04	1.975460e-04
	94	61	-3.500000	58.250000	9.873583e+04	1.933849e-04
2022	2	19	4	21
	271	12	40.750000	70.500000	9.672959e+04	1.651744e-04
	0	53	-27.000000	60.250000	9.636700e+04	1.240357e-04
	121	64	3.250000	57.500000	9.870436e+04	1.919170e-04
	150	126	10.500000	42.000000	1.016614e+05	2.936584e-05
2022	2	20	7	0
	274	12	41.500000	70.500000	9.680607e+04	1.744531e-04
	0	49	-27.000000	61.250000	9.563784e+04	9.026800e-05
	132	65	6.000000	57.250000	9.873962e+04	1.598478e-04
	151	125	10.750000	42.250000	1.016488e+05	5.831446e-05
	165	126	14.250000	42.000000	1.016488e+05	-3.607529e-05
	86	162	-5.500000	33.000000	1.020856e+05	-7.623398e-06
	280	162	43.000000	33.000000	1.008731e+05	4.030461e-05
