2022	2	14	5	0
	4	6	-26.000000	72.000000	9.976209e+04	-3.073446e-05
	222	10	28.500000	71.000000	9.847910e+04	1.448754e-04
	190	13	20.500000	70.250000	9.847910e+04	1.750977e-04
	1	17	-26.750000	69.250000	9.976209e+04	7.276709e-06
	104	71	-1.000000	55.750000	9.845670e+04	1.440709e-04
2022	2	14	3	3
	224	8	29.000000	71.500000	9.821762e+04	1.439723e-04
	119	62	2.750000	58.000000	9.842177e+04	1.215466e-04
	108	70	0.000000	56.000000	9.842177e+04	1.576433e-04
2022	2	14	2	6
	219	8	27.750000	71.500000	9.809636e+04	2.372588e-04
	110	70	0.500000	56.000000	9.848036e+04	1.686181e-04
2022	2	14	4	9
	230	8	30.500000	71.500000	9.816012e+04	1.421570e-04
	0	55	-27.000000	59.750000	9.799437e+04	1.129315e-04
	125	63	4.250000	57.750000	9.861118e+04	4.005731e-05
	111	71	0.750000	55.750000	9.861118e+04	1.920142e-04
2022	2	14	3	12
	237	7	32.250000	71.750000	9.815056e+04	1.610576e-04
	0	50	-27.000000	61.000000	9.745651e+04	1.530405e-04
	129	62	5.250000	58.000000	9.860820e+04	8.082937e-05
2022	2	14	3	15
	241	6	33.250000	72.000000	9.820838e+04	1.222220e-04
	0	45	-27.000000	62.250000	9.696927e+04	1.635387e-04
	131	61	5.750000	58.250000	9.859488e+04	1.412501e-04
2022	2	14	4	18
	242	6	33.500000	72.000000	9.830144e+04	8.639385e-05
	288	12	45.000000	70.500000	9.909278e+04	8.605521e-05
	0	41	-27.000000	63.250000	9.686352e+04	1.180972e-04
	132	60	6.000000	58.500000	9.868246e+04	1.671153e-04
2022	2	14	7	21
	252	6	36.000000	72.000000	9.837304e+04	6.535655e-05
	288	12	45.000000	70.500000	9.887564e+04	3.676569e-05
	27	39	-20.250000	63.750000	9.696738e+04	1.426639e-05
	0	40	-27.000000	63.500000	9.696331e+04	9.346173e-05
	128	51	5.000000	60.750000	9.873792e+04	5.576857e-05
	152	53	11.000000	60.250000	9.873792e+04	2.673529e-04
	137	121	7.250000	43.250000	1.011270e+05	1.367259e-04
2022	2	15	9	0
	250	4	35.500000	72.500000	9.844980e+04	7.328199e-05
	6	7	-25.500000	71.750000	9.959225e+04	4.018436e-05
	269	11	40.250000	70.750000	9.844980e+04	1.238108e-04
	0	38	-27.000000	64.000000	9.708787e+04	9.204380e-05
	28	38	-20.000000	64.000000	9.713518e+04	2.857965e-05
	127	49	4.750000	61.250000	9.874482e+04	1.249334e-04
	153	51	11.250000	60.750000	9.875453e+04	2.263726e-04
	137	58	7.250000	59.000000	9.874482e+04	1.464455e-04
	139	121	7.750000	43.250000	1.011032e+05	1.050461e-04
2022	2	15	7	3
	246	5	34.500000	72.250000	9.848803e+04	1.454350e-04
	6	7	-25.500000	71.750000	9.962249e+04	3.795884e-05
	272	11	41.000000	70.750000	9.848803e+04	1.334703e-04
	26	42	-20.500000	63.000000	9.731864e+04	1.442298e-04
	127	48	4.750000	61.500000	9.869437e+04	1.370259e-04
	144	58	9.000000	59.000000	9.872163e+04	1.633526e-04
	146	117	9.500000	44.250000	1.010269e+05	1.226412e-04
2022	2	15	7	6
	274	9	41.500000	71.250000	9.853723e+04	1.590336e-04
	0	33	-27.000000	65.250000	9.732319e+04	4.754082e-05
	24	35	-21.000000	64.750000	9.732319e+04	1.266876e-04
	126	47	4.500000	61.750000	9.865834e+04	1.975695e-04
	148	57	10.000000	59.250000	9.872398e+04	1.758680e-04
	146	117	9.500000	44.250000	1.010593e+05	1.315577e-04
	146	125	9.500000	42.250000	1.010593e+05	-6.572873e-06
2022	2	15	7	9
	277	10	42.250000	71.000000	9.865818e+04	1.503075e-04
	39	40	-17.250000	63.500000	9.756477e+04	2.114363e-04
	0	41	-27.000000	63.250000	9.740058e+04	2.181370e-05
	126	47	4.500000	61.750000	9.857953e+04	1.881470e-04
	158	48	12.500000	61.500000	9.860726e+04	1.290837e-04
	10	85	-24.500000	52.250000	9.906113e+04	1.720898e-04
	158	116	12.500000	44.500000	1.010812e+05	1.052858e-04
2022	2	15	9	12
	283	9	43.750000	71.250000	9.875328e+04	1.654130e-04
	249	11	35.250000	70.750000	9.875328e+04	1.274703e-04
	34	36	-18.500000	64.500000	9.764342e+04	1.805535e-04
	0	40	-27.000000	63.500000	9.741343e+04	2.394686e-05
	144	43	9.000000	62.750000	9.855901e+04	4.524329e-05
	126	45	4.500000	62.250000	9.855901e+04	2.359477e-04
	68	47	-10.000000	61.750000	9.797885e+04	2.488056e-04
	143	109	8.750000	46.250000	1.011029e+05	-7.820460e-05
	160	111	13.000000	45.750000	1.011029e+05	9.460980e-05
2022	2	15	7	15
	2	6	-26.500000	72.000000	9.984152e+04	4.708880e-05
	283	7	43.750000	71.750000	9.879558e+04	1.986286e-04
	14	30	-23.500000	66.000000	9.742001e+04	1.188863e-04
	69	46	-9.750000	62.000000	9.802037e+04	2.591157e-04
	109	56	0.250000	59.500000	9.820227e+04	1.636361e-04
	160	111	13.000000	45.750000	1.011005e+05	7.493279e-05
	163	162	13.750000	33.000000	1.016606e+05	2.583617e-06
2022	2	15	5	18
	280	7	43.000000	71.750000	9.888786e+04	2.221312e-04
	65	44	-10.750000	62.500000	9.809918e+04	2.410836e-04
	118	56	2.500000	59.500000	9.805327e+04	1.839784e-04
	161	111	13.250000	45.750000	1.013131e+05	8.012859e-05
	164	162	14.000000	33.000000	1.017139e+05	-9.414668e-06
2022	2	15	4	21
	280	7	43.000000	71.750000	9.901523e+04	1.787954e-04
	132	42	6.000000	63.000000	9.801112e+04	7.815732e-05
	65	44	-10.750000	62.500000	9.813850e+04	2.417700e-04
	124	54	4.000000	60.000000	9.794940e+04	1.987716e-04
2022	2	16	5	0
	283	8	43.750000	71.500000	9.909216e+04	2.037304e-04
	132	42	6.000000	63.000000	9.801395e+04	6.986647e-05
	64	43	-11.000000	62.750000	9.823454e+04	2.534898e-04
	126	54	4.500000	60.000000	9.799812e+04	2.038484e-04
	149	56	10.250000	59.500000	9.799812e+04	1.359511e-04
2022	2	16	5	3
	285	8	44.250000	71.500000	9.913399e+04	1.708146e-04
	138	40	7.500000	63.500000	9.831554e+04	4.903075e-05
	63	42	-11.250000	63.000000	9.829455e+04	2.483711e-04
	151	54	10.750000	60.000000	9.818441e+04	1.612988e-04
	128	55	5.000000	59.750000	9.818441e+04	1.986519e-04
2022	2	16	5	6
	285	7	44.250000	71.750000	9.913712e+04	1.607519e-04
	60	41	-12.000000	63.250000	9.796773e+04	2.093570e-04
	153	53	11.250000	60.250000	9.819804e+04	1.621965e-04
	0	57	-27.000000	59.250000	9.561751e+04	1.257159e-04
	26	63	-20.500000	57.750000	9.580583e+04	1.320572e-04
2022	2	16	5	9
	285	7	44.250000	71.750000	9.917206e+04	1.229941e-04
	2	51	-26.500000	60.750000	9.520280e+04	2.625292e-04
	157	51	12.250000	60.750000	9.825381e+04	1.058097e-04
	19	52	-22.250000	60.500000	9.520280e+04	2.785801e-04
	35	56	-18.250000	59.500000	9.551583e+04	2.545188e-04
2022	2	16	4	12
	277	7	42.250000	71.750000	9.917049e+04	1.628834e-04
	139	36	7.750000	64.500000	9.840954e+04	9.746198e-05
	177	48	17.250000	61.500000	9.819412e+04	1.470164e-04
	7	52	-25.250000	60.500000	9.521001e+04	3.884790e-04
2022	2	16	4	15
	278	9	42.500000	71.250000	9.917143e+04	1.714753e-04
	130	34	5.500000	65.000000	9.827512e+04	1.461324e-04
	179	46	17.750000	62.000000	9.803306e+04	1.453908e-04
	6	48	-25.500000	61.500000	9.515846e+04	3.781994e-04
2022	2	16	5	18
	286	10	44.500000	71.000000	9.920057e+04	1.018957e-04
	180	45	18.000000	62.250000	9.792559e+04	1.659745e-04
	5	49	-25.750000	61.250000	9.524870e+04	4.138367e-04
	281	121	43.250000	43.250000	1.019013e+05	-2.671720e-05
	189	139	20.250000	38.750000	1.011668e+05	1.608115e-04
2022	2	16	4	21
	181	45	18.250000	62.250000	9.779680e+04	1.830962e-04
	10	48	-24.500000	61.500000	9.538657e+04	4.399430e-04
	150	109	10.500000	46.250000	1.008643e+05	-1.566911e-05
	189	139	20.250000	38.750000	1.011378e+05	1.376677e-04
2022	2	17	5	0
	183	45	18.750000	62.250000	9.772097e+04	1.513163e-04
	17	47	-22.750000	61.750000	9.565980e+04	4.250302e-04
	86	51	-5.500000	60.750000	9.633193e+04	1.782016e-04
	138	117	7.500000	44.250000	1.011637e+05	6.459289e-05
	191	142	20.750000	38.000000	1.009836e+05	1.517210e-04
2022	2	17	5	3
	186	45	19.500000	62.250000	9.751762e+04	1.030772e-04
	21	46	-21.750000	62.000000	9.598334e+04	4.006694e-04
	123	56	3.750000	59.500000	9.632723e+04	2.228464e-04
	137	117	7.250000	44.250000	1.011699e+05	1.095557e-04
	192	145	21.000000	37.250000	1.008238e+05	1.437656e-04
2022	2	17	7	6
	1	43	-26.750000	62.750000	9.639381e+04	1.886115e-04
	23	45	-21.250000	62.250000	9.639381e+04	3.766835e-04
	129	56	5.250000	59.500000	9.630639e+04	1.851016e-04
	149	59	10.250000	58.750000	9.630639e+04	2.608157e-04
	137	117	7.250000	44.250000	1.011547e+05	9.415284e-05
	192	147	21.000000	36.750000	1.008348e+05	1.560825e-04
	202	148	23.500000	36.500000	1.008348e+05	9.365510e-05
2022	2	17	4	9
	19	43	-22.250000	62.750000	9.689266e+04	3.048326e-04
	155	59	11.750000	58.750000	9.636765e+04	2.325059e-04
	207	148	24.750000	36.500000	1.008857e+05	1.030830e-04
	193	150	21.250000	36.000000	1.008857e+05	1.523561e-04
2022	2	17	4	12
	18	42	-22.500000	63.000000	9.724955e+04	2.883788e-04
	166	59	14.500000	58.750000	9.644175e+04	2.299666e-04
	195	153	21.750000	35.250000	1.008306e+05	1.608085e-04
	211	153	25.750000	35.250000	1.009532e+05	7.820509e-05
2022	2	17	4	15
	288	27	45.000000	66.750000	9.888660e+04	3.381261e-06
	15	40	-23.250000	63.500000	9.749411e+04	2.790058e-04
	185	57	19.250000	59.250000	9.639773e+04	1.998275e-04
	196	156	22.000000	34.500000	1.008345e+05	1.593296e-04
2022	2	17	4	18
	13	38	-23.750000	64.000000	9.777220e+04	2.695479e-04
	53	41	-13.750000	63.250000	9.815009e+04	2.234940e-04
	188	57	20.000000	59.250000	9.638973e+04	2.337148e-04
	198	160	22.500000	33.500000	1.009511e+05	1.330785e-04
2022	2	17	6	21
	156	20	12.000000	68.500000	9.785587e+04	4.094718e-05
	288	21	45.000000	68.250000	9.845607e+04	3.213921e-05
	5	37	-25.750000	64.250000	9.800000e+04	2.769254e-04
	49	41	-14.750000	63.250000	9.829078e+04	2.194522e-04
	0	50	-27.000000	61.000000	9.807051e+04	3.838414e-05
	195	58	21.750000	59.000000	9.652197e+04	2.256684e-04
2022	2	18	5	0
	288	19	45.000000	68.750000	9.832416e+04	-3.357143e-05
	149	21	10.250000	68.250000	9.797305e+04	5.152439e-05
	0	35	-27.000000	64.750000	9.836176e+04	1.264541e-04
	48	42	-15.000000	63.000000	9.832212e+04	2.427127e-04
	200	58	23.000000	59.000000	9.675322e+04	2.244504e-04
2022	2	18	5	3
	253	17	36.250000	69.250000	9.782986e+04	1.599504e-04
	143	22	8.750000	68.000000	9.799640e+04	5.474081e-05
	144	22	9.000000	68.000000	9.799640e+04	5.490350e-05
	51	41	-14.250000	63.250000	9.822483e+04	2.657384e-04
	206	58	24.500000	59.000000	9.699527e+04	2.042925e-04
2022	2	18	8	6
	251	17	35.750000	69.250000	9.782782e+04	1.670110e-04
	139	22	7.750000	68.000000	9.800612e+04	7.039062e-05
	163	23	13.750000	67.750000	9.800612e+04	-1.525037e-05
	47	42	-15.250000	63.000000	9.802053e+04	2.740314e-04
	1	59	-26.750000	58.750000	9.765862e+04	1.589192e-04
	212	59	26.000000	58.750000	9.731018e+04	1.713362e-04
	250	161	35.500000	33.250000	1.008862e+05	-7.576765e-06
	261	162	38.250000	33.000000	1.008862e+05	1.615961e-05
2022	2	18	8	9
	6	7	-25.500000	71.750000	1.002067e+05	-2.919355e-07
	250	17	35.500000	69.250000	9.791023e+04	1.875341e-04
	137	24	7.250000	67.500000	9.802601e+04	6.333221e-05
	45	43	-15.750000	62.750000	9.786213e+04	3.456638e-04
	227	51	29.750000	60.750000	9.756900e+04	2.650249e-05
	228	51	30.000000	60.750000	9.756900e+04	2.411178e-05
	7	58	-25.250000	59.000000	9.776280e+04	2.226663e-04
	261	162	38.250000	33.000000	1.007753e+05	2.164332e-05
2022	2	18	9	12
	6	7	-25.500000	71.750000	1.002094e+05	-3.986603e-06
	250	17	35.500000	69.250000	9.802476e+04	1.704152e-04
	132	24	6.000000	67.500000	9.807849e+04	8.489306e-05
	43	44	-16.250000	62.500000	9.784036e+04	3.416865e-04
	234	46	31.500000	62.000000	9.777800e+04	7.767584e-05
	34	51	-18.500000	60.750000	9.784036e+04	-1.386791e-04
	11	57	-24.250000	59.250000	9.792574e+04	2.333815e-04
	105	71	-0.750000	55.750000	9.902432e+04	1.328049e-04
	275	118	41.750000	44.000000	1.002896e+05	-3.446997e-05
2022	2	18	6	15
	6	7	-25.500000	71.750000	1.001744e+05	-2.416916e-07
	127	22	4.750000	68.000000	9.803839e+04	1.044602e-04
	256	37	37.000000	64.250000	9.794533e+04	1.033590e-04
	43	44	-16.250000	62.500000	9.775043e+04	3.098619e-04
	14	58	-23.500000	59.000000	9.809244e+04	2.241901e-04
	117	68	2.250000	56.500000	9.867024e+04	1.763899e-04
2022	2	18	9	18
	6	7	-25.500000	71.750000	1.000532e+05	1.147935e-05
	124	22	4.000000	68.000000	9.797055e+04	1.033915e-04
	264	33	39.000000	65.250000	9.800000e+04	1.116478e-04
	250	41	35.500000	63.250000	9.800000e+04	9.067979e-05
	41	43	-16.750000	62.750000	9.769638e+04	3.525525e-04
	30	57	-19.500000	59.250000	9.820023e+04	1.908035e-04
	126	67	4.500000	56.750000	9.838620e+04	2.799416e-04
	279	119	42.750000	43.750000	1.006717e+05	3.707175e-06
	273	129	41.250000	41.250000	1.006717e+05	-2.454735e-06
2022	2	18	8	21
	6	7	-25.500000	71.750000	9.999756e+04	2.057740e-05
	122	23	3.500000	67.750000	9.796381e+04	1.092106e-04
	151	26	10.750000	67.000000	9.796381e+04	9.639261e-05
	37	43	-17.750000	62.750000	9.779226e+04	3.969160e-04
	42	56	-16.500000	59.500000	9.805217e+04	1.372653e-04
	153	66	11.250000	57.000000	9.817610e+04	1.929307e-04
	138	67	7.500000	56.750000	9.817610e+04	3.219424e-04
	117	124	2.250000	42.500000	1.015162e+05	8.366280e-05
2022	2	19	7	0
	6	7	-25.500000	71.750000	9.991891e+04	9.100607e-06
	124	24	4.000000	67.500000	9.792652e+04	6.464702e-05
	282	24	43.500000	67.500000	9.811140e+04	1.259720e-04
	34	43	-18.500000	62.750000	9.785132e+04	3.357954e-04
	54	55	-13.500000	59.750000	9.837633e+04	1.711253e-04
	165	64	14.250000	57.500000	9.789394e+04	2.447704e-04
	108	130	0.000000	41.000000	1.015436e+05	5.563070e-05
2022	2	19	11	3
	6	7	-25.500000	71.750000	9.988021e+04	1.046299e-05
	144	21	9.000000	68.250000	9.792402e+04	7.409931e-05
	284	23	44.000000	67.750000	9.813521e+04	1.196452e-04
	123	25	3.750000	67.250000	9.792402e+04	1.258166e-04
	30	43	-19.500000	62.750000	9.788563e+04	3.103546e-04
	31	43	-19.250000	62.750000	9.788563e+04	3.168189e-04
	63	54	-11.250000	60.000000	9.844088e+04	1.660218e-04
	183	64	18.750000	57.500000	9.758639e+04	2.469066e-04
	139	109	7.750000	46.250000	1.012760e+05	-4.848281e-05
	107	132	-0.250000	40.500000	1.015036e+05	3.249859e-05
	237	158	32.250000	34.000000	1.002536e+05	2.062675e-04
2022	2	19	7	6
	6	7	-25.500000	71.750000	9.980438e+04	9.026569e-06
	125	26	4.250000	67.000000	9.791932e+04	1.466360e-04
	28	43	-20.000000	62.750000	9.797948e+04	2.713591e-04
	75	53	-8.250000	60.250000	9.840751e+04	1.673882e-04
	191	63	20.750000	57.750000	9.734183e+04	2.555827e-04
	137	112	7.250000	45.500000	1.013141e+05	-1.015093e-05
	239	161	32.750000	33.250000	1.002366e+05	1.658916e-04
2022	2	19	9	9
	6	7	-25.500000	71.750000	9.985405e+04	6.426693e-06
	129	27	5.250000	66.750000	9.799264e+04	1.614642e-04
	253	42	36.250000	63.000000	9.830598e+04	1.293131e-04
	26	43	-20.500000	62.750000	9.821730e+04	1.940025e-04
	86	53	-5.500000	60.250000	9.848349e+04	1.687338e-04
	198	64	22.500000	57.500000	9.759094e+04	2.838924e-04
	137	112	7.250000	45.500000	1.015002e+05	7.210889e-06
	50	147	-14.500000	36.750000	1.019533e+05	1.504387e-04
	239	162	32.750000	33.000000	1.002697e+05	1.073017e-04
2022	2	19	9	12
	6	7	-25.500000	71.750000	9.990387e+04	-1.281934e-06
	136	27	7.000000	66.750000	9.803102e+04	1.888539e-04
	259	40	37.750000	63.500000	9.832400e+04	9.325248e-05
	23	41	-21.250000	63.250000	9.813177e+04	1.460663e-04
	97	50	-2.750000	61.000000	9.848334e+04	2.003641e-04
	219	64	27.750000	57.500000	9.778333e+04	1.869419e-04
	135	114	6.750000	45.000000	1.014646e+05	3.688778e-05
	51	148	-14.250000	36.500000	1.020210e+05	1.545219e-04
	276	162	42.000000	33.000000	9.981880e+04	3.698714e-05
2022	2	19	8	15
	6	7	-25.500000	71.750000	9.989275e+04	-5.065616e-06
	142	27	8.500000	66.750000	9.804497e+04	2.096207e-04
	263	38	38.750000	64.000000	9.834233e+04	1.185256e-04
	109	51	0.250000	60.750000	9.851905e+04	1.719205e-04
	0	56	-27.000000	59.500000	9.735765e+04	1.296233e-04
	232	64	31.000000	57.500000	9.784960e+04	1.587728e-04
	50	149	-14.500000	36.250000	1.019035e+05	1.775179e-04
	275	162	41.750000	33.000000	9.992862e+04	6.581753e-05
2022	2	19	8	18
	6	7	-25.500000	71.750000	9.983274e+04	1.066063e-05
	147	26	9.750000	67.000000	9.806189e+04	2.273855e-04
	268	34	40.000000	65.000000	9.835894e+04	9.604282e-05
	118	51	2.500000	60.750000	9.862591e+04	1.693350e-04
	2	52	-26.500000	60.500000	9.686038e+04	2.484814e-04
	244	64	34.000000	57.500000	9.793905e+04	1.328044e-04
	48	150	-15.000000	36.000000	1.019387e+05	2.068003e-04
	280	160	43.000000	33.500000	1.002100e+05	1.562108e-04
2022	2	19	9	21
	0	18	-27.000000	69.000000	9.842333e+04	-8.555363e-05
	149	25	10.250000	67.250000	9.809604e+04	2.041186e-04
	270	32	40.500000	65.500000	9.836740e+04	1.151965e-04
	6	49	-25.500000	61.250000	9.638692e+04	3.432963e-04
	127	49	4.750000	61.250000	9.877223e+04	1.636794e-04
	256	64	37.000000	57.500000	9.794454e+04	1.166400e-04
	274	146	41.500000	37.000000	1.003675e+05	6.166875e-05
	47	151	-15.250000	35.750000	1.020344e+05	2.060078e-04
	280	158	43.000000	34.000000	1.003626e+05	1.841452e-04
2022	2	20	10	0
	6	7	-25.500000	71.750000	9.962594e+04	6.641314e-06
	153	25	11.250000	67.250000	9.815151e+04	2.221125e-04
	272	31	41.000000	65.750000	9.841252e+04	1.213623e-04
	9	46	-24.750000	62.000000	9.583152e+04	4.864933e-04
	141	53	8.250000	60.250000	9.894755e+04	3.371206e-05
	263	62	38.750000	58.000000	9.803776e+04	2.020497e-04
	279	145	42.750000	37.250000	1.005058e+05	-6.376870e-05
	266	148	39.500000	36.500000	1.005639e+05	8.357541e-05
	47	154	-15.250000	35.000000	1.020822e+05	1.770385e-04
	280	156	43.000000	34.500000	1.005058e+05	1.949496e-04
