2022	2	16	5	0
	53	39	-13.750000	63.750000	9.733849e+04	3.389168e-04
	184	43	19.000000	62.750000	9.900037e+04	1.633033e-04
	118	54	2.500000	60.000000	9.802857e+04	2.203795e-04
	65	67	-10.750000	56.750000	9.724514e+04	3.048900e-04
	171	121	15.750000	43.250000	1.014288e+05	1.270488e-05
2022	2	16	4	3
	46	38	-15.500000	64.000000	9.746331e+04	2.647783e-04
	123	55	3.750000	59.750000	9.799147e+04	2.103254e-04
	75	66	-8.250000	57.000000	9.722842e+04	2.945901e-04
	174	123	16.500000	42.750000	1.014156e+05	5.868303e-05
2022	2	16	2	6
	84	66	-6.000000	57.000000	9.745419e+04	2.854133e-04
	100	68	-2.000000	56.500000	9.745419e+04	2.262014e-04
2022	2	16	4	9
	114	34	1.500000	65.000000	9.781922e+04	1.911410e-04
	116	68	2.000000	56.500000	9.764757e+04	1.940962e-04
	137	116	7.250000	44.500000	1.011820e+05	5.168434e-05
	182	134	18.500000	40.000000	1.013972e+05	1.320374e-04
2022	2	16	5	12
	110	34	0.500000	65.000000	9.762705e+04	1.892750e-04
	43	57	-16.250000	59.250000	9.736448e+04	6.198333e-05
	123	67	3.750000	56.750000	9.748125e+04	2.056254e-04
	64	68	-11.000000	56.500000	9.715985e+04	2.469223e-04
	183	138	18.750000	39.000000	1.011892e+05	1.828389e-04
2022	2	16	6	15
	0	35	-27.000000	64.750000	9.788368e+04	-1.034157e-05
	66	53	-10.500000	60.250000	9.717885e+04	9.387993e-05
	77	66	-7.750000	57.000000	9.675012e+04	3.062420e-04
	136	67	7.000000	56.750000	9.734031e+04	2.125283e-04
	137	116	7.250000	44.500000	1.010358e+05	6.257537e-05
	184	135	19.000000	39.750000	1.009766e+05	1.546827e-04
2022	2	16	4	18
	87	66	-5.250000	57.000000	9.683298e+04	3.204397e-04
	148	108	10.000000	46.500000	1.004728e+05	-4.641547e-05
	279	120	42.750000	43.500000	1.020920e+05	-1.864830e-05
	185	134	19.250000	40.000000	1.010785e+05	1.115139e-04
2022	2	16	5	21
	288	10	45.000000	71.000000	9.906574e+04	9.996738e-05
	111	67	0.750000	56.750000	9.689242e+04	2.130643e-04
	137	117	7.250000	44.250000	1.010694e+05	6.657070e-05
	278	120	42.500000	43.500000	1.020617e+05	-4.252352e-05
	183	133	18.750000	40.250000	1.011582e+05	1.175062e-04
2022	2	17	3	0
	179	62	17.750000	58.000000	9.667212e+04	1.940637e-04
	278	120	42.500000	43.500000	1.019044e+05	-4.103989e-05
	183	133	18.750000	40.250000	1.011892e+05	9.632204e-05
2022	2	17	3	3
	288	11	45.000000	70.750000	9.907973e+04	9.560509e-05
	190	58	20.500000	59.000000	9.634480e+04	1.875127e-04
	138	117	7.500000	44.250000	1.006630e+05	1.060552e-04
2022	2	17	5	6
	193	56	21.250000	59.500000	9.614138e+04	1.939622e-04
	197	68	22.250000	56.500000	9.614351e+04	1.386245e-04
	0	105	-27.000000	47.250000	1.002066e+05	5.654723e-05
	150	109	10.500000	46.250000	9.993461e+04	2.164490e-05
	279	121	42.750000	43.250000	1.017251e+05	-3.563125e-05
2022	2	17	4	9
	195	55	21.750000	59.750000	9.603344e+04	2.173280e-04
	206	63	24.500000	57.750000	9.603344e+04	1.870907e-04
	4	101	-26.000000	48.250000	9.970306e+04	3.068582e-04
	278	120	42.500000	43.500000	1.015833e+05	-4.730015e-05
2022	2	17	3	12
	209	56	25.250000	59.500000	9.598600e+04	1.418408e-04
	12	96	-24.000000	49.500000	9.914616e+04	3.555457e-04
	272	119	41.000000	43.750000	1.012363e+05	-5.271069e-05
2022	2	17	2	15
	212	53	26.000000	60.250000	9.593568e+04	1.422286e-04
	21	92	-21.750000	50.500000	9.790816e+04	4.264377e-04
2022	2	17	4	18
	215	51	26.750000	60.750000	9.591105e+04	1.523556e-04
	28	88	-20.000000	51.500000	9.696525e+04	5.561720e-04
	159	107	12.750000	46.750000	1.006052e+05	-6.134756e-05
	277	118	42.250000	44.000000	1.011452e+05	-2.185359e-06
2022	2	17	2	21
	219	49	27.750000	61.250000	9.595773e+04	1.534475e-04
	36	86	-18.000000	52.000000	9.623838e+04	6.515196e-04
2022	2	18	3	0
	6	7	-25.500000	71.750000	1.004128e+05	-1.168091e-05
	220	46	28.000000	62.000000	9.601109e+04	1.932282e-04
	47	84	-15.250000	52.500000	9.580584e+04	5.304605e-04
2022	2	18	3	3
	6	7	-25.500000	71.750000	1.003690e+05	-2.264733e-05
	221	44	28.250000	62.500000	9.603937e+04	1.581909e-04
	57	80	-12.750000	53.500000	9.549266e+04	3.612794e-04
2022	2	18	4	6
	6	7	-25.500000	71.750000	1.003083e+05	-3.223680e-05
	222	42	28.500000	63.000000	9.613637e+04	1.486226e-04
	66	79	-10.500000	53.750000	9.548612e+04	4.026245e-04
	138	117	7.500000	44.250000	1.013391e+05	7.771552e-05
2022	2	18	5	9
	6	7	-25.500000	71.750000	1.002885e+05	-4.983730e-05
	225	41	29.250000	63.250000	9.627350e+04	1.341954e-04
	78	78	-7.500000	54.000000	9.588369e+04	3.653427e-04
	287	141	44.750000	38.250000	1.011621e+05	6.628673e-06
	256	162	37.000000	33.000000	1.009516e+05	1.396367e-05
2022	2	18	7	12
	6	7	-25.500000	71.750000	1.003209e+05	-5.739232e-05
	229	39	30.250000	63.750000	9.646491e+04	1.348291e-04
	97	64	-2.750000	57.500000	9.614336e+04	1.892309e-04
	91	76	-4.250000	54.500000	9.611858e+04	3.887267e-04
	118	124	2.500000	42.500000	1.011678e+05	7.127156e-05
	287	141	44.750000	38.250000	1.009161e+05	1.554492e-05
	257	162	37.250000	33.000000	1.006686e+05	2.080986e-05
2022	2	18	4	15
	232	36	31.000000	64.500000	9.664005e+04	9.708954e-05
	116	61	2.000000	58.250000	9.623412e+04	1.937363e-04
	107	72	-0.250000	55.500000	9.622606e+04	3.022006e-04
	238	137	32.500000	39.250000	1.005608e+05	6.209104e-05
2022	2	18	7	18
	232	33	31.000000	65.250000	9.674556e+04	1.784327e-05
	0	57	-27.000000	59.250000	9.772389e+04	1.347635e-04
	118	61	2.500000	58.250000	9.627046e+04	1.612277e-04
	141	61	8.250000	58.250000	9.631379e+04	1.645315e-04
	120	69	3.000000	56.250000	9.627046e+04	2.233926e-04
	108	128	0.000000	41.500000	1.011256e+05	5.254514e-05
	240	139	33.000000	38.750000	1.008207e+05	8.410485e-05
2022	2	18	8	21
	6	7	-25.500000	71.750000	1.002917e+05	-6.768627e-06
	237	32	32.250000	65.500000	9.682249e+04	2.223341e-05
	238	32	32.500000	65.500000	9.682249e+04	2.796419e-05
	0	52	-27.000000	60.500000	9.749432e+04	1.334865e-04
	146	59	9.500000	58.750000	9.638509e+04	1.718788e-04
	134	67	6.500000	56.750000	9.638509e+04	2.601944e-04
	273	129	41.250000	41.250000	1.009348e+05	2.695072e-06
	224	149	29.000000	36.250000	1.007592e+05	2.071804e-04
2022	2	19	6	0
	6	7	-25.500000	71.750000	1.002934e+05	1.541752e-06
	245	29	34.250000	66.250000	9.687236e+04	9.871730e-05
	2	50	-26.500000	61.000000	9.744476e+04	1.570113e-04
	143	65	8.750000	57.250000	9.651948e+04	2.167735e-04
	136	114	7.000000	45.000000	1.012585e+05	4.423998e-05
	226	151	29.500000	35.750000	1.005686e+05	1.868856e-04
2022	2	19	8	3
	6	7	-25.500000	71.750000	1.001791e+05	-4.470963e-06
	246	25	34.500000	67.250000	9.691751e+04	9.214078e-05
	0	48	-27.000000	61.500000	9.758965e+04	1.000138e-04
	0	56	-27.000000	59.500000	9.758965e+04	6.494825e-05
	30	56	-19.500000	59.500000	9.759801e+04	2.432943e-04
	160	64	13.000000	57.500000	9.667988e+04	2.696610e-04
	137	117	7.250000	44.250000	1.011486e+05	1.492331e-04
	226	154	29.500000	35.000000	1.005651e+05	1.714445e-04
2022	2	19	8	6
	253	17	36.250000	69.250000	9.695323e+04	7.085199e-05
	125	26	4.250000	67.000000	9.745784e+04	1.303451e-04
	187	53	19.750000	60.250000	9.677505e+04	1.218674e-04
	33	55	-18.750000	59.750000	9.768802e+04	2.071791e-04
	55	62	-13.250000	58.000000	9.775430e+04	2.661095e-04
	173	62	16.250000	58.000000	9.677505e+04	1.837882e-04
	137	117	7.250000	44.250000	1.011614e+05	1.274714e-04
	224	157	29.000000	34.250000	1.008041e+05	1.564451e-04
2022	2	19	9	9
	6	7	-25.500000	71.750000	1.001735e+05	-1.609888e-05
	257	16	37.250000	69.500000	9.709645e+04	4.693429e-05
	123	28	3.750000	66.500000	9.755103e+04	1.347189e-04
	190	53	20.500000	60.250000	9.699627e+04	8.931106e-05
	33	55	-18.750000	59.750000	9.796745e+04	2.073753e-04
	62	61	-11.500000	58.250000	9.787288e+04	2.364517e-04
	183	61	18.750000	58.250000	9.699627e+04	1.389699e-04
	137	118	7.250000	44.000000	1.014527e+05	1.298583e-04
	222	162	28.500000	33.000000	1.010530e+05	7.546436e-05
2022	2	19	9	12
	263	15	38.750000	69.750000	9.726931e+04	6.637025e-05
	154	25	11.500000	67.250000	9.765943e+04	8.554052e-05
	133	29	6.250000	66.250000	9.765943e+04	1.059617e-04
	134	29	6.500000	66.250000	9.765943e+04	1.118083e-04
	33	54	-18.750000	60.000000	9.817406e+04	2.010919e-04
	197	55	22.250000	59.750000	9.724134e+04	5.815681e-05
	66	60	-10.500000	58.500000	9.812830e+04	2.444437e-04
	136	118	7.000000	44.000000	1.014577e+05	1.256329e-04
	93	146	-3.750000	37.000000	1.019278e+05	7.692205e-05
2022	2	19	7	15
	263	15	38.750000	69.750000	9.737513e+04	6.848577e-05
	158	24	12.500000	67.500000	9.766582e+04	1.043497e-04
	139	29	7.750000	66.250000	9.766582e+04	1.187489e-04
	210	51	25.500000	60.750000	9.741877e+04	9.010024e-05
	31	53	-19.250000	60.250000	9.824355e+04	2.417569e-04
	68	60	-10.000000	58.500000	9.845244e+04	2.359180e-04
	135	119	6.750000	43.750000	1.013072e+05	1.361244e-04
2022	2	19	11	18
	263	15	38.750000	69.750000	9.748231e+04	8.362961e-05
	159	23	12.750000	67.750000	9.773180e+04	1.075915e-04
	144	29	9.000000	66.250000	9.773180e+04	1.411600e-04
	219	50	27.750000	61.000000	9.759801e+04	8.347275e-05
	220	50	28.000000	61.000000	9.759801e+04	7.693214e-05
	0	60	-27.000000	58.500000	9.724560e+04	1.147240e-04
	72	61	-9.000000	58.250000	9.880074e+04	2.182188e-04
	118	73	2.500000	55.250000	9.894107e+04	2.076315e-04
	137	121	7.250000	43.250000	1.014855e+05	1.293993e-04
	147	126	9.750000	42.000000	1.014855e+05	-6.200242e-06
	121	158	3.250000	34.000000	1.016962e+05	4.148303e-05
2022	2	19	6	21
	264	16	39.000000	69.500000	9.761580e+04	7.687504e-05
	150	28	10.500000	66.500000	9.779307e+04	1.406998e-04
	230	49	30.500000	61.250000	9.772131e+04	6.793388e-05
	0	56	-27.000000	59.500000	9.630968e+04	1.372017e-04
	127	73	4.750000	55.250000	9.904445e+04	2.350495e-04
	276	162	42.000000	33.000000	1.011203e+05	7.785190e-05
2022	2	20	4	0
	152	28	11.000000	66.500000	9.789174e+04	1.377916e-04
	238	47	32.500000	61.750000	9.780356e+04	9.348483e-05
	0	52	-27.000000	60.500000	9.571949e+04	1.101765e-04
	132	74	6.000000	55.000000	9.923754e+04	2.142777e-04
