2022	2	10	7	0
	165	5	14.250000	72.250000	9.687806e+04	7.846949e-05
	148	22	10.000000	68.000000	9.645260e+04	5.030939e-04
	59	56	-12.250000	59.500000	9.853734e+04	5.214286e-04
	152	106	11.000000	47.000000	1.022335e+05	-3.677241e-05
	139	110	7.750000	46.000000	1.022335e+05	-6.842011e-05
	39	149	-17.250000	36.250000	1.020123e+05	8.301079e-05
	248	157	35.000000	34.250000	1.007390e+05	1.497128e-04
2022	2	10	5	6
	177	4	17.250000	72.500000	9.716128e+04	1.465656e-04
	166	22	14.500000	68.000000	9.666291e+04	3.695359e-04
	78	59	-7.500000	58.750000	9.893477e+04	5.486535e-04
	158	106	12.500000	47.000000	1.022209e+05	-4.088428e-05
	250	152	35.500000	35.500000	1.010383e+05	9.947883e-05
2022	2	10	6	12
	175	4	16.750000	72.500000	9.720511e+04	2.866248e-04
	190	26	20.500000	67.000000	9.760823e+04	1.782104e-04
	94	63	-3.500000	57.750000	9.982910e+04	3.345569e-04
	137	117	7.250000	44.250000	1.022889e+05	1.187815e-04
	284	139	44.000000	38.750000	1.009632e+05	2.466438e-05
	270	152	40.500000	35.500000	1.010598e+05	6.842356e-05
2022	2	10	4	18
	187	6	19.750000	72.000000	9.744913e+04	2.579711e-04
	38	18	-17.500000	69.000000	9.991213e+04	1.318416e-04
	208	28	25.000000	66.500000	9.799661e+04	1.536418e-04
	111	67	0.750000	56.750000	1.002527e+05	3.342480e-04
2022	2	11	5	0
	191	4	20.750000	72.500000	9.763500e+04	2.073055e-04
	54	15	-13.500000	69.750000	9.948498e+04	2.223859e-04
	0	70	-27.000000	56.000000	9.959878e+04	1.301801e-04
	124	73	4.000000	55.250000	1.007601e+05	3.382803e-04
	135	119	6.750000	43.750000	1.023060e+05	7.822082e-05
2022	2	11	3	6
	198	4	22.500000	72.500000	9.772793e+04	2.217745e-04
	72	15	-9.000000	69.750000	9.927847e+04	2.016567e-04
	137	78	7.250000	54.000000	1.011744e+05	2.909643e-04
2022	2	11	5	12
	206	6	24.500000	72.000000	9.787839e+04	3.103340e-04
	88	16	-5.000000	69.500000	9.934021e+04	1.611023e-04
	0	55	-27.000000	59.750000	9.896828e+04	7.845400e-05
	0	67	-27.000000	56.750000	9.896385e+04	1.099158e-04
	135	119	6.750000	43.750000	1.021094e+05	7.905811e-05
2022	2	11	4	18
	216	7	27.000000	71.750000	9.787628e+04	3.012058e-04
	131	20	5.750000	68.500000	9.952312e+04	1.056003e-04
	22	53	-21.500000	60.250000	9.901464e+04	1.174259e-04
	18	62	-22.500000	58.000000	9.901464e+04	1.291548e-04
2022	2	12	4	0
	225	8	29.250000	71.500000	9.786427e+04	3.144163e-04
	154	25	11.500000	67.250000	9.929491e+04	1.675826e-04
	27	52	-20.250000	60.500000	9.885933e+04	1.284488e-04
	40	59	-17.000000	58.750000	9.885933e+04	1.307487e-04
2022	2	12	4	6
	235	9	31.750000	71.250000	9.783477e+04	2.995261e-04
	158	28	12.500000	66.500000	9.960637e+04	1.867593e-04
	55	54	-13.250000	60.000000	9.861889e+04	1.013465e-04
	248	95	35.000000	49.750000	1.013409e+05	1.647430e-04
2022	2	12	3	12
	241	10	33.250000	71.000000	9.798228e+04	2.875610e-04
	65	51	-10.750000	60.750000	9.860814e+04	1.232226e-04
	265	98	39.250000	49.000000	1.011641e+05	1.763658e-04
2022	2	12	3	18
	248	11	35.000000	70.750000	9.806341e+04	2.951516e-04
	82	50	-6.500000	61.000000	9.848128e+04	1.608533e-04
	285	100	44.250000	48.500000	1.009919e+05	1.379448e-04
2022	2	13	5	0
	243	2	33.750000	73.000000	9.829289e+04	3.293011e-05
	256	12	37.000000	70.500000	9.829289e+04	3.041093e-04
	111	44	0.750000	62.500000	9.842734e+04	1.547638e-04
	96	52	-3.000000	60.500000	9.842734e+04	1.196731e-04
	54	100	-13.500000	48.500000	1.000457e+05	1.370821e-04
2022	2	13	3	6
	264	13	39.000000	70.250000	9.849266e+04	2.641126e-04
	122	43	3.500000	62.750000	9.798649e+04	2.137513e-04
	76	94	-8.000000	50.000000	9.907891e+04	2.403242e-04
2022	2	13	7	12
	179	0	17.750000	73.500000	9.904330e+04	1.166084e-04
	275	12	41.750000	70.500000	9.878115e+04	3.401151e-04
	40	36	-17.000000	64.500000	1.005612e+05	3.550676e-05
	130	40	5.500000	63.500000	9.786301e+04	3.650794e-04
	151	40	10.750000	63.500000	9.786301e+04	3.540112e-05
	142	47	8.500000	61.750000	9.786301e+04	-2.018388e-05
	90	88	-4.500000	51.500000	9.863280e+04	3.066275e-04
2022	2	13	5	18
	188	0	20.000000	73.500000	9.912970e+04	7.629081e-05
	283	9	43.750000	71.250000	9.890359e+04	3.547466e-04
	6	14	-25.500000	70.000000	9.998167e+04	2.737171e-05
	152	40	11.000000	63.500000	9.807247e+04	-1.188216e-05
	107	81	-0.250000	53.250000	9.827582e+04	3.331527e-04
2022	2	14	5	0
	285	5	44.250000	72.250000	9.906311e+04	2.809737e-04
	6	14	-25.500000	70.000000	9.993805e+04	4.027969e-05
	163	38	13.750000	64.000000	9.818479e+04	7.072711e-05
	187	39	19.750000	63.750000	9.818479e+04	9.352502e-05
	121	75	3.250000	54.750000	9.802316e+04	3.818192e-04
2022	2	14	4	6
	283	1	43.750000	73.250000	9.912401e+04	2.389349e-04
	200	33	23.000000	65.250000	9.820818e+04	1.030471e-04
	138	69	7.500000	56.250000	9.787966e+04	3.397629e-04
	150	102	10.500000	48.000000	1.001779e+05	-1.092480e-04
2022	2	14	5	12
	201	28	23.250000	66.500000	9.828868e+04	1.022698e-04
	0	51	-27.000000	60.750000	9.844251e+04	9.431385e-05
	172	58	16.000000	59.000000	9.813042e+04	1.251073e-04
	155	64	11.750000	57.500000	9.813042e+04	2.902085e-04
	126	119	4.500000	43.750000	1.005951e+05	1.682034e-04
2022	2	14	3	18
	205	24	24.250000	67.500000	9.819785e+04	1.229302e-04
	0	41	-27.000000	63.250000	9.783477e+04	1.388247e-04
	189	54	20.250000	60.000000	9.830785e+04	1.675096e-04
2022	2	15	4	0
	288	24	45.000000	67.500000	1.000972e+05	-1.094225e-05
	0	37	-27.000000	64.250000	9.796057e+04	1.325253e-04
	22	45	-21.500000	62.250000	9.797512e+04	2.453299e-04
	138	121	7.500000	43.250000	1.006971e+05	1.394379e-04
2022	2	15	3	6
	233	31	31.250000	65.750000	9.814496e+04	5.903600e-05
	24	35	-21.000000	64.750000	9.819027e+04	7.829195e-06
	145	121	9.250000	43.250000	1.006063e+05	1.638173e-04
2022	2	15	7	12
	288	21	45.000000	68.250000	9.929997e+04	1.655871e-05
	245	26	34.250000	67.000000	9.805983e+04	9.279239e-05
	0	28	-27.000000	66.500000	9.833061e+04	1.411335e-04
	288	30	45.000000	66.000000	9.929997e+04	1.051325e-04
	27	34	-20.250000	65.000000	9.834684e+04	1.191032e-04
	0	81	-27.000000	53.250000	9.859212e+04	1.245705e-04
	147	119	9.750000	43.750000	1.007030e+05	1.958851e-04
2022	2	15	7	18
	6	7	-25.500000	71.750000	9.920872e+04	5.124746e-05
	221	14	28.250000	70.000000	9.802042e+04	1.305522e-04
	255	21	36.750000	68.250000	9.803306e+04	1.084124e-04
	288	26	45.000000	67.000000	9.883447e+04	1.122371e-04
	0	67	-27.000000	56.750000	9.612618e+04	1.699720e-04
	164	119	14.000000	43.750000	1.009614e+05	9.353495e-05
	150	120	10.500000	43.500000	1.009614e+05	1.897277e-04
2022	2	16	4	0
	264	17	39.000000	69.250000	9.807648e+04	1.103326e-04
	7	59	-25.250000	58.750000	9.461230e+04	4.606287e-04
	161	114	13.250000	45.000000	1.011148e+05	9.478229e-05
	170	121	15.500000	43.250000	1.011148e+05	4.133462e-05
2022	2	16	5	6
	261	14	38.250000	70.000000	9.805793e+04	9.110919e-05
	42	50	-16.500000	61.000000	9.440305e+04	2.397830e-04
	182	115	18.500000	44.750000	1.012081e+05	-2.821713e-05
	161	116	13.250000	44.500000	1.011932e+05	9.579210e-05
	173	123	16.250000	42.750000	1.011932e+05	3.498384e-05
2022	2	16	4	12
	259	12	37.750000	70.500000	9.815170e+04	9.328659e-05
	251	22	35.750000	68.000000	9.815170e+04	-1.706262e-05
	70	47	-9.500000	61.750000	9.447427e+04	1.881037e-04
	71	47	-9.250000	61.750000	9.447427e+04	1.860692e-04
2022	2	16	3	18
	251	12	35.750000	70.500000	9.816477e+04	1.213710e-04
	83	45	-6.250000	62.250000	9.509340e+04	2.235929e-04
	0	98	-27.000000	49.000000	9.936866e+04	1.201428e-04
2022	2	17	5	0
	245	13	34.250000	70.250000	9.820544e+04	9.999012e-05
	288	28	45.000000	66.500000	9.900284e+04	1.121265e-04
	0	32	-27.000000	65.500000	9.807500e+04	4.489543e-05
	106	43	-0.500000	62.750000	9.603577e+04	2.464796e-04
	10	89	-24.500000	51.250000	9.823305e+04	3.969719e-04
2022	2	17	5	6
	213	8	26.250000	71.500000	9.825264e+04	1.330744e-04
	288	25	45.000000	67.250000	9.900136e+04	8.603925e-05
	0	34	-27.000000	65.000000	9.814306e+04	2.263875e-05
	128	43	5.000000	62.750000	9.647473e+04	3.082990e-04
	36	77	-18.000000	54.250000	9.750772e+04	4.707149e-04
2022	2	17	3	12
	55	39	-13.250000	63.750000	9.742996e+04	3.677116e-04
	145	42	9.250000	63.000000	9.729341e+04	1.933785e-05
	66	69	-10.500000	56.250000	9.729045e+04	4.572893e-04
2022	2	17	4	18
	144	38	9.000000	64.000000	9.747695e+04	7.376501e-05
	145	38	9.250000	64.000000	9.747695e+04	6.887021e-05
	54	40	-13.500000	63.500000	9.732227e+04	3.761417e-04
	108	62	0.000000	58.000000	9.737264e+04	2.914546e-04
2022	2	18	3	0
	58	42	-12.500000	63.000000	9.721755e+04	4.544433e-04
	34	55	-18.500000	59.750000	9.855736e+04	1.571793e-04
	155	61	11.750000	58.250000	9.717603e+04	1.601130e-04
2022	2	18	3	6
	68	43	-10.000000	62.750000	9.697584e+04	4.540841e-04
	199	54	22.750000	60.000000	9.678639e+04	-2.329085e-05
	199	64	22.750000	57.500000	9.678639e+04	1.983537e-04
2022	2	18	4	12
	149	26	10.250000	67.000000	9.780379e+04	6.138623e-05
	73	44	-8.750000	62.500000	9.688417e+04	5.860119e-04
	222	65	28.500000	57.250000	9.688796e+04	1.858246e-04
	74	153	-8.500000	35.250000	1.019349e+05	4.397323e-05
2022	2	18	7	18
	6	7	-25.500000	71.750000	1.002421e+05	-4.746982e-05
	154	24	11.500000	67.500000	9.790136e+04	7.227722e-05
	142	31	8.500000	65.750000	9.790136e+04	1.210358e-04
	85	47	-5.750000	61.750000	9.701293e+04	3.741672e-04
	4	55	-26.000000	59.750000	9.926857e+04	2.489863e-04
	247	69	34.750000	56.250000	9.726496e+04	8.792523e-05
	74	151	-8.500000	35.750000	1.016081e+05	8.736814e-05
2022	2	19	8	0
	6	7	-25.500000	71.750000	1.004111e+05	-3.395455e-05
	156	24	12.000000	67.500000	9.796310e+04	1.185723e-04
	153	32	11.250000	65.500000	9.796310e+04	1.453018e-04
	257	44	37.250000	62.500000	9.765987e+04	3.584332e-05
	101	48	-1.750000	61.500000	9.727823e+04	4.435116e-04
	22	56	-21.500000	59.500000	9.967359e+04	2.188818e-04
	267	72	39.750000	55.500000	9.742384e+04	1.385868e-04
	288	76	45.000000	54.500000	9.801789e+04	7.402208e-05
2022	2	19	5	6
	6	7	-25.500000	71.750000	1.004834e+05	-8.545084e-06
	151	21	10.750000	68.250000	9.806109e+04	9.681730e-05
	152	32	11.000000	65.500000	9.806109e+04	5.575296e-05
	117	50	2.250000	61.000000	9.753680e+04	4.446328e-04
	283	71	43.750000	55.750000	9.769189e+04	1.326186e-04
2022	2	19	3	12
	158	24	12.500000	67.500000	9.835948e+04	4.914805e-05
	151	35	10.750000	64.750000	9.835948e+04	2.500174e-05
	129	52	5.250000	60.500000	9.828088e+04	3.385984e-04
2022	2	19	6	18
	158	25	12.500000	67.250000	9.869496e+04	7.991085e-05
	288	39	45.000000	63.750000	9.810851e+04	-2.750061e-05
	275	46	41.750000	62.000000	9.800314e+04	5.564748e-05
	0	47	-27.000000	61.750000	9.714779e+04	1.950644e-04
	150	58	10.500000	59.000000	9.882835e+04	2.821004e-04
	138	117	7.500000	44.250000	1.016022e+05	9.418098e-05
2022	2	20	6	0
	157	27	12.250000	66.750000	9.906311e+04	9.235063e-05
	0	35	-27.000000	64.750000	9.712061e+04	1.772341e-04
	28	38	-20.000000	64.000000	9.715980e+04	-1.074335e-05
	27	39	-20.250000	63.750000	9.715938e+04	9.150814e-05
	279	46	42.750000	62.000000	9.800103e+04	6.663660e-05
	146	89	9.500000	51.250000	1.012210e+05	2.302986e-04
