2022	2	10	7	0
	172	11	16.000000	70.750000	9.675052e+04	1.377024e-04
	148	22	10.000000	68.000000	9.659625e+04	4.814097e-04
	59	56	-12.250000	59.500000	9.858089e+04	4.731594e-04
	152	106	11.000000	47.000000	1.022752e+05	-3.468249e-05
	139	110	7.750000	46.000000	1.022752e+05	-7.168890e-05
	283	140	43.750000	38.500000	1.009538e+05	2.557430e-05
	248	157	35.000000	34.250000	1.007525e+05	1.320907e-04
2022	2	10	8	6
	8	6	-25.000000	72.000000	1.002984e+05	-1.796343e-06
	178	7	17.500000	71.750000	9.728466e+04	1.703144e-04
	10	14	-24.500000	70.000000	1.002984e+05	4.314409e-05
	166	23	14.500000	67.750000	9.704670e+04	3.299387e-04
	78	58	-7.500000	59.000000	9.900840e+04	4.902863e-04
	150	109	10.500000	46.250000	1.021774e+05	-2.998218e-06
	249	150	35.250000	36.000000	1.009746e+05	7.788811e-05
	255	157	36.750000	34.250000	1.009746e+05	4.228590e-05
2022	2	10	9	12
	203	0	23.750000	73.500000	9.746166e+04	-9.668214e-06
	8	6	-25.000000	72.000000	1.002617e+05	5.672860e-06
	181	7	18.250000	71.750000	9.746166e+04	1.882380e-04
	18	22	-22.500000	68.000000	1.002617e+05	1.123521e-04
	191	29	20.750000	66.250000	9.775959e+04	1.363613e-04
	94	62	-3.500000	58.000000	9.980598e+04	3.949261e-04
	137	117	7.250000	44.250000	1.022391e+05	1.290956e-04
	284	139	44.000000	38.750000	1.009805e+05	2.870007e-05
	270	152	40.500000	35.500000	1.009262e+05	6.583591e-05
2022	2	10	10	18
	203	0	23.750000	73.500000	9.771726e+04	-1.348661e-05
	9	6	-24.750000	72.000000	1.001839e+05	-2.279983e-05
	190	8	20.500000	71.500000	9.771726e+04	2.025903e-04
	213	13	26.250000	70.250000	9.771726e+04	1.422264e-05
	10	14	-24.500000	70.000000	9.993829e+04	-4.036083e-06
	37	17	-17.750000	69.250000	9.993829e+04	1.279550e-04
	110	67	0.500000	56.750000	1.004814e+05	3.338162e-04
	274	152	41.500000	35.500000	1.012234e+05	5.529424e-05
	89	157	-4.750000	34.250000	1.020482e+05	-2.331536e-05
	288	162	45.000000	33.000000	1.014964e+05	3.401794e-05
2022	2	11	5	0
	207	0	24.750000	73.500000	9.796266e+04	-7.020087e-05
	204	8	24.000000	71.500000	9.796266e+04	1.325545e-04
	50	15	-14.500000	69.750000	9.975443e+04	1.400341e-04
	0	72	-27.000000	55.500000	9.976286e+04	1.380113e-04
	83	154	-6.250000	35.000000	1.023034e+05	9.696080e-05
2022	2	11	7	6
	220	0	28.000000	73.500000	9.820141e+04	-3.022468e-05
	218	9	27.500000	71.250000	9.820141e+04	1.139484e-04
	64	14	-11.000000	70.000000	9.975913e+04	9.167658e-05
	68	14	-10.000000	70.000000	9.975913e+04	8.679087e-05
	0	62	-27.000000	58.000000	9.920069e+04	9.473291e-05
	90	161	-4.500000	33.250000	1.022442e+05	-8.534824e-06
	91	161	-4.250000	33.250000	1.022442e+05	-9.712837e-06
2022	2	11	4	12
	229	0	30.250000	73.500000	9.849720e+04	-3.812943e-05
	231	9	30.750000	71.250000	9.849720e+04	1.265203e-04
	124	25	4.000000	67.250000	9.985695e+04	1.799228e-04
	134	119	6.500000	43.750000	1.020407e+05	7.923901e-05
2022	2	11	8	18
	239	0	32.750000	73.500000	9.866400e+04	-2.455074e-05
	242	10	33.500000	71.000000	9.866400e+04	6.130829e-05
	139	24	7.750000	67.500000	9.946060e+04	2.225955e-04
	19	54	-22.250000	60.000000	9.870772e+04	1.047707e-04
	3	55	-26.250000	59.750000	9.870772e+04	7.266833e-05
	18	62	-22.500000	58.000000	9.870772e+04	7.218499e-05
	133	122	6.250000	43.000000	1.020860e+05	7.314133e-05
	134	123	6.500000	42.750000	1.020860e+05	4.276498e-05
2022	2	12	5	0
	249	0	35.250000	73.500000	9.873574e+04	5.405121e-05
	248	11	35.000000	70.750000	9.873574e+04	7.824447e-05
	150	27	10.500000	66.750000	9.948315e+04	2.767640e-04
	33	59	-18.750000	58.750000	9.854738e+04	8.349096e-05
	34	59	-18.500000	58.750000	9.854738e+04	9.069638e-05
2022	2	12	5	6
	258	2	37.500000	73.000000	9.882081e+04	3.132219e-05
	251	15	35.750000	69.750000	9.878063e+04	2.671392e-04
	28	54	-20.000000	60.000000	9.822650e+04	2.305514e-04
	45	54	-15.750000	60.000000	9.822650e+04	1.584493e-04
	250	94	35.500000	50.000000	1.011269e+05	1.792701e-04
2022	2	12	4	12
	257	17	37.250000	69.250000	9.902192e+04	2.729502e-04
	56	52	-13.000000	60.500000	9.821141e+04	1.625689e-04
	55	53	-13.250000	60.250000	9.821141e+04	1.616748e-04
	274	95	41.500000	49.750000	1.008537e+05	1.468698e-04
2022	2	12	3	18
	276	9	42.000000	71.250000	9.928772e+04	9.102611e-05
	263	19	38.750000	68.750000	9.928772e+04	2.046862e-04
	67	53	-10.250000	60.250000	9.811575e+04	1.452830e-04
2022	2	13	3	0
	279	7	42.750000	71.750000	9.956253e+04	1.070893e-04
	270	22	40.500000	68.000000	9.954881e+04	1.307497e-04
	71	51	-9.250000	60.750000	9.806459e+04	1.347290e-04
2022	2	13	1	6
	72	53	-9.000000	60.250000	9.794366e+04	1.419789e-04
2022	2	13	2	12
	262	17	38.500000	69.250000	9.980755e+04	8.961510e-05
	80	54	-7.000000	60.000000	9.805009e+04	1.025888e-04
2022	2	13	3	18
	257	15	37.250000	69.750000	9.964172e+04	1.246601e-04
	14	36	-23.500000	64.500000	9.989987e+04	1.365986e-04
	89	54	-4.750000	60.000000	9.802049e+04	1.042446e-04
2022	2	14	5	0
	6	14	-25.500000	70.000000	9.965113e+04	3.013457e-05
	257	15	37.250000	69.750000	9.954116e+04	9.750349e-05
	8	32	-25.000000	65.500000	9.986027e+04	1.361139e-04
	9	32	-24.750000	65.500000	9.986027e+04	1.253682e-04
	96	56	-3.000000	59.500000	9.816358e+04	1.153572e-04
2022	2	14	4	6
	6	14	-25.500000	70.000000	9.972542e+04	1.739555e-05
	263	15	38.750000	69.750000	9.950608e+04	1.176319e-04
	111	56	0.750000	59.500000	9.815359e+04	4.050566e-05
	132	58	6.000000	59.000000	9.812497e+04	-6.756030e-05
2022	2	14	5	12
	255	3	36.750000	72.750000	9.949863e+04	1.127539e-04
	273	10	41.250000	71.000000	9.949863e+04	1.507541e-04
	119	56	2.750000	59.500000	9.827491e+04	1.270535e-04
	135	59	6.750000	58.750000	9.808086e+04	2.626058e-05
	151	60	10.750000	58.500000	9.808086e+04	2.156912e-04
2022	2	14	6	18
	252	2	36.000000	73.000000	9.954077e+04	1.052079e-04
	6	6	-25.500000	72.000000	9.990458e+04	8.394913e-05
	273	11	41.250000	70.750000	9.954077e+04	2.007707e-04
	6	14	-25.500000	70.000000	9.942846e+04	4.905507e-07
	155	57	11.750000	59.250000	9.813712e+04	1.804880e-04
	138	120	7.500000	43.500000	1.008019e+05	7.682440e-05
2022	2	15	4	0
	275	8	41.750000	71.500000	9.968896e+04	2.040100e-04
	166	54	14.500000	60.000000	9.837606e+04	1.642470e-04
	146	119	9.500000	43.750000	1.008925e+05	6.737423e-05
	272	162	41.000000	33.000000	1.016836e+05	1.171617e-04
2022	2	15	7	6
	270	0	40.500000	73.500000	9.974678e+04	1.044544e-04
	195	6	21.750000	72.000000	1.001182e+05	1.155257e-04
	6	7	-25.500000	71.750000	9.906446e+04	-2.479724e-05
	0	49	-27.000000	61.250000	9.532197e+04	5.667991e-05
	185	49	19.250000	61.250000	9.857795e+04	1.458349e-04
	148	119	10.000000	43.750000	1.007655e+05	7.446823e-05
	164	121	14.000000	43.250000	1.007655e+05	-1.569190e-05
2022	2	15	10	12
	270	0	40.500000	73.500000	9.990712e+04	6.753677e-05
	206	6	24.500000	72.000000	1.000290e+05	1.307168e-04
	6	7	-25.500000	71.750000	9.883258e+04	-2.359246e-05
	27	38	-20.250000	64.000000	9.460280e+04	1.106927e-04
	288	40	45.000000	63.500000	1.003421e+05	1.391357e-04
	0	43	-27.000000	62.750000	9.457378e+04	1.722568e-04
	191	48	20.750000	61.500000	9.883748e+04	1.428099e-04
	150	120	10.500000	43.500000	1.008180e+05	6.526407e-05
	279	120	42.750000	43.500000	1.017373e+05	2.491220e-05
	166	126	14.500000	42.000000	1.007617e+05	9.419658e-05
2022	2	15	10	18
	215	7	26.750000	71.750000	9.982911e+04	1.706998e-04
	216	7	27.000000	71.750000	9.982911e+04	1.700619e-04
	267	7	39.750000	71.750000	9.988733e+04	1.020418e-04
	0	36	-27.000000	64.500000	9.477784e+04	1.756818e-04
	288	37	45.000000	64.250000	9.987204e+04	1.482069e-04
	44	39	-16.000000	63.750000	9.496914e+04	2.721392e-04
	213	42	26.250000	63.000000	9.895606e+04	9.860839e-05
	195	48	21.750000	61.500000	9.895606e+04	1.586738e-04
	168	121	15.000000	43.250000	1.007733e+05	1.539595e-04
	163	129	13.750000	41.250000	1.007733e+05	7.447899e-05
2022	2	16	11	0
	246	0	34.500000	73.500000	9.959252e+04	3.669869e-05
	224	8	29.000000	71.500000	9.959252e+04	1.843743e-04
	0	10	-27.000000	71.000000	9.769688e+04	1.138570e-06
	0	30	-27.000000	66.000000	9.517751e+04	3.117638e-04
	288	34	45.000000	65.000000	9.954646e+04	9.253046e-05
	222	40	28.500000	63.500000	9.900663e+04	1.065601e-04
	79	43	-7.250000	62.750000	9.709177e+04	3.216176e-04
	27	80	-20.250000	53.500000	9.888844e+04	2.327328e-04
	164	121	14.000000	43.250000	1.009783e+05	1.991838e-04
	281	121	43.250000	43.250000	1.017804e+05	8.681863e-06
	174	126	16.500000	42.000000	1.009783e+05	7.488378e-05
2022	2	16	11	6
	230	8	30.500000	71.500000	9.928595e+04	1.832605e-04
	288	32	45.000000	65.500000	9.929576e+04	3.646771e-05
	0	35	-27.000000	64.750000	9.676071e+04	1.072557e-05
	90	42	-4.500000	63.000000	9.728328e+04	2.844377e-04
	219	43	27.750000	62.750000	9.889922e+04	3.538211e-05
	119	47	2.750000	61.750000	9.738599e+04	2.260359e-04
	151	58	10.750000	59.000000	9.802833e+04	2.532447e-04
	67	72	-10.250000	55.500000	9.852915e+04	2.495936e-04
	282	122	43.500000	43.000000	1.019406e+05	1.105026e-05
	177	125	17.250000	42.250000	1.013602e+05	1.264042e-04
	156	130	12.000000	41.000000	1.013243e+05	1.986377e-04
2022	2	16	9	12
	231	9	30.750000	71.250000	9.922891e+04	2.561258e-04
	0	37	-27.000000	64.250000	9.741128e+04	-6.881496e-06
	229	41	30.250000	63.250000	9.891059e+04	4.759345e-05
	98	42	-2.500000	63.000000	9.739285e+04	3.270635e-04
	130	44	5.500000	62.500000	9.770255e+04	2.042980e-04
	171	57	15.750000	59.250000	9.825179e+04	1.624023e-04
	109	72	0.250000	55.500000	9.888903e+04	2.478275e-04
	277	120	42.250000	43.500000	1.017924e+05	-4.581835e-06
	155	138	11.750000	39.000000	1.015983e+05	1.704998e-04
2022	2	16	5	18
	231	11	30.750000	70.750000	9.931477e+04	2.239674e-04
	0	37	-27.000000	64.250000	9.786446e+04	4.385866e-05
	139	40	7.750000	63.500000	9.801049e+04	5.494600e-05
	114	45	1.500000	62.250000	9.795522e+04	3.203304e-04
	193	56	21.250000	59.500000	9.814477e+04	1.847525e-04
2022	2	17	6	0
	232	13	31.000000	70.250000	9.946590e+04	1.187384e-04
	142	39	8.500000	63.750000	9.870320e+04	1.004715e-04
	131	48	5.750000	61.500000	9.870320e+04	2.013531e-04
	202	56	23.500000	59.500000	9.817358e+04	1.546351e-04
	191	77	20.750000	54.250000	9.846172e+04	2.201247e-04
	137	117	7.250000	44.250000	1.019960e+05	4.266058e-05
2022	2	17	5	6
	157	42	12.250000	63.000000	9.924284e+04	7.011426e-05
	217	56	27.250000	59.500000	9.829785e+04	9.099741e-05
	53	61	-13.750000	58.250000	9.973522e+04	1.969384e-04
	4	114	-26.000000	45.000000	1.009403e+05	9.301590e-05
	183	162	18.750000	33.000000	1.014223e+05	8.671115e-06
2022	2	17	5	12
	67	57	-10.250000	59.250000	9.973306e+04	2.396796e-04
	239	71	32.750000	55.750000	9.832745e+04	1.015901e-04
	12	109	-24.000000	46.250000	1.008503e+05	1.331321e-04
	2	114	-26.500000	45.000000	1.008503e+05	5.616266e-05
	180	162	18.000000	33.000000	1.013770e+05	3.512446e-06
2022	2	17	4	18
	90	55	-4.500000	59.750000	9.990791e+04	2.280206e-04
	252	68	36.000000	56.500000	9.823336e+04	8.225722e-05
	33	95	-18.750000	49.750000	1.007512e+05	1.657104e-04
	184	162	19.000000	33.000000	1.014162e+05	4.369581e-05
2022	2	18	5	0
	258	0	37.500000	73.500000	9.946394e+04	1.226316e-04
	116	53	2.000000	60.250000	1.000259e+05	2.144739e-04
	258	68	37.500000	56.500000	9.820768e+04	1.462466e-04
	66	79	-10.500000	53.750000	1.009299e+05	1.549280e-04
	7	105	-25.250000	47.250000	1.010242e+05	1.987973e-04
2022	2	18	7	6
	269	1	40.250000	73.250000	9.918540e+04	1.559578e-04
	129	54	5.250000	60.000000	1.002488e+05	1.924992e-04
	265	67	39.250000	56.750000	9.815005e+04	1.216958e-04
	79	77	-7.250000	54.250000	1.008492e+05	1.308527e-04
	18	100	-22.500000	48.500000	1.009681e+05	1.754560e-04
	134	117	6.500000	44.250000	1.020770e+05	1.042545e-04
	116	124	2.000000	42.500000	1.022552e+05	7.863494e-06
2022	2	18	6	12
	278	0	42.500000	73.500000	9.894391e+04	1.422863e-04
	241	2	33.250000	73.000000	9.894391e+04	1.544225e-04
	150	60	10.500000	58.500000	1.005924e+05	1.320931e-04
	270	64	40.500000	57.500000	9.817652e+04	1.152216e-04
	38	93	-17.500000	50.250000	1.012408e+05	6.561024e-05
	287	121	44.750000	43.250000	9.959664e+04	5.254700e-05
2022	2	18	4	18
	270	4	40.500000	72.500000	9.869673e+04	2.419417e-04
	8	50	-25.000000	61.000000	9.760730e+04	3.308005e-04
	275	58	41.750000	59.000000	9.831196e+04	7.600105e-05
	163	62	13.750000	58.000000	1.006565e+05	1.148755e-04
2022	2	19	4	0
	288	2	45.000000	73.000000	9.831647e+04	1.144753e-04
	11	43	-24.250000	62.750000	9.729544e+04	3.474981e-04
	284	54	44.000000	60.000000	9.831275e+04	7.628995e-05
	175	67	16.750000	56.750000	1.007092e+05	9.302138e-05
2022	2	19	2	6
	45	39	-15.750000	63.750000	9.766434e+04	1.118160e-04
	26	41	-20.500000	63.250000	9.766434e+04	2.461039e-04
2022	2	19	3	12
	7	6	-25.250000	72.000000	1.000518e+05	-2.294745e-05
	6	7	-25.500000	71.750000	9.989458e+04	-1.608691e-05
	143	76	8.750000	54.500000	1.002292e+05	1.079839e-04
2022	2	19	2	18
	288	56	45.000000	59.500000	9.909602e+04	7.150196e-05
	162	79	13.500000	53.750000	9.992241e+04	1.650244e-04
2022	2	20	5	0
	288	6	45.000000	72.000000	9.885609e+04	1.007517e-04
	0	37	-27.000000	64.250000	9.664526e+04	7.249509e-05
	288	56	45.000000	59.500000	9.923637e+04	7.232650e-05
	178	82	17.500000	53.000000	9.963388e+04	2.269144e-04
	138	118	7.500000	44.000000	1.013561e+05	9.474791e-05
