2022	2	16	5	0
	53	39	-13.750000	63.750000	9.720264e+04	3.655968e-04
	119	53	2.750000	60.250000	9.798968e+04	1.727364e-04
	66	67	-10.500000	56.750000	9.728302e+04	3.074880e-04
	280	121	43.000000	43.250000	1.020704e+05	2.677047e-05
	173	122	16.250000	43.000000	1.014821e+05	5.537738e-05
2022	2	16	6	3
	46	37	-15.500000	64.250000	9.731337e+04	3.177981e-04
	123	54	3.750000	60.000000	9.796672e+04	2.168708e-04
	76	66	-8.000000	57.000000	9.726099e+04	2.959504e-04
	90	70	-4.500000	56.000000	9.726099e+04	2.172091e-04
	280	121	43.000000	43.250000	1.021256e+05	2.856779e-05
	173	123	16.250000	42.750000	1.014508e+05	4.337776e-05
2022	2	16	3	6
	40	33	-17.000000	65.250000	9.762605e+04	2.737357e-04
	122	33	3.500000	65.250000	9.788839e+04	1.926022e-04
	99	67	-2.250000	56.750000	9.749314e+04	2.149693e-04
2022	2	16	5	9
	116	33	2.000000	65.250000	9.776052e+04	2.216633e-04
	47	61	-15.250000	58.250000	9.746467e+04	9.671038e-05
	110	66	0.500000	57.000000	9.744155e+04	2.462234e-04
	48	70	-15.000000	56.000000	9.746467e+04	1.280867e-04
	181	137	18.250000	39.250000	1.014815e+05	1.366791e-04
2022	2	16	6	12
	110	34	0.500000	65.000000	9.761582e+04	1.937613e-04
	53	60	-13.750000	58.500000	9.723788e+04	1.127569e-04
	122	66	3.500000	57.000000	9.731951e+04	2.269357e-04
	62	67	-11.500000	56.750000	9.723788e+04	2.029764e-04
	279	120	42.750000	43.500000	1.018950e+05	1.213204e-05
	183	137	18.750000	39.250000	1.012399e+05	1.649412e-04
2022	2	16	5	15
	0	35	-27.000000	64.750000	9.793212e+04	6.697760e-06
	105	35	-0.750000	64.750000	9.745335e+04	1.738231e-04
	75	64	-8.250000	57.500000	9.677893e+04	2.917183e-04
	131	66	5.750000	57.000000	9.718141e+04	2.386218e-04
	185	136	19.250000	39.500000	1.010985e+05	1.663233e-04
2022	2	16	5	18
	71	58	-9.250000	59.000000	9.688116e+04	2.221280e-04
	85	64	-5.750000	57.500000	9.688116e+04	2.692025e-04
	139	66	7.750000	57.000000	9.704756e+04	2.378466e-04
	281	121	43.250000	43.250000	1.022017e+05	-2.530196e-05
	185	134	19.250000	40.000000	1.011407e+05	1.175031e-04
2022	2	16	5	21
	288	9	45.000000	71.250000	9.892551e+04	1.199069e-04
	102	65	-1.500000	57.250000	9.701501e+04	2.290975e-04
	147	66	9.750000	57.000000	9.685505e+04	1.936632e-04
	137	117	7.250000	44.250000	1.013305e+05	5.558459e-05
	183	133	18.750000	40.250000	1.012314e+05	1.129565e-04
2022	2	17	5	0
	287	10	44.750000	71.000000	9.897238e+04	1.239565e-04
	122	66	3.500000	57.000000	9.703435e+04	1.951303e-04
	156	66	12.000000	57.000000	9.662180e+04	2.050702e-04
	137	117	7.250000	44.250000	1.011605e+05	5.880389e-05
	183	133	18.750000	40.250000	1.012998e+05	1.022234e-04
2022	2	17	4	3
	288	11	45.000000	70.750000	9.898276e+04	1.004401e-04
	195	59	21.750000	58.750000	9.637141e+04	2.005679e-04
	177	66	17.250000	57.000000	9.637141e+04	1.420282e-04
	279	121	42.750000	43.250000	1.018099e+05	-2.568459e-05
2022	2	17	3	6
	288	11	45.000000	70.750000	9.904425e+04	1.198177e-04
	197	57	22.250000	59.250000	9.605921e+04	2.031715e-04
	196	66	22.000000	57.000000	9.605921e+04	1.657807e-04
2022	2	17	3	9
	288	11	45.000000	70.750000	9.914192e+04	1.004369e-04
	204	62	24.000000	58.000000	9.588101e+04	2.148363e-04
	0	111	-27.000000	45.750000	1.011809e+05	9.446096e-05
2022	2	17	4	12
	209	60	25.250000	58.500000	9.575754e+04	1.708286e-04
	9	107	-24.750000	46.750000	1.007808e+05	1.961325e-04
	15	115	-23.250000	44.750000	1.007808e+05	1.161743e-04
	273	119	41.250000	43.750000	1.013568e+05	-1.147333e-05
2022	2	17	2	15
	216	57	27.000000	59.250000	9.568614e+04	1.961471e-04
	24	108	-21.000000	46.500000	1.002215e+05	1.526871e-04
2022	2	17	3	18
	221	54	28.250000	60.000000	9.562920e+04	1.901344e-04
	34	102	-18.500000	48.000000	9.958845e+04	2.090866e-04
	153	108	11.250000	46.500000	1.008690e+05	1.650186e-05
2022	2	17	3	21
	225	49	29.250000	61.250000	9.562873e+04	2.387187e-04
	37	97	-17.750000	49.250000	9.898134e+04	2.761565e-04
	152	109	11.000000	46.250000	1.011336e+05	4.224134e-05
2022	2	18	2	0
	225	45	29.250000	62.250000	9.560309e+04	1.924497e-04
	41	94	-16.750000	50.000000	9.825423e+04	4.389268e-04
2022	2	18	3	3
	225	43	29.250000	62.750000	9.557761e+04	1.877491e-04
	49	93	-14.750000	50.250000	9.784514e+04	5.000195e-04
	140	115	8.000000	44.750000	1.015183e+05	-3.541547e-05
2022	2	18	3	6
	226	42	29.500000	63.000000	9.564886e+04	1.990368e-04
	63	89	-11.250000	51.250000	9.749204e+04	4.114822e-04
	137	115	7.250000	44.750000	1.015162e+05	5.105716e-05
2022	2	18	4	9
	228	40	30.000000	63.500000	9.581527e+04	1.988425e-04
	83	80	-6.250000	53.500000	9.736779e+04	2.813974e-04
	74	87	-8.500000	51.750000	9.736779e+04	3.394085e-04
	140	107	8.000000	46.750000	1.011682e+05	-9.743926e-05
2022	2	18	4	12
	230	38	30.500000	64.000000	9.599111e+04	1.653682e-04
	43	43	-16.250000	62.750000	9.893730e+04	1.614319e-04
	107	79	-0.250000	53.750000	9.745823e+04	2.433601e-04
	86	83	-5.500000	52.750000	9.743778e+04	3.900963e-04
2022	2	18	5	15
	233	37	31.250000	64.250000	9.612464e+04	1.655256e-04
	41	43	-16.750000	62.750000	9.880298e+04	1.877164e-04
	0	59	-27.000000	58.750000	9.866080e+04	5.384822e-05
	108	74	0.000000	55.000000	9.742331e+04	2.186527e-04
	98	80	-2.500000	53.500000	9.742331e+04	2.849164e-04
2022	2	18	4	18
	237	35	32.250000	64.750000	9.617371e+04	1.412342e-04
	37	43	-17.750000	62.750000	9.874400e+04	1.823334e-04
	0	54	-27.000000	60.000000	9.798999e+04	1.204445e-04
	114	73	1.500000	55.250000	9.715766e+04	3.132066e-04
2022	2	18	6	21
	133	28	6.250000	66.500000	9.784325e+04	1.118288e-04
	239	34	32.750000	65.000000	9.625895e+04	1.333013e-04
	0	51	-27.000000	60.750000	9.792912e+04	1.075980e-04
	130	71	5.500000	55.750000	9.695602e+04	2.699762e-04
	285	122	44.250000	43.000000	1.006836e+05	3.275766e-05
	108	137	0.000000	39.250000	1.015145e+05	5.792755e-05
2022	2	19	9	0
	248	17	35.000000	69.250000	9.630048e+04	8.297070e-05
	125	29	4.250000	66.250000	9.779323e+04	1.170631e-04
	126	29	4.500000	66.250000	9.779323e+04	1.189447e-04
	248	32	35.000000	65.500000	9.625141e+04	1.635341e-04
	14	52	-23.500000	60.500000	9.794957e+04	2.117355e-04
	148	70	10.000000	56.000000	9.685820e+04	2.349085e-04
	171	70	15.750000	56.000000	9.687204e+04	2.232233e-04
	110	136	0.500000	39.500000	1.015114e+05	9.081289e-05
	119	144	2.750000	37.500000	1.015114e+05	-2.263603e-05
2022	2	19	6	3
	247	22	34.750000	68.000000	9.622719e+04	4.971839e-05
	251	31	35.750000	65.750000	9.622719e+04	1.427203e-04
	19	51	-22.250000	60.750000	9.794502e+04	2.118898e-04
	36	55	-18.000000	59.750000	9.794502e+04	2.064501e-04
	177	66	17.250000	57.000000	9.686795e+04	2.561413e-04
	161	69	13.250000	56.250000	9.686795e+04	2.795900e-04
2022	2	19	10	6
	250	17	35.500000	69.250000	9.621948e+04	4.374160e-05
	256	30	37.000000	66.000000	9.624244e+04	1.253647e-04
	18	51	-22.500000	60.750000	9.804237e+04	2.171451e-04
	38	54	-17.500000	60.000000	9.803623e+04	1.716922e-04
	53	60	-13.750000	58.500000	9.803623e+04	2.530905e-04
	185	65	19.250000	57.250000	9.680079e+04	2.679351e-04
	137	117	7.250000	44.250000	1.012742e+05	1.086507e-04
	125	140	4.250000	38.500000	1.014610e+05	-2.148887e-05
	266	153	39.500000	35.250000	1.013031e+05	3.952596e-06
	254	157	36.500000	34.250000	1.013031e+05	-2.412805e-05
2022	2	19	9	9
	250	16	35.500000	69.500000	9.622845e+04	7.320302e-05
	262	28	38.500000	66.500000	9.623458e+04	1.260863e-04
	16	51	-23.000000	60.750000	9.826225e+04	2.264918e-04
	56	61	-13.000000	58.250000	9.810717e+04	2.693544e-04
	72	64	-9.000000	57.500000	9.810717e+04	2.289166e-04
	191	65	20.750000	57.250000	9.682643e+04	2.384361e-04
	137	117	7.250000	44.250000	1.014179e+05	1.198966e-04
	255	157	36.750000	34.250000	1.011704e+05	4.554861e-05
	266	162	39.500000	33.000000	1.011704e+05	1.217069e-04
2022	2	19	5	12
	252	16	36.000000	69.500000	9.622137e+04	9.550538e-05
	14	51	-23.500000	60.750000	9.841088e+04	2.229091e-04
	63	62	-11.250000	58.000000	9.839263e+04	2.786725e-04
	204	64	24.000000	57.500000	9.706361e+04	1.842353e-04
	260	162	38.000000	33.000000	1.009854e+05	5.626764e-05
2022	2	19	9	15
	255	16	36.750000	69.500000	9.625518e+04	9.967374e-05
	69	19	-9.750000	68.750000	9.880645e+04	2.835929e-04
	9	50	-24.750000	61.000000	9.826807e+04	1.864232e-04
	233	60	31.250000	58.500000	9.733162e+04	1.635076e-04
	72	65	-9.000000	57.250000	9.864209e+04	2.651240e-04
	102	68	-1.500000	56.500000	9.872041e+04	1.877167e-04
	135	120	6.750000	43.500000	1.012761e+05	9.017195e-05
	146	126	9.500000	42.000000	1.012761e+05	2.439211e-05
	265	161	39.250000	33.250000	1.009791e+05	8.494346e-05
2022	2	19	9	18
	261	14	38.250000	70.000000	9.628978e+04	1.250234e-04
	70	21	-9.500000	68.250000	9.880440e+04	2.912625e-04
	0	49	-27.000000	61.250000	9.743463e+04	5.819449e-05
	243	59	33.750000	58.750000	9.742709e+04	1.704089e-04
	0	60	-27.000000	58.500000	9.743463e+04	1.086315e-04
	81	67	-6.750000	56.750000	9.899235e+04	2.120788e-04
	117	69	2.250000	56.250000	9.867307e+04	2.183107e-04
	137	121	7.250000	43.250000	1.014247e+05	7.238905e-05
	269	156	40.250000	34.500000	1.012080e+05	1.138570e-04
2022	2	19	6	21
	262	14	38.500000	70.000000	9.634200e+04	8.657282e-05
	72	21	-9.000000	68.250000	9.883035e+04	2.481026e-04
	0	56	-27.000000	59.500000	9.677547e+04	1.286102e-04
	254	57	36.500000	59.250000	9.746562e+04	1.458495e-04
	135	70	6.750000	56.000000	9.862683e+04	2.144313e-04
	272	156	41.000000	34.500000	1.013215e+05	2.886325e-05
2022	2	20	10	0
	286	10	44.500000	71.000000	9.644785e+04	6.241083e-05
	264	14	39.000000	70.000000	9.644785e+04	1.021668e-04
	74	21	-8.500000	68.250000	9.879213e+04	2.092011e-04
	0	52	-27.000000	60.500000	9.634389e+04	1.581228e-04
	267	55	39.750000	59.750000	9.756361e+04	1.230884e-04
	140	69	8.000000	56.250000	9.860670e+04	2.100528e-04
	158	118	12.500000	44.000000	1.014499e+05	-3.411556e-05
	150	126	10.500000	42.000000	1.014499e+05	2.661777e-05
	273	157	41.250000	34.250000	1.013643e+05	-1.020770e-05
	282	162	43.500000	33.000000	1.013643e+05	4.058450e-05
