2022	2	14	5	0
	215	10	26.750000	71.000000	9.831898e+04	1.264730e-04
	1	17	-26.750000	69.250000	9.979827e+04	1.574706e-05
	222	20	28.500000	68.500000	9.831898e+04	8.593252e-05
	113	62	1.250000	58.000000	9.842677e+04	7.303549e-05
	103	71	-1.250000	55.750000	9.842677e+04	1.561574e-04
2022	2	14	5	3
	58	4	-12.500000	72.500000	1.001096e+05	5.574397e-05
	220	8	28.000000	71.500000	9.804763e+04	1.850590e-04
	221	8	28.250000	71.500000	9.804763e+04	1.862607e-04
	116	61	2.000000	58.250000	9.838275e+04	8.278996e-05
	108	70	0.000000	56.000000	9.838275e+04	1.545401e-04
2022	2	14	4	6
	65	3	-10.750000	72.750000	1.001010e+05	7.060073e-05
	217	8	27.250000	71.500000	9.792543e+04	2.814559e-04
	114	68	1.500000	56.500000	9.843038e+04	1.001211e-04
	122	121	3.500000	43.250000	1.009031e+05	2.037052e-04
2022	2	14	5	9
	67	2	-10.250000	73.000000	1.001973e+05	6.782889e-05
	225	8	29.250000	71.500000	9.796130e+04	2.252168e-04
	0	52	-27.000000	60.500000	9.806220e+04	1.173640e-04
	121	68	3.250000	56.500000	9.845106e+04	8.368042e-05
	122	68	3.500000	56.500000	9.845106e+04	9.327419e-05
2022	2	14	7	12
	73	0	-8.750000	73.500000	1.001914e+05	3.581655e-05
	72	1	-9.000000	73.250000	1.001914e+05	4.808922e-05
	73	1	-8.750000	73.250000	1.001914e+05	5.567970e-05
	7	6	-25.250000	72.000000	1.000300e+05	3.948696e-05
	226	9	29.500000	71.250000	9.796099e+04	2.141720e-04
	0	48	-27.000000	61.500000	9.760034e+04	1.473350e-04
	129	65	5.250000	57.250000	9.843570e+04	1.759621e-04
2022	2	14	3	15
	244	12	34.000000	70.500000	9.797760e+04	1.783127e-04
	3	45	-26.250000	62.250000	9.717732e+04	2.222851e-04
	134	62	6.500000	58.000000	9.837460e+04	2.140657e-04
2022	2	14	5	18
	238	5	32.500000	72.250000	9.798778e+04	4.116173e-05
	251	12	35.750000	70.500000	9.798778e+04	1.850361e-04
	288	12	45.000000	70.500000	9.903591e+04	7.481247e-05
	3	42	-26.250000	63.000000	9.693746e+04	2.414570e-04
	136	60	7.000000	58.500000	9.861682e+04	1.649992e-04
2022	2	14	6	21
	255	11	36.750000	70.750000	9.796914e+04	1.833199e-04
	256	11	37.000000	70.750000	9.796914e+04	1.882017e-04
	0	38	-27.000000	64.000000	9.695987e+04	1.326806e-04
	27	39	-20.250000	63.750000	9.695987e+04	2.065994e-05
	126	53	4.500000	60.250000	9.871270e+04	8.796533e-05
	139	121	7.750000	43.250000	1.010817e+05	1.227249e-04
2022	2	15	6	0
	8	6	-25.000000	72.000000	9.984387e+04	6.858012e-05
	261	11	38.250000	70.750000	9.805233e+04	1.943622e-04
	0	37	-27.000000	64.250000	9.723059e+04	1.138644e-04
	30	44	-19.500000	62.500000	9.732052e+04	1.845213e-04
	125	53	4.250000	60.250000	9.876753e+04	9.899896e-05
	145	118	9.250000	44.000000	1.010614e+05	1.477946e-04
2022	2	15	7	3
	268	10	40.000000	71.000000	9.810905e+04	2.074729e-04
	27	39	-20.250000	63.750000	9.731426e+04	1.592903e-04
	151	51	10.750000	60.750000	9.869421e+04	2.772290e-04
	125	52	4.250000	60.500000	9.867902e+04	1.041971e-04
	144	59	9.000000	58.750000	9.867902e+04	1.722891e-04
	145	59	9.250000	58.750000	9.868356e+04	1.732812e-04
	154	117	11.500000	44.250000	1.009053e+05	8.672568e-05
2022	2	15	7	6
	273	9	41.250000	71.250000	9.816153e+04	2.189197e-04
	47	45	-15.250000	62.250000	9.762446e+04	2.332560e-04
	126	51	4.500000	60.750000	9.867040e+04	7.466130e-05
	148	58	10.000000	59.000000	9.869359e+04	1.439761e-04
	0	88	-27.000000	51.500000	9.944028e+04	9.530373e-05
	157	114	12.250000	45.000000	1.009981e+05	1.009900e-04
	146	117	9.500000	44.250000	1.009981e+05	8.947633e-05
2022	2	15	10	9
	274	9	41.500000	71.250000	9.827073e+04	1.926025e-04
	0	32	-27.000000	65.500000	9.723420e+04	4.108946e-05
	25	34	-20.750000	65.000000	9.723420e+04	7.239723e-05
	38	41	-17.500000	63.250000	9.750868e+04	2.635352e-04
	152	47	11.000000	61.750000	9.866460e+04	1.921018e-04
	122	49	3.500000	61.250000	9.862293e+04	1.204532e-04
	67	51	-10.250000	60.750000	9.794454e+04	2.384398e-04
	3	85	-26.250000	52.250000	9.894489e+04	1.622204e-04
	157	112	12.250000	45.500000	1.010501e+05	7.957042e-05
	146	117	9.500000	44.250000	1.010501e+05	9.256011e-05
2022	2	15	5	12
	280	9	43.000000	71.250000	9.837742e+04	2.428277e-04
	32	36	-19.000000	64.500000	9.755412e+04	1.575072e-04
	66	49	-10.500000	61.250000	9.796130e+04	2.672621e-04
	15	82	-23.250000	53.000000	9.883741e+04	1.858902e-04
	157	112	12.250000	45.500000	1.010388e+05	9.038547e-05
2022	2	15	4	15
	285	9	44.250000	71.250000	9.844307e+04	2.118519e-04
	23	31	-21.250000	65.750000	9.753046e+04	2.124632e-04
	64	48	-11.000000	61.500000	9.802507e+04	2.802640e-04
	159	113	12.750000	45.250000	1.009841e+05	9.405083e-05
2022	2	15	5	18
	288	8	45.000000	71.500000	9.852595e+04	1.299513e-04
	0	38	-27.000000	64.000000	9.755647e+04	-1.357796e-06
	65	48	-10.750000	61.500000	9.813881e+04	2.461110e-04
	117	59	2.250000	58.750000	9.824645e+04	1.732778e-04
	160	113	13.000000	45.250000	1.011196e+05	8.056225e-05
2022	2	15	5	21
	285	7	44.250000	71.750000	9.861713e+04	2.013898e-04
	64	47	-11.000000	61.750000	9.827731e+04	2.305384e-04
	118	48	2.500000	61.500000	9.824629e+04	2.311255e-05
	122	58	3.500000	59.000000	9.824629e+04	2.043396e-04
	0	68	-27.000000	56.500000	9.735264e+04	1.115726e-04
2022	2	16	5	0
	288	9	45.000000	71.250000	9.873745e+04	9.745076e-05
	65	46	-10.750000	62.000000	9.832118e+04	2.206461e-04
	120	48	3.000000	61.500000	9.828577e+04	1.145279e-05
	125	59	4.250000	58.750000	9.828577e+04	2.280160e-04
	0	63	-27.000000	57.750000	9.640023e+04	1.235505e-04
2022	2	16	3	3
	122	48	3.500000	61.500000	9.851169e+04	2.091371e-05
	6	57	-25.500000	59.250000	9.556784e+04	3.462570e-04
	134	62	6.500000	58.000000	9.841409e+04	1.904306e-04
2022	2	16	4	6
	201	38	23.250000	64.000000	9.900505e+04	1.488541e-04
	125	39	4.250000	63.750000	9.851890e+04	1.775877e-04
	7	55	-25.250000	59.750000	9.512791e+04	4.704690e-04
	145	62	9.250000	58.000000	9.844809e+04	2.388157e-04
2022	2	16	5	9
	123	39	3.750000	63.750000	9.844698e+04	1.788373e-04
	46	54	-15.500000	60.000000	9.542496e+04	2.452418e-04
	15	55	-23.250000	59.750000	9.524102e+04	3.112391e-04
	152	61	11.000000	58.250000	9.848192e+04	1.753949e-04
	137	116	7.250000	44.500000	1.013628e+05	7.035866e-05
2022	2	16	6	12
	288	7	45.000000	71.750000	9.892170e+04	1.214900e-04
	0	47	-27.000000	61.750000	9.643690e+04	1.470247e-04
	18	49	-22.500000	61.250000	9.538328e+04	3.735753e-04
	29	55	-19.750000	59.750000	9.538328e+04	2.176062e-04
	157	55	12.250000	59.750000	9.857906e+04	9.944711e-05
	158	55	12.500000	59.750000	9.857906e+04	9.326086e-05
2022	2	16	6	15
	288	7	45.000000	71.750000	9.891638e+04	1.399809e-04
	0	44	-27.000000	62.500000	9.677641e+04	9.573820e-05
	38	47	-17.500000	61.750000	9.563161e+04	2.702846e-04
	20	49	-22.000000	61.250000	9.563161e+04	3.936279e-04
	173	53	16.250000	60.250000	9.844855e+04	1.087322e-04
	44	55	-16.000000	59.750000	9.564336e+04	1.884772e-04
2022	2	16	5	18
	285	7	44.250000	71.750000	9.891340e+04	1.933769e-04
	0	42	-27.000000	63.000000	9.697444e+04	6.325451e-05
	26	46	-20.500000	62.000000	9.571511e+04	3.924639e-04
	52	48	-14.000000	61.500000	9.571590e+04	2.369508e-04
	175	52	16.750000	60.500000	9.829784e+04	1.524112e-04
2022	2	16	6	21
	285	7	44.250000	71.750000	9.893486e+04	1.698798e-04
	0	40	-27.000000	63.500000	9.724877e+04	8.474444e-05
	18	46	-22.500000	62.000000	9.615301e+04	4.576125e-04
	37	48	-17.750000	61.500000	9.615301e+04	3.760570e-04
	93	51	-3.750000	60.750000	9.641198e+04	2.313286e-04
	150	109	10.500000	46.250000	1.007505e+05	1.135079e-05
2022	2	17	9	0
	283	8	43.750000	71.500000	9.898108e+04	1.801308e-04
	284	8	44.000000	71.500000	9.898108e+04	1.773200e-04
	285	8	44.250000	71.500000	9.898108e+04	1.695831e-04
	0	39	-27.000000	63.750000	9.758357e+04	7.806885e-05
	46	48	-15.500000	61.500000	9.651147e+04	3.748681e-04
	96	50	-3.000000	61.000000	9.634822e+04	2.329388e-04
	138	117	7.500000	44.250000	1.010631e+05	6.011207e-05
	280	121	43.000000	43.250000	1.015359e+05	-1.923817e-05
	211	134	25.750000	40.000000	1.009564e+05	1.036773e-04
2022	2	17	6	3
	287	9	44.750000	71.250000	9.898641e+04	1.246596e-04
	52	47	-14.000000	61.750000	9.688638e+04	3.197713e-04
	99	49	-2.250000	61.250000	9.640901e+04	2.488510e-04
	149	63	10.250000	57.750000	9.698180e+04	2.104247e-04
	138	117	7.500000	44.250000	1.009161e+05	7.639295e-05
	280	121	43.000000	43.250000	1.014690e+05	-4.526162e-06
2022	2	17	7	6
	288	10	45.000000	71.000000	9.901727e+04	1.180680e-04
	0	37	-27.000000	64.250000	9.834123e+04	1.253503e-04
	55	47	-13.250000	61.750000	9.717936e+04	2.973797e-04
	103	50	-1.250000	61.000000	9.656991e+04	2.988447e-04
	158	64	12.500000	57.500000	9.704807e+04	2.325430e-04
	172	67	16.000000	56.750000	9.704807e+04	1.748042e-04
	281	121	43.250000	43.250000	1.013944e+05	1.766519e-05
2022	2	17	6	9
	0	37	-27.000000	64.250000	9.857076e+04	1.090611e-04
	135	40	6.750000	63.500000	9.714818e+04	1.039977e-04
	62	47	-11.500000	61.750000	9.748644e+04	2.778009e-04
	111	51	0.750000	60.750000	9.684565e+04	2.628856e-04
	168	65	15.000000	57.250000	9.705716e+04	2.268712e-04
	10	94	-24.500000	50.000000	1.000751e+05	2.243317e-04
2022	2	17	5	12
	136	40	7.000000	63.500000	9.725519e+04	1.052199e-04
	69	48	-9.750000	61.500000	9.764170e+04	2.882643e-04
	121	52	3.250000	60.500000	9.713518e+04	2.472246e-04
	191	65	20.750000	57.250000	9.694451e+04	1.988853e-04
	18	92	-22.500000	50.500000	9.974861e+04	2.381476e-04
2022	2	17	5	15
	142	37	8.500000	64.250000	9.761193e+04	9.938765e-05
	77	49	-7.750000	61.250000	9.777173e+04	3.339347e-04
	129	54	5.250000	60.000000	9.746701e+04	2.934041e-04
	197	64	22.250000	57.500000	9.690033e+04	1.992581e-04
	28	86	-20.000000	52.000000	9.913962e+04	3.031384e-04
2022	2	17	6	18
	143	37	8.750000	64.250000	9.779351e+04	1.017074e-04
	0	48	-27.000000	61.500000	9.902949e+04	-3.871489e-05
	89	50	-4.750000	61.000000	9.797447e+04	3.433410e-04
	142	59	8.500000	58.750000	9.773899e+04	1.972892e-04
	201	63	23.250000	57.750000	9.694263e+04	2.425780e-04
	39	79	-17.250000	53.750000	9.843759e+04	3.826897e-04
2022	2	17	7	21
	288	31	45.000000	65.750000	9.897920e+04	1.106778e-04
	144	37	9.000000	64.250000	9.801645e+04	1.146463e-04
	31	42	-19.250000	63.000000	9.879088e+04	1.697442e-04
	101	50	-1.750000	61.000000	9.825224e+04	2.693576e-04
	154	60	11.500000	58.500000	9.803338e+04	2.280892e-04
	204	64	24.000000	57.500000	9.713487e+04	2.464199e-04
	49	74	-14.750000	55.000000	9.764671e+04	5.609915e-04
2022	2	18	6	0
	33	42	-18.750000	63.000000	9.863703e+04	1.814067e-04
	110	51	0.500000	60.750000	9.846062e+04	2.241450e-04
	111	51	0.750000	60.750000	9.846062e+04	2.290220e-04
	223	55	28.750000	59.750000	9.744413e+04	1.201869e-04
	212	64	26.000000	57.500000	9.744413e+04	1.532368e-04
	58	69	-12.500000	56.250000	9.714286e+04	5.742938e-04
2022	2	18	5	3
	147	18	9.750000	69.000000	9.823438e+04	1.263325e-04
	34	41	-18.500000	63.250000	9.862198e+04	1.773808e-04
	231	50	30.750000	61.000000	9.756931e+04	1.449489e-04
	120	51	3.000000	60.750000	9.843696e+04	1.814953e-04
	75	67	-8.250000	56.750000	9.686163e+04	5.146213e-04
2022	2	18	6	6
	6	7	-25.500000	71.750000	1.003023e+05	-4.528172e-05
	142	20	8.500000	68.500000	9.806738e+04	1.029671e-04
	28	39	-20.000000	63.750000	9.867682e+04	1.801430e-04
	233	48	31.250000	61.500000	9.771847e+04	1.679624e-04
	84	64	-6.000000	57.500000	9.691270e+04	4.715187e-04
	136	116	7.000000	44.500000	1.016160e+05	6.941221e-05
2022	2	18	8	9
	6	7	-25.500000	71.750000	1.003231e+05	-3.805938e-05
	140	21	8.000000	68.250000	9.795661e+04	1.079398e-04
	25	39	-20.750000	63.750000	9.871380e+04	2.256346e-04
	239	44	32.750000	62.500000	9.791258e+04	1.655418e-04
	100	63	-2.000000	57.750000	9.708818e+04	3.362377e-04
	136	116	7.000000	44.500000	1.017872e+05	8.036179e-05
	253	159	36.250000	33.750000	1.005874e+05	-3.490410e-05
	264	162	39.000000	33.000000	1.005874e+05	3.642342e-05
2022	2	18	6	12
	6	7	-25.500000	71.750000	1.002981e+05	-2.040949e-05
	140	21	8.000000	68.250000	9.788156e+04	1.171058e-04
	252	34	36.000000	65.000000	9.801050e+04	1.534269e-04
	21	37	-21.750000	64.250000	9.883491e+04	2.553397e-04
	115	59	1.750000	58.750000	9.706484e+04	2.489063e-04
	24	137	-21.000000	39.250000	1.016545e+05	1.121699e-04
2022	2	18	7	15
	6	7	-25.500000	71.750000	1.002172e+05	-1.579348e-05
	142	21	8.500000	68.250000	9.771534e+04	1.120164e-04
	254	30	36.500000	66.000000	9.800612e+04	1.915776e-04
	137	50	7.250000	61.000000	9.708097e+04	-2.422140e-05
	127	60	4.750000	58.500000	9.708097e+04	2.659379e-04
	276	118	42.000000	44.000000	1.005204e+05	1.250331e-06
	25	137	-20.750000	39.250000	1.014640e+05	1.713052e-04
2022	2	18	9	18
	6	7	-25.500000	71.750000	1.002044e+05	-1.168639e-05
	141	22	8.250000	68.000000	9.766598e+04	1.345644e-04
	255	28	36.750000	66.500000	9.796005e+04	2.369145e-04
	54	41	-13.500000	63.250000	9.917473e+04	1.376140e-04
	143	49	8.750000	61.250000	9.725519e+04	-3.792994e-05
	0	53	-27.000000	60.250000	9.824284e+04	7.108297e-05
	140	62	8.000000	58.000000	9.721618e+04	2.171187e-04
	279	119	42.750000	43.750000	1.007251e+05	3.501129e-05
	27	138	-20.250000	39.000000	1.014198e+05	1.970283e-04
2022	2	18	9	21
	6	7	-25.500000	71.750000	1.001384e+05	-4.247418e-05
	131	23	5.750000	67.750000	9.768353e+04	1.451377e-04
	260	23	38.000000	67.750000	9.789237e+04	1.895842e-04
	261	23	38.250000	67.750000	9.789237e+04	1.711251e-04
	48	39	-15.000000	63.750000	9.883851e+04	1.060645e-04
	2	50	-26.500000	61.000000	9.795222e+04	1.120700e-04
	154	61	11.500000	58.250000	9.739353e+04	1.724228e-04
	27	139	-20.250000	38.750000	1.015704e+05	2.129446e-04
	231	155	30.750000	34.750000	1.004116e+05	1.967815e-04
2022	2	19	10	0
	6	7	-25.500000	71.750000	1.001132e+05	-4.992009e-05
	258	18	37.500000	69.000000	9.773022e+04	1.949683e-04
	134	25	6.500000	67.250000	9.767334e+04	1.303694e-04
	17	49	-22.750000	61.250000	9.763088e+04	2.229231e-04
	185	56	19.250000	59.500000	9.749630e+04	1.468188e-04
	174	62	16.500000	58.000000	9.749630e+04	1.362422e-04
	26	141	-20.500000	38.250000	1.015528e+05	2.458449e-04
	238	151	32.500000	35.750000	1.001607e+05	1.293516e-05
	233	158	31.250000	34.000000	1.001607e+05	2.335345e-04
	283	162	43.750000	33.000000	1.003864e+05	4.779350e-05
2022	2	19	9	3
	6	7	-25.500000	71.750000	1.000394e+05	-1.151712e-05
	257	17	37.250000	69.250000	9.755114e+04	1.927136e-04
	136	25	7.000000	67.250000	9.765094e+04	1.456973e-04
	23	48	-21.250000	61.500000	9.741139e+04	3.088046e-04
	191	56	20.750000	59.500000	9.747641e+04	1.138433e-04
	24	143	-21.000000	37.750000	1.014878e+05	2.765287e-04
	235	159	31.750000	33.750000	9.999788e+04	2.303078e-04
	272	162	41.000000	33.000000	1.003944e+05	-7.221086e-07
	282	162	43.500000	33.000000	1.003944e+05	4.561201e-05
2022	2	19	9	6
	6	7	-25.500000	71.750000	9.995212e+04	2.484313e-05
	254	15	36.500000	69.750000	9.747782e+04	1.734161e-04
	144	29	9.000000	66.250000	9.768917e+04	1.865435e-04
	50	47	-14.500000	61.750000	9.733008e+04	2.344918e-04
	28	48	-20.000000	61.500000	9.733008e+04	3.661345e-04
	200	57	23.000000	59.250000	9.765282e+04	8.801783e-05
	24	146	-21.000000	37.000000	1.014875e+05	2.627420e-04
	235	161	31.750000	33.250000	1.001218e+05	2.101769e-04
	284	162	44.000000	33.000000	1.005594e+05	6.719954e-05
2022	2	19	12	9
	7	6	-25.250000	72.000000	9.998831e+04	2.307614e-05
	252	14	36.000000	70.000000	9.747077e+04	1.670603e-04
	153	29	11.250000	66.250000	9.772301e+04	2.223357e-04
	70	48	-9.500000	61.500000	9.763167e+04	2.376031e-04
	37	50	-17.750000	61.000000	9.759094e+04	3.389552e-04
	213	56	26.250000	59.500000	9.783142e+04	6.791804e-05
	150	108	10.500000	46.500000	1.013315e+05	-2.098254e-05
	136	116	7.000000	44.500000	1.013786e+05	6.267281e-05
	24	147	-21.000000	36.750000	1.016822e+05	2.480525e-04
	252	156	36.000000	34.500000	1.006253e+05	4.283611e-05
	286	157	44.500000	34.250000	1.006567e+05	1.168568e-04
	234	162	31.500000	33.000000	1.004282e+05	1.258717e-04
2022	2	19	10	12
	249	13	35.250000	70.250000	9.745949e+04	1.430584e-04
	156	28	12.000000	66.500000	9.779101e+04	1.704401e-04
	74	47	-8.500000	61.750000	9.745620e+04	2.912105e-04
	50	50	-14.500000	61.000000	9.745620e+04	3.352796e-04
	223	58	28.750000	59.000000	9.795942e+04	7.961737e-05
	136	114	7.000000	45.000000	1.013839e+05	5.059889e-05
	270	146	40.500000	37.000000	1.008339e+05	-4.253362e-06
	23	148	-21.250000	36.500000	1.018726e+05	2.253653e-04
	286	158	44.500000	34.000000	1.006532e+05	1.115853e-04
	233	162	31.250000	33.000000	1.007767e+05	5.792240e-05
2022	2	19	8	15
	247	13	34.750000	70.250000	9.746795e+04	1.337833e-04
	157	28	12.250000	66.500000	9.791571e+04	1.392765e-04
	86	47	-5.500000	61.750000	9.754378e+04	2.708357e-04
	232	59	31.000000	58.750000	9.811359e+04	6.610414e-05
	137	117	7.250000	44.250000	1.013206e+05	6.708162e-05
	270	147	40.500000	36.750000	1.009835e+05	1.833522e-05
	22	148	-21.500000	36.500000	1.018623e+05	2.049886e-04
	287	156	44.750000	34.500000	1.008749e+05	1.081817e-04
2022	2	19	9	18
	251	12	35.750000	70.500000	9.745510e+04	1.406114e-04
	156	29	12.000000	66.250000	9.804983e+04	1.037631e-04
	106	46	-0.500000	62.000000	9.768854e+04	2.071809e-04
	240	59	33.000000	58.750000	9.825601e+04	7.835509e-05
	133	119	6.250000	43.750000	1.014756e+05	1.208216e-04
	269	148	40.250000	36.500000	1.012480e+05	3.072246e-05
	19	149	-22.250000	36.250000	1.019671e+05	2.033093e-04
	269	149	40.250000	36.250000	1.012480e+05	3.105133e-05
	286	155	44.500000	34.750000	1.012157e+05	9.115600e-05
2022	2	19	5	21
	250	11	35.500000	70.750000	9.749772e+04	1.594082e-04
	251	11	35.750000	70.750000	9.749772e+04	1.609142e-04
	120	46	3.000000	62.000000	9.797729e+04	2.233213e-04
	0	49	-27.000000	61.250000	9.678847e+04	1.304982e-04
	17	151	-22.750000	35.750000	1.021244e+05	1.927624e-04
2022	2	20	5	0
	246	11	34.500000	70.750000	9.750696e+04	1.712401e-04
	0	45	-27.000000	62.250000	9.612857e+04	1.271902e-04
	123	48	3.750000	61.500000	9.834875e+04	2.210066e-04
	155	53	11.750000	60.250000	9.804935e+04	2.869914e-04
	16	152	-23.000000	35.500000	1.021413e+05	1.852628e-04
