2022	2	16	8	0
	288	11	45.000000	70.750000	9.878773e+04	7.366412e-05
	49	38	-14.750000	64.000000	9.739327e+04	3.218769e-04
	184	43	19.000000	62.750000	9.896199e+04	1.798324e-04
	119	53	2.750000	60.250000	9.803041e+04	1.309924e-04
	65	67	-10.750000	56.750000	9.724480e+04	2.972329e-04
	66	67	-10.500000	56.750000	9.724480e+04	2.942379e-04
	280	121	43.000000	43.250000	1.020559e+05	2.141786e-05
	173	122	16.250000	43.000000	1.014604e+05	4.756405e-05
2022	2	16	5	3
	188	42	20.000000	63.000000	9.893495e+04	1.275316e-04
	122	52	3.500000	60.500000	9.795759e+04	1.222334e-04
	76	67	-8.000000	56.750000	9.718833e+04	3.216587e-04
	6	78	-25.500000	54.000000	9.793856e+04	1.932626e-04
	280	121	43.000000	43.250000	1.022132e+05	2.415816e-05
2022	2	16	2	6
	99	67	-2.250000	56.750000	9.756125e+04	2.104260e-04
	280	121	43.000000	43.250000	1.022942e+05	2.118676e-05
2022	2	16	3	9
	110	66	0.500000	57.000000	9.743825e+04	2.278024e-04
	41	72	-16.750000	55.500000	9.755621e+04	1.596749e-04
	202	125	23.500000	42.250000	1.015770e+05	-7.361175e-05
2022	2	16	4	12
	119	66	2.750000	57.000000	9.727405e+04	2.034667e-04
	64	69	-11.000000	56.250000	9.720705e+04	1.691898e-04
	202	125	23.500000	42.250000	1.013635e+05	-6.454900e-05
	184	137	19.000000	39.250000	1.012482e+05	1.657542e-04
2022	2	16	4	15
	77	67	-7.750000	56.750000	9.685490e+04	2.569417e-04
	133	67	6.250000	56.750000	9.708185e+04	2.338731e-04
	137	116	7.250000	44.500000	1.011919e+05	6.407462e-05
	186	137	19.500000	39.250000	1.010474e+05	1.622012e-04
2022	2	16	3	18
	152	66	11.000000	57.000000	9.688588e+04	2.388441e-04
	86	67	-5.500000	56.750000	9.694769e+04	3.445283e-04
	185	135	19.250000	39.750000	1.011207e+05	1.149047e-04
2022	2	16	4	21
	288	10	45.000000	71.000000	9.897662e+04	9.263141e-05
	161	65	13.250000	57.250000	9.658185e+04	2.236005e-04
	137	117	7.250000	44.250000	1.011235e+05	4.839553e-05
	185	135	19.250000	39.750000	1.011932e+05	1.180650e-04
2022	2	17	5	0
	288	9	45.000000	71.250000	9.901201e+04	1.056553e-04
	288	10	45.000000	71.000000	9.901201e+04	9.873760e-05
	177	61	17.250000	58.250000	9.623301e+04	2.120389e-04
	137	117	7.250000	44.250000	1.009450e+05	8.684913e-05
	185	135	19.250000	39.750000	1.011888e+05	1.198101e-04
2022	2	17	3	3
	288	10	45.000000	71.000000	9.907540e+04	1.135470e-04
	182	60	18.500000	58.500000	9.599173e+04	2.137309e-04
	137	117	7.250000	44.250000	1.008627e+05	1.125165e-04
2022	2	17	3	6
	288	11	45.000000	70.750000	9.914696e+04	9.677091e-05
	187	60	19.750000	58.500000	9.593040e+04	2.107746e-04
	279	121	42.750000	43.250000	1.016765e+05	-1.302508e-05
2022	2	17	3	9
	194	56	21.500000	59.500000	9.598639e+04	1.649312e-04
	5	110	-25.750000	46.000000	1.006202e+05	1.938978e-04
	278	120	42.500000	43.500000	1.015916e+05	-1.159676e-05
2022	2	17	2	12
	199	55	22.750000	59.750000	9.605088e+04	1.352236e-04
	22	108	-21.500000	46.500000	1.002069e+05	2.411187e-04
2022	2	17	2	15
	209	48	25.250000	61.500000	9.606188e+04	1.922595e-04
	35	101	-18.250000	48.250000	9.967495e+04	2.661921e-04
2022	2	17	3	18
	34	43	-18.500000	62.750000	9.877813e+04	1.793816e-04
	210	45	25.500000	62.250000	9.602618e+04	1.582966e-04
	39	98	-17.250000	49.000000	9.921915e+04	3.281016e-04
2022	2	17	4	21
	34	43	-18.500000	62.750000	9.861409e+04	2.149497e-04
	210	43	25.500000	62.750000	9.600243e+04	1.394865e-04
	49	93	-14.750000	50.250000	9.869902e+04	3.723491e-04
	153	110	11.250000	46.000000	1.010342e+05	6.588809e-05
2022	2	18	3	0
	211	42	25.750000	63.000000	9.603090e+04	1.281589e-04
	30	43	-19.500000	62.750000	9.851909e+04	2.124880e-04
	57	90	-12.750000	51.000000	9.815089e+04	4.698266e-04
2022	2	18	5	3
	6	7	-25.500000	71.750000	1.003138e+05	-2.771931e-05
	214	41	26.500000	63.250000	9.612637e+04	1.528881e-04
	27	42	-20.250000	63.000000	9.848166e+04	1.983564e-04
	78	82	-7.500000	53.000000	9.762495e+04	2.142697e-04
	67	87	-10.250000	51.750000	9.762495e+04	5.422448e-04
2022	2	18	6	6
	6	7	-25.500000	71.750000	1.002056e+05	-6.522612e-05
	218	40	27.500000	63.500000	9.628255e+04	1.799103e-04
	23	42	-21.250000	63.000000	9.844627e+04	2.486535e-04
	84	80	-6.000000	53.500000	9.720233e+04	4.563695e-04
	141	107	8.250000	46.750000	1.010785e+05	-6.743044e-05
	138	117	7.500000	44.250000	1.014536e+05	6.439912e-05
2022	2	18	3	9
	218	36	27.500000	64.500000	9.646924e+04	1.651066e-04
	20	42	-22.000000	63.000000	9.855778e+04	2.718189e-04
	94	75	-3.500000	54.750000	9.675125e+04	5.094201e-04
2022	2	18	3	12
	220	33	28.000000	65.250000	9.662637e+04	1.265586e-04
	16	41	-23.000000	63.250000	9.878537e+04	2.010603e-04
	110	70	0.500000	56.000000	9.644864e+04	3.557660e-04
2022	2	18	5	15
	222	31	28.500000	65.750000	9.675470e+04	7.940627e-05
	13	41	-23.750000	63.250000	9.873095e+04	1.414179e-04
	120	69	3.000000	56.250000	9.617402e+04	3.741834e-04
	270	156	40.500000	34.500000	1.009135e+05	8.001167e-05
	257	162	37.250000	33.000000	1.009154e+05	-6.154254e-06
2022	2	18	5	18
	225	30	29.250000	66.000000	9.680032e+04	5.033754e-05
	11	40	-24.250000	63.500000	9.864381e+04	1.400408e-04
	137	67	7.250000	56.750000	9.615437e+04	2.140190e-04
	109	128	0.250000	41.500000	1.012250e+05	3.653498e-05
	232	148	31.000000	36.500000	1.007970e+05	6.698755e-05
2022	2	18	6	21
	231	29	30.750000	66.250000	9.680630e+04	6.501474e-05
	0	59	-27.000000	58.750000	9.807681e+04	1.172491e-04
	152	66	11.000000	57.000000	9.623427e+04	2.461598e-04
	244	144	34.000000	37.500000	1.007264e+05	-2.305631e-05
	226	150	29.500000	36.000000	1.005961e+05	2.519546e-04
	260	162	38.000000	33.000000	1.010320e+05	-2.753587e-06
2022	2	19	5	0
	233	26	31.250000	67.000000	9.686213e+04	5.739175e-05
	9	58	-24.750000	59.000000	9.799455e+04	2.148073e-04
	173	65	16.250000	57.250000	9.631180e+04	2.273150e-04
	136	114	7.000000	45.000000	1.013635e+05	6.674474e-05
	226	153	29.500000	35.250000	1.004201e+05	2.506835e-04
2022	2	19	9	3
	223	18	28.750000	69.000000	9.682375e+04	1.469300e-04
	224	18	29.000000	69.000000	9.682375e+04	1.477179e-04
	28	61	-20.000000	58.250000	9.803325e+04	2.816244e-04
	182	61	18.500000	58.250000	9.618393e+04	1.824955e-04
	137	117	7.250000	44.250000	1.012638e+05	1.653582e-04
	282	121	43.500000	43.250000	1.013250e+05	1.825413e-05
	225	149	29.250000	36.250000	1.004079e+05	2.151046e-05
	239	153	32.750000	35.250000	1.004079e+05	2.775517e-05
	228	158	30.000000	34.000000	1.004079e+05	2.624879e-04
2022	2	19	7	6
	223	20	28.750000	68.500000	9.684467e+04	1.062367e-04
	30	59	-19.500000	58.750000	9.819320e+04	2.446201e-04
	195	62	21.750000	58.000000	9.631935e+04	1.351971e-04
	138	117	7.500000	44.250000	1.013225e+05	1.175439e-04
	282	121	43.500000	43.250000	1.016364e+05	4.654128e-05
	242	158	33.500000	34.000000	1.005611e+05	1.843301e-05
	229	161	30.250000	33.250000	1.005611e+05	1.976732e-04
2022	2	19	6	9
	236	12	32.000000	70.500000	9.692378e+04	1.165830e-04
	15	54	-23.250000	60.000000	9.839342e+04	1.614941e-04
	205	62	24.250000	58.000000	9.661127e+04	1.915630e-04
	79	70	-7.250000	56.000000	9.850038e+04	2.176160e-04
	138	118	7.500000	44.000000	1.014989e+05	1.005830e-04
	229	162	30.250000	33.000000	1.009054e+05	8.522052e-05
2022	2	19	7	12
	233	13	31.250000	70.250000	9.701926e+04	9.497243e-05
	234	13	31.500000	70.250000	9.701926e+04	8.782850e-05
	13	52	-23.750000	60.500000	9.837738e+04	1.337712e-04
	218	60	27.500000	58.500000	9.690538e+04	2.177642e-04
	86	71	-5.500000	55.750000	9.877452e+04	2.240143e-04
	135	119	6.750000	43.750000	1.015326e+05	1.261872e-04
	94	145	-3.500000	37.250000	1.018001e+05	4.314816e-05
2022	2	19	6	15
	245	10	34.250000	71.000000	9.709522e+04	9.567708e-05
	231	58	30.750000	59.000000	9.713895e+04	1.572974e-04
	0	64	-27.000000	57.500000	9.741309e+04	1.006084e-04
	112	71	1.000000	55.750000	9.867605e+04	2.313735e-04
	135	119	6.750000	43.750000	1.015100e+05	1.046692e-04
	284	162	44.000000	33.000000	1.009867e+05	8.878791e-05
2022	2	19	6	18
	246	9	34.500000	71.250000	9.713407e+04	8.794345e-05
	60	18	-12.000000	69.000000	9.834687e+04	2.175375e-04
	3	47	-26.250000	61.750000	9.655212e+04	9.586920e-05
	244	55	34.000000	59.750000	9.728317e+04	1.271899e-04
	0	60	-27.000000	58.500000	9.640554e+04	2.018208e-04
	125	71	4.250000	55.750000	9.878993e+04	1.446173e-04
2022	2	19	10	21
	247	9	34.750000	71.250000	9.711866e+04	1.004010e-04
	61	19	-11.750000	68.750000	9.815435e+04	3.100728e-04
	252	44	36.000000	62.500000	9.737770e+04	4.776046e-05
	0	45	-27.000000	62.250000	9.597019e+04	7.838359e-05
	255	53	36.750000	60.250000	9.737770e+04	8.281006e-05
	0	57	-27.000000	59.250000	9.585993e+04	1.538526e-04
	138	71	7.500000	55.750000	9.878144e+04	1.754824e-04
	276	150	42.000000	36.000000	1.012151e+05	2.150455e-05
	263	153	38.750000	35.250000	1.015433e+05	-6.343942e-05
	284	162	44.000000	33.000000	1.011177e+05	1.300595e-04
2022	2	20	9	0
	245	10	34.250000	71.000000	9.714744e+04	1.796648e-04
	59	19	-12.250000	68.750000	9.805370e+04	3.145737e-04
	262	42	38.500000	63.000000	9.744423e+04	7.314522e-05
	266	50	39.500000	61.000000	9.744423e+04	1.035123e-04
	11	54	-24.250000	60.000000	9.555732e+04	2.901072e-04
	150	71	10.500000	55.750000	9.893023e+04	1.520075e-04
	275	150	41.750000	36.000000	1.011740e+05	3.252594e-05
	265	159	39.250000	33.750000	1.013550e+05	-5.307238e-05
	284	162	44.000000	33.000000	1.010755e+05	9.754186e-05
