2022	2	10	6	0
	148	22	10.000000	68.000000	9.656528e+04	4.305323e-04
	59	56	-12.250000	59.500000	9.864480e+04	4.739417e-04
	152	106	11.000000	47.000000	1.022397e+05	-3.662466e-05
	139	110	7.750000	46.000000	1.022397e+05	-7.799364e-05
	253	141	36.250000	38.250000	1.007831e+05	6.702007e-05
	277	162	42.250000	33.000000	1.008637e+05	8.699049e-05
2022	2	10	8	6
	177	4	17.250000	72.500000	9.718606e+04	1.534719e-04
	177	5	17.250000	72.250000	9.718606e+04	1.676149e-04
	8	6	-25.000000	72.000000	1.003517e+05	-6.351383e-06
	10	14	-24.500000	70.000000	1.003517e+05	4.307821e-05
	166	22	14.500000	68.000000	9.690556e+04	3.306813e-04
	77	59	-7.750000	58.750000	9.911837e+04	5.213117e-04
	152	106	11.000000	47.000000	1.020799e+05	-4.204156e-05
	249	150	35.250000	36.000000	1.010571e+05	1.039957e-04
2022	2	10	9	12
	178	4	17.500000	72.500000	9.731229e+04	2.445029e-04
	8	6	-25.000000	72.000000	1.002664e+05	-2.295157e-05
	192	16	21.000000	69.500000	9.733033e+04	1.365227e-05
	191	27	20.750000	66.750000	9.766884e+04	9.362442e-05
	92	63	-4.000000	57.750000	9.989595e+04	3.686421e-04
	137	117	7.250000	44.250000	1.022093e+05	1.240552e-04
	283	139	43.750000	38.750000	1.010081e+05	2.171918e-05
	269	156	40.250000	34.500000	1.010313e+05	2.014722e-05
	85	160	-5.750000	33.500000	1.023467e+05	1.816131e-05
2022	2	10	8	18
	8	6	-25.000000	72.000000	1.001223e+05	-9.248377e-06
	190	6	20.500000	72.000000	9.745970e+04	2.282657e-04
	43	10	-16.250000	71.000000	9.988772e+04	7.716749e-05
	10	14	-24.500000	70.000000	9.988772e+04	4.845654e-06
	40	18	-17.000000	69.000000	9.988772e+04	1.417492e-04
	110	69	0.500000	56.250000	1.003797e+05	3.193066e-04
	136	119	7.000000	43.750000	1.022271e+05	8.728875e-05
	87	156	-5.250000	34.500000	1.020837e+05	1.742754e-05
2022	2	11	5	0
	202	7	23.500000	71.750000	9.767041e+04	2.576348e-04
	55	13	-13.250000	70.250000	9.946021e+04	1.462407e-04
	0	71	-27.000000	55.750000	9.974031e+04	1.333501e-04
	124	75	4.000000	54.750000	1.007978e+05	2.820824e-04
	137	117	7.250000	44.250000	1.021701e+05	8.860541e-05
2022	2	11	5	6
	219	7	27.750000	71.750000	9.787975e+04	2.321790e-04
	60	12	-12.000000	70.500000	9.926361e+04	1.657489e-04
	0	62	-27.000000	58.000000	9.923323e+04	1.016263e-04
	137	117	7.250000	44.250000	1.019929e+05	1.036493e-04
	188	123	20.000000	42.750000	1.020360e+05	-1.087577e-05
2022	2	11	9	12
	235	7	31.750000	71.750000	9.820670e+04	2.046033e-04
	101	14	-1.750000	70.000000	9.939043e+04	9.978854e-05
	72	15	-9.000000	69.750000	9.939043e+04	2.394710e-04
	0	57	-27.000000	59.250000	9.893333e+04	6.305112e-05
	18	60	-22.500000	58.500000	9.893607e+04	1.238166e-04
	0	70	-27.000000	56.000000	9.890980e+04	9.854360e-05
	150	110	10.500000	46.000000	1.020490e+05	2.069021e-05
	136	118	7.000000	44.000000	1.020151e+05	9.872934e-05
	89	162	-4.750000	33.000000	1.022173e+05	5.436737e-06
2022	2	11	5	18
	247	6	34.750000	72.000000	9.834273e+04	2.103598e-04
	139	16	7.750000	69.500000	9.901310e+04	1.606727e-04
	42	55	-16.500000	59.750000	9.868556e+04	1.828628e-04
	20	58	-22.000000	59.000000	9.868556e+04	1.315642e-04
	22	66	-21.500000	57.000000	9.868556e+04	1.299216e-04
2022	2	12	6	0
	256	4	37.000000	72.500000	9.840723e+04	2.143091e-04
	159	15	12.750000	69.750000	9.869027e+04	1.537111e-04
	141	20	8.250000	68.500000	9.869027e+04	3.145240e-04
	39	52	-17.250000	60.500000	9.852562e+04	2.228840e-04
	23	60	-21.250000	58.500000	9.852562e+04	1.781501e-04
	279	81	42.750000	53.250000	1.005158e+05	1.183054e-04
2022	2	12	4	6
	264	1	39.000000	73.250000	9.846877e+04	2.459300e-04
	163	16	13.750000	69.500000	9.883179e+04	2.214149e-04
	52	55	-14.000000	59.750000	9.847955e+04	1.308069e-04
	32	57	-19.000000	59.250000	9.847955e+04	2.256798e-04
2022	2	12	2	12
	273	0	41.250000	73.500000	9.876084e+04	1.173733e-05
	71	53	-9.250000	60.250000	9.843623e+04	1.489306e-04
2022	2	12	7	18
	173	0	16.250000	73.500000	9.906172e+04	2.771510e-05
	174	0	16.500000	73.500000	9.906172e+04	2.532531e-05
	175	0	16.750000	73.500000	9.906172e+04	2.334119e-05
	176	0	17.000000	73.500000	9.906172e+04	2.190937e-05
	265	18	39.250000	69.000000	9.906309e+04	1.592545e-04
	79	51	-7.250000	60.750000	9.828002e+04	1.274151e-04
	22	99	-21.500000	48.750000	1.001776e+05	1.279819e-04
2022	2	13	4	0
	267	20	39.750000	68.500000	9.919383e+04	1.566847e-04
	288	24	45.000000	67.500000	9.955528e+04	2.379688e-05
	107	45	-0.250000	62.250000	9.817789e+04	1.716384e-04
	45	96	-15.750000	49.500000	9.958841e+04	1.615911e-04
2022	2	13	4	6
	273	23	41.250000	67.750000	9.940376e+04	1.169094e-04
	40	36	-17.000000	64.500000	1.002643e+05	-1.646575e-06
	119	43	2.750000	62.750000	9.787563e+04	2.639216e-04
	62	93	-11.500000	50.250000	9.887080e+04	2.355477e-04
2022	2	13	3	12
	144	43	9.000000	62.750000	9.801814e+04	6.001160e-05
	120	48	3.000000	61.500000	9.801500e+04	2.734369e-04
	78	89	-7.500000	51.250000	9.850994e+04	2.282549e-04
2022	2	13	6	18
	6	14	-25.500000	70.000000	9.952941e+04	1.011303e-04
	184	41	19.000000	63.250000	9.808792e+04	7.322806e-05
	159	42	12.750000	63.000000	9.808792e+04	2.314851e-05
	93	85	-3.750000	52.250000	9.813908e+04	2.372149e-04
	264	120	39.000000	43.500000	1.027358e+05	1.115831e-04
	278	121	42.500000	43.250000	1.026509e+05	4.085675e-05
2022	2	14	2	0
	203	32	23.750000	65.500000	9.828609e+04	1.109327e-04
	114	79	1.500000	53.750000	9.798129e+04	1.996043e-04
2022	2	14	3	6
	1	17	-26.750000	69.250000	9.974052e+04	8.804222e-06
	211	33	25.750000	65.250000	9.839625e+04	5.771664e-05
	131	72	5.750000	55.500000	9.793012e+04	1.733325e-04
2022	2	14	3	12
	82	3	-6.500000	72.750000	1.001988e+05	2.565174e-05
	151	63	10.750000	57.750000	9.789387e+04	1.770258e-04
	278	120	42.500000	43.500000	1.016746e+05	2.355617e-06
2022	2	14	4	18
	0	41	-27.000000	63.250000	9.828884e+04	1.020031e-04
	164	59	14.000000	58.750000	9.806988e+04	1.684001e-04
	139	120	7.750000	43.500000	1.009270e+05	1.329432e-04
	278	120	42.500000	43.500000	1.018514e+05	-2.103790e-05
2022	2	15	4	0
	28	38	-20.000000	64.000000	9.843898e+04	5.542845e-05
	193	52	21.250000	60.500000	9.816534e+04	1.036068e-04
	146	118	9.500000	44.000000	1.007984e+05	1.192331e-04
	280	121	43.000000	43.250000	1.017622e+05	-1.504513e-05
2022	2	15	6	6
	109	0	0.250000	73.500000	1.001251e+05	5.776983e-05
	110	0	0.500000	73.500000	1.001251e+05	6.701460e-05
	37	35	-17.750000	64.750000	9.873516e+04	6.764757e-05
	223	43	28.750000	62.750000	9.840488e+04	4.975823e-05
	159	114	12.750000	45.000000	1.006859e+05	1.066253e-04
	281	122	43.250000	43.000000	1.018122e+05	-1.083617e-05
2022	2	15	5	12
	108	0	0.000000	73.500000	1.002980e+05	1.394278e-05
	248	36	35.000000	64.500000	9.865949e+04	6.487993e-05
	0	60	-27.000000	58.500000	9.741324e+04	1.123383e-04
	160	111	13.000000	45.750000	1.005953e+05	1.099328e-04
	278	120	42.500000	43.500000	1.015121e+05	-2.181360e-06
2022	2	15	4	18
	6	7	-25.500000	71.750000	9.851445e+04	-5.912713e-05
	271	28	40.750000	66.500000	9.890314e+04	5.635143e-05
	0	47	-27.000000	61.750000	9.551974e+04	1.256853e-04
	280	121	43.000000	43.250000	1.017154e+05	1.236283e-05
2022	2	16	4	0
	24	35	-21.000000	64.750000	9.501501e+04	3.355815e-05
	0	44	-27.000000	62.500000	9.492308e+04	6.941044e-05
	185	108	19.250000	46.500000	1.005479e+05	1.023655e-04
	281	121	43.250000	43.250000	1.016399e+05	8.827352e-06
2022	2	16	6	6
	10	37	-24.500000	64.250000	9.496170e+04	1.431089e-04
	206	101	24.500000	48.250000	1.005892e+05	-2.259794e-06
	190	107	20.500000	46.750000	1.005785e+05	1.079519e-04
	168	120	15.000000	43.500000	1.008535e+05	1.048275e-04
	281	121	43.250000	43.250000	1.016313e+05	7.550292e-06
	161	130	13.250000	41.000000	1.008535e+05	8.870612e-05
2022	2	16	7	12
	288	18	45.000000	69.000000	9.962506e+04	-1.091917e-04
	37	26	-17.750000	67.000000	9.470629e+04	2.366208e-04
	20	31	-22.000000	65.750000	9.470629e+04	5.893982e-05
	41	35	-16.750000	64.750000	9.470629e+04	7.932470e-05
	192	106	21.000000	47.000000	1.007770e+05	1.577277e-04
	211	106	25.750000	47.000000	1.007380e+05	3.330530e-05
	176	137	17.000000	39.250000	1.008398e+05	7.264398e-05
2022	2	16	5	18
	288	23	45.000000	67.750000	9.997827e+04	-8.609625e-05
	27	24	-20.250000	67.500000	9.459260e+04	2.695842e-04
	1	31	-26.750000	65.750000	9.459888e+04	2.258253e-04
	183	134	18.750000	40.000000	1.007615e+05	1.437125e-04
	187	142	19.750000	38.000000	1.007615e+05	6.194222e-05
2022	2	17	3	0
	1	20	-26.750000	68.500000	9.470648e+04	-2.562906e-04
	26	21	-20.500000	68.250000	9.470648e+04	3.812579e-04
	183	136	18.750000	39.500000	1.007480e+05	2.458176e-04
2022	2	17	6	6
	64	19	-11.000000	68.750000	9.547408e+04	2.114766e-04
	21	20	-21.750000	68.500000	9.526454e+04	3.334746e-04
	95	46	-3.250000	62.000000	9.685107e+04	2.237909e-04
	150	110	10.500000	46.000000	1.023957e+05	2.845405e-05
	282	121	43.500000	43.250000	1.017947e+05	-1.061050e-05
	184	140	19.000000	38.500000	1.008764e+05	2.219829e-04
2022	2	17	6	12
	67	16	-10.250000	69.500000	9.570047e+04	2.794137e-04
	28	17	-20.000000	69.250000	9.576673e+04	1.314276e-04
	118	42	2.500000	63.000000	9.704670e+04	3.003127e-04
	155	109	11.750000	46.250000	1.023987e+05	-7.294487e-05
	136	116	7.000000	44.500000	1.024083e+05	2.275808e-06
	184	141	19.000000	38.250000	1.010215e+05	2.202376e-04
2022	2	17	7	18
	59	13	-12.250000	70.250000	9.607016e+04	3.315937e-04
	26	16	-20.500000	69.500000	9.607016e+04	1.300768e-04
	161	19	13.250000	68.750000	9.687087e+04	1.741871e-04
	0	41	-27.000000	63.250000	9.505539e+04	8.798224e-05
	189	43	20.250000	62.750000	9.754888e+04	1.937592e-04
	136	117	7.000000	44.250000	1.024220e+05	-2.610975e-05
	187	162	19.750000	33.000000	1.012079e+05	2.945394e-05
2022	2	18	7	0
	35	12	-18.250000	70.500000	9.642455e+04	3.454292e-04
	102	12	-1.500000	70.500000	9.713569e+04	2.022617e-04
	103	12	-1.250000	70.500000	9.713569e+04	2.019564e-04
	173	16	16.250000	69.500000	9.711922e+04	1.815943e-04
	4	35	-26.000000	64.750000	9.521044e+04	2.902259e-04
	208	40	25.000000	63.500000	9.720958e+04	2.202511e-04
	193	161	21.250000	33.250000	1.011632e+05	7.063834e-05
2022	2	18	6	6
	205	9	24.250000	71.250000	9.718802e+04	1.099268e-04
	288	23	45.000000	67.750000	9.907132e+04	-5.693022e-05
	1	32	-26.750000	65.500000	9.572477e+04	2.233706e-04
	227	37	29.750000	64.250000	9.709099e+04	2.082863e-04
	226	38	29.500000	64.000000	9.709099e+04	2.081374e-04
	183	158	18.750000	34.000000	1.011083e+05	1.808716e-04
2022	2	18	6	12
	215	6	26.750000	72.000000	9.715333e+04	1.437327e-04
	46	29	-15.500000	66.250000	9.750145e+04	9.562249e-05
	6	31	-25.500000	65.750000	9.692184e+04	3.088862e-04
	288	37	45.000000	64.250000	9.859795e+04	7.785049e-07
	243	38	33.750000	64.000000	9.710550e+04	1.941224e-04
	172	159	16.000000	33.750000	1.009813e+05	2.003942e-04
2022	2	18	5	18
	219	4	27.750000	72.500000	9.715980e+04	1.601520e-04
	265	37	39.250000	64.250000	9.720527e+04	1.245514e-04
	288	37	45.000000	64.250000	9.764101e+04	5.786389e-05
	0	43	-27.000000	62.750000	9.793111e+04	1.443274e-04
	165	162	14.250000	33.000000	1.013614e+05	6.243891e-05
2022	2	19	5	0
	219	5	27.750000	72.250000	9.728034e+04	1.404325e-04
	280	34	43.000000	65.000000	9.718410e+04	4.502379e-05
	0	39	-27.000000	63.750000	9.701769e+04	6.614043e-05
	81	162	-6.750000	33.000000	1.021023e+05	2.164523e-05
	82	162	-6.500000	33.000000	1.021023e+05	2.053585e-05
2022	2	19	3	6
	288	30	45.000000	66.000000	9.716998e+04	1.660347e-04
	0	35	-27.000000	64.750000	9.621658e+04	1.057822e-04
	116	124	2.000000	42.500000	1.025435e+05	5.063437e-05
2022	2	19	3	12
	288	22	45.000000	68.000000	9.739030e+04	3.123025e-05
	0	37	-27.000000	64.250000	9.629165e+04	4.096634e-05
	135	113	6.750000	45.250000	1.025392e+05	1.332433e-05
2022	2	19	2	18
	288	16	45.000000	69.500000	9.745068e+04	-3.659914e-05
	0	31	-27.000000	65.750000	9.642317e+04	1.773364e-04
2022	2	20	5	0
	288	19	45.000000	68.750000	9.763866e+04	-6.798861e-05
	29	29	-19.750000	66.250000	9.719723e+04	1.593310e-04
	2	33	-26.500000	65.250000	9.719723e+04	2.288792e-04
	117	124	2.250000	42.500000	1.025996e+05	2.862263e-05
	227	159	29.750000	33.750000	1.010377e+05	1.005244e-04
