2022	2	10	8	0
	8	6	-25.000000	72.000000	1.001494e+05	-1.004385e-05
	162	13	13.500000	70.250000	9.648189e+04	3.560892e-05
	148	22	10.000000	68.000000	9.648189e+04	3.808183e-04
	59	56	-12.250000	59.500000	9.854282e+04	5.050555e-04
	152	106	11.000000	47.000000	1.022375e+05	-3.815925e-05
	139	110	7.750000	46.000000	1.022375e+05	-7.247164e-05
	283	141	43.750000	38.250000	1.009312e+05	1.100150e-05
	248	157	35.000000	34.250000	1.007669e+05	1.545494e-04
2022	2	10	8	6
	178	5	17.500000	72.250000	9.709616e+04	1.735132e-04
	9	6	-24.750000	72.000000	1.002274e+05	-5.257687e-06
	166	23	14.500000	67.750000	9.679166e+04	3.780913e-04
	76	59	-8.000000	58.750000	9.903445e+04	4.793873e-04
	152	106	11.000000	47.000000	1.021421e+05	-4.575817e-05
	139	110	7.750000	46.000000	1.021421e+05	-5.561280e-05
	265	144	39.250000	37.500000	1.010602e+05	1.209075e-04
	249	151	35.250000	35.750000	1.010109e+05	1.005647e-04
2022	2	10	7	12
	174	4	16.500000	72.500000	9.715791e+04	3.275405e-04
	21	20	-21.750000	68.500000	1.001355e+05	9.911822e-05
	188	28	20.000000	66.500000	9.772730e+04	1.553231e-04
	91	63	-4.250000	57.750000	9.990412e+04	4.037866e-04
	137	117	7.250000	44.250000	1.022382e+05	1.226066e-04
	284	139	44.000000	38.750000	1.009717e+05	1.892952e-05
	270	153	40.500000	35.250000	1.009822e+05	5.080590e-05
2022	2	10	4	18
	187	6	19.750000	72.000000	9.737538e+04	1.863959e-04
	41	16	-16.750000	69.500000	9.974334e+04	1.345875e-04
	108	68	0.000000	56.500000	1.004545e+05	3.203224e-04
	89	157	-4.750000	34.250000	1.022466e+05	-1.419314e-05
2022	2	11	4	0
	197	5	22.250000	72.250000	9.755302e+04	1.851159e-04
	54	15	-13.500000	69.750000	9.937098e+04	2.342553e-04
	0	71	-27.000000	55.750000	9.972480e+04	1.554301e-04
	120	74	3.000000	55.000000	1.009481e+05	3.200202e-04
2022	2	11	3	6
	203	6	23.750000	72.000000	9.762973e+04	2.876294e-04
	71	15	-9.250000	69.750000	9.917332e+04	1.970820e-04
	132	82	6.000000	53.000000	1.014205e+05	2.277357e-04
2022	2	11	6	12
	213	7	26.250000	71.750000	9.779684e+04	3.463816e-04
	103	16	-1.250000	69.500000	9.939121e+04	7.648335e-05
	79	18	-7.250000	69.000000	9.939121e+04	2.236592e-04
	8	57	-25.000000	59.250000	9.914129e+04	1.730940e-04
	3	67	-26.250000	56.750000	9.914129e+04	1.154266e-04
	135	119	6.750000	43.750000	1.020746e+05	1.048134e-04
2022	2	11	5	18
	222	8	28.500000	71.500000	9.791632e+04	2.894891e-04
	141	22	8.250000	68.000000	9.920640e+04	1.325793e-04
	28	54	-20.000000	60.000000	9.892318e+04	1.606376e-04
	22	64	-21.500000	57.500000	9.892318e+04	9.787157e-05
	273	78	41.250000	54.000000	1.003028e+05	1.612480e-04
2022	2	12	7	0
	138	0	7.500000	73.500000	9.866272e+04	1.448505e-04
	228	9	30.000000	71.250000	9.804381e+04	2.756909e-04
	146	21	9.500000	68.250000	9.886186e+04	1.966377e-04
	48	51	-15.000000	60.750000	9.876134e+04	2.094898e-04
	21	55	-21.750000	59.750000	9.882772e+04	1.788751e-04
	44	59	-16.000000	58.750000	9.876134e+04	1.115121e-04
	288	78	45.000000	54.000000	1.001924e+05	1.202291e-04
2022	2	12	6	6
	153	4	11.250000	72.500000	9.860498e+04	3.075681e-04
	234	10	31.500000	71.000000	9.805414e+04	2.768366e-04
	161	23	13.250000	67.750000	9.898409e+04	1.765083e-04
	37	53	-17.750000	60.250000	9.844335e+04	2.759152e-04
	54	55	-13.500000	59.750000	9.844335e+04	1.648150e-04
	0	64	-27.000000	57.500000	9.931472e+04	2.925007e-05
2022	2	12	5	12
	213	3	26.250000	72.750000	9.813484e+04	1.241560e-04
	164	7	14.000000	71.750000	9.861741e+04	3.143029e-04
	237	10	32.250000	71.000000	9.813484e+04	2.750704e-04
	163	25	13.750000	67.250000	9.927320e+04	2.378232e-04
	65	54	-10.750000	60.000000	9.850805e+04	1.597544e-04
2022	2	12	8	18
	213	1	26.250000	73.250000	9.826760e+04	1.140890e-04
	175	9	16.750000	71.250000	9.867831e+04	2.779972e-04
	176	9	17.000000	71.250000	9.867831e+04	2.790532e-04
	240	11	33.000000	70.750000	9.818963e+04	2.709165e-04
	77	52	-7.750000	60.500000	9.844567e+04	1.484675e-04
	78	52	-7.500000	60.500000	9.844567e+04	1.404342e-04
	29	64	-19.750000	57.500000	9.871772e+04	1.934686e-04
	288	100	45.000000	48.500000	1.012010e+05	1.133194e-04
2022	2	13	6	0
	114	0	1.500000	73.500000	9.937203e+04	1.340384e-04
	218	0	27.500000	73.500000	9.868927e+04	7.480305e-05
	186	10	19.500000	71.000000	9.879590e+04	2.588230e-04
	245	13	34.250000	70.250000	9.835801e+04	2.490378e-04
	87	51	-5.250000	60.750000	9.843134e+04	1.724003e-04
	60	106	-12.000000	47.000000	1.000249e+05	1.594281e-04
2022	2	13	7	6
	221	0	28.250000	73.500000	9.880454e+04	5.197795e-05
	122	3	3.500000	72.750000	9.927868e+04	2.058882e-04
	194	10	21.500000	71.000000	9.876430e+04	2.626200e-04
	256	15	37.000000	69.750000	9.858475e+04	2.850127e-04
	117	42	2.250000	63.000000	9.833630e+04	1.660289e-04
	100	50	-2.000000	61.000000	9.833630e+04	1.747569e-04
	91	99	-4.250000	48.750000	9.924391e+04	1.954373e-04
2022	2	13	9	12
	226	0	29.500000	73.500000	9.906627e+04	5.439172e-05
	129	7	5.250000	71.750000	9.935412e+04	1.977043e-04
	195	11	21.750000	70.750000	9.891349e+04	1.939033e-04
	267	14	39.750000	70.000000	9.901674e+04	2.298781e-04
	40	36	-17.000000	64.500000	1.005041e+05	-1.017030e-06
	130	42	5.500000	63.000000	9.843893e+04	1.726062e-04
	108	49	0.000000	61.250000	9.842797e+04	2.396457e-04
	104	84	-1.000000	52.500000	9.886987e+04	2.662485e-04
	270	120	40.500000	43.500000	1.027646e+05	5.706222e-05
2022	2	13	3	18
	288	0	45.000000	73.500000	9.972332e+04	-6.019160e-06
	113	51	1.250000	60.750000	9.849288e+04	2.224771e-04
	123	76	3.750000	54.500000	9.861467e+04	1.762697e-04
2022	2	14	3	0
	6	7	-25.500000	71.750000	9.972901e+04	3.057185e-06
	121	55	3.250000	59.750000	9.839952e+04	8.053440e-05
	136	66	7.000000	57.000000	9.833483e+04	2.159279e-04
2022	2	14	5	6
	6	14	-25.500000	70.000000	9.964641e+04	7.949542e-05
	153	29	11.250000	66.250000	9.904583e+04	8.532304e-05
	140	51	8.000000	60.750000	9.803980e+04	-3.361439e-05
	149	60	10.250000	58.500000	9.803980e+04	2.255404e-04
	149	104	10.250000	47.500000	1.004000e+05	-7.438511e-05
2022	2	14	5	12
	162	17	13.500000	69.250000	9.916447e+04	6.538400e-05
	163	17	13.750000	69.250000	9.916447e+04	6.653369e-05
	0	48	-27.000000	61.500000	9.829521e+04	1.885120e-05
	168	54	15.000000	60.000000	9.818879e+04	2.590140e-04
	157	104	12.250000	47.500000	1.005605e+05	4.659206e-05
2022	2	14	3	18
	194	45	21.500000	62.250000	9.824590e+04	1.557370e-04
	147	61	9.750000	58.250000	9.896933e+04	2.144226e-04
	139	120	7.750000	43.500000	1.007856e+05	1.278130e-04
2022	2	15	5	0
	219	34	27.750000	65.000000	9.816962e+04	1.594484e-04
	220	34	28.000000	65.000000	9.816962e+04	1.443363e-04
	172	58	16.000000	59.000000	9.909724e+04	9.760322e-05
	154	60	11.500000	58.500000	9.909724e+04	2.777603e-04
	142	122	8.500000	43.000000	1.009529e+05	6.196865e-05
2022	2	15	7	6
	288	26	45.000000	67.000000	9.981141e+04	9.962719e-05
	239	29	32.750000	66.250000	9.805519e+04	1.710344e-04
	0	30	-27.000000	66.000000	9.745019e+04	1.220442e-04
	185	57	19.250000	59.250000	9.943504e+04	9.248258e-05
	163	60	13.750000	58.500000	9.943504e+04	2.435237e-04
	0	85	-27.000000	52.250000	9.904224e+04	1.150642e-04
	146	118	9.500000	44.000000	1.009466e+05	8.155178e-05
2022	2	15	9	12
	6	7	-25.500000	71.750000	9.853481e+04	2.343429e-05
	230	15	30.500000	69.750000	9.825012e+04	1.205028e-04
	251	24	35.750000	67.500000	9.825012e+04	1.624402e-04
	0	25	-27.000000	67.250000	9.739055e+04	1.494367e-04
	288	26	45.000000	67.000000	9.926920e+04	1.083701e-04
	30	30	-19.500000	66.000000	9.741752e+04	1.965247e-04
	202	53	23.500000	60.250000	9.948330e+04	7.134151e-05
	12	78	-24.000000	54.000000	9.832745e+04	2.219735e-04
	157	118	12.250000	44.000000	1.010901e+05	2.057059e-05
2022	2	15	4	18
	257	17	37.250000	69.250000	9.841764e+04	1.349755e-04
	25	68	-20.750000	56.500000	9.727929e+04	2.348603e-04
	0	76	-27.000000	54.500000	9.701419e+04	1.124078e-04
	165	123	14.250000	42.750000	1.012817e+05	6.667026e-05
2022	2	16	4	0
	249	13	35.250000	70.250000	9.848992e+04	1.269214e-04
	221	19	28.250000	68.750000	9.848992e+04	2.600927e-04
	26	60	-20.500000	58.500000	9.552118e+04	3.953250e-04
	281	121	43.250000	43.250000	1.021600e+05	9.993601e-06
2022	2	16	7	6
	236	9	32.000000	71.250000	9.847538e+04	1.497877e-04
	208	10	25.000000	71.000000	9.847538e+04	1.281166e-04
	259	32	37.750000	65.500000	9.872088e+04	1.018791e-04
	43	56	-16.250000	59.500000	9.450336e+04	3.619499e-04
	285	123	44.250000	42.750000	1.023869e+05	-2.277731e-05
	173	125	16.250000	42.250000	1.012958e+05	1.333715e-04
	175	134	16.750000	40.000000	1.012958e+05	1.442400e-04
2022	2	16	6	12
	225	10	29.250000	71.000000	9.853038e+04	1.324470e-04
	264	26	39.000000	67.000000	9.855757e+04	1.144507e-04
	70	48	-9.500000	61.500000	9.449155e+04	1.041455e-04
	277	120	42.250000	43.500000	1.020911e+05	-6.237549e-05
	174	123	16.500000	42.750000	1.011795e+05	1.227541e-04
	179	131	17.750000	40.750000	1.011795e+05	2.256617e-04
2022	2	16	6	18
	216	10	27.000000	71.000000	9.854134e+04	1.299371e-04
	271	21	40.750000	68.250000	9.845262e+04	8.510140e-05
	79	43	-7.250000	62.750000	9.442223e+04	3.156071e-04
	1	110	-26.750000	46.000000	1.009742e+05	1.143603e-04
	277	120	42.250000	43.500000	1.023579e+05	-6.905897e-05
	181	129	18.250000	41.250000	1.012857e+05	1.752796e-04
2022	2	17	8	0
	287	18	44.750000	69.000000	9.817362e+04	-9.038380e-06
	23	29	-21.250000	66.250000	9.582568e+04	3.145018e-04
	0	39	-27.000000	63.750000	9.652593e+04	1.989384e-06
	91	39	-4.250000	63.750000	9.492903e+04	4.078726e-04
	0	109	-27.000000	46.250000	1.008419e+05	7.326032e-05
	137	117	7.250000	44.250000	1.017794e+05	9.970743e-05
	278	120	42.500000	43.500000	1.021872e+05	-4.718378e-05
	181	128	18.250000	41.500000	1.014157e+05	1.543215e-04
2022	2	17	6	6
	279	20	42.750000	68.500000	9.802148e+04	1.837563e-04
	0	37	-27.000000	64.250000	9.680304e+04	1.290851e-05
	91	37	-4.250000	64.250000	9.526598e+04	3.681346e-04
	122	37	3.500000	64.250000	9.531382e+04	3.136296e-04
	278	120	42.500000	43.500000	1.021429e+05	-2.785886e-06
	181	130	18.250000	41.000000	1.015938e+05	1.527286e-04
2022	2	17	4	12
	284	21	44.000000	68.250000	9.821598e+04	1.642066e-04
	132	31	6.000000	65.750000	9.522216e+04	3.893490e-04
	97	37	-2.750000	64.250000	9.532288e+04	3.791268e-04
	181	44	18.250000	62.500000	9.693264e+04	2.598631e-04
2022	2	17	3	18
	129	26	5.250000	67.000000	9.483441e+04	3.777412e-04
	113	37	1.250000	64.250000	9.486265e+04	4.737643e-04
	191	42	20.750000	63.000000	9.685846e+04	2.587345e-04
2022	2	18	3	0
	118	25	2.500000	67.250000	9.474823e+04	3.651647e-04
	132	34	6.000000	65.000000	9.474823e+04	3.907294e-04
	201	40	23.250000	63.500000	9.678028e+04	1.881465e-04
2022	2	18	4	6
	108	26	0.000000	67.000000	9.515156e+04	3.217312e-04
	137	30	7.250000	66.000000	9.516104e+04	2.700769e-04
	210	37	25.500000	64.250000	9.667534e+04	1.541862e-04
	138	117	7.500000	44.250000	1.012530e+05	1.125567e-04
2022	2	18	3	12
	143	29	8.750000	66.250000	9.581472e+04	2.129593e-04
	114	30	1.500000	66.000000	9.581472e+04	2.966716e-04
	217	34	27.250000	65.000000	9.672296e+04	1.928975e-04
2022	2	18	4	18
	154	27	11.500000	66.750000	9.596560e+04	3.138793e-04
	227	31	29.750000	65.750000	9.696973e+04	1.488391e-04
	228	31	30.000000	65.750000	9.696973e+04	1.507647e-04
	157	108	12.250000	46.500000	1.011969e+05	1.328155e-05
2022	2	19	4	0
	153	26	11.250000	67.000000	9.605432e+04	3.394026e-04
	236	27	32.000000	66.750000	9.715727e+04	9.263170e-05
	242	88	33.500000	51.500000	9.838098e+04	1.882498e-04
	147	111	9.750000	45.750000	1.013434e+05	8.510079e-05
2022	2	19	7	6
	240	15	33.000000	69.750000	9.723988e+04	8.376248e-05
	288	16	45.000000	69.500000	9.770159e+04	-4.709612e-05
	157	27	12.250000	66.750000	9.648105e+04	2.111582e-04
	171	33	15.750000	65.250000	9.648105e+04	8.042795e-05
	0	35	-27.000000	64.750000	9.900895e+04	4.217324e-06
	253	86	36.250000	52.000000	9.824801e+04	1.840652e-04
	116	124	2.000000	42.500000	1.020434e+05	-1.440375e-05
2022	2	19	5	12
	231	14	30.750000	70.000000	9.729488e+04	7.769636e-05
	157	27	12.250000	66.750000	9.697226e+04	1.790960e-04
	0	64	-27.000000	57.500000	9.786301e+04	1.293123e-04
	260	86	38.000000	52.000000	9.815571e+04	2.365533e-04
	285	122	44.250000	43.000000	9.982005e+04	7.716931e-05
2022	2	19	4	18
	227	14	29.750000	70.000000	9.748412e+04	1.163939e-04
	211	32	25.750000	65.500000	9.763395e+04	1.021157e-04
	7	56	-25.250000	59.500000	9.629919e+04	6.012823e-04
	274	83	41.500000	52.750000	9.820670e+04	1.419685e-04
2022	2	20	5	0
	5	0	-25.750000	73.500000	1.001465e+05	-2.009527e-05
	226	16	29.500000	69.500000	9.779768e+04	9.221570e-05
	24	47	-21.000000	61.750000	9.588427e+04	4.964516e-04
	279	75	42.750000	54.750000	9.811525e+04	1.190445e-04
	278	76	42.500000	54.500000	9.811525e+04	1.323269e-04
