2022	2	16	5	0
	53	39	-13.750000	63.750000	9.735704e+04	3.394108e-04
	118	54	2.500000	60.000000	9.797916e+04	2.472902e-04
	65	67	-10.750000	56.750000	9.712321e+04	3.377286e-04
	171	120	15.750000	43.500000	1.014236e+05	1.694662e-05
	280	121	43.000000	43.250000	1.021084e+05	2.091052e-05
2022	2	16	5	3
	46	37	-15.500000	64.250000	9.754389e+04	2.831755e-04
	123	53	3.750000	60.250000	9.792458e+04	2.330394e-04
	74	66	-8.500000	57.000000	9.711622e+04	2.986277e-04
	280	121	43.000000	43.250000	1.021955e+05	3.306960e-05
	173	122	16.250000	43.000000	1.013852e+05	3.135100e-05
2022	2	16	2	6
	84	66	-6.000000	57.000000	9.739641e+04	3.190435e-04
	99	67	-2.250000	56.750000	9.739641e+04	2.359624e-04
2022	2	16	3	9
	110	66	0.500000	57.000000	9.750558e+04	2.282028e-04
	137	116	7.250000	44.500000	1.011635e+05	8.489959e-05
	184	129	19.000000	41.250000	1.014385e+05	1.103765e-04
2022	2	16	4	12
	64	56	-11.000000	59.500000	9.755362e+04	7.954168e-05
	121	66	3.250000	57.000000	9.742728e+04	2.347297e-04
	62	69	-11.500000	56.250000	9.757399e+04	1.960123e-04
	184	135	19.000000	39.750000	1.012313e+05	1.560357e-04
2022	2	16	2	15
	133	66	6.250000	57.000000	9.723921e+04	2.094720e-04
	92	69	-4.000000	56.250000	9.737999e+04	1.697765e-04
2022	2	16	3	18
	143	66	8.750000	57.000000	9.722462e+04	2.422828e-04
	148	108	10.000000	46.500000	1.004833e+05	-4.120346e-05
	186	135	19.500000	39.750000	1.011212e+05	1.283793e-04
2022	2	16	2	21
	153	66	11.250000	57.000000	9.704932e+04	1.836650e-04
	279	120	42.750000	43.500000	1.020612e+05	-3.374950e-05
2022	2	17	4	0
	127	42	4.750000	63.000000	9.733712e+04	1.071537e-04
	185	61	19.250000	58.250000	9.679452e+04	2.043114e-04
	158	66	12.500000	57.000000	9.686643e+04	1.981316e-04
	137	117	7.250000	44.250000	1.009333e+05	8.341470e-05
2022	2	17	4	3
	128	42	5.000000	63.000000	9.735734e+04	1.023817e-04
	0	50	-27.000000	61.000000	9.898197e+04	-1.974429e-05
	191	58	20.750000	59.000000	9.650033e+04	2.484261e-04
	177	66	17.250000	57.000000	9.650033e+04	1.371457e-04
2022	2	17	3	6
	130	42	5.500000	63.000000	9.738288e+04	9.325731e-05
	195	56	21.750000	59.500000	9.631105e+04	2.340524e-04
	193	69	21.250000	56.250000	9.636867e+04	1.611818e-04
2022	2	17	3	9
	132	41	6.000000	63.250000	9.747152e+04	8.665393e-05
	198	55	22.500000	59.750000	9.630132e+04	2.072034e-04
	205	63	24.250000	57.750000	9.630132e+04	1.855334e-04
2022	2	17	4	12
	136	40	7.000000	63.500000	9.755894e+04	8.930558e-05
	202	55	23.500000	59.750000	9.632306e+04	2.047828e-04
	279	120	42.750000	43.500000	1.012156e+05	-1.256845e-05
	196	143	22.000000	37.750000	1.010285e+05	2.453174e-05
2022	2	17	3	15
	140	39	8.000000	63.750000	9.760394e+04	8.291668e-05
	0	44	-27.000000	62.500000	9.912777e+04	-3.727113e-05
	215	53	26.750000	60.250000	9.637795e+04	1.060839e-04
2022	2	17	4	18
	142	39	8.500000	63.750000	9.763039e+04	6.338111e-05
	220	49	28.000000	61.250000	9.637323e+04	1.266144e-04
	30	116	-19.500000	44.500000	1.007544e+05	1.110384e-04
	281	121	43.250000	43.250000	1.011553e+05	-1.405431e-05
2022	2	17	5	21
	144	38	9.000000	64.000000	9.766734e+04	5.762448e-05
	220	45	28.000000	62.250000	9.636594e+04	1.253674e-04
	39	46	-17.250000	62.000000	9.851994e+04	2.048372e-04
	29	103	-19.750000	47.750000	1.003836e+05	2.802684e-04
	39	111	-17.250000	45.750000	1.003836e+05	1.253515e-04
2022	2	18	6	0
	222	42	28.500000	63.000000	9.634176e+04	1.207572e-04
	39	46	-17.250000	62.000000	9.844331e+04	2.490676e-04
	35	101	-18.250000	48.250000	9.981040e+04	3.455989e-04
	47	107	-15.250000	46.750000	9.981040e+04	1.912639e-04
	147	111	9.750000	45.750000	1.013360e+05	4.715715e-05
	138	117	7.500000	44.250000	1.013360e+05	8.370649e-05
2022	2	18	5	3
	224	39	29.000000	63.750000	9.631850e+04	1.542918e-04
	39	46	-17.250000	62.000000	9.845821e+04	2.615581e-04
	42	100	-16.500000	48.500000	9.922020e+04	3.607945e-04
	54	102	-13.500000	48.000000	9.922020e+04	2.658934e-04
	138	117	7.500000	44.250000	1.013265e+05	8.056565e-05
2022	2	18	4	6
	6	7	-25.500000	71.750000	1.003234e+05	-3.674695e-05
	224	37	29.000000	64.250000	9.627487e+04	1.660246e-04
	40	46	-17.000000	62.000000	9.840577e+04	2.465308e-04
	60	99	-12.000000	48.750000	9.867897e+04	3.508231e-04
2022	2	18	4	9
	2	6	-26.500000	72.000000	1.003866e+05	-1.175823e-05
	226	35	29.500000	64.750000	9.629038e+04	1.657576e-04
	38	46	-17.500000	62.000000	9.842994e+04	2.927622e-04
	65	97	-10.750000	49.250000	9.839558e+04	4.339758e-04
2022	2	18	5	12
	2	6	-26.500000	72.000000	1.004506e+05	-1.428480e-05
	227	34	29.750000	65.000000	9.637262e+04	1.837904e-04
	36	47	-18.000000	61.750000	9.846734e+04	3.567387e-04
	94	92	-3.500000	50.500000	9.892070e+04	1.163835e-04
	73	97	-8.750000	49.250000	9.856905e+04	5.156004e-04
2022	2	18	6	15
	6	7	-25.500000	71.750000	1.004318e+05	-2.626149e-05
	229	32	30.250000	65.500000	9.647388e+04	1.517218e-04
	37	47	-17.750000	61.750000	9.851675e+04	3.158255e-04
	88	89	-5.000000	51.250000	9.883039e+04	2.596963e-04
	83	97	-6.250000	49.250000	9.883039e+04	4.894105e-04
	276	117	42.000000	44.250000	1.003241e+05	-9.574103e-05
2022	2	18	6	18
	6	7	-25.500000	71.750000	1.004001e+05	-1.834387e-05
	232	31	31.000000	65.750000	9.656723e+04	1.308299e-04
	37	46	-17.750000	62.000000	9.850017e+04	3.027237e-04
	103	87	-1.250000	51.750000	9.914009e+04	1.790571e-04
	95	96	-3.250000	49.500000	9.914009e+04	3.612879e-04
	282	121	43.500000	43.250000	1.005554e+05	5.057830e-05
2022	2	18	9	21
	2	6	-26.500000	72.000000	1.004210e+05	2.932264e-05
	248	17	35.000000	69.250000	9.669494e+04	1.236104e-04
	235	30	31.750000	66.000000	9.668095e+04	1.506466e-04
	37	45	-17.750000	62.250000	9.860249e+04	2.739131e-04
	0	54	-27.000000	60.000000	9.862788e+04	1.222421e-04
	119	84	2.750000	52.500000	9.916471e+04	2.005163e-04
	135	86	6.750000	52.000000	9.916471e+04	1.947764e-04
	108	126	0.000000	42.000000	1.013119e+05	4.093278e-05
	108	135	0.000000	39.750000	1.013119e+05	7.493074e-05
2022	2	19	5	0
	6	7	-25.500000	71.750000	1.003808e+05	-1.439563e-05
	155	26	11.750000	67.000000	9.788551e+04	6.888071e-05
	237	28	32.250000	66.500000	9.678873e+04	1.336788e-04
	37	44	-17.750000	62.500000	9.853681e+04	2.816763e-04
	149	84	10.250000	52.500000	9.914176e+04	1.909307e-04
2022	2	19	9	3
	6	7	-25.500000	71.750000	1.002601e+05	-1.359850e-06
	243	17	33.750000	69.250000	9.687098e+04	1.209259e-04
	156	26	12.000000	67.000000	9.787654e+04	8.852343e-05
	237	27	32.250000	66.750000	9.687098e+04	1.039989e-04
	35	43	-18.250000	62.750000	9.846080e+04	2.582756e-04
	162	81	13.500000	53.250000	9.898638e+04	2.173684e-04
	287	140	44.750000	38.500000	1.014043e+05	8.869982e-07
	276	154	42.000000	35.000000	1.012768e+05	8.596755e-05
	281	162	43.250000	33.000000	1.012768e+05	1.597601e-05
2022	2	19	7	6
	6	7	-25.500000	71.750000	1.000859e+05	-9.118248e-06
	245	16	34.250000	69.500000	9.687677e+04	1.502697e-04
	157	26	12.250000	67.000000	9.791820e+04	8.641796e-05
	0	43	-27.000000	62.750000	9.782105e+04	1.140719e-04
	176	79	17.000000	53.750000	9.888588e+04	2.207659e-04
	137	117	7.250000	44.250000	1.011959e+05	1.554136e-04
	277	154	42.250000	35.000000	1.014972e+05	6.989530e-05
2022	2	19	6	9
	245	16	34.250000	69.500000	9.695476e+04	1.839899e-04
	190	78	20.500000	54.000000	9.887889e+04	1.769930e-04
	137	118	7.250000	44.000000	1.013324e+05	1.222954e-04
	287	143	44.750000	37.750000	1.013412e+05	-2.286567e-05
	280	151	43.000000	35.750000	1.013412e+05	7.527975e-05
	286	159	44.500000	33.750000	1.013918e+05	2.021958e-05
2022	2	19	7	12
	245	16	34.250000	69.500000	9.711135e+04	1.764327e-04
	155	27	11.750000	66.750000	9.826605e+04	7.926916e-05
	204	76	24.000000	54.500000	9.881366e+04	2.155987e-04
	270	146	40.500000	37.000000	1.012436e+05	8.742727e-05
	93	147	-3.750000	36.750000	1.020819e+05	7.087497e-05
	280	149	43.000000	36.250000	1.012009e+05	7.835138e-05
	287	159	44.750000	33.750000	1.012436e+05	1.200979e-05
2022	2	19	8	15
	6	7	-25.500000	71.750000	9.978242e+04	-1.476230e-05
	247	17	34.750000	69.250000	9.727023e+04	1.068882e-04
	155	28	11.750000	66.500000	9.844255e+04	1.025827e-04
	0	53	-27.000000	60.250000	9.635970e+04	1.166460e-04
	219	75	27.750000	54.750000	9.877946e+04	2.382111e-04
	135	119	6.750000	43.750000	1.012600e+05	1.548769e-04
	168	126	15.000000	42.000000	1.013885e+05	3.790002e-05
	117	158	2.250000	34.000000	1.017698e+05	1.324553e-05
2022	2	19	7	18
	6	7	-25.500000	71.750000	9.952199e+04	-6.496031e-06
	266	17	39.500000	69.250000	9.732876e+04	1.236120e-04
	0	50	-27.000000	61.000000	9.529212e+04	1.585144e-04
	233	74	31.250000	55.000000	9.872412e+04	2.279160e-04
	148	126	10.000000	42.000000	1.014703e+05	6.162543e-07
	287	154	44.750000	35.000000	1.015715e+05	3.526073e-05
	110	162	0.500000	33.000000	1.019796e+05	1.515347e-05
2022	2	19	7	21
	130	7	5.500000	71.750000	9.891735e+04	2.146620e-04
	269	16	40.250000	69.500000	9.743412e+04	1.026500e-04
	270	16	40.500000	69.500000	9.743412e+04	9.972144e-05
	3	46	-26.250000	62.000000	9.475712e+04	2.412298e-04
	247	74	34.750000	55.000000	9.867486e+04	1.884910e-04
	159	118	12.750000	44.000000	1.015608e+05	5.883917e-05
	151	125	10.750000	42.250000	1.015608e+05	1.953671e-05
2022	2	20	11	0
	135	8	6.750000	71.500000	9.885016e+04	2.296672e-04
	250	13	35.500000	70.250000	9.749660e+04	1.561047e-04
	275	16	41.750000	69.500000	9.749660e+04	8.983914e-05
	276	16	42.000000	69.500000	9.749660e+04	9.910970e-05
	27	39	-20.250000	63.750000	9.450688e+04	8.524096e-05
	7	44	-25.250000	62.500000	9.450688e+04	4.383330e-04
	259	72	37.750000	55.500000	9.861283e+04	1.960013e-04
	161	120	13.250000	43.500000	1.016319e+05	1.025725e-04
	175	123	16.750000	42.750000	1.016319e+05	1.500411e-04
	153	126	11.250000	42.000000	1.016398e+05	2.787593e-05
	86	162	-5.500000	33.000000	1.024319e+05	-1.474565e-05
