2022	2	16	4	0
	58	40	-12.500000	63.500000	9.740688e+04	3.696216e-04
	116	54	2.000000	60.000000	9.797315e+04	2.101924e-04
	66	67	-10.500000	56.750000	9.735105e+04	2.806069e-04
	172	122	16.000000	43.000000	1.014781e+05	3.683132e-05
2022	2	16	5	3
	50	38	-14.500000	64.000000	9.719459e+04	3.861292e-04
	121	53	3.250000	60.250000	9.793516e+04	2.020755e-04
	75	67	-8.250000	56.750000	9.733012e+04	2.649854e-04
	280	121	43.000000	43.250000	1.021423e+05	3.260818e-05
	173	123	16.250000	42.750000	1.014508e+05	4.616296e-05
2022	2	16	5	6
	124	34	4.000000	65.000000	9.793625e+04	1.819794e-04
	44	37	-16.000000	64.250000	9.750487e+04	2.747562e-04
	123	52	3.750000	60.500000	9.790245e+04	1.873016e-04
	84	66	-6.000000	57.000000	9.765745e+04	2.772944e-04
	99	68	-2.250000	56.500000	9.765745e+04	2.146105e-04
2022	2	16	5	9
	37	34	-17.750000	65.000000	9.765450e+04	2.483025e-04
	118	34	2.500000	65.000000	9.783701e+04	1.867465e-04
	108	66	0.000000	57.000000	9.763512e+04	2.170210e-04
	46	68	-15.500000	56.500000	9.734857e+04	2.261663e-04
	181	135	18.250000	39.750000	1.014887e+05	1.600159e-04
2022	2	16	6	12
	112	34	1.000000	65.000000	9.764023e+04	1.955707e-04
	65	54	-10.750000	60.000000	9.725026e+04	1.207752e-04
	118	66	2.500000	57.000000	9.752705e+04	2.124052e-04
	56	67	-13.000000	56.750000	9.697209e+04	2.897129e-04
	182	127	18.500000	41.750000	1.012339e+05	1.047428e-04
	183	135	18.750000	39.750000	1.012339e+05	1.562605e-04
2022	2	16	3	15
	79	57	-7.250000	59.250000	9.679594e+04	2.433181e-05
	97	61	-2.750000	58.250000	9.696309e+04	5.308646e-06
	69	67	-9.750000	56.750000	9.679594e+04	3.012160e-04
2022	2	16	4	18
	0	33	-27.000000	65.250000	9.808324e+04	2.648314e-05
	85	65	-5.750000	57.250000	9.703814e+04	3.430816e-04
	281	121	43.250000	43.250000	1.021706e+05	-2.691345e-05
	186	135	19.500000	39.750000	1.011711e+05	1.300739e-04
2022	2	16	3	21
	132	69	6.000000	56.250000	9.694386e+04	2.102875e-04
	137	117	7.250000	44.250000	1.011469e+05	6.968382e-05
	184	132	19.000000	40.500000	1.011886e+05	1.177790e-04
2022	2	17	5	0
	288	10	45.000000	71.000000	9.892227e+04	1.068736e-04
	145	68	9.250000	56.500000	9.669887e+04	2.829459e-04
	137	117	7.250000	44.250000	1.009188e+05	6.178438e-05
	279	121	42.750000	43.250000	1.020080e+05	-3.020713e-05
	184	132	19.000000	40.500000	1.012203e+05	9.144806e-05
2022	2	17	4	3
	288	11	45.000000	70.750000	9.897453e+04	1.010210e-04
	132	41	6.000000	63.250000	9.740455e+04	5.658700e-05
	157	68	12.250000	56.500000	9.653357e+04	2.577259e-04
	175	70	16.750000	56.000000	9.653357e+04	1.442830e-04
2022	2	17	3	6
	134	40	6.500000	63.500000	9.745199e+04	9.666126e-05
	186	69	19.500000	56.250000	9.645914e+04	1.758170e-04
	279	121	42.750000	43.250000	1.016971e+05	-1.315869e-05
2022	2	17	6	9
	136	40	7.000000	63.500000	9.755681e+04	9.827972e-05
	138	40	7.500000	63.500000	9.755681e+04	8.339459e-05
	204	56	24.000000	59.500000	9.633897e+04	1.480025e-04
	199	65	22.750000	57.250000	9.633897e+04	1.486851e-04
	8	105	-25.000000	47.250000	1.006152e+05	1.762200e-04
	278	120	42.500000	43.500000	1.015997e+05	-2.031070e-05
2022	2	17	3	12
	140	39	8.000000	63.750000	9.765171e+04	1.055725e-04
	205	63	24.250000	57.750000	9.622624e+04	1.729845e-04
	17	101	-22.750000	48.250000	1.001837e+05	2.811548e-04
2022	2	17	3	15
	142	39	8.500000	63.750000	9.775700e+04	8.073904e-05
	211	61	25.750000	58.250000	9.631370e+04	1.510727e-04
	26	97	-20.500000	49.250000	9.961493e+04	3.214472e-04
2022	2	17	3	18
	144	38	9.000000	64.000000	9.784011e+04	7.886323e-05
	216	53	27.000000	60.250000	9.636270e+04	1.371096e-04
	34	94	-18.500000	50.000000	9.907532e+04	3.947879e-04
2022	2	17	4	21
	146	38	9.500000	64.000000	9.796323e+04	6.911185e-05
	221	48	28.250000	61.500000	9.639091e+04	1.389175e-04
	46	89	-15.500000	51.250000	9.824621e+04	4.900872e-04
	153	110	11.250000	46.000000	1.010781e+05	8.418883e-05
2022	2	18	3	0
	223	45	28.750000	62.250000	9.638255e+04	1.281192e-04
	67	50	-10.250000	61.000000	9.871016e+04	8.488585e-05
	54	88	-13.500000	51.500000	9.760147e+04	5.777901e-04
2022	2	18	3	3
	225	43	29.250000	62.750000	9.638456e+04	1.283126e-04
	69	50	-9.750000	61.000000	9.854905e+04	9.490236e-05
	66	85	-10.500000	52.250000	9.725770e+04	6.272733e-04
2022	2	18	6	6
	226	40	29.500000	63.500000	9.641774e+04	1.404667e-04
	70	49	-9.500000	61.250000	9.834545e+04	1.189656e-04
	79	57	-7.250000	59.250000	9.834545e+04	7.237757e-05
	83	81	-6.250000	53.250000	9.714219e+04	3.992578e-04
	137	116	7.250000	44.500000	1.013778e+05	5.553319e-05
	116	123	2.000000	42.750000	1.015355e+05	1.746165e-05
2022	2	18	6	9
	227	37	29.750000	64.250000	9.644984e+04	1.120252e-04
	228	37	30.000000	64.250000	9.644984e+04	1.063848e-04
	69	49	-9.750000	61.250000	9.826528e+04	1.298176e-04
	82	56	-6.500000	59.500000	9.826528e+04	1.132303e-04
	94	77	-3.500000	54.250000	9.690432e+04	3.912747e-04
	268	159	40.000000	33.750000	1.009419e+05	7.865814e-05
2022	2	18	5	12
	136	26	7.000000	67.000000	9.802991e+04	8.298698e-05
	233	35	31.250000	64.750000	9.652954e+04	1.033832e-04
	83	55	-6.250000	59.750000	9.827676e+04	1.221326e-04
	107	75	-0.250000	54.750000	9.700930e+04	2.998823e-04
	269	158	40.250000	34.000000	1.007635e+05	8.560414e-05
2022	2	18	6	15
	135	29	6.750000	66.250000	9.790306e+04	7.915845e-05
	136	29	7.000000	66.250000	9.790306e+04	7.135557e-05
	234	33	31.500000	65.250000	9.658381e+04	1.116777e-04
	26	43	-20.500000	62.750000	9.866302e+04	1.645246e-04
	121	69	3.250000	56.250000	9.690370e+04	2.770442e-04
	275	118	41.750000	44.000000	1.005123e+05	-5.596337e-05
2022	2	18	5	18
	6	7	-25.500000	71.750000	1.004581e+05	-4.134652e-05
	137	29	7.250000	66.250000	9.778398e+04	8.016115e-05
	238	30	32.500000	66.000000	9.654582e+04	8.797467e-05
	26	43	-20.500000	62.750000	9.856098e+04	1.662911e-04
	137	69	7.250000	56.250000	9.684850e+04	2.417502e-04
2022	2	18	11	21
	6	7	-25.500000	71.750000	1.004909e+05	-2.504600e-05
	240	28	33.000000	66.500000	9.657311e+04	9.943163e-05
	140	31	8.000000	65.750000	9.773172e+04	9.004522e-05
	25	42	-20.750000	63.000000	9.862518e+04	1.253482e-04
	0	57	-27.000000	59.250000	9.838359e+04	1.218555e-04
	151	68	10.750000	56.500000	9.691114e+04	2.287400e-04
	136	114	7.000000	45.000000	1.010695e+05	3.762655e-05
	137	117	7.250000	44.250000	1.012504e+05	1.239450e-04
	282	121	43.500000	43.250000	1.007411e+05	3.358642e-05
	235	150	31.750000	36.000000	1.008798e+05	1.433927e-04
	270	155	40.500000	34.750000	1.009370e+05	1.011630e-04
2022	2	19	8	0
	6	7	-25.500000	71.750000	1.004893e+05	-1.295931e-05
	241	27	33.250000	66.750000	9.663297e+04	9.049072e-05
	146	31	9.500000	65.750000	9.774444e+04	6.782988e-05
	14	57	-23.500000	59.250000	9.831971e+04	1.850899e-04
	161	68	13.250000	56.500000	9.703240e+04	1.317658e-04
	137	117	7.250000	44.250000	1.012145e+05	1.313159e-04
	237	152	32.250000	35.500000	1.006451e+05	1.869479e-04
	266	162	39.500000	33.000000	1.008244e+05	-2.073774e-05
2022	2	19	9	3
	6	7	-25.500000	71.750000	1.004295e+05	-1.065627e-05
	247	16	34.750000	69.500000	9.668600e+04	1.540684e-04
	245	26	34.250000	67.000000	9.668600e+04	5.014966e-05
	149	31	10.250000	65.750000	9.772288e+04	8.856090e-05
	19	55	-22.250000	59.750000	9.828436e+04	1.919489e-04
	179	66	17.750000	57.000000	9.705845e+04	1.628456e-04
	138	118	7.500000	44.000000	1.011345e+05	1.602586e-04
	236	153	32.000000	35.250000	1.005633e+05	1.840619e-04
	274	162	41.500000	33.000000	1.007903e+05	4.778553e-05
2022	2	19	10	6
	6	7	-25.500000	71.750000	1.004146e+05	-6.713337e-06
	247	16	34.750000	69.500000	9.671468e+04	1.574200e-04
	240	24	33.000000	67.500000	9.671468e+04	8.090737e-05
	151	30	10.750000	66.000000	9.776552e+04	9.589046e-05
	21	55	-21.750000	59.750000	9.846686e+04	2.193942e-04
	37	59	-17.750000	58.750000	9.846686e+04	1.924519e-04
	191	64	20.750000	57.500000	9.719351e+04	1.430115e-04
	138	118	7.500000	44.000000	1.011564e+05	1.614644e-04
	236	156	32.000000	34.500000	1.008066e+05	1.757078e-04
	275	162	41.750000	33.000000	1.008886e+05	8.082930e-05
2022	2	19	8	9
	247	13	34.750000	70.250000	9.680136e+04	2.459880e-04
	151	30	10.750000	66.000000	9.788787e+04	8.769557e-05
	23	55	-21.250000	59.750000	9.871977e+04	1.955934e-04
	201	64	23.250000	57.500000	9.748378e+04	1.125068e-04
	73	67	-8.750000	56.750000	9.873899e+04	2.364333e-04
	137	118	7.250000	44.000000	1.012386e+05	1.660380e-04
	265	162	39.250000	33.000000	1.008267e+05	2.299219e-06
	277	162	42.250000	33.000000	1.008267e+05	9.943662e-05
2022	2	19	8	12
	245	15	34.250000	69.750000	9.692898e+04	1.797563e-04
	150	29	10.500000	66.250000	9.803517e+04	9.051790e-05
	23	55	-21.250000	59.750000	9.888180e+04	1.775381e-04
	218	63	27.500000	57.750000	9.768040e+04	9.827560e-05
	77	66	-7.750000	57.000000	9.871651e+04	2.394117e-04
	146	110	9.500000	46.000000	1.012668e+05	-2.589590e-06
	137	118	7.250000	44.000000	1.012668e+05	1.448896e-04
	275	162	41.750000	33.000000	1.006298e+05	1.015671e-04
2022	2	19	7	15
	242	15	33.500000	69.750000	9.711086e+04	1.787329e-04
	152	32	11.000000	65.500000	9.816573e+04	1.338549e-04
	231	60	30.750000	58.500000	9.782941e+04	9.996790e-05
	81	68	-6.750000	56.500000	9.907253e+04	2.349882e-04
	145	119	9.250000	43.750000	1.012434e+05	1.109412e-04
	266	162	39.500000	33.000000	1.006673e+05	6.361143e-05
	283	162	43.750000	33.000000	1.006107e+05	1.188159e-04
2022	2	19	10	18
	240	16	33.000000	69.500000	9.736082e+04	1.810481e-04
	154	33	11.500000	65.250000	9.832731e+04	1.354312e-04
	0	54	-27.000000	60.000000	9.713583e+04	1.054565e-04
	240	57	33.000000	59.250000	9.796307e+04	1.274283e-04
	108	73	0.000000	55.250000	9.958268e+04	1.516613e-04
	158	118	12.500000	44.000000	1.013511e+05	-1.200467e-05
	151	125	10.750000	42.250000	1.013511e+05	5.037726e-05
	274	150	41.500000	36.000000	1.009407e+05	6.815604e-06
	266	162	39.500000	33.000000	1.008205e+05	5.290530e-05
	283	162	43.750000	33.000000	1.007128e+05	1.522020e-04
2022	2	19	8	21
	277	6	42.250000	72.000000	9.755728e+04	5.521422e-05
	276	15	42.000000	69.750000	9.755728e+04	5.996647e-05
	245	56	34.250000	59.500000	9.804370e+04	1.509360e-04
	129	77	5.250000	54.250000	9.949197e+04	1.354940e-04
	151	126	10.750000	42.000000	1.014225e+05	8.679979e-05
	277	145	42.250000	37.250000	1.010525e+05	3.590344e-05
	285	150	44.250000	36.000000	1.006155e+05	-7.239924e-05
	283	162	43.750000	33.000000	1.005489e+05	1.559556e-04
2022	2	20	11	0
	279	6	42.750000	72.000000	9.771110e+04	5.224690e-05
	284	14	44.000000	70.000000	9.771110e+04	9.407147e-05
	62	19	-11.500000	68.750000	9.925534e+04	1.655917e-04
	0	45	-27.000000	62.250000	9.578432e+04	9.918396e-05
	253	54	36.250000	60.000000	9.812898e+04	1.305547e-04
	137	77	7.250000	54.250000	9.960531e+04	1.082286e-04
	169	124	15.250000	42.500000	1.014276e+05	3.354936e-06
	153	126	11.250000	42.000000	1.014136e+05	8.733668e-05
	282	147	43.500000	36.750000	1.008821e+05	-4.056436e-05
	263	151	38.750000	35.750000	1.012331e+05	-4.368919e-05
	284	162	44.000000	33.000000	1.005571e+05	1.051747e-04
