2022	2	14	8	0
	4	6	-26.000000	72.000000	9.976976e+04	-3.152504e-05
	222	10	28.500000	71.000000	9.841002e+04	1.365715e-04
	193	12	21.250000	70.500000	9.841002e+04	1.220482e-04
	1	17	-26.750000	69.250000	9.976976e+04	9.609610e-06
	219	23	27.750000	67.750000	9.844041e+04	1.175293e-04
	117	61	2.250000	58.250000	9.851044e+04	6.482974e-05
	105	71	-0.750000	55.750000	9.851044e+04	1.033643e-04
	139	107	7.750000	46.750000	1.005222e+05	-1.415910e-04
2022	2	14	5	3
	58	4	-12.500000	72.500000	1.001263e+05	8.652595e-05
	222	8	28.500000	71.500000	9.811343e+04	1.649662e-04
	1	17	-26.750000	69.250000	9.973498e+04	-1.189060e-05
	227	22	29.750000	68.000000	9.823516e+04	9.870899e-05
	107	71	-0.250000	55.750000	9.845404e+04	1.343323e-04
2022	2	14	5	6
	61	4	-11.750000	72.500000	1.001173e+05	7.481848e-05
	218	9	27.500000	71.250000	9.795833e+04	2.594331e-04
	121	59	3.250000	58.750000	9.851044e+04	7.160473e-05
	121	60	3.250000	58.500000	9.849744e+04	7.342875e-05
	107	71	-0.250000	55.750000	9.848882e+04	1.719764e-04
2022	2	14	5	9
	68	2	-10.000000	73.000000	1.001827e+05	7.708505e-05
	227	8	29.750000	71.500000	9.800345e+04	1.726956e-04
	0	52	-27.000000	60.500000	9.802570e+04	1.410082e-04
	124	69	4.000000	56.250000	9.853425e+04	1.285636e-04
	108	72	0.000000	55.500000	9.853425e+04	2.122861e-04
2022	2	14	6	12
	75	0	-8.250000	73.500000	1.001914e+05	4.672015e-05
	228	9	30.000000	71.250000	9.797948e+04	2.200480e-04
	0	48	-27.000000	61.500000	9.756007e+04	1.461913e-04
	128	65	5.000000	57.250000	9.849900e+04	1.695014e-04
	129	65	5.250000	57.250000	9.849900e+04	1.835480e-04
	111	74	0.750000	55.000000	9.853472e+04	2.383903e-04
2022	2	14	4	15
	231	11	30.750000	70.750000	9.805876e+04	2.541635e-04
	0	44	-27.000000	62.500000	9.709946e+04	1.244348e-04
	131	62	5.750000	58.000000	9.850026e+04	2.093177e-04
	120	68	3.000000	56.500000	9.850026e+04	1.508974e-04
2022	2	14	7	18
	255	13	36.750000	70.250000	9.804559e+04	1.534595e-04
	288	13	45.000000	70.250000	9.898703e+04	6.566525e-05
	288	14	45.000000	70.000000	9.898703e+04	4.732599e-05
	0	39	-27.000000	63.750000	9.678157e+04	1.621226e-04
	27	39	-20.250000	63.750000	9.678157e+04	-7.800437e-05
	133	61	6.250000	58.250000	9.864235e+04	2.220184e-04
	123	68	3.750000	56.500000	9.864235e+04	1.634248e-04
2022	2	14	5	21
	248	5	35.000000	72.250000	9.802413e+04	1.001830e-04
	262	12	38.500000	70.500000	9.802413e+04	1.737009e-04
	27	39	-20.250000	63.750000	9.708849e+04	3.086753e-05
	133	58	6.250000	59.000000	9.875344e+04	1.834265e-04
	138	121	7.500000	43.250000	1.010963e+05	1.019978e-04
2022	2	15	7	0
	6	7	-25.500000	71.750000	9.950780e+04	4.831249e-05
	243	7	33.750000	71.750000	9.802413e+04	2.037809e-04
	266	11	39.500000	70.750000	9.802413e+04	2.041961e-04
	24	35	-21.000000	64.750000	9.720788e+04	-4.958853e-05
	0	36	-27.000000	64.500000	9.720788e+04	1.122118e-04
	125	53	4.250000	60.250000	9.883036e+04	6.746905e-05
	139	121	7.750000	43.250000	1.010822e+05	8.182191e-05
2022	2	15	6	3
	269	11	40.250000	70.750000	9.811375e+04	2.149381e-04
	23	39	-21.250000	63.750000	9.726960e+04	1.545507e-04
	24	40	-21.000000	63.500000	9.728041e+04	1.530535e-04
	124	51	4.000000	60.750000	9.880106e+04	8.163872e-05
	141	58	8.250000	59.000000	9.880106e+04	1.787786e-04
	146	118	9.500000	44.000000	1.010086e+05	9.622178e-05
2022	2	15	6	6
	273	10	41.250000	71.000000	9.822326e+04	2.114201e-04
	35	40	-18.250000	63.500000	9.745541e+04	2.109383e-04
	122	49	3.500000	61.250000	9.873965e+04	9.459823e-05
	145	57	9.250000	59.250000	9.876926e+04	2.055662e-04
	0	85	-27.000000	52.250000	9.898766e+04	1.105635e-04
	147	117	9.750000	44.250000	1.010233e+05	1.010462e-04
2022	2	15	6	9
	278	9	42.500000	71.250000	9.835408e+04	2.041370e-04
	35	36	-18.250000	64.500000	9.747986e+04	1.515667e-04
	0	39	-27.000000	63.750000	9.721461e+04	-4.201742e-07
	121	47	3.250000	61.750000	9.864283e+04	1.322531e-04
	8	82	-25.000000	53.000000	9.859520e+04	2.143624e-04
	157	118	12.250000	44.000000	1.011361e+05	6.501045e-05
2022	2	15	4	12
	278	8	42.500000	71.500000	9.853456e+04	2.245686e-04
	0	38	-27.000000	64.000000	9.729937e+04	9.346542e-07
	22	79	-21.500000	53.750000	9.843304e+04	2.260075e-04
	159	113	12.750000	45.250000	1.011463e+05	1.095868e-04
2022	2	15	6	15
	280	9	43.000000	71.250000	9.864784e+04	2.097551e-04
	0	38	-27.000000	64.000000	9.728433e+04	-1.289620e-05
	33	76	-18.750000	54.500000	9.802069e+04	2.717079e-04
	147	110	9.750000	46.000000	1.011325e+05	3.338745e-06
	160	111	13.000000	45.750000	1.011325e+05	9.200045e-05
	163	162	13.750000	33.000000	1.015239e+05	5.776125e-06
2022	2	15	4	18
	283	8	43.750000	71.500000	9.877631e+04	2.400711e-04
	116	54	2.000000	60.000000	9.820900e+04	1.573852e-04
	44	74	-16.000000	55.000000	9.782595e+04	2.698786e-04
	163	162	13.750000	33.000000	1.015193e+05	-1.544852e-05
2022	2	15	4	21
	285	8	44.250000	71.500000	9.890023e+04	2.105095e-04
	120	53	3.000000	60.250000	9.813897e+04	1.591493e-04
	56	72	-13.000000	55.500000	9.785962e+04	2.819239e-04
	166	159	14.500000	33.750000	1.016373e+05	-1.392224e-06
2022	2	16	9	0
	283	7	43.750000	71.750000	9.897669e+04	1.862081e-04
	284	7	44.000000	71.750000	9.897669e+04	1.765123e-04
	285	7	44.250000	71.750000	9.897669e+04	1.633374e-04
	131	36	5.750000	64.500000	9.830567e+04	2.083827e-04
	57	38	-12.750000	64.000000	9.824409e+04	1.692813e-04
	117	44	2.250000	62.500000	9.821527e+04	4.275762e-05
	123	52	3.750000	60.500000	9.821527e+04	1.784438e-04
	71	72	-9.250000	55.500000	9.797352e+04	2.851575e-04
	166	159	14.500000	33.750000	1.016030e+05	3.769294e-05
2022	2	16	6	3
	278	6	42.500000	72.000000	9.899549e+04	1.712106e-04
	128	35	5.000000	64.750000	9.820995e+04	2.343625e-04
	52	36	-14.000000	64.500000	9.820462e+04	1.789106e-04
	121	43	3.250000	62.750000	9.820995e+04	4.792231e-05
	81	71	-6.750000	55.750000	9.819130e+04	2.453823e-04
	169	157	15.250000	34.250000	1.014396e+05	9.458015e-05
2022	2	16	7	6
	272	7	41.000000	71.750000	9.900944e+04	2.259227e-04
	122	34	3.500000	65.000000	9.812566e+04	2.222141e-04
	156	54	12.000000	60.000000	9.839873e+04	1.427166e-04
	3	67	-26.250000	56.750000	9.656693e+04	2.523911e-04
	4	67	-26.000000	56.750000	9.656693e+04	2.589414e-04
	101	75	-1.750000	54.750000	9.858768e+04	1.604159e-04
	172	155	16.000000	34.750000	1.014316e+05	1.180376e-04
2022	2	16	7	9
	275	8	41.750000	71.500000	9.900599e+04	2.293393e-04
	118	35	2.500000	64.750000	9.806440e+04	2.246580e-04
	179	51	17.750000	60.750000	9.842803e+04	9.305129e-05
	25	60	-20.750000	58.500000	9.593759e+04	3.236035e-04
	50	66	-14.500000	57.000000	9.628555e+04	2.573780e-04
	120	77	3.000000	54.250000	9.885981e+04	1.543856e-04
	175	153	16.750000	35.250000	1.014552e+05	1.349413e-04
2022	2	16	7	12
	278	8	42.500000	71.500000	9.900693e+04	2.027232e-04
	116	35	2.000000	64.750000	9.801583e+04	1.903343e-04
	185	48	19.250000	61.500000	9.822388e+04	1.475002e-04
	29	57	-19.750000	59.250000	9.551363e+04	3.768896e-04
	60	60	-12.000000	58.500000	9.610475e+04	3.156643e-04
	137	116	7.250000	44.500000	1.012910e+05	8.449148e-05
	177	149	17.250000	36.250000	1.011937e+05	1.262200e-04
2022	2	16	7	15
	278	7	42.500000	71.750000	9.896713e+04	1.709952e-04
	279	7	42.750000	71.750000	9.896713e+04	1.812792e-04
	112	34	1.000000	65.000000	9.789237e+04	1.866552e-04
	188	47	20.000000	61.750000	9.808977e+04	1.663401e-04
	66	56	-10.500000	59.500000	9.551223e+04	4.091453e-04
	32	59	-19.000000	58.750000	9.560372e+04	4.814615e-04
	180	145	18.000000	37.250000	1.009805e+05	1.316003e-04
2022	2	16	7	18
	274	6	41.500000	72.000000	9.889992e+04	1.879215e-04
	0	37	-27.000000	64.250000	9.775074e+04	-1.468776e-05
	191	46	20.750000	62.000000	9.800423e+04	1.773643e-04
	68	54	-10.000000	60.000000	9.536605e+04	4.448711e-04
	45	61	-15.750000	58.250000	9.565056e+04	2.999220e-04
	136	116	7.000000	44.500000	1.013072e+05	8.090901e-05
	177	143	17.250000	37.750000	1.008343e+05	2.211175e-04
2022	2	16	5	21
	271	5	40.750000	72.250000	9.888488e+04	2.094791e-04
	193	46	21.250000	62.000000	9.798214e+04	1.641870e-04
	69	54	-9.750000	60.000000	9.533519e+04	3.908800e-04
	137	117	7.250000	44.250000	1.012279e+05	6.669002e-05
	176	143	17.000000	37.750000	1.007411e+05	2.126838e-04
2022	2	17	6	0
	267	5	39.750000	72.250000	9.885104e+04	1.771457e-04
	195	45	21.750000	62.250000	9.793780e+04	1.507479e-04
	72	56	-9.000000	59.500000	9.573298e+04	3.652581e-04
	150	109	10.500000	46.250000	1.008096e+05	2.804600e-05
	138	117	7.500000	44.250000	1.010753e+05	4.491572e-05
	177	144	17.250000	37.500000	1.006393e+05	2.375095e-04
2022	2	17	6	3
	262	5	38.500000	72.250000	9.877866e+04	1.551995e-04
	199	45	22.750000	62.250000	9.784208e+04	1.155327e-04
	98	52	-2.500000	60.500000	9.621051e+04	1.107541e-04
	82	58	-6.500000	59.000000	9.621051e+04	3.062274e-04
	137	117	7.250000	44.250000	1.011367e+05	3.807387e-05
	177	145	17.250000	37.250000	1.004845e+05	2.329414e-04
2022	2	17	6	6
	257	5	37.250000	72.250000	9.873385e+04	1.918415e-04
	116	54	2.000000	60.000000	9.670653e+04	1.006918e-04
	95	61	-3.250000	58.250000	9.670559e+04	2.307492e-04
	161	67	13.250000	56.750000	9.680351e+04	3.351943e-04
	137	117	7.250000	44.250000	1.011670e+05	6.687616e-05
	176	146	17.000000	37.000000	1.006067e+05	2.318451e-04
2022	2	17	7	9
	254	5	36.500000	72.250000	9.868575e+04	1.730988e-04
	124	55	4.000000	59.750000	9.694341e+04	1.315759e-04
	111	63	0.750000	57.750000	9.694341e+04	2.469480e-04
	168	66	15.000000	57.000000	9.679254e+04	3.204893e-04
	0	70	-27.000000	56.000000	9.900771e+04	1.106120e-04
	137	117	7.250000	44.250000	1.012834e+05	6.005736e-05
	174	149	16.500000	36.250000	1.007591e+05	2.266131e-04
2022	2	17	5	12
	252	6	36.000000	72.000000	9.863719e+04	1.672310e-04
	126	55	4.500000	59.750000	9.733995e+04	1.362721e-04
	179	66	17.750000	57.000000	9.666627e+04	3.152629e-04
	3	69	-26.250000	56.250000	9.898484e+04	3.061123e-04
	173	153	16.250000	35.250000	1.007458e+05	2.410276e-04
2022	2	17	6	15
	251	7	35.750000	71.750000	9.861901e+04	1.496846e-04
	257	39	37.250000	63.750000	9.774870e+04	1.342640e-04
	187	66	19.750000	57.000000	9.672157e+04	3.502836e-04
	8	67	-25.000000	56.750000	9.896807e+04	2.972053e-04
	173	157	16.250000	34.250000	1.007475e+05	2.291676e-04
	186	158	19.500000	34.000000	1.007475e+05	8.064436e-05
2022	2	17	4	18
	263	36	38.750000	64.500000	9.763762e+04	1.620780e-04
	196	67	22.000000	56.750000	9.690268e+04	3.286704e-04
	14	68	-23.500000	56.500000	9.902401e+04	3.030226e-04
	173	160	16.250000	33.500000	1.009214e+05	1.662687e-04
2022	2	17	3	21
	266	34	39.500000	65.000000	9.759909e+04	1.987350e-04
	32	67	-19.000000	56.750000	9.900098e+04	2.630440e-04
	205	67	24.250000	56.750000	9.707643e+04	2.669204e-04
2022	2	18	2	0
	272	32	41.000000	65.500000	9.767209e+04	1.684200e-04
	211	67	25.750000	56.750000	9.724908e+04	2.086258e-04
2022	2	18	2	3
	283	28	43.750000	66.500000	9.775575e+04	1.276756e-04
	219	67	27.750000	56.750000	9.741750e+04	1.857200e-04
2022	2	18	4	6
	288	25	45.000000	67.250000	9.787890e+04	9.818241e-05
	224	67	29.000000	56.750000	9.757495e+04	1.564718e-04
	137	113	7.250000	45.250000	1.015025e+05	-1.369894e-06
	116	124	2.000000	42.500000	1.017661e+05	3.150572e-07
2022	2	18	4	9
	146	28	9.500000	66.500000	9.825992e+04	5.566070e-05
	235	54	31.750000	60.000000	9.777393e+04	1.186356e-04
	231	66	30.750000	57.000000	9.776845e+04	1.625774e-04
	116	124	2.000000	42.500000	1.018718e+05	-2.925394e-06
2022	2	18	3	12
	148	27	10.000000	66.750000	9.830285e+04	8.917290e-05
	236	53	32.000000	60.250000	9.787717e+04	1.502140e-04
	238	62	32.500000	58.000000	9.787717e+04	5.521905e-05
2022	2	18	5	15
	221	5	28.250000	72.250000	9.869468e+04	6.224235e-05
	152	28	11.000000	66.500000	9.830301e+04	1.182508e-04
	237	52	32.250000	60.500000	9.792543e+04	1.446063e-04
	145	58	9.250000	59.000000	9.839842e+04	5.453764e-05
	250	132	35.500000	40.500000	1.010701e+05	-2.221388e-05
2022	2	18	5	18
	206	6	24.500000	72.000000	9.871333e+04	6.971077e-05
	152	29	11.000000	66.250000	9.837460e+04	1.366161e-04
	239	52	32.750000	60.500000	9.789550e+04	1.553970e-04
	162	58	13.500000	59.000000	9.840720e+04	2.306599e-05
	282	121	43.500000	43.250000	1.005855e+05	4.769428e-05
2022	2	18	6	21
	197	7	22.250000	71.750000	9.872069e+04	1.208792e-04
	154	29	11.500000	66.250000	9.848130e+04	1.210588e-04
	288	41	45.000000	63.250000	9.841534e+04	1.227586e-04
	0	44	-27.000000	62.500000	9.773038e+04	1.484216e-04
	262	46	38.500000	62.000000	9.788501e+04	1.036305e-04
	182	69	18.500000	56.250000	9.833230e+04	9.042105e-05
2022	2	19	7	0
	235	3	31.750000	72.750000	9.878978e+04	7.943656e-05
	193	8	21.250000	71.500000	9.876926e+04	1.075790e-04
	154	29	11.500000	66.250000	9.864001e+04	8.457064e-05
	2	39	-26.500000	63.750000	9.727180e+04	2.018954e-04
	288	39	45.000000	63.750000	9.828201e+04	1.445160e-04
	267	42	39.750000	63.000000	9.782923e+04	1.773860e-04
	189	69	20.250000	56.250000	9.826337e+04	1.222208e-04
2022	2	19	11	3
	235	3	31.750000	72.750000	9.883569e+04	4.809222e-05
	236	3	32.000000	72.750000	9.883569e+04	5.047776e-05
	155	30	11.750000	66.000000	9.886921e+04	9.214914e-05
	0	35	-27.000000	64.750000	9.678596e+04	1.746959e-04
	22	35	-21.500000	64.750000	9.678596e+04	1.670232e-04
	288	36	45.000000	64.500000	9.820007e+04	1.294633e-04
	269	40	40.250000	63.500000	9.778239e+04	1.436519e-04
	255	46	36.750000	62.000000	9.778239e+04	1.793842e-05
	198	69	22.500000	56.250000	9.829924e+04	1.103699e-04
	218	79	27.500000	53.750000	9.821966e+04	2.682532e-04
	150	110	10.500000	46.000000	1.012490e+05	6.526153e-05
2022	2	19	9	6
	248	4	35.000000	72.500000	9.890149e+04	7.099575e-05
	0	32	-27.000000	65.500000	9.697098e+04	1.794151e-04
	24	33	-21.000000	65.250000	9.697098e+04	1.743570e-04
	271	37	40.750000	64.250000	9.782877e+04	1.506033e-04
	258	45	37.500000	62.250000	9.782877e+04	2.468594e-05
	226	78	29.500000	54.000000	9.810967e+04	2.733682e-04
	227	78	29.750000	54.000000	9.810967e+04	2.802383e-04
	143	120	8.750000	43.500000	1.015585e+05	6.039618e-05
	282	140	43.500000	38.500000	1.016797e+05	-1.861485e-06
2022	2	19	8	9
	0	32	-27.000000	65.500000	9.741812e+04	8.283577e-05
	271	35	40.750000	64.750000	9.791791e+04	1.534003e-04
	234	76	31.500000	54.500000	9.801896e+04	2.565539e-04
	135	118	6.750000	44.000000	1.018619e+05	6.949935e-05
	149	128	10.250000	41.500000	1.018060e+05	4.244633e-05
	175	137	16.750000	39.250000	1.018195e+05	6.667318e-06
	285	138	44.250000	39.000000	1.014457e+05	1.678358e-05
	284	152	44.000000	35.500000	1.014834e+05	5.524709e-05
2022	2	19	9	12
	2	10	-26.500000	71.000000	9.881344e+04	-7.984794e-06
	9	29	-24.750000	66.250000	9.749145e+04	2.529931e-04
	270	34	40.500000	65.000000	9.803180e+04	1.572289e-04
	0	40	-27.000000	63.500000	9.750445e+04	5.246186e-06
	266	43	39.500000	62.750000	9.803180e+04	5.684794e-06
	240	75	33.000000	54.750000	9.801019e+04	2.497789e-04
	151	128	10.750000	41.500000	1.019230e+05	6.139591e-05
	175	137	16.750000	39.250000	1.017548e+05	3.382083e-06
	287	143	44.750000	37.750000	1.014377e+05	-1.031890e-05
2022	2	19	4	15
	6	7	-25.500000	71.750000	9.899471e+04	-5.708197e-05
	274	33	41.500000	65.250000	9.822436e+04	1.718319e-04
	0	39	-27.000000	63.750000	9.738554e+04	2.416396e-05
	245	75	34.250000	54.750000	9.813239e+04	3.004019e-04
2022	2	19	5	18
	6	7	-25.500000	71.750000	9.884133e+04	-6.933623e-05
	278	31	42.500000	65.750000	9.838134e+04	8.044850e-05
	76	34	-8.000000	65.000000	9.707063e+04	3.031010e-04
	0	39	-27.000000	63.750000	9.726569e+04	2.478283e-05
	251	76	35.750000	54.500000	9.827888e+04	3.113162e-04
2022	2	19	6	21
	6	7	-25.500000	71.750000	9.867823e+04	-8.332149e-05
	75	28	-8.250000	66.500000	9.654140e+04	4.041919e-04
	279	31	42.750000	65.750000	9.856543e+04	7.276925e-05
	0	38	-27.000000	64.000000	9.723905e+04	4.704446e-05
	258	77	37.500000	54.250000	9.842584e+04	2.571527e-04
	73	134	-8.750000	40.000000	1.022138e+05	7.150574e-06
2022	2	20	8	0
	33	23	-18.750000	67.750000	9.599477e+04	2.554844e-04
	66	24	-10.500000	67.500000	9.596970e+04	4.091729e-04
	282	30	43.500000	66.000000	9.872774e+04	9.265212e-05
	0	37	-27.000000	64.250000	9.726788e+04	1.330155e-05
	266	67	39.500000	56.750000	9.855117e+04	1.207699e-04
	265	76	39.250000	54.500000	9.855117e+04	2.105192e-04
	282	121	43.500000	43.250000	1.008434e+05	3.770165e-05
	70	134	-9.500000	40.000000	1.023393e+05	1.069660e-06
