2022	2	10	6	0
	7	6	-25.250000	72.000000	1.001413e+05	5.084511e-06
	160	10	13.000000	71.000000	9.661542e+04	6.611466e-05
	148	22	10.000000	68.000000	9.659314e+04	4.381314e-04
	59	56	-12.250000	59.500000	9.853593e+04	4.824395e-04
	152	106	11.000000	47.000000	1.022337e+05	-4.170647e-05
	139	110	7.750000	46.000000	1.022337e+05	-7.200811e-05
2022	2	10	5	6
	177	5	17.250000	72.250000	9.723540e+04	1.240745e-04
	8	6	-25.000000	72.000000	1.003040e+05	-2.879618e-05
	164	22	14.000000	68.000000	9.680866e+04	3.634234e-04
	78	59	-7.500000	58.750000	9.900135e+04	5.304920e-04
	158	106	12.500000	47.000000	1.021819e+05	-3.629570e-05
2022	2	10	12	12
	183	4	18.750000	72.500000	9.742161e+04	1.153484e-04
	7	6	-25.250000	72.000000	1.002466e+05	-1.368300e-05
	206	8	24.500000	71.500000	9.742161e+04	5.170238e-05
	21	20	-21.750000	68.500000	1.001852e+05	7.659321e-05
	185	28	19.250000	66.500000	9.764279e+04	1.108997e-04
	94	63	-3.500000	57.750000	9.986850e+04	3.900469e-04
	137	117	7.250000	44.250000	1.022775e+05	1.228410e-04
	284	139	44.000000	38.750000	1.009660e+05	2.982949e-05
	271	147	40.750000	36.750000	1.010285e+05	5.025322e-05
	268	159	40.000000	33.750000	1.010881e+05	2.441360e-05
	85	160	-5.750000	33.500000	1.023617e+05	5.207237e-06
	268	160	40.000000	33.500000	1.010881e+05	2.670793e-05
2022	2	10	6	18
	188	5	20.000000	72.250000	9.758534e+04	1.894075e-04
	7	6	-25.250000	72.000000	9.994802e+04	-2.851439e-05
	9	14	-24.750000	70.000000	9.973505e+04	1.968719e-07
	43	16	-16.250000	69.500000	9.973505e+04	1.581971e-04
	111	68	0.750000	56.500000	1.004752e+05	3.261328e-04
	87	156	-5.250000	34.500000	1.021104e+05	1.990144e-05
2022	2	11	4	0
	202	7	23.500000	71.750000	9.783486e+04	1.437506e-04
	54	11	-13.500000	70.750000	9.929288e+04	1.843402e-04
	0	69	-27.000000	56.250000	9.951387e+04	1.375441e-04
	125	74	4.250000	55.000000	1.008879e+05	3.187449e-04
2022	2	11	3	6
	217	8	27.250000	71.500000	9.802166e+04	1.632247e-04
	60	12	-12.000000	70.500000	9.911839e+04	2.851574e-04
	137	80	7.250000	53.500000	1.014543e+05	2.112758e-04
2022	2	11	7	12
	223	0	28.750000	73.500000	9.827391e+04	-4.826128e-05
	227	8	29.750000	71.500000	9.827391e+04	2.438671e-04
	77	16	-7.750000	69.500000	9.922645e+04	2.115422e-04
	103	20	-1.250000	68.500000	9.922645e+04	1.605076e-04
	8	56	-25.000000	59.500000	9.881006e+04	1.547273e-04
	3	67	-26.250000	56.750000	9.881006e+04	1.200421e-04
	135	119	6.750000	43.750000	1.020293e+05	8.076060e-05
2022	2	11	6	18
	237	9	32.250000	71.250000	9.842670e+04	1.975025e-04
	122	18	3.500000	69.000000	9.904473e+04	2.232726e-04
	27	52	-20.250000	60.500000	9.872605e+04	1.601036e-04
	6	56	-25.500000	59.500000	9.872917e+04	1.312670e-04
	24	64	-21.000000	57.500000	9.872487e+04	1.507641e-04
	135	123	6.750000	42.750000	1.020966e+05	6.904016e-05
2022	2	12	6	0
	243	11	33.750000	70.750000	9.852498e+04	2.593755e-04
	138	19	7.500000	68.750000	9.893023e+04	1.916337e-04
	157	23	12.250000	67.750000	9.893023e+04	2.188786e-04
	41	51	-16.750000	60.750000	9.860138e+04	1.559075e-04
	22	54	-21.500000	60.000000	9.860138e+04	2.013729e-04
	45	59	-15.750000	58.750000	9.860138e+04	1.054984e-04
2022	2	12	4	6
	250	0	35.500000	73.500000	9.859377e+04	4.189301e-05
	251	14	35.750000	70.000000	9.847888e+04	2.692318e-04
	167	21	14.750000	68.250000	9.901542e+04	2.228311e-04
	66	52	-10.500000	60.500000	9.837922e+04	1.058421e-04
2022	2	12	4	12
	251	1	35.750000	73.250000	9.863499e+04	6.299890e-05
	257	13	37.250000	70.250000	9.856309e+04	2.624321e-04
	166	19	14.500000	68.750000	9.945212e+04	1.589270e-04
	76	49	-8.000000	61.250000	9.835089e+04	1.217590e-04
2022	2	12	3	18
	254	1	36.500000	73.250000	9.865648e+04	2.665535e-05
	262	13	38.500000	70.250000	9.863831e+04	2.536554e-04
	97	46	-2.750000	62.000000	9.827957e+04	1.464565e-04
2022	2	13	3	0
	255	2	36.750000	73.000000	9.883898e+04	1.380163e-04
	267	14	39.750000	70.000000	9.883292e+04	2.676707e-04
	114	43	1.500000	62.750000	9.820317e+04	1.498228e-04
2022	2	13	2	6
	276	15	42.000000	69.750000	9.907326e+04	2.413095e-04
	147	35	9.750000	64.750000	9.801990e+04	1.717369e-04
2022	2	13	2	12
	8	14	-25.000000	70.000000	9.956310e+04	5.180651e-05
	159	35	12.750000	64.750000	9.806503e+04	1.890399e-04
2022	2	13	3	18
	1	17	-26.750000	69.250000	9.966686e+04	-7.092470e-06
	208	25	25.000000	67.250000	9.808516e+04	1.666489e-04
	181	37	18.250000	64.250000	9.819712e+04	8.240250e-05
2022	2	14	2	0
	1	17	-26.750000	69.250000	9.983841e+04	2.031427e-06
	219	23	27.750000	67.750000	9.819438e+04	9.321676e-05
2022	2	14	2	6
	207	9	24.750000	71.250000	9.813655e+04	1.500678e-04
	0	51	-27.000000	60.750000	9.850134e+04	9.785466e-05
2022	2	14	6	12
	87	0	-5.250000	73.500000	1.000301e+05	8.728555e-05
	229	7	30.250000	71.750000	9.811271e+04	8.311233e-05
	288	27	45.000000	66.750000	9.963325e+04	-8.794772e-07
	0	43	-27.000000	62.750000	9.764884e+04	1.272575e-04
	148	67	10.000000	56.750000	9.952422e+04	-2.234166e-05
	153	76	11.250000	54.500000	9.952422e+04	1.058581e-04
2022	2	14	7	18
	221	7	28.250000	71.750000	9.819184e+04	1.025023e-04
	288	26	45.000000	67.000000	9.928291e+04	3.085899e-05
	24	35	-21.000000	64.750000	9.701050e+04	5.495711e-05
	0	36	-27.000000	64.500000	9.701050e+04	1.273964e-04
	165	74	14.250000	55.000000	9.954708e+04	1.647379e-04
	145	118	9.250000	44.000000	1.007312e+05	1.153040e-04
	280	121	43.000000	43.250000	1.016692e+05	3.484151e-05
2022	2	15	6	0
	264	17	39.000000	69.250000	9.841830e+04	1.253827e-04
	0	32	-27.000000	65.500000	9.710820e+04	8.284347e-05
	23	32	-21.250000	65.500000	9.710820e+04	1.009244e-04
	187	67	19.750000	56.750000	9.972489e+04	1.795755e-04
	155	117	11.750000	44.250000	1.006831e+05	9.440804e-05
	281	121	43.250000	43.250000	1.018226e+05	1.552154e-05
2022	2	15	11	6
	6	7	-25.500000	71.750000	9.859533e+04	-7.774660e-06
	262	16	38.500000	69.500000	9.834659e+04	1.076109e-04
	288	16	45.000000	69.500000	9.885168e+04	-7.466975e-05
	244	24	34.000000	67.500000	9.834659e+04	1.262381e-04
	9	28	-24.750000	66.500000	9.713223e+04	2.130928e-04
	0	38	-27.000000	64.000000	9.716798e+04	3.980942e-07
	196	67	22.000000	56.750000	9.991305e+04	1.407684e-04
	197	67	22.250000	56.750000	9.991305e+04	1.254944e-04
	195	68	21.750000	56.500000	9.991305e+04	1.364781e-04
	159	113	12.750000	45.250000	1.006528e+05	8.635336e-05
	281	121	43.250000	43.250000	1.020536e+05	-1.722322e-05
2022	2	15	7	12
	2	10	-26.500000	71.000000	9.756502e+04	4.531655e-06
	258	18	37.500000	69.000000	9.853495e+04	1.902140e-04
	288	18	45.000000	69.000000	9.910217e+04	-1.280116e-04
	0	38	-27.000000	64.000000	9.692082e+04	1.507100e-05
	0	77	-27.000000	54.250000	9.796011e+04	1.272860e-04
	184	117	19.000000	44.250000	1.008988e+05	-5.967117e-05
	277	120	42.250000	43.500000	1.017077e+05	-2.358229e-05
2022	2	15	5	18
	283	23	43.750000	67.750000	9.897634e+04	1.759502e-04
	0	67	-27.000000	56.750000	9.600990e+04	1.581770e-04
	191	103	20.750000	47.750000	1.011028e+05	1.033595e-04
	278	120	42.500000	43.500000	1.021038e+05	-3.114179e-06
	169	125	15.250000	42.250000	1.012276e+05	1.311219e-05
2022	2	16	5	0
	288	22	45.000000	68.000000	9.923523e+04	2.974114e-05
	10	56	-24.500000	59.500000	9.428556e+04	4.604564e-04
	210	102	25.500000	48.000000	1.011899e+05	-6.307091e-06
	281	121	43.250000	43.250000	1.020665e+05	-1.921504e-05
	174	125	16.500000	42.250000	1.014477e+05	6.163375e-05
2022	2	16	5	6
	19	49	-22.250000	61.250000	9.353506e+04	4.964744e-04
	213	105	26.250000	47.250000	1.012448e+05	-1.104041e-05
	280	121	43.000000	43.250000	1.020799e+05	-1.670702e-05
	71	162	-9.250000	33.000000	1.025856e+05	1.352265e-04
	81	162	-6.750000	33.000000	1.025856e+05	9.730653e-05
2022	2	16	2	12
	45	31	-15.750000	65.750000	9.345847e+04	3.656214e-04
	29	38	-19.750000	64.000000	9.345847e+04	2.982947e-04
2022	2	16	2	18
	35	29	-18.250000	66.250000	9.308215e+04	2.492133e-04
	217	126	27.250000	42.000000	1.011999e+05	9.882018e-05
2022	2	17	5	0
	64	20	-11.000000	68.500000	9.300184e+04	1.276210e-04
	288	24	45.000000	67.500000	1.009732e+05	-1.062322e-04
	39	28	-17.250000	66.500000	9.299422e+04	1.031232e-04
	0	40	-27.000000	63.500000	9.483657e+04	1.530904e-04
	232	129	31.000000	41.250000	1.011458e+05	-3.764948e-05
2022	2	17	7	6
	45	21	-15.750000	68.250000	9.290121e+04	2.406242e-04
	11	104	-24.250000	47.500000	9.909338e+04	2.499024e-04
	150	109	10.500000	46.250000	1.018293e+05	-1.747630e-05
	225	116	29.250000	44.500000	1.010000e+05	1.021924e-04
	137	117	7.250000	44.250000	1.019305e+05	6.998444e-05
	280	121	43.000000	43.250000	1.014015e+05	1.897085e-05
	242	126	33.500000	42.000000	1.010708e+05	1.106958e-05
2022	2	17	6	12
	38	23	-17.500000	67.750000	9.295788e+04	2.832983e-04
	42	35	-16.500000	64.750000	9.296412e+04	9.345314e-05
	43	89	-16.250000	51.250000	9.787159e+04	3.474329e-04
	226	114	29.500000	45.000000	1.009281e+05	1.400272e-04
	136	116	7.000000	44.500000	1.019926e+05	6.541775e-05
	244	128	34.000000	41.500000	1.009795e+05	-2.242584e-05
2022	2	17	5	18
	41	22	-16.750000	68.000000	9.309465e+04	3.040466e-04
	42	35	-16.500000	64.750000	9.310950e+04	3.925512e-05
	73	75	-8.750000	54.750000	9.591962e+04	5.387618e-04
	226	113	29.500000	45.250000	1.010069e+05	1.414781e-04
	137	117	7.250000	44.250000	1.019424e+05	3.427000e-05
2022	2	18	4	0
	41	25	-16.750000	67.250000	9.358841e+04	2.181147e-04
	100	62	-2.000000	58.000000	9.464880e+04	5.132586e-04
	152	106	11.000000	47.000000	1.012902e+05	-7.359132e-05
	227	115	29.750000	44.750000	1.010276e+05	1.284657e-04
2022	2	18	4	6
	52	25	-14.000000	67.250000	9.413766e+04	2.699763e-04
	127	57	4.750000	59.250000	9.427814e+04	2.922728e-04
	228	116	30.000000	44.500000	1.012077e+05	1.266348e-04
	137	117	7.250000	44.250000	1.015086e+05	1.123681e-04
2022	2	18	7	12
	255	0	36.750000	73.500000	9.754509e+04	1.484042e-04
	288	3	45.000000	72.750000	9.801169e+04	4.156677e-05
	58	24	-12.500000	67.500000	9.479612e+04	2.217817e-04
	141	41	8.250000	63.250000	9.512204e+04	1.093120e-04
	153	53	11.250000	60.250000	9.510172e+04	3.699464e-04
	138	117	7.500000	44.250000	1.013644e+05	1.148411e-04
	261	162	38.250000	33.000000	1.003419e+05	1.108110e-04
2022	2	18	6	18
	58	23	-12.500000	67.750000	9.525178e+04	2.493989e-04
	140	32	8.000000	65.500000	9.604429e+04	1.760489e-04
	170	48	15.500000	61.500000	9.604351e+04	3.576336e-04
	182	116	18.500000	44.500000	1.013515e+05	-5.229523e-05
	138	118	7.500000	44.000000	1.014568e+05	7.136303e-05
	262	162	38.500000	33.000000	1.005725e+05	7.919095e-05
2022	2	19	3	0
	56	24	-13.000000	67.500000	9.558805e+04	2.783817e-04
	0	33	-27.000000	65.250000	9.700659e+04	1.220046e-04
	245	151	34.250000	35.750000	1.006161e+05	9.418393e-05
2022	2	19	4	6
	56	25	-13.000000	67.250000	9.596340e+04	2.737869e-04
	201	34	23.250000	65.000000	9.683250e+04	2.580554e-04
	247	155	34.750000	34.750000	1.006460e+05	1.234969e-04
	283	162	43.750000	33.000000	1.006632e+05	7.974507e-05
2022	2	19	5	12
	120	14	3.000000	70.000000	9.633952e+04	1.055425e-04
	63	26	-11.250000	67.000000	9.637977e+04	1.838221e-04
	1	34	-26.750000	65.000000	9.747612e+04	8.722706e-05
	47	59	-15.250000	58.750000	9.779988e+04	1.913759e-04
	286	158	44.500000	34.000000	1.002411e+05	1.199320e-04
2022	2	19	3	18
	121	12	3.250000	70.500000	9.632917e+04	1.151788e-04
	71	52	-9.250000	60.500000	9.744330e+04	2.389198e-04
	281	144	43.250000	37.500000	1.005543e+05	7.471686e-06
2022	2	20	2	0
	116	11	2.000000	70.750000	9.630181e+04	1.147024e-04
	281	138	43.250000	39.000000	1.006975e+05	-1.980463e-05
