2022	2	10	9	0
	9	6	-24.750000	72.000000	1.001022e+05	-1.004895e-05
	169	8	15.250000	71.500000	9.687431e+04	1.032388e-04
	148	23	10.000000	67.750000	9.657869e+04	4.536608e-04
	59	56	-12.250000	59.500000	9.872663e+04	4.361820e-04
	152	106	11.000000	47.000000	1.022386e+05	-4.297682e-05
	139	110	7.750000	46.000000	1.022386e+05	-7.047298e-05
	253	141	36.250000	38.250000	1.007839e+05	7.726123e-05
	248	150	35.000000	36.000000	1.007839e+05	1.048122e-04
	277	162	42.250000	33.000000	1.008003e+05	1.023056e-04
2022	2	10	10	6
	175	4	16.750000	72.500000	9.713673e+04	1.338361e-04
	8	6	-25.000000	72.000000	1.002653e+05	-1.443230e-05
	171	15	15.750000	69.750000	9.698569e+04	3.293767e-05
	172	15	16.000000	69.750000	9.698569e+04	8.990220e-06
	4	17	-26.000000	69.250000	1.002653e+05	5.453869e-05
	167	23	14.750000	67.750000	9.698569e+04	2.427068e-04
	78	58	-7.500000	59.000000	9.913793e+04	4.400428e-04
	158	106	12.500000	47.000000	1.021687e+05	-3.403659e-05
	137	117	7.250000	44.250000	1.022857e+05	7.902780e-05
	249	150	35.250000	36.000000	1.010127e+05	8.678799e-05
2022	2	10	9	12
	209	0	25.250000	73.500000	9.724830e+04	-4.994574e-05
	179	3	17.750000	72.750000	9.724830e+04	1.714254e-04
	8	6	-25.000000	72.000000	1.001680e+05	-1.782866e-05
	37	12	-17.750000	70.500000	1.002392e+05	7.086611e-05
	195	27	21.750000	66.750000	9.766916e+04	1.676499e-04
	94	63	-3.500000	57.750000	1.000062e+05	3.421628e-04
	137	117	7.250000	44.250000	1.021937e+05	1.253614e-04
	284	139	44.000000	38.750000	1.008365e+05	1.789087e-05
	281	151	43.250000	35.750000	1.008925e+05	9.089268e-05
2022	2	10	7	18
	220	0	28.000000	73.500000	9.744720e+04	2.255264e-06
	190	5	20.500000	72.250000	9.744720e+04	1.643119e-04
	10	14	-24.500000	70.000000	9.979640e+04	-2.572475e-05
	41	16	-16.750000	69.500000	9.979640e+04	1.420820e-04
	111	69	0.750000	56.250000	1.005979e+05	2.629170e-04
	137	117	7.250000	44.250000	1.022513e+05	1.023847e-04
	87	156	-5.250000	34.500000	1.021130e+05	8.090703e-06
2022	2	11	4	0
	203	5	23.750000	72.250000	9.759727e+04	1.696123e-04
	55	12	-13.250000	70.500000	9.936810e+04	1.712238e-04
	0	69	-27.000000	56.250000	9.970066e+04	1.071814e-04
	137	117	7.250000	44.250000	1.021778e+05	9.820218e-05
2022	2	11	2	6
	212	7	26.000000	71.750000	9.778973e+04	1.956675e-04
	60	12	-12.000000	70.500000	9.926670e+04	2.477754e-04
2022	2	11	4	12
	220	9	28.000000	71.250000	9.807832e+04	2.924265e-04
	80	11	-7.000000	70.750000	9.939096e+04	1.942232e-04
	10	56	-24.500000	59.500000	9.906251e+04	1.444830e-04
	136	118	7.000000	44.000000	1.020737e+05	9.053943e-05
2022	2	11	5	18
	234	12	31.500000	70.500000	9.834874e+04	2.794880e-04
	139	16	7.750000	69.500000	9.915024e+04	1.449313e-04
	38	54	-17.500000	60.000000	9.869400e+04	2.089659e-04
	10	55	-24.500000	59.750000	9.876747e+04	1.605175e-04
	26	65	-20.500000	57.250000	9.873073e+04	1.216926e-04
2022	2	12	4	0
	257	1	37.250000	73.250000	9.857188e+04	4.787005e-05
	240	13	33.000000	70.250000	9.852342e+04	2.029456e-04
	152	16	11.000000	69.500000	9.878075e+04	2.194231e-04
	33	53	-18.750000	60.250000	9.827137e+04	2.900939e-04
2022	2	12	5	6
	253	0	36.250000	73.500000	9.879228e+04	2.441105e-05
	246	15	34.500000	69.750000	9.856406e+04	2.049156e-04
	161	18	13.250000	69.000000	9.876238e+04	3.173756e-04
	60	53	-12.000000	60.250000	9.810118e+04	1.173585e-04
	39	55	-17.250000	59.750000	9.810118e+04	2.171108e-04
2022	2	12	5	12
	256	3	37.000000	72.750000	9.891264e+04	1.301808e-05
	250	16	35.500000	69.500000	9.876376e+04	1.893015e-04
	166	19	14.500000	68.750000	9.922155e+04	1.496761e-04
	75	47	-8.250000	61.750000	9.838274e+04	1.817926e-04
	45	57	-15.750000	59.250000	9.833799e+04	1.988069e-04
2022	2	12	4	18
	250	8	35.500000	71.500000	9.893707e+04	3.590169e-05
	258	18	37.500000	69.000000	9.893707e+04	1.487440e-04
	88	46	-5.000000	62.000000	9.833213e+04	1.629682e-04
	51	60	-14.250000	58.500000	9.843999e+04	2.255677e-04
2022	2	13	1	0
	264	19	39.000000	68.750000	9.916157e+04	1.577809e-04
2022	2	13	1	6
	155	30	11.750000	66.000000	9.795190e+04	2.301910e-04
2022	2	13	2	12
	9	14	-24.750000	70.000000	9.943102e+04	8.599206e-05
	167	31	14.750000	65.750000	9.812248e+04	8.792471e-05
2022	2	13	3	18
	9	6	-24.750000	72.000000	9.954512e+04	-6.996068e-05
	6	14	-25.500000	70.000000	9.954512e+04	8.023909e-05
	187	34	19.750000	65.000000	9.814397e+04	6.359804e-05
2022	2	14	4	0
	77	4	-7.750000	72.500000	9.992028e+04	7.193987e-05
	1	17	-26.750000	69.250000	9.978976e+04	2.985114e-05
	219	23	27.750000	67.750000	9.813303e+04	7.212526e-05
	205	32	24.250000	65.500000	9.813303e+04	9.490589e-05
2022	2	14	4	6
	88	3	-5.000000	72.750000	9.983723e+04	8.260947e-05
	205	11	24.250000	70.750000	9.787726e+04	2.030706e-04
	227	22	29.750000	68.000000	9.798355e+04	3.765891e-05
	120	87	3.000000	51.750000	9.925770e+04	2.443173e-04
2022	2	14	6	12
	233	10	31.250000	71.000000	9.805174e+04	3.386614e-05
	212	17	26.000000	69.250000	9.805174e+04	1.605141e-04
	237	21	32.250000	68.250000	9.805174e+04	1.119714e-05
	0	51	-27.000000	60.750000	9.789309e+04	6.019212e-05
	141	79	8.250000	53.750000	9.924031e+04	1.685579e-04
	134	116	6.500000	44.500000	1.008935e+05	1.432393e-04
2022	2	14	7	18
	233	11	31.250000	70.750000	9.817250e+04	8.937490e-05
	223	21	28.750000	68.250000	9.817250e+04	1.502610e-04
	245	22	34.250000	68.000000	9.817250e+04	3.646809e-05
	288	27	45.000000	66.750000	9.906583e+04	2.295260e-05
	0	45	-27.000000	62.250000	9.704411e+04	5.913526e-05
	159	72	12.750000	55.500000	9.928975e+04	2.020551e-04
	144	117	9.000000	44.250000	1.006135e+05	1.809814e-04
2022	2	15	7	0
	6	7	-25.500000	71.750000	9.912620e+04	1.986496e-05
	251	21	35.750000	68.250000	9.839583e+04	6.988410e-05
	25	34	-20.750000	65.000000	9.666583e+04	1.249772e-04
	4	39	-26.000000	63.750000	9.666583e+04	1.921255e-04
	5	39	-25.750000	63.750000	9.666583e+04	1.971743e-04
	177	67	17.250000	56.750000	9.940874e+04	1.578977e-04
	151	116	10.750000	44.500000	1.005086e+05	2.012835e-04
2022	2	15	7	6
	6	7	-25.500000	71.750000	9.835792e+04	-4.320277e-06
	258	18	37.500000	69.000000	9.856621e+04	8.554434e-05
	0	34	-27.000000	65.000000	9.643859e+04	8.289602e-05
	23	39	-21.250000	63.750000	9.643859e+04	2.158893e-04
	180	69	18.000000	56.250000	9.966138e+04	2.567514e-04
	154	114	11.500000	45.000000	1.007526e+05	1.876911e-04
	282	122	43.500000	43.000000	1.019533e+05	9.251328e-06
2022	2	15	8	12
	2	10	-26.500000	71.000000	9.752809e+04	-6.686888e-05
	288	13	45.000000	70.250000	9.915200e+04	-4.841380e-05
	264	17	39.000000	69.250000	9.885539e+04	8.787413e-05
	0	28	-27.000000	66.500000	9.685848e+04	1.186017e-04
	42	35	-16.500000	64.750000	9.714766e+04	1.277967e-04
	190	68	20.500000	56.500000	9.995702e+04	2.075315e-04
	1	77	-26.750000	54.250000	9.755252e+04	1.834999e-04
	163	123	13.750000	42.750000	1.010049e+05	-1.766767e-05
2022	2	15	7	18
	261	16	38.250000	69.500000	9.920475e+04	1.156165e-04
	271	23	40.750000	67.750000	9.920475e+04	1.425619e-04
	0	36	-27.000000	64.500000	9.725748e+04	-2.621179e-06
	28	63	-20.000000	57.750000	9.652124e+04	3.613488e-04
	205	65	24.250000	57.250000	1.002411e+05	1.551113e-04
	0	75	-27.000000	54.750000	9.727741e+04	1.099018e-04
	184	116	19.000000	44.500000	1.012136e+05	2.690503e-05
2022	2	16	3	0
	255	17	36.750000	69.250000	9.950780e+04	1.156787e-04
	284	26	44.000000	67.000000	9.948592e+04	1.141399e-04
	41	52	-16.750000	60.500000	9.541415e+04	4.851049e-04
2022	2	16	5	6
	262	26	38.500000	67.000000	9.975166e+04	5.875870e-05
	55	44	-13.250000	62.500000	9.395887e+04	6.499263e-04
	281	121	43.250000	43.250000	1.019817e+05	-1.883076e-06
	180	128	18.000000	41.500000	1.017441e+05	6.947691e-05
	273	130	41.250000	41.000000	1.019817e+05	-6.836683e-06
2022	2	16	3	12
	74	38	-8.500000	64.000000	9.368962e+04	4.130906e-04
	279	120	42.750000	43.500000	1.019711e+05	-1.818906e-05
	206	128	24.500000	41.500000	1.016706e+05	2.670814e-05
2022	2	16	1	18
	96	31	-3.000000	65.750000	9.377247e+04	3.358171e-04
2022	2	17	1	0
	106	23	-0.500000	67.750000	9.374374e+04	3.527502e-04
2022	2	17	3	6
	106	18	-0.500000	69.000000	9.357961e+04	3.475589e-04
	191	41	20.750000	63.250000	9.784013e+04	3.070971e-04
	281	121	43.250000	43.250000	1.019312e+05	2.043414e-05
2022	2	17	3	12
	101	17	-1.750000	69.250000	9.368161e+04	3.388844e-04
	0	108	-27.000000	46.500000	1.008441e+05	5.682965e-05
	136	116	7.000000	44.500000	1.027808e+05	5.610257e-05
2022	2	17	4	18
	108	16	0.000000	69.500000	9.391471e+04	3.248052e-04
	20	100	-22.000000	48.500000	1.008797e+05	1.336314e-04
	0	114	-27.000000	45.000000	1.013410e+05	7.689982e-05
	136	117	7.000000	44.250000	1.027482e+05	6.913425e-05
2022	2	18	2	0
	106	14	-0.500000	70.000000	9.420877e+04	3.092304e-04
	136	115	7.000000	44.750000	1.028310e+05	1.383965e-05
2022	2	18	2	6
	105	17	-0.750000	69.250000	9.451730e+04	3.476046e-04
	136	115	7.000000	44.750000	1.026483e+05	4.597968e-05
2022	2	18	2	12
	118	18	2.500000	69.000000	9.488816e+04	3.115832e-04
	278	119	42.500000	43.750000	1.007788e+05	-4.186762e-05
2022	2	18	2	18
	132	16	6.000000	69.500000	9.516385e+04	3.100772e-04
	0	37	-27.000000	64.250000	9.704313e+04	1.129202e-04
2022	2	19	11	0
	144	15	9.000000	69.750000	9.537898e+04	2.820569e-04
	26	30	-20.500000	66.000000	9.689385e+04	1.598039e-04
	55	33	-13.250000	65.250000	9.733973e+04	2.234606e-04
	8	41	-25.000000	63.250000	9.677134e+04	2.974564e-04
	288	43	45.000000	62.750000	9.890248e+04	8.270806e-05
	213	80	26.250000	53.500000	9.879091e+04	1.842660e-04
	55	108	-13.250000	46.500000	1.027472e+05	2.063472e-04
	155	109	11.750000	46.250000	1.021511e+05	1.329285e-05
	277	150	42.250000	36.000000	1.010170e+05	4.026134e-05
	82	153	-6.500000	35.250000	1.026735e+05	1.883782e-05
	276	162	42.000000	33.000000	1.010178e+05	1.745309e-06
2022	2	19	8	6
	151	13	10.750000	70.250000	9.552943e+04	2.627524e-04
	79	28	-7.250000	66.500000	9.683250e+04	2.336945e-04
	0	40	-27.000000	63.500000	9.812716e+04	9.923767e-05
	235	86	31.750000	52.000000	9.828544e+04	2.830351e-04
	61	104	-11.750000	47.500000	1.025211e+05	1.738063e-04
	136	118	7.000000	44.000000	1.025579e+05	1.219106e-04
	278	151	42.500000	35.750000	1.011755e+05	9.582361e-05
	282	162	43.500000	33.000000	1.011755e+05	2.731949e-05
2022	2	19	7	12
	158	12	12.500000	70.500000	9.564412e+04	2.825563e-04
	2	61	-26.500000	58.250000	9.744681e+04	4.876433e-04
	253	92	36.250000	50.500000	9.832256e+04	1.712392e-04
	71	97	-9.250000	49.250000	1.024305e+05	1.573035e-04
	281	144	43.250000	37.500000	1.011122e+05	-1.105734e-05
	279	153	42.750000	35.250000	1.010352e+05	1.057443e-04
	287	162	44.750000	33.000000	1.010352e+05	5.377320e-05
2022	2	19	6	18
	159	11	12.750000	70.750000	9.608063e+04	3.077034e-04
	185	21	19.250000	68.250000	9.611423e+04	-5.840983e-05
	34	37	-18.500000	64.250000	9.593428e+04	3.977946e-05
	19	47	-22.250000	61.750000	9.592803e+04	4.042370e-04
	79	91	-7.250000	50.750000	1.021253e+05	6.314840e-05
	263	98	38.750000	49.000000	9.882687e+04	1.756887e-04
2022	2	20	11	0
	166	12	14.500000	70.500000	9.681238e+04	2.808001e-04
	54	33	-13.500000	65.250000	9.545010e+04	3.416466e-04
	214	35	26.500000	64.750000	9.782978e+04	1.484156e-04
	36	39	-18.000000	63.750000	9.545010e+04	4.051203e-04
	0	40	-27.000000	63.500000	9.768831e+04	6.065432e-05
	275	101	41.750000	48.250000	9.937846e+04	1.337285e-04
	276	101	42.000000	48.250000	9.937846e+04	1.303827e-04
	285	122	44.250000	43.000000	1.000535e+05	9.463461e-06
	287	130	44.750000	41.000000	1.001272e+05	6.738918e-06
	2	136	-26.500000	39.500000	1.019023e+05	1.863759e-04
	286	141	44.500000	38.250000	1.012038e+05	2.894944e-05
