2022	2	16	6	0
	288	11	45.000000	70.750000	9.883982e+04	8.760771e-05
	52	38	-14.000000	64.000000	9.742362e+04	3.405831e-04
	117	53	2.250000	60.250000	9.803420e+04	1.327431e-04
	65	68	-10.750000	56.500000	9.721580e+04	3.378208e-04
	171	121	15.750000	43.250000	1.014524e+05	1.420126e-05
	280	121	43.000000	43.250000	1.021137e+05	2.926691e-05
2022	2	16	8	3
	43	37	-16.250000	64.250000	9.751728e+04	2.912938e-04
	26	41	-20.500000	63.250000	9.743184e+04	-3.774074e-05
	117	50	2.250000	61.000000	9.797338e+04	5.008392e-05
	120	52	3.000000	60.500000	9.797338e+04	9.179850e-05
	78	67	-7.500000	56.750000	9.723937e+04	3.459379e-04
	92	70	-4.000000	56.000000	9.723937e+04	2.381867e-04
	280	121	43.000000	43.250000	1.022010e+05	3.656486e-05
	175	123	16.750000	42.750000	1.013932e+05	7.415472e-05
2022	2	16	4	6
	37	34	-17.750000	65.000000	9.762173e+04	2.376477e-04
	117	49	2.250000	61.250000	9.790481e+04	8.001463e-05
	101	68	-1.750000	56.500000	9.758433e+04	2.340587e-04
	280	121	43.000000	43.250000	1.022974e+05	2.410231e-05
2022	2	16	7	9
	117	35	2.250000	64.750000	9.781907e+04	1.914677e-04
	117	49	2.250000	61.250000	9.778395e+04	1.220809e-04
	46	60	-15.500000	58.500000	9.746468e+04	6.097644e-05
	116	68	2.000000	56.500000	9.764073e+04	2.068813e-04
	48	72	-15.000000	55.500000	9.743853e+04	2.221081e-04
	279	120	42.750000	43.500000	1.022043e+05	3.219076e-05
	182	135	18.500000	39.750000	1.014549e+05	1.289888e-04
2022	2	16	7	12
	18	28	-22.500000	66.500000	9.769653e+04	2.017446e-04
	113	35	1.250000	64.750000	9.764134e+04	1.642317e-04
	118	48	2.500000	61.500000	9.762188e+04	1.294724e-04
	61	61	-11.750000	58.250000	9.689273e+04	3.248150e-05
	63	69	-11.250000	56.250000	9.689273e+04	3.387520e-04
	135	69	6.750000	56.250000	9.758722e+04	2.094465e-04
	183	136	18.750000	39.500000	1.012038e+05	1.751504e-04
2022	2	16	7	15
	1	27	-26.750000	66.750000	9.786452e+04	1.328327e-04
	0	35	-27.000000	64.750000	9.786452e+04	2.454249e-05
	108	35	0.000000	64.750000	9.750862e+04	1.657544e-04
	120	48	3.000000	61.500000	9.747000e+04	1.633379e-04
	77	68	-7.750000	56.500000	9.663154e+04	3.875328e-04
	150	68	10.500000	56.500000	9.745798e+04	1.988931e-04
	185	134	19.250000	40.000000	1.010434e+05	1.480118e-04
2022	2	16	6	18
	122	47	3.500000	61.750000	9.735993e+04	1.585659e-04
	157	66	12.250000	57.000000	9.721702e+04	2.343864e-04
	95	69	-3.250000	56.250000	9.698638e+04	2.999066e-04
	148	108	10.000000	46.500000	1.005835e+05	-5.684699e-05
	279	120	42.750000	43.500000	1.021365e+05	-1.199424e-05
	185	135	19.250000	39.750000	1.011092e+05	1.174593e-04
2022	2	16	6	21
	288	9	45.000000	71.250000	9.909995e+04	1.072975e-04
	124	46	4.000000	62.000000	9.725016e+04	1.487177e-04
	167	65	14.750000	57.250000	9.691219e+04	2.481868e-04
	113	70	1.250000	56.000000	9.693073e+04	2.765506e-04
	137	117	7.250000	44.250000	1.011519e+05	3.939546e-05
	184	133	19.000000	40.250000	1.011597e+05	1.007409e-04
2022	2	17	4	0
	125	43	4.250000	62.750000	9.722948e+04	1.492840e-04
	178	64	17.500000	57.500000	9.666711e+04	1.841987e-04
	131	71	5.750000	55.750000	9.690809e+04	2.824100e-04
	137	117	7.250000	44.250000	1.010598e+05	8.917959e-05
2022	2	17	6	3
	286	10	44.500000	71.000000	9.921458e+04	1.168665e-04
	126	42	4.500000	63.000000	9.723480e+04	1.290404e-04
	190	57	20.500000	59.250000	9.625905e+04	2.255026e-04
	188	71	20.000000	55.750000	9.629570e+04	1.990356e-04
	147	72	9.750000	55.500000	9.676578e+04	2.879788e-04
	138	117	7.500000	44.250000	1.007963e+05	9.138381e-05
2022	2	17	6	6
	284	12	44.000000	70.500000	9.927722e+04	1.108859e-04
	125	41	4.250000	63.250000	9.726992e+04	8.868114e-05
	192	56	21.000000	59.500000	9.604059e+04	2.831226e-04
	200	67	23.000000	56.750000	9.604059e+04	1.457883e-04
	0	115	-27.000000	44.750000	1.005160e+05	1.300940e-04
	279	121	42.750000	43.250000	1.016216e+05	-2.667303e-05
2022	2	17	3	9
	195	55	21.750000	59.750000	9.594739e+04	3.153959e-04
	3	109	-26.250000	46.250000	9.993080e+04	1.912878e-04
	278	120	42.500000	43.500000	1.015515e+05	-1.778643e-05
2022	2	17	2	12
	200	55	23.000000	59.750000	9.598053e+04	2.302808e-04
	11	104	-24.250000	47.500000	9.932891e+04	2.820556e-04
2022	2	17	2	15
	210	51	25.500000	60.750000	9.602127e+04	9.997292e-05
	20	98	-22.000000	49.000000	9.868018e+04	3.494716e-04
2022	2	17	3	18
	215	47	26.750000	61.750000	9.605761e+04	1.131936e-04
	26	97	-20.500000	49.250000	9.793689e+04	4.932066e-04
	159	107	12.750000	46.750000	1.006630e+05	-2.060776e-05
2022	2	17	3	21
	216	44	27.000000	62.500000	9.610201e+04	1.445070e-04
	216	45	27.000000	62.250000	9.610201e+04	1.460822e-04
	36	93	-18.000000	50.250000	9.742333e+04	5.318911e-04
2022	2	18	3	0
	217	42	27.250000	63.000000	9.615871e+04	1.368019e-04
	19	46	-22.250000	62.000000	9.910968e+04	1.120536e-04
	46	89	-15.500000	51.250000	9.707137e+04	5.147227e-04
2022	2	18	4	3
	218	40	27.500000	63.500000	9.623595e+04	1.614058e-04
	19	45	-22.250000	62.250000	9.889531e+04	1.248287e-04
	57	84	-12.750000	52.500000	9.681975e+04	4.297725e-04
	137	117	7.250000	44.250000	1.012909e+05	8.519198e-05
2022	2	18	5	6
	217	38	27.250000	64.000000	9.635651e+04	1.663611e-04
	218	38	27.500000	64.000000	9.635651e+04	1.679317e-04
	32	46	-19.000000	62.000000	9.868824e+04	1.373296e-04
	67	81	-10.250000	53.250000	9.668003e+04	4.624494e-04
	137	117	7.250000	44.250000	1.013002e+05	8.781450e-05
2022	2	18	3	9
	220	37	28.000000	64.250000	9.655005e+04	1.614521e-04
	32	46	-19.000000	62.000000	9.850930e+04	1.783195e-04
	82	79	-6.500000	53.750000	9.680136e+04	1.186301e-04
2022	2	18	5	12
	223	36	28.750000	64.500000	9.674085e+04	1.385937e-04
	33	47	-18.750000	61.750000	9.839466e+04	2.520955e-04
	93	74	-3.750000	55.000000	9.684620e+04	1.991334e-04
	257	162	37.250000	33.000000	1.006521e+05	-1.050618e-05
	267	162	39.750000	33.000000	1.006521e+05	-2.446153e-05
2022	2	18	7	15
	139	30	7.750000	66.000000	9.791074e+04	1.111269e-04
	225	34	29.250000	65.000000	9.690352e+04	1.215982e-04
	36	48	-18.000000	61.500000	9.825419e+04	2.312168e-04
	112	72	1.000000	55.500000	9.675134e+04	1.637812e-04
	119	126	2.750000	42.000000	1.012468e+05	1.133841e-05
	257	162	37.250000	33.000000	1.007343e+05	-9.726184e-07
	268	162	40.000000	33.000000	1.007343e+05	-1.787097e-05
2022	2	18	9	18
	145	30	9.250000	66.000000	9.778319e+04	9.150421e-05
	146	30	9.500000	66.000000	9.778319e+04	8.528434e-05
	147	30	9.750000	66.000000	9.778319e+04	7.843875e-05
	229	32	30.250000	65.500000	9.698243e+04	8.800504e-05
	5	44	-25.750000	62.500000	9.827593e+04	4.129345e-05
	42	48	-16.500000	61.500000	9.816966e+04	1.869288e-04
	127	68	4.750000	56.500000	9.672093e+04	2.082667e-04
	279	119	42.750000	43.750000	1.005684e+05	4.855013e-05
	92	162	-4.000000	33.000000	1.014784e+05	-3.389254e-05
2022	2	18	7	21
	124	24	4.000000	67.500000	9.768649e+04	1.745048e-04
	150	29	10.500000	66.250000	9.768649e+04	7.589587e-05
	232	31	31.000000	65.750000	9.705769e+04	9.733585e-05
	0	44	-27.000000	62.500000	9.785510e+04	4.174735e-05
	46	47	-15.500000	61.750000	9.808102e+04	2.441047e-04
	0	55	-27.000000	59.750000	9.785510e+04	1.405393e-04
	138	66	7.500000	57.000000	9.668170e+04	1.802775e-04
2022	2	19	10	0
	250	23	35.500000	67.750000	9.713644e+04	5.599692e-06
	125	27	4.250000	66.750000	9.761276e+04	1.843469e-04
	152	28	11.000000	66.500000	9.761276e+04	8.855121e-05
	234	30	31.500000	66.000000	9.713644e+04	1.201506e-04
	48	45	-15.000000	62.250000	9.794495e+04	2.970881e-04
	3	54	-26.250000	60.000000	9.792898e+04	1.234493e-04
	152	64	11.000000	57.500000	9.665009e+04	1.811800e-04
	138	111	7.500000	45.750000	1.010501e+05	-1.270816e-05
	282	121	43.500000	43.250000	1.008374e+05	2.045668e-05
	166	126	14.500000	42.000000	1.013993e+05	4.047712e-05
2022	2	19	11	3
	6	7	-25.500000	71.750000	1.002181e+05	1.060481e-05
	131	28	5.750000	66.500000	9.753994e+04	1.569443e-04
	154	28	11.500000	66.500000	9.753994e+04	1.039930e-04
	236	28	32.000000	66.500000	9.716077e+04	9.966697e-05
	0	44	-27.000000	62.500000	9.817467e+04	3.591196e-05
	45	44	-15.750000	62.500000	9.786498e+04	3.095923e-04
	167	61	14.750000	58.250000	9.662044e+04	1.478277e-04
	59	63	-12.250000	57.750000	9.774898e+04	2.512794e-04
	137	117	7.250000	44.250000	1.012047e+05	1.558326e-04
	282	121	43.500000	43.250000	1.012468e+05	4.848344e-05
	241	156	33.250000	34.500000	1.005210e+05	1.777229e-04
2022	2	19	12	6
	6	7	-25.500000	71.750000	1.001209e+05	1.267232e-05
	137	22	7.250000	68.000000	9.752534e+04	3.157685e-05
	154	27	11.500000	66.750000	9.752534e+04	5.957821e-05
	237	28	32.250000	66.500000	9.723222e+04	7.505618e-05
	42	45	-16.500000	62.250000	9.795681e+04	2.825388e-04
	47	60	-15.250000	58.500000	9.717840e+04	1.850128e-04
	180	60	18.000000	58.500000	9.663519e+04	1.983668e-04
	181	60	18.250000	58.500000	9.663519e+04	1.930578e-04
	66	62	-10.500000	58.000000	9.717840e+04	3.251791e-04
	137	117	7.250000	44.250000	1.013332e+05	1.226148e-04
	282	121	43.500000	43.250000	1.015364e+05	5.858675e-05
	244	156	34.000000	34.500000	1.004625e+05	2.109043e-04
2022	2	19	12	9
	255	17	36.750000	69.250000	9.729820e+04	7.661155e-05
	143	22	8.750000	68.000000	9.763799e+04	-7.712422e-06
	237	27	32.250000	66.750000	9.730261e+04	4.607067e-05
	40	47	-17.000000	61.750000	9.834480e+04	2.483398e-04
	1	55	-26.750000	59.750000	9.875362e+04	8.303768e-05
	189	59	20.250000	58.750000	9.677399e+04	2.124348e-04
	73	63	-8.750000	57.750000	9.731325e+04	4.036787e-04
	90	64	-4.500000	57.500000	9.731325e+04	1.912100e-04
	137	117	7.250000	44.250000	1.014895e+05	1.280825e-04
	189	120	20.250000	43.500000	1.014153e+05	-2.241762e-05
	243	156	33.750000	34.500000	1.005253e+05	2.001217e-04
	277	162	42.250000	33.000000	1.006369e+05	6.793467e-05
2022	2	19	10	12
	257	16	37.250000	69.500000	9.734427e+04	1.076614e-04
	145	22	9.250000	68.000000	9.774381e+04	1.530952e-05
	240	24	33.000000	67.500000	9.734427e+04	3.573970e-05
	40	49	-17.000000	61.250000	9.876730e+04	1.786074e-04
	93	51	-3.750000	60.750000	9.784096e+04	4.100749e-05
	198	58	22.500000	59.000000	9.700645e+04	1.687985e-04
	84	66	-6.000000	57.000000	9.778380e+04	4.067940e-04
	153	107	11.250000	46.750000	1.014943e+05	-3.302070e-05
	135	119	6.750000	43.750000	1.014036e+05	1.482320e-04
	95	145	-3.250000	37.250000	1.017994e+05	4.357652e-05
2022	2	19	10	15
	257	16	37.250000	69.500000	9.739855e+04	1.063647e-04
	137	21	7.250000	68.250000	9.779748e+04	7.838648e-05
	242	24	33.500000	67.500000	9.739855e+04	1.088116e-05
	243	24	33.750000	67.500000	9.739855e+04	1.425685e-05
	206	59	24.500000	58.750000	9.727205e+04	1.843670e-04
	108	61	0.000000	58.250000	9.794510e+04	1.826996e-04
	101	69	-1.750000	56.250000	9.794510e+04	1.459390e-04
	146	110	9.500000	46.000000	1.014039e+05	1.295128e-05
	135	120	6.750000	43.500000	1.013976e+05	1.317365e-04
	96	144	-3.000000	37.500000	1.017779e+05	2.150767e-05
2022	2	19	10	18
	259	16	37.750000	69.500000	9.742180e+04	1.214278e-04
	153	21	11.250000	68.250000	9.786285e+04	4.230794e-05
	0	56	-27.000000	59.500000	9.714587e+04	1.125689e-04
	217	56	27.250000	59.500000	9.752397e+04	1.763094e-04
	117	62	2.250000	58.000000	9.810626e+04	1.092181e-04
	115	70	1.750000	56.000000	9.810626e+04	2.004021e-04
	138	121	7.500000	43.250000	1.015525e+05	1.087788e-04
	117	155	2.250000	34.750000	1.016749e+05	2.398512e-05
	271	157	40.750000	34.250000	1.007338e+05	2.080963e-05
	280	162	43.000000	33.000000	1.007338e+05	9.193112e-05
2022	2	19	11	21
	262	17	38.500000	69.250000	9.750451e+04	1.045550e-04
	135	23	6.750000	67.750000	9.789843e+04	8.311232e-05
	130	32	5.500000	65.500000	9.789843e+04	1.967206e-04
	0	52	-27.000000	60.500000	9.635742e+04	1.194282e-04
	235	52	31.750000	60.500000	9.773545e+04	1.192162e-04
	133	54	6.250000	60.000000	9.823047e+04	-4.662522e-05
	128	63	5.000000	57.750000	9.823047e+04	1.134872e-04
	129	71	5.250000	55.750000	9.823047e+04	1.591181e-04
	149	126	10.250000	42.000000	1.016842e+05	5.263110e-05
	264	156	39.000000	34.500000	1.010258e+05	1.833719e-05
	284	162	44.000000	33.000000	1.008509e+05	1.064396e-04
2022	2	20	11	0
	265	17	39.250000	69.250000	9.757673e+04	9.289359e-05
	138	32	7.500000	65.500000	9.787821e+04	2.314841e-04
	245	51	34.250000	60.750000	9.786422e+04	8.242321e-05
	0	56	-27.000000	59.500000	9.593020e+04	1.810219e-04
	149	62	10.250000	58.000000	9.825845e+04	1.740082e-04
	142	72	8.500000	55.500000	9.825845e+04	1.989877e-04
	280	147	43.000000	36.750000	1.009181e+05	3.076237e-05
	263	156	38.750000	34.500000	1.010545e+05	-1.955969e-05
	72	162	-9.000000	33.000000	1.021668e+05	-1.376232e-05
	86	162	-5.500000	33.000000	1.021668e+05	1.186589e-05
	284	162	44.000000	33.000000	1.007902e+05	9.716790e-05
