2022	2	14	6	0
	2	6	-26.500000	72.000000	9.973874e+04	-7.982346e-06
	216	9	27.000000	71.250000	9.837038e+04	1.080845e-04
	1	17	-26.750000	69.250000	9.973874e+04	1.550084e-05
	219	23	27.750000	67.750000	9.840938e+04	1.317150e-04
	114	62	1.500000	58.000000	9.845968e+04	7.900710e-05
	105	71	-0.750000	55.750000	9.845968e+04	1.059736e-04
2022	2	14	5	3
	58	4	-12.500000	72.500000	1.001132e+05	9.244931e-05
	210	9	25.500000	71.250000	9.812315e+04	2.076612e-04
	226	22	29.500000	68.000000	9.825303e+04	1.115821e-04
	119	62	2.750000	58.000000	9.843649e+04	1.077812e-04
	108	71	0.000000	55.750000	9.843649e+04	1.085169e-04
2022	2	14	5	6
	63	3	-11.250000	72.750000	1.001039e+05	9.799684e-05
	64	3	-11.000000	72.750000	1.001039e+05	1.100650e-04
	220	8	28.000000	71.500000	9.800282e+04	2.154279e-04
	121	64	3.250000	57.500000	9.845795e+04	6.871767e-05
	111	70	0.750000	56.000000	9.845795e+04	9.511796e-05
2022	2	14	5	9
	68	2	-10.000000	73.000000	1.001788e+05	8.382141e-05
	218	9	27.500000	71.250000	9.805515e+04	3.215639e-04
	217	10	27.250000	71.000000	9.805515e+04	3.355258e-04
	0	52	-27.000000	60.500000	9.795895e+04	1.078270e-04
	114	69	1.500000	56.250000	9.852736e+04	1.110975e-04
2022	2	14	4	12
	73	0	-8.750000	73.500000	1.001773e+05	3.323781e-05
	236	6	32.000000	72.000000	9.809495e+04	1.677491e-04
	0	48	-27.000000	61.500000	9.753484e+04	1.270144e-04
	126	65	4.500000	57.250000	9.846704e+04	1.250393e-04
2022	2	14	3	15
	236	6	32.000000	72.000000	9.815088e+04	1.527625e-04
	0	44	-27.000000	62.500000	9.716887e+04	1.308198e-04
	130	62	5.500000	58.000000	9.837491e+04	1.834203e-04
2022	2	14	6	18
	254	12	36.500000	70.500000	9.822059e+04	1.245868e-04
	288	13	45.000000	70.250000	9.910766e+04	7.180237e-05
	0	39	-27.000000	63.750000	9.700530e+04	1.297578e-04
	128	53	5.000000	60.250000	9.844323e+04	9.465502e-05
	145	58	9.250000	59.000000	9.844323e+04	2.107926e-04
	130	61	5.500000	58.250000	9.844323e+04	2.553320e-04
2022	2	14	6	21
	252	4	36.000000	72.500000	9.819130e+04	1.305444e-04
	259	12	37.750000	70.500000	9.819130e+04	1.484587e-04
	0	39	-27.000000	63.750000	9.721822e+04	9.136148e-05
	27	39	-20.250000	63.750000	9.721822e+04	9.971174e-06
	131	59	5.750000	58.750000	9.845404e+04	2.536838e-04
	138	120	7.500000	43.500000	1.011149e+05	1.493655e-04
2022	2	15	8	0
	249	4	35.250000	72.500000	9.820728e+04	8.492141e-05
	250	4	35.500000	72.500000	9.820728e+04	8.911526e-05
	6	7	-25.500000	71.750000	9.954556e+04	5.045667e-05
	264	12	39.000000	70.500000	9.820728e+04	1.728668e-04
	0	38	-27.000000	64.000000	9.726036e+04	9.572518e-05
	150	53	10.500000	60.250000	9.847190e+04	1.800519e-04
	133	57	6.250000	59.250000	9.847190e+04	1.749664e-04
	146	116	9.500000	44.500000	1.010415e+05	1.564542e-04
2022	2	15	7	3
	246	5	34.500000	72.250000	9.825068e+04	1.494426e-04
	268	10	40.000000	71.000000	9.825068e+04	1.597064e-04
	24	35	-21.000000	64.750000	9.734152e+04	1.462081e-05
	29	44	-19.750000	62.500000	9.746215e+04	1.735782e-04
	150	52	10.500000	60.500000	9.856152e+04	1.189157e-04
	128	54	5.000000	60.000000	9.856152e+04	4.997790e-05
	153	116	11.250000	44.500000	1.009876e+05	9.236681e-05
2022	2	15	9	6
	244	9	34.000000	71.250000	9.834985e+04	1.988366e-04
	277	10	42.250000	71.000000	9.834985e+04	1.393185e-04
	0	34	-27.000000	65.000000	9.733133e+04	2.583559e-05
	23	39	-21.250000	63.750000	9.733133e+04	1.652596e-04
	39	43	-17.250000	62.750000	9.761287e+04	2.258622e-04
	126	49	4.500000	61.250000	9.862387e+04	7.355183e-05
	146	59	9.500000	58.750000	9.860883e+04	1.896720e-04
	0	86	-27.000000	52.000000	9.890165e+04	1.069774e-04
	158	113	12.500000	45.250000	1.010592e+05	9.890589e-05
2022	2	15	5	9
	278	9	42.500000	71.250000	9.844527e+04	1.872466e-04
	24	35	-21.000000	64.750000	9.737770e+04	8.653967e-05
	125	49	4.250000	61.250000	9.861572e+04	1.118841e-04
	150	57	10.500000	59.250000	9.870847e+04	1.446273e-04
	10	82	-24.500000	53.000000	9.861400e+04	2.071871e-04
2022	2	15	8	12
	6	7	-25.500000	71.750000	9.940879e+04	-4.317512e-06
	278	9	42.500000	71.250000	9.855227e+04	2.016030e-04
	25	34	-20.750000	65.000000	9.742471e+04	1.686004e-04
	0	35	-27.000000	64.750000	9.742471e+04	-4.641823e-05
	124	48	4.000000	61.500000	9.861964e+04	1.473186e-04
	24	79	-21.000000	53.750000	9.843696e+04	2.316844e-04
	10	80	-24.500000	53.500000	9.843696e+04	2.057352e-04
	155	162	11.750000	33.000000	1.017299e+05	3.193384e-05
2022	2	15	6	15
	281	9	43.250000	71.250000	9.864439e+04	2.382717e-04
	0	34	-27.000000	65.000000	9.740966e+04	-1.710725e-05
	136	40	7.000000	63.500000	9.857749e+04	9.791950e-05
	125	47	4.250000	61.750000	9.857749e+04	1.627996e-04
	34	76	-18.500000	54.500000	9.813959e+04	2.519604e-04
	163	162	13.750000	33.000000	1.016102e+05	7.095924e-06
2022	2	15	5	18
	287	9	44.750000	71.250000	9.876675e+04	1.424755e-04
	132	39	6.000000	63.750000	9.853785e+04	2.314880e-04
	121	64	3.250000	57.500000	9.853409e+04	1.759499e-04
	45	75	-15.750000	54.750000	9.808852e+04	2.325216e-04
	163	162	13.750000	33.000000	1.016291e+05	1.620618e-05
2022	2	15	4	21
	127	39	4.750000	63.750000	9.848036e+04	2.346402e-04
	126	63	4.500000	57.750000	9.846798e+04	1.861940e-04
	57	74	-12.750000	55.000000	9.811876e+04	2.609212e-04
	165	161	14.250000	33.250000	1.017371e+05	1.989561e-05
2022	2	16	4	0
	288	8	45.000000	71.500000	9.900489e+04	1.013217e-04
	123	39	3.750000	63.750000	9.843805e+04	2.171261e-04
	130	62	5.500000	58.000000	9.849367e+04	1.764156e-04
	67	73	-10.250000	55.250000	9.822545e+04	2.274923e-04
2022	2	16	4	3
	122	40	3.500000	63.500000	9.832040e+04	2.080963e-04
	140	64	8.000000	57.500000	9.850762e+04	1.776362e-04
	6	65	-25.500000	57.250000	9.686837e+04	2.205274e-04
	75	73	-8.250000	55.250000	9.839685e+04	2.088097e-04
2022	2	16	5	6
	285	6	44.250000	72.000000	9.909326e+04	1.384684e-04
	121	40	3.250000	63.500000	9.825271e+04	1.774118e-04
	13	62	-23.750000	58.000000	9.658009e+04	2.442720e-04
	145	63	9.250000	57.750000	9.847770e+04	1.664409e-04
	137	116	7.250000	44.500000	1.010778e+05	9.668744e-05
2022	2	16	4	9
	280	7	43.000000	71.750000	9.912396e+04	1.854770e-04
	121	40	3.250000	63.500000	9.824786e+04	1.542763e-04
	24	55	-21.000000	59.750000	9.619672e+04	2.407362e-04
	154	63	11.500000	57.750000	9.844056e+04	1.714505e-04
2022	2	16	4	12
	280	8	43.000000	71.500000	9.913242e+04	2.315841e-04
	119	39	2.750000	63.750000	9.819083e+04	1.837977e-04
	28	55	-20.000000	59.750000	9.601295e+04	3.300678e-04
	162	61	13.500000	58.250000	9.843477e+04	1.158335e-04
2022	2	16	5	15
	280	8	43.000000	71.500000	9.909106e+04	2.179762e-04
	40	52	-17.000000	60.500000	9.573971e+04	2.873023e-04
	170	61	15.500000	58.250000	9.833120e+04	1.112411e-04
	153	87	11.250000	51.750000	9.908558e+04	1.230609e-04
	280	121	43.000000	43.250000	1.018446e+05	-2.189471e-05
2022	2	16	6	18
	284	9	44.000000	71.250000	9.907383e+04	1.454777e-04
	37	51	-17.750000	60.750000	9.571355e+04	4.364455e-04
	55	56	-13.250000	59.500000	9.571355e+04	2.400926e-04
	177	59	17.250000	58.750000	9.823705e+04	1.494049e-04
	1	89	-26.750000	51.250000	9.993662e+04	1.387717e-04
	136	115	7.000000	44.750000	1.009655e+05	3.583304e-05
2022	2	16	6	21
	39	52	-17.250000	60.500000	9.609864e+04	3.946931e-04
	72	55	-9.000000	59.750000	9.638097e+04	2.389539e-04
	73	55	-8.750000	59.750000	9.639570e+04	2.367890e-04
	182	55	18.500000	59.750000	9.806659e+04	1.018894e-04
	181	56	18.250000	59.500000	9.806659e+04	1.104630e-04
	190	139	20.500000	38.750000	1.011460e+05	1.516967e-04
2022	2	17	4	0
	288	7	45.000000	71.750000	9.910783e+04	1.228020e-04
	45	53	-15.750000	60.250000	9.644332e+04	3.707704e-04
	184	54	19.000000	60.000000	9.791305e+04	1.179585e-04
	123	63	3.750000	57.750000	9.685630e+04	3.178004e-04
2022	2	17	5	3
	288	7	45.000000	71.750000	9.913007e+04	1.202972e-04
	56	54	-13.000000	60.000000	9.667488e+04	3.666454e-04
	95	54	-3.250000	60.000000	9.674476e+04	2.155080e-04
	133	64	6.250000	57.500000	9.692101e+04	2.627604e-04
	200	145	23.000000	37.250000	1.008293e+05	1.131482e-04
2022	2	17	8	6
	287	6	44.750000	72.000000	9.916156e+04	1.183556e-04
	288	6	45.000000	72.000000	9.916156e+04	1.070306e-04
	101	54	-1.750000	60.000000	9.689124e+04	2.399679e-04
	67	55	-10.250000	59.750000	9.680899e+04	3.528795e-04
	142	65	8.500000	57.250000	9.706562e+04	2.743061e-04
	166	72	14.500000	55.500000	9.704541e+04	2.587247e-04
	3	76	-26.250000	54.500000	9.943950e+04	2.034086e-04
	280	121	43.000000	43.250000	1.013150e+05	-4.809517e-06
2022	2	17	7	9
	282	6	43.500000	72.000000	9.926747e+04	1.380605e-04
	283	6	43.750000	72.000000	9.926747e+04	1.426984e-04
	106	53	-0.500000	60.250000	9.697067e+04	2.777188e-04
	78	56	-7.500000	59.500000	9.701376e+04	3.297752e-04
	150	66	10.500000	57.000000	9.727884e+04	2.542515e-04
	176	72	17.000000	55.500000	9.695391e+04	2.948718e-04
	11	73	-24.250000	55.250000	9.941834e+04	2.555282e-04
2022	2	17	7	12
	282	7	43.500000	71.750000	9.935740e+04	1.008324e-04
	110	53	0.500000	60.250000	9.710948e+04	2.407319e-04
	90	56	-4.500000	59.500000	9.710948e+04	3.006850e-04
	158	66	12.500000	57.000000	9.752889e+04	2.313851e-04
	19	71	-22.250000	55.750000	9.947522e+04	2.205052e-04
	185	72	19.250000	55.500000	9.704086e+04	3.173075e-04
	10	124	-24.500000	42.500000	1.015425e+05	1.162265e-04
2022	2	17	4	15
	113	53	1.250000	60.250000	9.717294e+04	2.299812e-04
	25	69	-20.750000	56.250000	9.940488e+04	1.736176e-04
	194	73	21.500000	55.250000	9.729969e+04	2.845694e-04
	21	119	-21.750000	43.750000	1.013123e+05	1.464833e-04
2022	2	17	4	18
	116	55	2.000000	59.750000	9.723138e+04	2.319007e-04
	30	68	-19.500000	56.500000	9.932638e+04	1.894596e-04
	206	74	24.500000	55.000000	9.746920e+04	2.010833e-04
	20	121	-22.000000	43.250000	1.012313e+05	1.596050e-04
2022	2	17	4	21
	231	39	30.750000	63.750000	9.762916e+04	1.445653e-04
	127	58	4.750000	59.000000	9.750978e+04	2.298553e-04
	221	72	28.250000	55.500000	9.744178e+04	9.317062e-05
	28	119	-20.000000	43.750000	1.013424e+05	1.636872e-04
2022	2	18	5	0
	234	36	31.500000	64.500000	9.761130e+04	1.361875e-04
	137	51	7.250000	60.750000	9.778255e+04	-3.793086e-05
	142	61	8.500000	58.250000	9.778255e+04	2.052020e-04
	227	70	29.750000	56.000000	9.739400e+04	1.045173e-04
	115	124	1.750000	42.500000	1.018582e+05	-9.007717e-06
2022	2	18	3	3
	236	33	32.000000	65.250000	9.759345e+04	1.271997e-04
	152	60	11.000000	58.500000	9.781309e+04	1.902605e-04
	230	68	30.500000	56.500000	9.743207e+04	1.651949e-04
2022	2	18	2	6
	237	30	32.250000	66.000000	9.763198e+04	1.296119e-04
	232	66	31.000000	57.000000	9.759281e+04	1.761927e-04
2022	2	18	3	9
	237	27	32.250000	66.750000	9.766520e+04	1.051571e-04
	235	63	31.750000	57.750000	9.776970e+04	1.362204e-04
	279	119	42.750000	43.750000	9.977744e+04	2.205720e-05
2022	2	18	5	12
	6	7	-25.500000	71.750000	1.005871e+05	-1.739890e-05
	236	25	32.000000	67.250000	9.769575e+04	1.148993e-04
	30	42	-19.500000	63.000000	9.943777e+04	1.159536e-04
	237	62	32.250000	58.000000	9.788423e+04	1.160962e-04
	279	119	42.750000	43.750000	9.965523e+04	3.857490e-05
2022	2	18	3	15
	236	24	32.000000	67.500000	9.776343e+04	1.063533e-04
	183	61	18.750000	58.250000	9.803635e+04	1.385370e-04
	287	122	44.750000	43.000000	9.988742e+04	-9.461370e-06
2022	2	18	5	18
	255	17	36.750000	69.250000	9.780401e+04	1.167181e-04
	235	21	31.750000	68.250000	9.780401e+04	7.699357e-05
	0	49	-27.000000	61.250000	9.850009e+04	2.762845e-05
	243	53	33.750000	60.250000	9.805186e+04	5.565635e-05
	188	61	20.000000	58.250000	9.801097e+04	1.156769e-04
2022	2	18	4	21
	251	15	35.750000	69.750000	9.767052e+04	1.646425e-04
	0	44	-27.000000	62.500000	9.805045e+04	9.875699e-05
	242	51	33.500000	60.750000	9.799264e+04	7.179601e-05
	200	61	23.000000	58.250000	9.796992e+04	1.211423e-04
2022	2	19	4	0
	247	13	34.750000	70.250000	9.761600e+04	1.944157e-04
	242	51	33.500000	60.750000	9.797745e+04	6.226898e-05
	203	62	23.750000	58.000000	9.801708e+04	1.265662e-04
	274	154	41.500000	35.000000	1.006045e+05	1.046080e-04
2022	2	19	3	3
	246	12	34.500000	70.500000	9.756133e+04	2.198462e-04
	243	50	33.750000	61.000000	9.796303e+04	5.481732e-05
	272	152	41.000000	35.500000	1.005774e+05	9.216591e-05
2022	2	19	7	6
	241	11	33.250000	70.750000	9.757527e+04	2.827641e-04
	246	49	34.500000	61.250000	9.803808e+04	7.890193e-05
	227	85	29.750000	52.250000	9.886702e+04	2.513518e-04
	150	110	10.500000	46.000000	1.010139e+05	5.087257e-05
	107	139	-0.250000	38.750000	1.014118e+05	3.222121e-05
	275	152	41.750000	35.500000	1.007261e+05	5.616900e-05
	276	162	42.000000	33.000000	1.007261e+05	6.655847e-05
2022	2	19	7	9
	238	11	32.500000	70.750000	9.763794e+04	2.206686e-04
	158	24	12.500000	67.500000	9.851937e+04	1.146496e-04
	250	43	35.500000	62.750000	9.811625e+04	9.190960e-05
	235	86	31.750000	52.000000	9.889381e+04	2.352634e-04
	150	110	10.500000	46.000000	1.011964e+05	3.352194e-05
	40	150	-17.000000	36.000000	1.019199e+05	1.083355e-04
	276	162	42.000000	33.000000	1.004940e+05	5.140632e-05
2022	2	19	7	12
	238	11	32.500000	70.750000	9.775137e+04	1.863342e-04
	159	23	12.750000	67.750000	9.865865e+04	1.168234e-04
	253	42	36.250000	63.000000	9.821809e+04	7.455861e-05
	243	87	33.750000	51.750000	9.893659e+04	2.483934e-04
	154	109	11.500000	46.250000	1.011622e+05	4.001738e-06
	134	119	6.500000	43.750000	1.011530e+05	9.249467e-05
	38	151	-17.500000	35.750000	1.019274e+05	1.526804e-04
2022	2	19	6	15
	239	12	32.750000	70.500000	9.785227e+04	1.982920e-04
	159	24	12.750000	67.500000	9.880435e+04	1.194671e-04
	0	56	-27.000000	59.500000	9.599367e+04	1.173016e-04
	253	89	36.250000	51.250000	9.911080e+04	2.307365e-04
	134	119	6.500000	43.750000	1.010364e+05	1.130902e-04
	35	152	-18.250000	35.500000	1.017166e+05	1.815917e-04
2022	2	19	6	18
	239	12	32.750000	70.500000	9.794360e+04	1.932140e-04
	159	24	12.750000	67.500000	9.893423e+04	1.116315e-04
	1	54	-26.750000	60.000000	9.533785e+04	2.133733e-04
	264	88	39.000000	51.500000	9.905518e+04	1.599181e-04
	134	118	6.500000	44.000000	1.011696e+05	1.083403e-04
	33	153	-18.750000	35.250000	1.017186e+05	2.065836e-04
2022	2	19	8	21
	285	8	44.250000	71.500000	9.817328e+04	-3.356301e-06
	140	13	8.000000	70.250000	9.903905e+04	1.476488e-04
	242	13	33.500000	70.250000	9.805499e+04	1.659015e-04
	158	24	12.500000	67.500000	9.904061e+04	1.121653e-04
	6	48	-25.500000	61.500000	9.483963e+04	3.952130e-04
	268	86	40.000000	52.000000	9.912302e+04	1.795294e-04
	136	124	7.000000	42.500000	1.013123e+05	8.366854e-05
	30	154	-19.500000	35.000000	1.018261e+05	1.928029e-04
2022	2	20	8	0
	286	5	44.500000	72.250000	9.826290e+04	5.150033e-05
	140	13	8.000000	70.250000	9.895993e+04	1.817161e-04
	248	14	35.000000	70.000000	9.815416e+04	1.448879e-04
	35	37	-18.250000	64.250000	9.447913e+04	-4.923030e-05
	13	46	-23.750000	62.000000	9.447067e+04	4.259370e-04
	271	86	40.750000	52.000000	9.934534e+04	2.052565e-04
	285	122	44.250000	43.000000	1.008682e+05	-2.746823e-05
	28	156	-20.000000	34.500000	1.018532e+05	1.982704e-04
