2022	2	14	7	0
	2	6	-26.500000	72.000000	9.977236e+04	6.144457e-06
	217	9	27.250000	71.250000	9.837132e+04	1.211988e-04
	194	12	21.500000	70.500000	9.837132e+04	1.284098e-04
	1	17	-26.750000	69.250000	9.977236e+04	1.250883e-05
	218	24	27.500000	67.500000	9.846513e+04	1.291388e-04
	103	71	-1.250000	55.750000	9.842695e+04	1.243656e-04
	139	107	7.750000	46.750000	1.003914e+05	-1.439162e-04
2022	2	14	4	3
	58	5	-12.500000	72.250000	1.001426e+05	8.614929e-05
	210	9	25.500000	71.250000	9.804074e+04	2.265579e-04
	232	20	31.000000	68.500000	9.810734e+04	6.802576e-05
	107	71	-0.250000	55.750000	9.838861e+04	9.874188e-05
2022	2	14	3	6
	64	4	-11.000000	72.500000	1.001108e+05	1.059516e-04
	213	9	26.250000	71.250000	9.792057e+04	2.896793e-04
	108	71	0.000000	55.750000	9.837885e+04	1.107295e-04
2022	2	14	4	9
	71	2	-9.250000	73.000000	1.001711e+05	1.102229e-04
	222	8	28.500000	71.500000	9.797518e+04	2.229408e-04
	0	53	-27.000000	60.250000	9.812925e+04	9.584420e-05
	123	71	3.750000	55.750000	9.828880e+04	2.076536e-04
2022	2	14	3	12
	236	6	32.000000	72.000000	9.799281e+04	1.642892e-04
	0	50	-27.000000	61.000000	9.767080e+04	1.165655e-04
	126	67	4.500000	56.750000	9.815870e+04	2.107598e-04
2022	2	14	5	15
	233	6	31.250000	72.000000	9.801421e+04	1.431574e-04
	243	14	33.750000	70.000000	9.801421e+04	1.965557e-04
	244	14	34.000000	70.000000	9.801421e+04	1.816951e-04
	0	45	-27.000000	62.250000	9.730650e+04	1.251497e-04
	129	63	5.250000	57.750000	9.806780e+04	2.859988e-04
2022	2	14	4	18
	252	13	36.000000	70.250000	9.801917e+04	1.519265e-04
	0	41	-27.000000	63.250000	9.711477e+04	1.012690e-04
	27	50	-20.250000	61.000000	9.744516e+04	2.349657e-04
	131	62	5.750000	58.000000	9.812617e+04	3.301920e-04
2022	2	14	5	21
	257	12	37.250000	70.500000	9.803835e+04	1.730505e-04
	0	40	-27.000000	63.500000	9.733663e+04	8.983589e-05
	20	45	-22.000000	62.250000	9.733663e+04	1.942874e-04
	132	61	6.000000	58.250000	9.819584e+04	3.285504e-04
	139	121	7.750000	43.250000	1.011148e+05	1.315500e-04
2022	2	15	5	0
	246	5	34.500000	72.250000	9.812788e+04	9.175764e-05
	259	12	37.750000	70.500000	9.812788e+04	1.495736e-04
	10	41	-24.500000	63.250000	9.716955e+04	2.610881e-04
	136	61	7.000000	58.250000	9.834992e+04	2.800944e-04
	145	118	9.250000	44.000000	1.010652e+05	1.393263e-04
2022	2	15	9	3
	6	7	-25.500000	71.750000	9.976893e+04	5.798454e-05
	242	7	33.500000	71.750000	9.821622e+04	1.625205e-04
	269	13	40.250000	70.250000	9.821622e+04	2.150925e-04
	2	37	-26.500000	64.250000	9.699818e+04	1.779937e-04
	28	38	-20.000000	64.000000	9.699818e+04	-2.741124e-05
	37	46	-17.750000	62.000000	9.753094e+04	1.777115e-04
	127	51	4.750000	60.750000	9.845709e+04	4.834523e-05
	142	61	8.500000	58.250000	9.843055e+04	2.567558e-04
	153	116	11.250000	44.500000	1.009642e+05	1.126203e-04
2022	2	15	7	6
	274	12	41.500000	70.500000	9.832133e+04	1.747459e-04
	126	46	4.500000	62.000000	9.874605e+04	1.236218e-04
	60	50	-12.000000	61.000000	9.756106e+04	2.603875e-04
	149	59	10.250000	58.750000	9.847934e+04	2.580069e-04
	0	88	-27.000000	51.500000	9.930671e+04	1.472044e-04
	156	113	12.000000	45.250000	1.009419e+05	1.308723e-04
	155	114	11.750000	45.000000	1.009419e+05	1.401421e-04
2022	2	15	6	9
	279	11	42.750000	70.750000	9.845298e+04	2.077856e-04
	56	47	-13.000000	61.750000	9.732602e+04	3.349516e-04
	124	47	4.000000	61.750000	9.872740e+04	1.735335e-04
	155	56	11.750000	59.500000	9.861287e+04	2.017776e-04
	0	84	-27.000000	52.500000	9.862314e+04	9.486029e-05
	160	111	13.000000	45.750000	1.010183e+05	1.023654e-04
2022	2	15	6	12
	279	10	42.750000	71.000000	9.858873e+04	2.038033e-04
	280	10	43.000000	71.000000	9.858873e+04	2.166785e-04
	53	45	-13.750000	62.250000	9.735598e+04	3.457196e-04
	125	46	4.250000	62.000000	9.863359e+04	1.895887e-04
	163	53	13.750000	60.250000	9.869932e+04	1.907830e-04
	10	80	-24.500000	53.500000	9.833794e+04	2.452100e-04
2022	2	15	5	15
	280	10	43.000000	71.000000	9.867245e+04	2.297614e-04
	0	36	-27.000000	64.500000	9.758640e+04	-2.363308e-05
	49	42	-14.750000	63.000000	9.732755e+04	3.249542e-04
	168	51	15.000000	60.750000	9.873612e+04	1.558037e-04
	18	77	-22.500000	54.250000	9.800154e+04	2.483273e-04
2022	2	15	7	18
	281	10	43.250000	71.000000	9.880033e+04	2.318098e-04
	282	10	43.500000	71.000000	9.880033e+04	2.344919e-04
	43	40	-16.250000	63.500000	9.725395e+04	2.734994e-04
	176	48	17.000000	61.500000	9.875308e+04	1.495457e-04
	113	57	1.250000	59.250000	9.818130e+04	1.699944e-04
	26	75	-20.500000	54.750000	9.779714e+04	2.402793e-04
	163	162	13.750000	33.000000	1.017454e+05	-2.241657e-06
2022	2	15	6	21
	287	11	44.750000	70.750000	9.890098e+04	1.184519e-04
	35	36	-18.250000	64.500000	9.722159e+04	2.778686e-04
	181	46	18.250000	62.000000	9.873441e+04	2.056196e-04
	120	55	3.000000	59.750000	9.801695e+04	1.925265e-04
	39	73	-17.250000	55.250000	9.767097e+04	2.509408e-04
	165	161	14.250000	33.250000	1.018950e+05	-2.362855e-05
2022	2	16	5	0
	27	31	-20.250000	65.750000	9.736385e+04	2.923235e-04
	185	45	19.250000	62.250000	9.873151e+04	2.227378e-04
	121	55	3.250000	59.750000	9.790037e+04	2.338534e-04
	54	71	-13.500000	55.750000	9.744157e+04	2.830523e-04
	280	121	43.000000	43.250000	1.021815e+05	1.325816e-05
2022	2	16	7	3
	287	8	44.750000	71.500000	9.896844e+04	1.039397e-04
	10	27	-24.500000	66.750000	9.753094e+04	2.344035e-04
	121	39	3.250000	63.750000	9.807378e+04	2.000970e-04
	191	43	20.750000	62.750000	9.881950e+04	1.815900e-04
	123	55	3.750000	59.750000	9.786168e+04	2.158853e-04
	71	70	-9.250000	56.000000	9.718461e+04	3.053780e-04
	279	121	42.750000	43.250000	1.022413e+05	7.480169e-06
2022	2	16	7	6
	286	7	44.500000	71.750000	9.896621e+04	1.576541e-04
	287	7	44.750000	71.750000	9.896621e+04	1.398746e-04
	0	25	-27.000000	67.250000	9.778909e+04	1.189798e-04
	0	37	-27.000000	64.250000	9.778909e+04	1.625176e-05
	197	41	22.250000	63.250000	9.895115e+04	9.952825e-05
	126	56	4.500000	59.500000	9.774749e+04	1.817023e-04
	83	70	-6.250000	56.000000	9.699562e+04	3.533045e-04
2022	2	16	5	9
	285	8	44.250000	71.500000	9.895234e+04	1.777056e-04
	126	56	4.500000	59.500000	9.764050e+04	1.586352e-04
	107	70	-0.250000	56.000000	9.704475e+04	2.650354e-04
	1	80	-26.750000	53.500000	9.872517e+04	7.926186e-05
	138	117	7.500000	44.250000	1.011092e+05	1.423858e-04
2022	2	16	3	12
	283	8	43.750000	71.500000	9.897220e+04	1.685321e-04
	125	70	4.250000	56.000000	9.675218e+04	3.169833e-04
	278	120	42.500000	43.500000	1.019181e+05	-4.036388e-06
2022	2	16	3	15
	285	8	44.250000	71.500000	9.895851e+04	1.711735e-04
	134	71	6.500000	55.750000	9.659794e+04	3.043331e-04
	136	114	7.000000	45.000000	1.005614e+05	3.288082e-05
2022	2	16	4	18
	285	7	44.250000	71.750000	9.893934e+04	1.573347e-04
	60	66	-12.000000	57.000000	9.843757e+04	1.219928e-04
	152	72	11.000000	55.500000	9.676553e+04	2.029221e-04
	136	115	7.000000	44.750000	1.007149e+05	7.228115e-05
2022	2	16	6	21
	283	7	43.750000	71.750000	9.895577e+04	1.733691e-04
	137	39	7.250000	63.750000	9.774698e+04	6.577263e-05
	138	39	7.500000	63.750000	9.774698e+04	6.467548e-05
	65	66	-10.750000	57.000000	9.846479e+04	1.164848e-04
	167	71	14.750000	55.750000	9.672890e+04	1.735889e-04
	281	121	43.250000	43.250000	1.018181e+05	-7.661584e-06
2022	2	17	8	0
	279	6	42.750000	72.000000	9.901123e+04	1.420513e-04
	280	6	43.000000	72.000000	9.901123e+04	1.438620e-04
	137	39	7.250000	63.750000	9.776923e+04	5.943604e-05
	138	39	7.500000	63.750000	9.776923e+04	5.494304e-05
	115	46	1.750000	62.000000	9.776975e+04	1.085673e-04
	180	69	18.000000	56.250000	9.668645e+04	1.400699e-04
	139	117	7.750000	44.250000	1.003334e+05	1.508898e-04
	281	121	43.250000	43.250000	1.016693e+05	-1.764053e-05
2022	2	17	4	3
	275	8	41.750000	71.500000	9.904804e+04	1.494186e-04
	138	39	7.500000	63.750000	9.773756e+04	4.936878e-05
	189	67	20.250000	56.750000	9.660205e+04	1.757961e-04
	150	109	10.500000	46.250000	9.962170e+04	1.845490e-05
2022	2	17	7	6
	277	8	42.250000	71.500000	9.910145e+04	1.368824e-04
	138	39	7.500000	63.750000	9.773448e+04	7.653370e-05
	117	48	2.250000	61.500000	9.776393e+04	1.181148e-04
	193	68	21.250000	56.500000	9.664587e+04	1.914158e-04
	3	78	-26.250000	54.000000	9.975062e+04	9.408909e-05
	1	106	-26.750000	47.000000	9.997316e+04	6.428608e-05
	150	110	10.500000	46.000000	9.989887e+04	7.829233e-05
2022	2	17	6	9
	280	8	43.000000	71.500000	9.920006e+04	1.320302e-04
	138	39	7.500000	63.750000	9.778430e+04	8.537307e-05
	201	67	23.250000	56.750000	9.668833e+04	1.424556e-04
	6	75	-25.500000	54.750000	9.956795e+04	1.509162e-04
	8	102	-25.000000	48.000000	9.944401e+04	2.572349e-04
	278	119	42.500000	43.750000	1.011302e+05	5.747859e-06
2022	2	17	4	12
	140	39	8.000000	63.750000	9.786630e+04	7.916187e-05
	207	65	24.750000	57.250000	9.669517e+04	1.467572e-04
	7	73	-25.250000	55.250000	9.937724e+04	1.943990e-04
	17	95	-22.750000	49.750000	9.883268e+04	3.115404e-04
2022	2	17	3	15
	212	64	26.000000	57.500000	9.678505e+04	1.951766e-04
	10	71	-24.500000	55.750000	9.903811e+04	2.165352e-04
	25	90	-20.750000	51.000000	9.797192e+04	4.527083e-04
2022	2	17	4	18
	33	42	-18.750000	63.000000	9.913347e+04	1.847655e-04
	213	55	26.250000	59.750000	9.676570e+04	9.022222e-05
	32	86	-19.000000	52.000000	9.702318e+04	5.624466e-04
	156	109	12.000000	46.250000	9.971055e+04	7.651980e-05
2022	2	17	3	21
	51	49	-14.250000	61.250000	9.899617e+04	1.378023e-04
	215	53	26.750000	60.250000	9.679344e+04	1.101075e-04
	43	82	-16.250000	53.000000	9.632077e+04	5.869970e-04
2022	2	18	2	0
	218	53	27.500000	60.250000	9.688913e+04	1.310884e-04
	54	75	-13.500000	54.750000	9.572195e+04	5.563793e-04
2022	2	18	3	3
	221	52	28.250000	60.500000	9.698072e+04	1.298258e-04
	61	71	-11.750000	55.750000	9.519022e+04	6.000593e-04
	218	109	27.500000	46.250000	9.915144e+04	1.388615e-04
2022	2	18	3	6
	224	49	29.000000	61.250000	9.714900e+04	1.290238e-04
	66	70	-10.500000	56.000000	9.496545e+04	6.344885e-04
	223	112	28.750000	45.500000	9.932315e+04	1.392475e-04
2022	2	18	4	9
	220	37	28.000000	64.250000	9.737515e+04	8.139938e-05
	227	46	29.750000	62.000000	9.737515e+04	1.189128e-04
	74	69	-8.500000	56.250000	9.503786e+04	7.244275e-04
	231	116	30.750000	44.500000	9.954313e+04	1.130459e-04
2022	2	18	7	12
	155	18	11.750000	69.000000	9.758623e+04	1.328530e-04
	216	29	27.000000	66.250000	9.749498e+04	5.301062e-05
	108	59	0.000000	58.750000	9.632488e+04	2.289570e-04
	83	70	-6.250000	56.000000	9.534241e+04	4.852934e-04
	246	113	34.500000	45.250000	9.976397e+04	7.704282e-05
	234	116	31.500000	44.500000	9.976397e+04	1.529381e-04
	222	142	28.500000	38.000000	1.000540e+05	1.173287e-04
2022	2	18	5	15
	154	18	11.500000	69.000000	9.729486e+04	1.402550e-04
	111	57	0.750000	59.250000	9.621789e+04	2.486938e-04
	96	71	-3.000000	55.750000	9.599295e+04	3.840357e-04
	249	111	35.250000	45.750000	1.000497e+05	1.028316e-04
	222	147	28.500000	36.750000	1.000228e+05	2.436962e-04
2022	2	18	8	18
	155	18	11.750000	69.000000	9.701975e+04	1.170483e-04
	114	57	1.500000	59.250000	9.613914e+04	2.246466e-04
	8	66	-25.000000	57.000000	9.886316e+04	1.858705e-04
	114	68	1.500000	56.500000	9.613914e+04	2.516488e-04
	252	108	36.000000	46.500000	1.003373e+05	1.501204e-04
	246	116	34.500000	44.500000	1.003373e+05	1.312857e-04
	235	143	31.750000	37.750000	9.976722e+04	1.938552e-05
	230	151	30.500000	35.750000	9.976722e+04	2.063553e-04
2022	2	18	6	21
	156	16	12.000000	69.500000	9.684736e+04	1.530363e-04
	153	53	11.250000	60.250000	9.641151e+04	2.619182e-04
	118	60	2.500000	58.500000	9.642777e+04	2.542540e-04
	11	65	-24.250000	57.250000	9.896416e+04	1.698069e-04
	130	66	5.500000	57.000000	9.642777e+04	2.153047e-04
	231	150	30.750000	36.000000	9.958987e+04	1.897546e-04
2022	2	19	6	0
	151	16	10.750000	69.500000	9.665597e+04	1.528919e-04
	22	44	-21.500000	62.500000	9.874862e+04	1.268327e-04
	160	51	13.000000	60.750000	9.624939e+04	2.488170e-04
	143	63	8.750000	57.750000	9.641887e+04	2.381344e-04
	136	114	7.000000	45.000000	1.011109e+05	3.907014e-05
	230	155	30.500000	34.750000	9.960698e+04	2.451054e-04
2022	2	19	6	3
	130	15	5.500000	69.750000	9.652244e+04	3.051390e-04
	21	44	-21.750000	62.500000	9.872175e+04	1.451692e-04
	168	49	15.000000	61.250000	9.618108e+04	2.291562e-04
	157	61	12.250000	58.250000	9.621772e+04	2.218615e-04
	137	117	7.250000	44.250000	1.011272e+05	1.374201e-04
	232	158	31.000000	34.000000	9.953834e+04	2.689040e-04
2022	2	19	7	6
	127	20	4.750000	68.500000	9.634132e+04	1.820155e-04
	21	44	-21.750000	62.500000	9.862673e+04	1.552940e-04
	182	44	18.500000	62.500000	9.612493e+04	2.582994e-04
	172	58	16.000000	59.000000	9.615968e+04	1.155236e-04
	137	117	7.250000	44.250000	1.011585e+05	1.139695e-04
	235	147	31.750000	36.750000	9.993122e+04	-7.065544e-05
	234	162	31.500000	33.000000	9.970114e+04	1.881052e-04
2022	2	19	11	9
	128	23	5.000000	67.750000	9.639439e+04	1.300266e-04
	184	43	19.000000	62.750000	9.623364e+04	2.512461e-04
	21	44	-21.750000	62.500000	9.860311e+04	1.551118e-04
	188	58	20.000000	59.000000	9.630537e+04	1.782365e-04
	187	59	19.750000	58.750000	9.633806e+04	1.953277e-04
	0	68	-27.000000	56.500000	9.817890e+04	1.135095e-04
	137	117	7.250000	44.250000	1.012997e+05	1.262572e-04
	245	143	34.250000	37.750000	1.006841e+05	2.423526e-05
	239	151	32.750000	35.750000	1.000540e+05	-5.410393e-05
	250	159	35.500000	33.750000	1.000767e+05	1.525902e-05
	236	162	32.000000	33.000000	1.000540e+05	1.012524e-04
2022	2	19	8	12
	132	26	6.000000	67.000000	9.645670e+04	1.465841e-04
	187	42	19.750000	63.000000	9.635673e+04	2.117282e-04
	195	50	21.750000	61.000000	9.635673e+04	-1.293303e-06
	157	107	12.250000	46.750000	1.013564e+05	5.899486e-07
	137	117	7.250000	44.250000	1.013204e+05	1.309949e-04
	137	118	7.250000	44.000000	1.013204e+05	1.295366e-04
	252	156	36.000000	34.500000	1.003498e+05	4.871297e-05
	238	162	32.500000	33.000000	1.003012e+05	5.844186e-05
2022	2	19	7	15
	140	27	8.000000	66.750000	9.649094e+04	2.351959e-04
	190	43	20.500000	62.750000	9.655342e+04	2.198655e-04
	210	54	25.500000	60.000000	9.661899e+04	1.994083e-04
	153	108	11.250000	46.500000	1.013720e+05	-1.085677e-05
	136	120	7.000000	43.500000	1.012160e+05	1.317996e-04
	140	151	8.000000	35.750000	1.012492e+05	4.949818e-05
	130	162	5.500000	33.000000	1.012990e+05	-1.533752e-05
2022	2	19	5	18
	144	27	9.000000	66.750000	9.658955e+04	1.956399e-04
	206	43	24.500000	62.750000	9.675663e+04	5.605388e-05
	138	122	7.500000	43.000000	1.014518e+05	1.110111e-04
	141	151	8.250000	35.750000	1.013427e+05	4.566507e-05
	135	162	6.750000	33.000000	1.013400e+05	1.049460e-04
2022	2	19	5	21
	148	26	10.000000	67.000000	9.664073e+04	1.953167e-04
	211	42	25.750000	63.000000	9.683709e+04	1.096279e-04
	0	52	-27.000000	60.500000	9.576748e+04	1.169984e-04
	146	149	9.500000	36.250000	1.014819e+05	2.896332e-06
	142	162	8.500000	33.000000	1.013751e+05	5.469367e-05
2022	2	20	6	0
	126	10	4.500000	71.000000	9.680012e+04	2.673040e-04
	149	25	10.250000	67.250000	9.672907e+04	1.465731e-04
	227	44	29.750000	62.500000	9.690659e+04	8.971146e-05
	0	48	-27.000000	61.500000	9.552336e+04	1.508543e-04
	18	51	-22.500000	60.750000	9.552336e+04	2.476872e-04
	150	158	10.500000	34.000000	1.013675e+05	2.020027e-05
