2022	2	16	6	0
	288	11	45.000000	70.750000	9.873552e+04	8.111342e-05
	54	39	-13.500000	63.750000	9.718494e+04	3.686172e-04
	120	54	3.000000	60.000000	9.792580e+04	2.711139e-04
	65	67	-10.750000	56.750000	9.725016e+04	3.079342e-04
	171	121	15.750000	43.250000	1.014689e+05	1.201744e-05
	280	121	43.000000	43.250000	1.021038e+05	2.764949e-05
2022	2	16	5	3
	49	38	-14.750000	64.000000	9.721854e+04	3.646571e-04
	125	55	4.250000	59.750000	9.791363e+04	2.635783e-04
	74	66	-8.500000	57.000000	9.713294e+04	2.771898e-04
	280	121	43.000000	43.250000	1.021909e+05	2.852290e-05
	173	123	16.250000	42.750000	1.014222e+05	2.871534e-05
2022	2	16	4	6
	122	34	3.500000	65.000000	9.788612e+04	1.823716e-04
	42	35	-16.500000	64.750000	9.760516e+04	2.925659e-04
	84	66	-6.000000	57.000000	9.737467e+04	3.007895e-04
	99	67	-2.250000	56.750000	9.737467e+04	2.287518e-04
2022	2	16	6	9
	116	34	2.000000	65.000000	9.772556e+04	2.260553e-04
	46	63	-15.500000	57.750000	9.755149e+04	8.896628e-05
	108	66	0.000000	57.000000	9.748109e+04	2.223456e-04
	44	71	-16.000000	55.750000	9.755149e+04	1.723562e-04
	45	71	-15.750000	55.750000	9.755149e+04	1.815874e-04
	181	137	18.250000	39.250000	1.014692e+05	1.584762e-04
2022	2	16	5	12
	113	35	1.250000	64.750000	9.754952e+04	1.955101e-04
	60	53	-12.000000	60.250000	9.744644e+04	1.169414e-04
	116	65	2.000000	57.250000	9.738866e+04	2.204858e-04
	62	68	-11.500000	56.500000	9.724271e+04	2.360909e-04
	183	136	18.750000	39.500000	1.011874e+05	1.753855e-04
2022	2	16	5	15
	110	36	0.500000	64.500000	9.737270e+04	1.838786e-04
	126	65	4.500000	57.250000	9.722796e+04	1.949837e-04
	75	67	-8.250000	56.750000	9.686354e+04	3.130618e-04
	149	67	10.250000	56.750000	9.723374e+04	2.043947e-04
	185	135	19.250000	39.750000	1.010416e+05	1.494985e-04
2022	2	16	6	18
	157	65	12.250000	57.250000	9.712838e+04	1.944894e-04
	131	66	5.750000	57.000000	9.711637e+04	1.773314e-04
	89	67	-4.750000	56.750000	9.727813e+04	2.570912e-04
	148	108	10.000000	46.500000	1.005844e+05	-3.902500e-05
	280	121	43.000000	43.250000	1.020768e+05	-3.909699e-05
	185	133	19.250000	40.250000	1.011621e+05	1.077799e-04
2022	2	16	4	21
	288	9	45.000000	71.250000	9.902348e+04	1.281188e-04
	143	66	8.750000	57.000000	9.684484e+04	1.576775e-04
	137	117	7.250000	44.250000	1.011939e+05	3.869214e-05
	184	132	19.000000	40.500000	1.012216e+05	1.021115e-04
2022	2	17	4	0
	288	10	45.000000	71.000000	9.899200e+04	1.074474e-04
	181	61	18.250000	58.250000	9.658486e+04	2.001748e-04
	160	65	13.000000	57.250000	9.658486e+04	1.610216e-04
	137	117	7.250000	44.250000	1.010755e+05	7.112545e-05
2022	2	17	3	3
	287	12	44.750000	70.500000	9.908048e+04	1.319802e-04
	186	59	19.500000	58.750000	9.619231e+04	1.810560e-04
	278	121	42.500000	43.250000	1.017998e+05	-2.169962e-05
2022	2	17	1	6
	189	58	20.250000	59.000000	9.601626e+04	2.146661e-04
2022	2	17	3	9
	201	60	23.250000	58.500000	9.587760e+04	1.270219e-04
	138	117	7.500000	44.250000	1.008736e+05	4.539225e-05
	278	120	42.500000	43.500000	1.015690e+05	-1.751217e-05
2022	2	17	2	12
	206	57	24.500000	59.250000	9.569623e+04	1.526131e-04
	2	111	-26.500000	45.750000	1.010139e+05	1.970497e-04
2022	2	17	4	15
	213	55	26.250000	59.750000	9.565077e+04	2.218389e-04
	12	106	-24.000000	47.000000	1.005166e+05	1.507682e-04
	19	113	-22.250000	45.250000	1.005166e+05	8.499428e-05
	18	114	-22.500000	45.000000	1.005166e+05	8.402046e-05
2022	2	17	2	18
	215	52	26.750000	60.500000	9.563602e+04	2.166647e-04
	26	107	-20.500000	46.750000	9.984567e+04	1.102572e-04
2022	2	17	3	21
	217	47	27.250000	61.750000	9.565427e+04	1.563866e-04
	32	102	-19.000000	48.000000	9.922811e+04	2.545727e-04
	158	108	12.500000	46.500000	1.009662e+05	-7.626526e-06
2022	2	18	3	0
	6	7	-25.500000	71.750000	1.003746e+05	-2.215675e-05
	217	43	27.250000	62.750000	9.568376e+04	1.497193e-04
	37	98	-17.750000	49.000000	9.858470e+04	3.600490e-04
2022	2	18	2	3
	217	41	27.250000	63.250000	9.566430e+04	1.911498e-04
	42	97	-16.500000	49.250000	9.826620e+04	4.640449e-04
2022	2	18	4	6
	6	7	-25.500000	71.750000	1.004757e+05	-2.091120e-05
	216	39	27.000000	63.750000	9.570839e+04	1.784970e-04
	51	97	-14.250000	49.250000	9.808162e+04	4.991620e-04
	137	116	7.250000	44.500000	1.014153e+05	6.467773e-05
2022	2	18	4	9
	219	38	27.750000	64.000000	9.582455e+04	2.026862e-04
	63	88	-11.250000	51.500000	9.811341e+04	3.135925e-04
	64	96	-11.000000	49.500000	9.811341e+04	3.914965e-04
	137	113	7.250000	45.250000	1.015186e+05	1.049765e-05
2022	2	18	4	12
	6	7	-25.500000	71.750000	1.005935e+05	-4.763117e-05
	221	36	28.250000	64.500000	9.605852e+04	1.882305e-04
	84	81	-6.000000	53.250000	9.801473e+04	2.314764e-04
	77	90	-7.750000	51.000000	9.801473e+04	2.187802e-04
2022	2	18	4	15
	222	35	28.500000	64.750000	9.630391e+04	1.856435e-04
	103	80	-1.250000	53.500000	9.769653e+04	1.793329e-04
	89	84	-4.750000	52.500000	9.769653e+04	2.477566e-04
	275	117	41.750000	44.250000	1.000360e+05	-1.188486e-04
2022	2	18	3	18
	221	34	28.250000	65.000000	9.653256e+04	1.502626e-04
	100	81	-2.000000	53.250000	9.764180e+04	2.803939e-04
	282	121	43.500000	43.250000	1.002612e+05	5.123904e-05
2022	2	18	6	21
	6	7	-25.500000	71.750000	1.005281e+05	7.107069e-06
	234	31	31.500000	65.750000	9.674206e+04	9.261203e-05
	0	54	-27.000000	60.000000	9.780569e+04	1.086955e-04
	119	71	2.750000	55.750000	9.734609e+04	2.988443e-04
	286	122	44.500000	43.000000	1.002267e+05	3.006547e-05
	108	130	0.000000	41.000000	1.013772e+05	5.346668e-05
2022	2	19	5	0
	241	27	33.250000	66.750000	9.688847e+04	1.331156e-04
	0	50	-27.000000	61.000000	9.748718e+04	1.303620e-04
	124	70	4.000000	56.000000	9.702561e+04	3.422693e-04
	127	122	4.750000	43.000000	1.012637e+05	1.167963e-04
	107	134	-0.250000	40.000000	1.013724e+05	2.920235e-05
2022	2	19	6	3
	6	7	-25.500000	71.750000	1.004197e+05	-2.954581e-06
	240	27	33.000000	66.750000	9.696662e+04	1.064895e-04
	155	30	11.750000	66.000000	9.789478e+04	5.939529e-05
	5	48	-25.750000	61.500000	9.730945e+04	2.911199e-04
	136	69	7.000000	56.250000	9.704567e+04	3.057170e-04
	172	103	16.000000	47.750000	1.001101e+05	8.855948e-05
2022	2	19	8	6
	248	17	35.000000	69.250000	9.706650e+04	1.130006e-04
	240	27	33.000000	66.750000	9.706650e+04	9.253230e-05
	155	30	11.750000	66.000000	9.784659e+04	4.871751e-05
	1	45	-26.750000	62.250000	9.727905e+04	1.672291e-04
	33	53	-18.750000	60.250000	9.744278e+04	2.527784e-04
	153	66	11.250000	57.000000	9.711409e+04	2.386314e-04
	137	117	7.250000	44.250000	1.013798e+05	1.568851e-04
	287	138	44.750000	39.000000	1.011364e+05	7.909920e-06
2022	2	19	7	9
	247	17	34.750000	69.250000	9.723267e+04	1.550774e-04
	241	27	33.250000	66.750000	9.723267e+04	1.071565e-04
	153	31	11.250000	65.750000	9.791394e+04	4.208245e-05
	0	44	-27.000000	62.500000	9.738942e+04	1.607951e-04
	166	67	14.500000	56.750000	9.727145e+04	1.964101e-04
	137	117	7.250000	44.250000	1.014577e+05	1.395123e-04
	287	141	44.750000	38.250000	1.008131e+05	3.098000e-05
2022	2	19	4	12
	245	17	34.250000	69.250000	9.733575e+04	1.754973e-04
	242	27	33.500000	66.750000	9.733575e+04	6.802387e-05
	183	64	18.750000	57.500000	9.731371e+04	2.213061e-04
	137	117	7.250000	44.250000	1.013905e+05	1.224229e-04
2022	2	19	7	15
	244	18	34.000000	69.000000	9.748338e+04	1.223354e-04
	245	27	34.250000	66.750000	9.748338e+04	6.383874e-05
	0	41	-27.000000	63.250000	9.730793e+04	1.812045e-04
	193	62	21.250000	58.000000	9.746088e+04	1.900824e-04
	135	119	6.750000	43.750000	1.013161e+05	1.086411e-04
	94	147	-3.500000	36.750000	1.017633e+05	6.190595e-05
	280	148	43.000000	36.500000	1.007580e+05	1.204337e-04
2022	2	19	5	18
	245	20	34.250000	68.500000	9.761534e+04	6.125252e-05
	155	30	11.750000	66.000000	9.822195e+04	6.003529e-05
	203	61	23.750000	58.250000	9.769348e+04	1.348845e-04
	138	121	7.500000	43.250000	1.014528e+05	7.393779e-05
	104	159	-1.000000	33.750000	1.017608e+05	2.223703e-06
2022	2	19	7	21
	259	19	37.750000	68.750000	9.771994e+04	3.680307e-05
	153	31	11.250000	65.750000	9.830284e+04	8.472006e-05
	0	57	-27.000000	59.250000	9.638934e+04	1.125362e-04
	217	60	27.250000	58.500000	9.786605e+04	8.994792e-05
	139	121	7.750000	43.250000	1.016041e+05	6.518487e-05
	147	127	9.750000	41.750000	1.016041e+05	-9.042063e-07
	280	149	43.000000	36.250000	1.012416e+05	1.684601e-04
2022	2	20	9	0
	270	10	40.500000	71.000000	9.781830e+04	3.588320e-05
	270	18	40.500000	69.000000	9.781830e+04	5.294736e-05
	155	31	11.750000	65.750000	9.838144e+04	1.131006e-04
	8	54	-25.000000	60.000000	9.599680e+04	2.176287e-04
	228	60	30.000000	58.500000	9.800516e+04	7.107634e-05
	137	74	7.250000	55.000000	9.965609e+04	1.651441e-04
	139	122	7.750000	43.000000	1.016856e+05	7.421404e-05
	149	126	10.250000	42.000000	1.016856e+05	2.287961e-05
	281	151	43.250000	35.750000	1.014201e+05	1.346255e-04
