2022	2	10	7	0
	163	5	13.750000	72.250000	9.683444e+04	9.625042e-05
	150	22	10.500000	68.000000	9.646945e+04	4.238758e-04
	59	56	-12.250000	59.500000	9.859824e+04	5.127728e-04
	152	106	11.000000	47.000000	1.022516e+05	-4.341827e-05
	139	110	7.750000	46.000000	1.022516e+05	-8.248912e-05
	282	140	43.500000	38.500000	1.008802e+05	1.595298e-05
	248	156	35.000000	34.500000	1.007300e+05	1.563537e-04
2022	2	10	6	6
	178	5	17.500000	72.250000	9.716297e+04	1.495175e-04
	8	6	-25.000000	72.000000	1.003473e+05	-2.139278e-05
	198	10	22.500000	71.000000	9.705570e+04	-3.544159e-05
	169	21	15.250000	68.250000	9.671770e+04	3.215956e-04
	78	58	-7.500000	59.000000	9.903360e+04	4.676977e-04
	152	106	11.000000	47.000000	1.020778e+05	-4.618114e-05
2022	2	10	10	12
	208	0	25.000000	73.500000	9.726770e+04	-1.331600e-05
	181	4	18.250000	72.500000	9.726770e+04	1.617139e-04
	206	8	24.500000	71.500000	9.726770e+04	1.191767e-05
	22	19	-21.500000	68.750000	1.001189e+05	1.059665e-04
	185	26	19.250000	67.000000	9.755513e+04	1.510163e-04
	92	62	-4.000000	58.000000	9.980277e+04	4.121754e-04
	137	117	7.250000	44.250000	1.022462e+05	1.274022e-04
	284	139	44.000000	38.750000	1.009656e+05	2.594197e-05
	271	147	40.750000	36.750000	1.010244e+05	8.076499e-05
	268	156	40.000000	34.500000	1.010244e+05	4.055972e-05
2022	2	10	6	18
	190	6	20.500000	72.000000	9.747905e+04	2.816647e-04
	41	15	-16.750000	69.750000	9.969782e+04	1.551770e-04
	108	66	0.000000	57.000000	1.003365e+05	3.798009e-04
	136	119	7.000000	43.750000	1.022314e+05	1.066546e-04
	87	156	-5.250000	34.500000	1.022379e+05	1.255744e-06
	89	157	-4.750000	34.250000	1.022379e+05	-7.789561e-06
2022	2	11	4	0
	205	7	24.250000	71.750000	9.771191e+04	2.205355e-04
	53	12	-13.750000	70.500000	9.934927e+04	1.899466e-04
	122	72	3.500000	55.500000	1.007317e+05	3.380628e-04
	0	74	-27.000000	55.000000	9.993405e+04	1.410337e-04
2022	2	11	7	6
	202	0	23.500000	73.500000	9.796648e+04	5.006068e-05
	220	7	28.000000	71.750000	9.796648e+04	2.115098e-04
	68	12	-10.000000	70.500000	9.919186e+04	1.666018e-04
	93	14	-3.750000	70.000000	9.919186e+04	7.853854e-05
	8	66	-25.000000	57.000000	9.938341e+04	1.589405e-04
	134	77	6.500000	54.250000	1.010874e+05	2.828509e-04
	137	117	7.250000	44.250000	1.020858e+05	1.006761e-04
2022	2	11	8	12
	212	0	26.000000	73.500000	9.822715e+04	6.199939e-05
	237	7	32.250000	71.750000	9.822715e+04	1.935782e-04
	110	13	0.500000	70.250000	9.934843e+04	7.619156e-05
	76	14	-8.000000	70.000000	9.934843e+04	1.770751e-04
	6	61	-25.500000	58.250000	9.906479e+04	1.853828e-04
	0	71	-27.000000	55.750000	9.920766e+04	3.502128e-05
	1	71	-26.750000	55.750000	9.906479e+04	4.994084e-05
	135	119	6.750000	43.750000	1.019617e+05	1.255024e-04
2022	2	11	7	18
	225	0	29.250000	73.500000	9.821471e+04	2.340798e-05
	249	5	35.250000	72.250000	9.821471e+04	2.315772e-04
	130	15	5.500000	69.750000	9.878663e+04	1.843927e-04
	18	57	-22.500000	59.250000	9.892655e+04	1.834694e-04
	25	68	-20.750000	56.500000	9.892655e+04	1.158763e-04
	279	83	42.750000	52.750000	1.007213e+05	1.208297e-04
	136	123	7.000000	42.750000	1.021041e+05	5.971378e-05
2022	2	12	7	0
	229	0	30.250000	73.500000	9.823641e+04	1.258847e-04
	258	2	37.500000	73.000000	9.823641e+04	2.099705e-04
	152	18	11.000000	69.000000	9.890422e+04	1.618123e-04
	122	19	3.500000	68.750000	9.890422e+04	2.831786e-04
	44	54	-16.000000	60.000000	9.870719e+04	1.976940e-04
	17	58	-22.750000	59.000000	9.882098e+04	1.862685e-04
	46	63	-15.500000	57.750000	9.870719e+04	1.042544e-04
2022	2	12	4	6
	167	0	14.750000	73.500000	9.835801e+04	1.364377e-04
	250	6	35.500000	72.000000	9.844356e+04	1.668540e-04
	40	56	-17.000000	59.500000	9.852470e+04	2.541179e-04
	63	57	-11.250000	59.250000	9.852470e+04	1.488319e-04
2022	2	12	4	12
	178	0	17.500000	73.500000	9.835927e+04	1.023815e-04
	261	3	38.250000	72.750000	9.854998e+04	1.913654e-04
	72	54	-9.000000	60.000000	9.852343e+04	2.116594e-04
	37	60	-17.750000	58.500000	9.866441e+04	1.973163e-04
2022	2	12	3	18
	246	0	34.500000	73.500000	9.867241e+04	7.940509e-05
	189	2	20.250000	73.000000	9.838751e+04	1.113235e-04
	85	52	-5.750000	60.500000	9.839004e+04	1.949098e-04
2022	2	13	4	0
	204	6	24.000000	72.000000	9.862563e+04	2.460427e-04
	280	17	43.000000	69.250000	9.913286e+04	2.205772e-04
	113	51	1.250000	60.750000	9.822588e+04	3.080086e-05
	94	52	-3.500000	60.500000	9.822588e+04	2.327228e-04
2022	2	13	4	6
	192	2	21.000000	73.000000	9.880454e+04	1.110343e-04
	283	18	43.750000	69.000000	9.932968e+04	1.766400e-04
	122	48	3.500000	61.500000	9.806847e+04	2.098687e-04
	95	54	-3.250000	60.000000	9.814959e+04	2.411222e-04
2022	2	13	3	12
	173	3	16.250000	72.750000	9.888630e+04	8.895879e-05
	288	18	45.000000	69.000000	9.963355e+04	1.001117e-04
	127	50	4.750000	61.000000	9.822040e+04	1.682517e-04
2022	2	13	2	18
	176	3	17.000000	72.750000	9.889852e+04	1.612440e-04
	177	40	17.250000	63.500000	9.821177e+04	8.156021e-05
2022	2	14	2	0
	198	32	22.500000	65.500000	9.818016e+04	7.500039e-05
	192	40	21.000000	63.500000	9.818016e+04	4.974800e-05
2022	2	14	2	6
	6	14	-25.500000	70.000000	9.984659e+04	5.958476e-05
	202	31	23.500000	65.750000	9.810050e+04	9.754542e-05
2022	2	14	3	12
	209	28	25.250000	66.500000	9.827224e+04	1.523660e-04
	0	50	-27.000000	61.000000	9.835359e+04	7.413638e-05
	136	119	7.000000	43.750000	1.004278e+05	1.039183e-04
2022	2	14	6	18
	212	25	26.000000	67.250000	9.824232e+04	1.717070e-04
	288	27	45.000000	66.750000	9.966200e+04	1.069276e-04
	0	42	-27.000000	63.000000	9.777534e+04	8.751726e-05
	151	116	10.750000	44.500000	1.003349e+05	1.547324e-04
	137	120	7.250000	43.500000	1.003349e+05	1.205956e-04
	280	121	43.000000	43.250000	1.019467e+05	-1.840218e-05
2022	2	15	6	0
	228	11	30.000000	70.750000	9.844609e+04	1.618652e-05
	211	22	25.750000	68.000000	9.841364e+04	1.676153e-04
	210	23	25.500000	67.750000	9.841364e+04	1.983555e-04
	0	36	-27.000000	64.500000	9.779073e+04	9.906492e-05
	158	111	12.500000	45.750000	1.001753e+05	1.545908e-04
	280	121	43.000000	43.250000	1.019069e+05	-2.513883e-05
2022	2	15	6	6
	233	14	31.250000	70.000000	9.842586e+04	5.409057e-05
	0	32	-27.000000	65.500000	9.769463e+04	1.019471e-04
	24	35	-21.000000	64.750000	9.769463e+04	1.540848e-04
	0	46	-27.000000	62.000000	9.768326e+04	7.279265e-05
	170	109	15.500000	46.250000	1.001718e+05	1.618371e-04
	281	121	43.250000	43.250000	1.019406e+05	-1.813226e-05
2022	2	15	7	12
	6	7	-25.500000	71.750000	9.914108e+04	1.938491e-06
	234	12	31.500000	70.500000	9.837170e+04	1.250472e-04
	0	26	-27.000000	67.000000	9.730416e+04	7.546296e-05
	0	38	-27.000000	64.000000	9.730416e+04	1.044130e-04
	194	60	21.500000	58.500000	9.976083e+04	1.655875e-04
	0	83	-27.000000	52.750000	9.889347e+04	1.198890e-04
	88	83	-5.000000	52.750000	9.957897e+04	2.799593e-04
2022	2	15	7	18
	233	11	31.250000	70.750000	9.841659e+04	1.296340e-04
	229	12	30.250000	70.500000	9.841659e+04	1.417668e-04
	196	63	22.000000	57.750000	9.993805e+04	1.931897e-04
	0	67	-27.000000	56.750000	9.620457e+04	1.596721e-04
	105	89	-0.750000	51.250000	9.999411e+04	2.201431e-04
	113	98	1.250000	49.000000	9.999411e+04	2.606367e-04
	281	121	43.250000	43.250000	1.021383e+05	-2.091193e-05
2022	2	16	5	0
	228	15	30.000000	69.750000	9.866694e+04	1.605591e-04
	0	58	-27.000000	59.000000	9.417694e+04	1.258797e-04
	111	94	0.750000	50.000000	1.007095e+05	1.129720e-04
	125	101	4.250000	48.250000	1.007095e+05	2.325687e-04
	140	120	8.000000	43.500000	1.010060e+05	1.772662e-04
2022	2	16	8	6
	222	12	28.500000	70.500000	9.886334e+04	2.101163e-04
	260	14	38.000000	70.000000	9.885554e+04	1.744531e-04
	249	22	35.250000	68.000000	9.885554e+04	7.587153e-05
	5	45	-25.750000	62.250000	9.375548e+04	4.285694e-04
	23	58	-21.250000	59.000000	9.389730e+04	4.173135e-04
	224	63	29.000000	57.750000	9.986935e+04	1.470136e-04
	149	104	10.250000	47.500000	1.009841e+05	1.685621e-06
	137	120	7.250000	43.500000	1.007388e+05	1.529348e-04
2022	2	16	4	12
	274	12	41.500000	70.500000	9.899273e+04	1.756024e-04
	16	41	-23.000000	63.250000	9.368699e+04	3.361249e-04
	230	59	30.500000	58.750000	9.982426e+04	1.261999e-04
	146	126	9.500000	42.000000	1.010509e+05	1.666263e-04
2022	2	16	6	18
	237	7	32.250000	71.750000	9.893941e+04	1.207112e-04
	277	9	42.250000	71.250000	9.890674e+04	2.037598e-04
	12	41	-24.000000	63.250000	9.357995e+04	3.388303e-04
	250	47	35.500000	61.750000	9.974945e+04	1.067651e-04
	236	53	32.000000	60.250000	9.974945e+04	1.429436e-04
	149	140	10.250000	38.500000	1.013105e+05	1.450350e-04
2022	2	17	8	0
	287	8	44.750000	71.500000	9.889452e+04	1.839565e-04
	241	12	33.250000	70.500000	9.908566e+04	1.856685e-04
	23	29	-21.250000	66.250000	9.413374e+04	1.312873e-04
	0	33	-27.000000	65.250000	9.413374e+04	1.375142e-04
	250	46	35.500000	62.000000	9.965125e+04	9.907690e-05
	238	52	32.500000	60.500000	9.965125e+04	1.763580e-04
	1	99	-26.750000	48.750000	9.696045e+04	4.295017e-04
	151	139	10.750000	38.750000	1.016953e+05	1.122456e-04
2022	2	17	9	6
	288	6	45.000000	72.000000	9.885322e+04	1.637042e-04
	249	15	35.250000	69.750000	9.923822e+04	1.089466e-04
	0	30	-27.000000	66.000000	9.438282e+04	1.307904e-04
	250	45	35.500000	62.250000	9.957728e+04	1.144235e-04
	238	51	32.500000	60.750000	9.957728e+04	2.239908e-04
	237	52	32.250000	60.500000	9.957728e+04	2.366703e-04
	135	66	6.750000	57.000000	9.973617e+04	1.724961e-04
	29	86	-19.750000	52.000000	9.547145e+04	6.349969e-04
	136	116	7.000000	44.500000	1.013531e+05	1.135854e-04
2022	2	17	4	12
	288	4	45.000000	72.500000	9.909872e+04	1.258845e-04
	238	52	32.500000	60.500000	9.974861e+04	2.431827e-04
	54	77	-13.500000	54.250000	9.504894e+04	3.814645e-04
	137	117	7.250000	44.250000	1.013101e+05	4.130822e-05
2022	2	17	2	18
	261	45	38.250000	62.250000	9.984638e+04	-6.377580e-06
	75	70	-8.250000	56.000000	9.519750e+04	4.689447e-04
2022	2	18	4	0
	263	44	38.750000	62.500000	9.980023e+04	7.359040e-05
	97	68	-2.750000	56.500000	9.597319e+04	2.910459e-04
	150	104	10.500000	47.500000	1.001608e+05	-1.269910e-04
	270	157	40.500000	34.250000	1.011021e+05	1.083283e-04
2022	2	18	4	6
	267	42	39.750000	63.000000	9.959225e+04	1.542313e-04
	117	65	2.250000	57.250000	9.663888e+04	3.183800e-04
	5	71	-25.750000	55.750000	9.820628e+04	2.644706e-04
	138	117	7.500000	44.250000	1.010001e+05	1.435765e-04
2022	2	18	3	12
	264	34	39.000000	65.000000	9.943462e+04	1.802794e-04
	125	62	4.250000	58.000000	9.715074e+04	3.296132e-04
	27	66	-20.250000	57.000000	9.821619e+04	3.146304e-04
2022	2	18	9	18
	266	30	39.500000	66.000000	9.945485e+04	1.765751e-04
	0	36	-27.000000	64.500000	9.749486e+04	1.693453e-04
	143	62	8.750000	58.000000	9.753301e+04	3.084395e-04
	63	67	-11.250000	56.750000	9.880812e+04	1.810603e-04
	66	67	-10.500000	56.750000	9.880812e+04	1.469680e-04
	185	117	19.250000	44.250000	1.006708e+05	1.068504e-05
	168	125	15.000000	42.250000	1.005753e+05	8.692909e-05
	247	150	34.750000	36.000000	1.008979e+05	1.028735e-04
	261	156	38.250000	34.500000	1.009194e+05	5.608032e-05
2022	2	19	6	0
	276	22	42.000000	68.000000	9.954378e+04	8.613414e-05
	125	39	4.250000	63.750000	9.832661e+04	1.228209e-04
	0	40	-27.000000	63.500000	9.788534e+04	1.006880e-04
	150	61	10.500000	58.250000	9.767398e+04	3.188294e-04
	181	125	18.250000	42.250000	1.002516e+05	2.264511e-04
	266	154	39.500000	35.000000	1.009913e+05	1.142113e-04
2022	2	19	7	6
	0	36	-27.000000	64.500000	9.810134e+04	1.340342e-04
	129	38	5.250000	64.000000	9.838772e+04	1.610062e-04
	161	61	13.250000	58.250000	9.801747e+04	2.120826e-04
	115	125	1.750000	42.250000	1.028143e+05	-1.263007e-05
	186	127	19.500000	41.750000	1.003835e+05	1.947089e-04
	196	138	22.000000	39.000000	1.005639e+05	1.123123e-04
	270	153	40.500000	35.250000	1.013122e+05	9.181935e-05
2022	2	19	4	12
	132	36	6.000000	64.500000	9.867473e+04	1.656370e-04
	0	57	-27.000000	59.250000	9.696193e+04	1.364904e-04
	175	59	16.750000	58.750000	9.845705e+04	2.267005e-04
	206	133	24.500000	40.250000	1.004059e+05	1.485773e-04
2022	2	19	5	18
	135	32	6.750000	65.500000	9.905299e+04	1.146764e-04
	3	49	-26.250000	61.250000	9.488667e+04	5.274605e-04
	185	56	19.250000	59.500000	9.900094e+04	2.452592e-04
	149	122	10.250000	43.000000	1.013396e+05	8.368231e-05
	212	133	26.000000	40.250000	1.003224e+05	2.285229e-04
2022	2	20	5	0
	32	37	-19.000000	64.250000	9.390678e+04	9.312489e-05
	21	44	-21.750000	62.500000	9.390678e+04	5.427612e-04
	194	53	21.500000	60.250000	9.944621e+04	2.251841e-04
	222	130	28.500000	41.000000	1.004097e+05	1.736723e-04
	170	136	15.500000	39.500000	1.010623e+05	1.829957e-04
