2022	2	14	7	0
	6	6	-25.500000	72.000000	9.975863e+04	-3.957461e-05
	222	10	28.500000	71.000000	9.838009e+04	1.325234e-04
	194	12	21.500000	70.500000	9.838009e+04	1.166828e-04
	1	17	-26.750000	69.250000	9.975863e+04	7.172948e-06
	222	20	28.500000	68.500000	9.838009e+04	8.316649e-05
	105	71	-0.750000	55.750000	9.849587e+04	1.051239e-04
	139	107	7.750000	46.750000	1.005241e+05	-1.481518e-04
2022	2	14	4	3
	55	4	-13.250000	72.500000	1.001683e+05	9.347192e-05
	215	9	26.750000	71.250000	9.808852e+04	2.144049e-04
	116	61	2.000000	58.250000	9.843195e+04	7.168319e-05
	108	70	0.000000	56.000000	9.843195e+04	1.550221e-04
2022	2	14	3	6
	56	4	-13.000000	72.500000	1.001577e+05	8.632110e-05
	218	9	27.500000	71.250000	9.797572e+04	2.562637e-04
	108	71	0.000000	55.750000	9.842177e+04	1.803131e-04
2022	2	14	5	9
	57	3	-12.750000	72.750000	1.002243e+05	5.617410e-05
	225	8	29.250000	71.500000	9.799891e+04	2.187912e-04
	0	55	-27.000000	59.750000	9.793984e+04	1.285352e-04
	123	68	3.750000	56.500000	9.848647e+04	5.692987e-05
	110	72	0.500000	55.500000	9.848647e+04	2.051341e-04
2022	2	14	3	12
	226	9	29.500000	71.250000	9.802005e+04	2.398411e-04
	1	50	-26.750000	61.000000	9.748895e+04	1.882738e-04
	128	66	5.000000	57.000000	9.837837e+04	1.696560e-04
2022	2	14	4	15
	6	7	-25.500000	71.750000	9.983807e+04	2.816128e-05
	244	14	34.000000	70.000000	9.814038e+04	2.062992e-04
	0	45	-27.000000	62.250000	9.710322e+04	1.453872e-04
	133	62	6.250000	58.000000	9.826196e+04	2.499545e-04
2022	2	14	5	18
	252	13	36.000000	70.250000	9.813348e+04	1.720899e-04
	253	13	36.250000	70.250000	9.813348e+04	1.666905e-04
	0	42	-27.000000	63.000000	9.686461e+04	1.454556e-04
	136	60	7.000000	58.500000	9.843352e+04	2.240629e-04
	138	121	7.500000	43.250000	1.010617e+05	1.410773e-04
2022	2	14	6	21
	259	12	37.750000	70.500000	9.809009e+04	1.770639e-04
	288	12	45.000000	70.500000	9.881470e+04	4.155995e-05
	0	38	-27.000000	64.000000	9.686837e+04	1.415247e-04
	27	39	-20.250000	63.750000	9.686837e+04	-1.409634e-05
	128	51	5.000000	60.750000	9.860836e+04	7.446012e-05
	144	120	9.000000	43.500000	1.011353e+05	1.393878e-04
2022	2	15	8	0
	264	12	39.000000	70.500000	9.811547e+04	1.922746e-04
	0	38	-27.000000	64.000000	9.720270e+04	1.044843e-04
	27	39	-20.250000	63.750000	9.720270e+04	3.700349e-05
	34	48	-18.500000	61.500000	9.740215e+04	1.752592e-04
	35	48	-18.250000	61.500000	9.741812e+04	1.828464e-04
	126	51	4.500000	60.750000	9.864643e+04	1.309532e-04
	147	55	9.750000	59.750000	9.864643e+04	2.463421e-04
	146	118	9.500000	44.000000	1.010462e+05	1.322614e-04
2022	2	15	6	3
	245	7	34.250000	71.750000	9.820681e+04	1.539995e-04
	267	11	39.750000	70.750000	9.820681e+04	1.839750e-04
	268	11	40.000000	70.750000	9.820681e+04	1.938496e-04
	125	50	4.250000	61.000000	9.862214e+04	1.371106e-04
	151	52	10.750000	60.500000	9.863123e+04	2.867263e-04
	156	118	12.000000	44.000000	1.009238e+05	6.839299e-05
2022	2	15	8	6
	6	7	-25.500000	71.750000	9.957423e+04	3.216350e-05
	274	10	41.500000	71.000000	9.828467e+04	1.767684e-04
	248	11	35.000000	70.750000	9.828467e+04	1.887153e-04
	32	42	-19.000000	63.000000	9.736188e+04	2.272031e-04
	125	49	4.250000	61.250000	9.857796e+04	1.655379e-04
	153	50	11.250000	61.000000	9.860930e+04	2.805582e-04
	0	86	-27.000000	52.000000	9.898876e+04	1.073127e-04
	158	116	12.500000	44.500000	1.009590e+05	7.287123e-05
2022	2	15	8	9
	6	7	-25.500000	71.750000	9.957423e+04	1.846925e-05
	276	10	42.000000	71.000000	9.841205e+04	1.787797e-04
	22	36	-21.500000	64.500000	9.730501e+04	2.330106e-04
	53	47	-13.750000	61.750000	9.762211e+04	2.409828e-04
	125	48	4.250000	61.500000	9.851028e+04	1.848121e-04
	155	48	11.750000	61.500000	9.854475e+04	1.979038e-04
	7	84	-25.250000	52.500000	9.865270e+04	2.065305e-04
	160	111	13.000000	45.750000	1.009860e+05	1.150964e-04
2022	2	15	7	12
	280	9	43.000000	71.250000	9.853331e+04	2.292797e-04
	11	31	-24.250000	65.750000	9.737348e+04	1.641589e-04
	47	44	-15.250000	62.500000	9.753782e+04	2.856932e-04
	158	46	12.500000	62.000000	9.855995e+04	1.652662e-04
	126	47	4.500000	61.750000	9.855415e+04	1.671143e-04
	19	81	-22.250000	53.250000	9.845638e+04	2.552626e-04
	160	111	13.000000	45.750000	1.010316e+05	1.093986e-04
2022	2	15	5	15
	280	9	43.000000	71.250000	9.861008e+04	2.298555e-04
	0	40	-27.000000	63.500000	9.747265e+04	2.326593e-05
	41	40	-16.750000	63.500000	9.743395e+04	2.563273e-04
	32	78	-19.000000	54.000000	9.810168e+04	2.538863e-04
	163	162	13.750000	33.000000	1.016484e+05	1.598191e-05
2022	2	15	3	18
	286	9	44.500000	71.250000	9.875234e+04	1.800304e-04
	36	36	-18.000000	64.500000	9.747594e+04	2.520204e-04
	45	76	-15.750000	54.500000	9.796288e+04	2.570694e-04
2022	2	15	3	21
	288	9	45.000000	71.250000	9.885010e+04	1.067682e-04
	123	58	3.750000	59.000000	9.817735e+04	2.191860e-04
	56	75	-13.000000	54.750000	9.798606e+04	2.890977e-04
2022	2	16	3	0
	288	9	45.000000	71.250000	9.896259e+04	1.106565e-04
	0	40	-27.000000	63.500000	9.745714e+04	5.397479e-05
	72	75	-9.000000	54.750000	9.813114e+04	2.380061e-04
2022	2	16	2	3
	8	69	-25.000000	56.250000	9.692164e+04	2.955012e-04
	91	76	-4.250000	54.500000	9.822796e+04	1.814247e-04
2022	2	16	4	6
	286	8	44.500000	71.500000	9.909608e+04	1.172219e-04
	132	34	6.000000	65.000000	9.804983e+04	1.977417e-04
	13	66	-23.750000	57.000000	9.630451e+04	3.788943e-04
	112	79	1.000000	53.750000	9.823987e+04	1.877384e-04
2022	2	16	6	9
	285	8	44.250000	71.500000	9.913900e+04	1.370748e-04
	128	34	5.000000	65.000000	9.797478e+04	1.876446e-04
	34	62	-18.500000	58.000000	9.617698e+04	1.845466e-04
	21	66	-21.750000	57.000000	9.617698e+04	4.327741e-04
	129	80	5.250000	53.500000	9.828138e+04	1.806938e-04
	138	117	7.500000	44.250000	1.010484e+05	1.218649e-04
2022	2	16	6	12
	285	8	44.250000	71.500000	9.917316e+04	1.619414e-04
	124	34	4.000000	65.000000	9.788407e+04	1.662251e-04
	153	53	11.250000	60.250000	9.811124e+04	1.895304e-04
	33	66	-18.750000	57.000000	9.624701e+04	3.259115e-04
	146	82	9.500000	53.000000	9.833418e+04	2.302942e-04
	195	129	21.750000	41.250000	1.010918e+05	1.001584e-04
2022	2	16	5	15
	283	7	43.750000	71.750000	9.916234e+04	2.120376e-04
	119	34	2.750000	65.000000	9.774150e+04	1.804022e-04
	46	65	-15.500000	57.250000	9.636953e+04	2.224928e-04
	75	65	-8.250000	57.250000	9.658103e+04	2.747722e-04
	158	83	12.500000	52.750000	9.836927e+04	1.627435e-04
2022	2	16	7	18
	280	7	43.000000	71.750000	9.913931e+04	1.544957e-04
	281	7	43.250000	71.750000	9.913931e+04	1.586390e-04
	282	7	43.500000	71.750000	9.913931e+04	1.613445e-04
	82	63	-6.500000	57.750000	9.650818e+04	2.563809e-04
	59	65	-12.250000	57.250000	9.654970e+04	2.194813e-04
	150	109	10.500000	46.250000	1.000118e+05	1.303429e-05
	136	115	7.000000	44.750000	1.006885e+05	4.859463e-05
2022	2	16	5	21
	278	7	42.500000	71.750000	9.917958e+04	1.720705e-04
	279	7	42.750000	71.750000	9.917958e+04	1.658113e-04
	85	62	-5.750000	58.000000	9.675400e+04	2.247025e-04
	120	71	3.000000	55.750000	9.673614e+04	3.062354e-04
	137	113	7.250000	45.250000	1.004250e+05	7.047902e-06
2022	2	17	4	0
	277	8	42.250000	71.500000	9.923426e+04	1.448035e-04
	0	33	-27.000000	65.250000	9.885448e+04	4.711582e-05
	132	70	6.000000	56.000000	9.641794e+04	3.344956e-04
	280	121	43.000000	43.250000	1.013471e+05	-9.002086e-06
2022	2	17	3	3
	278	9	42.500000	71.250000	9.925478e+04	1.243111e-04
	140	70	8.000000	56.000000	9.637423e+04	3.680830e-04
	281	121	43.250000	43.250000	1.011926e+05	-3.014450e-05
2022	2	17	3	6
	280	9	43.000000	71.250000	9.932341e+04	1.132091e-04
	149	71	10.250000	55.750000	9.669212e+04	3.294793e-04
	281	121	43.250000	43.250000	1.011026e+05	-1.664834e-05
2022	2	17	4	9
	21	43	-21.750000	62.750000	9.887720e+04	1.681414e-04
	158	72	12.500000	55.500000	9.706875e+04	2.500649e-04
	191	80	20.750000	53.500000	9.726506e+04	2.306621e-04
	281	121	43.250000	43.250000	1.009412e+05	-5.550191e-06
2022	2	17	2	12
	20	43	-22.000000	62.750000	9.877270e+04	1.898064e-04
	200	79	23.000000	53.750000	9.720145e+04	1.877418e-04
2022	2	17	6	15
	20	42	-22.000000	63.000000	9.875547e+04	2.177083e-04
	207	77	24.750000	54.250000	9.736251e+04	1.849179e-04
	153	111	11.250000	45.750000	1.002020e+05	1.182316e-04
	20	113	-22.000000	45.250000	1.003259e+05	1.618872e-04
	2	117	-26.500000	44.250000	1.002699e+05	2.262952e-04
	281	121	43.250000	43.250000	1.007494e+05	-1.689158e-05
2022	2	17	4	18
	20	42	-22.000000	63.000000	9.873855e+04	1.860164e-04
	214	75	26.500000	54.750000	9.755255e+04	1.906450e-04
	28	109	-20.000000	46.250000	9.992580e+04	1.371545e-04
	10	113	-24.500000	45.250000	9.979843e+04	3.836739e-04
2022	2	17	4	21
	18	41	-22.500000	63.250000	9.882409e+04	1.880671e-04
	223	43	28.750000	62.750000	9.774024e+04	1.132183e-04
	219	72	27.750000	55.500000	9.770013e+04	1.568271e-04
	19	110	-22.250000	46.000000	9.982538e+04	3.674745e-04
2022	2	18	4	0
	227	39	29.750000	63.750000	9.775967e+04	1.233703e-04
	17	40	-22.750000	63.500000	9.890666e+04	1.993525e-04
	31	104	-19.250000	47.500000	9.977148e+04	2.515284e-04
	25	113	-20.750000	45.250000	9.977148e+04	4.471618e-04
2022	2	18	5	3
	149	20	10.250000	68.500000	9.836598e+04	6.184892e-05
	232	36	31.000000	64.500000	9.773742e+04	7.678820e-05
	15	38	-23.250000	64.000000	9.899596e+04	1.744823e-04
	45	99	-15.750000	48.750000	9.962750e+04	2.290786e-04
	33	111	-18.750000	45.750000	9.961199e+04	4.143186e-04
2022	2	18	5	6
	2	17	-26.500000	69.250000	9.963314e+04	-4.578054e-05
	144	21	9.000000	68.250000	9.834750e+04	6.014671e-05
	239	33	32.750000	65.250000	9.777064e+04	5.285937e-05
	13	36	-23.750000	64.500000	9.901320e+04	1.993556e-04
	57	94	-12.750000	50.000000	9.932889e+04	2.453981e-04
2022	2	18	8	9
	2	17	-26.500000	69.250000	9.965648e+04	-3.107364e-05
	142	22	8.500000	68.000000	9.840562e+04	1.119673e-04
	244	27	34.000000	66.750000	9.783424e+04	8.086344e-05
	9	34	-24.750000	65.000000	9.914166e+04	2.183026e-04
	68	89	-10.000000	51.250000	9.916438e+04	2.614475e-04
	137	116	7.250000	44.500000	1.015292e+05	1.338869e-05
	253	159	36.250000	33.750000	1.002988e+05	-6.325728e-06
	268	162	40.000000	33.000000	1.002872e+05	-2.377866e-05
2022	2	18	8	12
	6	7	-25.500000	71.750000	1.004773e+05	-3.399217e-05
	0	18	-27.000000	69.000000	9.944890e+04	-4.651983e-05
	144	23	9.000000	67.750000	9.849540e+04	1.227678e-04
	247	25	34.750000	67.250000	9.788877e+04	9.676000e-05
	4	33	-26.000000	65.250000	9.915248e+04	1.910766e-04
	0	45	-27.000000	62.250000	9.920919e+04	-2.447939e-05
	79	86	-7.250000	52.000000	9.915012e+04	2.261154e-04
	269	162	40.250000	33.000000	9.997782e+04	4.653067e-05
2022	2	18	8	15
	288	12	45.000000	70.500000	9.837209e+04	6.022729e-05
	0	18	-27.000000	69.000000	9.924852e+04	-6.744270e-05
	252	19	36.000000	68.750000	9.789989e+04	6.643630e-05
	252	20	36.000000	68.500000	9.789989e+04	6.666766e-05
	148	23	10.000000	67.750000	9.853880e+04	1.126720e-04
	149	23	10.250000	67.750000	9.853880e+04	1.051850e-04
	93	81	-3.750000	53.250000	9.887658e+04	2.133673e-04
	275	162	41.750000	33.000000	9.993003e+04	6.516933e-05
2022	2	18	6	18
	260	17	38.000000	69.250000	9.784881e+04	8.409578e-05
	147	22	9.750000	68.000000	9.856825e+04	9.103304e-05
	0	57	-27.000000	59.250000	9.838933e+04	8.599304e-05
	97	79	-2.750000	53.750000	9.872100e+04	2.702215e-04
	88	87	-5.000000	51.750000	9.872100e+04	1.546609e-04
	278	160	42.500000	33.500000	1.000513e+05	1.851799e-04
2022	2	18	6	21
	264	13	39.000000	70.250000	9.783770e+04	1.212608e-04
	0	52	-27.000000	60.500000	9.805108e+04	1.498959e-04
	111	75	0.750000	54.750000	9.847989e+04	1.963781e-04
	107	129	-0.250000	41.250000	1.009044e+05	2.318686e-05
	280	158	43.000000	34.000000	1.000572e+05	2.233566e-04
	239	159	32.750000	33.750000	1.004640e+05	7.829037e-05
2022	2	19	8	0
	270	9	40.500000	71.250000	9.780902e+04	1.547864e-04
	142	26	8.500000	67.000000	9.860726e+04	1.485447e-04
	0	48	-27.000000	61.500000	9.790365e+04	1.580413e-04
	17	54	-22.750000	60.000000	9.790365e+04	2.144123e-04
	119	71	2.750000	55.750000	9.819772e+04	2.177025e-04
	122	121	3.500000	43.250000	1.007945e+05	1.556831e-04
	235	155	31.750000	34.750000	1.003645e+05	4.747189e-05
	281	156	43.250000	34.500000	1.000720e+05	1.967595e-04
2022	2	19	8	3
	275	8	41.750000	71.500000	9.779884e+04	1.290447e-04
	148	27	10.000000	66.750000	9.858673e+04	1.281947e-04
	2	46	-26.500000	62.000000	9.785445e+04	1.507109e-04
	22	51	-21.500000	60.750000	9.785445e+04	2.207957e-04
	123	69	3.750000	56.250000	9.784897e+04	2.633089e-04
	123	121	3.750000	43.250000	1.009764e+05	1.597704e-04
	280	153	43.000000	35.250000	1.002308e+05	1.758020e-04
	237	162	32.250000	33.000000	1.003430e+05	2.430014e-05
2022	2	19	7	6
	282	6	43.500000	72.000000	9.785070e+04	1.114864e-04
	155	26	11.750000	67.000000	9.852908e+04	1.727495e-04
	0	43	-27.000000	62.750000	9.771220e+04	1.423683e-04
	22	47	-21.500000	61.750000	9.771220e+04	2.257408e-04
	129	67	5.250000	56.750000	9.743066e+04	3.638293e-04
	279	152	42.750000	35.500000	1.006036e+05	1.698947e-04
	237	162	32.250000	33.000000	1.005550e+05	2.268747e-05
2022	2	19	6	9
	285	5	44.250000	72.250000	9.796428e+04	9.898822e-05
	158	23	12.500000	67.750000	9.861933e+04	2.113034e-04
	159	23	12.750000	67.750000	9.861933e+04	2.138072e-04
	21	44	-21.750000	62.500000	9.775810e+04	2.196638e-04
	135	66	6.750000	57.000000	9.716432e+04	4.249997e-04
	172	103	16.000000	47.750000	1.001462e+05	1.708153e-04
2022	2	19	3	12
	159	22	12.750000	68.000000	9.869280e+04	1.510500e-04
	16	41	-23.000000	63.250000	9.763605e+04	1.956219e-04
	141	66	8.250000	57.000000	9.712562e+04	4.285023e-04
2022	2	19	3	15
	156	20	12.000000	68.500000	9.881563e+04	7.812653e-05
	153	61	11.250000	58.250000	9.713972e+04	4.074053e-04
	147	152	9.750000	35.500000	1.015210e+05	3.191072e-05
2022	2	19	6	18
	288	9	45.000000	71.250000	9.830770e+04	1.145354e-04
	149	20	10.250000	68.500000	9.889852e+04	5.568342e-05
	150	20	10.500000	68.500000	9.889852e+04	5.776114e-05
	0	48	-27.000000	61.500000	9.554544e+04	1.270954e-04
	175	57	16.750000	59.250000	9.724923e+04	2.716720e-04
	136	120	7.000000	43.500000	1.013263e+05	9.278818e-05
2022	2	19	5	21
	149	20	10.250000	68.500000	9.898876e+04	5.962149e-05
	0	48	-27.000000	61.500000	9.461372e+04	1.287953e-04
	179	55	17.750000	59.750000	9.719221e+04	3.150064e-04
	178	56	17.500000	59.500000	9.719221e+04	3.018929e-04
	137	120	7.250000	43.500000	1.013785e+05	9.139904e-05
2022	2	20	5	0
	149	21	10.250000	68.250000	9.900552e+04	8.187888e-05
	26	39	-20.500000	63.750000	9.429677e+04	8.797393e-05
	0	44	-27.000000	62.500000	9.417331e+04	2.370468e-04
	182	56	18.500000	59.500000	9.724704e+04	2.743407e-04
	137	120	7.250000	43.500000	1.014535e+05	9.593443e-05
