2022	2	14	5	0
	4	6	-26.000000	72.000000	9.975627e+04	-3.054228e-05
	222	10	28.500000	71.000000	9.847232e+04	1.450961e-04
	190	13	20.500000	70.250000	9.847232e+04	1.753201e-04
	1	17	-26.750000	69.250000	9.975627e+04	7.465245e-06
	106	71	-0.500000	55.750000	9.845880e+04	1.067497e-04
2022	2	14	3	3
	224	8	29.000000	71.500000	9.820338e+04	1.460408e-04
	119	63	2.750000	57.750000	9.843774e+04	1.071556e-04
	108	70	0.000000	56.000000	9.843774e+04	1.557836e-04
2022	2	14	2	6
	217	8	27.250000	71.500000	9.804314e+04	2.426543e-04
	109	70	0.250000	56.000000	9.849971e+04	1.759072e-04
2022	2	14	3	9
	217	8	27.250000	71.500000	9.812583e+04	2.936261e-04
	0	54	-27.000000	60.000000	9.800120e+04	1.151109e-04
	110	71	0.500000	55.750000	9.863632e+04	1.847949e-04
2022	2	14	4	12
	236	6	32.000000	72.000000	9.812737e+04	1.629184e-04
	0	50	-27.000000	61.000000	9.748163e+04	1.469200e-04
	1	50	-26.750000	61.000000	9.748163e+04	1.794178e-04
	129	62	5.250000	58.000000	9.864711e+04	7.630644e-05
2022	2	14	5	15
	234	6	31.500000	72.000000	9.817581e+04	1.263060e-04
	235	6	31.750000	72.000000	9.817581e+04	1.226086e-04
	236	6	32.000000	72.000000	9.817581e+04	1.222608e-04
	0	45	-27.000000	62.250000	9.706033e+04	1.400296e-04
	131	61	5.750000	58.250000	9.862434e+04	1.310835e-04
2022	2	14	6	18
	237	6	32.250000	72.000000	9.828880e+04	8.248400e-05
	288	12	45.000000	70.500000	9.912216e+04	9.514148e-05
	288	13	45.000000	70.250000	9.912216e+04	7.957993e-05
	0	41	-27.000000	63.250000	9.695179e+04	1.162093e-04
	149	58	10.250000	59.000000	9.872431e+04	2.147961e-04
	133	61	6.250000	58.250000	9.872431e+04	1.916585e-04
2022	2	14	7	21
	249	6	35.250000	72.000000	9.839648e+04	5.580540e-05
	250	6	35.500000	72.000000	9.839648e+04	6.808910e-05
	6	7	-25.500000	71.750000	9.972545e+04	1.607706e-05
	27	39	-20.250000	63.750000	9.709970e+04	5.624138e-06
	130	51	5.500000	60.750000	9.884176e+04	2.415498e-05
	153	54	11.250000	60.000000	9.884176e+04	2.871440e-04
	138	121	7.500000	43.250000	1.011364e+05	1.250495e-04
2022	2	15	9	0
	251	5	35.750000	72.250000	9.845845e+04	6.245590e-05
	6	7	-25.500000	71.750000	9.968059e+04	3.972391e-05
	267	12	39.750000	70.500000	9.845845e+04	1.101357e-04
	0	38	-27.000000	64.000000	9.716920e+04	9.140082e-05
	27	39	-20.250000	63.750000	9.716920e+04	6.876959e-05
	127	50	4.750000	61.000000	9.885220e+04	1.125066e-04
	155	52	11.750000	60.500000	9.891417e+04	2.284407e-04
	141	59	8.250000	58.750000	9.885220e+04	1.749636e-04
	145	118	9.250000	44.000000	1.011272e+05	1.350199e-04
2022	2	15	8	3
	248	5	35.000000	72.250000	9.847489e+04	5.142356e-05
	6	7	-25.500000	71.750000	9.969601e+04	5.382517e-05
	272	12	41.000000	70.500000	9.847489e+04	1.284808e-04
	23	35	-21.250000	64.750000	9.732978e+04	4.547872e-05
	125	49	4.250000	61.250000	9.880187e+04	1.501916e-04
	145	58	9.250000	59.000000	9.882087e+04	1.717501e-04
	171	103	15.750000	47.750000	1.010418e+05	3.966480e-05
	146	118	9.500000	44.000000	1.010347e+05	1.223777e-04
2022	2	15	9	6
	245	6	34.250000	72.000000	9.852128e+04	1.021827e-04
	274	11	41.500000	70.750000	9.852128e+04	1.663975e-04
	24	35	-21.000000	64.750000	9.734570e+04	1.315432e-04
	125	48	4.250000	61.500000	9.875427e+04	1.756533e-04
	150	57	10.500000	59.250000	9.887342e+04	1.778287e-04
	0	86	-27.000000	52.000000	9.913175e+04	1.071967e-04
	0	87	-27.000000	51.750000	9.913175e+04	1.138539e-04
	150	117	10.500000	44.250000	1.010621e+05	1.368049e-04
	138	120	7.500000	43.500000	1.010621e+05	9.173335e-05
2022	2	15	8	9
	244	8	34.000000	71.500000	9.866920e+04	1.526075e-04
	245	8	34.250000	71.500000	9.866920e+04	1.274918e-04
	276	11	42.000000	70.750000	9.866920e+04	1.382257e-04
	24	35	-21.000000	64.750000	9.744996e+04	1.287148e-04
	125	47	4.250000	61.750000	9.866799e+04	1.764082e-04
	158	49	12.500000	61.250000	9.875616e+04	1.799857e-04
	4	84	-26.000000	52.500000	9.879707e+04	1.861159e-04
	158	115	12.500000	44.750000	1.010748e+05	1.282702e-04
2022	2	15	10	12
	246	11	34.500000	70.750000	9.879125e+04	1.437036e-04
	279	11	42.750000	70.750000	9.879125e+04	1.609339e-04
	11	30	-24.250000	66.000000	9.754634e+04	1.040419e-04
	36	36	-18.000000	64.500000	9.772678e+04	1.732496e-04
	0	41	-27.000000	63.250000	9.754634e+04	3.189246e-05
	125	46	4.250000	62.000000	9.858651e+04	2.108812e-04
	163	46	13.750000	62.000000	9.871559e+04	1.611024e-04
	14	81	-23.500000	53.250000	9.865635e+04	1.867542e-04
	144	109	9.000000	46.250000	1.010804e+05	-6.396174e-05
	160	111	13.000000	45.750000	1.010804e+05	1.037463e-04
2022	2	15	8	15
	282	10	43.500000	71.000000	9.886435e+04	1.927517e-04
	29	32	-19.750000	65.500000	9.762698e+04	1.661529e-04
	0	40	-27.000000	63.500000	9.749378e+04	2.571358e-05
	69	45	-9.750000	62.250000	9.815733e+04	2.366917e-04
	165	46	14.250000	62.000000	9.862725e+04	1.720326e-04
	106	55	-0.500000	59.750000	9.819037e+04	1.501449e-04
	23	78	-21.250000	54.000000	9.845075e+04	2.116069e-04
	160	111	13.000000	45.750000	1.011385e+05	9.822987e-05
2022	2	15	5	18
	282	10	43.500000	71.000000	9.895509e+04	2.115715e-04
	283	10	43.750000	71.000000	9.895509e+04	2.093734e-04
	65	43	-10.750000	62.750000	9.823351e+04	2.138971e-04
	110	54	0.500000	60.000000	9.803852e+04	1.722560e-04
	163	162	13.750000	33.000000	1.017666e+05	6.393390e-07
2022	2	15	5	21
	282	9	43.500000	71.250000	9.904427e+04	2.293325e-04
	283	9	43.750000	71.250000	9.904427e+04	2.285936e-04
	0	39	-27.000000	63.750000	9.753624e+04	2.448837e-05
	60	41	-12.000000	63.250000	9.825508e+04	2.151767e-04
	113	55	1.250000	59.750000	9.795052e+04	2.036380e-04
2022	2	16	5	0
	282	10	43.500000	71.000000	9.911155e+04	2.008918e-04
	55	39	-13.250000	63.750000	9.825405e+04	2.135180e-04
	121	55	3.250000	59.750000	9.798271e+04	2.386068e-04
	148	57	10.000000	59.250000	9.804879e+04	1.843439e-04
	149	57	10.250000	59.250000	9.807738e+04	1.750865e-04
2022	2	16	5	3
	49	38	-14.750000	64.000000	9.809535e+04	2.277926e-04
	128	44	5.000000	62.500000	9.809552e+04	4.771662e-05
	150	55	10.500000	59.750000	9.806848e+04	2.304208e-04
	127	57	4.750000	59.250000	9.806848e+04	2.540486e-04
	13	63	-23.750000	57.750000	9.684873e+04	1.916469e-04
2022	2	16	4	6
	132	43	6.000000	62.750000	9.827596e+04	5.261397e-05
	153	54	11.250000	60.000000	9.807293e+04	2.125889e-04
	18	58	-22.500000	59.000000	9.614102e+04	2.830722e-04
	0	61	-27.000000	58.250000	9.706221e+04	-3.159202e-05
2022	2	16	4	9
	146	44	9.500000	62.500000	9.808902e+04	3.998283e-06
	155	54	11.750000	60.000000	9.808902e+04	1.732353e-04
	19	56	-22.250000	59.500000	9.557780e+04	3.819381e-04
	137	117	7.250000	44.250000	1.013021e+05	1.123571e-04
2022	2	16	7	12
	286	6	44.500000	72.000000	9.902612e+04	1.340080e-04
	135	31	6.750000	65.750000	9.821416e+04	1.532901e-04
	0	44	-27.000000	62.500000	9.714986e+04	1.225254e-04
	177	49	17.250000	61.250000	9.808748e+04	1.404119e-04
	162	55	13.500000	59.750000	9.808748e+04	1.796377e-04
	25	56	-20.750000	59.500000	9.542441e+04	3.200658e-04
	61	65	-11.750000	57.250000	9.634748e+04	2.729216e-04
2022	2	16	7	15
	285	7	44.250000	71.750000	9.900952e+04	1.651561e-04
	0	42	-27.000000	63.000000	9.731386e+04	2.731076e-05
	178	47	17.500000	61.750000	9.790688e+04	1.218457e-04
	31	54	-19.250000	60.000000	9.541722e+04	3.370670e-04
	172	55	16.000000	59.750000	9.790688e+04	1.656399e-04
	71	60	-9.250000	58.500000	9.567333e+04	3.745777e-04
	136	119	7.000000	43.750000	1.012477e+05	1.413588e-04
2022	2	16	7	18
	285	8	44.250000	71.500000	9.900422e+04	2.332320e-04
	0	41	-27.000000	63.250000	9.752888e+04	6.068905e-05
	179	46	17.750000	62.000000	9.780039e+04	1.196693e-04
	35	53	-18.250000	60.250000	9.557301e+04	3.415323e-04
	76	57	-8.000000	59.250000	9.530731e+04	4.302624e-04
	281	121	43.250000	43.250000	1.019903e+05	-2.281328e-05
	188	140	20.000000	38.500000	1.013319e+05	1.234562e-04
2022	2	16	8	21
	287	9	44.750000	71.250000	9.903434e+04	1.851136e-04
	180	46	18.000000	62.000000	9.767867e+04	1.193108e-04
	38	53	-17.500000	60.250000	9.576970e+04	3.959232e-04
	81	56	-6.750000	59.500000	9.533745e+04	3.886053e-04
	102	56	-1.500000	59.500000	9.533745e+04	1.894827e-04
	137	113	7.250000	45.250000	1.009104e+05	2.465551e-05
	281	121	43.250000	43.250000	1.018883e+05	-3.608621e-05
	188	140	20.000000	38.500000	1.013208e+05	1.185260e-04
2022	2	17	9	0
	288	9	45.000000	71.250000	9.908125e+04	1.023896e-04
	180	45	18.000000	62.250000	9.761156e+04	1.178833e-04
	194	50	21.500000	61.000000	9.761156e+04	1.211453e-04
	43	53	-16.250000	60.250000	9.614975e+04	3.778010e-04
	105	54	-0.750000	60.000000	9.546070e+04	1.873381e-04
	86	56	-5.500000	59.500000	9.546070e+04	4.236369e-04
	120	57	3.000000	59.250000	9.619786e+04	2.374196e-04
	281	121	43.250000	43.250000	1.018475e+05	-3.140845e-05
	189	142	20.250000	38.000000	1.011715e+05	1.409995e-04
2022	2	17	8	3
	288	9	45.000000	71.250000	9.910573e+04	1.067609e-04
	49	54	-14.750000	60.000000	9.650909e+04	3.488487e-04
	50	54	-14.500000	60.000000	9.650909e+04	3.459582e-04
	126	55	4.500000	59.750000	9.604293e+04	2.420914e-04
	95	57	-3.250000	59.250000	9.548296e+04	4.032429e-04
	145	62	9.250000	58.000000	9.605183e+04	2.461704e-04
	278	120	42.500000	43.500000	1.017633e+05	-3.163091e-05
	190	145	20.500000	37.250000	1.010227e+05	1.326724e-04
2022	2	17	7	6
	54	54	-13.500000	60.000000	9.679070e+04	3.606270e-04
	128	54	5.000000	60.000000	9.556239e+04	1.874071e-04
	108	58	0.000000	59.000000	9.556239e+04	4.183329e-04
	151	62	10.750000	58.000000	9.613605e+04	2.268490e-04
	165	65	14.250000	57.250000	9.613605e+04	3.433294e-04
	280	121	43.000000	43.250000	1.016250e+05	-2.202054e-05
	190	148	20.500000	36.500000	1.010707e+05	1.372926e-04
2022	2	17	7	9
	59	54	-12.250000	60.000000	9.710398e+04	3.520491e-04
	121	60	3.250000	58.500000	9.583681e+04	3.788956e-04
	175	63	16.750000	57.750000	9.585582e+04	2.762802e-04
	278	120	42.500000	43.500000	1.013817e+05	-2.186946e-06
	200	149	23.000000	36.250000	1.011684e+05	5.558450e-05
	201	149	23.250000	36.250000	1.011684e+05	5.618815e-05
	190	152	20.500000	35.500000	1.011684e+05	1.116331e-04
2022	2	17	3	12
	64	55	-11.000000	59.750000	9.742616e+04	3.370038e-04
	179	61	17.750000	58.250000	9.559988e+04	3.220270e-04
	133	62	6.250000	58.000000	9.617629e+04	3.453695e-04
2022	2	17	4	15
	138	40	7.500000	63.500000	9.706838e+04	7.775049e-05
	73	55	-8.750000	59.750000	9.769271e+04	3.234076e-04
	183	62	18.750000	58.000000	9.564577e+04	3.777338e-04
	145	64	9.250000	57.500000	9.656113e+04	2.894001e-04
2022	2	17	4	18
	84	56	-6.000000	59.500000	9.784918e+04	3.425511e-04
	191	62	20.750000	58.000000	9.572400e+04	3.684816e-04
	157	67	12.250000	56.750000	9.688383e+04	3.086369e-04
	157	108	12.250000	46.500000	1.006966e+05	-2.317451e-05
2022	2	17	3	21
	97	56	-2.750000	59.500000	9.803715e+04	2.954492e-04
	198	62	22.500000	58.000000	9.585838e+04	2.933979e-04
	0	141	-27.000000	38.250000	1.017876e+05	1.186865e-04
2022	2	18	4	0
	6	7	-25.500000	71.750000	1.004469e+05	-8.132766e-06
	41	52	-16.750000	60.500000	9.877277e+04	2.081203e-04
	42	52	-16.500000	60.500000	9.877277e+04	2.047187e-04
	204	62	24.000000	58.000000	9.614787e+04	2.735857e-04
2022	2	18	5	3
	262	17	38.500000	69.250000	9.752391e+04	1.448540e-04
	134	31	6.500000	65.750000	9.777951e+04	4.802972e-05
	47	52	-15.250000	60.500000	9.858530e+04	2.394777e-04
	212	62	26.000000	58.000000	9.649745e+04	2.492645e-04
	82	80	-6.500000	53.500000	9.964516e+04	1.347280e-04
2022	2	18	5	6
	264	15	39.000000	69.750000	9.750355e+04	1.867972e-04
	133	31	6.250000	65.750000	9.781169e+04	6.774044e-05
	51	53	-14.250000	60.250000	9.840094e+04	2.843682e-04
	220	60	28.000000	58.500000	9.680884e+04	1.812834e-04
	92	78	-4.000000	54.000000	9.928908e+04	1.764343e-04
2022	2	18	8	9
	6	7	-25.500000	71.750000	1.002630e+05	-3.548299e-05
	265	14	39.250000	70.000000	9.758623e+04	1.383095e-04
	132	31	6.000000	65.750000	9.782898e+04	7.349465e-05
	227	47	29.750000	61.750000	9.702369e+04	6.123001e-05
	56	54	-13.000000	60.000000	9.844647e+04	3.148462e-04
	101	77	-1.750000	54.250000	9.906876e+04	1.201632e-04
	251	162	35.750000	33.000000	1.007499e+05	-1.448718e-05
	261	162	38.250000	33.000000	1.007499e+05	-1.535866e-05
2022	2	18	4	12
	288	8	45.000000	71.500000	9.778139e+04	1.020127e-04
	132	33	6.000000	65.250000	9.790139e+04	7.529028e-05
	230	45	30.500000	62.250000	9.718838e+04	1.042931e-04
	63	56	-11.250000	59.500000	9.850365e+04	3.103574e-04
2022	2	18	6	15
	130	33	5.500000	65.250000	9.786938e+04	6.481900e-05
	251	34	35.750000	65.000000	9.729880e+04	1.461767e-04
	236	43	32.000000	62.750000	9.729880e+04	9.652554e-05
	69	57	-9.750000	59.250000	9.855055e+04	2.869467e-04
	263	152	38.750000	35.500000	1.004636e+05	1.030280e-05
	260	162	38.000000	33.000000	1.004636e+05	2.619913e-05
2022	2	18	6	18
	256	30	37.000000	66.000000	9.726405e+04	1.685172e-04
	135	36	6.750000	64.500000	9.788445e+04	8.977310e-05
	0	55	-27.000000	59.750000	9.821862e+04	1.431332e-04
	77	58	-7.750000	59.000000	9.873647e+04	2.579923e-04
	35	141	-18.250000	38.250000	1.014631e+05	1.345967e-04
	230	149	30.500000	36.250000	1.007269e+05	5.230341e-05
2022	2	18	6	21
	258	29	37.500000	66.250000	9.734673e+04	1.622305e-04
	0	49	-27.000000	61.250000	9.780621e+04	1.458721e-04
	84	60	-6.000000	58.500000	9.903538e+04	2.628987e-04
	168	71	15.000000	55.750000	9.794197e+04	1.471235e-04
	31	149	-19.250000	36.250000	1.015406e+05	1.895034e-04
	224	149	29.000000	36.250000	1.004487e+05	2.375477e-04
2022	2	19	6	0
	147	22	9.750000	68.000000	9.801164e+04	1.442546e-04
	0	45	-27.000000	62.250000	9.774202e+04	1.212119e-04
	182	70	18.500000	56.000000	9.755045e+04	1.790740e-04
	282	121	43.500000	43.250000	1.009158e+05	-8.040571e-06
	33	149	-18.750000	36.250000	1.014648e+05	1.666469e-04
	226	151	29.500000	35.750000	1.002899e+05	1.918030e-04
2022	2	19	8	3
	288	11	45.000000	70.750000	9.722980e+04	9.149573e-05
	142	21	8.500000	68.250000	9.805530e+04	1.220948e-04
	143	21	8.750000	68.250000	9.805530e+04	1.293686e-04
	0	41	-27.000000	63.250000	9.777283e+04	1.142688e-04
	19	45	-22.250000	62.250000	9.777283e+04	1.795326e-04
	195	69	21.750000	56.250000	9.722313e+04	3.036713e-04
	34	150	-18.500000	36.000000	1.013924e+05	1.742292e-04
	228	159	30.000000	33.750000	1.003856e+05	1.864709e-04
2022	2	19	8	6
	140	21	8.000000	68.250000	9.807173e+04	1.203412e-04
	273	22	41.250000	68.000000	9.721559e+04	7.421489e-05
	108	23	0.000000	67.750000	9.807721e+04	1.580368e-04
	35	45	-18.250000	62.250000	9.805495e+04	2.275404e-04
	209	69	25.250000	56.250000	9.707043e+04	3.109835e-04
	34	150	-18.500000	36.000000	1.013285e+05	2.124215e-04
	230	160	30.500000	33.500000	1.007048e+05	1.249053e-04
	284	162	44.000000	33.000000	1.007771e+05	3.978721e-06
2022	2	19	11	9
	140	20	8.000000	68.500000	9.816966e+04	1.574749e-04
	278	20	42.500000	68.500000	9.728116e+04	9.860477e-05
	115	26	1.750000	67.000000	9.816966e+04	1.900281e-04
	0	37	-27.000000	64.250000	9.787811e+04	9.216651e-05
	223	69	28.750000	56.250000	9.706306e+04	2.782620e-04
	150	109	10.500000	46.250000	1.015541e+05	4.323168e-05
	136	115	7.000000	44.750000	1.015541e+05	6.138013e-05
	34	149	-18.500000	36.250000	1.013703e+05	2.128437e-04
	34	150	-18.500000	36.000000	1.013703e+05	2.111260e-04
	269	162	40.250000	33.000000	1.005593e+05	1.094906e-04
	284	162	44.000000	33.000000	1.005511e+05	1.339051e-05
2022	2	19	8	12
	138	19	7.500000	68.750000	9.821177e+04	1.587265e-04
	125	26	4.250000	67.000000	9.821177e+04	1.509343e-04
	0	59	-27.000000	58.750000	9.758195e+04	1.004695e-04
	238	66	32.500000	57.000000	9.693279e+04	2.707200e-04
	157	107	12.250000	46.750000	1.015411e+05	1.791673e-05
	137	117	7.250000	44.250000	1.016676e+05	1.066664e-04
	32	149	-19.000000	36.250000	1.014309e+05	2.206667e-04
	285	162	44.250000	33.000000	1.002500e+05	9.685518e-05
2022	2	19	8	15
	136	18	7.000000	69.000000	9.820406e+04	1.357607e-04
	4	56	-26.000000	59.500000	9.730171e+04	2.100942e-04
	246	64	34.500000	57.500000	9.687698e+04	2.886345e-04
	152	108	11.000000	46.500000	1.016717e+05	2.922494e-05
	134	119	6.500000	43.750000	1.016546e+05	1.004661e-04
	279	148	42.750000	36.500000	1.006867e+05	-2.496917e-05
	30	149	-19.500000	36.250000	1.013068e+05	2.107170e-04
	287	161	44.750000	33.250000	1.005693e+05	9.900984e-05
2022	2	19	9	18
	253	0	36.250000	73.500000	9.714592e+04	1.368029e-04
	286	0	44.500000	73.500000	9.714592e+04	7.116223e-05
	136	17	7.000000	69.250000	9.820526e+04	1.794203e-04
	144	26	9.000000	67.000000	9.820526e+04	1.624673e-04
	12	52	-24.000000	60.500000	9.703944e+04	2.316863e-04
	254	65	36.500000	57.250000	9.689050e+04	3.294434e-04
	278	146	42.500000	37.000000	1.010969e+05	3.764056e-06
	27	148	-20.250000	36.500000	1.013987e+05	2.052184e-04
	286	162	44.500000	33.000000	1.009293e+05	8.548846e-05
2022	2	19	13	21
	287	0	44.750000	73.500000	9.710021e+04	6.557376e-05
	255	2	36.750000	73.000000	9.710021e+04	3.010954e-04
	136	18	7.000000	69.000000	9.821639e+04	1.937392e-04
	151	24	10.750000	67.500000	9.821639e+04	1.788973e-04
	152	24	11.000000	67.500000	9.821639e+04	1.986822e-04
	1	47	-26.750000	61.750000	9.681073e+04	2.081700e-05
	20	48	-22.000000	61.500000	9.681073e+04	2.714102e-04
	264	62	39.000000	58.000000	9.689255e+04	2.437286e-04
	135	138	6.750000	39.000000	1.020179e+05	3.180345e-05
	274	146	41.500000	37.000000	1.013139e+05	2.892790e-05
	22	149	-21.500000	36.250000	1.015016e+05	2.035190e-04
	287	158	44.750000	34.000000	1.011998e+05	1.193438e-04
	32	159	-19.000000	33.750000	1.015303e+05	6.449404e-05
2022	2	20	11	0
	264	4	39.000000	72.500000	9.718255e+04	3.529313e-04
	138	18	7.500000	69.000000	9.820166e+04	2.423618e-04
	139	18	7.750000	69.000000	9.820166e+04	2.408600e-04
	0	42	-27.000000	63.000000	9.701171e+04	9.432348e-05
	23	46	-21.250000	62.000000	9.651320e+04	3.127075e-04
	269	59	40.250000	58.750000	9.698637e+04	2.387153e-04
	16	153	-23.000000	35.250000	1.014495e+05	2.125283e-04
	33	153	-18.750000	35.250000	1.015254e+05	9.753196e-05
	273	153	41.250000	35.250000	1.012843e+05	4.513463e-05
	285	157	44.250000	34.250000	1.012843e+05	1.582417e-04
	32	161	-19.000000	33.250000	1.015433e+05	5.768127e-05
