2022	2	10	7	0
	168	8	15.000000	71.500000	9.682655e+04	6.259517e-05
	169	8	15.250000	71.500000	9.683255e+04	8.083886e-05
	148	22	10.000000	68.000000	9.650393e+04	4.481057e-04
	59	56	-12.250000	59.500000	9.859255e+04	4.814576e-04
	152	106	11.000000	47.000000	1.022484e+05	-4.121983e-05
	139	110	7.750000	46.000000	1.022484e+05	-7.589332e-05
	248	150	35.000000	36.000000	1.008006e+05	9.328187e-05
2022	2	10	8	6
	176	5	17.000000	72.250000	9.718934e+04	1.480832e-04
	8	6	-25.000000	72.000000	1.002969e+05	-1.577471e-05
	169	14	15.250000	70.000000	9.682710e+04	9.004692e-06
	4	17	-26.000000	69.250000	1.002969e+05	4.522581e-05
	166	23	14.500000	67.750000	9.682710e+04	3.507581e-04
	78	59	-7.500000	58.750000	9.904505e+04	4.835511e-04
	158	106	12.500000	47.000000	1.021484e+05	-3.814131e-05
	249	152	35.250000	35.500000	1.010342e+05	8.559698e-05
2022	2	10	8	12
	181	4	18.250000	72.500000	9.731907e+04	1.045641e-04
	8	6	-25.000000	72.000000	1.002394e+05	-1.655375e-05
	21	20	-21.750000	68.500000	1.001996e+05	8.123955e-05
	190	28	20.500000	66.500000	9.761338e+04	1.551543e-04
	94	63	-3.500000	57.750000	9.996950e+04	3.582085e-04
	137	117	7.250000	44.250000	1.022593e+05	1.229472e-04
	284	139	44.000000	38.750000	1.009710e+05	3.363310e-05
	269	156	40.250000	34.500000	1.010245e+05	3.291976e-05
2022	2	10	10	18
	212	0	26.000000	73.500000	9.753620e+04	1.126438e-05
	9	6	-24.750000	72.000000	9.999781e+04	-4.023685e-05
	188	7	20.000000	71.750000	9.753620e+04	1.871177e-04
	9	14	-24.750000	70.000000	9.975496e+04	-7.811012e-07
	41	16	-16.750000	69.500000	9.975496e+04	1.397045e-04
	210	29	25.500000	66.250000	9.807976e+04	1.388099e-04
	111	68	0.750000	56.500000	1.004848e+05	2.860294e-04
	137	117	7.250000	44.250000	1.022623e+05	1.080426e-04
	87	156	-5.250000	34.500000	1.021114e+05	3.979480e-06
	89	157	-4.750000	34.250000	1.021114e+05	-1.673527e-05
2022	2	11	5	0
	218	0	27.500000	73.500000	9.772351e+04	2.367501e-05
	204	7	24.000000	71.750000	9.772351e+04	1.846639e-04
	53	13	-13.750000	70.250000	9.935720e+04	2.037522e-04
	0	72	-27.000000	55.500000	9.978845e+04	1.426107e-04
	123	74	3.750000	55.000000	1.009334e+05	3.275961e-04
2022	2	11	5	6
	220	0	28.000000	73.500000	9.797222e+04	-2.150217e-05
	214	8	26.500000	71.500000	9.797222e+04	1.742121e-04
	59	13	-12.250000	70.250000	9.926490e+04	2.256107e-04
	1	62	-26.750000	58.000000	9.917982e+04	1.218735e-04
	135	80	6.750000	53.500000	1.014170e+05	2.262687e-04
2022	2	11	4	12
	223	9	28.750000	71.250000	9.831390e+04	2.134515e-04
	75	17	-8.250000	69.250000	9.948992e+04	2.358137e-04
	115	17	1.750000	69.250000	9.952804e+04	1.085738e-04
	135	119	6.750000	43.750000	1.020133e+05	1.002890e-04
2022	2	11	7	18
	236	0	32.000000	73.500000	9.850530e+04	2.636914e-05
	237	0	32.250000	73.500000	9.850530e+04	1.691650e-05
	233	11	31.250000	70.750000	9.850530e+04	2.151276e-04
	125	17	4.250000	69.250000	9.920582e+04	1.631769e-04
	22	55	-21.500000	59.750000	9.881091e+04	1.353204e-04
	23	64	-21.250000	57.500000	9.881091e+04	1.175732e-04
	135	124	6.750000	42.500000	1.021357e+05	5.143646e-05
2022	2	12	7	0
	245	0	34.250000	73.500000	9.865000e+04	3.551331e-05
	246	0	34.500000	73.500000	9.865000e+04	3.419992e-05
	241	11	33.250000	70.750000	9.865000e+04	1.944057e-04
	148	18	10.000000	69.000000	9.881840e+04	2.004332e-04
	40	51	-17.000000	60.750000	9.870691e+04	1.374653e-04
	22	55	-21.500000	59.750000	9.870691e+04	2.021226e-04
	40	59	-17.000000	58.750000	9.870691e+04	8.402231e-05
2022	2	12	4	6
	245	16	34.250000	69.500000	9.867601e+04	2.580145e-04
	156	20	12.000000	68.500000	9.909011e+04	2.931225e-04
	33	53	-18.750000	60.250000	9.852994e+04	1.915511e-04
	52	54	-14.000000	60.000000	9.852994e+04	9.953520e-05
2022	2	12	3	12
	258	0	37.500000	73.500000	9.900245e+04	4.813191e-05
	252	17	36.000000	69.250000	9.883201e+04	2.138707e-04
	68	52	-10.000000	60.500000	9.850067e+04	1.258727e-04
2022	2	12	2	18
	257	18	37.250000	69.000000	9.898434e+04	1.030267e-04
	81	50	-6.750000	61.000000	9.837298e+04	1.100740e-04
2022	2	13	2	0
	100	47	-2.000000	61.750000	9.831962e+04	1.460293e-04
	42	101	-16.500000	48.250000	1.000761e+05	1.548467e-04
2022	2	13	2	6
	165	3	14.250000	72.750000	9.886645e+04	2.329983e-04
	60	99	-12.000000	48.750000	9.920786e+04	2.313228e-04
2022	2	13	4	12
	178	4	17.500000	72.500000	9.884235e+04	3.172490e-04
	144	38	9.000000	64.000000	9.823127e+04	1.416436e-04
	75	97	-8.250000	49.250000	9.864701e+04	3.233709e-04
	271	120	40.750000	43.500000	1.026789e+05	5.716397e-05
2022	2	13	3	18
	182	6	18.500000	72.000000	9.878219e+04	2.869025e-04
	163	37	13.750000	64.250000	9.830274e+04	3.900601e-05
	92	95	-4.000000	49.750000	9.822270e+04	3.365315e-04
2022	2	14	5	0
	183	11	18.750000	70.750000	9.891409e+04	2.305496e-04
	1	17	-26.750000	69.250000	9.974312e+04	5.269252e-05
	213	28	26.250000	66.500000	9.843588e+04	1.207623e-04
	205	36	24.250000	64.500000	9.843588e+04	1.728494e-05
	108	88	0.000000	51.500000	9.807486e+04	2.673598e-04
2022	2	14	2	6
	224	26	29.000000	67.000000	9.850067e+04	8.492931e-05
	120	82	3.000000	53.000000	9.799985e+04	3.066707e-04
2022	2	14	8	12
	6	7	-25.500000	71.750000	9.991451e+04	7.224838e-06
	238	9	32.500000	71.250000	9.857445e+04	1.627505e-04
	288	13	45.000000	70.250000	9.961420e+04	1.499223e-05
	0	16	-27.000000	69.500000	9.950067e+04	-4.331782e-06
	0	51	-27.000000	60.750000	9.800584e+04	1.147635e-04
	136	71	7.000000	55.750000	9.841069e+04	1.770431e-04
	132	79	6.000000	53.750000	9.841069e+04	2.461813e-04
	137	120	7.250000	43.500000	1.009850e+05	1.513588e-04
2022	2	14	5	18
	240	7	33.000000	71.750000	9.845792e+04	1.997678e-04
	1	43	-26.750000	62.750000	9.733649e+04	1.888513e-04
	150	67	10.500000	56.750000	9.870105e+04	1.272346e-04
	137	120	7.250000	43.500000	1.008643e+05	8.902830e-05
	280	121	43.000000	43.250000	1.018548e+05	9.529860e-06
2022	2	15	5	0
	241	8	33.250000	71.500000	9.835610e+04	2.282331e-04
	3	38	-26.250000	64.000000	9.712468e+04	2.408093e-04
	27	39	-20.250000	63.750000	9.712468e+04	8.817160e-05
	160	64	13.000000	57.500000	9.879906e+04	1.579764e-04
	280	121	43.000000	43.250000	1.018816e+05	2.274048e-05
2022	2	15	6	6
	250	10	35.500000	71.000000	9.817900e+04	1.756736e-04
	0	31	-27.000000	65.750000	9.720731e+04	1.357167e-04
	178	62	17.500000	58.000000	9.883038e+04	1.273715e-04
	147	119	9.750000	43.750000	1.010543e+05	8.157418e-05
	280	121	43.000000	43.250000	1.020229e+05	-1.388751e-06
	166	124	14.500000	42.500000	1.010596e+05	4.185291e-05
2022	2	15	10	12
	6	7	-25.500000	71.750000	9.896677e+04	2.669510e-05
	252	9	36.000000	71.250000	9.816225e+04	2.206246e-04
	288	12	45.000000	70.500000	9.883269e+04	5.900488e-05
	0	26	-27.000000	67.000000	9.756588e+04	1.429216e-04
	22	28	-21.500000	66.500000	9.756588e+04	1.440636e-04
	47	38	-15.250000	64.000000	9.768566e+04	2.333488e-04
	189	57	20.250000	59.250000	9.883473e+04	1.380812e-04
	9	78	-24.750000	54.000000	9.804015e+04	2.770424e-04
	161	114	13.250000	45.000000	1.010298e+05	8.289677e-05
	167	126	14.750000	42.000000	1.010229e+05	1.265570e-04
2022	2	15	8	18
	6	7	-25.500000	71.750000	9.847957e+04	7.821503e-06
	260	13	38.000000	70.250000	9.821902e+04	2.477981e-04
	43	28	-16.250000	66.500000	9.766933e+04	3.145481e-04
	191	56	20.750000	59.500000	9.880601e+04	2.459567e-04
	30	73	-19.500000	55.250000	9.789952e+04	2.961749e-04
	167	119	14.750000	43.750000	1.010712e+05	1.852254e-04
	281	121	43.250000	43.250000	1.020587e+05	-5.528415e-07
	272	131	41.000000	40.750000	1.019801e+05	1.938380e-05
2022	2	16	9	0
	274	13	41.500000	70.250000	9.826734e+04	2.641729e-04
	19	20	-22.250000	68.500000	9.753865e+04	2.951097e-04
	198	55	22.500000	59.750000	9.887135e+04	2.116011e-04
	152	66	11.000000	57.000000	9.956942e+04	1.858696e-04
	0	70	-27.000000	56.000000	9.655688e+04	1.373011e-04
	166	121	14.500000	43.250000	1.012977e+05	1.696669e-04
	281	121	43.250000	43.250000	1.019522e+05	5.679761e-06
	178	125	17.500000	42.250000	1.012977e+05	8.337754e-05
	163	131	13.750000	40.750000	1.012977e+05	2.206799e-05
2022	2	16	8	6
	276	11	42.000000	70.750000	9.829525e+04	2.131844e-04
	277	11	42.250000	70.750000	9.829525e+04	2.262756e-04
	277	12	42.250000	70.500000	9.829525e+04	2.301449e-04
	219	49	27.750000	61.250000	9.918309e+04	7.126165e-05
	205	55	24.250000	59.750000	9.918309e+04	1.699532e-04
	14	61	-23.500000	58.250000	9.551877e+04	3.449839e-04
	281	121	43.250000	43.250000	1.020143e+05	-4.033637e-06
	182	129	18.500000	41.250000	1.015543e+05	3.310519e-05
2022	2	16	3	12
	282	12	43.500000	70.500000	9.838646e+04	2.710572e-04
	43	51	-16.250000	60.750000	9.526244e+04	2.603228e-04
	213	54	26.250000	60.000000	9.948366e+04	1.189071e-04
2022	2	16	2	18
	287	12	44.750000	70.500000	9.843737e+04	1.346253e-04
	70	45	-9.500000	62.250000	9.515694e+04	3.038251e-04
2022	2	17	5	0
	243	8	33.750000	71.500000	9.875346e+04	1.303406e-04
	84	42	-6.000000	63.000000	9.543695e+04	2.175057e-04
	106	46	-0.500000	62.000000	9.543695e+04	1.701744e-04
	151	59	10.750000	58.750000	9.738223e+04	2.590251e-04
	137	117	7.250000	44.250000	1.020610e+05	5.347028e-05
2022	2	17	2	6
	244	10	34.000000	71.000000	9.865940e+04	1.070363e-04
	118	43	2.500000	62.750000	9.561079e+04	2.087623e-04
2022	2	17	9	12
	285	1	44.250000	73.250000	9.822052e+04	2.045011e-04
	251	12	35.750000	70.500000	9.846527e+04	7.304491e-05
	288	15	45.000000	69.750000	9.843016e+04	-2.361382e-05
	124	44	4.000000	62.500000	9.641041e+04	2.576115e-04
	138	51	7.500000	60.750000	9.641041e+04	-2.371593e-05
	191	56	20.750000	59.500000	9.714986e+04	1.936392e-04
	208	57	25.000000	59.250000	9.714986e+04	2.339488e-04
	288	153	45.000000	35.250000	1.015166e+05	-8.933142e-06
	288	162	45.000000	33.000000	1.015166e+05	1.096270e-04
2022	2	17	5	18
	279	0	42.750000	73.500000	9.816062e+04	1.477017e-04
	257	13	37.250000	70.250000	9.845139e+04	6.775814e-05
	258	13	37.500000	70.250000	9.843615e+04	5.991641e-05
	144	44	9.000000	62.500000	9.748148e+04	-3.678304e-06
	218	54	27.500000	60.000000	9.677292e+04	2.727463e-04
2022	2	18	3	0
	146	39	9.500000	63.750000	9.839435e+04	1.492832e-04
	221	55	28.250000	59.750000	9.672759e+04	2.117566e-04
	5	94	-25.750000	50.000000	1.003017e+05	2.510227e-04
2022	2	18	8	6
	264	0	39.000000	73.500000	9.864170e+04	3.586770e-05
	261	15	38.250000	69.750000	9.861584e+04	1.251779e-04
	158	42	12.500000	63.000000	9.915831e+04	9.289802e-05
	266	51	39.500000	60.750000	9.692416e+04	1.049733e-04
	240	55	33.000000	59.750000	9.689544e+04	9.898921e-05
	10	91	-24.500000	50.750000	1.001078e+05	2.363344e-04
	0	96	-27.000000	49.500000	1.008837e+05	1.276951e-04
	0	108	-27.000000	46.500000	1.008888e+05	1.745727e-05
2022	2	18	2	12
	287	46	44.750000	62.000000	9.717995e+04	1.005518e-04
	24	82	-21.000000	53.000000	1.000106e+05	2.413454e-04
2022	2	18	2	18
	279	51	42.750000	60.750000	9.766362e+04	7.036069e-05
	42	72	-16.500000	55.500000	9.961992e+04	2.483509e-04
2022	2	19	4	0
	92	65	-4.000000	57.250000	9.957568e+04	1.333785e-04
	65	67	-10.750000	56.750000	9.956070e+04	1.938044e-04
	66	67	-10.500000	56.750000	9.956070e+04	1.811039e-04
	286	122	44.500000	43.000000	1.003693e+05	-8.852821e-06
2022	2	19	6	6
	220	0	28.000000	73.500000	9.866171e+04	1.423347e-04
	0	56	-27.000000	59.500000	9.881227e+04	6.895454e-05
	276	58	42.000000	59.000000	9.869384e+04	1.070587e-04
	108	63	0.000000	57.750000	9.922106e+04	2.487066e-04
	245	153	34.250000	35.250000	1.004903e+05	1.071424e-04
	0	155	-27.000000	34.750000	1.012458e+05	3.792421e-05
2022	2	19	5	12
	222	3	28.500000	72.750000	9.876149e+04	2.294324e-04
	122	64	3.500000	57.500000	9.904192e+04	3.346011e-04
	139	64	7.750000	57.500000	9.904192e+04	2.494687e-04
	247	151	34.750000	35.750000	9.991396e+04	2.080704e-04
	257	156	37.250000	34.500000	9.991396e+04	-6.108214e-05
2022	2	19	9	18
	226	7	29.500000	71.750000	9.881173e+04	2.928014e-04
	256	9	37.000000	71.250000	9.881173e+04	9.837161e-05
	257	9	37.250000	71.250000	9.881173e+04	9.621628e-05
	0	59	-27.000000	58.750000	9.684848e+04	2.801438e-04
	288	60	45.000000	58.500000	9.944323e+04	2.651460e-04
	152	66	11.000000	57.000000	9.921671e+04	2.141918e-04
	268	148	40.000000	36.500000	1.000883e+05	1.437762e-04
	248	151	35.000000	35.750000	9.973740e+04	2.374980e-04
	7	154	-25.250000	35.000000	1.011824e+05	1.833313e-04
2022	2	20	7	0
	2	6	-26.500000	72.000000	1.010398e+05	5.185795e-05
	262	11	38.500000	70.750000	9.922148e+04	1.073203e-04
	228	13	30.000000	70.250000	9.922148e+04	3.356239e-04
	0	42	-27.000000	63.000000	9.670554e+04	2.144736e-04
	174	72	16.500000	55.500000	9.947045e+04	2.167724e-04
	265	146	39.250000	37.000000	9.987108e+04	1.400192e-04
	250	151	35.500000	35.750000	9.970650e+04	2.221408e-04
