2022	2	14	7	0
	6	6	-25.500000	72.000000	9.976021e+04	-3.945481e-05
	222	10	28.500000	71.000000	9.837331e+04	1.325438e-04
	194	12	21.500000	70.500000	9.837331e+04	1.169154e-04
	1	17	-26.750000	69.250000	9.976021e+04	7.224854e-06
	221	20	28.250000	68.500000	9.837331e+04	9.053327e-05
	104	71	-1.000000	55.750000	9.852029e+04	1.246574e-04
	139	107	7.750000	46.750000	1.005383e+05	-1.481205e-04
2022	2	14	4	3
	213	9	26.250000	71.250000	9.807068e+04	2.096210e-04
	116	61	2.000000	58.250000	9.846350e+04	7.169414e-05
	108	70	0.000000	56.000000	9.846350e+04	1.548378e-04
	109	70	0.250000	56.000000	9.846350e+04	1.285342e-04
2022	2	14	2	6
	216	9	27.000000	71.250000	9.795861e+04	2.604581e-04
	108	71	0.000000	55.750000	9.845933e+04	1.774033e-04
2022	2	14	3	9
	224	8	29.000000	71.500000	9.798834e+04	2.186334e-04
	0	54	-27.000000	60.000000	9.796345e+04	1.314087e-04
	124	69	4.000000	56.250000	9.852513e+04	8.277393e-05
2022	2	14	3	12
	225	9	29.250000	71.250000	9.800671e+04	2.212828e-04
	1	50	-26.750000	61.000000	9.753072e+04	1.920196e-04
	129	66	5.250000	57.000000	9.839787e+04	1.728558e-04
2022	2	14	4	15
	6	7	-25.500000	71.750000	9.982001e+04	2.557557e-05
	243	14	33.750000	70.000000	9.812045e+04	1.975068e-04
	0	45	-27.000000	62.250000	9.713673e+04	1.541850e-04
	134	62	6.500000	58.000000	9.825707e+04	2.413540e-04
2022	2	14	4	18
	251	13	35.750000	70.250000	9.812379e+04	1.625224e-04
	252	13	36.000000	70.250000	9.812379e+04	1.563116e-04
	0	42	-27.000000	63.000000	9.691392e+04	1.375464e-04
	138	60	7.500000	58.500000	9.841189e+04	2.426633e-04
2022	2	14	8	21
	234	11	31.500000	70.750000	9.810108e+04	2.382556e-04
	259	13	37.750000	70.250000	9.810108e+04	1.706783e-04
	0	38	-27.000000	64.000000	9.691509e+04	1.367158e-04
	27	39	-20.250000	63.750000	9.691509e+04	-1.522948e-05
	127	52	4.750000	60.500000	9.857741e+04	8.332224e-05
	128	52	5.000000	60.500000	9.857741e+04	5.725301e-05
	143	58	8.750000	59.000000	9.857741e+04	2.364325e-04
	138	121	7.500000	43.250000	1.011568e+05	1.263808e-04
2022	2	15	7	0
	263	12	38.750000	70.500000	9.812295e+04	1.675872e-04
	264	12	39.000000	70.500000	9.812295e+04	1.815416e-04
	0	37	-27.000000	64.250000	9.721055e+04	1.074163e-04
	27	39	-20.250000	63.750000	9.721055e+04	4.276190e-05
	126	51	4.500000	60.750000	9.864955e+04	1.204410e-04
	149	55	10.250000	59.750000	9.864905e+04	2.690110e-04
	146	118	9.500000	44.000000	1.011391e+05	1.519637e-04
2022	2	15	6	3
	245	7	34.250000	71.750000	9.820930e+04	1.210518e-04
	267	12	39.750000	70.500000	9.820930e+04	1.946134e-04
	24	35	-21.000000	64.750000	9.734816e+04	-5.579078e-05
	125	51	4.250000	60.750000	9.865139e+04	1.200305e-04
	152	52	11.000000	60.500000	9.864738e+04	2.942418e-04
	154	117	11.500000	44.250000	1.009966e+05	9.528132e-05
2022	2	15	7	6
	274	11	41.500000	70.750000	9.831586e+04	1.565079e-04
	246	12	34.500000	70.500000	9.831586e+04	2.000420e-04
	33	42	-18.750000	63.000000	9.740812e+04	2.322035e-04
	125	49	4.250000	61.250000	9.860312e+04	1.451197e-04
	153	50	11.250000	61.000000	9.858977e+04	2.986011e-04
	0	87	-27.000000	51.750000	9.908530e+04	1.035612e-04
	158	113	12.500000	45.250000	1.010334e+05	1.277907e-04
2022	2	15	9	9
	6	7	-25.500000	71.750000	9.955195e+04	1.275619e-05
	276	11	42.000000	70.750000	9.845080e+04	1.848689e-04
	0	32	-27.000000	65.500000	9.735869e+04	4.732711e-05
	0	33	-27.000000	65.250000	9.735869e+04	2.187857e-05
	28	38	-20.000000	64.000000	9.727418e+04	1.885143e-04
	125	48	4.250000	61.500000	9.853448e+04	1.663832e-04
	157	48	12.250000	61.500000	9.855653e+04	2.331372e-04
	6	84	-25.500000	52.500000	9.870050e+04	2.137973e-04
	160	111	13.000000	45.750000	1.010760e+05	1.242721e-04
2022	2	15	9	12
	279	10	42.750000	71.000000	9.858459e+04	2.253714e-04
	280	10	43.000000	71.000000	9.858459e+04	2.355393e-04
	16	33	-23.000000	65.250000	9.740812e+04	2.087703e-04
	52	45	-14.000000	62.250000	9.778191e+04	2.584875e-04
	159	46	12.750000	62.000000	9.859294e+04	1.858817e-04
	125	47	4.250000	61.750000	9.856221e+04	1.769992e-04
	15	81	-23.250000	53.250000	9.851895e+04	2.198540e-04
	160	111	13.000000	45.750000	1.011453e+05	1.171233e-04
	155	162	11.750000	33.000000	1.016587e+05	5.306341e-05
2022	2	15	9	15
	281	10	43.250000	71.000000	9.866993e+04	2.407105e-04
	0	28	-27.000000	66.500000	9.746424e+04	1.264728e-04
	36	35	-18.000000	64.750000	9.771293e+04	7.582075e-05
	0	36	-27.000000	64.500000	9.746424e+04	-3.007292e-05
	49	42	-14.750000	63.000000	9.771477e+04	2.552566e-04
	164	45	14.000000	62.250000	9.854049e+04	1.896502e-04
	20	79	-22.000000	53.750000	9.811661e+04	2.608515e-04
	0	83	-27.000000	52.750000	9.836212e+04	1.130871e-04
	158	162	12.500000	33.000000	1.015571e+05	3.989749e-06
2022	2	15	4	18
	285	10	44.250000	71.000000	9.880855e+04	1.921594e-04
	43	39	-16.250000	63.750000	9.765430e+04	2.317608e-04
	36	76	-18.000000	54.500000	9.794993e+04	2.521441e-04
	161	162	13.250000	33.000000	1.015678e+05	-5.166210e-06
2022	2	15	4	21
	33	34	-18.750000	65.000000	9.774399e+04	1.991627e-04
	123	58	3.750000	59.000000	9.817239e+04	1.851984e-04
	47	75	-15.250000	54.750000	9.794124e+04	2.358006e-04
	162	161	13.500000	33.250000	1.016699e+05	1.821327e-05
2022	2	16	3	0
	124	57	4.000000	59.250000	9.811611e+04	1.667412e-04
	67	74	-10.250000	55.000000	9.795978e+04	2.139260e-04
	164	161	14.000000	33.250000	1.016442e+05	7.634387e-05
2022	2	16	7	3
	288	10	45.000000	71.000000	9.902551e+04	9.348671e-05
	0	39	-27.000000	63.750000	9.742967e+04	4.266820e-05
	125	57	4.250000	59.250000	9.804780e+04	1.430296e-04
	5	71	-25.750000	55.750000	9.712270e+04	2.905941e-04
	87	75	-5.250000	54.750000	9.810642e+04	1.853464e-04
	169	160	15.250000	33.500000	1.015247e+05	3.669614e-05
	169	161	15.250000	33.250000	1.015247e+05	3.203740e-05
2022	2	16	3	6
	11	69	-24.250000	56.250000	9.663534e+04	3.742789e-04
	108	78	0.000000	54.000000	9.810058e+04	1.975569e-04
	137	116	7.250000	44.500000	1.008762e+05	9.414198e-05
2022	2	16	4	9
	19	68	-22.250000	56.500000	9.649238e+04	4.202160e-04
	126	79	4.500000	53.750000	9.805364e+04	2.020190e-04
	138	117	7.500000	44.250000	1.010155e+05	1.498191e-04
	176	153	17.000000	35.250000	1.015511e+05	1.113054e-04
2022	2	16	5	12
	124	35	4.000000	64.750000	9.785907e+04	1.588312e-04
	31	67	-19.250000	56.750000	9.661430e+04	3.391710e-04
	143	81	8.750000	53.250000	9.804546e+04	2.343556e-04
	137	119	7.250000	43.750000	1.011722e+05	1.551053e-04
	179	151	17.750000	35.750000	1.012667e+05	1.340045e-04
2022	2	16	6	15
	286	7	44.500000	71.750000	9.911920e+04	1.855441e-04
	120	35	3.000000	64.750000	9.772529e+04	1.527012e-04
	64	62	-11.000000	58.000000	9.678332e+04	1.668985e-04
	46	66	-15.500000	57.000000	9.678332e+04	2.175913e-04
	155	81	11.750000	53.250000	9.798416e+04	2.513402e-04
	183	150	18.750000	36.000000	1.010982e+05	1.474821e-04
2022	2	16	6	18
	282	9	43.500000	71.250000	9.912522e+04	1.880674e-04
	67	61	-10.250000	58.250000	9.687016e+04	1.500877e-04
	101	75	-1.750000	54.750000	9.735167e+04	2.427218e-04
	169	82	15.250000	53.000000	9.793957e+04	2.267871e-04
	136	115	7.000000	44.750000	1.006745e+05	6.852305e-05
	183	148	18.750000	36.500000	1.010242e+05	1.895946e-04
2022	2	16	7	21
	283	10	43.750000	71.000000	9.917766e+04	1.823143e-04
	71	62	-9.250000	58.000000	9.709180e+04	1.651306e-04
	115	75	1.750000	54.750000	9.684779e+04	3.056577e-04
	181	82	18.250000	53.000000	9.793055e+04	2.096348e-04
	182	82	18.500000	53.000000	9.793055e+04	2.197927e-04
	150	109	10.500000	46.250000	9.987328e+04	2.480759e-05
	184	147	19.000000	36.750000	1.009866e+05	2.361656e-04
2022	2	17	5	0
	286	11	44.500000	70.750000	9.922392e+04	1.362028e-04
	129	76	5.250000	54.500000	9.690991e+04	3.076615e-04
	139	117	7.750000	44.250000	1.005641e+05	1.279370e-04
	184	150	19.000000	36.000000	1.007842e+05	2.075849e-04
	196	150	22.000000	36.000000	1.007842e+05	4.540191e-05
2022	2	17	5	3
	288	12	45.000000	70.500000	9.927854e+04	7.955677e-05
	27	44	-20.250000	62.500000	9.862033e+04	1.884020e-04
	145	77	9.250000	54.250000	9.703685e+04	3.118103e-04
	281	121	43.250000	43.250000	1.012433e+05	-1.467164e-05
	187	152	19.750000	35.500000	1.005412e+05	2.031360e-04
2022	2	17	5	6
	25	44	-20.750000	62.500000	9.865089e+04	2.123558e-04
	164	80	14.000000	53.500000	9.716195e+04	2.491657e-04
	178	84	17.500000	52.500000	9.716195e+04	1.924222e-04
	281	121	43.250000	43.250000	1.011558e+05	3.930355e-06
	190	152	20.500000	35.500000	1.005587e+05	2.087910e-04
2022	2	17	5	9
	23	43	-21.250000	62.750000	9.872455e+04	2.085040e-04
	192	84	21.000000	52.500000	9.715443e+04	2.043540e-04
	0	116	-27.000000	44.500000	1.007965e+05	7.335582e-05
	281	121	43.250000	43.250000	1.009921e+05	2.716204e-05
	190	153	20.500000	35.250000	1.006858e+05	2.240161e-04
2022	2	17	6	12
	21	43	-21.750000	62.750000	9.872855e+04	2.355405e-04
	200	83	23.000000	52.750000	9.709698e+04	1.372800e-04
	156	109	12.000000	46.250000	9.971378e+04	6.682590e-05
	0	114	-27.000000	45.000000	1.001153e+05	1.308345e-04
	279	120	42.750000	43.500000	1.008031e+05	2.044138e-05
	191	155	20.750000	34.750000	1.006404e+05	2.158374e-04
2022	2	17	6	15
	20	42	-22.000000	63.000000	9.876280e+04	2.233032e-04
	216	60	27.000000	58.500000	9.729338e+04	8.238275e-05
	211	83	25.750000	52.750000	9.721623e+04	1.345402e-04
	3	109	-26.250000	46.250000	9.932213e+04	3.963027e-04
	153	111	11.250000	45.750000	1.001392e+05	1.301168e-04
	194	158	21.500000	34.000000	1.006355e+05	1.790785e-04
2022	2	17	7	18
	140	35	8.000000	64.750000	9.818575e+04	6.091908e-05
	141	35	8.250000	64.750000	9.818575e+04	5.772042e-05
	19	41	-22.250000	63.250000	9.884363e+04	1.948536e-04
	217	56	27.250000	59.500000	9.731359e+04	9.873117e-05
	219	82	27.750000	53.000000	9.739276e+04	1.376183e-04
	30	102	-19.500000	48.000000	9.906209e+04	1.847874e-04
	10	109	-24.500000	46.250000	9.905090e+04	5.448045e-04
2022	2	17	3	21
	18	40	-22.500000	63.500000	9.893448e+04	1.913159e-04
	219	53	27.750000	60.250000	9.732412e+04	9.730479e-05
	18	109	-22.500000	46.250000	9.884580e+04	5.763019e-04
2022	2	18	5	0
	144	33	9.000000	65.250000	9.822033e+04	9.754470e-05
	15	38	-23.250000	64.000000	9.903019e+04	1.968549e-04
	221	49	28.250000	61.250000	9.734533e+04	1.030907e-04
	33	97	-18.750000	49.250000	9.866141e+04	3.186687e-04
	29	106	-19.750000	47.000000	9.866141e+04	5.430669e-04
2022	2	18	7	3
	137	20	7.250000	68.500000	9.828262e+04	6.874014e-05
	146	33	9.500000	65.250000	9.823786e+04	1.067096e-04
	12	37	-24.000000	64.250000	9.903236e+04	2.160717e-04
	222	47	28.500000	61.750000	9.733013e+04	1.134434e-04
	45	93	-15.750000	50.250000	9.832688e+04	3.016636e-04
	39	101	-17.250000	48.250000	9.832688e+04	4.612614e-04
	40	101	-17.000000	48.250000	9.832688e+04	4.178940e-04
2022	2	18	6	6
	137	21	7.250000	68.250000	9.823602e+04	1.099263e-04
	148	33	10.000000	65.250000	9.824070e+04	1.207711e-04
	8	35	-25.000000	64.750000	9.899545e+04	2.422652e-04
	223	45	28.750000	62.250000	9.736721e+04	1.377302e-04
	59	88	-12.250000	51.500000	9.805732e+04	3.150917e-04
	50	96	-14.500000	49.500000	9.805732e+04	3.845676e-04
2022	2	18	8	9
	6	7	-25.500000	71.750000	1.005106e+05	-4.203687e-05
	137	23	7.250000	67.750000	9.828145e+04	1.501553e-04
	2	33	-26.500000	65.250000	9.901733e+04	1.913028e-04
	288	33	45.000000	65.250000	9.906843e+04	1.168751e-04
	225	44	29.250000	62.500000	9.746491e+04	1.129023e-04
	0	45	-27.000000	62.250000	9.905140e+04	-4.320401e-05
	68	83	-10.000000	52.750000	9.789999e+04	3.758907e-04
	62	91	-11.500000	50.750000	9.789999e+04	3.236857e-04
2022	2	18	4	12
	143	24	8.750000	67.500000	9.831552e+04	1.121585e-04
	229	40	30.250000	63.500000	9.753823e+04	6.949403e-05
	76	81	-8.000000	53.250000	9.754892e+04	3.822777e-04
	234	137	31.500000	39.250000	1.001452e+05	6.332743e-05
2022	2	18	6	15
	147	23	9.750000	67.750000	9.827227e+04	9.455177e-05
	147	24	9.750000	67.500000	9.827227e+04	1.018064e-04
	233	37	31.250000	64.250000	9.760003e+04	7.117674e-05
	0	60	-27.000000	58.500000	9.867244e+04	4.694401e-05
	86	77	-5.500000	54.250000	9.693580e+04	4.074431e-04
	237	139	32.250000	38.750000	1.003221e+05	8.921489e-05
2022	2	18	8	18
	148	22	10.000000	68.000000	9.818258e+04	7.363700e-05
	236	34	32.000000	65.000000	9.757398e+04	6.838538e-05
	0	55	-27.000000	59.750000	9.811962e+04	9.325348e-05
	94	74	-3.500000	55.000000	9.654098e+04	4.135822e-04
	120	125	3.000000	42.250000	1.012261e+05	7.856433e-05
	107	130	-0.250000	41.000000	1.012261e+05	2.777469e-05
	244	144	34.000000	37.500000	1.003030e+05	-2.652704e-05
	227	150	29.750000	36.000000	1.002462e+05	1.720467e-04
2022	2	18	8	21
	6	7	-25.500000	71.750000	1.003236e+05	-3.985441e-05
	152	22	11.000000	68.000000	9.806567e+04	7.651055e-05
	243	29	33.750000	66.250000	9.751352e+04	1.031140e-04
	0	51	-27.000000	60.750000	9.802742e+04	1.103227e-04
	108	68	0.000000	56.500000	9.611291e+04	3.463708e-04
	108	130	0.000000	41.000000	1.014496e+05	5.938801e-05
	240	151	33.000000	35.750000	1.001803e+05	3.863470e-05
	230	152	30.500000	35.500000	1.001803e+05	1.610793e-04
2022	2	19	8	0
	154	23	11.500000	67.750000	9.792237e+04	7.911807e-05
	243	28	33.750000	66.500000	9.747560e+04	1.083520e-04
	0	48	-27.000000	61.500000	9.807786e+04	9.235790e-05
	18	55	-22.500000	59.750000	9.799335e+04	1.981585e-04
	117	66	2.250000	57.000000	9.581980e+04	3.115682e-04
	128	122	5.000000	43.000000	1.014720e+05	1.440399e-04
	110	125	0.500000	42.250000	1.014835e+05	3.532565e-05
	230	155	30.500000	34.750000	1.000784e+05	1.867317e-04
2022	2	19	7	3
	155	21	11.750000	68.250000	9.774884e+04	8.229018e-05
	247	22	34.750000	68.000000	9.743635e+04	8.496565e-05
	0	47	-27.000000	61.750000	9.817891e+04	1.032971e-04
	20	53	-22.000000	60.250000	9.798801e+04	1.887062e-04
	130	68	5.500000	56.500000	9.586072e+04	2.134752e-04
	236	148	32.000000	36.500000	1.000005e+05	-3.947746e-05
	231	158	30.750000	34.000000	1.000005e+05	1.839891e-04
2022	2	19	7	6
	247	16	34.750000	69.500000	9.730791e+04	1.066553e-04
	156	20	12.000000	68.500000	9.761723e+04	7.280106e-05
	22	52	-21.500000	60.500000	9.801991e+04	1.875700e-04
	145	64	9.250000	57.500000	9.609421e+04	1.657530e-04
	136	116	7.000000	44.500000	1.013485e+05	1.187513e-04
	236	148	32.000000	36.500000	1.002875e+05	-6.262031e-05
	234	161	31.500000	33.250000	1.001955e+05	1.348150e-04
2022	2	19	8	9
	245	14	34.250000	70.000000	9.723126e+04	1.101295e-04
	154	19	11.500000	68.750000	9.762241e+04	4.618681e-05
	22	51	-21.500000	60.750000	9.803344e+04	1.666425e-04
	24	51	-21.000000	60.750000	9.803344e+04	1.686786e-04
	162	64	13.500000	57.500000	9.628812e+04	2.579550e-04
	136	115	7.000000	44.750000	1.013834e+05	1.204750e-04
	251	157	35.750000	34.250000	1.004764e+05	1.788178e-05
	237	162	32.250000	33.000000	1.004735e+05	1.039090e-04
2022	2	19	5	12
	242	13	33.500000	70.250000	9.718332e+04	1.393348e-04
	0	62	-27.000000	58.000000	9.708812e+04	1.047190e-04
	175	62	16.750000	58.000000	9.639050e+04	1.994827e-04
	137	117	7.250000	44.250000	1.013858e+05	1.175481e-04
	240	162	33.000000	33.000000	1.006912e+05	9.070434e-05
2022	2	19	3	15
	238	11	32.500000	70.750000	9.714241e+04	1.181420e-04
	183	59	18.750000	58.750000	9.654866e+04	1.726854e-04
	136	120	7.000000	43.500000	1.012988e+05	8.826566e-05
2022	2	19	4	18
	236	11	32.000000	70.750000	9.712754e+04	1.272523e-04
	193	58	21.250000	59.000000	9.667576e+04	2.352454e-04
	0	60	-27.000000	58.500000	9.521036e+04	1.828994e-04
	136	120	7.000000	43.500000	1.014080e+05	1.110980e-04
2022	2	19	4	21
	238	10	32.500000	71.000000	9.714006e+04	1.269382e-04
	9	57	-24.750000	59.250000	9.484660e+04	3.955037e-04
	200	57	23.000000	59.250000	9.689505e+04	2.026029e-04
	139	120	7.750000	43.500000	1.015763e+05	7.867380e-05
2022	2	20	8	0
	239	9	32.750000	71.250000	9.716061e+04	1.127522e-04
	240	9	33.000000	71.250000	9.716061e+04	1.183940e-04
	0	53	-27.000000	60.250000	9.513688e+04	1.754234e-04
	17	54	-22.750000	60.000000	9.462480e+04	3.826927e-04
	206	56	24.500000	59.500000	9.713005e+04	2.114698e-04
	139	121	7.750000	43.250000	1.016951e+05	9.000755e-05
	281	147	43.250000	36.750000	1.009624e+05	-3.930220e-05
	286	157	44.500000	34.250000	1.009624e+05	7.154319e-05
