2022	2	16	6	0
	53	38	-13.750000	64.000000	9.770094e+04	2.700421e-04
	185	43	19.250000	62.750000	9.908535e+04	1.483417e-04
	121	51	3.250000	60.750000	9.808802e+04	1.365596e-04
	64	68	-11.000000	56.500000	9.713218e+04	3.487225e-04
	280	121	43.000000	43.250000	1.021284e+05	3.146879e-05
	172	123	16.000000	42.750000	1.015139e+05	3.586000e-05
2022	2	16	4	3
	190	41	20.500000	63.250000	9.899687e+04	1.508341e-04
	120	50	3.000000	61.000000	9.793644e+04	1.110891e-04
	75	67	-8.250000	56.750000	9.713917e+04	3.064052e-04
	280	121	43.000000	43.250000	1.021593e+05	2.921440e-05
2022	2	16	1	6
	99	68	-2.250000	56.500000	9.735765e+04	2.304712e-04
2022	2	16	4	9
	48	67	-15.000000	56.750000	9.761123e+04	1.760532e-04
	112	67	1.000000	56.750000	9.733104e+04	2.525825e-04
	202	125	23.500000	42.250000	1.015823e+05	-6.803172e-05
	181	135	18.250000	39.750000	1.014143e+05	1.552583e-04
2022	2	16	5	12
	121	66	3.250000	57.000000	9.715818e+04	2.395313e-04
	65	68	-10.750000	56.500000	9.731918e+04	2.181919e-04
	137	117	7.250000	44.250000	1.012669e+05	8.991972e-05
	279	120	42.750000	43.500000	1.018613e+05	1.467567e-05
	184	135	19.000000	39.750000	1.012073e+05	1.497722e-04
2022	2	16	5	15
	74	57	-8.500000	59.250000	9.709295e+04	3.603476e-05
	78	66	-7.500000	57.000000	9.709295e+04	2.464727e-04
	132	66	6.000000	57.000000	9.700812e+04	2.691227e-04
	148	67	10.000000	56.750000	9.700812e+04	2.380674e-04
	185	135	19.250000	39.750000	1.011366e+05	1.266001e-04
2022	2	16	6	18
	91	66	-4.250000	57.000000	9.724803e+04	2.657745e-04
	144	66	9.000000	57.000000	9.690656e+04	2.982317e-04
	106	69	-0.500000	56.250000	9.724803e+04	1.812466e-04
	136	116	7.000000	44.500000	1.012229e+05	3.269752e-05
	278	120	42.500000	43.500000	1.021704e+05	-3.097050e-05
	184	131	19.000000	40.750000	1.012118e+05	7.814156e-05
2022	2	16	5	21
	126	41	4.500000	63.250000	9.724940e+04	1.386645e-04
	161	65	13.250000	57.250000	9.673705e+04	2.500994e-04
	119	69	2.750000	56.250000	9.718524e+04	1.998695e-04
	138	117	7.500000	44.250000	1.010860e+05	2.970721e-05
	182	130	18.500000	41.000000	1.012412e+05	9.717918e-05
2022	2	17	5	0
	288	9	45.000000	71.250000	9.910162e+04	1.036746e-04
	126	40	4.500000	63.500000	9.726931e+04	1.402948e-04
	182	61	18.500000	58.250000	9.651265e+04	2.316920e-04
	130	69	5.500000	56.250000	9.715940e+04	2.249374e-04
	138	117	7.500000	44.250000	1.010502e+05	5.057926e-05
2022	2	17	4	3
	125	39	4.250000	63.750000	9.727098e+04	1.268941e-04
	187	59	19.750000	58.750000	9.626559e+04	2.033039e-04
	187	72	19.750000	55.500000	9.627836e+04	1.641056e-04
	137	117	7.250000	44.250000	1.009183e+05	1.196492e-04
2022	2	17	6	6
	285	10	44.250000	71.000000	9.922522e+04	1.260173e-04
	123	39	3.750000	63.750000	9.730170e+04	1.256663e-04
	192	57	21.000000	59.250000	9.614138e+04	2.003943e-04
	200	68	23.000000	56.500000	9.614138e+04	1.388977e-04
	138	117	7.500000	44.250000	1.006978e+05	7.058781e-05
	279	121	42.750000	43.250000	1.016018e+05	-2.628555e-05
2022	2	17	5	9
	123	40	3.750000	63.500000	9.740128e+04	1.342981e-04
	196	57	22.000000	59.250000	9.616555e+04	2.275743e-04
	209	63	25.250000	57.750000	9.616555e+04	1.982932e-04
	0	119	-27.000000	43.750000	1.008815e+05	6.674192e-05
	278	120	42.500000	43.500000	1.015334e+05	-2.597932e-05
2022	2	17	3	12
	125	40	4.250000	63.500000	9.750071e+04	1.191426e-04
	207	55	24.750000	59.750000	9.616768e+04	-3.749726e-05
	9	113	-24.750000	45.250000	1.004086e+05	1.593393e-04
2022	2	17	2	15
	215	50	26.750000	61.000000	9.613302e+04	6.151193e-05
	16	108	-23.000000	46.500000	9.973058e+04	2.478902e-04
2022	2	17	3	18
	214	45	26.500000	62.250000	9.606855e+04	4.560831e-05
	215	45	26.750000	62.250000	9.606855e+04	5.341976e-05
	23	103	-21.250000	47.750000	9.911667e+04	3.436340e-04
2022	2	17	3	21
	217	43	27.250000	62.750000	9.595286e+04	9.184143e-05
	30	99	-19.500000	48.750000	9.860447e+04	4.473097e-04
	154	109	11.500000	46.250000	1.010081e+05	3.730377e-05
2022	2	18	3	0
	288	29	45.000000	66.250000	9.842385e+04	8.705520e-05
	218	40	27.500000	63.500000	9.590998e+04	1.076447e-04
	37	97	-17.750000	49.250000	9.806962e+04	5.194923e-04
2022	2	18	2	3
	217	39	27.250000	63.750000	9.589509e+04	1.154933e-04
	46	95	-15.500000	49.750000	9.782180e+04	5.781364e-04
2022	2	18	5	6
	219	37	27.750000	64.250000	9.592595e+04	1.092148e-04
	37	46	-17.750000	62.000000	9.901602e+04	9.031842e-05
	56	92	-13.000000	50.500000	9.765077e+04	5.466826e-04
	137	117	7.250000	44.250000	1.013148e+05	7.863967e-05
	144	125	9.000000	42.250000	1.013148e+05	1.522924e-04
2022	2	18	5	9
	6	7	-25.500000	71.750000	1.004068e+05	-4.046739e-05
	219	37	27.750000	64.250000	9.605533e+04	1.239659e-04
	39	46	-17.250000	62.000000	9.890991e+04	1.064213e-04
	79	82	-7.250000	53.000000	9.764195e+04	2.294316e-04
	67	89	-10.250000	51.250000	9.764195e+04	4.423265e-04
2022	2	18	4	12
	222	36	28.500000	64.500000	9.620462e+04	1.165000e-04
	26	43	-20.500000	62.750000	9.881595e+04	1.364334e-04
	43	46	-16.250000	62.000000	9.881595e+04	1.307744e-04
	78	87	-7.500000	51.750000	9.776205e+04	3.287554e-04
2022	2	18	8	15
	6	7	-25.500000	71.750000	1.004713e+05	-3.725145e-05
	131	27	5.750000	66.750000	9.807767e+04	8.245245e-05
	132	27	6.000000	66.750000	9.807767e+04	7.736667e-05
	223	35	28.750000	64.750000	9.636380e+04	1.110663e-04
	25	43	-20.750000	62.750000	9.869356e+04	1.319204e-04
	43	44	-16.250000	62.500000	9.869356e+04	1.885316e-04
	91	83	-4.250000	52.750000	9.776327e+04	3.662492e-04
	278	118	42.500000	44.000000	1.006081e+05	-2.525592e-05
2022	2	18	8	18
	6	7	-25.500000	71.750000	1.003693e+05	-2.043294e-05
	133	28	6.250000	66.500000	9.801869e+04	1.026714e-04
	225	34	29.250000	65.000000	9.649075e+04	9.454570e-05
	22	42	-21.500000	63.000000	9.862636e+04	1.307791e-04
	103	81	-1.250000	53.250000	9.771112e+04	3.243447e-04
	282	121	43.500000	43.250000	1.005730e+05	2.871240e-05
	107	128	-0.250000	41.500000	1.012191e+05	2.654433e-05
	273	129	41.250000	41.250000	1.005730e+05	-1.526704e-05
2022	2	18	6	21
	6	7	-25.500000	71.750000	1.004058e+05	-4.701604e-06
	131	30	5.750000	66.000000	9.794526e+04	1.239375e-04
	227	34	29.750000	65.000000	9.662105e+04	9.746368e-05
	126	71	4.500000	55.750000	9.765624e+04	2.536845e-04
	117	78	2.250000	54.000000	9.765624e+04	2.902739e-04
	108	131	0.000000	40.750000	1.013731e+05	6.424254e-05
2022	2	19	7	0
	6	7	-25.500000	71.750000	1.003129e+05	-4.317795e-07
	135	31	6.750000	65.750000	9.790102e+04	1.330235e-04
	231	35	30.750000	64.750000	9.679162e+04	8.443413e-05
	0	57	-27.000000	59.250000	9.801610e+04	1.027892e-04
	136	69	7.000000	56.250000	9.738152e+04	2.488206e-04
	128	122	5.000000	43.000000	1.013253e+05	1.194217e-04
	106	135	-0.500000	39.750000	1.013870e+05	2.082351e-05
2022	2	19	7	3
	6	7	-25.500000	71.750000	1.002068e+05	1.418885e-05
	257	17	37.250000	69.250000	9.690246e+04	1.725078e-04
	163	26	13.750000	67.000000	9.783990e+04	5.525104e-05
	143	29	8.750000	66.250000	9.783990e+04	4.503542e-05
	0	53	-27.000000	60.250000	9.784445e+04	1.086060e-04
	153	66	11.250000	57.000000	9.737027e+04	2.203918e-04
	138	111	7.500000	45.750000	1.011234e+05	-3.231359e-06
2022	2	19	9	6
	6	7	-25.500000	71.750000	1.000444e+05	1.713897e-05
	255	17	36.750000	69.250000	9.686126e+04	2.051887e-04
	146	28	9.500000	66.500000	9.781009e+04	5.119679e-05
	238	28	32.500000	66.500000	9.691432e+04	3.836105e-05
	2	50	-26.500000	61.000000	9.776631e+04	1.171701e-04
	19	55	-22.250000	59.750000	9.776631e+04	1.357848e-04
	164	65	14.000000	57.250000	9.742484e+04	2.284853e-04
	137	117	7.250000	44.250000	1.013418e+05	1.363962e-04
	286	123	44.500000	42.750000	1.014183e+05	1.959812e-05
2022	2	19	8	9
	255	17	36.750000	69.250000	9.693773e+04	2.345355e-04
	143	26	8.750000	67.000000	9.792655e+04	9.570366e-05
	3	49	-26.250000	61.250000	9.774214e+04	1.239916e-04
	25	54	-20.750000	60.000000	9.774214e+04	1.245060e-04
	180	64	18.000000	57.500000	9.755134e+04	2.198600e-04
	136	117	7.000000	44.250000	1.014651e+05	1.078811e-04
	283	141	43.750000	38.250000	1.013040e+05	1.058923e-05
	268	162	40.000000	33.000000	1.012497e+05	5.456457e-06
2022	2	19	8	12
	255	17	36.750000	69.250000	9.700569e+04	2.635046e-04
	142	26	8.500000	67.000000	9.806627e+04	7.615387e-05
	0	47	-27.000000	61.750000	9.756244e+04	1.153324e-04
	31	53	-19.250000	60.250000	9.779794e+04	1.093655e-04
	193	63	21.250000	57.750000	9.768270e+04	1.560058e-04
	137	117	7.250000	44.250000	1.014151e+05	1.225676e-04
	269	146	40.250000	37.000000	1.010110e+05	3.302526e-05
	270	162	40.500000	33.000000	1.009950e+05	2.896954e-05
2022	2	19	8	15
	257	18	37.250000	69.000000	9.716107e+04	2.086674e-04
	154	27	11.500000	66.750000	9.817802e+04	9.353177e-05
	0	44	-27.000000	62.500000	9.735932e+04	1.100065e-04
	210	62	25.500000	58.000000	9.789706e+04	1.310745e-04
	135	119	6.750000	43.750000	1.014254e+05	9.619437e-05
	146	126	9.500000	42.000000	1.014254e+05	7.685416e-06
	275	152	41.750000	35.500000	1.009877e+05	3.886231e-05
	272	162	41.000000	33.000000	1.009877e+05	3.035859e-05
2022	2	19	7	18
	276	10	42.000000	71.000000	9.730915e+04	5.992455e-05
	262	20	38.500000	68.500000	9.730915e+04	1.182195e-04
	142	26	8.500000	67.000000	9.821268e+04	8.970308e-05
	232	60	31.000000	58.500000	9.798327e+04	1.291566e-04
	137	121	7.250000	43.250000	1.016051e+05	7.270506e-05
	146	127	9.500000	41.750000	1.016051e+05	2.084936e-05
	277	157	42.250000	34.250000	1.010971e+05	4.526838e-05
2022	2	19	9	21
	286	8	44.500000	71.500000	9.755012e+04	6.065203e-05
	267	21	39.750000	68.250000	9.749462e+04	1.140360e-04
	138	26	7.500000	67.000000	9.822423e+04	1.169820e-04
	0	45	-27.000000	62.250000	9.696859e+04	3.967948e-06
	1	58	-26.750000	59.000000	9.669250e+04	1.757811e-04
	241	59	33.250000	58.750000	9.799634e+04	1.340837e-04
	139	121	7.750000	43.250000	1.017549e+05	6.026771e-05
	278	142	42.500000	38.000000	1.011586e+05	-1.742143e-05
	281	155	43.250000	34.750000	1.011101e+05	8.583040e-05
2022	2	20	7	0
	6	7	-25.500000	71.750000	9.948884e+04	-1.170279e-05
	272	22	41.000000	68.000000	9.763237e+04	1.279609e-04
	144	28	9.000000	66.500000	9.820797e+04	1.285283e-04
	22	45	-21.500000	62.250000	9.656631e+04	1.104375e-04
	12	55	-24.000000	59.750000	9.656631e+04	2.887434e-04
	250	58	35.500000	59.000000	9.799482e+04	1.239346e-04
	286	162	44.500000	33.000000	1.010747e+05	6.509435e-05
