2022	2	16	7	0
	288	11	45.000000	70.750000	9.877562e+04	7.648372e-05
	55	39	-13.250000	63.750000	9.767245e+04	2.362790e-04
	185	43	19.250000	62.750000	9.902538e+04	1.401601e-04
	118	53	2.500000	60.250000	9.805087e+04	1.698162e-04
	65	67	-10.750000	56.750000	9.724354e+04	3.114919e-04
	280	121	43.000000	43.250000	1.020600e+05	3.021413e-05
	173	122	16.250000	43.000000	1.014602e+05	3.903704e-05
2022	2	16	6	3
	50	38	-14.500000	64.000000	9.754269e+04	2.714889e-04
	189	42	20.250000	63.000000	9.899188e+04	1.126136e-04
	121	52	3.250000	60.500000	9.795523e+04	1.535252e-04
	75	66	-8.250000	57.000000	9.725549e+04	2.878603e-04
	280	121	43.000000	43.250000	1.021658e+05	3.550581e-05
	174	123	16.500000	42.750000	1.014260e+05	4.513982e-05
2022	2	16	5	6
	45	38	-15.750000	64.000000	9.755841e+04	2.330911e-04
	122	50	3.500000	61.000000	9.786684e+04	1.528455e-04
	85	66	-5.750000	57.000000	9.754615e+04	2.958573e-04
	100	67	-2.000000	56.750000	9.754615e+04	2.267892e-04
	31	73	-19.250000	55.250000	9.769714e+04	1.759877e-04
2022	2	16	7	9
	38	36	-17.500000	64.500000	9.762400e+04	2.292391e-04
	122	47	3.500000	61.750000	9.778805e+04	1.335750e-04
	123	48	3.750000	61.500000	9.778805e+04	1.551950e-04
	46	62	-15.500000	58.000000	9.732061e+04	1.108778e-04
	110	66	0.500000	57.000000	9.755370e+04	2.273902e-04
	45	70	-15.750000	56.000000	9.732061e+04	2.020999e-04
	202	125	23.500000	42.250000	1.016064e+05	-7.404720e-05
2022	2	16	6	12
	28	31	-20.000000	65.750000	9.783271e+04	1.697581e-04
	124	46	4.000000	62.000000	9.761645e+04	1.443993e-04
	66	54	-10.500000	60.000000	9.697820e+04	8.409371e-05
	58	66	-12.500000	57.000000	9.680881e+04	3.010933e-04
	121	66	3.250000	57.000000	9.741954e+04	2.377341e-04
	183	137	18.750000	39.250000	1.013145e+05	1.484799e-04
2022	2	16	6	15
	23	31	-21.250000	65.750000	9.797049e+04	1.931952e-04
	124	45	4.000000	62.250000	9.743495e+04	1.453276e-04
	68	65	-10.000000	57.250000	9.655260e+04	2.652611e-04
	132	66	6.000000	57.000000	9.722215e+04	2.332680e-04
	136	114	7.000000	45.000000	1.011064e+05	1.498586e-05
	186	137	19.500000	39.250000	1.011186e+05	1.551890e-04
2022	2	16	4	18
	288	9	45.000000	71.250000	9.894202e+04	1.013491e-04
	82	64	-6.500000	57.500000	9.666915e+04	3.265570e-04
	141	66	8.250000	57.000000	9.706330e+04	2.300261e-04
	186	136	19.500000	39.500000	1.011414e+05	1.237641e-04
2022	2	16	6	21
	288	9	45.000000	71.250000	9.893085e+04	1.018968e-04
	96	65	-3.000000	57.250000	9.680362e+04	2.413753e-04
	152	66	11.000000	57.000000	9.677280e+04	1.931624e-04
	137	117	7.250000	44.250000	1.012122e+05	5.776586e-05
	281	121	43.250000	43.250000	1.021735e+05	-2.331613e-05
	186	135	19.500000	39.750000	1.012270e+05	8.784438e-05
2022	2	17	5	0
	286	9	44.500000	71.250000	9.895255e+04	1.743859e-04
	123	40	3.750000	63.500000	9.711991e+04	1.236140e-04
	185	61	19.250000	58.250000	9.649158e+04	2.245908e-04
	158	66	12.500000	57.000000	9.653467e+04	2.011637e-04
	138	117	7.500000	44.250000	1.010326e+05	6.218114e-05
2022	2	17	4	3
	285	10	44.250000	71.000000	9.898590e+04	1.785327e-04
	286	10	44.500000	71.000000	9.898590e+04	1.610986e-04
	125	40	4.250000	63.500000	9.714241e+04	1.078418e-04
	190	59	20.500000	58.750000	9.607053e+04	2.143364e-04
2022	2	17	5	6
	288	10	45.000000	71.000000	9.903057e+04	1.308526e-04
	123	40	3.750000	63.500000	9.721538e+04	1.225158e-04
	195	57	21.750000	59.250000	9.575251e+04	2.409704e-04
	201	66	23.250000	57.000000	9.575251e+04	1.660495e-04
	137	113	7.250000	45.250000	1.008159e+05	-5.891268e-06
2022	2	17	3	9
	288	10	45.000000	71.000000	9.911943e+04	1.142415e-04
	123	41	3.750000	63.250000	9.731133e+04	1.217897e-04
	197	57	22.250000	59.250000	9.564588e+04	2.742541e-04
2022	2	17	4	12
	126	41	4.500000	63.250000	9.741608e+04	1.327469e-04
	216	53	27.000000	60.250000	9.550511e+04	3.052283e-04
	2	115	-26.500000	44.750000	1.013925e+05	1.178202e-04
	278	120	42.500000	43.500000	1.014032e+05	-7.154194e-06
2022	2	17	4	15
	132	41	6.000000	63.250000	9.749456e+04	1.085117e-04
	218	48	27.500000	61.500000	9.551202e+04	2.380177e-04
	24	115	-21.000000	44.750000	1.008725e+05	1.306197e-04
	191	159	20.750000	33.750000	1.011094e+05	9.748057e-05
2022	2	17	3	18
	136	41	7.000000	63.250000	9.751249e+04	7.052057e-05
	219	45	27.750000	62.250000	9.556252e+04	1.920513e-04
	34	110	-18.500000	46.000000	1.002942e+05	2.067294e-04
2022	2	17	2	21
	219	41	27.750000	63.250000	9.560812e+04	2.281272e-04
	42	107	-16.500000	46.750000	9.993273e+04	2.192647e-04
2022	2	18	3	0
	219	39	27.750000	63.750000	9.564288e+04	2.521669e-04
	52	102	-14.000000	48.000000	9.941166e+04	2.862449e-04
	153	111	11.250000	45.750000	1.012106e+05	1.062424e-04
2022	2	18	3	3
	219	36	27.750000	64.500000	9.564902e+04	2.231546e-04
	61	98	-11.750000	49.000000	9.889452e+04	3.579782e-04
	147	111	9.750000	45.750000	1.012858e+05	3.030252e-05
2022	2	18	3	6
	219	34	27.750000	65.000000	9.571036e+04	1.931778e-04
	94	93	-3.500000	50.250000	9.873063e+04	1.603263e-04
	70	96	-9.500000	49.500000	9.834278e+04	4.392986e-04
2022	2	18	3	9
	218	32	27.500000	65.500000	9.582533e+04	1.327757e-04
	74	57	-8.500000	59.250000	9.834010e+04	1.853177e-04
	80	94	-7.000000	50.000000	9.807713e+04	5.089183e-04
2022	2	18	6	12
	242	22	33.500000	68.000000	9.599520e+04	7.467861e-05
	219	30	27.750000	66.000000	9.599504e+04	1.032939e-04
	75	58	-8.250000	59.000000	9.833035e+04	2.139949e-04
	92	93	-4.000000	50.250000	9.789500e+04	5.126715e-04
	257	162	37.250000	33.000000	1.009110e+05	-1.636602e-05
	267	162	39.750000	33.000000	1.009110e+05	-1.791723e-05
2022	2	18	3	15
	233	27	31.250000	66.750000	9.610325e+04	1.099458e-04
	77	60	-7.750000	58.500000	9.833083e+04	2.195600e-04
	107	89	-0.250000	51.250000	9.778553e+04	4.181752e-04
2022	2	18	5	18
	234	15	31.500000	69.750000	9.613345e+04	1.289191e-04
	235	24	31.750000	67.500000	9.613345e+04	1.084774e-04
	82	63	-6.500000	57.750000	9.847206e+04	2.415570e-04
	120	84	3.000000	52.500000	9.756093e+04	3.916525e-04
	280	119	43.000000	43.750000	1.006391e+05	3.744036e-05
2022	2	18	3	21
	232	15	31.000000	69.750000	9.614650e+04	1.479144e-04
	147	80	9.750000	53.500000	9.751422e+04	2.640025e-04
	133	83	6.250000	52.750000	9.751422e+04	4.041962e-04
2022	2	19	4	0
	229	15	30.250000	69.750000	9.613627e+04	1.798490e-04
	0	55	-27.000000	59.750000	9.873928e+04	1.296739e-04
	159	78	12.750000	54.000000	9.768502e+04	2.680177e-04
	146	82	9.500000	53.000000	9.768502e+04	4.047173e-04
2022	2	19	3	3
	226	17	29.500000	69.250000	9.615609e+04	1.396773e-04
	170	76	15.500000	54.500000	9.771475e+04	2.253380e-04
	138	118	7.500000	44.000000	1.009367e+05	1.368428e-04
2022	2	19	3	6
	226	18	29.500000	69.000000	9.621240e+04	1.067653e-04
	195	74	21.750000	55.000000	9.770752e+04	2.357576e-04
	92	147	-4.000000	36.750000	1.015318e+05	9.490133e-05
2022	2	19	6	9
	254	11	36.500000	70.750000	9.635977e+04	1.089843e-04
	227	20	29.750000	68.500000	9.636418e+04	1.147345e-04
	228	20	30.000000	68.500000	9.636308e+04	1.258375e-04
	209	72	25.250000	55.500000	9.773819e+04	2.147885e-04
	148	111	10.000000	45.750000	1.012602e+05	5.481929e-05
	146	119	9.500000	43.750000	1.012602e+05	7.599042e-05
2022	2	19	3	12
	258	10	37.500000	71.000000	9.644895e+04	1.241228e-04
	234	20	31.500000	68.500000	9.646499e+04	1.475270e-04
	223	71	28.750000	55.750000	9.789830e+04	1.665699e-04
2022	2	19	9	15
	262	8	38.500000	71.500000	9.653781e+04	1.281599e-04
	0	52	-27.000000	60.500000	9.627437e+04	1.104470e-04
	233	69	31.250000	56.250000	9.806816e+04	1.793323e-04
	167	125	14.750000	42.250000	1.013316e+05	-9.644590e-06
	110	126	0.500000	42.000000	1.023371e+05	8.392344e-05
	146	126	9.500000	42.000000	1.013251e+05	3.987395e-05
	268	151	40.000000	35.750000	1.012336e+05	6.663510e-05
	268	162	40.000000	33.000000	1.012336e+05	6.288147e-05
	275	162	41.750000	33.000000	1.012336e+05	6.538058e-05
2022	2	19	9	18
	267	6	39.750000	72.000000	9.657855e+04	1.680868e-04
	0	48	-27.000000	61.500000	9.531888e+04	1.328279e-04
	241	68	33.250000	56.500000	9.824086e+04	1.499983e-04
	242	68	33.500000	56.500000	9.824086e+04	1.482473e-04
	243	68	33.750000	56.500000	9.824086e+04	1.483237e-04
	169	124	15.250000	42.500000	1.013599e+05	3.272674e-05
	152	126	11.000000	42.000000	1.013723e+05	6.995515e-05
	280	162	43.000000	33.000000	1.014227e+05	1.022739e-04
	281	162	43.250000	33.000000	1.014227e+05	1.022209e-04
2022	2	19	5	21
	272	5	41.000000	72.250000	9.662212e+04	2.124939e-04
	0	45	-27.000000	62.250000	9.468976e+04	1.642654e-04
	256	67	37.000000	56.750000	9.827955e+04	1.194974e-04
	168	123	15.000000	42.750000	1.013731e+05	1.534957e-05
	154	127	11.500000	41.750000	1.013731e+05	7.951789e-05
2022	2	20	8	0
	278	3	42.500000	72.750000	9.667261e+04	2.021350e-04
	27	40	-20.250000	63.500000	9.459098e+04	7.030016e-05
	0	46	-27.000000	62.000000	9.453562e+04	1.276266e-04
	266	64	39.500000	57.500000	9.830912e+04	1.560094e-04
	288	65	45.000000	57.250000	9.901201e+04	1.056317e-04
	171	123	15.750000	42.750000	1.013648e+05	7.576716e-05
	156	127	12.000000	41.750000	1.013648e+05	9.345704e-05
	283	162	43.750000	33.000000	1.014563e+05	9.732314e-05
