2022	2	16	5	0
	288	11	45.000000	70.750000	9.883647e+04	5.492551e-05
	54	39	-13.500000	63.750000	9.724241e+04	3.867167e-04
	118	53	2.500000	60.250000	9.803617e+04	1.752466e-04
	65	67	-10.750000	56.750000	9.718023e+04	3.295220e-04
	280	121	43.000000	43.250000	1.021072e+05	1.107122e-05
2022	2	16	6	3
	47	37	-15.250000	64.250000	9.721534e+04	3.854385e-04
	122	52	3.500000	60.500000	9.793461e+04	1.608477e-04
	72	65	-9.000000	57.250000	9.699930e+04	2.903315e-04
	9	75	-24.750000	54.750000	9.786772e+04	1.728320e-04
	280	121	43.000000	43.250000	1.021497e+05	1.604248e-05
	174	123	16.500000	42.750000	1.014306e+05	4.939139e-05
2022	2	16	5	6
	39	34	-17.250000	65.000000	9.748398e+04	3.146277e-04
	82	65	-6.500000	57.250000	9.723693e+04	3.325264e-04
	100	67	-2.000000	56.750000	9.723693e+04	2.022507e-04
	27	74	-20.250000	55.000000	9.757612e+04	1.622043e-04
	280	121	43.000000	43.250000	1.022192e+05	1.212547e-05
2022	2	16	7	9
	30	31	-19.500000	65.750000	9.761352e+04	2.280416e-04
	43	62	-16.250000	58.000000	9.717703e+04	7.124937e-05
	96	65	-3.000000	57.250000	9.742135e+04	2.190009e-04
	115	66	1.750000	57.000000	9.742135e+04	2.208936e-04
	40	71	-17.000000	55.750000	9.717703e+04	2.249985e-04
	57	74	-12.750000	55.000000	9.717703e+04	2.381231e-04
	279	120	42.750000	43.500000	1.021731e+05	1.858677e-05
2022	2	16	7	12
	64	55	-11.000000	59.750000	9.711455e+04	1.085877e-04
	108	60	0.000000	58.500000	9.728619e+04	5.433078e-05
	121	65	3.250000	57.250000	9.728619e+04	1.961297e-04
	54	68	-13.500000	56.500000	9.676670e+04	3.374489e-04
	74	70	-8.500000	56.000000	9.676670e+04	2.746835e-04
	137	116	7.250000	44.500000	1.012406e+05	6.835886e-05
	183	139	18.750000	38.750000	1.012693e+05	1.576399e-04
2022	2	16	7	15
	288	10	45.000000	71.000000	9.902059e+04	1.016172e-04
	0	38	-27.000000	64.000000	9.777604e+04	9.460587e-06
	65	67	-10.750000	56.750000	9.653499e+04	3.122366e-04
	90	68	-4.500000	56.500000	9.663595e+04	2.917032e-04
	136	114	7.000000	45.000000	1.011150e+05	1.252879e-05
	185	136	19.250000	39.500000	1.010735e+05	1.751954e-04
	185	137	19.250000	39.250000	1.010735e+05	1.789060e-04
2022	2	16	5	18
	0	33	-27.000000	65.250000	9.805168e+04	1.277729e-05
	105	67	-0.750000	56.750000	9.618030e+04	3.412462e-04
	80	68	-7.000000	56.500000	9.676228e+04	3.583703e-04
	278	120	42.500000	43.500000	1.021544e+05	-2.212741e-05
	185	135	19.250000	39.750000	1.010936e+05	1.421241e-04
2022	2	16	4	21
	120	66	3.000000	57.000000	9.597308e+04	3.723560e-04
	137	117	7.250000	44.250000	1.011649e+05	4.718689e-05
	279	121	42.750000	43.250000	1.021551e+05	-3.924091e-05
	185	134	19.250000	40.000000	1.011624e+05	1.140983e-04
2022	2	17	5	0
	152	63	11.000000	57.750000	9.603024e+04	2.380443e-04
	133	67	6.250000	56.750000	9.603024e+04	3.430109e-04
	137	117	7.250000	44.250000	1.010112e+05	6.826549e-05
	279	121	42.750000	43.250000	1.019825e+05	-3.060097e-05
	185	135	19.250000	39.750000	1.012032e+05	1.114839e-04
2022	2	17	3	3
	124	40	4.000000	63.500000	9.707137e+04	1.119810e-04
	170	64	15.500000	57.500000	9.609775e+04	1.716830e-04
	138	117	7.500000	44.250000	1.007820e+05	7.652798e-05
2022	2	17	3	6
	182	62	18.500000	58.000000	9.591045e+04	1.660238e-04
	0	111	-27.000000	45.750000	1.009198e+05	1.075727e-04
	279	121	42.750000	43.250000	1.016374e+05	-1.924512e-05
2022	2	17	3	9
	195	58	21.750000	59.000000	9.588657e+04	1.756330e-04
	6	107	-25.500000	46.750000	1.004675e+05	1.774494e-04
	278	120	42.500000	43.500000	1.016033e+05	-7.456369e-06
2022	2	17	3	12
	200	55	23.000000	59.750000	9.588946e+04	1.711256e-04
	25	70	-20.750000	56.000000	9.954495e+04	1.782198e-04
	15	102	-23.250000	48.000000	9.994601e+04	2.290990e-04
2022	2	17	3	15
	202	54	23.500000	60.000000	9.589980e+04	1.994666e-04
	29	67	-19.750000	56.750000	9.930352e+04	2.009364e-04
	23	98	-21.250000	49.000000	9.923997e+04	2.895571e-04
2022	2	17	4	18
	205	53	24.250000	60.250000	9.597505e+04	2.133150e-04
	32	65	-19.000000	57.250000	9.903898e+04	1.947669e-04
	30	95	-19.500000	49.750000	9.837277e+04	4.038150e-04
	281	121	43.250000	43.250000	1.011446e+05	-1.066493e-05
2022	2	17	4	21
	6	7	-25.500000	71.750000	1.004771e+05	-2.890850e-05
	211	46	25.750000	62.000000	9.606597e+04	1.009894e-04
	35	63	-18.250000	57.750000	9.883708e+04	2.346792e-04
	40	90	-17.000000	51.000000	9.765441e+04	4.636701e-04
2022	2	18	5	0
	6	7	-25.500000	71.750000	1.004720e+05	-2.916158e-05
	214	44	26.500000	62.500000	9.607935e+04	1.271106e-04
	216	53	27.000000	60.250000	9.607935e+04	1.939075e-04
	36	62	-18.000000	58.000000	9.860265e+04	2.539554e-04
	49	89	-14.750000	51.250000	9.715545e+04	5.299968e-04
2022	2	18	5	3
	6	7	-25.500000	71.750000	1.004964e+05	-2.866539e-05
	215	42	26.750000	63.000000	9.612314e+04	1.548254e-04
	36	61	-18.000000	58.250000	9.835255e+04	2.906663e-04
	61	83	-11.750000	52.750000	9.677581e+04	4.742485e-04
	138	117	7.500000	44.250000	1.014598e+05	8.630008e-05
2022	2	18	4	6
	6	7	-25.500000	71.750000	1.004914e+05	-3.875845e-05
	216	40	27.000000	63.500000	9.624461e+04	1.880031e-04
	36	61	-18.000000	58.250000	9.813316e+04	3.107155e-04
	71	80	-9.250000	53.500000	9.647631e+04	3.852438e-04
2022	2	18	5	9
	6	7	-25.500000	71.750000	1.005218e+05	-4.352070e-05
	119	23	2.750000	67.750000	9.788870e+04	1.369730e-04
	217	40	27.250000	63.500000	9.643648e+04	1.637898e-04
	41	63	-16.750000	57.750000	9.812131e+04	3.676299e-04
	82	77	-6.500000	54.250000	9.643466e+04	2.555745e-04
2022	2	18	6	12
	6	7	-25.500000	71.750000	1.005129e+05	-4.837404e-05
	113	24	1.250000	67.500000	9.781967e+04	1.413820e-04
	219	38	27.750000	64.000000	9.668977e+04	7.364578e-05
	45	64	-15.750000	57.500000	9.833400e+04	3.406872e-04
	93	74	-3.750000	55.000000	9.633112e+04	2.802908e-04
	274	118	41.500000	44.000000	1.003192e+05	-7.632028e-05
2022	2	18	8	15
	6	7	-25.500000	71.750000	1.004699e+05	-4.288957e-05
	104	26	-1.000000	67.000000	9.759102e+04	2.861251e-04
	235	37	31.750000	64.250000	9.688938e+04	6.701162e-05
	119	65	2.750000	57.250000	9.635940e+04	2.347910e-04
	51	66	-14.250000	57.000000	9.860660e+04	2.667677e-04
	108	72	0.000000	55.500000	9.635940e+04	2.513028e-04
	275	118	41.750000	44.000000	1.005157e+05	-4.550755e-05
	250	134	35.500000	40.000000	1.007606e+05	2.264814e-05
2022	2	18	6	18
	104	29	-1.000000	66.250000	9.733925e+04	2.804511e-04
	239	34	32.750000	65.000000	9.697695e+04	8.196900e-05
	141	62	8.250000	58.000000	9.628262e+04	2.031485e-04
	57	68	-12.750000	56.500000	9.889318e+04	2.552579e-04
	124	69	4.000000	56.250000	9.628262e+04	2.674818e-04
	279	119	42.750000	43.750000	1.006759e+05	4.649123e-05
2022	2	18	6	21
	2	6	-26.500000	72.000000	1.005250e+05	-5.671307e-06
	106	32	-0.500000	65.500000	9.720805e+04	2.460106e-04
	244	32	34.000000	65.500000	9.706680e+04	1.176320e-04
	0	55	-27.000000	59.750000	9.812101e+04	1.270800e-04
	138	66	7.500000	57.000000	9.624157e+04	2.452597e-04
	109	126	0.250000	42.000000	1.013003e+05	4.228269e-05
2022	2	19	7	0
	6	7	-25.500000	71.750000	1.004482e+05	-5.095809e-06
	246	30	34.500000	66.000000	9.712823e+04	1.120776e-04
	247	30	34.750000	66.000000	9.712823e+04	1.162916e-04
	109	34	0.250000	65.000000	9.712017e+04	2.684158e-04
	0	50	-27.000000	61.000000	9.799862e+04	1.212070e-04
	152	64	11.000000	57.500000	9.630436e+04	2.524941e-04
	246	150	34.500000	36.000000	1.007705e+05	9.483351e-05
2022	2	19	8	3
	6	7	-25.500000	71.750000	1.004050e+05	-5.325214e-06
	264	21	39.000000	68.250000	9.719238e+04	4.768186e-05
	251	29	35.750000	66.250000	9.719238e+04	1.262780e-04
	38	36	-17.500000	64.500000	9.863913e+04	-8.297678e-05
	111	36	0.750000	64.500000	9.709295e+04	2.966054e-04
	162	62	13.500000	58.000000	9.632504e+04	2.394740e-04
	138	117	7.500000	44.250000	1.010787e+05	1.707985e-04
	245	151	34.250000	35.750000	1.006644e+05	1.272477e-04
2022	2	19	7	6
	258	27	37.500000	66.750000	9.729486e+04	1.084943e-04
	114	38	1.500000	64.000000	9.715012e+04	2.651898e-04
	27	54	-20.250000	60.000000	9.808953e+04	2.117401e-04
	45	61	-15.750000	58.250000	9.808953e+04	2.517964e-04
	174	61	16.500000	58.250000	9.640181e+04	1.556230e-04
	138	118	7.500000	44.000000	1.011243e+05	1.338729e-04
	244	154	34.000000	35.000000	1.007103e+05	1.940018e-04
2022	2	19	8	9
	266	20	39.500000	68.500000	9.737604e+04	1.068991e-04
	134	25	6.500000	67.250000	9.742348e+04	4.226414e-05
	119	39	2.750000	63.750000	9.727312e+04	2.785796e-04
	26	51	-20.500000	60.750000	9.821481e+04	2.334050e-04
	51	60	-14.250000	58.500000	9.820781e+04	2.794733e-04
	185	60	19.250000	58.500000	9.659718e+04	1.767259e-04
	137	118	7.250000	44.000000	1.012388e+05	1.286540e-04
	275	162	41.750000	33.000000	1.007472e+05	9.713615e-05
2022	2	19	9	12
	269	20	40.250000	68.500000	9.745586e+04	9.377090e-05
	131	26	5.750000	67.000000	9.749341e+04	4.275450e-05
	125	40	4.250000	63.500000	9.740858e+04	2.841838e-04
	25	49	-20.750000	61.250000	9.819216e+04	2.376828e-04
	196	56	22.000000	59.500000	9.685016e+04	1.299544e-04
	56	60	-13.000000	58.500000	9.840698e+04	2.721430e-04
	151	116	10.750000	44.500000	1.012573e+05	3.740364e-05
	136	119	7.000000	43.750000	1.012573e+05	1.418741e-04
	275	162	41.750000	33.000000	1.005532e+05	7.464427e-05
2022	2	19	8	15
	273	19	41.250000	68.750000	9.757688e+04	9.355164e-05
	127	27	4.750000	66.750000	9.753203e+04	5.018683e-05
	131	39	5.750000	63.750000	9.750968e+04	2.879661e-04
	0	43	-27.000000	62.750000	9.811492e+04	1.010520e-04
	19	45	-22.250000	62.250000	9.811492e+04	1.893020e-04
	204	54	24.000000	60.000000	9.706802e+04	1.118492e-04
	64	62	-11.000000	58.000000	9.870968e+04	2.313477e-04
	83	64	-6.250000	57.500000	9.870968e+04	2.240507e-04
2022	2	19	6	18
	279	18	42.750000	69.000000	9.766217e+04	9.794028e-05
	127	28	4.750000	66.500000	9.760257e+04	6.664648e-05
	137	38	7.250000	64.000000	9.760257e+04	2.920623e-04
	213	51	26.250000	60.750000	9.725943e+04	7.737801e-05
	89	65	-4.750000	57.250000	9.901162e+04	1.968013e-04
	168	125	15.000000	42.250000	1.013161e+05	5.547821e-05
2022	2	19	7	21
	133	27	6.250000	66.750000	9.769348e+04	4.442870e-05
	141	37	8.250000	64.250000	9.769348e+04	2.628245e-04
	222	49	28.500000	61.250000	9.736373e+04	2.570883e-05
	0	58	-27.000000	59.000000	9.720866e+04	1.155647e-04
	127	73	4.750000	55.250000	9.885623e+04	1.886833e-04
	169	124	15.250000	42.500000	1.013449e+05	5.971194e-05
	151	126	10.750000	42.000000	1.014256e+05	6.979328e-05
2022	2	20	10	0
	145	30	9.250000	66.000000	9.787091e+04	4.305208e-05
	144	38	9.000000	64.000000	9.787091e+04	1.783627e-04
	229	47	30.250000	61.750000	9.745647e+04	6.252037e-05
	2	55	-26.500000	59.750000	9.666118e+04	2.096743e-04
	137	72	7.250000	55.500000	9.861602e+04	2.496770e-04
	172	125	16.000000	42.250000	1.013438e+05	8.653780e-05
	153	127	11.250000	41.750000	1.014259e+05	8.203413e-05
	273	146	41.250000	37.000000	1.009376e+05	4.882809e-05
	262	156	38.500000	34.500000	1.009265e+05	8.615115e-06
	282	162	43.500000	33.000000	1.007162e+05	5.308574e-05
