2022	2	14	8	0
	2	6	-26.500000	72.000000	9.977337e+04	6.082123e-06
	3	6	-26.250000	72.000000	9.977337e+04	-1.173128e-05
	217	9	27.250000	71.250000	9.836630e+04	1.212778e-04
	194	12	21.500000	70.500000	9.836630e+04	1.283869e-04
	1	17	-26.750000	69.250000	9.977337e+04	1.256348e-05
	218	24	27.500000	67.500000	9.846062e+04	1.291827e-04
	103	71	-1.250000	55.750000	9.842834e+04	1.244940e-04
	139	107	7.750000	46.750000	1.003921e+05	-1.439622e-04
2022	2	14	4	3
	58	5	-12.500000	72.250000	1.001472e+05	8.286470e-05
	210	9	25.500000	71.250000	9.804795e+04	2.204205e-04
	227	22	29.750000	68.000000	9.822670e+04	7.711048e-05
	107	71	-0.250000	55.750000	9.838259e+04	9.716622e-05
2022	2	14	3	6
	64	4	-11.000000	72.500000	1.001284e+05	9.690657e-05
	215	9	26.750000	71.250000	9.793734e+04	2.741300e-04
	112	70	1.000000	56.000000	9.836849e+04	3.032865e-05
2022	2	14	3	9
	70	2	-9.500000	73.000000	1.001926e+05	1.018463e-04
	224	8	29.000000	71.500000	9.800063e+04	2.173769e-04
	122	71	3.500000	55.750000	9.831303e+04	1.920272e-04
2022	2	14	4	12
	76	0	-8.000000	73.500000	1.001603e+05	5.677818e-05
	234	7	31.500000	71.750000	9.800548e+04	1.878520e-04
	0	50	-27.000000	61.000000	9.761036e+04	1.373160e-04
	126	67	4.500000	56.750000	9.821355e+04	2.015300e-04
2022	2	14	4	15
	236	6	32.000000	72.000000	9.805343e+04	1.613828e-04
	245	14	34.250000	70.000000	9.805343e+04	1.941880e-04
	2	46	-26.500000	62.000000	9.721994e+04	1.875097e-04
	128	64	5.000000	57.500000	9.812816e+04	2.753885e-04
2022	2	14	6	18
	249	5	35.250000	72.250000	9.805547e+04	1.264275e-04
	250	5	35.500000	72.250000	9.805547e+04	1.207950e-04
	252	13	36.000000	70.250000	9.805547e+04	1.646608e-04
	0	42	-27.000000	63.000000	9.697083e+04	1.155274e-04
	130	62	5.500000	58.000000	9.818237e+04	3.262266e-04
	136	121	7.000000	43.250000	1.011085e+05	1.548834e-04
2022	2	14	5	21
	257	12	37.250000	70.500000	9.807098e+04	1.512385e-04
	0	38	-27.000000	64.000000	9.716573e+04	1.187122e-04
	15	43	-23.250000	62.750000	9.716573e+04	1.745079e-04
	132	62	6.000000	58.000000	9.824191e+04	3.230969e-04
	139	120	7.750000	43.500000	1.011016e+05	1.410132e-04
2022	2	15	6	0
	264	11	39.000000	70.750000	9.817657e+04	1.520229e-04
	5	38	-25.750000	64.000000	9.711215e+04	2.113299e-04
	27	39	-20.250000	63.750000	9.711215e+04	1.203283e-05
	36	48	-18.000000	61.500000	9.742580e+04	1.781772e-04
	136	62	7.000000	58.000000	9.833684e+04	2.608764e-04
	145	117	9.250000	44.250000	1.010592e+05	1.303549e-04
2022	2	15	6	3
	245	7	34.250000	71.750000	9.826462e+04	1.717199e-04
	269	11	40.250000	70.750000	9.826462e+04	1.893765e-04
	31	43	-19.250000	62.750000	9.740293e+04	2.087448e-04
	126	50	4.500000	61.000000	9.858376e+04	5.898792e-05
	142	62	8.500000	58.000000	9.847738e+04	2.433160e-04
	153	116	11.250000	44.500000	1.009774e+05	1.033297e-04
2022	2	15	7	6
	273	10	41.250000	71.000000	9.838166e+04	1.634284e-04
	0	35	-27.000000	64.750000	9.731253e+04	3.900319e-05
	126	46	4.500000	62.000000	9.872805e+04	9.566647e-05
	62	51	-11.500000	60.750000	9.753469e+04	2.902498e-04
	149	59	10.250000	58.750000	9.858815e+04	2.007700e-04
	0	86	-27.000000	52.000000	9.901570e+04	1.350196e-04
	155	114	11.750000	45.000000	1.009838e+05	1.301217e-04
2022	2	15	6	9
	279	10	42.750000	71.000000	9.851435e+04	1.880374e-04
	28	38	-20.000000	64.000000	9.735718e+04	1.318303e-04
	122	47	3.500000	61.750000	9.866664e+04	1.651196e-04
	123	47	3.750000	61.750000	9.866664e+04	1.581313e-04
	59	48	-12.250000	61.500000	9.736031e+04	3.403249e-04
	2	82	-26.500000	53.000000	9.852626e+04	1.552079e-04
2022	2	15	6	12
	2	6	-26.500000	72.000000	9.974845e+04	1.381004e-05
	282	9	43.500000	71.250000	9.864956e+04	1.904152e-04
	0	31	-27.000000	65.750000	9.739980e+04	7.665338e-05
	35	36	-18.250000	64.500000	9.745385e+04	9.107374e-05
	56	45	-13.000000	62.250000	9.739525e+04	3.370905e-04
	13	79	-23.750000	53.750000	9.827230e+04	2.345267e-04
2022	2	15	5	15
	2	6	-26.500000	72.000000	9.963800e+04	5.539118e-05
	284	9	44.000000	71.250000	9.872069e+04	1.912303e-04
	0	37	-27.000000	64.250000	9.749490e+04	-1.502566e-05
	53	43	-13.750000	62.750000	9.736830e+04	2.907767e-04
	25	76	-20.750000	54.500000	9.797995e+04	2.330006e-04
2022	2	15	3	18
	285	9	44.250000	71.250000	9.882864e+04	2.034203e-04
	50	40	-14.500000	63.500000	9.731613e+04	2.980152e-04
	38	74	-17.500000	55.000000	9.787717e+04	2.431374e-04
2022	2	15	6	21
	287	9	44.750000	71.250000	9.893784e+04	1.246867e-04
	44	39	-16.000000	63.750000	9.724548e+04	3.321755e-04
	186	45	19.500000	62.250000	9.886420e+04	1.452758e-04
	187	45	19.750000	62.250000	9.886420e+04	1.449791e-04
	122	55	3.500000	59.750000	9.811860e+04	1.982653e-04
	48	72	-15.000000	55.500000	9.777753e+04	2.629241e-04
2022	2	16	6	0
	288	9	45.000000	71.250000	9.900583e+04	9.312834e-05
	37	34	-17.750000	65.000000	9.744257e+04	3.040232e-04
	119	38	2.750000	64.000000	9.818801e+04	2.090285e-04
	193	43	21.250000	62.750000	9.883678e+04	1.705419e-04
	124	53	4.000000	60.250000	9.804042e+04	1.931669e-04
	63	71	-11.250000	55.750000	9.778693e+04	2.628856e-04
2022	2	16	5	3
	23	29	-21.250000	66.250000	9.751636e+04	2.526267e-04
	115	39	1.750000	63.750000	9.805233e+04	1.815024e-04
	202	39	23.500000	63.750000	9.883177e+04	1.370976e-04
	126	53	4.500000	60.250000	9.800612e+04	1.759154e-04
	79	70	-7.250000	56.000000	9.773727e+04	2.475955e-04
2022	2	16	10	6
	283	7	43.750000	71.750000	9.905879e+04	1.869053e-04
	284	7	44.000000	71.750000	9.905879e+04	1.821593e-04
	285	7	44.250000	71.750000	9.905879e+04	1.702217e-04
	5	26	-25.750000	67.000000	9.748988e+04	2.617707e-04
	206	37	24.500000	64.250000	9.883052e+04	1.157183e-04
	0	38	-27.000000	64.000000	9.755255e+04	-6.826741e-06
	112	39	1.000000	63.750000	9.792778e+04	1.949767e-04
	127	52	4.750000	60.500000	9.795942e+04	1.247602e-04
	97	71	-2.750000	55.750000	9.783691e+04	2.249025e-04
	7	72	-25.250000	55.500000	9.754346e+04	2.532042e-04
2022	2	16	8	9
	280	7	43.000000	71.750000	9.906474e+04	1.745584e-04
	211	36	25.750000	64.500000	9.889726e+04	9.475765e-05
	110	39	0.500000	63.750000	9.787874e+04	1.713192e-04
	128	51	5.000000	60.750000	9.793905e+04	7.941612e-05
	16	70	-23.000000	56.000000	9.745588e+04	2.742178e-04
	42	70	-16.500000	56.000000	9.750774e+04	1.743583e-04
	115	72	1.750000	55.500000	9.782892e+04	2.196111e-04
	137	116	7.250000	44.500000	1.013239e+05	8.718744e-05
2022	2	16	8	12
	280	8	43.000000	71.500000	9.905220e+04	1.491591e-04
	215	34	26.750000	65.000000	9.892186e+04	1.046200e-04
	109	40	0.250000	63.500000	9.787248e+04	1.258034e-04
	132	42	6.000000	63.000000	9.787248e+04	5.623859e-05
	127	51	4.750000	60.750000	9.792543e+04	4.637964e-05
	34	66	-18.500000	57.000000	9.726224e+04	1.673099e-04
	53	67	-13.750000	56.750000	9.726224e+04	2.450513e-04
	133	72	6.250000	55.500000	9.768494e+04	2.590936e-04
2022	2	16	7	15
	278	8	42.500000	71.500000	9.900442e+04	1.624307e-04
	279	8	42.750000	71.500000	9.900442e+04	1.690144e-04
	108	41	0.000000	63.250000	9.780605e+04	8.457209e-05
	61	64	-11.750000	57.500000	9.684706e+04	3.272300e-04
	41	65	-16.750000	57.250000	9.684706e+04	2.082864e-04
	150	72	10.500000	55.500000	9.759892e+04	2.220977e-04
	188	138	20.000000	39.000000	1.012658e+05	1.152102e-04
2022	2	16	6	18
	278	8	42.500000	71.500000	9.895820e+04	1.925184e-04
	106	42	-0.500000	63.000000	9.776891e+04	1.175302e-04
	67	63	-10.250000	57.750000	9.685584e+04	3.014774e-04
	167	71	14.750000	55.750000	9.746873e+04	2.064221e-04
	188	138	20.000000	39.000000	1.012291e+05	1.194236e-04
	287	152	44.750000	35.500000	1.014472e+05	1.252623e-05
2022	2	16	6	21
	277	7	42.250000	71.750000	9.892984e+04	1.546023e-04
	186	46	19.500000	62.000000	9.767805e+04	1.623908e-04
	72	64	-9.000000	57.500000	9.695814e+04	2.885438e-04
	176	69	17.000000	56.250000	9.730345e+04	2.245695e-04
	138	117	7.500000	44.250000	1.009840e+05	7.999368e-05
	189	139	20.250000	38.750000	1.012027e+05	1.101459e-04
2022	2	17	5	0
	277	8	42.250000	71.500000	9.895350e+04	1.187378e-04
	37	46	-17.750000	62.000000	9.829486e+04	2.201800e-04
	77	66	-7.750000	57.000000	9.731034e+04	3.138953e-04
	186	67	19.500000	56.750000	9.716823e+04	2.173699e-04
	189	139	20.250000	38.750000	1.011001e+05	9.980612e-05
2022	2	17	4	3
	277	8	42.250000	71.500000	9.895116e+04	1.100191e-04
	37	45	-17.750000	62.250000	9.843288e+04	2.340305e-04
	193	65	21.250000	57.250000	9.697851e+04	1.950586e-04
	137	113	7.250000	45.250000	1.005982e+05	1.134492e-05
2022	2	17	4	6
	275	8	41.750000	71.500000	9.895914e+04	1.066691e-04
	137	37	7.250000	64.250000	9.776265e+04	1.209967e-04
	34	44	-18.500000	62.500000	9.842756e+04	2.671670e-04
	200	64	23.000000	57.500000	9.686852e+04	1.859746e-04
2022	2	17	7	9
	279	7	42.750000	71.750000	9.901742e+04	9.645621e-05
	137	37	7.250000	64.250000	9.787044e+04	1.154389e-04
	36	44	-18.000000	62.500000	9.840061e+04	3.073286e-04
	205	61	24.250000	58.250000	9.678126e+04	1.796564e-04
	1	74	-26.750000	55.000000	9.900489e+04	1.922374e-04
	8	112	-25.000000	45.500000	1.006520e+05	1.756390e-04
	279	120	42.750000	43.500000	1.012310e+05	-1.247044e-05
2022	2	17	5	12
	139	37	7.750000	64.250000	9.798794e+04	1.101306e-04
	36	43	-18.000000	62.750000	9.839998e+04	3.136758e-04
	214	57	26.500000	59.250000	9.674820e+04	7.408609e-05
	9	73	-24.750000	55.250000	9.899580e+04	2.829448e-04
	20	104	-22.000000	47.500000	1.003441e+05	1.975639e-04
2022	2	17	4	15
	36	43	-18.000000	62.750000	9.819756e+04	3.444289e-04
	219	54	27.750000	60.000000	9.674820e+04	6.779110e-05
	12	68	-24.000000	56.500000	9.870800e+04	2.713061e-04
	33	98	-18.750000	49.000000	9.997030e+04	2.330752e-04
2022	2	17	4	18
	37	43	-17.750000	62.750000	9.791086e+04	4.258828e-04
	223	50	28.750000	61.000000	9.674742e+04	1.101687e-04
	14	67	-23.500000	56.750000	9.844934e+04	2.566194e-04
	43	93	-16.250000	50.250000	9.957220e+04	2.463374e-04
2022	2	17	4	21
	37	43	-17.750000	62.750000	9.779210e+04	4.619463e-04
	227	46	29.750000	62.000000	9.680006e+04	8.797537e-05
	18	67	-22.500000	56.750000	9.826352e+04	2.809620e-04
	56	86	-13.000000	52.000000	9.911770e+04	2.311851e-04
2022	2	18	5	0
	153	26	11.250000	67.000000	9.843336e+04	2.234975e-05
	229	42	30.250000	63.000000	9.691882e+04	9.750739e-05
	35	43	-18.250000	62.750000	9.775372e+04	4.445410e-04
	32	65	-19.000000	57.250000	9.811280e+04	2.369911e-04
	66	80	-10.500000	53.500000	9.858455e+04	2.693543e-04
2022	2	18	5	3
	154	25	11.500000	67.250000	9.842066e+04	5.958211e-05
	235	38	31.750000	64.000000	9.698932e+04	1.087800e-04
	34	44	-18.500000	62.500000	9.762195e+04	4.314021e-04
	37	66	-17.750000	57.000000	9.791869e+04	2.623239e-04
	76	74	-8.000000	55.000000	9.795362e+04	3.130730e-04
2022	2	18	7	6
	143	23	8.750000	67.750000	9.834593e+04	7.954588e-05
	238	34	32.500000	65.000000	9.706562e+04	9.073043e-05
	33	45	-18.750000	62.250000	9.760989e+04	4.474818e-04
	44	67	-16.000000	56.750000	9.780181e+04	2.291102e-04
	85	69	-5.750000	56.250000	9.725488e+04	3.230702e-04
	137	113	7.250000	45.250000	1.014002e+05	1.137261e-05
	140	122	8.000000	43.000000	1.014002e+05	7.313528e-05
2022	2	18	5	9
	141	23	8.250000	67.750000	9.831225e+04	7.240553e-05
	241	32	33.250000	65.500000	9.719691e+04	9.424443e-05
	34	46	-18.500000	62.000000	9.774573e+04	4.034758e-04
	75	61	-8.250000	58.250000	9.674538e+04	1.097478e-04
	94	65	-3.500000	57.250000	9.674538e+04	4.199507e-04
2022	2	18	4	12
	137	23	7.250000	67.750000	9.827512e+04	1.171446e-04
	241	29	33.250000	66.250000	9.730391e+04	1.177730e-04
	35	46	-18.250000	62.000000	9.783048e+04	3.924225e-04
	99	63	-2.250000	57.750000	9.637580e+04	4.372780e-04
2022	2	18	5	15
	136	24	7.000000	67.500000	9.814258e+04	9.414367e-05
	242	28	33.500000	66.500000	9.738288e+04	1.215860e-04
	37	46	-17.750000	62.000000	9.779633e+04	3.918065e-04
	111	62	0.750000	58.000000	9.629620e+04	4.412094e-04
	222	148	28.500000	36.500000	1.003831e+05	1.912717e-04
2022	2	18	9	18
	258	19	37.500000	68.750000	9.741577e+04	9.198538e-05
	259	19	37.750000	68.750000	9.741577e+04	8.510419e-05
	241	26	33.250000	67.000000	9.741577e+04	1.330138e-04
	40	45	-17.000000	62.250000	9.773868e+04	4.099243e-04
	2	61	-26.500000	58.250000	9.860491e+04	1.179986e-04
	140	61	8.000000	58.250000	9.632347e+04	2.326370e-04
	122	63	3.500000	57.750000	9.632347e+04	3.955785e-04
	279	119	42.750000	43.750000	1.003393e+05	5.174072e-05
	224	149	29.000000	36.250000	1.002448e+05	2.206889e-04
2022	2	18	7	21
	238	25	32.500000	67.250000	9.746309e+04	1.371938e-04
	40	45	-17.000000	62.250000	9.774526e+04	3.857345e-04
	11	59	-24.250000	58.750000	9.862888e+04	1.428660e-04
	149	59	10.250000	58.750000	9.645491e+04	2.666809e-04
	133	63	6.250000	57.750000	9.645491e+04	3.104921e-04
	24	64	-21.000000	57.500000	9.862888e+04	1.925091e-04
	225	152	29.250000	35.500000	1.001995e+05	2.147892e-04
2022	2	19	7	0
	7	6	-25.250000	72.000000	1.001878e+05	-1.917456e-05
	257	18	37.250000	69.000000	9.751527e+04	9.012893e-05
	234	25	31.500000	67.250000	9.751527e+04	1.827644e-04
	39	44	-17.250000	62.500000	9.775121e+04	3.782480e-04
	33	63	-18.750000	57.750000	9.850402e+04	2.267160e-04
	145	63	9.250000	57.750000	9.660328e+04	3.376215e-04
	226	157	29.500000	34.250000	1.002440e+05	1.658819e-04
2022	2	19	11	3
	6	7	-25.500000	71.750000	1.001367e+05	1.187488e-07
	257	17	37.250000	69.250000	9.751683e+04	1.293338e-04
	231	26	30.750000	67.000000	9.750916e+04	1.878181e-04
	133	29	6.250000	66.250000	9.795300e+04	7.593306e-05
	38	44	-17.500000	62.500000	9.783910e+04	4.113775e-04
	184	57	19.000000	59.250000	9.675917e+04	2.238384e-04
	38	62	-17.500000	58.000000	9.855791e+04	2.476150e-04
	157	62	12.250000	58.000000	9.669368e+04	2.937799e-04
	137	117	7.250000	44.250000	1.011351e+05	1.150282e-04
	232	162	31.000000	33.000000	1.002465e+05	1.142408e-04
	244	162	34.000000	33.000000	1.002465e+05	1.987326e-06
2022	2	19	7	6
	255	17	36.750000	69.250000	9.748409e+04	1.516139e-04
	137	29	7.250000	66.250000	9.800141e+04	6.660257e-05
	38	44	-17.500000	62.500000	9.798073e+04	3.879337e-04
	187	55	19.750000	59.750000	9.685788e+04	2.269142e-04
	171	61	15.750000	58.250000	9.685788e+04	2.126374e-04
	43	62	-16.250000	58.000000	9.863640e+04	2.328381e-04
	137	117	7.250000	44.250000	1.011267e+05	1.248560e-04
2022	2	19	8	9
	255	17	36.750000	69.250000	9.752937e+04	1.735469e-04
	163	26	13.750000	67.000000	9.813208e+04	2.469280e-06
	136	32	7.000000	65.500000	9.812706e+04	1.296228e-04
	40	44	-17.000000	62.500000	9.820070e+04	3.409811e-04
	190	55	20.500000	59.750000	9.693402e+04	2.210589e-04
	52	62	-14.000000	58.000000	9.892859e+04	1.919658e-04
	53	62	-13.750000	58.000000	9.892859e+04	1.827519e-04
	137	117	7.250000	44.250000	1.012591e+05	1.153804e-04
2022	2	19	8	12
	288	5	45.000000	72.250000	9.789660e+04	6.669085e-05
	257	16	37.250000	69.500000	9.757605e+04	1.730389e-04
	149	24	10.250000	67.500000	9.823893e+04	5.353369e-05
	140	33	8.000000	65.250000	9.823893e+04	1.426856e-04
	39	43	-17.250000	62.750000	9.835580e+04	2.964012e-04
	192	56	21.000000	59.500000	9.704259e+04	2.223523e-04
	157	107	12.250000	46.750000	1.011743e+05	-1.948948e-05
	137	117	7.250000	44.250000	1.012525e+05	1.209383e-04
2022	2	19	8	15
	257	16	37.250000	69.500000	9.760425e+04	1.898708e-04
	151	25	10.750000	67.250000	9.831068e+04	5.175007e-05
	146	34	9.500000	65.000000	9.831068e+04	1.387034e-04
	38	42	-17.500000	63.000000	9.835737e+04	2.723416e-04
	206	61	24.500000	58.250000	9.720662e+04	1.136133e-04
	153	108	11.250000	46.500000	1.012741e+05	-2.911835e-06
	135	119	6.750000	43.750000	1.011505e+05	1.411132e-04
	285	152	44.250000	35.500000	1.007761e+05	1.469599e-05
2022	2	19	7	18
	274	6	41.500000	72.000000	9.766159e+04	1.293271e-04
	259	16	37.750000	69.500000	9.766159e+04	1.721551e-04
	149	35	10.250000	64.750000	9.843712e+04	1.652276e-04
	38	41	-17.500000	63.250000	9.843116e+04	1.826907e-04
	225	51	29.250000	60.750000	9.743646e+04	9.784442e-05
	216	59	27.000000	58.750000	9.743646e+04	1.463865e-04
	137	121	7.250000	43.250000	1.013484e+05	1.164781e-04
2022	2	19	6	21
	262	16	38.500000	69.500000	9.774259e+04	1.738110e-04
	148	33	10.000000	65.250000	9.857593e+04	1.375595e-04
	230	49	30.500000	61.250000	9.760488e+04	1.048082e-04
	225	60	29.250000	58.500000	9.760488e+04	1.259493e-04
	143	121	8.750000	43.250000	1.014765e+05	6.247131e-05
	280	156	43.000000	34.500000	1.011707e+05	6.080321e-05
2022	2	20	7	0
	286	0	44.500000	73.500000	9.798465e+04	4.720825e-05
	272	7	41.000000	71.750000	9.784020e+04	1.001148e-04
	264	16	39.000000	69.500000	9.784020e+04	1.300627e-04
	151	35	10.750000	64.750000	9.874247e+04	1.082911e-04
	0	48	-27.000000	61.500000	9.589983e+04	1.051806e-04
	235	61	31.750000	58.250000	9.773194e+04	1.362797e-04
	144	124	9.000000	42.500000	1.014685e+05	9.248759e-05
