2022	2	14	5	0
	224	10	29.000000	71.000000	9.837805e+04	1.546522e-04
	194	12	21.500000	70.500000	9.837805e+04	7.978612e-05
	1	17	-26.750000	69.250000	9.974548e+04	1.181385e-05
	219	23	27.750000	67.750000	9.842380e+04	1.273584e-04
	103	71	-1.250000	55.750000	9.845059e+04	1.794850e-04
2022	2	14	5	3
	58	4	-12.500000	72.500000	1.001017e+05	6.636949e-05
	217	8	27.250000	71.500000	9.809463e+04	1.499343e-04
	1	17	-26.750000	69.250000	9.976898e+04	-1.717410e-05
	227	22	29.750000	68.000000	9.823329e+04	1.118317e-04
	108	70	0.000000	56.000000	9.836145e+04	1.683810e-04
2022	2	14	3	6
	63	3	-11.250000	72.750000	1.001085e+05	6.296454e-05
	219	8	27.750000	71.500000	9.797963e+04	2.052450e-04
	108	71	0.000000	55.750000	9.842599e+04	1.884574e-04
2022	2	14	3	9
	229	7	30.250000	71.750000	9.803682e+04	1.530947e-04
	0	52	-27.000000	60.500000	9.796037e+04	1.046748e-04
	123	67	3.750000	56.750000	9.853785e+04	6.735384e-05
2022	2	14	3	12
	226	9	29.500000	71.250000	9.801661e+04	2.323720e-04
	0	49	-27.000000	61.250000	9.758420e+04	1.530134e-04
	131	65	5.750000	57.250000	9.842521e+04	1.951815e-04
2022	2	14	4	15
	236	6	32.000000	72.000000	9.807333e+04	1.226826e-04
	6	7	-25.500000	71.750000	9.978480e+04	2.702677e-05
	3	45	-26.250000	62.250000	9.717403e+04	2.252131e-04
	135	62	6.750000	58.000000	9.833544e+04	2.085869e-04
2022	2	14	5	18
	249	5	35.250000	72.250000	9.813255e+04	1.229374e-04
	254	13	36.500000	70.250000	9.813255e+04	1.427300e-04
	288	13	45.000000	70.250000	9.901304e+04	7.802901e-05
	0	41	-27.000000	63.250000	9.694106e+04	1.382454e-04
	137	61	7.250000	58.250000	9.852563e+04	1.863477e-04
2022	2	14	5	21
	247	5	34.750000	72.250000	9.809181e+04	7.173729e-05
	260	12	38.000000	70.500000	9.809181e+04	1.563938e-04
	0	37	-27.000000	64.250000	9.686288e+04	1.683179e-04
	27	39	-20.250000	63.750000	9.686288e+04	8.711482e-06
	143	59	8.750000	58.750000	9.856026e+04	2.181677e-04
2022	2	15	8	0
	243	5	33.750000	72.250000	9.813208e+04	1.662277e-04
	244	5	34.000000	72.250000	9.813208e+04	1.471998e-04
	6	7	-25.500000	71.750000	9.961419e+04	4.891139e-05
	266	11	39.500000	70.750000	9.813208e+04	1.898876e-04
	33	45	-18.750000	62.250000	9.751463e+04	2.196827e-04
	125	53	4.250000	60.250000	9.854099e+04	1.043941e-04
	148	56	10.000000	59.500000	9.854099e+04	3.050449e-04
	145	118	9.250000	44.000000	1.011055e+05	1.600477e-04
2022	2	15	7	3
	242	7	33.500000	71.750000	9.816326e+04	2.140518e-04
	270	10	40.500000	71.000000	9.816326e+04	1.937305e-04
	33	42	-18.750000	63.000000	9.750868e+04	2.264092e-04
	126	53	4.500000	60.250000	9.851655e+04	7.326148e-05
	151	53	10.750000	60.250000	9.850464e+04	3.424800e-04
	171	103	15.750000	47.750000	1.009182e+05	7.691855e-05
	152	116	11.000000	44.500000	1.010051e+05	9.282814e-05
2022	2	15	8	6
	275	9	41.750000	71.250000	9.821841e+04	1.803559e-04
	249	12	35.250000	70.500000	9.821841e+04	1.638755e-04
	24	35	-21.000000	64.750000	9.734888e+04	1.224716e-04
	154	51	11.500000	60.750000	9.856120e+04	2.725376e-04
	128	53	5.000000	60.250000	9.857875e+04	7.872425e-05
	0	83	-27.000000	52.750000	9.861651e+04	1.503127e-04
	155	115	11.750000	44.750000	1.010958e+05	8.894003e-05
	150	162	10.500000	33.000000	1.015453e+05	2.638291e-05
2022	2	15	7	9
	275	8	41.750000	71.500000	9.831570e+04	2.044847e-04
	126	48	4.500000	61.500000	9.881141e+04	9.731481e-05
	156	50	12.000000	61.000000	9.869562e+04	2.164208e-04
	3	79	-26.250000	53.750000	9.794736e+04	2.373439e-04
	158	113	12.500000	45.250000	1.011590e+05	9.039143e-05
	278	120	42.500000	43.500000	1.021392e+05	4.449207e-05
	153	159	11.250000	33.750000	1.016316e+05	9.698814e-05
2022	2	15	8	12
	277	9	42.250000	71.250000	9.842897e+04	2.059148e-04
	0	33	-27.000000	65.250000	9.729514e+04	-3.875614e-07
	125	48	4.250000	61.500000	9.885981e+04	1.554562e-04
	162	49	13.500000	61.250000	9.884493e+04	1.802987e-04
	17	75	-22.750000	54.750000	9.750038e+04	3.414016e-04
	159	113	12.750000	45.250000	1.011757e+05	7.976858e-05
	278	121	42.500000	43.250000	1.018634e+05	4.862573e-05
	154	162	11.500000	33.000000	1.015480e+05	5.603652e-05
2022	2	15	5	15
	282	8	43.500000	71.500000	9.849618e+04	2.203014e-04
	0	36	-27.000000	64.500000	9.727273e+04	-8.762793e-06
	28	72	-20.000000	55.500000	9.699747e+04	4.082668e-04
	164	122	14.000000	43.000000	1.011535e+05	6.608132e-05
	162	162	13.500000	33.000000	1.014256e+05	3.022505e-05
2022	2	15	5	18
	283	7	43.750000	71.750000	9.858784e+04	2.626826e-04
	182	44	18.500000	62.500000	9.891089e+04	1.327255e-04
	42	69	-16.500000	56.250000	9.680288e+04	4.031844e-04
	278	120	42.500000	43.500000	1.021842e+05	2.892178e-05
	164	160	14.000000	33.500000	1.014696e+05	4.412753e-05
2022	2	15	6	21
	280	7	43.000000	71.750000	9.867197e+04	2.407376e-04
	182	43	18.500000	62.750000	9.893659e+04	1.501685e-04
	55	67	-13.250000	56.750000	9.671045e+04	4.408405e-04
	278	120	42.500000	43.500000	1.021344e+05	1.645753e-05
	165	148	14.250000	36.500000	1.015651e+05	1.110360e-04
	166	157	14.500000	34.250000	1.015651e+05	6.185177e-05
2022	2	16	6	0
	280	8	43.000000	71.500000	9.876284e+04	2.344691e-04
	185	42	19.250000	63.000000	9.895037e+04	1.393165e-04
	67	67	-10.250000	56.750000	9.684487e+04	4.450361e-04
	2	84	-26.500000	52.500000	9.803557e+04	1.871456e-04
	280	121	43.000000	43.250000	1.020922e+05	5.107330e-06
	169	155	15.250000	34.750000	1.015129e+05	9.487155e-05
2022	2	16	6	3
	282	8	43.500000	71.500000	9.880937e+04	2.511996e-04
	185	42	19.250000	63.000000	9.896212e+04	1.266839e-04
	80	67	-7.000000	56.750000	9.707439e+04	3.956932e-04
	20	78	-22.000000	54.000000	9.747500e+04	2.946736e-04
	280	121	43.000000	43.250000	1.021028e+05	1.333041e-05
	172	152	16.000000	35.500000	1.013354e+05	1.300902e-04
2022	2	16	8	6
	281	9	43.250000	71.250000	9.886341e+04	2.323925e-04
	188	41	20.000000	63.250000	9.899659e+04	1.175794e-04
	99	69	-2.250000	56.250000	9.759736e+04	2.030202e-04
	34	74	-18.500000	55.000000	9.717388e+04	3.257425e-04
	2	75	-26.500000	54.750000	9.726083e+04	2.633254e-04
	280	121	43.000000	43.250000	1.021880e+05	-4.534751e-07
	174	146	16.500000	37.000000	1.012346e+05	1.749793e-04
	173	147	16.250000	36.750000	1.012346e+05	1.897024e-04
2022	2	16	6	9
	280	9	43.000000	71.250000	9.892233e+04	2.140090e-04
	116	69	2.000000	56.250000	9.779445e+04	2.134130e-04
	45	70	-15.750000	56.000000	9.682230e+04	3.457554e-04
	12	74	-24.000000	55.000000	9.723670e+04	3.660498e-04
	136	116	7.000000	44.500000	1.012761e+05	8.809975e-05
	176	144	17.000000	37.500000	1.010911e+05	1.952605e-04
2022	2	16	7	12
	280	9	43.000000	71.250000	9.896196e+04	2.190905e-04
	55	67	-13.250000	56.750000	9.662882e+04	3.970383e-04
	131	70	5.750000	56.000000	9.792950e+04	1.714608e-04
	25	73	-20.750000	55.250000	9.731457e+04	3.989610e-04
	137	116	7.250000	44.500000	1.012708e+05	9.292014e-05
	177	140	17.250000	38.500000	1.008752e+05	2.218772e-04
	178	141	17.500000	38.250000	1.008752e+05	2.310113e-04
2022	2	16	7	15
	282	10	43.500000	71.000000	9.893909e+04	2.221591e-04
	67	66	-10.250000	57.000000	9.649314e+04	3.873568e-04
	137	70	7.250000	56.000000	9.803071e+04	1.499941e-04
	40	73	-17.000000	55.250000	9.740982e+04	2.949653e-04
	135	120	6.750000	43.500000	1.013200e+05	1.488758e-04
	177	139	17.250000	38.750000	1.006584e+05	2.375048e-04
	169	144	15.250000	37.500000	1.006584e+05	1.860029e-06
2022	2	16	6	18
	285	10	44.250000	71.000000	9.891245e+04	1.763055e-04
	78	65	-7.500000	57.250000	9.638833e+04	3.428921e-04
	148	108	10.000000	46.500000	1.005389e+05	-3.318532e-05
	137	117	7.250000	44.250000	1.011970e+05	5.473943e-05
	186	134	19.500000	40.000000	1.007447e+05	-2.222827e-05
	177	139	17.250000	38.750000	1.007447e+05	2.373436e-04
2022	2	16	4	21
	285	10	44.250000	71.000000	9.886874e+04	1.896385e-04
	85	65	-5.750000	57.250000	9.638520e+04	3.961902e-04
	137	117	7.250000	44.250000	1.011433e+05	7.498043e-05
	177	140	17.250000	38.500000	1.009177e+05	2.133838e-04
2022	2	17	6	0
	284	10	44.000000	71.000000	9.884916e+04	2.053131e-04
	95	67	-3.250000	56.750000	9.665263e+04	3.113858e-04
	117	67	2.250000	56.750000	9.666313e+04	1.530148e-04
	138	117	7.500000	44.250000	1.009377e+05	8.475183e-05
	280	121	43.000000	43.250000	1.018193e+05	-1.584260e-05
	177	142	17.250000	38.000000	1.009719e+05	1.743528e-04
2022	2	17	6	3
	285	11	44.250000	70.750000	9.881203e+04	1.509167e-04
	0	33	-27.000000	65.250000	9.879245e+04	-1.569273e-05
	130	69	5.500000	56.250000	9.704916e+04	1.786194e-04
	138	117	7.500000	44.250000	1.007549e+05	1.102371e-04
	280	121	43.000000	43.250000	1.017042e+05	-1.678580e-05
	176	146	17.000000	37.000000	1.009030e+05	1.531991e-04
2022	2	17	6	6
	287	12	44.750000	70.500000	9.876926e+04	7.938774e-05
	39	40	-17.250000	63.500000	9.885151e+04	1.257835e-04
	3	45	-26.250000	62.250000	9.892389e+04	8.472765e-05
	158	66	12.500000	57.000000	9.695344e+04	1.829737e-04
	176	67	17.000000	56.750000	9.695344e+04	9.334785e-05
	177	151	17.250000	35.750000	1.009896e+05	1.718826e-04
2022	2	17	5	9
	39	40	-17.250000	63.500000	9.904484e+04	1.248965e-04
	5	42	-25.750000	63.000000	9.907539e+04	1.102225e-04
	183	64	18.750000	57.500000	9.673755e+04	1.275531e-04
	194	71	21.500000	55.750000	9.673755e+04	1.715110e-04
	178	155	17.500000	34.750000	1.010706e+05	1.587447e-04
2022	2	17	6	12
	39	40	-17.250000	63.500000	9.921060e+04	1.168787e-04
	6	41	-25.500000	63.250000	9.916062e+04	1.098670e-04
	186	64	19.500000	57.500000	9.661488e+04	1.730218e-04
	203	68	23.750000	56.500000	9.661488e+04	1.885240e-04
	8	114	-25.000000	45.000000	1.009362e+05	1.787682e-04
	186	160	19.500000	33.500000	1.009370e+05	1.169493e-04
2022	2	17	6	15
	5	38	-25.750000	64.000000	9.920183e+04	7.730565e-05
	39	40	-17.250000	63.500000	9.926230e+04	8.521450e-05
	209	66	25.250000	57.000000	9.664213e+04	2.001803e-04
	157	108	12.250000	46.500000	1.000988e+05	1.208306e-05
	4	114	-26.000000	45.000000	1.005708e+05	2.348598e-04
	279	120	42.750000	43.500000	1.012505e+05	-1.248701e-05
2022	2	17	3	18
	3	36	-26.250000	64.500000	9.923426e+04	7.176457e-05
	213	63	26.250000	57.750000	9.658855e+04	2.044298e-04
	16	107	-23.000000	46.750000	1.002186e+05	2.037183e-04
2022	2	17	2	21
	216	61	27.000000	58.250000	9.656630e+04	2.275207e-04
	24	103	-21.000000	47.750000	1.000779e+05	1.682949e-04
2022	2	18	3	0
	217	60	27.250000	58.500000	9.657587e+04	2.848625e-04
	50	94	-14.500000	50.000000	9.988758e+04	2.268271e-04
	32	100	-19.000000	48.500000	9.987786e+04	1.970796e-04
2022	2	18	2	3
	221	59	28.250000	58.750000	9.664903e+04	2.840360e-04
	43	95	-16.250000	49.750000	9.958112e+04	1.978471e-04
2022	2	18	3	6
	225	58	29.250000	59.000000	9.678377e+04	2.186011e-04
	48	97	-15.000000	49.250000	9.926904e+04	3.967569e-04
	138	117	7.500000	44.250000	1.014167e+05	7.396264e-05
2022	2	18	3	9
	229	52	30.250000	60.500000	9.698524e+04	1.060720e-04
	58	95	-12.500000	49.750000	9.903842e+04	4.579849e-04
	137	117	7.250000	44.250000	1.014950e+05	6.969565e-05
2022	2	18	7	12
	160	25	13.000000	67.250000	9.924178e+04	1.018577e-04
	238	50	32.500000	61.000000	9.720912e+04	8.868310e-05
	64	55	-11.000000	59.750000	9.944999e+04	9.055610e-05
	88	83	-5.000000	52.750000	9.890745e+04	2.663569e-04
	70	92	-9.500000	50.500000	9.889381e+04	4.489736e-04
	137	116	7.250000	44.500000	1.014903e+05	7.140507e-05
	245	128	34.250000	41.500000	1.001082e+05	-2.839740e-05
2022	2	18	7	15
	157	26	12.250000	67.000000	9.929395e+04	9.489909e-05
	288	31	45.000000	65.750000	9.821856e+04	6.916158e-05
	0	40	-27.000000	63.500000	9.925682e+04	1.378475e-06
	245	46	34.250000	62.000000	9.737222e+04	1.309813e-04
	80	56	-7.000000	59.500000	9.938200e+04	1.171891e-04
	84	88	-6.000000	51.500000	9.861478e+04	3.647656e-04
	238	137	32.500000	39.250000	1.001650e+05	4.213077e-05
2022	2	18	5	18
	0	40	-27.000000	63.500000	9.913618e+04	2.001804e-05
	246	42	34.500000	63.000000	9.748284e+04	8.569570e-05
	87	56	-5.250000	59.500000	9.932341e+04	1.407020e-04
	114	79	1.500000	53.750000	9.839356e+04	2.552107e-04
	234	137	31.500000	39.250000	1.002581e+05	6.390797e-05
2022	2	18	5	21
	288	27	45.000000	66.750000	9.821527e+04	1.006974e-04
	253	38	36.250000	64.000000	9.752639e+04	9.813780e-05
	122	77	3.500000	54.250000	9.806392e+04	3.084773e-04
	230	148	30.500000	36.500000	1.000475e+05	1.423442e-04
	268	162	40.000000	33.000000	1.004104e+05	4.637134e-05
2022	2	19	6	0
	153	30	11.250000	66.000000	9.925572e+04	1.065775e-04
	255	35	36.750000	64.750000	9.760441e+04	5.745444e-05
	0	52	-27.000000	60.500000	9.778113e+04	1.659705e-04
	129	76	5.250000	54.500000	9.763120e+04	3.821888e-04
	227	150	29.750000	36.000000	9.988116e+04	1.966704e-04
	272	162	41.000000	33.000000	1.002750e+05	2.219102e-05
2022	2	19	6	3
	153	33	11.250000	65.250000	9.926873e+04	1.219552e-04
	262	33	38.500000	65.250000	9.769042e+04	1.164121e-04
	0	47	-27.000000	61.750000	9.739917e+04	1.530712e-04
	139	75	7.750000	54.750000	9.749302e+04	3.824236e-04
	228	152	30.000000	35.500000	9.985655e+04	1.777049e-04
	276	162	42.000000	33.000000	1.002131e+05	5.061130e-05
2022	2	19	9	6
	277	26	42.250000	67.000000	9.780134e+04	1.704746e-04
	154	33	11.500000	65.250000	9.931745e+04	1.221577e-04
	262	33	38.500000	65.250000	9.780134e+04	9.535956e-05
	1	43	-26.750000	62.750000	9.729279e+04	1.794901e-04
	151	76	10.750000	54.500000	9.762399e+04	3.380378e-04
	137	117	7.250000	44.250000	1.010281e+05	1.155597e-04
	237	153	32.250000	35.250000	1.000750e+05	7.575900e-05
	227	154	29.750000	35.000000	1.000750e+05	1.527419e-04
	280	162	43.000000	33.000000	1.002915e+05	1.213314e-04
2022	2	19	10	9
	220	1	28.000000	73.250000	9.943542e+04	1.921063e-04
	279	24	42.750000	67.500000	9.788657e+04	1.855696e-04
	3	40	-26.250000	63.500000	9.717638e+04	2.536768e-04
	167	75	14.750000	54.750000	9.775246e+04	2.355210e-04
	175	115	16.750000	44.750000	1.006293e+05	-1.266177e-04
	137	117	7.250000	44.250000	1.011632e+05	1.042256e-04
	105	141	-0.750000	38.250000	1.015516e+05	5.788201e-05
	227	159	29.750000	33.750000	1.004030e+05	1.771955e-04
	282	160	43.500000	33.500000	1.002507e+05	1.701535e-04
	244	161	34.000000	33.250000	1.003997e+05	4.495036e-05
2022	2	19	9	12
	216	1	27.000000	73.250000	9.942618e+04	1.015999e-04
	280	23	43.000000	67.750000	9.792323e+04	2.123576e-04
	263	31	38.750000	65.750000	9.792323e+04	1.186684e-04
	0	37	-27.000000	64.250000	9.714584e+04	1.884980e-04
	30	38	-19.500000	64.000000	9.721289e+04	7.534200e-05
	183	75	18.750000	54.750000	9.792856e+04	1.990826e-04
	137	118	7.250000	44.000000	1.011737e+05	9.737514e-05
	283	156	43.750000	34.500000	1.002080e+05	1.581586e-04
	245	159	34.250000	33.750000	1.004173e+05	1.312147e-04
2022	2	19	11	15
	216	1	27.000000	73.250000	9.945438e+04	1.195192e-04
	6	7	-25.500000	71.750000	9.975832e+04	2.113629e-05
	280	23	43.000000	67.750000	9.796945e+04	2.186177e-04
	261	31	38.250000	65.750000	9.796945e+04	1.698988e-04
	0	34	-27.000000	65.000000	9.726835e+04	1.064632e-04
	26	34	-20.500000	65.000000	9.726835e+04	8.065248e-05
	201	75	23.250000	54.750000	9.801959e+04	1.409174e-04
	153	110	11.250000	46.000000	1.011524e+05	3.938192e-05
	136	118	7.000000	44.000000	1.011427e+05	1.184857e-04
	284	155	44.000000	34.750000	1.005221e+05	1.689959e-04
	242	158	33.500000	34.000000	1.006573e+05	1.539050e-04
2022	2	19	9	18
	217	2	27.250000	73.000000	9.953914e+04	1.055497e-04
	280	23	43.000000	67.750000	9.807286e+04	2.228019e-04
	264	30	39.000000	66.000000	9.807286e+04	1.565966e-04
	0	34	-27.000000	65.000000	9.753751e+04	2.326300e-05
	16	61	-23.000000	58.250000	9.772019e+04	1.884514e-04
	17	61	-22.750000	58.250000	9.772019e+04	1.829776e-04
	213	74	26.250000	55.000000	9.825193e+04	1.596569e-04
	135	118	6.750000	44.000000	1.013518e+05	1.178763e-04
	284	153	44.000000	35.250000	1.009439e+05	1.276977e-04
2022	2	19	8	21
	220	3	28.000000	72.750000	9.961466e+04	1.005509e-04
	221	3	28.250000	72.750000	9.961466e+04	9.280295e-05
	6	7	-25.500000	71.750000	9.934189e+04	7.198648e-06
	281	23	43.250000	67.750000	9.821417e+04	2.030196e-04
	0	34	-27.000000	65.000000	9.751809e+04	4.526258e-06
	34	55	-18.500000	59.750000	9.728323e+04	2.035277e-04
	224	72	29.000000	55.500000	9.837053e+04	1.538875e-04
	281	151	43.250000	35.750000	1.011941e+05	1.317538e-04
2022	2	20	9	0
	6	7	-25.500000	71.750000	9.927970e+04	-1.692613e-05
	282	23	43.500000	67.750000	9.835769e+04	2.076382e-04
	268	29	40.000000	66.250000	9.835769e+04	1.430032e-04
	0	35	-27.000000	64.750000	9.739855e+04	1.249810e-05
	39	50	-17.250000	61.000000	9.660406e+04	2.927360e-04
	231	71	30.750000	55.750000	9.849195e+04	1.416411e-04
	150	137	10.500000	39.250000	1.016042e+05	9.306142e-05
	150	138	10.500000	39.000000	1.016047e+05	8.968227e-05
	278	151	42.500000	35.750000	1.013271e+05	1.092618e-04
