2022	2	14	7	0
	2	6	-26.500000	72.000000	9.974767e+04	8.980797e-06
	222	10	28.500000	71.000000	9.836724e+04	1.509941e-04
	194	12	21.500000	70.500000	9.836724e+04	8.809200e-05
	1	17	-26.750000	69.250000	9.974767e+04	3.829271e-06
	218	24	27.500000	67.500000	9.848177e+04	1.337304e-04
	117	61	2.250000	58.250000	9.842459e+04	9.475364e-05
	105	71	-0.750000	55.750000	9.842459e+04	1.161253e-04
2022	2	14	4	3
	215	9	26.750000	71.250000	9.806236e+04	2.103762e-04
	234	20	31.500000	68.500000	9.810763e+04	9.263551e-05
	118	61	2.500000	58.250000	9.838823e+04	9.541374e-05
	109	70	0.250000	56.000000	9.838823e+04	1.411626e-04
2022	2	14	3	6
	63	3	-11.250000	72.750000	1.000853e+05	8.906073e-05
	219	8	27.750000	71.500000	9.793170e+04	2.743346e-04
	111	70	0.750000	56.000000	9.840218e+04	1.347213e-04
2022	2	14	4	9
	67	2	-10.250000	73.000000	1.001555e+05	8.138189e-05
	218	11	27.500000	70.750000	9.803275e+04	3.175134e-04
	0	52	-27.000000	60.500000	9.792919e+04	1.251510e-04
	119	67	2.750000	56.750000	9.854334e+04	7.455090e-05
2022	2	14	5	12
	72	0	-9.000000	73.500000	1.001682e+05	3.823262e-05
	234	14	31.500000	70.000000	9.804998e+04	2.459336e-04
	0	48	-27.000000	61.500000	9.753986e+04	1.475104e-04
	127	64	4.750000	57.500000	9.845356e+04	1.427510e-04
	116	71	2.000000	55.750000	9.845356e+04	2.053992e-04
2022	2	14	5	15
	235	5	31.750000	72.250000	9.804716e+04	1.265144e-04
	246	13	34.500000	70.250000	9.804716e+04	2.067609e-04
	8	45	-25.000000	62.250000	9.714473e+04	3.001813e-04
	131	62	5.750000	58.000000	9.839215e+04	2.054085e-04
	132	62	6.000000	58.000000	9.839215e+04	2.075489e-04
2022	2	14	5	18
	236	6	32.000000	72.000000	9.803228e+04	9.991378e-05
	288	10	45.000000	71.000000	9.904829e+04	1.160240e-04
	254	12	36.500000	70.500000	9.803228e+04	1.929386e-04
	0	40	-27.000000	63.500000	9.675995e+04	2.026475e-04
	132	61	6.000000	58.250000	9.848709e+04	2.481083e-04
2022	2	14	5	21
	258	11	37.500000	70.750000	9.801395e+04	2.271176e-04
	0	36	-27.000000	64.500000	9.691380e+04	1.486219e-04
	15	41	-23.250000	63.250000	9.691380e+04	1.807620e-04
	134	61	6.500000	58.250000	9.858533e+04	2.392977e-04
	139	121	7.750000	43.250000	1.011760e+05	1.064776e-04
2022	2	15	5	0
	6	7	-25.500000	71.750000	9.954494e+04	5.431505e-05
	264	11	39.000000	70.750000	9.808930e+04	2.329401e-04
	127	51	4.750000	60.750000	9.863844e+04	1.078324e-04
	142	60	8.500000	58.500000	9.863844e+04	2.485616e-04
	145	118	9.250000	44.000000	1.011920e+05	1.150108e-04
2022	2	15	6	3
	249	5	35.250000	72.250000	9.820133e+04	8.808796e-05
	272	9	41.000000	71.250000	9.820133e+04	2.159615e-04
	0	34	-27.000000	65.000000	9.716714e+04	7.063949e-05
	125	49	4.250000	61.250000	9.867087e+04	1.274547e-04
	147	57	9.750000	59.250000	9.860241e+04	2.628742e-04
	146	118	9.500000	44.000000	1.010867e+05	1.012862e-04
2022	2	15	7	6
	248	8	35.000000	71.500000	9.822984e+04	1.483998e-04
	273	9	41.250000	71.250000	9.822984e+04	2.241004e-04
	37	40	-17.750000	63.500000	9.736298e+04	2.338640e-04
	125	48	4.250000	61.500000	9.864580e+04	1.596016e-04
	152	55	11.000000	59.750000	9.867698e+04	2.459543e-04
	0	87	-27.000000	51.750000	9.891888e+04	9.972795e-05
	146	117	9.500000	44.250000	1.011685e+05	1.000173e-04
2022	2	15	6	9
	275	8	41.750000	71.500000	9.838745e+04	2.186039e-04
	33	36	-18.750000	64.500000	9.733556e+04	1.344186e-04
	0	40	-27.000000	63.500000	9.722793e+04	-6.900962e-06
	125	47	4.250000	61.750000	9.860303e+04	1.696736e-04
	15	84	-23.250000	52.500000	9.874889e+04	1.985863e-04
	159	113	12.750000	45.250000	1.012724e+05	8.627347e-05
2022	2	15	6	12
	278	8	42.500000	71.500000	9.853441e+04	2.228232e-04
	0	31	-27.000000	65.750000	9.722009e+04	5.418596e-05
	0	39	-27.000000	63.750000	9.722009e+04	-2.649607e-06
	26	82	-20.500000	53.000000	9.864941e+04	2.208346e-04
	160	111	13.000000	45.750000	1.012777e+05	8.943948e-05
	152	162	11.000000	33.000000	1.016539e+05	4.435868e-05
2022	2	15	4	15
	280	7	43.000000	71.750000	9.861729e+04	2.086940e-04
	0	37	-27.000000	64.250000	9.720239e+04	-1.775423e-05
	42	79	-16.500000	53.750000	9.849258e+04	2.344669e-04
	160	162	13.000000	33.000000	1.015514e+05	-3.558469e-06
2022	2	15	5	18
	280	7	43.000000	71.750000	9.876033e+04	2.156774e-04
	182	44	18.500000	62.500000	9.886843e+04	8.417905e-05
	117	50	2.250000	61.000000	9.796710e+04	1.668693e-04
	58	78	-12.500000	54.000000	9.848898e+04	2.072038e-04
	162	162	13.500000	33.000000	1.015793e+05	-2.055190e-05
2022	2	15	5	21
	283	8	43.750000	71.500000	9.883538e+04	2.175711e-04
	185	43	19.250000	62.750000	9.879824e+04	1.183301e-04
	120	48	3.000000	61.500000	9.781388e+04	1.915648e-04
	70	78	-9.500000	54.000000	9.861713e+04	2.149257e-04
	163	160	13.750000	33.500000	1.016968e+05	-1.091222e-06
2022	2	16	6	0
	285	7	44.250000	71.750000	9.890932e+04	1.921884e-04
	122	36	3.500000	64.500000	9.780244e+04	1.810221e-04
	189	41	20.250000	63.250000	9.875845e+04	1.179399e-04
	122	47	3.500000	61.750000	9.780244e+04	2.186388e-04
	86	78	-5.500000	54.000000	9.873871e+04	2.061553e-04
	164	161	14.000000	33.250000	1.016556e+05	5.949735e-06
2022	2	16	7	3
	288	7	45.000000	71.750000	9.894834e+04	1.110486e-04
	118	35	2.500000	64.750000	9.777691e+04	2.085208e-04
	145	42	9.250000	63.000000	9.777691e+04	7.422797e-05
	126	44	4.500000	62.500000	9.777691e+04	1.700202e-04
	280	121	43.000000	43.250000	1.021325e+05	1.711376e-05
	153	128	11.250000	41.500000	1.016266e+05	1.011484e-04
	168	158	15.000000	34.000000	1.014991e+05	5.971540e-05
2022	2	16	4	6
	116	35	2.000000	64.750000	9.778427e+04	2.321323e-04
	128	42	5.000000	63.000000	9.778427e+04	1.196706e-04
	17	65	-22.750000	57.250000	9.706107e+04	2.090951e-04
	170	156	15.500000	34.500000	1.015108e+05	8.335719e-05
2022	2	16	5	9
	112	35	1.000000	64.750000	9.785445e+04	2.083311e-04
	130	40	5.500000	63.500000	9.785445e+04	7.942642e-05
	23	62	-21.250000	58.000000	9.658260e+04	2.988256e-04
	278	120	42.500000	43.500000	1.021781e+05	1.121308e-05
	174	154	16.500000	35.000000	1.015602e+05	1.191654e-04
2022	2	16	10	12
	281	4	43.250000	72.500000	9.903998e+04	1.134926e-04
	282	4	43.500000	72.500000	9.903998e+04	1.149716e-04
	284	4	44.000000	72.500000	9.903998e+04	1.133598e-04
	108	35	0.000000	64.750000	9.791258e+04	1.845749e-04
	135	39	6.750000	63.750000	9.791477e+04	7.471281e-05
	188	44	20.000000	62.500000	9.810873e+04	1.116588e-04
	189	44	20.250000	62.500000	9.810873e+04	1.135538e-04
	28	61	-20.000000	58.250000	9.639741e+04	4.019496e-04
	57	67	-12.750000	56.750000	9.680382e+04	1.621943e-04
	175	149	16.750000	36.250000	1.013246e+05	1.194727e-04
2022	2	16	10	15
	286	2	44.500000	73.000000	9.900473e+04	1.064167e-04
	104	36	-1.000000	64.500000	9.782751e+04	1.455451e-04
	197	41	22.250000	63.250000	9.808884e+04	1.271187e-04
	38	62	-17.500000	58.000000	9.648594e+04	3.289845e-04
	71	63	-9.250000	57.750000	9.664198e+04	2.403019e-04
	136	114	7.000000	45.000000	1.012633e+05	2.572963e-05
	168	144	15.000000	37.500000	1.011226e+05	6.333734e-06
	178	149	17.500000	36.250000	1.011226e+05	1.272191e-04
	275	150	41.750000	36.000000	1.014402e+05	2.181572e-05
	287	155	44.750000	34.750000	1.014402e+05	1.546879e-05
2022	2	16	9	18
	282	0	43.500000	73.500000	9.895836e+04	1.499346e-04
	100	36	-2.000000	64.500000	9.767178e+04	1.279944e-04
	204	37	24.000000	64.250000	9.804544e+04	1.416945e-04
	203	38	23.750000	64.000000	9.804544e+04	1.398014e-04
	85	61	-5.750000	58.250000	9.636170e+04	3.103931e-04
	136	116	7.000000	44.500000	1.013470e+05	7.793432e-05
	180	147	18.000000	36.750000	1.010941e+05	1.607624e-04
	168	148	15.000000	36.500000	1.010941e+05	1.352267e-05
	287	155	44.750000	34.750000	1.014897e+05	1.364348e-05
2022	2	16	6	21
	276	0	42.000000	73.500000	9.895147e+04	8.419686e-05
	208	35	25.000000	64.750000	9.798982e+04	1.482867e-04
	93	59	-3.750000	58.750000	9.622805e+04	2.867128e-04
	137	117	7.250000	44.250000	1.013673e+05	8.708048e-05
	181	146	18.250000	37.000000	1.010980e+05	1.714652e-04
	287	154	44.750000	35.000000	1.014770e+05	1.235559e-05
2022	2	17	4	0
	209	34	25.250000	65.000000	9.794235e+04	1.148698e-04
	99	58	-2.250000	59.000000	9.617526e+04	2.849490e-04
	137	117	7.250000	44.250000	1.012478e+05	9.482277e-05
	179	144	17.750000	37.500000	1.010505e+05	1.611118e-04
2022	2	17	4	3
	209	33	25.250000	65.250000	9.783111e+04	1.016334e-04
	101	59	-1.750000	58.750000	9.624623e+04	3.205785e-04
	145	66	9.250000	57.000000	9.659388e+04	3.660445e-04
	176	146	17.000000	37.000000	1.009677e+05	1.316244e-04
2022	2	17	5	6
	133	62	6.250000	58.000000	9.635605e+04	1.148583e-04
	106	63	-0.500000	57.750000	9.666266e+04	3.506569e-04
	153	65	11.250000	57.250000	9.635605e+04	3.439091e-04
	137	117	7.250000	44.250000	1.010589e+05	1.054686e-04
	175	149	16.750000	36.250000	1.011076e+05	1.381825e-04
2022	2	17	7	9
	288	24	45.000000	67.500000	9.871755e+04	5.645864e-05
	2	29	-26.500000	66.250000	9.929145e+04	8.379098e-05
	229	42	30.250000	63.000000	9.771063e+04	5.787987e-05
	157	65	12.250000	57.250000	9.637360e+04	3.652997e-04
	12	70	-24.000000	56.000000	9.951658e+04	2.102020e-04
	190	148	20.500000	36.500000	1.012608e+05	3.589549e-05
	175	152	16.750000	35.500000	1.012440e+05	1.361368e-04
2022	2	17	7	12
	145	36	9.250000	64.500000	9.797431e+04	4.751187e-05
	235	39	31.750000	63.750000	9.757088e+04	1.079813e-04
	146	44	9.500000	62.500000	9.791211e+04	-6.901076e-06
	160	65	13.000000	57.250000	9.658762e+04	3.241499e-04
	16	68	-23.000000	56.500000	9.941616e+04	2.474867e-04
	17	98	-22.750000	49.000000	1.010449e+05	1.146550e-04
	175	155	16.750000	34.750000	1.012163e+05	1.252932e-04
2022	2	17	6	15
	240	36	33.000000	64.500000	9.746827e+04	1.671643e-04
	143	39	8.750000	63.750000	9.817783e+04	5.597055e-05
	20	65	-22.000000	57.250000	9.923473e+04	2.610641e-04
	190	67	20.500000	56.750000	9.711152e+04	1.723615e-04
	164	68	14.000000	56.500000	9.701815e+04	3.172607e-04
	27	94	-20.250000	50.000000	1.007110e+05	1.297530e-04
2022	2	17	6	18
	160	25	13.000000	67.250000	9.836818e+04	7.877177e-05
	244	34	34.000000	65.000000	9.739478e+04	2.110096e-04
	45	45	-15.750000	62.250000	9.913995e+04	2.310510e-04
	28	62	-20.000000	58.000000	9.908198e+04	2.624119e-04
	197	67	22.250000	56.750000	9.737270e+04	1.152902e-04
	39	89	-17.250000	51.250000	1.003214e+05	1.591693e-04
2022	2	17	6	21
	160	25	13.000000	67.250000	9.850793e+04	7.137805e-05
	250	30	35.500000	66.000000	9.741295e+04	2.232650e-04
	44	46	-16.000000	62.000000	9.886749e+04	2.673863e-04
	36	61	-18.000000	58.250000	9.886623e+04	2.874394e-04
	222	65	28.500000	57.250000	9.749788e+04	1.419458e-04
	52	82	-14.000000	53.000000	9.990982e+04	1.644044e-04
2022	2	18	6	0
	153	28	11.250000	66.500000	9.862496e+04	7.511381e-05
	252	29	36.000000	66.250000	9.749521e+04	2.558602e-04
	43	46	-16.250000	62.000000	9.863953e+04	2.992234e-04
	43	58	-16.250000	59.000000	9.864298e+04	2.248263e-04
	227	63	29.750000	57.750000	9.762932e+04	1.339222e-04
	62	76	-11.500000	54.500000	9.933829e+04	2.816799e-04
2022	2	18	7	3
	255	27	36.750000	66.750000	9.766395e+04	2.196795e-04
	153	28	11.250000	66.500000	9.869280e+04	8.602747e-05
	41	46	-16.750000	62.000000	9.841628e+04	3.541946e-04
	45	58	-15.750000	59.000000	9.839967e+04	2.956316e-04
	233	61	31.250000	58.250000	9.776280e+04	1.208810e-04
	72	72	-9.000000	55.500000	9.866727e+04	4.014331e-04
	116	124	2.000000	42.500000	1.018804e+05	-4.025381e-05
2022	2	18	6	6
	272	18	41.000000	69.000000	9.777111e+04	1.947127e-04
	154	29	11.500000	66.250000	9.873307e+04	7.766908e-05
	40	48	-17.000000	61.500000	9.834327e+04	3.499292e-04
	241	56	33.250000	59.500000	9.792794e+04	1.087817e-04
	51	59	-14.250000	58.750000	9.833152e+04	3.403586e-04
	81	67	-6.750000	56.750000	9.764796e+04	4.252441e-04
2022	2	18	7	9
	287	2	44.750000	73.000000	9.781138e+04	2.582724e-05
	281	14	43.250000	70.000000	9.781482e+04	1.713612e-04
	150	32	10.500000	65.500000	9.878258e+04	7.861742e-05
	246	52	34.500000	60.500000	9.803431e+04	7.005451e-05
	91	63	-4.250000	57.750000	9.722855e+04	4.196013e-04
	137	113	7.250000	45.250000	1.018756e+05	-8.312439e-07
	5	151	-25.750000	35.750000	1.020760e+05	7.259296e-05
2022	2	18	6	12
	154	33	11.500000	65.250000	9.880655e+04	1.189727e-04
	255	45	36.750000	62.250000	9.818080e+04	7.145201e-05
	99	61	-2.250000	58.250000	9.680648e+04	4.160324e-04
	287	141	44.750000	38.250000	1.010194e+05	9.837704e-07
	4	149	-26.000000	36.250000	1.020719e+05	1.448066e-04
	288	153	45.000000	35.250000	1.012061e+05	5.341979e-05
2022	2	18	5	15
	110	63	0.500000	57.750000	9.660501e+04	4.826854e-04
	236	136	32.000000	39.500000	1.005254e+05	4.454923e-05
	2	148	-26.500000	36.500000	1.018980e+05	1.351567e-04
	288	153	45.000000	35.250000	1.013086e+05	-3.579810e-06
	288	162	45.000000	33.000000	1.013175e+05	1.655343e-05
2022	2	18	6	18
	138	61	7.500000	58.250000	9.657383e+04	1.597990e-04
	120	65	3.000000	57.250000	9.657383e+04	4.053967e-04
	236	138	32.000000	39.000000	1.007463e+05	5.850551e-05
	288	142	45.000000	38.000000	1.014919e+05	1.065728e-04
	288	151	45.000000	35.750000	1.014555e+05	-2.353348e-05
	0	154	-27.000000	35.000000	1.017598e+05	-2.375474e-05
2022	2	18	5	21
	274	34	41.500000	65.000000	9.834155e+04	6.408963e-05
	0	45	-27.000000	62.250000	9.833355e+04	1.216698e-04
	144	61	9.000000	58.250000	9.684111e+04	2.195277e-04
	131	68	5.750000	56.500000	9.684111e+04	3.860132e-04
	220	148	28.000000	36.500000	1.007347e+05	1.428695e-04
2022	2	19	6	0
	255	34	36.750000	65.000000	9.829595e+04	9.099404e-05
	0	41	-27.000000	63.250000	9.822796e+04	1.333268e-04
	269	41	40.250000	63.250000	9.829595e+04	4.806448e-05
	175	64	16.750000	57.500000	9.735609e+04	2.560740e-04
	143	71	8.750000	55.750000	9.716870e+04	3.598540e-04
	138	117	7.500000	44.250000	1.014502e+05	1.149648e-04
2022	2	19	6	3
	254	34	36.500000	65.000000	9.824488e+04	1.080515e-04
	277	34	42.250000	65.000000	9.824488e+04	5.411339e-05
	0	39	-27.000000	63.750000	9.816639e+04	1.610386e-04
	177	62	17.250000	58.000000	9.716620e+04	2.777038e-04
	159	75	12.750000	54.750000	9.741374e+04	2.953325e-04
	138	117	7.500000	44.250000	1.012599e+05	1.023366e-04
2022	2	19	8	6
	281	32	43.250000	65.500000	9.818017e+04	3.567508e-05
	254	34	36.500000	65.000000	9.818017e+04	6.495630e-05
	0	37	-27.000000	64.250000	9.810638e+04	8.243498e-05
	34	41	-18.500000	63.250000	9.827825e+04	1.369143e-04
	175	65	16.750000	57.250000	9.731848e+04	2.813367e-04
	176	74	17.000000	55.000000	9.731848e+04	1.995698e-04
	151	110	10.750000	46.000000	1.012834e+05	7.167318e-05
	138	118	7.500000	44.000000	1.012893e+05	1.006433e-04
2022	2	19	8	9
	6	14	-25.500000	70.000000	9.896729e+04	-3.112958e-05
	288	27	45.000000	66.750000	9.823611e+04	7.456967e-05
	0	41	-27.000000	63.250000	9.805891e+04	1.127822e-04
	189	63	20.250000	57.750000	9.778850e+04	1.059477e-04
	190	63	20.500000	57.750000	9.778850e+04	1.063224e-04
	177	69	17.250000	56.250000	9.778850e+04	2.905116e-04
	137	118	7.250000	44.000000	1.015202e+05	8.316516e-05
	260	162	38.000000	33.000000	1.002531e+05	8.592762e-05
2022	2	19	8	12
	288	26	45.000000	67.000000	9.831068e+04	9.539377e-05
	0	39	-27.000000	63.750000	9.795238e+04	4.263837e-05
	208	62	25.000000	58.000000	9.811171e+04	1.246481e-04
	202	78	23.500000	54.000000	9.808570e+04	2.230428e-04
	138	118	7.500000	44.000000	1.016119e+05	-2.518170e-06
	165	126	14.250000	42.000000	1.016080e+05	-1.490403e-05
	146	127	9.500000	41.750000	1.016119e+05	3.076844e-05
	259	161	37.750000	33.250000	1.000189e+05	1.279844e-04
2022	2	19	6	15
	288	26	45.000000	67.000000	9.847112e+04	9.451364e-05
	0	37	-27.000000	64.250000	9.728339e+04	1.813216e-05
	219	62	27.750000	58.000000	9.838573e+04	1.624866e-04
	212	78	26.000000	54.000000	9.827152e+04	2.126490e-04
	144	125	9.000000	42.250000	1.016216e+05	7.756969e-05
	258	160	37.500000	33.500000	1.001870e+05	1.293220e-04
2022	2	19	8	18
	288	23	45.000000	67.750000	9.871473e+04	9.015682e-06
	0	45	-27.000000	62.250000	9.647434e+04	1.134736e-04
	221	62	28.250000	58.000000	9.860037e+04	1.675615e-04
	220	78	28.000000	54.000000	9.841659e+04	2.219348e-04
	151	128	10.750000	41.500000	1.017222e+05	6.330663e-05
	149	136	10.250000	39.500000	1.017222e+05	-3.606439e-05
	262	159	38.500000	33.750000	1.005514e+05	1.704412e-04
	273	161	41.250000	33.250000	1.005514e+05	5.198763e-05
2022	2	19	7	21
	0	42	-27.000000	63.000000	9.574409e+04	1.231495e-04
	228	62	30.000000	58.000000	9.881610e+04	9.802335e-05
	226	77	29.500000	54.250000	9.862449e+04	1.816198e-04
	135	116	6.750000	44.500000	1.020410e+05	2.277576e-05
	150	137	10.500000	39.250000	1.018356e+05	3.362266e-06
	263	159	38.750000	33.750000	1.007104e+05	1.453253e-04
	274	160	41.500000	33.500000	1.007104e+05	8.138067e-05
2022	2	20	8	0
	200	1	23.000000	73.250000	9.909153e+04	1.346337e-04
	35	35	-18.250000	64.750000	9.533988e+04	2.338814e-05
	0	43	-27.000000	62.750000	9.495902e+04	1.396985e-04
	236	62	32.000000	58.000000	9.896682e+04	6.876806e-05
	236	63	32.000000	57.750000	9.889601e+04	5.002946e-05
	233	77	31.250000	54.250000	9.882534e+04	1.306492e-04
	275	157	41.750000	34.250000	1.007093e+05	7.210301e-05
	264	159	39.000000	33.750000	1.007093e+05	1.281050e-04
