2022	2	10	6	0
	7	6	-25.250000	72.000000	1.002261e+05	-1.275075e-05
	172	10	16.000000	71.000000	9.683504e+04	1.605506e-04
	9	14	-24.750000	70.000000	1.002261e+05	7.569834e-05
	148	23	10.000000	67.750000	9.646966e+04	4.714796e-04
	59	56	-12.250000	59.500000	9.849430e+04	5.083917e-04
	247	151	34.750000	35.750000	1.008214e+05	9.954146e-05
2022	2	10	8	6
	7	6	-25.250000	72.000000	1.004203e+05	-7.705480e-06
	177	6	17.250000	72.000000	9.706502e+04	1.615436e-04
	171	14	15.750000	70.000000	9.682664e+04	1.976639e-06
	168	23	15.000000	67.750000	9.682664e+04	3.256027e-04
	5	24	-25.750000	67.500000	1.003898e+05	1.420783e-04
	78	59	-7.500000	58.750000	9.891557e+04	5.223749e-04
	158	106	12.500000	47.000000	1.021458e+05	-3.840875e-05
	249	150	35.250000	36.000000	1.011001e+05	8.874269e-05
2022	2	10	8	12
	8	6	-25.000000	72.000000	1.002722e+05	-1.745034e-05
	179	6	17.750000	72.000000	9.722817e+04	1.467028e-04
	20	21	-22.000000	68.250000	1.001405e+05	1.251877e-04
	193	27	21.250000	66.750000	9.726216e+04	2.717520e-04
	92	64	-4.000000	57.500000	1.000240e+05	3.907197e-04
	137	117	7.250000	44.250000	1.022529e+05	1.234414e-04
	284	139	44.000000	38.750000	1.009627e+05	2.559579e-05
	281	153	43.250000	35.250000	1.010791e+05	9.321460e-05
2022	2	10	8	18
	217	0	27.250000	73.500000	9.745248e+04	4.129763e-05
	8	6	-25.000000	72.000000	1.000074e+05	-3.959520e-05
	185	8	19.250000	71.500000	9.744623e+04	2.523225e-04
	9	14	-24.750000	70.000000	9.975322e+04	2.145802e-06
	41	17	-16.750000	69.250000	9.975322e+04	1.443226e-04
	213	28	26.250000	66.500000	9.783798e+04	1.904659e-04
	109	69	0.250000	56.250000	1.006342e+05	3.294469e-04
	137	117	7.250000	44.250000	1.022662e+05	1.046887e-04
2022	2	11	6	0
	221	0	28.250000	73.500000	9.774694e+04	7.623950e-07
	203	10	23.750000	71.000000	9.774694e+04	1.721912e-04
	55	13	-13.250000	70.250000	9.948455e+04	2.010380e-04
	0	70	-27.000000	56.000000	9.976534e+04	1.597987e-04
	120	76	3.000000	54.500000	1.012103e+05	2.967718e-04
	137	117	7.250000	44.250000	1.022329e+05	1.063695e-04
2022	2	11	4	6
	228	0	30.000000	73.500000	9.814788e+04	-4.232987e-05
	214	10	26.500000	71.000000	9.814788e+04	1.379743e-04
	73	13	-8.750000	70.250000	9.937279e+04	1.258808e-04
	137	117	7.250000	44.250000	1.021235e+05	9.858546e-05
2022	2	11	8	12
	235	0	31.750000	73.500000	9.846090e+04	-2.230480e-05
	235	13	31.750000	70.250000	9.848630e+04	1.131093e-04
	75	14	-8.250000	70.000000	9.949804e+04	1.274685e-04
	122	17	3.500000	69.250000	9.948631e+04	1.331746e-04
	24	57	-21.000000	59.250000	9.881748e+04	2.341264e-04
	4	58	-26.000000	59.000000	9.881748e+04	1.665929e-04
	7	68	-25.250000	56.500000	9.881748e+04	1.348866e-04
	135	119	6.750000	43.750000	1.020209e+05	1.035206e-04
2022	2	11	8	18
	244	0	34.000000	73.500000	9.861741e+04	2.579732e-05
	243	13	33.750000	70.250000	9.860998e+04	1.230939e-04
	244	13	34.000000	70.250000	9.860998e+04	1.138738e-04
	131	17	5.750000	69.250000	9.903887e+04	1.701548e-04
	17	54	-22.750000	60.000000	9.846734e+04	2.505046e-04
	28	64	-20.000000	57.500000	9.846734e+04	1.165130e-04
	284	79	44.000000	53.750000	1.002640e+05	1.817616e-04
	136	123	7.000000	42.750000	1.020260e+05	7.513516e-05
2022	2	12	6	0
	251	0	35.750000	73.500000	9.871334e+04	2.372999e-05
	252	13	36.000000	70.250000	9.870162e+04	9.058895e-05
	161	15	13.250000	69.750000	9.879638e+04	1.641079e-04
	48	51	-15.000000	60.750000	9.865902e+04	1.564199e-04
	15	58	-23.250000	59.000000	9.862190e+04	2.352051e-04
	136	126	7.000000	42.000000	1.020608e+05	1.126377e-04
2022	2	12	6	6
	178	0	17.500000	73.500000	9.871705e+04	2.305054e-05
	257	10	37.250000	71.000000	9.868403e+04	6.440091e-05
	164	19	14.000000	68.750000	9.897654e+04	2.638160e-04
	46	52	-15.500000	60.500000	9.843100e+04	2.642367e-04
	65	52	-10.750000	60.500000	9.843100e+04	1.210426e-04
	134	129	6.500000	41.250000	1.020583e+05	1.941181e-04
2022	2	12	3	12
	256	9	37.000000	71.250000	9.876512e+04	7.200132e-05
	80	50	-7.000000	61.000000	9.854472e+04	1.430771e-04
	43	56	-16.250000	59.500000	9.866293e+04	1.992678e-04
2022	2	12	3	18
	254	10	36.500000	71.000000	9.883195e+04	5.182045e-05
	111	44	0.750000	62.500000	9.840599e+04	1.103434e-04
	91	49	-4.250000	61.250000	9.840599e+04	1.518560e-04
2022	2	13	2	0
	254	12	36.500000	70.500000	9.896305e+04	8.068805e-05
	126	42	4.500000	63.000000	9.831025e+04	2.285637e-04
2022	2	13	3	6
	167	0	14.750000	73.500000	9.883155e+04	8.608937e-06
	157	10	12.250000	71.000000	9.883155e+04	1.935499e-04
	175	40	16.750000	63.500000	9.836496e+04	1.688912e-04
2022	2	13	4	12
	176	0	17.000000	73.500000	9.895778e+04	4.154523e-05
	8	14	-25.000000	70.000000	9.957756e+04	7.209461e-05
	162	14	13.500000	70.000000	9.880381e+04	2.682744e-04
	201	34	23.250000	65.000000	9.823248e+04	1.416366e-04
2022	2	13	4	18
	236	6	32.000000	72.000000	9.899823e+04	8.278961e-05
	1	17	-26.750000	69.250000	9.963423e+04	2.871411e-05
	163	20	13.750000	68.500000	9.907912e+04	2.887209e-04
	216	31	27.000000	65.750000	9.837277e+04	1.481075e-04
2022	2	14	2	0
	227	3	29.750000	72.750000	9.886770e+04	1.367901e-04
	238	28	32.500000	66.500000	9.851130e+04	1.246551e-04
2022	2	14	6	6
	7	6	-25.250000	72.000000	9.987280e+04	4.551880e-05
	242	15	33.500000	69.750000	9.843980e+04	1.503900e-04
	252	23	36.000000	67.750000	9.843980e+04	1.119333e-04
	148	74	10.000000	55.000000	9.921120e+04	1.333502e-04
	125	76	4.250000	54.500000	9.920554e+04	1.909593e-04
	280	121	43.000000	43.250000	1.016257e+05	-3.977521e-06
2022	2	14	5	12
	250	14	35.500000	70.000000	9.802927e+04	1.957101e-04
	0	41	-27.000000	63.250000	9.764025e+04	8.292234e-05
	167	69	14.750000	56.250000	9.942047e+04	1.370089e-04
	280	121	43.000000	43.250000	1.015385e+05	-3.639989e-07
	272	135	41.000000	39.750000	1.013201e+05	-2.976890e-05
2022	2	14	4	18
	253	17	36.250000	69.250000	9.781317e+04	2.938566e-04
	25	34	-20.750000	65.000000	9.698393e+04	1.110670e-04
	147	74	9.750000	55.000000	9.963169e+04	1.693343e-04
	279	120	42.750000	43.500000	1.017390e+05	-4.079066e-05
2022	2	15	9	0
	6	7	-25.500000	71.750000	9.864671e+04	1.672121e-05
	288	11	45.000000	70.750000	9.861858e+04	3.014852e-05
	271	17	40.750000	69.250000	9.787218e+04	2.360012e-04
	0	30	-27.000000	66.000000	9.671116e+04	1.182066e-04
	38	30	-17.500000	66.000000	9.687197e+04	1.197706e-04
	158	72	12.500000	55.500000	9.992399e+04	1.042010e-04
	146	118	9.500000	44.000000	1.008959e+05	8.944983e-05
	281	121	43.250000	43.250000	1.018326e+05	-5.260688e-05
	147	126	9.750000	42.000000	1.008959e+05	5.952284e-05
2022	2	15	9	6
	6	7	-25.500000	71.750000	9.771196e+04	1.937753e-06
	277	14	42.250000	70.000000	9.787804e+04	2.654146e-04
	13	25	-23.750000	67.250000	9.671116e+04	2.151234e-04
	48	59	-15.000000	58.750000	9.788977e+04	1.379940e-04
	187	65	19.750000	57.250000	1.001800e+05	8.989459e-05
	175	71	16.750000	55.750000	1.001800e+05	9.768407e-05
	148	119	10.000000	43.750000	1.008787e+05	5.718600e-05
	278	121	42.500000	43.250000	1.019594e+05	-4.377978e-05
	283	129	43.750000	41.250000	1.019594e+05	1.532861e-05
2022	2	15	7	12
	281	14	43.250000	70.000000	9.813889e+04	2.963655e-04
	27	21	-20.250000	68.250000	9.647005e+04	3.659618e-04
	0	32	-27.000000	65.500000	9.664141e+04	3.071974e-05
	188	65	20.000000	57.250000	1.004340e+05	1.397504e-04
	159	114	12.750000	45.000000	1.009895e+05	1.195756e-04
	278	120	42.500000	43.500000	1.017443e+05	-1.468602e-05
	163	123	13.750000	42.750000	1.009895e+05	4.892470e-05
2022	2	15	6	18
	288	16	45.000000	69.500000	9.843471e+04	5.515618e-05
	29	19	-19.750000	68.750000	9.622014e+04	1.982255e-04
	92	35	-4.000000	64.750000	9.650014e+04	5.249305e-04
	189	66	20.250000	57.000000	1.007534e+05	1.399161e-04
	278	120	42.500000	43.500000	1.021218e+05	-3.998794e-05
	169	123	15.250000	42.750000	1.012046e+05	4.083867e-05
2022	2	16	6	0
	52	11	-14.000000	70.750000	9.577641e+04	2.948992e-04
	32	17	-19.000000	69.250000	9.577641e+04	1.537512e-04
	215	62	26.750000	58.000000	1.008933e+05	1.330844e-04
	65	68	-10.750000	56.500000	9.718323e+04	2.971860e-04
	169	120	15.250000	43.500000	1.014170e+05	1.114574e-04
	279	121	42.750000	43.250000	1.020667e+05	-2.690841e-05
2022	2	16	5	6
	29	13	-19.750000	70.250000	9.533052e+04	5.044649e-04
	288	18	45.000000	69.000000	9.933742e+04	-4.151961e-05
	87	27	-5.250000	66.750000	9.669846e+04	2.327907e-04
	0	35	-27.000000	64.750000	9.547140e+04	8.972493e-05
	99	55	-2.250000	59.750000	9.594601e+04	4.082207e-04
2022	2	16	4	12
	25	12	-20.750000	70.500000	9.574319e+04	3.793513e-04
	90	19	-4.500000	68.750000	9.669025e+04	2.543992e-04
	116	44	2.000000	62.500000	9.605659e+04	6.393538e-04
	172	162	16.000000	33.000000	1.015770e+05	9.605279e-05
2022	2	16	7	18
	80	11	-7.000000	70.750000	9.657419e+04	1.244895e-04
	127	28	4.750000	66.500000	9.629732e+04	1.415793e-04
	0	34	-27.000000	65.000000	9.521407e+04	1.040817e-04
	133	39	6.250000	63.750000	9.629732e+04	4.146478e-04
	154	53	11.500000	60.250000	9.762266e+04	3.581192e-04
	84	162	-6.000000	33.000000	1.027343e+05	9.749583e-05
	172	162	16.000000	33.000000	1.016827e+05	4.535576e-05
2022	2	17	6	0
	53	2	-13.750000	73.000000	9.622893e+04	2.358635e-04
	288	19	45.000000	68.750000	1.005690e+05	-8.194686e-05
	0	31	-27.000000	65.750000	9.543369e+04	1.158311e-04
	177	49	17.250000	61.250000	9.868873e+04	2.936061e-04
	288	62	45.000000	58.000000	1.011495e+05	2.020097e-05
	67	82	-10.250000	53.000000	1.000809e+05	1.831711e-04
2022	2	17	5	6
	26	3	-20.500000	72.750000	9.594523e+04	3.894724e-04
	18	39	-22.500000	63.750000	9.560055e+04	2.918885e-04
	187	46	19.750000	62.000000	9.876727e+04	2.627705e-04
	95	77	-3.250000	54.250000	1.001260e+05	1.797278e-04
	80	162	-7.000000	33.000000	1.024725e+05	1.040251e-04
2022	2	17	5	12
	119	4	2.750000	72.500000	9.691280e+04	2.077289e-04
	29	34	-19.750000	65.000000	9.601537e+04	1.792895e-04
	197	47	22.250000	61.750000	9.905391e+04	1.864708e-04
	60	66	-12.000000	57.000000	9.899530e+04	1.762806e-04
	161	162	13.250000	33.000000	1.018451e+05	8.087811e-06
2022	2	17	5	18
	111	0	0.750000	73.500000	9.688409e+04	1.342745e-04
	54	23	-13.500000	67.750000	9.602729e+04	3.257694e-04
	209	47	25.250000	61.750000	9.940484e+04	1.673636e-04
	280	69	43.000000	56.250000	9.999179e+04	1.285912e-04
	85	158	-5.750000	34.000000	1.023418e+05	4.744409e-05
2022	2	18	5	0
	54	18	-13.500000	69.000000	9.615273e+04	3.134241e-04
	7	45	-25.250000	62.250000	9.603608e+04	2.929869e-04
	219	47	27.750000	61.750000	9.971941e+04	1.349021e-04
	285	68	44.250000	56.500000	9.974091e+04	1.050062e-04
	282	121	43.500000	43.250000	1.011595e+05	2.239272e-05
2022	2	18	5	6
	58	12	-12.500000	70.500000	9.623655e+04	3.013397e-04
	59	13	-12.250000	70.250000	9.623655e+04	3.322828e-04
	123	27	3.750000	66.750000	9.753473e+04	3.021604e-04
	28	44	-20.000000	62.500000	9.635418e+04	3.052866e-04
	228	48	30.000000	61.500000	1.000731e+05	1.027314e-04
2022	2	18	6	12
	49	11	-14.750000	70.750000	9.638545e+04	3.083979e-04
	131	17	5.750000	69.250000	9.707948e+04	4.129641e-04
	50	39	-14.500000	63.750000	9.662030e+04	2.344657e-04
	144	60	9.000000	58.500000	9.875438e+04	1.961676e-04
	288	70	45.000000	56.000000	9.993533e+04	1.261438e-04
	279	119	42.750000	43.750000	1.007564e+05	-1.217074e-04
2022	2	18	5	18
	137	7	7.250000	71.750000	9.667697e+04	4.216040e-04
	42	11	-16.500000	70.750000	9.664883e+04	3.179636e-04
	53	23	-13.750000	67.750000	9.665528e+04	-2.322004e-05
	66	36	-10.500000	64.500000	9.665391e+04	2.545929e-04
	164	54	14.000000	60.000000	9.831728e+04	2.650394e-04
2022	2	19	5	0
	135	0	6.750000	73.500000	9.653648e+04	2.394314e-04
	34	14	-18.500000	70.000000	9.704841e+04	2.662828e-04
	90	32	-4.500000	65.500000	9.687021e+04	3.213962e-04
	7	46	-25.250000	62.000000	9.618907e+04	2.467856e-04
	180	48	18.000000	61.500000	9.804920e+04	3.029160e-04
2022	2	19	8	6
	132	0	6.000000	73.500000	9.747084e+04	-7.092141e-05
	108	26	0.000000	67.000000	9.698295e+04	2.355503e-04
	35	37	-18.250000	64.250000	9.539188e+04	-3.808357e-06
	7	42	-25.250000	63.000000	9.529672e+04	3.330333e-04
	27	47	-20.250000	61.750000	9.529672e+04	2.285401e-04
	194	50	21.500000	61.000000	9.818559e+04	2.086842e-04
	134	118	6.500000	44.000000	1.022089e+05	7.801002e-05
	180	162	18.000000	33.000000	1.016487e+05	8.119598e-05
2022	2	19	2	12
	34	42	-18.500000	63.000000	9.432171e+04	3.961454e-04
	213	53	26.250000	60.250000	9.858184e+04	2.157599e-04
2022	2	19	5	18
	87	34	-5.250000	65.000000	9.459839e+04	3.180571e-04
	51	42	-14.250000	63.000000	9.428634e+04	4.981770e-04
	236	52	32.000000	60.500000	9.892066e+04	6.482848e-05
	288	70	45.000000	56.000000	9.993434e+04	-4.165207e-05
	0	80	-27.000000	53.500000	9.812365e+04	1.452213e-04
2022	2	20	5	0
	94	31	-3.500000	65.750000	9.417380e+04	3.822478e-04
	252	63	36.000000	57.750000	9.910159e+04	1.302889e-04
	29	72	-19.750000	55.500000	9.721098e+04	3.046503e-04
	287	73	44.750000	55.250000	9.911878e+04	1.007916e-04
	279	120	42.750000	43.500000	1.015080e+05	-1.140817e-04
