2022	2	10	6	0
	165	6	14.250000	72.000000	9.686416e+04	5.544639e-05
	148	23	10.000000	67.750000	9.658338e+04	4.541522e-04
	58	56	-12.500000	59.500000	9.858223e+04	4.885465e-04
	152	106	11.000000	47.000000	1.022365e+05	-3.842645e-05
	139	110	7.750000	46.000000	1.022365e+05	-7.020270e-05
	247	150	34.750000	36.000000	1.007804e+05	9.222827e-05
2022	2	10	7	6
	8	6	-25.000000	72.000000	1.003402e+05	-1.687152e-05
	177	6	17.250000	72.000000	9.723774e+04	1.152266e-04
	167	14	14.750000	70.000000	9.700503e+04	8.133353e-05
	165	24	14.250000	67.500000	9.700503e+04	3.056127e-04
	76	59	-8.000000	58.750000	9.909963e+04	5.267892e-04
	152	106	11.000000	47.000000	1.021833e+05	-4.226742e-05
	249	152	35.250000	35.500000	1.010297e+05	7.279189e-05
2022	2	10	10	12
	210	1	25.500000	73.250000	9.737315e+04	-1.874945e-05
	180	5	18.000000	72.250000	9.737315e+04	1.333521e-04
	8	6	-25.000000	72.000000	1.002669e+05	-2.079569e-05
	21	20	-21.750000	68.500000	1.001864e+05	9.028080e-05
	191	29	20.750000	66.250000	9.766350e+04	1.598522e-04
	94	64	-3.500000	57.500000	1.000281e+05	3.418794e-04
	137	117	7.250000	44.250000	1.022562e+05	1.198950e-04
	284	139	44.000000	38.750000	1.009604e+05	3.714192e-05
	270	147	40.500000	36.750000	1.010559e+05	6.522647e-05
	85	160	-5.750000	33.500000	1.023623e+05	-5.523373e-06
2022	2	10	9	18
	214	0	26.500000	73.500000	9.755487e+04	1.904291e-05
	8	6	-25.000000	72.000000	9.998261e+04	-2.389042e-05
	190	6	20.500000	72.000000	9.755487e+04	1.401415e-04
	9	14	-24.750000	70.000000	9.972665e+04	1.067896e-05
	41	16	-16.750000	69.500000	9.972665e+04	1.249586e-04
	211	30	25.750000	66.000000	9.809043e+04	1.518140e-04
	110	68	0.500000	56.500000	1.004261e+05	3.012407e-04
	137	117	7.250000	44.250000	1.022939e+05	9.876418e-05
	89	157	-4.750000	34.250000	1.021237e+05	-1.512851e-05
2022	2	11	6	0
	220	0	28.000000	73.500000	9.783838e+04	6.503907e-06
	199	9	22.750000	71.250000	9.783838e+04	2.147180e-04
	53	12	-13.750000	70.500000	9.930402e+04	2.203162e-04
	123	73	3.750000	55.250000	1.008228e+05	2.988472e-04
	0	76	-27.000000	54.500000	9.976280e+04	1.735039e-04
	137	117	7.250000	44.250000	1.021665e+05	9.279446e-05
2022	2	11	4	6
	227	0	29.750000	73.500000	9.822897e+04	-1.021504e-05
	56	13	-13.000000	70.250000	9.921257e+04	2.617305e-04
	7	65	-25.250000	57.250000	9.906739e+04	2.450866e-04
	135	79	6.750000	53.750000	1.012538e+05	2.441880e-04
2022	2	11	5	12
	230	0	30.500000	73.500000	9.856758e+04	2.260284e-05
	105	16	-0.750000	69.500000	9.947498e+04	7.883197e-05
	0	59	-27.000000	58.750000	9.860880e+04	1.671530e-04
	3	68	-26.250000	56.500000	9.860880e+04	9.147606e-05
	135	119	6.750000	43.750000	1.020084e+05	8.437403e-05
2022	2	11	7	18
	231	4	30.750000	72.500000	9.867876e+04	8.382792e-05
	125	17	4.250000	69.250000	9.913363e+04	1.737308e-04
	122	18	3.500000	69.000000	9.913363e+04	1.768346e-04
	30	54	-19.500000	60.000000	9.880498e+04	1.235196e-04
	1	63	-26.750000	57.750000	9.857384e+04	1.734487e-04
	17	63	-22.750000	57.750000	9.857384e+04	1.190892e-04
	135	123	6.750000	42.750000	1.021098e+05	6.967021e-05
2022	2	12	6	0
	239	1	32.750000	73.250000	9.876102e+04	5.443762e-05
	262	10	38.500000	71.000000	9.876102e+04	5.570806e-05
	152	19	11.000000	68.750000	9.873191e+04	2.036274e-04
	25	54	-20.750000	60.000000	9.864788e+04	1.597326e-04
	40	59	-17.000000	58.750000	9.864788e+04	1.090222e-04
	228	91	30.000000	50.750000	1.012714e+05	1.436101e-04
2022	2	12	5	6
	241	3	33.250000	72.750000	9.869810e+04	1.230988e-04
	265	9	39.250000	71.250000	9.869810e+04	6.944427e-05
	252	16	36.000000	69.500000	9.871745e+04	9.040637e-05
	157	22	12.250000	68.000000	9.889838e+04	3.230802e-04
	49	56	-14.750000	59.500000	9.833623e+04	1.703742e-04
2022	2	12	6	12
	251	0	35.750000	73.500000	9.876434e+04	1.279594e-06
	252	0	36.000000	73.500000	9.876434e+04	5.213365e-07
	267	7	39.750000	71.750000	9.876434e+04	3.162465e-05
	263	15	38.750000	69.750000	9.876434e+04	8.546932e-05
	59	57	-12.250000	59.250000	9.828934e+04	1.694757e-04
	60	57	-12.000000	59.250000	9.828934e+04	1.693632e-04
2022	2	12	4	18
	258	0	37.500000	73.500000	9.882862e+04	3.045507e-05
	267	14	39.750000	70.000000	9.884172e+04	1.057469e-04
	88	47	-5.000000	61.750000	9.819126e+04	8.659776e-05
	72	57	-9.000000	59.250000	9.818656e+04	1.691183e-04
2022	2	13	0	0
2022	2	13	4	6
	171	2	15.750000	73.000000	9.847398e+04	1.552492e-04
	201	8	23.250000	71.500000	9.847398e+04	4.413168e-07
	139	37	7.750000	64.250000	9.788508e+04	2.106003e-04
	63	101	-11.250000	48.250000	9.970848e+04	1.502808e-04
2022	2	13	5	12
	177	4	17.250000	72.500000	9.853456e+04	2.296634e-04
	154	38	11.500000	64.000000	9.805956e+04	1.966724e-04
	155	38	11.750000	64.000000	9.805956e+04	1.809305e-04
	174	40	16.500000	63.500000	9.805956e+04	1.095297e-04
	81	97	-6.750000	49.250000	9.925204e+04	1.831496e-04
2022	2	13	6	18
	181	5	18.250000	72.250000	9.856797e+04	2.814246e-04
	1	17	-26.750000	69.250000	9.966548e+04	2.471189e-05
	202	32	23.500000	65.500000	9.815784e+04	1.016954e-04
	187	40	19.750000	63.500000	9.815784e+04	7.137631e-05
	99	89	-2.250000	51.250000	9.888216e+04	2.467670e-04
	278	121	42.500000	43.250000	1.023891e+05	3.214124e-05
2022	2	14	4	0
	183	7	18.750000	71.750000	9.872566e+04	2.061290e-04
	1	17	-26.750000	69.250000	9.981906e+04	4.947755e-06
	209	30	25.250000	66.000000	9.820376e+04	1.012147e-04
	108	87	0.000000	51.750000	9.880323e+04	2.707289e-04
2022	2	14	4	6
	218	29	27.500000	66.250000	9.827273e+04	9.340249e-05
	120	83	3.000000	52.750000	9.857227e+04	3.577495e-04
	264	137	39.000000	39.250000	1.015241e+05	-2.925743e-05
	280	142	43.000000	38.000000	1.015276e+05	-7.812552e-06
2022	2	14	4	12
	226	28	29.500000	66.500000	9.847125e+04	1.347475e-04
	0	42	-27.000000	63.000000	9.796695e+04	4.989527e-05
	139	76	7.750000	54.500000	9.890971e+04	2.955614e-04
	278	120	42.500000	43.500000	1.017151e+05	1.735165e-05
2022	2	14	5	18
	238	27	32.500000	66.750000	9.855527e+04	9.969906e-05
	288	32	45.000000	65.500000	9.949589e+04	1.300612e-04
	0	33	-27.000000	65.250000	9.691027e+04	1.309955e-04
	156	71	12.000000	55.750000	9.919420e+04	1.906718e-04
	279	120	42.750000	43.500000	1.018920e+05	-1.185654e-05
2022	2	15	9	0
	6	7	-25.500000	71.750000	9.813303e+04	-2.416977e-06
	0	27	-27.000000	66.750000	9.685419e+04	1.762531e-04
	288	28	45.000000	66.500000	9.930480e+04	1.287447e-04
	258	29	37.500000	66.250000	9.852791e+04	1.231311e-04
	32	30	-19.000000	66.000000	9.687900e+04	-1.909798e-05
	178	71	17.500000	55.750000	9.985873e+04	1.606462e-04
	161	74	13.250000	55.000000	9.985873e+04	2.336645e-04
	281	121	43.250000	43.250000	1.019619e+05	-2.535668e-05
	130	122	5.500000	43.000000	1.009852e+05	1.693587e-04
2022	2	15	8	6
	23	23	-21.250000	67.750000	9.727389e+04	5.836957e-05
	272	27	41.000000	66.750000	9.863773e+04	5.776839e-05
	251	29	35.750000	66.250000	9.863773e+04	1.887882e-04
	192	70	21.000000	56.000000	1.003283e+05	9.239809e-05
	172	104	16.000000	47.500000	1.010506e+05	8.507497e-05
	134	122	6.500000	43.000000	1.008627e+05	1.448066e-04
	134	133	6.500000	40.250000	1.008627e+05	8.804729e-05
	233	150	31.250000	36.000000	1.017321e+05	2.851217e-05
2022	2	15	7	12
	30	12	-19.500000	70.500000	9.711348e+04	1.807369e-04
	273	26	41.250000	67.000000	9.884816e+04	1.509243e-04
	266	34	39.500000	65.000000	9.884816e+04	1.450450e-04
	169	105	15.250000	47.250000	1.013013e+05	3.197675e-05
	279	120	42.750000	43.500000	1.016470e+05	-5.108315e-05
	132	124	6.000000	42.500000	1.009498e+05	2.025334e-04
	147	133	9.750000	40.250000	1.010192e+05	-9.510150e-06
2022	2	15	5	18
	25	7	-20.750000	71.750000	9.710878e+04	3.440538e-04
	277	26	42.250000	67.000000	9.916822e+04	9.431993e-05
	0	71	-27.000000	55.750000	9.676450e+04	1.390707e-04
	278	120	42.500000	43.500000	1.018480e+05	-5.256393e-05
	135	128	6.750000	41.500000	1.009396e+05	1.796001e-04
2022	2	16	5	0
	24	4	-21.000000	72.500000	9.733954e+04	3.546730e-04
	26	57	-20.500000	59.250000	9.533677e+04	4.376513e-04
	285	123	44.250000	42.750000	1.018865e+05	-3.523794e-05
	147	127	9.750000	41.750000	1.010901e+05	6.384492e-05
	137	130	7.250000	41.000000	1.010901e+05	1.576274e-04
2022	2	16	6	6
	284	35	44.000000	64.750000	9.991794e+04	9.585635e-05
	48	46	-15.000000	62.000000	9.424121e+04	5.951806e-04
	142	124	8.500000	42.500000	1.011888e+05	1.070598e-04
	287	124	44.750000	42.500000	1.019037e+05	-3.662705e-05
	137	134	7.250000	40.000000	1.011888e+05	1.757385e-04
	279	146	42.750000	37.000000	1.016913e+05	3.488923e-05
2022	2	16	5	12
	288	30	45.000000	66.000000	1.004234e+05	9.907965e-05
	0	33	-27.000000	65.250000	9.644387e+04	1.019754e-04
	69	36	-9.750000	64.500000	9.419314e+04	4.783900e-04
	136	138	7.000000	39.000000	1.015002e+05	1.535117e-04
	89	162	-4.750000	33.000000	1.025284e+05	8.083706e-05
2022	2	16	6	18
	0	28	-27.000000	66.500000	9.672191e+04	1.128990e-04
	102	29	-1.500000	66.250000	9.401514e+04	2.273715e-04
	138	141	7.500000	38.250000	1.015471e+05	1.639470e-04
	170	147	15.500000	36.750000	1.017146e+05	8.331158e-05
	169	148	15.250000	36.500000	1.017146e+05	6.982980e-05
	93	161	-3.750000	33.250000	1.023228e+05	-3.344396e-05
2022	2	17	5	0
	110	23	0.500000	67.750000	9.393327e+04	3.062172e-04
	32	86	-19.000000	52.000000	9.995076e+04	1.760494e-04
	136	143	7.000000	37.750000	1.018777e+05	1.352537e-04
	172	147	16.000000	36.750000	1.018695e+05	8.890349e-05
	175	162	16.750000	33.000000	1.018594e+05	4.850635e-05
2022	2	17	3	6
	126	19	4.500000	68.750000	9.410209e+04	3.142202e-04
	55	74	-13.250000	55.000000	9.951348e+04	1.902157e-04
	270	90	40.500000	51.000000	1.021165e+05	9.632708e-05
2022	2	17	2	12
	139	15	7.750000	69.750000	9.426016e+04	3.143653e-04
	8	124	-25.000000	42.500000	1.019631e+05	1.076897e-04
2022	2	17	3	18
	149	11	10.250000	70.750000	9.439596e+04	2.344877e-04
	150	11	10.500000	70.750000	9.439596e+04	2.436313e-04
	108	54	0.000000	60.000000	9.838352e+04	2.031932e-04
2022	2	18	3	0
	146	6	9.500000	72.000000	9.435063e+04	3.049060e-04
	147	6	9.750000	72.000000	9.435063e+04	2.961947e-04
	156	162	12.000000	33.000000	1.016282e+05	1.624710e-04
2022	2	18	6	6
	138	5	7.500000	72.250000	9.429455e+04	2.873204e-04
	288	24	45.000000	67.500000	9.873445e+04	-2.316738e-05
	0	33	-27.000000	65.250000	9.798766e+04	1.211089e-04
	183	45	18.750000	62.250000	9.738155e+04	2.294730e-04
	281	147	43.250000	36.750000	1.014658e+05	-1.943203e-05
	155	162	11.750000	33.000000	1.015026e+05	7.371784e-05
2022	2	18	6	12
	131	5	5.750000	72.250000	9.456107e+04	2.979873e-04
	288	24	45.000000	67.500000	9.827156e+04	-2.203754e-05
	0	33	-27.000000	65.250000	9.880596e+04	1.343289e-04
	214	47	26.500000	61.750000	9.678209e+04	2.155273e-04
	274	150	41.500000	36.000000	1.010844e+05	6.413703e-05
	159	162	12.750000	33.000000	1.014182e+05	5.301767e-05
2022	2	18	5	18
	127	7	4.750000	71.750000	9.510699e+04	2.910027e-04
	235	48	31.750000	61.500000	9.640967e+04	2.580465e-04
	277	150	42.250000	36.000000	1.012065e+05	3.115589e-05
	86	162	-5.500000	33.000000	1.021093e+05	7.138157e-05
	155	162	11.750000	33.000000	1.011251e+05	6.983297e-05
2022	2	19	10	0
	134	10	6.500000	71.000000	9.585691e+04	2.974035e-04
	0	32	-27.000000	65.500000	9.829032e+04	4.818952e-05
	267	48	39.750000	61.500000	9.660604e+04	1.524603e-04
	288	51	45.000000	60.750000	9.723970e+04	2.059875e-04
	135	116	6.750000	44.500000	1.024424e+05	8.887827e-05
	3	128	-26.250000	41.500000	1.014627e+05	2.537250e-04
	287	149	44.750000	36.250000	1.011581e+05	-2.870104e-05
	275	150	41.750000	36.000000	1.012697e+05	5.951361e-05
	76	162	-8.000000	33.000000	1.023922e+05	9.478126e-05
	152	162	11.000000	33.000000	1.008709e+05	1.284032e-04
2022	2	19	10	6
	150	14	10.500000	70.000000	9.648392e+04	2.621876e-04
	0	28	-27.000000	66.500000	9.801423e+04	1.520542e-04
	282	50	43.500000	61.000000	9.662675e+04	7.629151e-05
	10	112	-24.500000	45.500000	1.015581e+05	5.915084e-05
	134	117	6.500000	44.250000	1.024379e+05	-1.641959e-05
	11	124	-24.250000	42.500000	1.015524e+05	1.789949e-04
	287	149	44.750000	36.250000	1.014223e+05	-4.219305e-05
	71	162	-9.250000	33.000000	1.022949e+05	6.374189e-05
	81	162	-6.750000	33.000000	1.022949e+05	4.381491e-05
	132	162	6.000000	33.000000	1.007171e+05	1.168723e-04
2022	2	19	6	12
	172	20	16.000000	68.500000	9.731473e+04	2.622953e-04
	288	53	45.000000	60.250000	9.695794e+04	9.753110e-05
	27	85	-20.250000	52.250000	1.014979e+05	1.449585e-04
	129	154	5.250000	35.000000	1.009002e+05	5.413090e-05
	127	162	4.750000	33.000000	1.009002e+05	1.262830e-04
	128	162	5.000000	33.000000	1.009002e+05	1.349102e-04
2022	2	19	2	18
	24	24	-21.000000	67.500000	9.807402e+04	1.038330e-04
	199	31	22.750000	65.750000	9.820200e+04	2.456050e-04
2022	2	20	5	0
	37	5	-17.750000	72.250000	9.814455e+04	3.678003e-04
	63	9	-11.250000	71.250000	9.814455e+04	1.608207e-04
	64	9	-11.000000	71.250000	9.814455e+04	1.519856e-04
	0	29	-27.000000	66.250000	9.807832e+04	1.078910e-04
	288	41	45.000000	63.250000	9.814592e+04	8.363538e-06
