2022	2	14	5	0
	6	6	-25.500000	72.000000	9.976145e+04	-4.058774e-05
	217	10	27.250000	71.000000	9.837539e+04	1.290305e-04
	1	17	-26.750000	69.250000	9.976145e+04	5.574738e-06
	115	62	1.750000	58.000000	9.847048e+04	9.495307e-05
	106	71	-0.500000	55.750000	9.847048e+04	7.357125e-05
2022	2	14	3	3
	219	8	27.750000	71.500000	9.808006e+04	1.911676e-04
	124	60	4.000000	58.500000	9.849070e+04	1.495277e-04
	108	71	0.000000	55.750000	9.848255e+04	1.044112e-04
2022	2	14	3	6
	58	4	-12.500000	72.500000	1.001450e+05	8.060585e-05
	214	10	26.500000	71.000000	9.790945e+04	3.192446e-04
	117	69	2.250000	56.250000	9.850981e+04	8.567861e-05
2022	2	14	5	9
	60	3	-12.000000	72.750000	1.002053e+05	4.781095e-05
	225	8	29.250000	71.500000	9.792214e+04	2.551472e-04
	0	53	-27.000000	60.250000	9.789472e+04	1.280619e-04
	124	67	4.000000	56.750000	9.857545e+04	1.009349e-04
	123	68	3.750000	56.500000	9.857545e+04	1.081485e-04
2022	2	14	4	12
	234	7	31.500000	71.750000	9.789221e+04	1.705369e-04
	1	49	-26.750000	61.250000	9.748220e+04	1.860159e-04
	130	52	5.500000	60.500000	9.853864e+04	7.070595e-05
	131	63	5.750000	57.750000	9.853864e+04	1.362990e-04
2022	2	14	4	15
	6	7	-25.500000	71.750000	9.980736e+04	5.030219e-05
	242	12	33.500000	70.500000	9.792277e+04	2.077895e-04
	3	45	-26.250000	62.250000	9.710808e+04	2.113983e-04
	133	62	6.250000	58.000000	9.849211e+04	1.920647e-04
2022	2	14	4	18
	249	12	35.250000	70.500000	9.789864e+04	1.843136e-04
	288	12	45.000000	70.500000	9.897089e+04	7.089391e-05
	0	41	-27.000000	63.250000	9.691286e+04	1.187694e-04
	140	61	8.000000	58.250000	9.861713e+04	2.214179e-04
2022	2	14	7	21
	288	10	45.000000	71.000000	9.873307e+04	5.203722e-05
	258	11	37.500000	70.750000	9.793718e+04	2.017028e-04
	0	38	-27.000000	64.000000	9.695156e+04	1.466387e-04
	27	39	-20.250000	63.750000	9.695156e+04	3.105078e-05
	128	54	5.000000	60.000000	9.855932e+04	7.613069e-05
	148	56	10.000000	59.500000	9.855932e+04	3.288725e-04
	138	120	7.500000	43.500000	1.011008e+05	1.457449e-04
2022	2	15	8	0
	243	5	33.750000	72.250000	9.793812e+04	1.014887e-04
	6	7	-25.500000	71.750000	9.955340e+04	4.885875e-05
	263	10	38.750000	71.000000	9.793812e+04	1.948106e-04
	0	38	-27.000000	64.000000	9.712985e+04	7.789024e-05
	28	38	-20.000000	64.000000	9.716338e+04	-8.890305e-06
	125	52	4.250000	60.500000	9.845638e+04	1.333057e-04
	150	52	10.500000	60.500000	9.842866e+04	3.856588e-04
	139	120	7.750000	43.500000	1.011132e+05	1.320490e-04
2022	2	15	7	3
	242	7	33.500000	71.750000	9.795582e+04	2.221228e-04
	267	9	39.750000	71.250000	9.795582e+04	2.108295e-04
	27	38	-20.250000	64.000000	9.718798e+04	8.200447e-05
	152	51	11.000000	60.750000	9.832274e+04	3.716472e-04
	126	52	4.500000	60.500000	9.834954e+04	1.392683e-04
	171	103	15.750000	47.750000	1.009965e+05	5.828221e-05
	146	118	9.500000	44.000000	1.010335e+05	1.295821e-04
2022	2	15	6	6
	270	9	40.500000	71.250000	9.800314e+04	2.420620e-04
	25	34	-20.750000	65.000000	9.715148e+04	1.217354e-04
	152	50	11.000000	61.000000	9.834139e+04	2.685061e-04
	126	52	4.500000	60.500000	9.837288e+04	9.860985e-05
	0	87	-27.000000	51.750000	9.912991e+04	1.143133e-04
	153	116	11.250000	44.500000	1.010593e+05	1.172132e-04
2022	2	15	6	9
	274	8	41.500000	71.500000	9.814101e+04	2.202403e-04
	25	34	-20.750000	65.000000	9.715586e+04	1.829603e-04
	155	48	11.750000	61.500000	9.847801e+04	2.179558e-04
	126	50	4.500000	61.000000	9.862262e+04	1.008629e-04
	6	84	-25.500000	52.500000	9.876284e+04	2.046003e-04
	155	114	11.750000	45.000000	1.011962e+05	9.999927e-05
2022	2	15	6	12
	275	7	41.750000	71.750000	9.825475e+04	2.255396e-04
	0	30	-27.000000	66.000000	9.729608e+04	6.049906e-05
	35	35	-18.250000	64.750000	9.749035e+04	1.684181e-04
	157	47	12.250000	61.750000	9.859566e+04	1.708684e-04
	17	81	-22.750000	53.250000	9.865505e+04	2.127611e-04
	159	113	12.750000	45.250000	1.012552e+05	9.638124e-05
2022	2	15	6	15
	277	7	42.250000	71.750000	9.833387e+04	2.154960e-04
	24	30	-21.000000	66.000000	9.737097e+04	1.992418e-04
	0	35	-27.000000	64.750000	9.737097e+04	-3.592897e-05
	33	78	-18.750000	54.000000	9.832384e+04	2.566546e-04
	153	110	11.250000	46.000000	1.012415e+05	5.051576e-05
	144	158	9.000000	34.000000	1.016179e+05	-2.031892e-05
2022	2	15	5	18
	278	8	42.500000	71.500000	9.843352e+04	2.246369e-04
	0	30	-27.000000	66.000000	9.736924e+04	4.039665e-05
	0	41	-27.000000	63.250000	9.736924e+04	3.793242e-05
	45	76	-15.750000	54.500000	9.825632e+04	2.312373e-04
	162	162	13.500000	33.000000	1.015790e+05	-5.716688e-05
2022	2	15	4	21
	285	8	44.250000	71.500000	9.853942e+04	2.204241e-04
	126	57	4.500000	59.250000	9.829799e+04	2.014880e-04
	55	76	-13.250000	54.500000	9.835674e+04	2.344546e-04
	164	160	14.000000	33.500000	1.017162e+05	-2.570104e-05
2022	2	16	4	0
	286	7	44.500000	71.750000	9.862951e+04	1.526216e-04
	129	57	5.250000	59.250000	9.829377e+04	1.942937e-04
	68	75	-10.000000	54.750000	9.850104e+04	1.998804e-04
	168	161	15.000000	33.250000	1.016893e+05	-1.009347e-04
2022	2	16	6	3
	288	7	45.000000	71.750000	9.867102e+04	1.062082e-04
	126	46	4.500000	62.000000	9.842646e+04	4.640773e-05
	150	57	10.500000	59.250000	9.840845e+04	1.202024e-04
	0	67	-27.000000	56.750000	9.652855e+04	1.222997e-04
	279	121	42.750000	43.250000	1.021336e+05	1.050246e-05
	167	160	14.750000	33.500000	1.015705e+05	-6.603726e-06
2022	2	16	5	6
	288	6	45.000000	72.000000	9.869750e+04	1.174673e-04
	145	42	9.250000	63.000000	9.839576e+04	-1.560359e-06
	156	55	12.000000	59.750000	9.834405e+04	1.275359e-04
	4	64	-26.000000	57.500000	9.610679e+04	2.628416e-04
	29	65	-19.750000	57.250000	9.611494e+04	2.212484e-04
2022	2	16	5	9
	283	6	43.750000	72.000000	9.871850e+04	2.041663e-04
	163	53	13.750000	60.250000	9.827998e+04	1.442565e-04
	34	60	-18.500000	58.500000	9.598020e+04	2.995831e-04
	9	62	-24.750000	58.000000	9.594745e+04	4.326838e-04
	137	116	7.250000	44.500000	1.012550e+05	9.371069e-05
2022	2	16	6	12
	282	6	43.500000	72.000000	9.874153e+04	2.202469e-04
	168	52	15.000000	60.500000	9.817673e+04	1.307504e-04
	32	58	-19.000000	59.000000	9.548575e+04	3.488672e-04
	51	59	-14.250000	58.750000	9.548575e+04	2.165084e-04
	27	67	-20.250000	56.750000	9.548575e+04	2.705494e-04
	176	152	17.000000	35.500000	1.014466e+05	1.094715e-04
2022	2	16	6	15
	282	6	43.500000	72.000000	9.872680e+04	2.184473e-04
	184	46	19.000000	62.000000	9.801332e+04	1.613703e-04
	51	57	-14.250000	59.250000	9.558366e+04	2.034032e-04
	32	60	-19.000000	58.500000	9.558366e+04	3.455440e-04
	45	66	-15.750000	57.000000	9.558366e+04	2.624497e-04
	179	151	17.750000	35.750000	1.012754e+05	1.154854e-04
2022	2	16	6	18
	282	6	43.500000	72.000000	9.871537e+04	2.095571e-04
	186	45	19.500000	62.250000	9.786981e+04	2.026634e-04
	62	56	-11.500000	59.500000	9.607749e+04	1.802680e-04
	40	62	-17.000000	58.000000	9.594041e+04	3.693200e-04
	181	142	18.250000	38.000000	1.012456e+05	1.249129e-04
	182	150	18.500000	36.000000	1.012456e+05	1.535090e-04
2022	2	16	7	21
	283	7	43.750000	71.750000	9.874419e+04	2.129533e-04
	188	43	20.000000	62.750000	9.771925e+04	1.990626e-04
	60	57	-12.000000	59.250000	9.628007e+04	1.508847e-04
	77	59	-7.750000	58.750000	9.634853e+04	1.710931e-04
	52	64	-14.000000	57.500000	9.628007e+04	3.496069e-04
	137	117	7.250000	44.250000	1.012451e+05	8.536455e-05
	183	147	18.750000	36.750000	1.011989e+05	2.100188e-04
2022	2	17	7	0
	285	7	44.250000	71.750000	9.878994e+04	1.898333e-04
	189	42	20.250000	63.000000	9.761553e+04	1.739506e-04
	91	57	-4.250000	59.250000	9.648938e+04	1.535528e-04
	122	60	3.500000	58.500000	9.635574e+04	2.980575e-04
	138	117	7.500000	44.250000	1.009749e+05	6.408007e-05
	280	121	43.000000	43.250000	1.019019e+05	-2.322558e-05
	185	145	19.250000	37.250000	1.010214e+05	1.881563e-04
2022	2	17	6	3
	190	42	20.500000	63.000000	9.746043e+04	1.381805e-04
	125	59	4.250000	58.750000	9.631030e+04	2.337293e-04
	147	63	9.750000	57.750000	9.632425e+04	2.437940e-04
	138	117	7.500000	44.250000	1.009247e+05	8.010824e-05
	280	121	43.000000	43.250000	1.016840e+05	-6.933469e-06
	181	146	18.250000	37.000000	1.008118e+05	1.969245e-04
2022	2	17	5	6
	288	7	45.000000	71.750000	9.883631e+04	1.007425e-04
	127	59	4.750000	58.750000	9.639130e+04	2.118733e-04
	152	62	11.000000	58.000000	9.635386e+04	2.464945e-04
	138	117	7.500000	44.250000	1.008986e+05	8.328757e-05
	182	147	18.500000	36.750000	1.007908e+05	2.156029e-04
2022	2	17	4	9
	129	61	5.250000	58.250000	9.676340e+04	2.388846e-04
	158	62	12.500000	58.000000	9.647277e+04	2.678018e-04
	11	113	-24.250000	45.250000	1.006857e+05	1.323930e-04
	182	150	18.500000	36.000000	1.009044e+05	2.007098e-04
2022	2	17	5	12
	164	62	14.000000	58.000000	9.661926e+04	2.259353e-04
	20	107	-22.000000	46.750000	1.003071e+05	1.943216e-04
	6	113	-25.500000	45.250000	1.003071e+05	2.461936e-04
	279	120	42.750000	43.500000	1.012575e+05	2.006669e-05
	182	152	18.500000	35.500000	1.008180e+05	2.083582e-04
2022	2	17	7	15
	13	40	-23.750000	63.500000	9.944263e+04	8.220419e-05
	194	61	21.500000	58.250000	9.676434e+04	1.715133e-04
	173	63	16.250000	57.750000	9.676434e+04	1.496964e-04
	18	74	-22.500000	55.000000	9.971383e+04	1.751401e-04
	20	104	-22.000000	47.500000	9.980266e+04	2.010269e-04
	281	121	43.250000	43.250000	1.011912e+05	1.482191e-05
	182	156	18.500000	34.500000	1.007819e+05	2.238608e-04
2022	2	17	7	18
	9	38	-24.750000	64.000000	9.932826e+04	7.002730e-05
	42	53	-16.500000	60.250000	9.930147e+04	1.645001e-04
	202	59	23.500000	58.750000	9.678048e+04	1.653565e-04
	26	70	-20.500000	56.000000	9.954070e+04	1.360212e-04
	29	98	-19.750000	49.000000	9.922658e+04	2.506507e-04
	281	121	43.250000	43.250000	1.010766e+05	-4.599242e-06
	183	160	18.750000	33.500000	1.009794e+05	1.437558e-04
2022	2	17	5	21
	5	35	-25.750000	64.750000	9.932168e+04	9.537712e-05
	44	54	-16.000000	60.000000	9.919838e+04	1.662176e-04
	204	58	24.000000	59.000000	9.684565e+04	1.754213e-04
	27	69	-20.250000	56.250000	9.933139e+04	2.398971e-04
	37	93	-17.750000	50.250000	9.869170e+04	3.472115e-04
2022	2	18	5	0
	0	32	-27.000000	65.500000	9.931886e+04	7.274712e-05
	44	54	-16.000000	60.000000	9.896776e+04	2.057671e-04
	211	55	25.750000	59.750000	9.697600e+04	1.587195e-04
	30	69	-19.500000	56.250000	9.917159e+04	2.573330e-04
	45	91	-15.750000	50.750000	9.805233e+04	5.110599e-04
2022	2	18	3	3
	215	52	26.750000	60.500000	9.704243e+04	1.735702e-04
	45	54	-15.750000	60.000000	9.870957e+04	2.757839e-04
	55	89	-13.250000	51.250000	9.740606e+04	5.896112e-04
2022	2	18	4	6
	145	30	9.250000	66.000000	9.831632e+04	2.720872e-05
	218	49	27.500000	61.250000	9.714536e+04	1.793898e-04
	47	54	-15.250000	60.000000	9.848083e+04	3.338727e-04
	70	86	-9.500000	52.000000	9.706938e+04	5.503902e-04
2022	2	18	6	9
	144	28	9.000000	66.500000	9.836677e+04	5.383867e-05
	219	47	27.750000	61.750000	9.719173e+04	1.681685e-04
	47	54	-15.250000	60.000000	9.849696e+04	3.292519e-04
	85	82	-5.750000	53.000000	9.683218e+04	4.009914e-04
	137	113	7.250000	45.250000	1.012296e+05	1.980904e-05
	116	123	2.000000	42.750000	1.016097e+05	1.162369e-05
2022	2	18	4	12
	139	27	7.750000	66.750000	9.835988e+04	5.327909e-05
	221	44	28.250000	62.500000	9.723890e+04	1.631186e-04
	49	55	-14.750000	59.750000	9.854130e+04	3.197677e-04
	96	79	-3.000000	53.750000	9.665138e+04	3.314428e-04
2022	2	18	5	15
	137	30	7.250000	66.000000	9.829251e+04	4.126411e-05
	221	43	28.250000	62.750000	9.728073e+04	1.192818e-04
	53	56	-13.750000	59.500000	9.862293e+04	2.798087e-04
	0	61	-27.000000	58.250000	9.903638e+04	9.403981e-05
	112	76	1.000000	54.500000	9.659091e+04	3.271274e-04
2022	2	18	5	18
	9	6	-24.750000	72.000000	1.006556e+05	-1.920923e-05
	134	31	6.500000	65.750000	9.820540e+04	5.761944e-05
	222	42	28.500000	63.000000	9.728856e+04	1.114236e-04
	56	56	-13.000000	59.500000	9.869155e+04	2.761246e-04
	125	74	4.250000	55.000000	9.660579e+04	3.106280e-04
2022	2	18	11	21
	7	6	-25.250000	72.000000	1.006676e+05	4.323577e-06
	134	32	6.500000	65.500000	9.816999e+04	3.818578e-05
	223	41	28.750000	63.250000	9.733979e+04	8.397400e-05
	40	52	-17.000000	60.500000	9.876252e+04	1.514108e-04
	0	55	-27.000000	59.750000	9.915420e+04	9.861732e-05
	61	56	-11.750000	59.500000	9.876252e+04	2.614374e-04
	16	61	-23.000000	58.250000	9.915420e+04	1.514152e-04
	135	74	6.750000	55.000000	9.678188e+04	2.939207e-04
	138	117	7.500000	44.250000	1.010106e+05	1.193094e-04
	241	141	33.250000	38.250000	1.008744e+05	2.586945e-05
	231	149	30.750000	36.250000	1.008744e+05	6.871377e-05
2022	2	19	8	0
	7	6	-25.250000	72.000000	1.006623e+05	1.906611e-05
	136	33	7.000000	65.250000	9.820649e+04	5.837512e-05
	224	40	29.000000	63.500000	9.742894e+04	5.845590e-05
	66	56	-10.500000	59.500000	9.882394e+04	3.053806e-04
	53	71	-13.750000	55.750000	9.949527e+04	2.040926e-04
	146	75	9.500000	54.750000	9.717513e+04	2.556549e-04
	138	117	7.500000	44.250000	1.009453e+05	1.033830e-04
	227	150	29.750000	36.000000	1.007725e+05	1.347842e-04
2022	2	19	7	3
	6	7	-25.500000	71.750000	1.006220e+05	3.108189e-05
	136	34	7.000000	65.000000	9.822796e+04	8.494410e-05
	225	40	29.250000	63.500000	9.748581e+04	7.347803e-05
	69	56	-9.750000	59.500000	9.887924e+04	3.185181e-04
	63	71	-11.250000	55.750000	9.936335e+04	1.819256e-04
	166	72	14.500000	55.500000	9.735295e+04	1.756670e-04
	151	109	10.750000	46.250000	1.006499e+05	4.185266e-05
2022	2	19	9	6
	6	7	-25.500000	71.750000	1.005161e+05	1.063664e-05
	141	36	8.250000	64.500000	9.828091e+04	9.232061e-05
	226	38	29.500000	64.000000	9.758514e+04	4.417087e-05
	32	49	-19.000000	61.250000	9.945845e+04	1.230596e-04
	74	58	-8.500000	59.000000	9.903952e+04	2.859254e-04
	180	70	18.000000	56.000000	9.746043e+04	1.650000e-04
	71	72	-9.250000	55.500000	9.932497e+04	1.978125e-04
	249	157	35.250000	34.250000	1.010040e+05	4.978429e-05
	249	158	35.250000	34.000000	1.010040e+05	3.861432e-05
2022	2	19	5	9
	147	35	9.750000	64.750000	9.844793e+04	9.264189e-05
	145	36	9.250000	64.500000	9.844793e+04	1.071443e-04
	227	37	29.750000	64.250000	9.778380e+04	4.184439e-05
	79	59	-7.250000	58.750000	9.927170e+04	2.978720e-04
	192	69	21.000000	56.250000	9.767789e+04	1.447966e-04
2022	2	19	6	12
	251	32	35.750000	65.500000	9.793859e+04	8.610393e-05
	148	36	10.000000	64.500000	9.859520e+04	1.037500e-04
	228	36	30.000000	64.500000	9.793859e+04	4.179025e-05
	0	58	-27.000000	59.000000	9.788312e+04	1.079252e-04
	84	60	-6.000000	58.500000	9.963158e+04	2.839877e-04
	207	69	24.750000	56.250000	9.783957e+04	9.644114e-05
2022	2	19	9	15
	258	30	37.500000	66.000000	9.807991e+04	1.375298e-04
	237	34	32.250000	65.000000	9.807991e+04	4.680052e-05
	238	34	32.500000	65.000000	9.807991e+04	4.772705e-05
	149	36	10.250000	64.500000	9.876330e+04	9.038663e-05
	0	54	-27.000000	60.000000	9.710338e+04	1.154639e-04
	88	61	-5.000000	58.250000	9.999443e+04	1.849374e-04
	220	67	28.000000	56.750000	9.799389e+04	8.986540e-05
	113	126	1.250000	42.000000	1.022500e+05	-2.419694e-07
	169	127	15.250000	41.750000	1.011445e+05	-6.685492e-06
2022	2	19	5	18
	258	29	37.500000	66.250000	9.821323e+04	1.385209e-04
	0	50	-27.000000	61.000000	9.636953e+04	1.153695e-04
	228	66	30.000000	57.000000	9.811907e+04	1.062579e-04
	177	126	17.250000	42.000000	1.013304e+05	1.332403e-04
	174	134	16.500000	40.000000	1.014093e+05	-2.126920e-05
2022	2	19	3	21
	0	52	-27.000000	60.500000	9.578342e+04	9.822541e-05
	235	64	31.750000	57.500000	9.817563e+04	1.077551e-04
	180	125	18.000000	42.250000	1.014779e+05	1.028952e-04
2022	2	20	5	0
	6	7	-25.500000	71.750000	1.001160e+05	-5.853078e-06
	0	50	-27.000000	61.000000	9.540647e+04	7.057647e-05
	240	62	33.000000	58.000000	9.823047e+04	8.678647e-05
	240	63	33.000000	57.750000	9.823047e+04	8.077413e-05
	181	126	18.250000	42.000000	1.015555e+05	6.444458e-05
