2022	2	16	7	0
	288	11	45.000000	70.750000	9.881389e+04	9.069470e-05
	53	38	-13.750000	64.000000	9.717831e+04	4.099653e-04
	185	43	19.250000	62.750000	9.898647e+04	1.434595e-04
	118	53	2.500000	60.250000	9.796291e+04	1.541556e-04
	65	67	-10.750000	56.750000	9.711133e+04	3.284223e-04
	280	121	43.000000	43.250000	1.020827e+05	1.815187e-05
	151	124	10.750000	42.500000	1.014715e+05	1.082491e-04
2022	2	16	5	3
	48	37	-15.000000	64.250000	9.734516e+04	3.624343e-04
	123	53	3.750000	60.250000	9.790306e+04	1.661028e-04
	75	66	-8.250000	57.000000	9.712652e+04	3.066765e-04
	280	121	43.000000	43.250000	1.021322e+05	2.425888e-05
	173	122	16.250000	43.000000	1.014144e+05	6.099046e-05
2022	2	16	4	6
	39	33	-17.250000	65.250000	9.741354e+04	3.251536e-04
	122	51	3.500000	60.750000	9.784662e+04	1.186175e-04
	85	66	-5.750000	57.000000	9.744037e+04	2.926753e-04
	28	70	-20.000000	56.000000	9.757712e+04	1.532165e-04
2022	2	16	5	9
	30	30	-19.500000	66.000000	9.754286e+04	2.412048e-04
	47	61	-15.250000	58.250000	9.725709e+04	7.098862e-05
	110	66	0.500000	57.000000	9.756580e+04	2.170586e-04
	48	69	-15.000000	56.250000	9.725709e+04	2.383102e-04
	202	125	23.500000	42.250000	1.016431e+05	-6.513992e-05
2022	2	16	7	12
	19	29	-22.250000	66.250000	9.765605e+04	2.135371e-04
	50	51	-14.500000	60.750000	9.705132e+04	1.134496e-04
	61	66	-11.750000	57.000000	9.675360e+04	2.617147e-04
	120	66	3.000000	57.000000	9.740904e+04	1.890763e-04
	279	120	42.750000	43.500000	1.018002e+05	2.000423e-05
	183	129	18.750000	41.250000	1.012218e+05	1.065069e-04
	184	138	19.000000	39.000000	1.012218e+05	1.628784e-04
2022	2	16	5	15
	4	27	-26.000000	66.750000	9.769994e+04	2.378300e-04
	0	36	-27.000000	64.500000	9.773343e+04	-1.538519e-05
	73	65	-8.750000	57.250000	9.652148e+04	2.883353e-04
	128	65	5.000000	57.250000	9.717831e+04	2.268271e-04
	185	135	19.250000	39.750000	1.010620e+05	1.525134e-04
2022	2	16	4	18
	85	63	-5.750000	57.750000	9.665963e+04	3.087783e-04
	140	65	8.000000	57.250000	9.695518e+04	2.114301e-04
	280	121	43.000000	43.250000	1.021252e+05	-1.408208e-05
	185	135	19.250000	39.750000	1.011068e+05	1.419188e-04
2022	2	16	4	21
	149	65	10.250000	57.250000	9.665886e+04	1.920156e-04
	137	117	7.250000	44.250000	1.012431e+05	7.297417e-05
	278	120	42.500000	43.500000	1.021269e+05	-3.033032e-05
	184	134	19.000000	40.000000	1.011914e+05	1.210013e-04
2022	2	17	5	0
	288	8	45.000000	71.500000	9.895530e+04	1.168483e-04
	157	64	12.250000	57.500000	9.629214e+04	1.994999e-04
	150	109	10.500000	46.250000	1.003429e+05	1.940056e-05
	137	117	7.250000	44.250000	1.010830e+05	8.829420e-05
	183	134	18.750000	40.000000	1.012102e+05	1.140651e-04
2022	2	17	5	3
	288	10	45.000000	71.000000	9.902663e+04	9.649490e-05
	193	56	21.250000	59.500000	9.603428e+04	2.749471e-04
	169	65	15.250000	57.250000	9.607924e+04	2.058449e-04
	138	117	7.500000	44.250000	1.008936e+05	8.314452e-05
	180	135	18.000000	39.750000	1.011683e+05	1.142751e-04
2022	2	17	3	6
	194	54	21.500000	60.000000	9.571362e+04	2.866995e-04
	190	65	20.500000	57.250000	9.571362e+04	2.390693e-04
	138	117	7.500000	44.250000	1.008591e+05	8.765161e-05
2022	2	17	4	9
	196	53	22.000000	60.250000	9.555437e+04	2.480218e-04
	198	62	22.500000	58.000000	9.555437e+04	2.434946e-04
	4	106	-26.000000	47.000000	1.004964e+05	2.141796e-04
	278	120	42.500000	43.500000	1.016580e+05	-1.779758e-05
2022	2	17	4	12
	206	56	24.500000	59.500000	9.546939e+04	1.273830e-04
	15	101	-23.250000	48.250000	1.002350e+05	2.115844e-04
	26	105	-20.500000	47.250000	1.002350e+05	1.343755e-04
	25	106	-20.750000	47.000000	1.002350e+05	1.056892e-04
2022	2	17	3	15
	209	53	25.250000	60.250000	9.546427e+04	1.818269e-04
	21	99	-21.750000	48.750000	9.966719e+04	2.981031e-04
	34	99	-18.500000	48.750000	9.966719e+04	2.042541e-04
2022	2	17	3	18
	213	52	26.250000	60.500000	9.545249e+04	2.553446e-04
	42	92	-16.500000	50.500000	9.894569e+04	2.791335e-04
	29	97	-19.750000	49.250000	9.894569e+04	3.642816e-04
2022	2	17	3	21
	216	48	27.000000	61.500000	9.548474e+04	1.790520e-04
	47	89	-15.250000	51.250000	9.846888e+04	2.988278e-04
	153	111	11.250000	45.750000	1.012182e+05	1.169248e-04
2022	2	18	3	0
	218	46	27.500000	62.000000	9.548025e+04	1.682991e-04
	61	47	-11.750000	61.750000	9.873295e+04	1.047886e-04
	53	87	-13.750000	51.750000	9.784274e+04	4.287506e-04
2022	2	18	4	3
	221	44	28.250000	62.500000	9.556988e+04	1.686114e-04
	59	47	-12.250000	61.750000	9.849400e+04	1.554286e-04
	63	84	-11.250000	52.500000	9.734051e+04	4.890534e-04
	139	117	7.750000	44.250000	1.013972e+05	6.401753e-05
2022	2	18	5	6
	226	41	29.500000	63.250000	9.568772e+04	1.506948e-04
	52	49	-14.000000	61.250000	9.818574e+04	1.983376e-04
	79	81	-7.250000	53.250000	9.694061e+04	3.033879e-04
	141	107	8.250000	46.750000	1.013032e+05	-7.414232e-05
	138	117	7.500000	44.250000	1.014549e+05	1.055624e-04
2022	2	18	4	9
	227	38	29.750000	64.000000	9.580634e+04	1.371922e-04
	52	50	-14.000000	61.000000	9.800881e+04	2.528657e-04
	89	74	-4.750000	55.000000	9.649170e+04	4.135293e-04
	265	162	39.250000	33.000000	1.010018e+05	-1.392017e-05
2022	2	18	7	12
	6	7	-25.500000	71.750000	1.003632e+05	-4.107463e-05
	229	37	30.250000	64.250000	9.600621e+04	1.496036e-04
	53	53	-13.750000	60.250000	9.804153e+04	2.746347e-04
	106	73	-0.500000	55.250000	9.629091e+04	2.711620e-04
	119	126	2.750000	42.000000	1.015571e+05	6.703431e-05
	257	162	37.250000	33.000000	1.007791e+05	-1.451400e-05
	267	162	39.750000	33.000000	1.007791e+05	-2.201473e-05
2022	2	18	7	15
	6	7	-25.500000	71.750000	1.003874e+05	-3.726199e-05
	233	35	31.250000	64.750000	9.616530e+04	1.761647e-04
	59	56	-12.250000	59.500000	9.812030e+04	2.658482e-04
	121	70	3.250000	56.000000	9.585952e+04	1.646997e-04
	240	139	33.000000	38.750000	1.007545e+05	3.490136e-05
	268	160	40.000000	33.500000	1.008680e+05	7.428772e-06
	257	162	37.250000	33.000000	1.008680e+05	2.921054e-06
2022	2	18	7	18
	6	7	-25.500000	71.750000	1.003006e+05	-1.626307e-05
	244	22	34.000000	68.000000	9.630951e+04	3.317020e-05
	235	33	31.750000	65.250000	9.630951e+04	1.221612e-04
	68	59	-10.000000	58.750000	9.834111e+04	2.269422e-04
	134	68	6.500000	56.500000	9.573827e+04	1.863116e-04
	278	118	42.500000	44.000000	1.007779e+05	2.037790e-05
	232	148	31.000000	36.500000	1.008180e+05	9.050568e-05
2022	2	18	8	21
	6	7	-25.500000	71.750000	1.002484e+05	1.143285e-06
	245	16	34.250000	69.500000	9.642844e+04	1.812838e-04
	239	29	32.750000	66.250000	9.640162e+04	9.501931e-05
	0	54	-27.000000	60.000000	9.818031e+04	7.787182e-05
	148	66	10.000000	57.000000	9.572431e+04	2.940022e-04
	245	144	34.250000	37.500000	1.005944e+05	6.403730e-05
	228	150	30.000000	36.000000	1.005913e+05	1.936814e-04
	261	162	38.250000	33.000000	1.009444e+05	-7.128599e-06
2022	2	19	9	0
	6	7	-25.500000	71.750000	1.002211e+05	-2.029555e-06
	242	16	33.500000	69.500000	9.643294e+04	2.087051e-04
	242	28	33.500000	66.500000	9.643294e+04	1.029337e-04
	0	50	-27.000000	61.000000	9.785639e+04	1.064857e-04
	160	65	13.000000	57.250000	9.593938e+04	2.454112e-04
	137	117	7.250000	44.250000	1.013511e+05	1.215021e-04
	110	137	0.500000	39.250000	1.016338e+05	6.811710e-05
	117	147	2.250000	36.750000	1.016338e+05	7.825161e-06
	235	150	31.750000	36.000000	1.003429e+05	1.701528e-04
2022	2	19	9	3
	240	16	33.000000	69.500000	9.639091e+04	2.352141e-04
	253	24	36.250000	67.500000	9.639091e+04	6.803044e-05
	254	24	36.500000	67.500000	9.639091e+04	7.294540e-05
	254	25	36.500000	67.250000	9.639091e+04	8.762925e-05
	0	46	-27.000000	62.000000	9.778475e+04	1.124999e-04
	180	62	18.000000	58.000000	9.596171e+04	2.385854e-04
	137	117	7.250000	44.250000	1.012772e+05	1.385179e-04
	234	154	31.500000	35.000000	1.003377e+05	2.231246e-04
	238	162	32.500000	33.000000	1.003377e+05	5.902471e-05
2022	2	19	7	6
	240	17	33.000000	69.250000	9.643262e+04	1.621986e-04
	0	42	-27.000000	63.000000	9.770024e+04	1.280314e-04
	16	48	-23.000000	61.500000	9.770024e+04	1.820716e-04
	191	63	20.750000	57.750000	9.601583e+04	2.000777e-04
	138	118	7.500000	44.000000	1.014039e+05	1.259194e-04
	233	157	31.250000	34.250000	1.005076e+05	2.340719e-04
	244	162	34.000000	33.000000	1.005076e+05	-1.897311e-05
2022	2	19	7	9
	239	18	32.750000	69.000000	9.660164e+04	1.525235e-04
	0	39	-27.000000	63.750000	9.773684e+04	1.021905e-04
	18	46	-22.500000	62.000000	9.773684e+04	1.753955e-04
	200	62	23.000000	58.000000	9.626749e+04	1.970848e-04
	135	119	6.750000	43.750000	1.015754e+05	1.193765e-04
	189	120	20.250000	43.500000	1.016293e+05	-2.138456e-05
	232	160	31.000000	33.500000	1.006869e+05	2.247953e-04
2022	2	19	5	12
	95	10	-3.250000	71.000000	9.881389e+04	2.582892e-04
	248	17	35.000000	69.250000	9.676291e+04	4.842482e-05
	211	60	25.750000	58.500000	9.649186e+04	1.845387e-04
	95	145	-3.250000	37.250000	1.017901e+05	6.061539e-05
	233	162	31.250000	33.000000	1.008174e+05	1.073665e-04
2022	2	19	7	15
	6	7	-25.500000	71.750000	9.979930e+04	2.377054e-05
	95	11	-3.250000	70.750000	9.881280e+04	2.372727e-04
	272	13	41.000000	70.250000	9.690292e+04	7.009559e-05
	195	34	21.750000	65.000000	9.722591e+04	1.715090e-04
	0	57	-27.000000	59.250000	9.653466e+04	1.475364e-04
	224	59	29.000000	58.750000	9.680430e+04	1.141200e-04
	96	144	-3.000000	37.500000	1.017183e+05	2.888252e-05
2022	2	19	8	18
	6	7	-25.500000	71.750000	9.968191e+04	2.297502e-05
	98	11	-2.500000	70.750000	9.878815e+04	2.540120e-04
	276	12	42.000000	70.500000	9.702356e+04	6.508022e-05
	194	35	21.500000	64.750000	9.735012e+04	1.840008e-04
	237	50	32.250000	61.000000	9.705644e+04	5.351783e-05
	236	51	32.000000	60.750000	9.705644e+04	4.277931e-05
	0	54	-27.000000	60.000000	9.587069e+04	1.574136e-04
	236	59	32.000000	58.750000	9.705644e+04	1.286461e-04
2022	2	19	7	21
	101	11	-1.750000	70.750000	9.872969e+04	2.632800e-04
	193	38	21.250000	64.000000	9.748022e+04	1.704399e-04
	248	46	35.000000	62.000000	9.722049e+04	1.062854e-04
	6	52	-25.500000	60.500000	9.545296e+04	4.251993e-04
	249	58	35.250000	59.000000	9.722297e+04	1.579775e-04
	265	162	39.250000	33.000000	1.010029e+05	6.403782e-05
	280	162	43.000000	33.000000	1.009947e+05	8.399702e-05
2022	2	20	6	0
	283	0	43.750000	73.500000	9.714280e+04	8.601457e-05
	103	11	-1.250000	70.750000	9.872520e+04	2.818094e-04
	253	44	36.250000	62.500000	9.735788e+04	1.166291e-04
	14	48	-23.500000	61.500000	9.509865e+04	4.218485e-04
	274	150	41.500000	36.000000	1.009591e+05	1.596517e-07
	281	162	43.250000	33.000000	1.009101e+05	1.256931e-04
