2022	2	10	5	0
	148	22	10.000000	68.000000	9.656638e+04	4.304708e-04
	59	56	-12.250000	59.500000	9.864398e+04	4.738370e-04
	152	106	11.000000	47.000000	1.022445e+05	-3.676748e-05
	139	110	7.750000	46.000000	1.022445e+05	-7.796962e-05
	277	162	42.250000	33.000000	1.008650e+05	8.702337e-05
2022	2	10	7	6
	177	5	17.250000	72.250000	9.717424e+04	1.678334e-04
	8	6	-25.000000	72.000000	1.003476e+05	-8.227901e-06
	10	14	-24.500000	70.000000	1.003476e+05	4.472172e-05
	166	22	14.500000	68.000000	9.689053e+04	3.225326e-04
	77	58	-7.750000	59.000000	9.911038e+04	4.947527e-04
	152	106	11.000000	47.000000	1.020940e+05	-4.108613e-05
	249	150	35.250000	36.000000	1.010577e+05	1.056733e-04
2022	2	10	9	12
	176	4	17.000000	72.500000	9.727174e+04	2.597497e-04
	177	4	17.250000	72.500000	9.727174e+04	2.579797e-04
	192	16	21.000000	69.500000	9.729421e+04	1.413424e-05
	191	27	20.750000	66.750000	9.767112e+04	1.005022e-04
	93	63	-3.750000	57.750000	9.988960e+04	3.518628e-04
	137	117	7.250000	44.250000	1.022253e+05	1.250505e-04
	284	139	44.000000	38.750000	1.009975e+05	3.171456e-05
	280	151	43.000000	35.750000	1.010401e+05	7.898085e-05
	272	156	41.000000	34.500000	1.010401e+05	8.395997e-06
2022	2	10	9	18
	230	3	30.500000	72.750000	9.743216e+04	6.018120e-05
	188	5	20.000000	72.250000	9.739679e+04	2.702994e-04
	8	6	-25.000000	72.000000	1.000328e+05	-1.318995e-05
	44	10	-16.000000	71.000000	9.986909e+04	7.039974e-05
	9	14	-24.750000	70.000000	9.986909e+04	-3.569179e-06
	41	18	-16.750000	69.000000	9.986909e+04	1.159108e-04
	110	69	0.500000	56.250000	1.003685e+05	3.330621e-04
	136	119	7.000000	43.750000	1.022374e+05	8.931492e-05
	87	156	-5.250000	34.500000	1.020928e+05	8.108875e-06
2022	2	11	5	0
	200	6	23.000000	72.000000	9.756053e+04	2.007416e-04
	57	14	-12.750000	70.000000	9.939428e+04	1.976994e-04
	0	71	-27.000000	55.750000	9.990016e+04	1.424379e-04
	124	75	4.000000	54.750000	1.007601e+05	2.913393e-04
	137	117	7.250000	44.250000	1.021978e+05	9.136493e-05
2022	2	11	5	6
	212	7	26.000000	71.750000	9.766838e+04	2.822989e-04
	70	13	-9.500000	70.250000	9.912445e+04	1.792654e-04
	4	63	-26.000000	57.750000	9.936595e+04	1.545689e-04
	137	117	7.250000	44.250000	1.020161e+05	1.013725e-04
	188	123	20.000000	42.750000	1.020602e+05	-1.351011e-05
2022	2	11	10	12
	226	6	29.500000	72.000000	9.783134e+04	2.711845e-04
	76	14	-8.000000	70.000000	9.915415e+04	3.032555e-04
	101	14	-1.750000	70.000000	9.915415e+04	9.495373e-05
	1	59	-26.750000	58.750000	9.905450e+04	1.099494e-04
	26	61	-20.500000	58.250000	9.914320e+04	1.723568e-04
	3	71	-26.250000	55.750000	9.905216e+04	1.648202e-04
	150	110	10.500000	46.000000	1.020772e+05	2.069781e-05
	136	118	7.000000	44.000000	1.020385e+05	9.705377e-05
	135	119	6.750000	43.750000	1.020385e+05	1.106030e-04
	89	162	-4.750000	33.000000	1.022351e+05	2.208162e-06
2022	2	11	5	18
	236	6	32.000000	72.000000	9.793881e+04	3.305675e-04
	134	17	6.500000	69.250000	9.905255e+04	1.468136e-04
	44	56	-16.000000	59.500000	9.871412e+04	1.838086e-04
	25	58	-20.750000	59.000000	9.871412e+04	1.746521e-04
	25	67	-20.750000	56.750000	9.871412e+04	1.052514e-04
2022	2	12	5	0
	243	5	33.750000	72.250000	9.799665e+04	2.862884e-04
	155	17	11.750000	69.250000	9.875906e+04	1.672646e-04
	43	53	-16.250000	60.250000	9.864515e+04	2.150049e-04
	29	60	-19.750000	58.500000	9.864515e+04	1.785294e-04
	279	81	42.750000	53.250000	1.005129e+05	1.229583e-04
2022	2	12	5	6
	250	4	35.500000	72.500000	9.792826e+04	3.031567e-04
	152	20	11.000000	68.500000	9.898904e+04	1.763274e-04
	68	55	-10.000000	59.750000	9.858888e+04	8.540133e-05
	36	57	-18.000000	59.250000	9.855214e+04	2.155978e-04
	253	158	36.250000	34.000000	1.024608e+05	-6.332621e-05
2022	2	12	2	12
	255	2	36.750000	73.000000	9.803709e+04	2.606888e-04
	84	51	-6.000000	60.750000	9.851052e+04	1.182026e-04
2022	2	12	2	18
	256	0	37.000000	73.500000	9.812775e+04	2.030550e-04
	102	48	-1.500000	61.500000	9.837688e+04	1.338986e-04
2022	2	13	5	0
	161	0	13.250000	73.500000	9.865668e+04	1.204229e-04
	266	0	39.500000	73.500000	9.860275e+04	2.129961e-05
	117	45	2.250000	62.250000	9.846324e+04	1.436219e-04
	37	66	-17.750000	57.000000	9.872878e+04	2.183847e-04
	59	94	-12.250000	50.000000	9.901835e+04	2.483006e-04
2022	2	13	6	6
	176	0	17.000000	73.500000	9.840873e+04	1.401688e-04
	154	41	11.500000	63.250000	9.847145e+04	5.964416e-05
	155	41	11.750000	63.250000	9.847145e+04	5.247915e-05
	132	43	6.000000	62.750000	9.847145e+04	1.241194e-04
	37	71	-17.750000	55.750000	9.861409e+04	2.261274e-04
	75	89	-8.250000	51.250000	9.817816e+04	2.823492e-04
2022	2	13	4	12
	181	0	18.250000	73.500000	9.844155e+04	8.255747e-05
	167	44	14.750000	62.500000	9.859123e+04	6.418631e-05
	86	84	-5.500000	52.500000	9.765588e+04	3.478483e-04
	268	120	40.000000	43.500000	1.026798e+05	1.316360e-04
2022	2	13	7	18
	288	0	45.000000	73.500000	9.981828e+04	-2.913692e-05
	186	2	19.500000	73.000000	9.853554e+04	1.845637e-04
	187	2	19.750000	73.000000	9.853554e+04	1.799959e-04
	6	14	-25.500000	70.000000	9.963677e+04	8.285253e-05
	209	38	25.250000	64.000000	9.871666e+04	5.364168e-05
	190	45	20.500000	62.250000	9.871666e+04	5.545640e-05
	99	80	-2.250000	53.500000	9.768930e+04	3.193626e-04
2022	2	14	5	0
	196	3	22.000000	72.750000	9.859318e+04	1.784506e-04
	212	13	26.000000	70.250000	9.859318e+04	7.135406e-06
	1	17	-26.750000	69.250000	9.975302e+04	1.308935e-04
	226	35	29.500000	64.750000	9.885852e+04	6.311047e-05
	117	68	2.250000	56.500000	9.757088e+04	2.317105e-04
2022	2	14	3	6
	198	2	22.500000	73.000000	9.861702e+04	1.662264e-04
	248	30	35.000000	66.000000	9.873112e+04	1.120672e-04
	126	65	4.500000	57.250000	9.749136e+04	2.266270e-04
2022	2	14	6	12
	200	6	23.000000	72.000000	9.872428e+04	2.354954e-04
	6	7	-25.500000	71.750000	1.000379e+05	-1.169575e-05
	252	16	36.000000	69.500000	9.859845e+04	6.763028e-05
	264	27	39.000000	66.750000	9.859845e+04	1.574301e-04
	0	44	-27.000000	62.500000	9.935638e+04	6.017474e-05
	141	63	8.250000	57.750000	9.775280e+04	1.314903e-04
2022	2	14	4	18
	208	8	25.000000	71.500000	9.880557e+04	2.067818e-04
	280	22	43.000000	68.000000	9.834620e+04	2.116257e-04
	0	38	-27.000000	64.000000	9.894469e+04	9.273566e-05
	162	59	13.500000	58.750000	9.820493e+04	1.393700e-04
2022	2	15	4	0
	288	18	45.000000	69.000000	9.813909e+04	9.542350e-05
	0	32	-27.000000	65.500000	9.858848e+04	1.278784e-04
	189	54	20.250000	60.000000	9.861565e+04	1.165499e-04
	140	121	8.000000	43.250000	1.009947e+05	1.029215e-04
2022	2	15	5	6
	214	50	26.500000	61.000000	9.906856e+04	1.689698e-04
	127	59	4.750000	58.750000	9.911566e+04	1.863467e-04
	151	59	10.750000	58.750000	9.908127e+04	2.822667e-04
	0	61	-27.000000	58.250000	9.804764e+04	2.078985e-05
	146	118	9.500000	44.000000	1.008259e+05	8.869462e-05
2022	2	15	6	12
	2	6	-26.500000	72.000000	9.885070e+04	2.759800e-06
	0	45	-27.000000	62.250000	9.545127e+04	1.439864e-04
	253	45	36.250000	62.250000	9.959417e+04	1.504057e-04
	151	60	10.750000	58.500000	9.966979e+04	2.684440e-04
	149	109	10.250000	46.250000	1.008490e+05	-1.109532e-05
	157	118	12.250000	44.000000	1.008490e+05	1.957991e-05
2022	2	15	4	18
	0	38	-27.000000	64.000000	9.456810e+04	3.917851e-05
	288	42	45.000000	63.000000	9.992048e+04	4.552482e-05
	153	61	11.250000	58.250000	1.002554e+05	2.326186e-04
	161	111	13.250000	45.750000	1.008267e+05	7.118982e-05
2022	2	16	6	0
	23	32	-21.250000	65.500000	9.450088e+04	1.214864e-04
	0	33	-27.000000	65.250000	9.450088e+04	5.874794e-05
	197	54	22.250000	60.000000	1.007077e+05	1.829271e-04
	154	64	11.500000	57.500000	1.007859e+05	1.653212e-04
	178	116	17.500000	44.500000	1.009314e+05	3.074541e-05
	280	121	43.000000	43.250000	1.020207e+05	-7.600040e-06
2022	2	16	5	6
	198	55	22.500000	59.750000	1.008894e+05	2.109291e-04
	184	107	19.000000	46.750000	1.012441e+05	8.810574e-05
	280	121	43.000000	43.250000	1.021495e+05	-2.826931e-06
	135	125	6.750000	42.250000	1.013597e+05	8.380743e-05
	164	162	14.000000	33.000000	1.013652e+05	7.262337e-05
2022	2	16	5	12
	202	55	23.500000	59.750000	1.011018e+05	1.995613e-04
	219	67	27.750000	56.750000	1.011858e+05	5.317755e-05
	218	68	27.500000	56.500000	1.011858e+05	5.314065e-05
	279	120	42.750000	43.500000	1.017777e+05	1.537535e-06
	169	161	15.250000	33.250000	1.013505e+05	7.686772e-05
2022	2	16	4	18
	235	65	31.750000	57.250000	1.011051e+05	1.229516e-04
	236	65	32.000000	57.250000	1.011051e+05	1.138564e-04
	280	121	43.000000	43.250000	1.022779e+05	-2.974798e-05
	173	160	16.250000	33.500000	1.014053e+05	7.339789e-05
2022	2	17	4	0
	26	13	-20.500000	70.250000	9.599134e+04	1.989149e-04
	252	63	36.000000	57.750000	1.008879e+05	9.315229e-05
	281	121	43.250000	43.250000	1.023768e+05	-4.971034e-05
	176	156	17.000000	34.500000	1.014369e+05	9.829753e-05
2022	2	17	5	6
	52	12	-14.000000	70.500000	9.580161e+04	2.553570e-04
	270	62	40.500000	58.000000	1.007917e+05	1.013354e-04
	278	121	42.500000	43.250000	1.023556e+05	-2.807038e-05
	169	153	15.250000	35.250000	1.014477e+05	3.604587e-05
	172	162	16.000000	33.000000	1.014477e+05	-9.536840e-06
2022	2	17	5	12
	69	11	-9.750000	70.750000	9.583541e+04	1.677715e-04
	26	14	-20.500000	70.000000	9.580571e+04	4.489968e-04
	0	42	-27.000000	63.000000	9.519941e+04	1.023682e-04
	288	59	45.000000	58.750000	1.007816e+05	4.264452e-05
	168	162	15.000000	33.000000	1.014733e+05	-8.101456e-06
2022	2	17	4	18
	67	7	-10.250000	71.750000	9.637919e+04	2.427398e-04
	19	16	-22.250000	69.500000	9.575198e+04	4.372546e-04
	167	31	14.750000	65.750000	9.685907e+04	1.474933e-04
	166	162	14.500000	33.000000	1.014473e+05	6.339989e-05
2022	2	18	6	0
	125	10	4.250000	71.000000	9.674008e+04	1.614741e-04
	34	11	-18.500000	70.750000	9.652515e+04	3.753134e-04
	222	28	28.500000	66.500000	9.703004e+04	1.099190e-04
	6	35	-25.500000	64.750000	9.533775e+04	1.837916e-04
	36	35	-18.000000	64.750000	9.535924e+04	1.475408e-05
	164	162	14.000000	33.000000	1.013918e+05	3.248326e-05
2022	2	18	6	6
	245	28	34.250000	66.500000	9.688428e+04	9.214213e-05
	37	34	-17.750000	65.000000	9.610838e+04	6.271090e-05
	2	35	-26.500000	64.750000	9.604429e+04	1.604444e-04
	288	40	45.000000	63.500000	9.788859e+04	1.262902e-04
	148	156	10.000000	34.500000	1.012054e+05	1.841026e-04
	160	161	13.000000	33.250000	1.012054e+05	4.398896e-05
2022	2	18	2	12
	73	27	-8.750000	66.750000	9.689659e+04	1.508115e-04
	288	43	45.000000	62.750000	9.704782e+04	9.138823e-05
2022	2	18	7	18
	98	5	-2.500000	72.250000	9.711855e+04	1.673284e-04
	244	14	34.000000	70.000000	9.714044e+04	1.034917e-04
	90	21	-4.500000	68.250000	9.691066e+04	2.038077e-04
	288	34	45.000000	65.000000	9.741008e+04	8.337828e-05
	0	52	-27.000000	60.500000	9.670941e+04	1.191282e-04
	288	161	45.000000	33.250000	1.016194e+05	5.916827e-05
	83	162	-6.250000	33.000000	1.019332e+05	-3.007864e-05
2022	2	19	4	0
	108	2	0.000000	73.000000	9.722837e+04	1.772192e-04
	108	17	0.000000	69.250000	9.701187e+04	3.860473e-04
	266	18	39.500000	69.000000	9.748823e+04	8.435445e-05
	5	48	-25.750000	61.500000	9.546691e+04	4.149894e-04
2022	2	19	8	6
	103	4	-1.250000	72.500000	9.728952e+04	2.723738e-04
	123	12	3.750000	70.500000	9.728952e+04	2.178907e-04
	269	20	40.250000	68.500000	9.789934e+04	6.826477e-05
	288	34	45.000000	65.000000	9.798453e+04	4.877009e-05
	57	35	-12.750000	64.750000	9.636825e+04	3.281251e-04
	16	41	-23.000000	63.250000	9.482993e+04	5.327265e-04
	0	45	-27.000000	62.250000	9.551614e+04	1.696091e-04
	0	46	-27.000000	62.000000	9.551614e+04	1.657672e-04
2022	2	19	5	12
	97	25	-2.750000	67.250000	9.626020e+04	2.415233e-04
	61	30	-11.750000	66.000000	9.566034e+04	5.667749e-04
	18	42	-22.500000	63.000000	9.520020e+04	3.620122e-04
	0	43	-27.000000	62.750000	9.661347e+04	1.086357e-04
	115	125	1.750000	42.250000	1.028134e+05	-3.072329e-05
2022	2	19	6	18
	118	17	2.500000	69.250000	9.647786e+04	2.668548e-04
	78	28	-7.500000	66.500000	9.607809e+04	4.042161e-04
	28	43	-20.000000	62.750000	9.597590e+04	4.018122e-04
	0	47	-27.000000	61.750000	9.793763e+04	8.813569e-05
	2	78	-26.500000	54.000000	9.990465e+04	1.738704e-04
	187	162	19.750000	33.000000	1.012359e+05	8.666229e-05
2022	2	20	7	0
	141	0	8.250000	73.500000	9.630142e+04	-4.961832e-05
	179	3	17.750000	72.750000	9.633191e+04	3.752616e-04
	141	11	8.250000	70.750000	9.630142e+04	3.805552e-04
	105	24	-0.750000	67.500000	9.658962e+04	3.582011e-04
	41	44	-16.750000	62.500000	9.672210e+04	4.319393e-04
	21	75	-21.750000	54.750000	9.927353e+04	3.447906e-04
	140	107	8.000000	46.750000	1.028472e+05	-3.642082e-05
