2022	2	14	7	0
	2	6	-26.500000	72.000000	9.975438e+04	-8.300274e-06
	217	9	27.250000	71.250000	9.837970e+04	1.175004e-04
	192	12	21.000000	70.500000	9.837970e+04	1.162326e-04
	1	17	-26.750000	69.250000	9.975438e+04	3.365551e-06
	219	23	27.750000	67.750000	9.842593e+04	1.150828e-04
	113	62	1.250000	58.000000	9.843928e+04	8.052555e-05
	106	71	-0.500000	55.750000	9.843928e+04	8.652232e-05
2022	2	14	3	3
	210	9	25.500000	71.250000	9.808303e+04	2.078645e-04
	232	20	31.000000	68.500000	9.816503e+04	7.276821e-05
	108	70	0.000000	56.000000	9.840812e+04	1.169806e-04
2022	2	14	2	6
	217	8	27.250000	71.500000	9.802055e+04	2.242595e-04
	114	68	1.500000	56.500000	9.845691e+04	8.329844e-05
2022	2	14	5	9
	62	3	-11.500000	72.750000	1.001647e+05	6.027694e-05
	222	8	28.500000	71.500000	9.809005e+04	2.000177e-04
	0	53	-27.000000	60.250000	9.804520e+04	1.168211e-04
	127	67	4.750000	56.750000	9.853549e+04	1.541528e-04
	111	70	0.750000	56.000000	9.853549e+04	1.717621e-04
2022	2	14	4	12
	237	7	32.250000	71.750000	9.807173e+04	1.232896e-04
	1	49	-26.750000	61.250000	9.763690e+04	1.709020e-04
	134	63	6.500000	57.750000	9.846616e+04	1.966647e-04
	120	67	3.000000	56.750000	9.846616e+04	9.644397e-05
2022	2	14	6	15
	6	7	-25.500000	71.750000	9.980642e+04	4.387624e-05
	231	7	30.750000	71.750000	9.815938e+04	1.189097e-04
	243	14	33.750000	70.000000	9.815938e+04	1.702227e-04
	0	44	-27.000000	62.500000	9.722279e+04	1.340872e-04
	136	61	7.000000	58.250000	9.856528e+04	1.807520e-04
	137	61	7.250000	58.250000	9.856528e+04	1.821350e-04
2022	2	14	7	18
	6	7	-25.500000	71.750000	9.975370e+04	3.304342e-05
	232	8	31.000000	71.500000	9.821656e+04	8.777548e-05
	250	14	35.500000	70.000000	9.821656e+04	1.699167e-04
	251	14	35.750000	70.000000	9.821656e+04	1.675766e-04
	27	39	-20.250000	63.750000	9.698038e+04	-8.296288e-05
	0	41	-27.000000	63.250000	9.697130e+04	1.431349e-04
	133	61	6.250000	58.250000	9.881659e+04	1.602702e-04
2022	2	14	8	21
	6	7	-25.500000	71.750000	9.966912e+04	3.251307e-05
	257	13	37.250000	70.250000	9.821810e+04	1.738678e-04
	0	37	-27.000000	64.250000	9.680782e+04	1.782112e-04
	28	38	-20.000000	64.000000	9.682973e+04	-7.101214e-05
	126	53	4.500000	60.250000	9.882138e+04	9.058208e-05
	150	54	10.500000	60.000000	9.882138e+04	2.886477e-04
	136	61	7.000000	58.250000	9.882138e+04	1.654031e-04
	139	121	7.750000	43.250000	1.011493e+05	1.323139e-04
2022	2	15	9	0
	247	6	34.750000	72.000000	9.826398e+04	8.310548e-05
	6	7	-25.500000	71.750000	9.964071e+04	4.643076e-05
	262	13	38.500000	70.250000	9.826398e+04	1.900509e-04
	17	39	-22.750000	63.750000	9.731762e+04	2.201967e-04
	125	52	4.250000	60.500000	9.879912e+04	1.128266e-04
	152	52	11.000000	60.500000	9.882634e+04	2.851601e-04
	140	60	8.000000	58.500000	9.879912e+04	1.849944e-04
	141	60	8.250000	58.500000	9.879912e+04	1.785561e-04
	140	120	8.000000	43.500000	1.011758e+05	1.046528e-04
2022	2	15	9	3
	240	9	33.000000	71.250000	9.832509e+04	1.579473e-04
	265	13	39.250000	70.250000	9.832509e+04	1.940099e-04
	7	34	-25.250000	65.000000	9.730256e+04	1.385524e-04
	28	38	-20.000000	64.000000	9.730256e+04	1.397013e-04
	152	50	11.000000	61.000000	9.874092e+04	2.948450e-04
	125	51	4.250000	60.750000	9.871678e+04	1.019783e-04
	145	59	9.250000	58.750000	9.871747e+04	1.768643e-04
	171	103	15.750000	47.750000	1.010501e+05	6.492864e-05
	146	118	9.500000	44.000000	1.010897e+05	1.175443e-04
2022	2	15	7	6
	271	13	40.750000	70.250000	9.840059e+04	1.966046e-04
	37	40	-17.750000	63.500000	9.763536e+04	2.226998e-04
	125	48	4.250000	61.500000	9.865566e+04	1.102582e-04
	155	48	11.750000	61.500000	9.867330e+04	2.471409e-04
	150	57	10.500000	59.250000	9.867330e+04	1.959954e-04
	0	89	-27.000000	51.250000	9.948081e+04	1.372497e-04
	146	117	9.500000	44.250000	1.011482e+05	9.627525e-05
2022	2	15	8	9
	275	13	41.750000	70.250000	9.853617e+04	1.889067e-04
	32	35	-19.000000	64.750000	9.749670e+04	1.816458e-04
	0	36	-27.000000	64.500000	9.743627e+04	-1.260259e-05
	59	44	-12.250000	62.500000	9.761002e+04	2.997200e-04
	124	47	4.000000	61.750000	9.857623e+04	1.481870e-04
	158	47	12.500000	61.750000	9.862588e+04	2.235675e-04
	0	85	-27.000000	52.250000	9.901945e+04	9.987024e-05
	158	113	12.500000	45.250000	1.012328e+05	1.116565e-04
2022	2	15	5	12
	279	13	42.750000	70.250000	9.868203e+04	2.216162e-04
	0	32	-27.000000	65.500000	9.761242e+04	9.048038e-06
	4	82	-26.000000	53.000000	9.882463e+04	1.784946e-04
	161	111	13.250000	45.750000	1.012383e+05	1.002591e-04
	155	162	11.750000	33.000000	1.016180e+05	8.648514e-05
2022	2	15	7	15
	284	13	44.000000	70.250000	9.876695e+04	2.284447e-04
	0	29	-27.000000	66.250000	9.758092e+04	8.935512e-05
	41	35	-16.750000	64.750000	9.792912e+04	2.409557e-04
	0	42	-27.000000	63.000000	9.756517e+04	6.741285e-06
	9	79	-24.750000	53.750000	9.857076e+04	2.074059e-04
	149	155	10.250000	34.750000	1.014966e+05	1.641181e-05
	162	162	13.500000	33.000000	1.014879e+05	-4.019219e-05
2022	2	15	3	18
	128	45	5.000000	62.250000	9.835352e+04	7.039765e-05
	117	55	2.250000	59.750000	9.835352e+04	1.181745e-04
	163	162	13.750000	33.000000	1.015235e+05	-2.354738e-05
2022	2	15	4	21
	139	37	7.750000	64.250000	9.836687e+04	1.803393e-04
	122	55	3.500000	59.750000	9.834016e+04	1.521764e-04
	165	148	14.250000	36.500000	1.016671e+05	7.669716e-05
	165	158	14.250000	34.000000	1.016671e+05	3.060123e-05
2022	2	16	4	0
	236	14	32.000000	70.000000	9.943853e+04	3.280747e-05
	139	37	7.750000	64.250000	9.830455e+04	1.624956e-04
	0	62	-27.000000	58.000000	9.617783e+04	1.466694e-04
	165	158	14.250000	34.000000	1.016108e+05	9.110462e-05
2022	2	16	5	3
	139	36	7.750000	64.500000	9.827494e+04	1.511015e-04
	140	36	8.000000	64.500000	9.827494e+04	1.502270e-04
	1	59	-26.750000	58.750000	9.550984e+04	2.847640e-04
	280	121	43.000000	43.250000	1.021817e+05	-1.243454e-06
	169	156	15.250000	34.500000	1.014408e+05	1.072770e-04
2022	2	16	6	6
	139	35	7.750000	64.750000	9.827100e+04	1.734773e-04
	146	44	9.500000	62.500000	9.827100e+04	-4.027885e-05
	9	52	-24.750000	60.500000	9.522070e+04	3.828037e-04
	137	116	7.250000	44.500000	1.014494e+05	8.076717e-05
	280	121	43.000000	43.250000	1.022360e+05	-1.190015e-05
	172	154	16.000000	35.000000	1.014083e+05	1.209614e-04
2022	2	16	6	9
	138	33	7.500000	65.250000	9.818883e+04	1.973920e-04
	8	51	-25.000000	60.750000	9.539223e+04	4.099953e-04
	24	58	-21.000000	59.000000	9.539223e+04	2.731023e-04
	137	117	7.250000	44.250000	1.015702e+05	1.052175e-04
	178	139	17.500000	38.750000	1.014482e+05	8.977587e-05
	175	152	16.750000	35.500000	1.014125e+05	1.200611e-04
2022	2	16	5	12
	134	32	6.500000	65.500000	9.801233e+04	1.782781e-04
	29	49	-19.750000	61.250000	9.535251e+04	3.173230e-04
	137	117	7.250000	44.250000	1.015445e+05	1.101131e-04
	168	144	15.000000	37.500000	1.012160e+05	5.892612e-05
	178	150	17.500000	36.000000	1.012160e+05	1.223042e-04
2022	2	16	4	15
	0	44	-27.000000	62.500000	9.691224e+04	4.711304e-05
	25	48	-20.750000	61.500000	9.529345e+04	3.749611e-04
	85	52	-5.750000	60.500000	9.572383e+04	3.408970e-04
	179	147	17.750000	36.750000	1.010683e+05	1.592291e-04
2022	2	16	7	18
	58	48	-12.500000	61.500000	9.569216e+04	2.524614e-04
	87	49	-5.250000	61.250000	9.540284e+04	3.502783e-04
	24	50	-21.000000	61.000000	9.552867e+04	4.309165e-04
	147	108	9.750000	46.500000	1.009012e+05	-5.898238e-05
	278	120	42.500000	43.500000	1.020484e+05	-2.828558e-05
	175	138	16.750000	39.000000	1.009909e+05	5.948913e-05
	181	145	18.250000	37.250000	1.009909e+05	1.809891e-04
2022	2	16	4	21
	85	47	-5.750000	61.750000	9.516762e+04	3.834283e-04
	137	117	7.250000	44.250000	1.014572e+05	3.245555e-05
	281	121	43.250000	43.250000	1.019914e+05	-2.277639e-05
	180	143	18.000000	37.750000	1.010363e+05	2.022533e-04
2022	2	17	6	0
	288	11	45.000000	70.750000	9.929524e+04	6.802855e-05
	82	47	-6.500000	61.750000	9.514862e+04	3.864536e-04
	149	58	10.250000	59.000000	9.650652e+04	2.564981e-04
	137	117	7.250000	44.250000	1.013679e+05	3.095079e-05
	281	121	43.250000	43.250000	1.020030e+05	-1.107402e-05
	177	148	17.250000	36.500000	1.009426e+05	1.979769e-04
2022	2	17	4	3
	288	10	45.000000	71.000000	9.925929e+04	9.969150e-05
	84	49	-6.000000	61.250000	9.529465e+04	4.113951e-04
	158	57	12.500000	59.250000	9.632830e+04	2.624662e-04
	177	149	17.250000	36.250000	1.007795e+05	2.147990e-04
2022	2	17	7	6
	126	45	4.500000	62.250000	9.575773e+04	1.649592e-04
	91	50	-4.250000	61.000000	9.544923e+04	3.847393e-04
	166	57	14.500000	59.250000	9.621430e+04	2.665791e-04
	185	61	19.250000	58.250000	9.621430e+04	2.527690e-04
	3	106	-26.250000	47.000000	1.005273e+05	1.567998e-04
	281	121	43.250000	43.250000	1.018248e+05	-1.941945e-05
	177	150	17.250000	36.000000	1.008450e+05	2.309887e-04
2022	2	17	7	9
	131	40	5.750000	63.500000	9.593388e+04	1.370156e-04
	103	52	-1.250000	60.500000	9.561546e+04	3.975364e-04
	176	57	17.000000	59.250000	9.619221e+04	2.325160e-04
	192	58	21.000000	59.000000	9.619221e+04	2.358487e-04
	14	99	-23.500000	48.750000	9.986548e+04	3.016320e-04
	137	117	7.250000	44.250000	1.014011e+05	8.913546e-05
	175	152	16.750000	35.500000	1.009474e+05	2.354277e-04
2022	2	17	6	12
	135	39	6.750000	63.750000	9.614359e+04	1.200396e-04
	142	47	8.500000	61.750000	9.608025e+04	-6.687833e-05
	115	52	1.750000	60.500000	9.586198e+04	3.597067e-04
	196	56	22.000000	59.500000	9.598335e+04	2.551983e-04
	22	94	-21.500000	50.000000	9.907081e+04	3.964100e-04
	176	156	17.000000	34.500000	1.008171e+05	2.776873e-04
2022	2	17	5	15
	138	38	7.500000	64.000000	9.657055e+04	1.369354e-04
	126	53	4.500000	60.250000	9.623877e+04	3.286217e-04
	198	56	22.500000	59.500000	9.595357e+04	2.821142e-04
	28	90	-20.000000	51.000000	9.781545e+04	5.066126e-04
	176	158	17.000000	34.000000	1.007910e+05	2.525556e-04
2022	2	17	4	18
	140	38	8.000000	64.000000	9.679891e+04	1.294535e-04
	202	57	23.500000	59.250000	9.608573e+04	2.533690e-04
	39	88	-17.250000	51.500000	9.701377e+04	6.177899e-04
	175	161	16.750000	33.250000	1.009300e+05	1.633787e-04
2022	2	17	3	21
	147	35	9.750000	64.750000	9.706016e+04	1.019261e-04
	216	56	27.000000	59.500000	9.639747e+04	1.378719e-04
	50	84	-14.500000	52.500000	9.655103e+04	6.969075e-04
2022	2	18	4	0
	149	35	10.250000	64.750000	9.723700e+04	1.317733e-04
	222	56	28.500000	59.500000	9.658270e+04	8.330998e-05
	77	78	-7.750000	54.000000	9.625606e+04	1.699291e-04
	59	82	-12.250000	53.000000	9.625606e+04	6.973045e-04
2022	2	18	6	3
	132	24	6.000000	67.500000	9.729983e+04	5.079608e-05
	288	47	45.000000	61.750000	9.798477e+04	-4.132868e-06
	0	53	-27.000000	60.250000	9.853601e+04	7.151599e-05
	235	53	31.750000	60.250000	9.673301e+04	7.482965e-05
	236	53	32.000000	60.250000	9.673301e+04	7.916955e-05
	70	80	-9.500000	53.500000	9.645225e+04	6.105673e-04
2022	2	18	6	6
	128	23	5.000000	67.750000	9.718324e+04	9.094698e-05
	288	43	45.000000	62.750000	9.767902e+04	7.761177e-05
	252	47	36.000000	61.750000	9.684805e+04	9.908982e-05
	0	51	-27.000000	60.750000	9.829634e+04	2.528057e-05
	98	70	-2.500000	56.000000	9.675030e+04	1.702372e-04
	89	79	-4.750000	53.750000	9.675030e+04	3.173726e-04
2022	2	18	3	9
	108	23	0.000000	67.750000	9.705485e+04	1.231147e-04
	259	44	37.750000	62.500000	9.696138e+04	9.991908e-05
	103	74	-1.250000	55.000000	9.683675e+04	3.257789e-04
2022	2	18	5	12
	104	25	-1.000000	67.250000	9.691498e+04	1.070905e-04
	268	39	40.000000	63.750000	9.701650e+04	1.329881e-04
	58	48	-12.500000	61.500000	9.760677e+04	2.654597e-04
	130	62	5.500000	58.000000	9.653802e+04	2.395530e-04
	114	70	1.500000	56.000000	9.653802e+04	2.334655e-04
2022	2	18	6	15
	103	27	-1.250000	66.750000	9.679601e+04	1.228224e-04
	273	36	41.250000	64.500000	9.711254e+04	1.230134e-04
	62	49	-11.500000	61.250000	9.748711e+04	2.949730e-04
	133	61	6.250000	58.250000	9.628328e+04	2.326403e-04
	108	125	0.000000	42.250000	1.015861e+05	3.405441e-05
	252	134	36.000000	40.000000	1.009945e+05	-2.254724e-05
2022	2	18	6	18
	103	28	-1.250000	66.500000	9.673489e+04	1.125650e-04
	104	28	-1.000000	66.500000	9.673489e+04	1.116224e-04
	66	51	-10.500000	60.750000	9.749823e+04	3.017767e-04
	139	63	7.750000	57.750000	9.639405e+04	2.972281e-04
	15	66	-23.250000	57.000000	9.806026e+04	1.551987e-04
	274	101	41.500000	48.250000	1.003953e+05	2.236780e-04
2022	2	18	10	21
	104	29	-1.000000	66.250000	9.674379e+04	1.615190e-04
	73	53	-8.750000	60.250000	9.751279e+04	3.422883e-04
	157	58	12.250000	59.000000	9.663269e+04	8.956812e-05
	158	58	12.500000	59.000000	9.663269e+04	8.675355e-05
	181	58	18.250000	59.000000	9.663269e+04	1.771266e-04
	158	59	12.500000	58.750000	9.663269e+04	6.218963e-05
	31	68	-19.250000	56.500000	9.798870e+04	1.621483e-04
	278	101	42.500000	48.250000	1.005266e+05	2.273066e-04
	138	118	7.500000	44.000000	1.013718e+05	1.373313e-04
	271	159	40.750000	33.750000	1.013288e+05	9.040555e-05
2022	2	19	5	0
	106	28	-0.500000	66.500000	9.681672e+04	1.914522e-04
	84	54	-6.000000	60.000000	9.764392e+04	3.216660e-04
	185	56	19.250000	59.500000	9.663799e+04	1.605959e-04
	48	70	-15.000000	56.000000	9.765162e+04	2.209936e-04
	138	118	7.500000	44.000000	1.013276e+05	1.350520e-04
2022	2	19	8	3
	104	28	-1.000000	66.500000	9.692098e+04	1.897093e-04
	0	53	-27.000000	60.250000	9.924594e+04	-2.217292e-05
	97	55	-2.750000	59.750000	9.778892e+04	2.231223e-04
	188	55	20.000000	59.750000	9.660820e+04	1.801841e-04
	48	69	-15.000000	56.250000	9.731574e+04	2.237015e-04
	63	70	-11.250000	56.000000	9.731574e+04	2.863399e-04
	138	118	7.500000	44.000000	1.013706e+05	1.502147e-04
	249	151	35.250000	35.750000	1.012684e+05	1.164308e-04
2022	2	19	6	6
	100	29	-2.000000	66.250000	9.705348e+04	1.495762e-04
	190	55	20.500000	59.750000	9.677375e+04	2.694524e-04
	67	68	-10.250000	56.500000	9.700880e+04	2.827585e-04
	147	111	9.750000	45.750000	1.015148e+05	2.699530e-05
	136	116	7.000000	44.500000	1.015148e+05	6.414236e-05
	249	152	35.250000	35.500000	1.013785e+05	1.523651e-04
2022	2	19	8	9
	96	30	-3.000000	66.000000	9.730308e+04	1.540060e-04
	205	56	24.250000	59.500000	9.700538e+04	1.216538e-04
	206	56	24.500000	59.500000	9.700538e+04	1.182307e-04
	68	69	-10.000000	56.250000	9.718238e+04	2.869972e-04
	92	71	-4.000000	55.750000	9.722621e+04	2.739604e-04
	135	117	6.750000	44.250000	1.016291e+05	9.266657e-05
	116	124	2.000000	42.500000	1.020523e+05	1.874199e-05
	265	162	39.250000	33.000000	1.015259e+05	-4.028538e-05
2022	2	19	8	12
	128	23	5.000000	67.750000	9.758503e+04	1.541787e-04
	95	32	-3.250000	65.500000	9.752854e+04	1.646922e-04
	213	56	26.250000	59.500000	9.719951e+04	1.235409e-04
	81	68	-6.750000	56.500000	9.754942e+04	2.597172e-04
	71	74	-9.250000	55.000000	9.754942e+04	3.182315e-04
	134	114	6.500000	45.000000	1.015130e+05	-1.216743e-05
	115	123	1.750000	42.750000	1.019508e+05	8.458303e-06
	257	162	37.250000	33.000000	1.013686e+05	-9.084123e-06
2022	2	19	7	15
	123	24	3.750000	67.500000	9.769323e+04	1.684590e-04
	94	34	-3.500000	65.000000	9.772181e+04	1.670992e-04
	229	55	30.250000	59.750000	9.741983e+04	2.624714e-05
	101	62	-1.750000	58.000000	9.747170e+04	2.736982e-04
	85	71	-5.750000	55.750000	9.748951e+04	2.723548e-04
	139	108	7.750000	46.500000	1.009125e+05	-6.350815e-05
	259	162	37.750000	33.000000	1.014591e+05	-3.291061e-06
2022	2	19	5	18
	119	25	2.750000	67.250000	9.780998e+04	1.906951e-04
	241	51	33.250000	60.750000	9.754429e+04	5.740147e-05
	0	57	-27.000000	59.250000	9.918482e+04	2.039875e-05
	108	61	0.000000	58.250000	9.743917e+04	2.594386e-04
	0	70	-27.000000	56.000000	9.914494e+04	1.126627e-04
2022	2	19	6	21
	115	26	1.750000	67.000000	9.789523e+04	1.726180e-04
	115	27	1.750000	66.750000	9.789523e+04	1.617530e-04
	251	49	35.750000	61.250000	9.766002e+04	7.531461e-05
	115	57	1.750000	59.250000	9.742411e+04	2.907307e-04
	0	66	-27.000000	57.000000	9.824601e+04	1.365955e-04
	154	103	11.500000	47.750000	1.004070e+05	-1.054507e-05
2022	2	20	3	0
	259	48	37.750000	61.500000	9.781426e+04	8.572947e-05
	118	55	2.500000	59.750000	9.737138e+04	3.448685e-04
	0	62	-27.000000	58.000000	9.757356e+04	1.164556e-04
