2022	2	10	8	0
	167	10	14.750000	71.000000	9.655733e+04	9.138003e-05
	168	10	15.000000	71.000000	9.657714e+04	1.087568e-04
	146	22	9.500000	68.000000	9.633059e+04	5.187267e-04
	59	57	-12.250000	59.250000	9.856979e+04	5.029548e-04
	152	106	11.000000	47.000000	1.022540e+05	-3.944182e-05
	139	110	7.750000	46.000000	1.022540e+05	-7.791866e-05
	248	157	35.000000	34.250000	1.007424e+05	1.522065e-04
	277	162	42.250000	33.000000	1.008189e+05	1.123656e-04
2022	2	10	8	6
	176	5	17.000000	72.250000	9.706160e+04	1.943388e-04
	8	6	-25.000000	72.000000	1.003129e+05	-1.582046e-05
	163	23	13.750000	67.750000	9.657609e+04	4.513024e-04
	2	25	-26.500000	67.250000	1.002497e+05	8.844389e-05
	78	59	-7.500000	58.750000	9.899504e+04	4.781280e-04
	158	106	12.500000	47.000000	1.022095e+05	-2.945605e-05
	261	151	38.250000	35.750000	1.010041e+05	1.659048e-05
	250	152	35.500000	35.500000	1.010041e+05	9.958417e-05
2022	2	10	7	12
	175	4	16.750000	72.500000	9.708184e+04	2.524866e-04
	206	8	24.500000	71.500000	9.708184e+04	2.641746e-05
	187	28	19.750000	66.500000	9.746684e+04	2.116875e-04
	93	62	-3.750000	58.000000	9.987799e+04	3.752913e-04
	137	117	7.250000	44.250000	1.022441e+05	1.189366e-04
	284	139	44.000000	38.750000	1.009965e+05	2.438999e-05
	270	152	40.500000	35.500000	1.010688e+05	6.096761e-05
2022	2	10	5	18
	183	5	18.750000	72.250000	9.723545e+04	2.244793e-04
	40	20	-17.000000	68.500000	9.993805e+04	1.583255e-04
	207	30	24.750000	66.000000	9.790030e+04	2.255791e-04
	110	67	0.500000	56.750000	1.004398e+05	3.237467e-04
	89	157	-4.750000	34.250000	1.021282e+05	-2.276193e-05
2022	2	11	7	0
	194	6	21.500000	72.000000	9.740573e+04	2.875801e-04
	195	6	21.750000	72.000000	9.740573e+04	2.831780e-04
	55	9	-13.250000	71.250000	9.965630e+04	5.988391e-05
	58	17	-12.500000	69.250000	9.965630e+04	1.741074e-04
	124	73	4.000000	55.250000	1.008252e+05	3.423294e-04
	0	75	-27.000000	54.750000	9.993152e+04	1.672562e-04
	136	115	7.000000	44.750000	1.022548e+05	5.992981e-05
2022	2	11	3	6
	208	8	25.000000	71.500000	9.769210e+04	2.700422e-04
	71	15	-9.250000	69.750000	9.941923e+04	1.781429e-04
	4	64	-26.000000	57.500000	9.933748e+04	1.667734e-04
2022	2	11	8	12
	217	9	27.250000	71.250000	9.799176e+04	2.792426e-04
	82	16	-6.500000	69.500000	9.928901e+04	2.200520e-04
	109	18	0.250000	69.000000	9.928901e+04	1.190894e-04
	0	59	-27.000000	58.750000	9.892066e+04	1.054286e-04
	28	63	-20.000000	57.750000	9.911410e+04	1.350062e-04
	29	63	-19.750000	57.750000	9.914972e+04	1.520133e-04
	1	70	-26.750000	56.000000	9.892066e+04	9.024938e-05
	135	119	6.750000	43.750000	1.020498e+05	8.845146e-05
2022	2	11	7	18
	229	11	30.250000	70.750000	9.821113e+04	2.618643e-04
	124	18	4.000000	69.000000	9.927616e+04	1.198293e-04
	125	18	4.250000	69.000000	9.927616e+04	1.176709e-04
	27	56	-20.250000	59.500000	9.872868e+04	1.742122e-04
	0	61	-27.000000	58.250000	9.884373e+04	8.689003e-05
	21	65	-21.750000	57.250000	9.872868e+04	1.217594e-04
	135	123	6.750000	42.750000	1.022133e+05	7.132500e-05
2022	2	12	5	0
	216	5	27.000000	72.250000	9.827540e+04	1.802807e-04
	241	12	33.250000	70.500000	9.827540e+04	2.189103e-04
	147	19	9.750000	68.750000	9.914508e+04	1.602760e-04
	20	57	-22.000000	59.250000	9.843998e+04	2.569526e-04
	228	90	30.000000	51.000000	1.012699e+05	1.402774e-04
2022	2	12	6	6
	217	4	27.250000	72.500000	9.832893e+04	1.902521e-04
	247	13	34.750000	70.250000	9.831059e+04	2.478234e-04
	27	54	-20.250000	60.000000	9.840289e+04	1.528252e-04
	42	57	-16.500000	59.250000	9.840289e+04	1.895074e-04
	24	62	-21.000000	58.000000	9.840289e+04	2.050193e-04
	244	91	34.000000	50.750000	1.011462e+05	1.828348e-04
2022	2	12	4	12
	226	7	29.500000	71.750000	9.844103e+04	1.173990e-04
	257	13	37.250000	70.250000	9.844103e+04	2.592615e-04
	51	56	-14.250000	59.500000	9.847981e+04	1.562932e-04
	259	94	37.750000	50.000000	1.010574e+05	1.616278e-04
2022	2	12	7	18
	224	3	29.000000	72.750000	9.865429e+04	9.091494e-05
	264	10	39.000000	71.000000	9.850173e+04	2.093327e-04
	79	49	-7.250000	61.250000	9.860583e+04	9.454729e-05
	80	49	-7.000000	61.250000	9.861615e+04	9.330364e-05
	55	58	-13.250000	59.000000	9.853355e+04	1.651620e-04
	281	93	43.250000	50.250000	1.009245e+05	1.483371e-04
	12	101	-24.000000	48.250000	1.002274e+05	1.482761e-04
2022	2	13	6	0
	215	0	26.750000	73.500000	9.889769e+04	3.774898e-06
	272	7	41.000000	71.750000	9.863744e+04	2.401489e-04
	84	49	-6.000000	61.250000	9.853966e+04	1.388489e-04
	288	96	45.000000	49.500000	1.008282e+05	8.629561e-05
	29	98	-19.750000	49.000000	9.951870e+04	1.861825e-04
	17	102	-22.750000	48.000000	9.951870e+04	1.171844e-04
2022	2	13	8	6
	215	0	26.750000	73.500000	9.884563e+04	4.674420e-05
	246	0	34.500000	73.500000	9.866799e+04	-1.528527e-06
	274	2	41.500000	73.000000	9.866799e+04	2.198047e-04
	37	36	-17.750000	64.500000	1.001064e+05	6.008313e-05
	103	48	-1.250000	61.500000	9.835359e+04	1.055915e-04
	67	97	-10.250000	49.250000	9.899209e+04	2.445579e-04
	43	98	-16.250000	49.000000	9.898534e+04	2.154426e-04
	286	129	44.500000	41.250000	1.019172e+05	-2.182366e-05
2022	2	13	7	12
	222	4	28.500000	72.500000	9.889769e+04	1.375141e-04
	142	34	8.500000	65.000000	9.819301e+04	1.204071e-04
	38	36	-17.500000	64.500000	1.004141e+05	5.354633e-05
	124	46	4.000000	62.000000	9.827835e+04	1.739826e-04
	81	92	-6.750000	50.500000	9.852954e+04	2.315259e-04
	65	97	-10.750000	49.250000	9.852954e+04	1.267025e-04
	268	120	40.000000	43.500000	1.026310e+05	1.121644e-04
2022	2	13	5	18
	149	31	10.250000	65.750000	9.785879e+04	1.791020e-04
	6	35	-25.500000	64.750000	1.003859e+05	9.139560e-05
	40	36	-17.000000	64.500000	1.005072e+05	1.436557e-05
	146	43	9.500000	62.750000	9.789777e+04	2.915942e-05
	90	90	-4.500000	51.000000	9.828025e+04	2.491435e-04
2022	2	14	3	0
	153	30	11.250000	66.000000	9.784488e+04	1.746738e-04
	134	35	6.500000	64.750000	9.784488e+04	2.197792e-04
	101	92	-1.750000	50.500000	9.826971e+04	2.508194e-04
2022	2	14	5	6
	184	9	19.000000	71.250000	9.848508e+04	1.701507e-04
	149	32	10.250000	65.500000	9.795256e+04	2.440940e-04
	165	44	14.250000	62.500000	9.801073e+04	9.747044e-05
	123	85	3.750000	52.250000	9.826423e+04	1.670234e-04
	122	86	3.500000	52.000000	9.826423e+04	1.640721e-04
2022	2	14	4	12
	185	0	19.250000	73.500000	9.850889e+04	5.215746e-05
	184	11	19.000000	70.750000	9.850889e+04	6.371926e-05
	185	11	19.250000	70.750000	9.850889e+04	6.087261e-05
	176	45	17.000000	62.250000	9.824632e+04	7.866442e-05
2022	2	14	4	18
	223	0	28.750000	73.500000	9.837740e+04	5.361182e-05
	176	3	17.000000	72.750000	9.846927e+04	1.647469e-04
	0	48	-27.000000	61.500000	9.753048e+04	1.120342e-04
	140	119	8.000000	43.750000	1.008065e+05	1.308892e-04
2022	2	15	3	0
	222	0	28.500000	73.500000	9.851880e+04	-8.233136e-06
	31	50	-19.250000	61.000000	9.747948e+04	1.772453e-04
	280	121	43.000000	43.250000	1.019775e+05	2.457748e-06
2022	2	15	4	6
	0	48	-27.000000	61.500000	9.726116e+04	1.039748e-04
	33	51	-18.750000	60.750000	9.695940e+04	2.214230e-04
	162	114	13.500000	45.000000	1.011314e+05	1.282051e-04
	281	121	43.250000	43.250000	1.020466e+05	-3.655281e-06
2022	2	15	7	12
	215	30	26.750000	66.000000	9.825580e+04	7.688753e-05
	288	39	45.000000	63.750000	9.930860e+04	9.645047e-06
	215	40	26.750000	63.500000	9.825580e+04	5.229309e-06
	0	47	-27.000000	61.750000	9.707846e+04	1.216607e-04
	36	48	-18.000000	61.500000	9.658367e+04	3.161357e-04
	23	110	-21.250000	46.000000	9.951617e+04	2.318664e-04
	173	121	16.250000	43.250000	1.012482e+05	8.604382e-05
2022	2	15	5	18
	230	34	30.500000	65.000000	9.828067e+04	2.068147e-05
	41	49	-16.750000	61.250000	9.647198e+04	3.033766e-04
	22	51	-21.500000	60.750000	9.647198e+04	2.951346e-04
	53	106	-13.750000	47.000000	9.853270e+04	3.008825e-04
	178	126	17.500000	42.000000	1.014165e+05	7.898296e-05
2022	2	16	6	0
	253	37	36.250000	64.250000	9.814348e+04	1.200948e-04
	115	46	1.750000	62.000000	9.708268e+04	2.390623e-04
	21	57	-21.750000	59.250000	9.665069e+04	2.775978e-04
	93	81	-3.750000	53.250000	9.729383e+04	2.788650e-04
	86	97	-5.500000	49.250000	9.740088e+04	3.244669e-04
	281	121	43.250000	43.250000	1.020614e+05	-4.067330e-05
2022	2	16	7	6
	266	32	39.500000	65.500000	9.822188e+04	1.002959e-04
	106	44	-0.500000	62.500000	9.694149e+04	2.637406e-04
	26	60	-20.500000	58.500000	9.734524e+04	2.081227e-04
	108	74	0.000000	55.000000	9.608466e+04	4.667964e-04
	112	83	1.000000	52.750000	9.608466e+04	3.638838e-04
	178	125	17.500000	42.250000	1.014252e+05	1.156544e-04
	278	127	42.500000	41.750000	1.022000e+05	1.788583e-05
2022	2	16	4	12
	267	20	39.750000	68.500000	9.867979e+04	3.137768e-05
	93	49	-3.750000	61.250000	9.664731e+04	3.117605e-04
	44	68	-16.000000	56.500000	9.808090e+04	2.518638e-04
	121	70	3.250000	56.000000	9.536650e+04	4.543290e-04
2022	2	16	5	18
	6	14	-25.500000	70.000000	1.002912e+05	9.009626e-06
	271	16	40.750000	69.500000	9.908376e+04	3.959380e-05
	128	61	5.000000	58.250000	9.504852e+04	4.122196e-04
	0	91	-27.000000	50.750000	9.649622e+04	1.571345e-04
	150	116	10.500000	44.500000	9.960299e+04	1.416918e-04
2022	2	17	4	0
	9	6	-24.750000	72.000000	1.002670e+05	-1.548208e-05
	126	53	4.500000	60.250000	9.539284e+04	2.187155e-04
	0	90	-27.000000	51.000000	9.590428e+04	8.161016e-05
	161	111	13.250000	45.750000	9.935770e+04	2.399837e-04
2022	2	17	6	6
	6	7	-25.500000	71.750000	1.001947e+05	-3.117568e-05
	1	17	-26.750000	69.250000	1.001947e+05	-1.393707e-06
	132	40	6.000000	63.500000	9.578353e+04	1.867650e-04
	0	90	-27.000000	51.000000	9.661802e+04	1.396721e-04
	25	90	-20.750000	51.000000	9.585792e+04	2.153915e-04
	184	117	19.000000	44.250000	9.964662e+04	-2.319713e-05
2022	2	17	5	12
	129	38	5.250000	64.000000	9.577511e+04	2.185888e-04
	66	82	-10.500000	53.000000	9.610384e+04	2.406742e-04
	43	88	-16.250000	51.500000	9.593189e+04	2.638086e-04
	202	111	23.500000	45.750000	9.993005e+04	-4.405861e-05
	190	120	20.500000	43.500000	9.992773e+04	4.627519e-05
2022	2	17	4	18
	130	36	5.500000	64.500000	9.570641e+04	1.714384e-04
	78	82	-7.500000	53.000000	9.629392e+04	1.684889e-04
	66	87	-10.500000	51.750000	9.629392e+04	2.498913e-04
	213	128	26.250000	41.500000	1.002876e+05	1.142500e-04
2022	2	18	2	0
	134	33	6.500000	65.250000	9.593378e+04	2.023103e-04
	223	126	28.750000	42.000000	1.004687e+05	1.169662e-04
2022	2	18	6	6
	137	29	7.250000	66.250000	9.627643e+04	2.579035e-04
	144	67	9.000000	56.750000	9.693327e+04	1.527358e-04
	0	70	-27.000000	56.000000	9.840310e+04	1.098276e-04
	128	76	5.000000	54.500000	9.693959e+04	1.169721e-04
	17	102	-22.750000	48.000000	9.953240e+04	1.992100e-04
	228	149	30.000000	36.250000	1.008138e+05	1.163681e-04
2022	2	18	5	12
	138	26	7.500000	67.000000	9.670316e+04	2.257132e-04
	155	60	11.750000	58.500000	9.724136e+04	1.815241e-04
	13	68	-23.750000	56.500000	9.820860e+04	2.394616e-04
	34	95	-18.500000	49.750000	9.903150e+04	2.388654e-04
	236	147	32.000000	36.750000	1.007795e+05	2.628728e-05
2022	2	18	4	18
	138	21	7.500000	68.250000	9.709216e+04	2.515555e-04
	165	53	14.250000	60.250000	9.759180e+04	2.145620e-04
	13	65	-23.750000	57.250000	9.786259e+04	2.767828e-04
	50	88	-14.500000	51.500000	9.831628e+04	3.965427e-04
2022	2	19	6	0
	133	19	6.250000	68.750000	9.738255e+04	2.321546e-04
	173	45	16.250000	62.250000	9.782950e+04	1.920979e-04
	68	67	-10.000000	56.750000	9.806636e+04	1.072539e-04
	4	73	-26.000000	55.250000	9.758484e+04	4.008408e-04
	67	83	-10.250000	52.750000	9.792475e+04	4.937621e-04
	272	155	41.000000	34.750000	1.011535e+05	8.510139e-05
2022	2	19	7	6
	124	19	4.000000	68.750000	9.753090e+04	2.235203e-04
	173	34	16.250000	65.000000	9.792896e+04	2.580115e-04
	84	70	-6.000000	56.000000	9.742975e+04	3.493479e-04
	26	76	-20.500000	54.500000	9.794203e+04	4.538105e-04
	91	78	-4.250000	54.000000	9.742975e+04	3.411786e-04
	140	107	8.000000	46.750000	1.013228e+05	-8.790191e-05
	279	155	42.750000	34.750000	1.013824e+05	1.090344e-04
2022	2	19	5	12
	115	21	1.750000	68.250000	9.782739e+04	2.311505e-04
	96	63	-3.000000	57.750000	9.750371e+04	2.842615e-04
	42	80	-16.500000	53.500000	9.915224e+04	3.340241e-04
	283	142	43.750000	38.000000	1.012256e+05	-1.549552e-05
	283	155	43.750000	34.750000	1.011653e+05	1.079968e-04
2022	2	19	5	18
	109	25	0.250000	67.250000	9.818416e+04	2.135159e-04
	110	25	0.500000	67.250000	9.818416e+04	2.126041e-04
	136	26	7.000000	67.000000	9.818416e+04	2.897696e-05
	108	61	0.000000	58.250000	9.789377e+04	2.291105e-04
	65	90	-10.750000	51.000000	1.001772e+05	2.803318e-04
2022	2	20	3	0
	151	16	10.750000	69.500000	9.844441e+04	1.470336e-04
	118	63	2.500000	57.750000	9.876724e+04	1.842010e-04
	141	118	8.250000	44.000000	1.019686e+05	9.669866e-05
