2022	2	16	5	0
	288	11	45.000000	70.750000	9.880125e+04	9.150723e-05
	54	38	-13.500000	64.000000	9.727248e+04	3.811334e-04
	120	53	3.000000	60.250000	9.804237e+04	1.804866e-04
	66	67	-10.500000	56.750000	9.737534e+04	2.718956e-04
	280	121	43.000000	43.250000	1.020865e+05	3.148075e-05
2022	2	16	4	3
	49	36	-14.750000	64.500000	9.745162e+04	3.720491e-04
	122	51	3.500000	60.750000	9.795854e+04	1.747607e-04
	76	67	-8.000000	56.750000	9.729733e+04	2.874489e-04
	280	121	43.000000	43.250000	1.021476e+05	4.251931e-05
2022	2	16	5	6
	40	33	-17.000000	65.250000	9.763580e+04	2.857551e-04
	125	34	4.250000	65.000000	9.792692e+04	1.854834e-04
	124	50	4.000000	61.000000	9.789405e+04	1.447023e-04
	86	66	-5.500000	57.000000	9.759632e+04	2.774233e-04
	280	121	43.000000	43.250000	1.022718e+05	3.629370e-05
2022	2	16	5	9
	40	54	-17.000000	60.000000	9.760623e+04	4.817203e-05
	60	54	-12.000000	60.000000	9.760623e+04	5.409759e-05
	49	62	-14.750000	58.000000	9.760623e+04	5.794295e-05
	112	67	1.000000	56.750000	9.766458e+04	2.130313e-04
	202	125	23.500000	42.250000	1.016531e+05	-6.138714e-05
2022	2	16	5	12
	62	60	-11.500000	58.500000	9.725880e+04	7.035662e-05
	123	67	3.750000	56.750000	9.746074e+04	2.016753e-04
	68	68	-10.000000	56.500000	9.725880e+04	1.917981e-04
	137	116	7.250000	44.500000	1.012317e+05	6.812318e-05
	183	138	18.750000	39.000000	1.012880e+05	1.594888e-04
2022	2	16	5	15
	0	35	-27.000000	64.750000	9.787864e+04	6.480584e-07
	67	59	-10.250000	58.750000	9.696153e+04	1.740954e-04
	81	66	-6.750000	57.000000	9.696153e+04	2.622779e-04
	135	67	6.750000	56.750000	9.721476e+04	2.107867e-04
	185	137	19.250000	39.250000	1.010910e+05	1.700038e-04
2022	2	16	3	18
	102	67	-1.500000	56.750000	9.706848e+04	2.034550e-04
	148	108	10.000000	46.500000	1.005834e+05	-4.349546e-05
	184	134	19.000000	40.000000	1.010988e+05	1.435393e-04
2022	2	16	5	21
	288	10	45.000000	71.000000	9.894139e+04	1.217745e-04
	78	58	-7.500000	59.000000	9.727625e+04	2.001503e-04
	164	65	14.000000	57.250000	9.686480e+04	2.242173e-04
	137	117	7.250000	44.250000	1.010903e+05	5.249078e-05
	184	134	19.000000	40.000000	1.011155e+05	1.223563e-04
2022	2	17	6	0
	288	10	45.000000	71.000000	9.897080e+04	1.076074e-04
	84	58	-6.000000	59.000000	9.730897e+04	1.995971e-04
	182	61	18.500000	58.250000	9.655716e+04	2.442122e-04
	137	117	7.250000	44.250000	1.010439e+05	6.527622e-05
	278	120	42.500000	43.500000	1.021070e+05	-4.928376e-05
	184	134	19.000000	40.000000	1.011410e+05	1.134950e-04
2022	2	17	4	3
	288	11	45.000000	70.750000	9.902491e+04	1.298186e-04
	130	42	5.500000	63.000000	9.729827e+04	9.857115e-05
	188	58	20.000000	59.000000	9.620296e+04	2.273648e-04
	186	70	19.500000	56.000000	9.621366e+04	1.866814e-04
2022	2	17	5	6
	288	12	45.000000	70.500000	9.908829e+04	1.048326e-04
	191	57	20.750000	59.250000	9.601123e+04	2.559867e-04
	137	113	7.250000	45.250000	1.008472e+05	2.225557e-05
	0	114	-27.000000	45.000000	1.004496e+05	1.641229e-04
	279	121	42.750000	43.250000	1.016993e+05	-1.221656e-05
2022	2	17	3	9
	195	57	21.750000	59.250000	9.591970e+04	2.481974e-04
	4	111	-26.000000	45.750000	9.990852e+04	2.831264e-04
	278	120	42.500000	43.500000	1.017198e+05	-1.568160e-05
2022	2	17	3	12
	204	55	24.000000	59.750000	9.592568e+04	6.437854e-05
	11	109	-24.250000	46.250000	9.965545e+04	3.558245e-04
	197	144	22.250000	37.500000	1.011663e+05	3.094854e-05
2022	2	17	2	15
	212	52	26.000000	60.500000	9.598009e+04	1.671769e-04
	20	104	-22.000000	47.500000	9.909427e+04	4.352647e-04
2022	2	17	2	18
	212	47	26.000000	61.750000	9.602256e+04	1.303048e-04
	29	101	-19.750000	48.250000	9.869116e+04	5.267451e-04
2022	2	17	4	21
	45	43	-15.750000	62.750000	9.877577e+04	1.645058e-04
	214	45	26.500000	62.250000	9.611819e+04	1.386624e-04
	48	91	-15.000000	50.750000	9.836669e+04	3.346511e-04
	40	99	-17.000000	48.750000	9.836669e+04	5.747595e-04
2022	2	18	4	0
	41	43	-16.750000	62.750000	9.849204e+04	1.640545e-04
	215	43	26.750000	62.750000	9.617355e+04	1.274243e-04
	34	52	-18.500000	60.500000	9.849204e+04	1.091939e-04
	56	90	-13.000000	51.000000	9.800714e+04	4.542684e-04
2022	2	18	6	3
	217	41	27.250000	63.250000	9.629198e+04	1.377409e-04
	60	43	-12.000000	62.750000	9.808735e+04	5.308595e-05
	36	44	-18.000000	62.500000	9.808735e+04	2.176648e-04
	32	54	-19.000000	60.000000	9.808735e+04	1.732364e-04
	70	82	-9.500000	53.000000	9.743573e+04	4.127213e-04
	137	115	7.250000	44.750000	1.015788e+05	5.446006e-05
2022	2	18	6	6
	218	40	27.500000	63.500000	9.639359e+04	1.556249e-04
	33	46	-18.750000	62.000000	9.783523e+04	2.924120e-04
	35	57	-18.250000	59.250000	9.783523e+04	2.089863e-04
	83	73	-6.250000	55.250000	9.651816e+04	4.113251e-04
	141	107	8.250000	46.750000	1.013961e+05	-7.067480e-05
	138	117	7.500000	44.250000	1.015773e+05	1.187343e-04
2022	2	18	4	9
	113	25	1.250000	67.250000	9.795241e+04	6.383240e-05
	221	39	28.250000	63.750000	9.659585e+04	1.326650e-04
	34	49	-18.500000	61.250000	9.780723e+04	2.439745e-04
	89	71	-4.750000	55.750000	9.587078e+04	5.115893e-04
2022	2	18	5	12
	110	26	0.500000	67.000000	9.786669e+04	6.073597e-05
	227	37	29.750000	64.250000	9.680127e+04	1.088066e-04
	37	51	-17.750000	60.750000	9.791545e+04	2.250376e-04
	102	68	-1.500000	56.500000	9.527123e+04	4.135478e-04
	117	124	2.250000	42.500000	1.016119e+05	3.569972e-05
2022	2	18	5	15
	233	34	31.250000	65.000000	9.697474e+04	9.742644e-05
	44	53	-16.000000	60.250000	9.794344e+04	2.199191e-04
	120	63	3.000000	57.750000	9.464887e+04	3.592935e-04
	120	64	3.000000	57.500000	9.464887e+04	3.567619e-04
	241	138	33.250000	39.000000	1.007119e+05	9.592512e-05
2022	2	18	7	18
	239	30	32.750000	66.000000	9.700982e+04	8.645537e-05
	0	54	-27.000000	60.000000	9.845980e+04	6.557951e-05
	53	54	-13.750000	60.000000	9.797678e+04	3.010789e-04
	126	61	4.500000	58.250000	9.437724e+04	3.609679e-04
	279	119	42.750000	43.750000	1.008469e+05	4.367591e-05
	244	144	34.000000	37.500000	1.006874e+05	2.685548e-05
	232	147	31.000000	36.750000	1.006874e+05	1.044287e-04
2022	2	18	5	21
	241	28	33.250000	66.500000	9.698418e+04	1.074043e-04
	62	54	-11.500000	60.000000	9.801862e+04	2.653958e-04
	135	62	6.750000	58.000000	9.468190e+04	3.739547e-04
	108	137	0.000000	39.250000	1.015611e+05	7.832111e-05
	226	150	29.500000	36.000000	1.004642e+05	2.700341e-04
2022	2	19	6	0
	250	17	35.500000	69.250000	9.702271e+04	1.472932e-04
	241	26	33.250000	67.000000	9.702271e+04	1.051068e-04
	69	54	-9.750000	60.000000	9.801202e+04	2.380117e-04
	150	61	10.500000	58.250000	9.498198e+04	4.439254e-04
	136	116	7.000000	44.500000	1.016959e+05	1.125161e-04
	227	154	29.750000	35.000000	1.004790e+05	2.997543e-04
2022	2	19	9	3
	288	12	45.000000	70.500000	9.754820e+04	9.320683e-05
	241	25	33.250000	67.250000	9.700384e+04	1.019730e-04
	242	25	33.500000	67.250000	9.700384e+04	1.003177e-04
	77	54	-7.750000	60.000000	9.792991e+04	2.195055e-04
	165	60	14.250000	58.500000	9.537692e+04	2.891152e-04
	56	68	-13.000000	56.500000	9.842488e+04	1.630090e-04
	136	117	7.000000	44.250000	1.015817e+05	1.437245e-04
	104	141	-1.000000	38.250000	1.015114e+05	5.004671e-05
	228	155	30.000000	34.750000	1.002729e+05	2.552682e-04
2022	2	19	7	6
	245	16	34.250000	69.500000	9.701642e+04	1.258725e-04
	138	24	7.500000	67.500000	9.723567e+04	1.111357e-04
	86	54	-5.500000	60.000000	9.790916e+04	2.362289e-04
	184	59	19.000000	58.750000	9.557557e+04	3.285776e-04
	68	69	-10.000000	56.250000	9.813060e+04	2.128318e-04
	136	117	7.000000	44.250000	1.015406e+05	1.112552e-04
	227	158	29.750000	34.000000	1.004966e+05	2.530547e-04
2022	2	19	7	9
	243	16	33.750000	69.500000	9.710969e+04	1.171519e-04
	134	24	6.500000	67.500000	9.740396e+04	9.818670e-05
	6	46	-25.500000	62.000000	9.889248e+04	1.007995e-04
	94	53	-3.500000	60.250000	9.797757e+04	2.441068e-04
	195	57	21.750000	59.250000	9.580205e+04	2.604957e-04
	78	69	-7.500000	56.250000	9.813077e+04	2.220120e-04
	225	160	29.250000	33.500000	1.007390e+05	2.150200e-04
2022	2	19	6	12
	243	16	33.750000	69.500000	9.719855e+04	1.057612e-04
	132	25	6.000000	67.250000	9.754017e+04	1.052494e-04
	103	52	-1.250000	60.500000	9.803985e+04	2.232322e-04
	204	56	24.000000	59.500000	9.616034e+04	2.915709e-04
	99	68	-2.250000	56.500000	9.845288e+04	1.103433e-04
	84	70	-6.000000	56.000000	9.845288e+04	2.240253e-04
2022	2	19	6	15
	260	10	38.000000	71.000000	9.730818e+04	1.244463e-04
	133	26	6.250000	67.000000	9.768392e+04	9.643616e-05
	112	51	1.000000	60.750000	9.810025e+04	2.603752e-04
	218	54	27.500000	60.000000	9.658264e+04	2.070300e-04
	115	68	1.750000	56.500000	9.861786e+04	1.325684e-04
	92	161	-4.000000	33.250000	1.014882e+05	3.591327e-05
2022	2	19	6	18
	257	10	37.250000	71.000000	9.736448e+04	1.371577e-04
	132	27	6.000000	66.750000	9.776430e+04	8.207108e-05
	231	53	30.750000	60.250000	9.686480e+04	2.185830e-04
	0	59	-27.000000	58.750000	9.741875e+04	1.886001e-04
	122	67	3.500000	56.750000	9.858830e+04	1.328385e-04
	93	162	-3.750000	33.000000	1.015532e+05	1.444847e-05
2022	2	19	6	21
	254	11	36.500000	70.750000	9.741718e+04	1.314181e-04
	136	26	7.000000	67.000000	9.782470e+04	1.146388e-04
	241	51	33.250000	60.750000	9.714052e+04	1.937630e-04
	0	53	-27.000000	60.250000	9.659192e+04	1.354975e-04
	138	67	7.500000	56.750000	9.848669e+04	2.090111e-04
	260	162	38.000000	33.000000	1.008706e+05	8.316014e-05
2022	2	20	7	0
	251	11	35.750000	70.750000	9.746892e+04	1.646751e-04
	263	18	38.750000	69.000000	9.746892e+04	8.537878e-05
	133	27	6.250000	66.750000	9.786920e+04	1.143031e-04
	0	49	-27.000000	61.250000	9.607509e+04	1.145598e-04
	251	49	35.750000	61.250000	9.733602e+04	1.889998e-04
	146	66	9.500000	57.000000	9.845256e+04	2.522808e-04
	276	162	42.000000	33.000000	1.008318e+05	-9.464633e-06
