2022	2	14	6	0
	5	6	-25.750000	72.000000	9.978760e+04	-3.340780e-05
	222	10	28.500000	71.000000	9.840939e+04	1.477833e-04
	193	12	21.250000	70.500000	9.840939e+04	1.322105e-04
	1	17	-26.750000	69.250000	9.978760e+04	-1.738761e-05
	218	25	27.500000	67.250000	9.852162e+04	9.297742e-05
	106	71	-0.500000	55.750000	9.852362e+04	6.761026e-05
2022	2	14	5	3
	56	5	-13.000000	72.250000	1.001492e+05	1.098379e-04
	213	9	26.250000	71.250000	9.811227e+04	2.129951e-04
	233	20	31.250000	68.500000	9.816688e+04	7.453258e-05
	115	62	1.750000	58.000000	9.844596e+04	1.007260e-04
	107	71	-0.250000	55.750000	9.844596e+04	1.038920e-04
2022	2	14	2	6
	215	9	26.750000	71.250000	9.799102e+04	2.667659e-04
	112	70	1.000000	56.000000	9.844546e+04	1.032366e-04
2022	2	14	4	9
	222	8	28.500000	71.500000	9.802892e+04	2.234857e-04
	223	8	28.750000	71.500000	9.802892e+04	2.113629e-04
	0	51	-27.000000	60.750000	9.794876e+04	1.184039e-04
	121	70	3.250000	56.000000	9.842826e+04	1.445570e-04
2022	2	14	3	12
	225	9	29.250000	71.250000	9.802074e+04	2.193824e-04
	0	48	-27.000000	61.500000	9.755811e+04	1.302070e-04
	128	66	5.000000	57.000000	9.832655e+04	2.001487e-04
2022	2	14	5	15
	233	6	31.250000	72.000000	9.803159e+04	1.302892e-04
	6	7	-25.500000	71.750000	9.983170e+04	3.861253e-05
	244	14	34.000000	70.000000	9.803159e+04	2.048441e-04
	3	44	-26.250000	62.500000	9.719167e+04	2.017963e-04
	132	63	6.000000	57.750000	9.822366e+04	2.330883e-04
2022	2	14	3	18
	252	13	36.000000	70.250000	9.794308e+04	1.633323e-04
	0	40	-27.000000	63.500000	9.696754e+04	1.500207e-04
	133	61	6.250000	58.250000	9.826609e+04	2.762981e-04
2022	2	14	7	21
	234	11	31.500000	70.750000	9.793055e+04	2.440816e-04
	259	12	37.750000	70.500000	9.793055e+04	1.815033e-04
	0	36	-27.000000	64.500000	9.694115e+04	1.193425e-04
	18	42	-22.500000	63.000000	9.694115e+04	1.765461e-04
	149	55	10.250000	59.750000	9.837348e+04	2.209868e-04
	135	59	6.750000	58.750000	9.837348e+04	2.387687e-04
	137	120	7.250000	43.500000	1.010100e+05	1.078559e-04
2022	2	15	7	0
	246	5	34.500000	72.250000	9.794976e+04	1.223553e-04
	6	7	-25.500000	71.750000	9.959670e+04	6.196289e-05
	264	12	39.000000	70.500000	9.794976e+04	1.926291e-04
	23	35	-21.250000	64.750000	9.718984e+04	-2.822977e-05
	0	38	-27.000000	64.000000	9.718984e+04	1.021563e-04
	141	58	8.250000	59.000000	9.847169e+04	2.512579e-04
	145	117	9.250000	44.250000	1.009412e+05	1.458410e-04
2022	2	15	7	3
	241	9	33.250000	71.250000	9.802459e+04	2.443597e-04
	267	12	39.750000	70.500000	9.802459e+04	2.268308e-04
	0	35	-27.000000	64.750000	9.703117e+04	9.914101e-05
	24	35	-21.000000	64.750000	9.703117e+04	1.651870e-05
	126	52	4.500000	60.500000	9.847620e+04	6.702895e-05
	146	57	9.500000	59.250000	9.847620e+04	2.808710e-04
	153	116	11.250000	44.500000	1.008201e+05	1.035852e-04
2022	2	15	6	6
	279	12	42.750000	70.500000	9.809105e+04	2.382909e-04
	24	35	-21.000000	64.750000	9.718633e+04	1.215142e-04
	125	51	4.250000	60.750000	9.860212e+04	8.640542e-05
	151	55	10.750000	59.750000	9.851595e+04	2.726325e-04
	0	88	-27.000000	51.500000	9.933766e+04	1.235492e-04
	155	115	11.750000	44.750000	1.008979e+05	8.964717e-05
2022	2	15	7	9
	282	10	43.500000	71.000000	9.821498e+04	2.670841e-04
	0	32	-27.000000	65.500000	9.714291e+04	1.430623e-05
	0	43	-27.000000	62.750000	9.714291e+04	7.122174e-05
	124	49	4.000000	61.250000	9.865223e+04	1.486914e-04
	154	52	11.500000	60.500000	9.862934e+04	1.993304e-04
	1	84	-26.750000	52.500000	9.879987e+04	1.249415e-04
	159	113	12.750000	45.250000	1.009393e+05	9.017547e-05
2022	2	15	5	12
	281	9	43.250000	71.250000	9.831335e+04	2.469287e-04
	0	29	-27.000000	66.250000	9.713873e+04	8.420167e-05
	0	39	-27.000000	63.750000	9.713873e+04	6.271488e-05
	158	50	12.500000	61.000000	9.868246e+04	1.792026e-04
	155	110	11.750000	46.000000	1.009390e+05	4.875174e-05
2022	2	15	4	15
	282	10	43.500000	71.000000	9.843294e+04	2.772882e-04
	0	38	-27.000000	64.000000	9.723126e+04	3.846275e-05
	26	78	-20.500000	54.000000	9.830901e+04	2.222631e-04
	27	78	-20.250000	54.000000	9.830901e+04	2.259346e-04
2022	2	15	4	18
	286	11	44.500000	70.750000	9.857908e+04	2.007579e-04
	287	11	44.750000	70.750000	9.857908e+04	1.617418e-04
	123	61	3.750000	58.250000	9.827645e+04	1.889414e-04
	37	75	-17.750000	54.750000	9.812580e+04	2.370112e-04
2022	2	15	4	21
	288	8	45.000000	71.500000	9.873757e+04	1.146151e-04
	182	44	18.500000	62.500000	9.891445e+04	1.231663e-04
	128	61	5.000000	58.250000	9.823736e+04	2.046692e-04
	45	74	-15.750000	55.000000	9.810341e+04	2.177790e-04
2022	2	16	4	0
	288	8	45.000000	71.500000	9.880939e+04	9.932693e-05
	186	43	19.500000	62.750000	9.898041e+04	1.361684e-04
	132	61	6.000000	58.250000	9.822149e+04	2.091749e-04
	5	68	-25.750000	56.500000	9.707927e+04	2.191091e-04
2022	2	16	4	3
	288	8	45.000000	71.500000	9.883244e+04	1.188033e-04
	189	42	20.250000	63.000000	9.901298e+04	1.361767e-04
	145	60	9.250000	58.500000	9.819494e+04	1.997691e-04
	12	64	-24.000000	57.500000	9.662231e+04	2.816869e-04
2022	2	16	4	6
	288	9	45.000000	71.250000	9.886651e+04	9.668891e-05
	150	59	10.500000	58.750000	9.811109e+04	2.304118e-04
	18	60	-22.500000	58.500000	9.618005e+04	3.853591e-04
	137	116	7.250000	44.500000	1.011424e+05	7.893565e-05
2022	2	16	5	9
	288	8	45.000000	71.500000	9.896689e+04	1.119314e-04
	119	38	2.750000	64.000000	9.815887e+04	1.304893e-04
	153	57	11.250000	59.250000	9.811210e+04	1.559769e-04
	26	60	-20.500000	58.500000	9.623016e+04	3.946534e-04
	137	116	7.250000	44.500000	1.010975e+05	1.047446e-04
2022	2	16	4	12
	285	8	44.250000	71.500000	9.902534e+04	1.689375e-04
	156	56	12.000000	59.500000	9.809072e+04	1.436773e-04
	38	60	-17.500000	58.500000	9.628210e+04	2.992633e-04
	137	117	7.250000	44.250000	1.011353e+05	1.184648e-04
2022	2	16	4	15
	283	8	43.750000	71.500000	9.905641e+04	2.058596e-04
	161	56	13.250000	59.500000	9.803193e+04	1.071289e-04
	162	56	13.500000	59.500000	9.803193e+04	1.106488e-04
	50	59	-14.500000	58.750000	9.627977e+04	3.414080e-04
2022	2	16	4	18
	283	8	43.750000	71.500000	9.905624e+04	1.497140e-04
	60	58	-12.000000	59.000000	9.633939e+04	3.254758e-04
	150	109	10.500000	46.250000	1.003317e+05	7.284450e-06
	137	117	7.250000	44.250000	1.009479e+05	7.408073e-05
2022	2	16	3	21
	283	8	43.750000	71.500000	9.910000e+04	1.794151e-04
	69	58	-9.750000	59.000000	9.651025e+04	3.098719e-04
	138	117	7.500000	44.250000	1.008510e+05	9.523155e-05
2022	2	17	3	0
	283	9	43.750000	71.250000	9.915094e+04	1.938749e-04
	78	59	-7.500000	58.750000	9.678666e+04	2.962131e-04
	138	117	7.500000	44.250000	1.006830e+05	1.064298e-04
2022	2	17	4	3
	285	9	44.250000	71.250000	9.918602e+04	1.450967e-04
	86	59	-5.500000	58.750000	9.701096e+04	2.402858e-04
	119	59	2.750000	58.750000	9.718399e+04	1.759740e-04
	280	121	43.000000	43.250000	1.014810e+05	-1.983567e-05
2022	2	17	5	6
	275	8	41.750000	71.500000	9.921841e+04	9.666433e-05
	120	59	3.000000	58.750000	9.723059e+04	1.451809e-04
	99	62	-2.250000	58.000000	9.723059e+04	1.886170e-04
	170	72	15.500000	55.500000	9.722023e+04	1.539004e-04
	281	121	43.250000	43.250000	1.013836e+05	-1.368217e-05
2022	2	17	5	9
	124	59	4.000000	58.750000	9.741314e+04	1.118210e-04
	178	72	17.500000	55.500000	9.725815e+04	1.722694e-04
	4	75	-26.000000	54.750000	9.940714e+04	2.119327e-04
	196	77	22.000000	54.250000	9.725815e+04	1.926467e-04
	281	121	43.250000	43.250000	1.011976e+05	-1.038041e-05
2022	2	17	4	12
	126	60	4.500000	58.500000	9.767234e+04	9.093467e-05
	7	73	-25.250000	55.250000	9.944856e+04	2.249781e-04
	207	75	24.750000	54.750000	9.725915e+04	1.997169e-04
	7	100	-25.250000	48.500000	1.000441e+05	2.056524e-04
2022	2	17	2	15
	14	72	-23.500000	55.500000	9.936438e+04	2.592407e-04
	15	95	-23.250000	49.750000	9.959236e+04	2.257933e-04
2022	2	17	3	18
	220	56	28.000000	59.500000	9.739142e+04	2.177258e-05
	12	68	-24.000000	56.500000	9.916680e+04	1.530476e-04
	24	90	-21.000000	51.000000	9.913991e+04	2.413527e-04
2022	2	17	4	21
	30	49	-19.500000	61.250000	9.909983e+04	2.457100e-04
	228	60	30.000000	58.500000	9.738023e+04	7.934569e-05
	15	69	-23.250000	56.250000	9.899044e+04	2.815364e-04
	32	86	-19.000000	52.000000	9.857774e+04	3.581585e-04
2022	2	18	6	0
	159	23	12.750000	67.750000	9.841323e+04	6.924492e-05
	224	43	29.000000	62.750000	9.737389e+04	7.893296e-05
	31	50	-19.250000	61.000000	9.897657e+04	2.668847e-04
	236	52	32.000000	60.500000	9.737389e+04	6.106403e-05
	18	69	-22.500000	56.250000	9.872555e+04	3.365974e-04
	38	82	-17.500000	53.000000	9.775569e+04	5.102068e-04
2022	2	18	4	3
	157	23	12.250000	67.750000	9.847787e+04	1.092215e-04
	239	46	32.750000	62.000000	9.736237e+04	5.185148e-05
	33	50	-18.750000	61.000000	9.887119e+04	2.637399e-04
	42	78	-16.500000	54.000000	9.696487e+04	5.964525e-04
2022	2	18	4	6
	149	26	10.250000	67.000000	9.855686e+04	1.083387e-04
	239	43	32.750000	62.750000	9.742800e+04	7.143895e-05
	35	50	-18.250000	61.000000	9.873924e+04	2.258696e-04
	51	76	-14.250000	54.500000	9.616987e+04	4.986030e-04
2022	2	18	6	9
	148	27	10.000000	66.750000	9.864855e+04	1.255159e-04
	149	27	10.250000	66.750000	9.864855e+04	1.236391e-04
	243	39	33.750000	63.750000	9.750199e+04	7.948613e-05
	34	50	-18.500000	61.000000	9.870284e+04	2.505487e-04
	58	72	-12.500000	55.500000	9.599366e+04	5.503577e-04
	146	111	9.500000	45.750000	1.014529e+05	-7.552020e-06
2022	2	18	4	12
	152	28	11.000000	66.500000	9.878401e+04	1.397396e-04
	248	36	35.000000	64.500000	9.766032e+04	1.030602e-04
	34	50	-18.500000	61.000000	9.882576e+04	2.039833e-04
	62	70	-11.500000	56.000000	9.604595e+04	5.438591e-04
2022	2	18	3	15
	154	29	11.500000	66.250000	9.880873e+04	1.644846e-04
	252	32	36.000000	65.500000	9.781648e+04	1.162254e-04
	70	70	-9.500000	56.000000	9.626423e+04	4.868321e-04
2022	2	18	5	18
	156	29	12.000000	66.250000	9.881323e+04	1.721915e-04
	256	30	37.000000	66.000000	9.791018e+04	1.423196e-04
	102	60	-1.500000	58.500000	9.717280e+04	2.434116e-04
	78	69	-7.500000	56.250000	9.659543e+04	4.899288e-04
	278	118	42.500000	44.000000	1.004578e+05	1.984999e-06
2022	2	18	5	21
	263	27	38.750000	66.750000	9.807786e+04	1.256277e-04
	155	29	11.750000	66.250000	9.883545e+04	7.843847e-05
	108	58	0.000000	59.000000	9.753940e+04	2.674325e-04
	89	70	-4.750000	56.000000	9.710432e+04	4.093955e-04
	264	162	39.000000	33.000000	1.001809e+05	9.330403e-05
2022	2	19	8	0
	268	26	40.000000	67.000000	9.807752e+04	1.335389e-04
	269	26	40.250000	67.000000	9.807752e+04	1.327098e-04
	154	30	11.500000	66.000000	9.879319e+04	1.030853e-04
	108	59	0.000000	58.750000	9.743502e+04	2.500439e-04
	103	70	-1.250000	56.000000	9.743502e+04	2.934800e-04
	272	97	41.000000	49.250000	1.003236e+05	1.887150e-04
	265	160	39.250000	33.500000	1.001407e+05	1.706094e-04
	275	162	41.750000	33.000000	1.001407e+05	3.926266e-05
2022	2	19	10	3
	271	26	40.750000	67.000000	9.812212e+04	1.327953e-04
	0	50	-27.000000	61.000000	9.831018e+04	1.005701e-04
	123	57	3.750000	59.250000	9.751268e+04	1.531541e-04
	153	57	11.250000	59.250000	9.790667e+04	2.853612e-04
	116	67	2.000000	56.750000	9.751268e+04	1.734445e-04
	275	95	41.750000	49.750000	1.004949e+05	1.963185e-04
	107	133	-0.250000	40.250000	1.012241e+05	-1.427947e-05
	236	153	32.000000	35.250000	1.004066e+05	1.883664e-04
	265	160	39.250000	33.500000	1.001322e+05	1.856269e-04
	279	162	42.750000	33.000000	1.001322e+05	1.043892e-04
2022	2	19	7	6
	162	55	13.500000	59.750000	9.791786e+04	2.554790e-04
	128	56	5.000000	59.500000	9.757648e+04	1.565644e-04
	129	66	5.250000	57.000000	9.757648e+04	2.366098e-04
	114	125	1.500000	42.250000	1.012938e+05	1.476013e-05
	66	143	-10.500000	37.750000	1.013975e+05	1.695401e-04
	237	156	32.250000	34.500000	1.003600e+05	2.188019e-04
	278	162	42.500000	33.000000	1.000927e+05	1.155278e-04
2022	2	19	7	9
	159	26	12.750000	67.000000	9.873240e+04	1.044676e-04
	180	53	18.000000	60.250000	9.813281e+04	1.897431e-04
	141	64	8.250000	57.500000	9.771477e+04	2.617271e-04
	128	137	5.000000	39.250000	1.015147e+05	-5.829407e-06
	69	144	-9.750000	37.500000	1.015804e+05	1.429886e-04
	237	158	32.250000	34.000000	1.004092e+05	1.903374e-04
	278	160	42.500000	33.500000	9.997082e+04	1.367658e-04
2022	2	19	7	12
	160	26	13.000000	67.000000	9.883377e+04	9.357587e-05
	0	45	-27.000000	62.250000	9.628277e+04	7.227938e-05
	189	52	20.250000	60.500000	9.805798e+04	1.851719e-04
	153	64	11.250000	57.500000	9.794842e+04	2.320292e-04
	72	136	-9.000000	39.500000	1.017335e+05	1.123767e-04
	71	144	-9.250000	37.500000	1.017335e+05	1.238544e-04
	278	158	42.500000	34.000000	9.984105e+04	1.923647e-04
2022	2	19	3	15
	0	45	-27.000000	62.250000	9.527650e+04	4.657597e-05
	193	51	21.250000	60.750000	9.811394e+04	1.943353e-04
	279	155	42.750000	34.750000	1.000455e+05	2.315864e-04
2022	2	19	5	18
	163	9	13.750000	71.250000	9.890141e+04	1.408724e-04
	288	23	45.000000	67.750000	9.901031e+04	3.587447e-05
	0	42	-27.000000	63.000000	9.432819e+04	1.129891e-04
	200	51	23.000000	60.750000	9.824638e+04	1.510007e-04
	279	154	42.750000	35.000000	1.003421e+05	1.964024e-04
2022	2	19	6	21
	163	10	13.750000	71.000000	9.893783e+04	2.070192e-04
	288	23	45.000000	67.750000	9.913056e+04	-2.141185e-05
	0	36	-27.000000	64.500000	9.402689e+04	1.213558e-04
	33	36	-18.750000	64.500000	9.428025e+04	8.347120e-05
	212	52	26.000000	60.500000	9.836012e+04	9.661983e-05
	279	153	42.750000	35.250000	1.005738e+05	1.922068e-04
2022	2	20	6	0
	2	10	-26.500000	71.000000	9.763510e+04	-7.709611e-06
	288	13	45.000000	70.250000	9.918702e+04	-3.252829e-05
	37	35	-17.750000	64.750000	9.456552e+04	2.062532e-04
	0	36	-27.000000	64.500000	9.415148e+04	8.678374e-05
	232	48	31.000000	61.500000	9.837080e+04	1.291371e-04
	278	152	42.500000	35.500000	1.006900e+05	1.769776e-04
