2022	2	10	7	0
	172	11	16.000000	70.750000	9.674985e+04	1.377573e-04
	148	22	10.000000	68.000000	9.659549e+04	4.815018e-04
	59	56	-12.250000	59.500000	9.859298e+04	4.730907e-04
	152	106	11.000000	47.000000	1.022753e+05	-3.435916e-05
	139	110	7.750000	46.000000	1.022753e+05	-7.197027e-05
	283	140	43.750000	38.500000	1.009520e+05	2.559960e-05
	248	157	35.000000	34.250000	1.007571e+05	1.319531e-04
2022	2	10	9	6
	8	6	-25.000000	72.000000	1.002999e+05	-4.143117e-06
	178	7	17.500000	71.750000	9.727057e+04	1.784922e-04
	9	14	-24.750000	70.000000	1.002999e+05	3.915298e-05
	195	14	21.750000	70.000000	9.721586e+04	-4.964271e-05
	164	15	14.000000	69.750000	9.704880e+04	1.148618e-04
	166	23	14.500000	67.750000	9.704880e+04	3.224081e-04
	78	58	-7.500000	59.000000	9.903242e+04	4.925093e-04
	158	106	12.500000	47.000000	1.021794e+05	-3.506946e-05
	255	157	36.750000	34.250000	1.009803e+05	4.236108e-05
2022	2	10	8	12
	8	6	-25.000000	72.000000	1.002782e+05	9.522719e-07
	180	6	18.000000	72.000000	9.743860e+04	1.886945e-04
	18	22	-22.500000	68.000000	1.002091e+05	1.220107e-04
	190	29	20.500000	66.250000	9.776354e+04	1.424736e-04
	94	62	-3.500000	58.000000	9.980461e+04	3.913718e-04
	137	117	7.250000	44.250000	1.022644e+05	1.283520e-04
	284	139	44.000000	38.750000	1.009947e+05	2.644656e-05
	270	152	40.500000	35.500000	1.009351e+05	6.985313e-05
2022	2	10	7	18
	9	6	-24.750000	72.000000	1.001077e+05	-2.184102e-05
	189	7	20.250000	71.750000	9.763830e+04	2.089455e-04
	43	10	-16.250000	71.000000	9.983040e+04	3.170670e-05
	10	14	-24.500000	70.000000	9.983040e+04	-1.409056e-05
	37	18	-17.750000	69.000000	9.983040e+04	1.430120e-04
	111	67	0.750000	56.750000	1.004615e+05	3.250696e-04
	89	157	-4.750000	34.250000	1.020446e+05	-1.970542e-05
2022	2	11	5	0
	200	0	23.000000	73.500000	9.787433e+04	-9.911130e-07
	203	8	23.750000	71.500000	9.787433e+04	1.279601e-04
	52	15	-14.000000	69.750000	9.961254e+04	1.815935e-04
	0	70	-27.000000	56.000000	9.983020e+04	1.343610e-04
	83	154	-6.250000	35.000000	1.023025e+05	1.025968e-04
2022	2	11	4	6
	211	0	25.750000	73.500000	9.813791e+04	-3.711930e-05
	217	8	27.250000	71.500000	9.813791e+04	9.571385e-05
	74	16	-8.500000	69.500000	9.957170e+04	1.780186e-04
	91	161	-4.250000	33.250000	1.022343e+05	-1.964621e-05
2022	2	11	3	12
	226	7	29.500000	71.750000	9.834542e+04	1.191190e-04
	227	7	29.750000	71.750000	9.834542e+04	1.183948e-04
	125	24	4.250000	67.500000	9.974365e+04	1.534163e-04
2022	2	11	4	18
	233	8	31.250000	71.500000	9.843237e+04	1.685073e-04
	136	24	7.000000	67.500000	9.936517e+04	2.163873e-04
	16	62	-23.000000	58.000000	9.877098e+04	1.107708e-04
	132	122	6.000000	43.000000	1.021343e+05	6.782335e-05
2022	2	12	5	0
	244	3	34.000000	72.750000	9.848981e+04	3.938793e-05
	239	12	32.750000	70.500000	9.848981e+04	3.209884e-04
	151	29	10.750000	66.250000	9.950859e+04	2.876171e-04
	37	52	-17.750000	60.500000	9.858868e+04	1.799380e-04
	235	91	31.750000	50.750000	1.012968e+05	1.497284e-04
2022	2	12	5	6
	246	2	34.500000	73.000000	9.852440e+04	1.150907e-04
	248	14	35.000000	70.000000	9.851502e+04	2.681895e-04
	47	53	-15.250000	60.250000	9.829325e+04	1.433402e-04
	30	54	-19.500000	60.000000	9.829325e+04	2.499334e-04
	251	93	35.750000	50.250000	1.011114e+05	1.801520e-04
2022	2	12	4	12
	249	0	35.250000	73.500000	9.888666e+04	1.670710e-04
	254	14	36.500000	70.000000	9.874167e+04	2.659331e-04
	51	53	-14.250000	60.250000	9.826805e+04	1.431773e-04
	275	96	41.750000	49.500000	1.009453e+05	1.354275e-04
2022	2	12	3	18
	255	0	36.750000	73.500000	9.901503e+04	1.137661e-04
	262	17	38.500000	69.250000	9.899021e+04	2.469680e-04
	62	50	-11.500000	61.000000	9.809278e+04	1.472690e-04
2022	2	13	3	0
	263	0	38.750000	73.500000	9.923895e+04	7.059323e-05
	271	20	40.750000	68.500000	9.923855e+04	2.338814e-04
	76	51	-8.000000	60.750000	9.806425e+04	1.206715e-04
2022	2	13	2	6
	176	0	17.000000	73.500000	9.918756e+04	1.060130e-04
	280	22	43.000000	68.000000	9.952129e+04	2.015261e-04
2022	2	13	4	12
	185	0	19.250000	73.500000	9.923445e+04	2.897984e-05
	6	7	-25.500000	71.750000	9.961742e+04	2.417004e-05
	86	52	-5.500000	60.500000	9.802966e+04	7.260382e-05
	98	88	-2.500000	51.500000	9.881905e+04	2.289989e-04
2022	2	13	4	18
	6	14	-25.500000	70.000000	9.946697e+04	7.895212e-05
	14	36	-23.500000	64.500000	1.000186e+05	1.365388e-04
	93	54	-3.750000	60.000000	9.798102e+04	1.226786e-04
	115	80	1.750000	53.500000	9.817855e+04	2.853599e-04
2022	2	14	3	0
	6	14	-25.500000	70.000000	9.967662e+04	4.751069e-05
	206	31	24.500000	65.750000	9.871354e+04	6.757940e-05
	132	69	6.000000	56.250000	9.785948e+04	3.097305e-04
2022	2	14	5	6
	229	10	30.250000	71.000000	9.897067e+04	9.364569e-05
	217	28	27.250000	66.500000	9.885773e+04	5.357181e-05
	123	57	3.750000	59.250000	9.791438e+04	2.701695e-06
	147	63	9.750000	57.750000	9.770570e+04	2.473563e-04
	254	158	36.500000	34.000000	1.017792e+05	-1.506018e-05
2022	2	14	3	12
	234	6	31.500000	72.000000	9.888822e+04	1.952273e-04
	144	55	9.000000	59.750000	9.800505e+04	-1.188792e-05
	162	57	13.500000	59.250000	9.800505e+04	1.633760e-04
2022	2	14	5	18
	235	2	31.750000	73.000000	9.868638e+04	1.346465e-04
	0	32	-27.000000	65.500000	9.830927e+04	1.143291e-04
	0	33	-27.000000	65.250000	9.830927e+04	1.135784e-04
	190	48	20.500000	61.500000	9.812072e+04	1.938183e-04
	137	120	7.250000	43.500000	1.009586e+05	8.548417e-05
2022	2	15	5	0
	232	3	31.000000	72.750000	9.859923e+04	1.849535e-04
	6	7	-25.500000	71.750000	9.887161e+04	-1.405554e-06
	203	44	23.750000	62.500000	9.835284e+04	1.928846e-04
	2	53	-26.500000	60.250000	9.613202e+04	2.837049e-04
	138	121	7.500000	43.250000	1.010125e+05	3.865190e-05
2022	2	15	9	6
	234	6	31.500000	72.000000	9.853769e+04	1.209720e-04
	262	6	38.500000	72.000000	9.853769e+04	1.261893e-04
	263	6	38.750000	72.000000	9.853769e+04	1.243469e-04
	6	7	-25.500000	71.750000	9.832569e+04	-4.146297e-05
	28	38	-20.000000	64.000000	9.457142e+04	3.651554e-05
	222	40	28.500000	63.500000	9.856367e+04	1.927236e-04
	9	42	-24.750000	63.000000	9.457142e+04	5.043857e-04
	132	54	6.000000	60.000000	9.968562e+04	1.523465e-04
	147	127	9.750000	41.750000	1.009762e+05	1.287513e-04
2022	2	15	9	12
	267	3	39.750000	72.750000	9.859201e+04	1.681662e-04
	6	7	-25.500000	71.750000	9.785069e+04	-3.793479e-05
	251	10	35.750000	71.000000	9.859201e+04	7.776945e-05
	288	20	45.000000	68.500000	9.902734e+04	-2.559286e-05
	255	32	36.750000	65.500000	9.882394e+04	1.615219e-04
	35	35	-18.250000	64.750000	9.427072e+04	1.930848e-04
	9	36	-24.750000	64.500000	9.427072e+04	3.448998e-04
	149	126	10.250000	42.000000	1.009353e+05	1.528984e-04
	147	135	9.750000	39.750000	1.009353e+05	1.852951e-04
2022	2	15	5	18
	268	1	40.000000	73.250000	9.869107e+04	1.079860e-04
	35	29	-18.250000	66.250000	9.418728e+04	2.057639e-04
	6	31	-25.500000	65.750000	9.418728e+04	4.485696e-04
	273	130	41.250000	41.000000	1.020055e+05	2.228617e-06
	152	131	11.000000	40.750000	1.009942e+05	1.789744e-04
2022	2	16	5	0
	261	15	38.250000	69.750000	9.871940e+04	1.306925e-04
	0	36	-27.000000	64.500000	9.527757e+04	1.025274e-04
	119	52	2.750000	60.500000	9.758085e+04	4.438709e-04
	0	81	-27.000000	53.250000	9.804764e+04	1.179460e-04
	150	130	10.500000	41.000000	1.011770e+05	1.526060e-04
2022	2	16	7	6
	288	10	45.000000	71.000000	9.856387e+04	4.677010e-05
	269	17	40.250000	69.250000	9.856387e+04	9.925244e-05
	288	24	45.000000	67.500000	9.858067e+04	1.373147e-04
	0	29	-27.000000	66.250000	9.566777e+04	1.949391e-04
	152	60	11.000000	58.500000	9.834132e+04	3.244158e-04
	32	69	-19.000000	56.250000	9.733388e+04	2.802347e-04
	148	136	10.000000	39.500000	1.015997e+05	1.496943e-04
2022	2	16	4	12
	281	2	43.250000	73.000000	9.860470e+04	1.119109e-04
	64	58	-11.000000	59.000000	9.647415e+04	4.656889e-04
	178	61	17.500000	58.250000	9.887180e+04	1.933785e-04
	144	141	9.000000	38.250000	1.018699e+05	1.520762e-04
2022	2	16	5	18
	258	0	37.500000	73.500000	9.863304e+04	5.164257e-05
	93	56	-3.750000	59.500000	9.635887e+04	5.367909e-04
	192	60	21.000000	58.500000	9.919303e+04	1.266311e-04
	140	145	8.000000	37.250000	1.019615e+05	1.773744e-04
	165	162	14.250000	33.000000	1.014707e+05	-2.775378e-05
2022	2	17	4	0
	244	0	34.000000	73.500000	9.861819e+04	7.335690e-05
	126	57	4.500000	59.250000	9.702145e+04	3.647265e-04
	149	60	10.250000	58.500000	9.703336e+04	2.879677e-04
	158	162	12.500000	33.000000	1.014203e+05	-1.408367e-05
2022	2	17	6	6
	249	0	35.250000	73.500000	9.868442e+04	8.269594e-05
	134	32	6.500000	65.500000	9.875691e+04	1.540396e-04
	168	62	15.000000	58.000000	9.792162e+04	1.934773e-04
	187	66	19.750000	57.000000	9.792162e+04	1.831503e-04
	47	68	-15.250000	56.500000	1.000211e+05	2.461123e-04
	148	162	10.000000	33.000000	1.010029e+05	1.319252e-05
2022	2	17	8	12
	224	0	29.000000	73.500000	9.887825e+04	2.207768e-05
	248	7	35.000000	71.750000	9.887825e+04	1.736038e-04
	137	31	7.250000	65.750000	9.918620e+04	1.449915e-04
	67	59	-10.250000	58.750000	9.980168e+04	3.059097e-04
	216	72	27.000000	55.500000	9.801873e+04	1.998800e-04
	9	100	-24.750000	48.500000	1.008629e+05	1.042749e-04
	141	162	8.250000	33.000000	1.009662e+05	8.423664e-05
	153	162	11.250000	33.000000	1.009662e+05	5.221140e-05
2022	2	17	5	18
	203	0	23.750000	73.500000	9.878408e+04	4.501795e-05
	141	30	8.250000	66.000000	9.934407e+04	1.456324e-04
	92	54	-4.000000	60.000000	9.977998e+04	3.133085e-04
	243	81	33.750000	53.250000	9.830262e+04	1.203198e-04
	34	92	-18.500000	50.500000	1.004430e+05	1.424749e-04
2022	2	18	7	0
	115	51	1.750000	60.750000	1.000782e+05	2.818359e-04
	53	80	-13.750000	53.500000	9.998925e+04	1.572313e-04
	259	85	37.750000	52.250000	9.826394e+04	1.494314e-04
	133	114	6.250000	45.000000	1.023521e+05	1.468946e-05
	115	124	1.750000	42.500000	1.024797e+05	4.471345e-06
	78	161	-7.500000	33.250000	1.019467e+05	5.952851e-05
	136	162	7.000000	33.000000	1.015457e+05	3.992991e-05
2022	2	18	6	6
	72	67	-9.000000	56.750000	9.904824e+04	2.390494e-04
	265	88	39.250000	51.500000	9.840775e+04	1.474777e-04
	135	111	6.750000	45.750000	1.022361e+05	1.363359e-05
	283	121	43.750000	43.250000	9.952656e+04	8.790306e-07
	115	124	1.750000	42.500000	1.023000e+05	1.947565e-05
	69	162	-9.750000	33.000000	1.018564e+05	6.803277e-05
2022	2	18	8	12
	185	0	19.250000	73.500000	9.880694e+04	2.373216e-05
	170	9	15.500000	71.250000	9.880694e+04	1.153547e-04
	171	9	15.750000	71.250000	9.880694e+04	1.120027e-04
	97	56	-2.750000	59.500000	9.806972e+04	3.110095e-04
	284	82	44.000000	53.000000	9.874167e+04	1.177458e-04
	270	91	40.500000	50.750000	9.874265e+04	1.664187e-04
	279	119	42.750000	43.750000	9.934602e+04	-1.055100e-04
	113	125	1.250000	42.250000	1.022775e+05	3.233181e-05
2022	2	18	7	18
	176	0	17.000000	73.500000	9.857774e+04	4.816706e-05
	200	4	23.000000	72.500000	9.857774e+04	1.418417e-04
	6	7	-25.500000	71.750000	9.952832e+04	-3.233439e-05
	164	16	14.000000	69.500000	9.863421e+04	1.582111e-04
	0	35	-27.000000	64.750000	9.763830e+04	5.937875e-05
	113	52	1.250000	60.500000	9.721859e+04	4.157041e-04
	266	139	39.500000	38.750000	1.007843e+05	7.746567e-05
2022	2	19	5	0
	6	7	-25.500000	71.750000	9.956232e+04	-3.398774e-05
	36	41	-18.000000	63.250000	9.799841e+04	4.829039e-05
	156	51	12.000000	60.750000	9.714200e+04	2.374768e-04
	288	80	45.000000	53.500000	9.926572e+04	1.202172e-04
	279	149	42.750000	36.250000	1.005006e+05	1.307537e-04
2022	2	19	6	6
	172	49	16.000000	61.250000	9.664023e+04	1.225673e-04
	89	52	-4.750000	60.500000	9.808438e+04	2.247751e-04
	150	109	10.500000	46.250000	1.018330e+05	1.952533e-05
	287	129	44.750000	41.250000	1.010479e+05	-8.401301e-06
	280	147	43.000000	36.750000	1.007927e+05	1.512313e-04
	145	162	9.250000	33.000000	1.018298e+05	1.490570e-05
2022	2	19	5	12
	129	29	5.250000	66.250000	9.817602e+04	8.812607e-05
	189	50	20.250000	61.000000	9.674027e+04	1.056741e-04
	110	51	0.500000	60.750000	9.811623e+04	2.925902e-04
	283	151	43.750000	35.750000	1.007708e+05	1.245394e-04
	155	162	11.750000	33.000000	1.018638e+05	-1.680882e-05
2022	2	19	8	18
	127	30	4.750000	66.000000	9.799665e+04	2.077797e-04
	212	51	26.000000	60.750000	9.695481e+04	1.746909e-04
	127	52	4.750000	60.500000	9.831181e+04	1.918476e-04
	0	54	-27.000000	60.000000	9.727916e+04	1.134889e-04
	134	116	6.500000	44.500000	1.016980e+05	8.035813e-05
	134	125	6.500000	42.250000	1.016980e+05	7.970457e-05
	288	156	45.000000	34.500000	1.011667e+05	1.250398e-04
	0	162	-27.000000	33.000000	1.024092e+05	1.650796e-05
2022	2	20	5	0
	133	30	6.250000	66.000000	9.782880e+04	2.089819e-04
	0	49	-27.000000	61.250000	9.662480e+04	9.500683e-05
	220	51	28.000000	60.750000	9.715724e+04	2.212936e-04
	136	128	7.000000	41.500000	1.017296e+05	8.313255e-05
	285	150	44.250000	36.000000	1.015127e+05	-5.490033e-05
