2022	2	14	6	0
	4	6	-26.000000	72.000000	9.976773e+04	-2.294412e-05
	220	10	28.000000	71.000000	9.836738e+04	1.268769e-04
	194	12	21.500000	70.500000	9.836738e+04	1.347619e-04
	222	20	28.500000	68.500000	9.836738e+04	6.636836e-05
	114	62	1.500000	58.000000	9.844579e+04	9.655730e-05
	103	71	-1.250000	55.750000	9.844579e+04	1.418957e-04
2022	2	14	3	3
	213	9	26.250000	71.250000	9.809655e+04	2.196461e-04
	116	62	2.000000	58.000000	9.845144e+04	1.232904e-04
	108	70	0.000000	56.000000	9.845144e+04	1.248270e-04
2022	2	14	3	6
	215	9	26.750000	71.250000	9.796388e+04	3.043189e-04
	117	68	2.250000	56.500000	9.849149e+04	3.419115e-05
	122	121	3.500000	43.250000	1.008640e+05	2.079471e-04
2022	2	14	3	9
	232	8	31.000000	71.500000	9.800342e+04	1.611682e-04
	0	52	-27.000000	60.500000	9.800017e+04	9.848530e-05
	122	66	3.500000	57.000000	9.855518e+04	5.433093e-05
2022	2	14	5	12
	231	9	30.750000	71.250000	9.798699e+04	1.844231e-04
	7	50	-25.250000	61.000000	9.752306e+04	2.703560e-04
	125	64	4.250000	57.500000	9.851632e+04	1.001951e-04
	126	64	4.500000	57.500000	9.851632e+04	1.067943e-04
	123	65	3.750000	57.250000	9.851632e+04	1.026034e-04
2022	2	14	3	15
	228	10	30.000000	71.000000	9.807498e+04	1.553963e-04
	2	44	-26.500000	62.500000	9.699802e+04	2.129477e-04
	125	63	4.250000	57.750000	9.842302e+04	1.755271e-04
2022	2	14	5	18
	250	6	35.500000	72.000000	9.808645e+04	1.131761e-04
	248	14	35.000000	70.000000	9.808645e+04	1.576066e-04
	0	41	-27.000000	63.250000	9.686294e+04	1.355977e-04
	148	58	10.000000	59.000000	9.846736e+04	1.946132e-04
	128	63	5.000000	57.750000	9.846736e+04	2.702152e-04
2022	2	14	7	21
	247	6	34.750000	72.000000	9.808799e+04	1.115568e-04
	255	14	36.750000	70.000000	9.808799e+04	1.763308e-04
	27	39	-20.250000	63.750000	9.723837e+04	-4.145882e-06
	151	54	10.750000	60.000000	9.853909e+04	2.472649e-04
	150	55	10.500000	59.750000	9.853909e+04	2.391279e-04
	132	61	6.000000	58.250000	9.853909e+04	2.837750e-04
	138	121	7.500000	43.250000	1.011058e+05	1.186203e-04
2022	2	15	9	0
	6	7	-25.500000	71.750000	9.973161e+04	5.065872e-05
	242	7	33.500000	71.750000	9.818352e+04	1.365038e-04
	261	14	38.250000	70.000000	9.818352e+04	1.865065e-04
	0	37	-27.000000	64.250000	9.732105e+04	1.158096e-04
	28	38	-20.000000	64.000000	9.733988e+04	-2.035647e-05
	125	52	4.250000	60.500000	9.858788e+04	9.058054e-05
	151	53	10.750000	60.250000	9.858788e+04	2.069183e-04
	135	61	6.750000	58.250000	9.858788e+04	2.659743e-04
	145	118	9.250000	44.000000	1.010592e+05	1.422719e-04
2022	2	15	8	3
	241	11	33.250000	70.750000	9.824891e+04	2.818676e-04
	270	13	40.500000	70.250000	9.824891e+04	2.009869e-04
	28	38	-20.000000	64.000000	9.737549e+04	-6.530355e-06
	125	51	4.250000	60.750000	9.858976e+04	7.553252e-05
	152	52	11.000000	60.500000	9.856168e+04	1.385459e-04
	142	61	8.500000	58.250000	9.856168e+04	2.454804e-04
	171	103	15.750000	47.750000	1.009902e+05	8.356613e-05
	146	118	9.500000	44.000000	1.009957e+05	1.131758e-04
2022	2	15	6	6
	272	12	41.000000	70.500000	9.833485e+04	1.992832e-04
	0	34	-27.000000	65.000000	9.739227e+04	4.973701e-05
	123	49	3.750000	61.250000	9.874811e+04	1.068733e-04
	147	59	9.750000	58.750000	9.857692e+04	2.307587e-04
	0	88	-27.000000	51.500000	9.930774e+04	1.077072e-04
	157	115	12.250000	44.750000	1.010642e+05	1.039734e-04
2022	2	15	8	9
	274	13	41.500000	70.250000	9.852145e+04	1.636556e-04
	0	35	-27.000000	64.750000	9.748505e+04	3.458445e-06
	35	36	-18.250000	64.500000	9.753830e+04	7.113835e-05
	123	48	3.750000	61.500000	9.868631e+04	1.329407e-04
	152	58	11.000000	59.000000	9.867587e+04	1.718474e-04
	4	85	-26.000000	52.250000	9.895970e+04	1.948906e-04
	159	113	12.750000	45.250000	1.011162e+05	9.483201e-05
	152	159	11.000000	33.750000	1.018053e+05	8.217947e-05
2022	2	15	6	12
	280	14	43.000000	70.000000	9.868871e+04	2.346842e-04
	0	32	-27.000000	65.500000	9.749412e+04	5.288692e-05
	36	35	-18.000000	64.750000	9.767456e+04	1.053050e-04
	12	82	-24.000000	53.000000	9.887702e+04	1.958370e-04
	161	111	13.250000	45.750000	1.011316e+05	9.018635e-05
	153	162	11.250000	33.000000	1.016856e+05	5.713955e-05
2022	2	15	4	15
	285	13	44.250000	70.250000	9.884380e+04	2.093949e-04
	0	35	-27.000000	64.750000	9.765659e+04	-5.089867e-05
	161	111	13.250000	45.750000	1.011279e+05	8.212125e-05
	160	162	13.000000	33.000000	1.015711e+05	1.874317e-05
2022	2	15	3	18
	240	13	33.000000	70.250000	9.909648e+04	9.640143e-05
	118	57	2.500000	59.250000	9.822427e+04	1.676175e-04
	163	162	13.750000	33.000000	1.016353e+05	-4.088083e-06
2022	2	15	2	21
	119	57	2.750000	59.250000	9.811795e+04	2.240552e-04
	166	159	14.500000	33.750000	1.017305e+05	1.490469e-05
2022	2	16	4	0
	244	15	34.000000	69.750000	9.940395e+04	1.542035e-05
	189	44	20.250000	62.500000	9.898470e+04	1.003642e-04
	124	58	4.000000	59.000000	9.818797e+04	2.282504e-04
	0	65	-27.000000	57.250000	9.661369e+04	1.163588e-04
2022	2	16	4	3
	206	39	24.500000	63.750000	9.903434e+04	1.368690e-04
	128	45	5.000000	62.250000	9.836498e+04	2.976900e-05
	129	59	5.250000	58.750000	9.826312e+04	2.124973e-04
	2	60	-26.500000	58.500000	9.580737e+04	2.533502e-04
2022	2	16	4	6
	130	34	5.500000	65.000000	9.841138e+04	1.794792e-04
	216	37	27.000000	64.250000	9.905883e+04	1.141498e-04
	5	57	-25.750000	59.250000	9.542561e+04	4.584981e-04
	150	57	10.500000	59.250000	9.840812e+04	1.054487e-04
2022	2	16	8	9
	126	34	4.500000	65.000000	9.836652e+04	1.447287e-04
	220	37	28.000000	64.250000	9.917780e+04	1.061421e-04
	29	52	-19.750000	60.500000	9.540130e+04	1.598476e-04
	0	53	-27.000000	60.250000	9.637624e+04	1.757596e-04
	15	58	-23.250000	59.000000	9.540130e+04	2.757525e-04
	149	61	10.250000	58.250000	9.840555e+04	1.763304e-04
	137	116	7.250000	44.500000	1.011426e+05	8.183214e-05
	180	140	18.000000	38.500000	1.014004e+05	1.501544e-04
2022	2	16	8	12
	288	11	45.000000	70.750000	9.939933e+04	7.721213e-05
	123	33	3.750000	65.250000	9.827750e+04	1.617661e-04
	0	50	-27.000000	61.000000	9.683504e+04	1.277258e-04
	60	55	-12.000000	59.750000	9.552730e+04	3.124534e-04
	29	57	-19.750000	59.250000	9.551206e+04	2.653406e-04
	155	61	11.750000	58.250000	9.845999e+04	1.515812e-04
	137	116	7.250000	44.500000	1.010962e+05	9.449614e-05
	183	139	18.750000	38.750000	1.011717e+05	1.639419e-04
2022	2	16	8	15
	0	44	-27.000000	62.500000	9.713326e+04	2.861131e-05
	31	48	-19.250000	61.500000	9.528797e+04	3.550618e-04
	60	50	-12.000000	61.000000	9.552901e+04	2.668127e-04
	43	54	-16.250000	60.000000	9.528797e+04	2.193938e-04
	168	54	15.000000	60.000000	9.848071e+04	3.402414e-05
	165	62	14.250000	58.000000	9.848071e+04	1.346787e-04
	136	119	7.000000	43.750000	1.011712e+05	1.420404e-04
	185	135	19.250000	39.750000	1.010666e+05	1.547405e-04
2022	2	16	6	18
	288	9	45.000000	71.250000	9.927761e+04	1.260012e-04
	54	48	-13.500000	61.500000	9.540798e+04	3.025167e-04
	27	49	-20.250000	61.250000	9.548741e+04	4.383227e-04
	179	52	17.750000	60.500000	9.836704e+04	9.155519e-05
	137	117	7.250000	44.250000	1.010498e+05	7.413048e-05
	184	135	19.000000	39.750000	1.010875e+05	1.313747e-04
2022	2	16	6	21
	282	8	43.500000	71.500000	9.924851e+04	2.107373e-04
	47	48	-15.250000	61.500000	9.551942e+04	3.996913e-04
	30	51	-19.500000	60.750000	9.551942e+04	3.779469e-04
	68	52	-10.000000	60.500000	9.551942e+04	2.675728e-04
	150	109	10.500000	46.250000	1.007148e+05	1.319867e-08
	184	135	19.000000	39.750000	1.011106e+05	1.311587e-04
2022	2	17	8	0
	279	9	42.750000	71.250000	9.924183e+04	1.751896e-04
	42	49	-16.500000	61.250000	9.575362e+04	4.619050e-04
	94	49	-3.500000	61.250000	9.604738e+04	2.471986e-04
	122	55	3.500000	59.750000	9.619273e+04	3.421752e-04
	150	109	10.500000	46.250000	1.005008e+05	1.824240e-05
	137	113	7.250000	45.250000	1.009775e+05	6.230648e-06
	280	121	43.000000	43.250000	1.017710e+05	-3.319946e-05
	184	138	19.000000	39.000000	1.010440e+05	1.566521e-04
2022	2	17	8	3
	279	10	42.750000	71.000000	9.922659e+04	1.626485e-04
	94	48	-3.500000	61.500000	9.594261e+04	3.070030e-04
	42	51	-16.500000	60.750000	9.609908e+04	4.096187e-04
	128	53	5.000000	60.250000	9.621344e+04	2.457211e-04
	150	63	10.500000	57.750000	9.673386e+04	2.599464e-04
	138	117	7.500000	44.250000	1.009223e+05	7.750290e-05
	280	121	43.000000	43.250000	1.017621e+05	-2.672051e-05
	201	146	23.250000	37.000000	1.009923e+05	7.423258e-05
2022	2	17	6	6
	282	12	43.500000	70.500000	9.922402e+04	1.543939e-04
	94	47	-3.500000	61.750000	9.593148e+04	3.263167e-04
	57	51	-12.750000	60.750000	9.638412e+04	3.314847e-04
	159	62	12.750000	58.000000	9.672068e+04	3.114493e-04
	0	84	-27.000000	52.500000	9.974513e+04	1.112774e-04
	202	146	23.500000	37.000000	1.010825e+05	6.517331e-05
2022	2	17	7	9
	284	12	44.000000	70.500000	9.928994e+04	1.466538e-04
	130	42	5.500000	63.000000	9.645995e+04	6.422710e-05
	96	48	-3.000000	61.500000	9.623946e+04	3.202151e-04
	62	52	-11.500000	60.500000	9.652415e+04	3.760477e-04
	167	62	14.750000	58.000000	9.682579e+04	2.718221e-04
	181	67	18.250000	56.750000	9.682579e+04	2.100558e-04
	277	120	42.250000	43.500000	1.014814e+05	-1.093140e-05
2022	2	17	7	12
	288	13	45.000000	70.250000	9.933393e+04	7.953943e-05
	130	40	5.500000	63.500000	9.665751e+04	9.459362e-05
	101	48	-1.750000	61.500000	9.647262e+04	2.696004e-04
	120	49	3.000000	61.250000	9.647262e+04	2.027813e-04
	73	53	-8.750000	60.250000	9.662327e+04	3.725085e-04
	179	63	17.750000	57.750000	9.687338e+04	2.518327e-04
	279	120	42.750000	43.500000	1.012835e+05	-4.997294e-06
2022	2	17	4	15
	110	48	0.500000	61.500000	9.665049e+04	2.427095e-04
	85	53	-5.750000	60.250000	9.667840e+04	3.576746e-04
	192	65	21.000000	57.250000	9.697388e+04	2.260003e-04
	75	87	-8.250000	51.750000	1.000680e+05	1.312903e-04
2022	2	17	3	18
	129	38	5.250000	64.000000	9.670904e+04	1.273232e-04
	117	48	2.250000	61.500000	9.670904e+04	2.366946e-04
	201	65	23.250000	57.250000	9.703995e+04	1.933212e-04
2022	2	17	2	21
	124	46	4.000000	62.000000	9.667720e+04	2.496406e-04
	208	65	25.000000	57.250000	9.715602e+04	1.818589e-04
2022	2	18	4	0
	130	43	5.500000	62.750000	9.672068e+04	1.590754e-04
	144	48	9.000000	61.500000	9.672068e+04	5.366300e-05
	126	51	4.500000	60.750000	9.672068e+04	3.192457e-04
	220	64	28.000000	57.500000	9.725052e+04	1.158312e-04
2022	2	18	3	3
	135	42	6.750000	63.000000	9.667788e+04	1.222913e-04
	142	51	8.500000	60.750000	9.667788e+04	1.057296e-04
	228	60	30.000000	58.500000	9.732123e+04	1.035205e-04
2022	2	18	2	6
	140	40	8.000000	63.500000	9.680251e+04	9.787436e-05
	232	56	31.000000	59.500000	9.740408e+04	1.361025e-04
2022	2	18	3	9
	127	38	4.750000	64.000000	9.691293e+04	1.399325e-04
	149	46	10.250000	62.000000	9.691550e+04	-3.393566e-05
	235	53	31.750000	60.250000	9.749156e+04	1.530948e-04
2022	2	18	3	12
	129	39	5.250000	63.750000	9.694871e+04	1.450136e-04
	243	47	33.750000	61.750000	9.763296e+04	1.169193e-04
	277	118	42.250000	44.000000	1.000528e+05	-3.791805e-05
2022	2	18	3	15
	131	39	5.750000	63.750000	9.690437e+04	1.259762e-04
	246	43	34.500000	62.750000	9.768141e+04	1.334896e-04
	285	122	44.250000	43.000000	1.002589e+05	6.038602e-07
2022	2	18	6	18
	138	33	7.500000	65.250000	9.690899e+04	1.437921e-04
	139	33	7.750000	65.250000	9.690899e+04	1.472632e-04
	140	33	8.000000	65.250000	9.690899e+04	1.487905e-04
	255	36	36.750000	64.500000	9.767200e+04	1.132050e-04
	0	62	-27.000000	58.000000	9.908228e+04	1.256081e-04
	287	122	44.750000	43.000000	1.002948e+05	5.450543e-06
2022	2	18	5	21
	288	28	45.000000	66.500000	9.823128e+04	3.728726e-05
	257	31	37.250000	65.750000	9.754120e+04	1.928787e-04
	134	32	6.500000	65.500000	9.689838e+04	1.281406e-04
	184	46	19.000000	62.000000	9.706375e+04	1.222084e-04
	108	137	0.000000	39.250000	1.013028e+05	6.313018e-05
2022	2	19	6	0
	258	30	37.500000	66.000000	9.744089e+04	1.505610e-04
	132	33	6.000000	65.250000	9.692388e+04	1.630553e-04
	188	45	20.000000	62.250000	9.699270e+04	1.277263e-04
	109	138	0.250000	39.000000	1.013145e+05	6.657357e-05
	120	144	3.000000	37.500000	1.013145e+05	-3.622661e-05
	275	157	41.750000	34.250000	1.012210e+05	-7.217487e-06
2022	2	19	7	3
	260	29	38.000000	66.250000	9.738200e+04	1.372319e-04
	132	33	6.000000	65.250000	9.694631e+04	1.757213e-04
	190	45	20.500000	62.250000	9.695059e+04	1.530701e-04
	281	140	43.250000	38.500000	1.012206e+05	3.330828e-06
	106	141	-0.500000	38.250000	1.013466e+05	3.438532e-05
	273	151	41.250000	35.750000	1.012901e+05	1.230311e-04
	283	162	43.750000	33.000000	1.012963e+05	-4.056765e-05
2022	2	19	10	6
	262	18	38.500000	69.000000	9.724042e+04	1.133960e-04
	263	18	38.750000	69.000000	9.724042e+04	1.202203e-04
	134	34	6.500000	65.000000	9.697096e+04	1.729468e-04
	190	45	20.500000	62.250000	9.694768e+04	1.621178e-04
	0	66	-27.000000	57.000000	9.759273e+04	1.187447e-04
	137	117	7.250000	44.250000	1.011232e+05	1.579777e-04
	282	140	43.500000	38.500000	1.013725e+05	-2.260952e-06
	275	151	41.750000	35.750000	1.014158e+05	1.215996e-04
	286	152	44.500000	35.500000	1.014125e+05	-6.114584e-05
	283	162	43.750000	33.000000	1.014125e+05	-3.663980e-05
2022	2	19	10	9
	259	16	37.750000	69.500000	9.714575e+04	1.231976e-04
	266	24	39.500000	67.500000	9.714575e+04	1.445187e-04
	135	34	6.750000	65.000000	9.706135e+04	1.698444e-04
	191	46	20.750000	62.000000	9.708584e+04	1.725502e-04
	228	48	30.000000	61.500000	9.711169e+04	1.176854e-04
	0	63	-27.000000	57.750000	9.656284e+04	1.577935e-04
	135	119	6.750000	43.750000	1.013119e+05	1.285731e-04
	285	138	44.250000	39.000000	1.013451e+05	1.726962e-05
	274	148	41.500000	36.500000	1.014050e+05	1.273640e-04
	285	162	44.250000	33.000000	1.013216e+05	-1.828605e-05
2022	2	19	8	12
	250	15	35.500000	69.750000	9.705382e+04	1.872764e-04
	138	33	7.500000	65.250000	9.712093e+04	1.756248e-04
	212	41	26.000000	63.250000	9.717348e+04	5.646665e-05
	233	46	31.250000	62.000000	9.717348e+04	1.273829e-04
	11	62	-24.250000	58.000000	9.647399e+04	2.891471e-04
	135	119	6.750000	43.750000	1.013283e+05	1.103395e-04
	275	150	41.750000	36.000000	1.012679e+05	1.073409e-04
	285	162	44.250000	33.000000	1.011164e+05	1.852836e-06
2022	2	19	9	15
	249	15	35.250000	69.750000	9.695179e+04	2.054011e-04
	140	33	8.000000	65.250000	9.714884e+04	1.959508e-04
	215	40	26.750000	63.500000	9.727004e+04	8.483659e-05
	239	44	32.750000	62.500000	9.727004e+04	1.195404e-04
	30	62	-19.500000	58.000000	9.625024e+04	3.156088e-04
	134	119	6.500000	43.750000	1.013475e+05	1.378457e-04
	96	144	-3.000000	37.500000	1.018465e+05	5.228135e-05
	274	150	41.500000	36.000000	1.013434e+05	9.863901e-05
	90	162	-4.500000	33.000000	1.016793e+05	8.147200e-05
2022	2	19	6	18
	249	15	35.250000	69.750000	9.685917e+04	2.207317e-04
	142	32	8.500000	65.500000	9.713873e+04	1.980345e-04
	243	43	33.750000	62.750000	9.727740e+04	1.175157e-04
	47	65	-15.250000	57.250000	9.617133e+04	3.389486e-04
	137	122	7.250000	43.000000	1.015279e+05	1.196307e-04
	270	154	40.500000	35.000000	1.014764e+05	1.290572e-04
2022	2	19	7	21
	250	16	35.500000	69.500000	9.681090e+04	1.712038e-04
	141	31	8.250000	65.750000	9.712983e+04	1.558751e-04
	0	57	-27.000000	59.250000	9.785295e+04	1.593029e-04
	59	65	-12.250000	57.250000	9.601058e+04	3.013372e-04
	281	148	43.250000	36.500000	1.012759e+05	-1.549815e-05
	73	150	-8.750000	36.000000	1.022685e+05	1.680874e-04
	274	156	41.500000	34.500000	1.011739e+05	5.086890e-05
2022	2	20	11	0
	70	7	-9.500000	71.750000	9.788102e+04	2.429908e-04
	252	16	36.000000	69.500000	9.678676e+04	1.117547e-04
	139	31	7.750000	65.750000	9.711545e+04	1.531614e-04
	0	58	-27.000000	59.000000	9.806694e+04	1.131498e-04
	68	64	-10.000000	57.500000	9.588441e+04	2.626033e-04
	157	105	12.250000	47.250000	1.011902e+05	-1.155135e-04
	117	124	2.250000	42.500000	1.018717e+05	-5.547126e-05
	281	148	43.250000	36.500000	1.012044e+05	-2.972578e-05
	72	152	-9.000000	35.500000	1.023296e+05	1.585134e-04
	263	156	38.750000	34.500000	1.014747e+05	9.411720e-05
	86	162	-5.500000	33.000000	1.023199e+05	3.767310e-05
