2022	2	10	7	0
	162	11	13.500000	70.750000	9.658548e+04	2.622672e-05
	148	22	10.000000	68.000000	9.656842e+04	3.880810e-04
	59	56	-12.250000	59.500000	9.862813e+04	4.585513e-04
	152	106	11.000000	47.000000	1.022381e+05	-4.003625e-05
	139	110	7.750000	46.000000	1.022381e+05	-8.239240e-05
	248	153	35.000000	35.250000	1.007910e+05	1.139434e-04
	277	162	42.250000	33.000000	1.008358e+05	1.002302e-04
2022	2	10	9	6
	177	5	17.250000	72.250000	9.724722e+04	1.233738e-04
	8	6	-25.000000	72.000000	1.002745e+05	-1.529549e-05
	175	16	16.750000	69.500000	9.688008e+04	-7.285599e-05
	4	17	-26.000000	69.250000	1.002745e+05	4.311311e-05
	164	23	14.000000	67.750000	9.688008e+04	3.506916e-04
	77	59	-7.750000	58.750000	9.909562e+04	4.821214e-04
	152	106	11.000000	47.000000	1.021299e+05	-4.681867e-05
	158	106	12.500000	47.000000	1.021299e+05	-3.598760e-05
	250	153	35.500000	35.250000	1.010134e+05	9.626299e-05
2022	2	10	11	12
	181	4	18.250000	72.500000	9.738756e+04	1.605198e-04
	7	6	-25.250000	72.000000	1.002164e+05	-6.838049e-06
	192	16	21.000000	69.500000	9.740755e+04	-1.871244e-05
	190	28	20.500000	66.500000	9.762278e+04	1.305599e-04
	94	63	-3.500000	57.750000	9.996691e+04	3.652066e-04
	137	117	7.250000	44.250000	1.022260e+05	1.270254e-04
	284	139	44.000000	38.750000	1.008944e+05	3.102418e-05
	271	147	40.750000	36.750000	1.009525e+05	6.714323e-05
	280	151	43.000000	35.750000	1.009517e+05	8.641864e-05
	270	156	40.500000	34.500000	1.009525e+05	2.586466e-05
	41	162	-16.750000	33.000000	1.022565e+05	-3.695890e-05
2022	2	10	10	18
	188	5	20.000000	72.250000	9.756515e+04	1.948890e-04
	8	6	-25.000000	72.000000	1.000047e+05	-3.950568e-05
	215	13	26.750000	70.250000	9.756515e+04	9.108368e-06
	9	14	-24.750000	70.000000	9.978991e+04	1.329330e-05
	40	16	-17.000000	69.500000	9.978991e+04	1.461538e-04
	41	16	-16.750000	69.500000	9.978991e+04	1.493756e-04
	211	30	25.750000	66.000000	9.799912e+04	1.121973e-04
	111	68	0.750000	56.500000	1.005463e+05	3.123115e-04
	99	134	-2.250000	40.000000	1.022491e+05	-1.716669e-05
	89	157	-4.750000	34.250000	1.021056e+05	-2.248895e-05
2022	2	11	4	0
	202	7	23.500000	71.750000	9.779664e+04	2.226514e-04
	50	12	-14.500000	70.500000	9.943826e+04	1.878530e-04
	0	72	-27.000000	55.500000	9.957409e+04	1.534957e-04
	125	73	4.250000	55.250000	1.009552e+05	3.041886e-04
2022	2	11	4	6
	218	7	27.500000	71.750000	9.802205e+04	1.677325e-04
	68	12	-10.000000	70.500000	9.938495e+04	1.031623e-04
	69	12	-9.750000	70.500000	9.938495e+04	1.030091e-04
	70	12	-9.500000	70.500000	9.938495e+04	1.037526e-04
2022	2	11	6	12
	231	7	30.750000	71.750000	9.832451e+04	1.933553e-04
	90	12	-4.500000	70.500000	9.949001e+04	8.890757e-05
	126	21	4.500000	68.250000	9.950980e+04	1.720844e-04
	14	58	-23.500000	59.000000	9.867792e+04	2.443533e-04
	2	70	-26.500000	56.000000	9.880651e+04	1.001582e-04
	134	119	6.500000	43.750000	1.020664e+05	7.216034e-05
2022	2	11	5	18
	239	7	32.750000	71.750000	9.848680e+04	1.709004e-04
	143	18	8.750000	69.000000	9.909386e+04	1.749805e-04
	9	58	-24.750000	59.000000	9.849426e+04	2.915288e-04
	23	66	-21.250000	57.000000	9.849426e+04	1.714208e-04
	133	123	6.250000	42.750000	1.021109e+05	5.144979e-05
2022	2	12	5	0
	244	11	34.000000	70.750000	9.856894e+04	3.882237e-04
	158	17	12.500000	69.250000	9.872673e+04	2.372867e-04
	40	51	-17.000000	60.750000	9.875123e+04	1.416558e-04
	38	52	-17.500000	60.500000	9.875123e+04	1.259158e-04
	39	61	-17.250000	58.250000	9.875123e+04	1.426714e-04
2022	2	12	3	6
	251	11	35.750000	70.750000	9.850092e+04	1.980783e-04
	167	21	14.750000	68.250000	9.902427e+04	2.747568e-04
	51	56	-14.250000	59.500000	9.861618e+04	1.171982e-04
2022	2	12	3	12
	258	10	37.500000	71.000000	9.855031e+04	2.425966e-04
	193	28	21.250000	66.500000	9.963309e+04	9.582027e-05
	68	54	-10.000000	60.000000	9.861323e+04	1.353426e-04
2022	2	12	3	18
	265	9	39.250000	71.250000	9.860010e+04	2.578393e-04
	76	52	-8.000000	60.500000	9.848641e+04	1.470427e-04
	4	93	-26.000000	50.250000	9.932791e+04	1.776001e-04
2022	2	13	5	0
	270	8	40.500000	71.500000	9.872614e+04	2.044249e-04
	106	42	-0.500000	63.000000	9.848563e+04	1.282672e-04
	91	49	-4.250000	61.250000	9.848563e+04	1.693149e-04
	18	93	-22.500000	50.250000	9.897880e+04	2.817743e-04
	38	99	-17.500000	48.750000	9.911719e+04	2.510577e-04
2022	2	13	7	6
	191	0	20.750000	73.500000	9.889628e+04	1.277846e-04
	275	6	41.750000	72.000000	9.884962e+04	2.147525e-04
	122	39	3.500000	63.750000	9.837018e+04	1.435313e-04
	101	49	-1.750000	61.250000	9.835548e+04	1.852379e-04
	48	93	-15.000000	50.250000	9.796973e+04	3.215969e-04
	36	97	-18.000000	49.250000	9.796973e+04	2.016585e-04
	285	128	44.250000	41.500000	1.023751e+05	-1.271833e-05
2022	2	13	7	12
	196	0	22.000000	73.500000	9.890667e+04	1.182588e-04
	281	4	43.250000	72.500000	9.904859e+04	2.669120e-04
	129	40	5.250000	63.500000	9.845074e+04	2.023022e-04
	110	49	0.500000	61.250000	9.844447e+04	1.911473e-04
	4	57	-26.000000	59.250000	9.992222e+04	1.075149e-04
	58	97	-12.500000	49.250000	9.802362e+04	3.297701e-04
	279	122	42.750000	43.000000	1.023389e+05	2.261157e-05
2022	2	13	6	18
	282	0	43.500000	73.500000	9.914835e+04	1.457793e-04
	209	2	25.250000	73.000000	9.894979e+04	1.896814e-04
	119	49	2.750000	61.250000	9.856286e+04	1.530921e-04
	5	52	-25.750000	60.500000	9.954411e+04	1.366373e-04
	76	92	-8.000000	50.500000	9.802970e+04	5.613727e-05
	77	100	-7.750000	48.500000	9.802970e+04	2.789796e-04
2022	2	14	4	0
	221	2	28.250000	73.000000	9.902075e+04	2.212379e-04
	2	45	-26.500000	62.250000	9.915952e+04	1.367312e-04
	0	54	-27.000000	60.000000	9.918305e+04	-6.407696e-06
	96	97	-3.000000	49.250000	9.812830e+04	2.632232e-04
2022	2	14	5	6
	231	2	30.750000	73.000000	9.903290e+04	2.048190e-04
	232	2	31.000000	73.000000	9.903290e+04	2.174974e-04
	110	90	0.500000	51.000000	9.808321e+04	2.499478e-04
	278	120	42.500000	43.500000	1.015480e+05	4.086061e-05
	271	131	40.750000	40.750000	1.015174e+05	4.819653e-05
2022	2	14	5	12
	235	0	31.750000	73.500000	9.917030e+04	1.454311e-04
	221	34	28.250000	65.000000	9.923460e+04	7.259039e-05
	120	85	3.000000	52.250000	9.826904e+04	2.574913e-04
	278	120	42.500000	43.500000	1.014266e+05	2.753821e-05
	272	135	41.000000	39.750000	1.012931e+05	-2.410535e-05
2022	2	14	5	18
	235	0	31.750000	73.500000	9.923342e+04	9.970325e-05
	21	53	-21.750000	60.250000	9.730700e+04	1.768919e-04
	132	82	6.000000	53.000000	9.850053e+04	2.323580e-04
	138	119	7.500000	43.750000	1.007431e+05	1.082152e-04
	279	120	42.750000	43.500000	1.015754e+05	-8.341058e-07
2022	2	15	7	0
	238	2	32.500000	73.000000	9.941768e+04	1.839983e-04
	6	14	-25.500000	70.000000	9.933927e+04	-6.267557e-05
	283	16	43.750000	69.500000	9.936319e+04	1.839548e-04
	0	48	-27.000000	61.500000	9.711040e+04	1.424260e-04
	33	53	-18.750000	60.250000	9.724662e+04	1.326763e-04
	140	65	8.000000	57.250000	9.866988e+04	1.299097e-04
	280	121	43.000000	43.250000	1.016903e+05	-1.527966e-05
2022	2	15	8	6
	286	12	44.500000	70.500000	9.929086e+04	1.491426e-04
	6	14	-25.500000	70.000000	9.907132e+04	-5.350513e-05
	0	47	-27.000000	61.750000	9.709609e+04	9.001191e-05
	38	50	-17.500000	61.000000	9.756848e+04	2.196514e-04
	120	52	3.000000	60.500000	9.849622e+04	9.322831e-05
	145	63	9.250000	57.750000	9.857521e+04	1.041431e-04
	281	121	43.250000	43.250000	1.018175e+05	1.138863e-05
	273	130	41.250000	41.000000	1.018175e+05	5.994603e-06
2022	2	15	8	12
	251	11	35.750000	70.750000	9.937809e+04	7.969658e-05
	6	14	-25.500000	70.000000	9.908680e+04	-1.263590e-05
	18	42	-22.500000	63.000000	9.729445e+04	2.162135e-04
	19	42	-22.250000	63.000000	9.729445e+04	2.236130e-04
	0	44	-27.000000	62.500000	9.729445e+04	7.984040e-05
	55	55	-13.250000	59.750000	9.764826e+04	2.576601e-04
	151	61	10.750000	58.250000	9.858481e+04	1.195674e-04
	84	62	-6.000000	58.000000	9.779802e+04	2.201592e-04
2022	2	15	5	18
	52	52	-14.000000	60.500000	9.760573e+04	2.650847e-04
	131	68	5.750000	56.500000	9.783153e+04	2.253318e-04
	94	92	-3.500000	50.500000	9.931928e+04	2.150944e-04
	282	122	43.500000	43.000000	1.019208e+05	1.464267e-06
	180	125	18.000000	42.250000	1.010869e+05	1.162588e-04
2022	2	16	6	0
	47	48	-15.250000	61.500000	9.738345e+04	2.950322e-04
	103	48	-1.250000	61.500000	9.829001e+04	1.168288e-04
	152	65	11.000000	57.250000	9.790562e+04	1.091816e-04
	135	68	6.750000	56.500000	9.790562e+04	2.223522e-04
	15	73	-23.250000	55.250000	9.583494e+04	4.868175e-04
	180	125	18.000000	42.250000	1.010977e+05	1.028343e-04
2022	2	16	3	6
	35	45	-18.250000	62.250000	9.689047e+04	2.465580e-04
	156	65	12.000000	57.250000	9.817299e+04	9.578613e-05
	47	68	-15.250000	56.500000	9.539136e+04	4.037857e-04
2022	2	16	4	12
	0	44	-27.000000	62.500000	9.749851e+04	1.004540e-04
	18	44	-22.500000	62.500000	9.706061e+04	2.179461e-04
	173	61	16.250000	58.250000	9.842526e+04	5.183707e-05
	71	63	-9.250000	57.750000	9.512242e+04	3.804171e-04
2022	2	16	3	18
	288	39	45.000000	63.750000	1.003650e+05	1.070877e-04
	6	40	-25.500000	63.500000	9.718410e+04	2.965644e-04
	90	64	-4.500000	57.500000	9.557169e+04	3.051493e-04
2022	2	17	3	0
	0	34	-27.000000	65.000000	9.791052e+04	1.127691e-04
	288	37	45.000000	64.250000	1.001911e+05	6.042825e-05
	123	66	3.750000	57.000000	9.591902e+04	1.944662e-04
2022	2	17	4	6
	0	32	-27.000000	65.500000	9.864323e+04	8.373557e-05
	288	36	45.000000	64.500000	1.000596e+05	-2.292455e-05
	147	69	9.750000	56.250000	9.645336e+04	2.356897e-04
	0	117	-27.000000	44.250000	1.000861e+05	9.927039e-05
2022	2	17	5	12
	219	43	27.750000	62.750000	9.786230e+04	1.797444e-04
	80	46	-7.000000	62.000000	9.883689e+04	1.673390e-04
	188	68	20.000000	56.500000	9.733680e+04	9.350981e-05
	171	75	15.750000	54.750000	9.733680e+04	2.033777e-04
	9	108	-24.750000	46.500000	9.932575e+04	3.168076e-04
2022	2	17	8	18
	149	20	10.250000	68.500000	9.858638e+04	7.594481e-05
	223	34	28.750000	65.000000	9.820573e+04	1.617028e-04
	43	40	-16.250000	63.500000	9.903761e+04	1.797255e-04
	87	45	-5.250000	62.250000	9.900330e+04	1.864379e-04
	205	66	24.250000	57.000000	9.799501e+04	7.883467e-05
	21	73	-21.750000	55.250000	9.957488e+04	1.205480e-04
	40	92	-17.000000	50.500000	9.890883e+04	2.116514e-04
	23	100	-21.250000	48.500000	9.889785e+04	3.673785e-04
2022	2	18	6	0
	161	20	13.250000	68.500000	9.858384e+04	1.177620e-04
	228	27	30.000000	66.750000	9.855541e+04	9.596173e-05
	49	38	-14.750000	64.000000	9.915051e+04	1.866705e-04
	35	65	-18.250000	57.250000	9.898703e+04	1.969663e-04
	45	85	-15.750000	52.250000	9.859011e+04	2.881001e-04
	37	96	-17.750000	49.500000	9.861343e+04	4.266151e-04
2022	2	18	6	6
	163	18	13.750000	69.000000	9.848583e+04	1.135955e-04
	46	34	-15.500000	65.000000	9.897645e+04	1.739357e-04
	38	62	-17.500000	58.000000	9.835391e+04	3.457090e-04
	57	74	-12.750000	55.000000	9.759044e+04	4.220488e-04
	134	118	6.500000	44.000000	1.015188e+05	7.327702e-05
	219	147	27.750000	36.750000	9.991771e+04	1.914629e-04
2022	2	18	5	12
	203	8	23.750000	71.500000	9.845191e+04	9.785486e-05
	53	32	-13.750000	65.500000	9.896234e+04	1.957733e-04
	67	67	-10.250000	56.750000	9.638828e+04	4.924374e-04
	235	144	31.750000	37.500000	9.943159e+04	-3.571403e-05
	223	150	28.750000	36.000000	9.943159e+04	2.540728e-04
2022	2	18	4	18
	6	7	-25.500000	71.750000	9.988968e+04	-4.802059e-05
	188	7	20.000000	71.750000	9.830177e+04	1.478105e-04
	84	60	-6.000000	58.500000	9.576300e+04	4.494005e-04
	228	151	30.000000	35.750000	9.934437e+04	1.769063e-04
2022	2	19	8	0
	182	8	18.500000	71.500000	9.816123e+04	2.050476e-04
	99	57	-2.250000	59.250000	9.567754e+04	3.678358e-04
	41	59	-16.750000	58.750000	9.780684e+04	1.437234e-04
	0	67	-27.000000	56.750000	9.665643e+04	1.564852e-04
	104	124	-1.000000	42.500000	1.015313e+05	4.541622e-05
	235	147	31.750000	36.750000	9.940199e+04	-8.096806e-05
	225	149	29.250000	36.250000	9.940199e+04	2.763499e-05
	229	157	30.250000	34.250000	9.940199e+04	2.311914e-04
2022	2	19	8	6
	6	7	-25.500000	71.750000	9.960820e+04	-4.796657e-05
	182	9	18.500000	71.250000	9.803559e+04	8.751807e-05
	126	42	4.500000	63.000000	9.618247e+04	1.273342e-04
	118	55	2.500000	59.750000	9.610210e+04	3.284558e-04
	11	68	-24.250000	56.500000	9.683813e+04	2.737961e-04
	171	103	15.750000	47.750000	1.010540e+05	6.242608e-05
	235	147	31.750000	36.750000	9.985126e+04	-7.708903e-05
	234	162	31.500000	33.000000	9.967034e+04	1.991019e-04
2022	2	19	6	12
	6	7	-25.500000	71.750000	9.962095e+04	-5.165405e-05
	155	33	11.750000	65.250000	9.701945e+04	2.152594e-04
	140	53	8.000000	60.250000	9.700730e+04	1.554271e-04
	39	63	-17.250000	57.750000	9.726466e+04	1.938132e-04
	41	72	-16.750000	55.500000	9.726466e+04	1.110783e-04
	237	162	32.250000	33.000000	1.000236e+05	1.389621e-04
2022	2	19	8	18
	163	24	13.750000	67.500000	9.717155e+04	1.659541e-04
	183	29	18.750000	66.250000	9.717155e+04	1.732707e-04
	184	30	19.000000	66.000000	9.717155e+04	1.529318e-04
	62	59	-11.500000	58.750000	9.791170e+04	1.648896e-04
	38	68	-17.500000	56.500000	9.797188e+04	1.729105e-04
	65	73	-10.750000	55.250000	9.786407e+04	2.800273e-04
	240	162	33.000000	33.000000	1.008217e+05	5.648863e-05
	276	162	42.000000	33.000000	1.008566e+05	4.282252e-05
2022	2	20	5	0
	181	13	18.250000	70.250000	9.728779e+04	1.305137e-04
	198	23	22.500000	67.750000	9.728779e+04	1.364020e-04
	199	23	22.750000	67.750000	9.728779e+04	1.180102e-04
	75	72	-8.250000	55.500000	9.822533e+04	2.615524e-04
	283	162	43.750000	33.000000	1.008578e+05	1.540675e-05
