2022	2	10	8	0
	8	6	-25.000000	72.000000	1.001225e+05	-2.197445e-05
	166	8	14.500000	71.500000	9.679737e+04	3.658524e-05
	9	14	-24.750000	70.000000	1.001225e+05	7.559606e-05
	148	23	10.000000	67.750000	9.643709e+04	5.052641e-04
	58	56	-12.500000	59.500000	9.849171e+04	5.248793e-04
	152	106	11.000000	47.000000	1.022850e+05	-3.980234e-05
	139	110	7.750000	46.000000	1.022850e+05	-7.407897e-05
	247	152	34.750000	35.500000	1.008164e+05	1.129216e-04
2022	2	10	8	6
	8	6	-25.000000	72.000000	1.002839e+05	-1.816791e-05
	172	11	16.000000	70.750000	9.707786e+04	9.035443e-05
	195	15	21.750000	69.750000	9.707884e+04	-4.146731e-05
	1	18	-26.750000	69.000000	1.003193e+05	2.282933e-05
	165	24	14.250000	67.500000	9.686323e+04	3.304276e-04
	77	59	-7.750000	58.750000	9.896723e+04	5.111567e-04
	152	106	11.000000	47.000000	1.021815e+05	-4.083049e-05
	250	152	35.500000	35.500000	1.010185e+05	1.089416e-04
2022	2	10	7	12
	7	6	-25.250000	72.000000	1.002496e+05	-5.894870e-06
	184	8	19.000000	71.500000	9.734914e+04	1.690393e-04
	221	11	28.250000	70.750000	9.736639e+04	5.093011e-05
	22	21	-21.500000	68.250000	1.002064e+05	5.052620e-05
	192	28	21.000000	66.500000	9.758475e+04	2.090275e-04
	94	62	-3.500000	58.000000	9.978070e+04	3.918424e-04
	137	117	7.250000	44.250000	1.022293e+05	1.138699e-04
2022	2	10	7	18
	8	6	-25.000000	72.000000	1.000049e+05	-3.129351e-05
	190	6	20.500000	72.000000	9.742226e+04	1.985809e-04
	9	14	-24.750000	70.000000	9.977168e+04	1.791092e-05
	41	16	-16.750000	69.500000	9.977168e+04	1.517391e-04
	211	30	25.750000	66.000000	9.799971e+04	1.695106e-04
	111	68	0.750000	56.500000	1.002829e+05	3.436145e-04
	87	156	-5.250000	34.500000	1.020686e+05	-1.387588e-06
2022	2	11	6	0
	215	0	26.750000	73.500000	9.773333e+04	3.364050e-06
	199	7	22.750000	71.750000	9.773333e+04	2.233438e-04
	51	13	-14.250000	70.250000	9.940180e+04	1.839876e-04
	0	72	-27.000000	55.500000	9.973345e+04	1.142703e-04
	127	73	4.750000	55.250000	1.007157e+05	2.928433e-04
	137	117	7.250000	44.250000	1.022268e+05	1.043407e-04
2022	2	11	6	6
	223	0	28.750000	73.500000	9.805303e+04	-6.056309e-05
	224	0	29.000000	73.500000	9.805303e+04	-5.007416e-05
	215	9	26.750000	71.250000	9.805303e+04	1.865884e-04
	61	13	-11.750000	70.250000	9.936809e+04	1.930433e-04
	141	78	8.250000	54.000000	1.011730e+05	2.411520e-04
	188	123	20.000000	42.750000	1.020699e+05	-6.047727e-06
2022	2	11	7	12
	235	0	31.750000	73.500000	9.846427e+04	3.767887e-06
	229	10	30.250000	71.000000	9.846427e+04	1.966653e-04
	106	15	-0.500000	69.750000	9.938886e+04	9.851273e-05
	121	22	3.250000	68.000000	9.938886e+04	1.477431e-04
	13	60	-23.750000	58.500000	9.890784e+04	1.933833e-04
	3	73	-26.250000	55.250000	9.901997e+04	1.465673e-04
	135	119	6.750000	43.750000	1.020505e+05	8.372240e-05
2022	2	11	6	18
	244	0	34.000000	73.500000	9.870203e+04	4.618924e-05
	242	13	33.500000	70.250000	9.869066e+04	1.137387e-04
	115	16	1.750000	69.500000	9.900468e+04	1.046318e-04
	140	20	8.000000	68.500000	9.900468e+04	1.688045e-04
	9	59	-24.750000	58.750000	9.862617e+04	2.688218e-04
	21	68	-21.750000	56.500000	9.862617e+04	1.912586e-04
2022	2	12	5	0
	248	14	35.000000	70.000000	9.882689e+04	9.862548e-05
	143	20	8.750000	68.500000	9.873162e+04	3.143199e-04
	36	54	-18.000000	60.000000	9.868537e+04	1.505752e-04
	12	62	-24.000000	58.000000	9.866988e+04	1.680057e-04
	41	63	-16.750000	57.750000	9.868537e+04	1.320653e-04
2022	2	12	5	6
	258	0	37.500000	73.500000	9.888511e+04	3.941538e-05
	253	14	36.250000	70.000000	9.888236e+04	1.177851e-04
	162	24	13.500000	67.500000	9.894156e+04	2.773328e-04
	30	56	-19.500000	59.500000	9.851131e+04	1.768506e-04
	54	58	-13.500000	59.000000	9.850425e+04	1.203302e-04
2022	2	12	2	12
	255	17	36.750000	69.250000	9.904466e+04	1.531247e-04
	73	55	-8.750000	59.750000	9.840095e+04	1.377126e-04
2022	2	12	1	18
	84	51	-6.000000	60.750000	9.820317e+04	1.818105e-04
2022	2	13	1	0
	94	49	-3.500000	61.250000	9.822473e+04	1.998307e-04
2022	2	13	3	6
	179	0	17.750000	73.500000	9.882611e+04	4.659170e-05
	117	44	2.250000	62.500000	9.815652e+04	1.107501e-04
	102	50	-1.500000	61.000000	9.815652e+04	2.282758e-04
2022	2	13	4	12
	194	0	21.500000	73.500000	9.893038e+04	4.148520e-05
	173	6	16.250000	72.000000	9.893038e+04	6.109846e-05
	126	45	4.500000	62.250000	9.838664e+04	1.152110e-04
	227	144	29.750000	37.500000	1.019004e+05	1.271484e-05
2022	2	13	4	18
	206	0	24.500000	73.500000	9.901663e+04	8.486217e-05
	174	9	16.500000	71.250000	9.904152e+04	3.170493e-05
	2	17	-26.500000	69.250000	9.976521e+04	1.447455e-05
	113	55	1.250000	59.750000	9.853189e+04	1.883762e-04
2022	2	14	7	0
	217	0	27.250000	73.500000	9.908249e+04	-1.414889e-05
	2	17	-26.500000	69.250000	9.988909e+04	1.843094e-05
	209	32	25.250000	65.500000	9.866440e+04	1.140256e-04
	118	58	2.500000	59.000000	9.857364e+04	1.295318e-04
	125	66	4.250000	57.000000	9.857364e+04	1.337294e-04
	126	66	4.500000	57.000000	9.857364e+04	1.428814e-04
	120	123	3.000000	42.750000	1.010195e+05	1.035198e-04
2022	2	14	2	6
	219	32	27.750000	65.500000	9.883140e+04	8.412140e-05
	135	64	6.750000	57.500000	9.829334e+04	2.090333e-04
2022	2	14	4	12
	256	3	37.000000	72.750000	9.890334e+04	1.866905e-04
	0	49	-27.000000	61.250000	9.828628e+04	1.128902e-04
	160	60	13.000000	58.500000	9.845251e+04	1.374526e-04
	145	63	9.250000	57.750000	9.845251e+04	2.603896e-04
2022	2	14	4	18
	258	3	37.500000	72.750000	9.874574e+04	1.514494e-04
	0	38	-27.000000	64.000000	9.742265e+04	9.632393e-05
	191	56	20.750000	59.500000	9.883924e+04	1.283083e-04
	136	120	7.000000	43.500000	1.009346e+05	1.596476e-04
2022	2	15	5	0
	267	1	39.750000	73.250000	9.875202e+04	1.383072e-04
	0	32	-27.000000	65.500000	9.719527e+04	6.913242e-05
	24	34	-21.000000	65.000000	9.719527e+04	9.609061e-05
	216	50	27.000000	61.000000	9.896763e+04	1.190753e-04
	151	116	10.750000	44.500000	1.009091e+05	4.631099e-05
2022	2	15	6	6
	268	0	40.000000	73.500000	9.884512e+04	7.089241e-05
	6	7	-25.500000	71.750000	9.857541e+04	4.233233e-05
	0	27	-27.000000	66.750000	9.718057e+04	9.693636e-05
	22	28	-21.500000	66.500000	9.718057e+04	1.711729e-04
	257	40	37.250000	63.500000	9.901781e+04	7.848581e-05
	154	115	11.500000	44.750000	1.009444e+05	6.721018e-05
2022	2	15	6	12
	278	1	42.500000	73.250000	9.901605e+04	1.069468e-04
	6	7	-25.500000	71.750000	9.803695e+04	-8.309711e-06
	9	23	-24.750000	67.750000	9.726937e+04	1.847662e-04
	40	28	-17.000000	66.500000	9.728446e+04	1.787869e-04
	279	37	42.750000	64.250000	9.901918e+04	1.377532e-04
	0	82	-27.000000	53.000000	9.843722e+04	1.301000e-04
2022	2	15	4	18
	279	0	42.750000	73.500000	9.911562e+04	1.101670e-04
	16	20	-23.000000	68.500000	9.723957e+04	1.701733e-04
	288	35	45.000000	64.750000	9.939670e+04	9.900577e-05
	24	71	-21.000000	55.750000	9.758103e+04	3.426254e-04
2022	2	16	5	0
	284	2	44.000000	73.000000	9.927361e+04	1.564362e-04
	24	16	-21.000000	69.500000	9.731366e+04	2.318376e-04
	49	60	-14.750000	58.500000	9.691302e+04	4.259647e-04
	202	75	23.500000	54.750000	1.011430e+05	6.475476e-05
	7	81	-25.250000	53.250000	9.798109e+04	2.300339e-04
2022	2	16	6	6
	288	2	45.000000	73.000000	9.938083e+04	1.047081e-04
	27	12	-20.250000	70.500000	9.726309e+04	2.185194e-04
	72	48	-9.000000	61.500000	9.575595e+04	5.727471e-04
	214	71	26.500000	55.750000	1.009989e+05	1.651268e-04
	21	76	-21.750000	54.500000	9.794992e+04	2.665625e-04
	170	159	15.500000	33.750000	1.014772e+05	4.511785e-05
2022	2	16	6	12
	288	3	45.000000	72.750000	9.957017e+04	1.070930e-04
	30	9	-19.500000	71.250000	9.701494e+04	2.164903e-04
	93	38	-3.750000	64.000000	9.479998e+04	6.122724e-04
	222	68	28.500000	56.500000	1.009001e+05	1.720228e-04
	166	145	14.500000	37.250000	1.014290e+05	1.017499e-04
	176	155	17.000000	34.750000	1.014209e+05	6.016907e-05
2022	2	16	5	18
	106	28	-0.500000	66.500000	9.403651e+04	5.413781e-04
	236	67	32.000000	56.750000	1.009658e+05	1.359367e-04
	278	121	42.500000	43.250000	1.021133e+05	-4.693155e-05
	170	147	15.500000	36.750000	1.013537e+05	1.505661e-04
	180	154	18.000000	35.000000	1.013537e+05	7.805548e-05
2022	2	17	4	0
	115	22	1.750000	68.000000	9.345317e+04	4.870197e-04
	258	65	37.500000	57.250000	1.007964e+05	1.289980e-04
	281	121	43.250000	43.250000	1.020782e+05	-6.040234e-05
	170	147	15.500000	36.750000	1.012690e+05	1.265462e-04
2022	2	17	7	6
	122	17	3.500000	69.250000	9.319561e+04	4.388399e-04
	1	34	-26.750000	65.000000	9.571988e+04	2.361390e-04
	187	47	19.750000	61.750000	9.788289e+04	3.168187e-04
	263	63	38.750000	57.750000	1.005816e+05	1.121243e-04
	279	121	42.750000	43.250000	1.020266e+05	-6.177562e-05
	163	142	13.750000	38.000000	1.012173e+05	9.694936e-05
	160	151	13.000000	35.750000	1.012173e+05	1.971096e-04
2022	2	17	5	12
	123	13	3.750000	70.250000	9.320541e+04	4.593282e-04
	3	34	-26.250000	65.000000	9.609662e+04	2.656559e-04
	213	51	26.250000	60.750000	9.790759e+04	2.549026e-04
	84	81	-6.000000	53.250000	1.011859e+05	6.936005e-05
	157	154	12.250000	35.000000	1.011416e+05	2.232860e-04
2022	2	17	6	18
	126	10	4.500000	71.000000	9.326735e+04	4.842484e-04
	17	33	-22.750000	65.250000	9.674111e+04	2.745065e-04
	234	50	31.500000	61.000000	9.768138e+04	2.486312e-04
	2	147	-26.500000	36.750000	1.014545e+05	1.708022e-04
	288	155	45.000000	34.750000	1.016534e+05	8.986279e-05
	150	159	10.500000	33.750000	1.012927e+05	1.923213e-04
2022	2	18	4	0
	119	8	2.750000	71.500000	9.337438e+04	4.159816e-04
	252	51	36.000000	60.750000	9.764336e+04	2.454561e-04
	8	138	-25.000000	39.000000	1.013819e+05	2.634275e-04
	147	162	9.750000	33.000000	1.016738e+05	5.121316e-05
2022	2	18	7	6
	113	10	1.250000	71.000000	9.378071e+04	4.125045e-04
	0	40	-27.000000	63.500000	9.909210e+04	1.451216e-05
	273	53	41.250000	60.250000	9.756338e+04	1.350213e-04
	189	80	20.250000	53.500000	1.010248e+05	9.206837e-05
	281	121	43.250000	43.250000	1.017569e+05	-6.721298e-05
	4	134	-26.000000	40.000000	1.006488e+05	3.136102e-04
	281	143	43.250000	37.750000	1.016861e+05	8.103356e-06
2022	2	18	5	12
	118	12	2.500000	70.500000	9.420527e+04	3.927987e-04
	288	55	45.000000	59.750000	9.741598e+04	5.914788e-05
	2	134	-26.500000	40.000000	1.004973e+05	3.170645e-04
	282	143	43.500000	37.750000	1.013568e+05	-6.055561e-05
	287	153	44.750000	35.250000	1.013568e+05	7.014817e-05
2022	2	18	3	18
	130	14	5.500000	70.000000	9.479606e+04	3.614463e-04
	3	136	-26.250000	39.500000	1.005540e+05	3.435916e-04
	288	154	45.000000	35.000000	1.014658e+05	3.934149e-05
2022	2	19	6	0
	144	15	9.000000	69.750000	9.533687e+04	3.672873e-04
	0	48	-27.000000	61.500000	9.858129e+04	1.119903e-04
	288	54	45.000000	60.000000	9.756143e+04	3.266952e-05
	286	123	44.500000	42.750000	1.011975e+05	2.921621e-06
	3	134	-26.250000	40.000000	1.007451e+05	2.944007e-04
	288	155	45.000000	34.750000	1.014633e+05	1.986032e-06
2022	2	19	4	6
	159	16	12.750000	69.500000	9.576182e+04	3.554597e-04
	17	44	-22.750000	62.500000	9.862578e+04	3.171647e-04
	287	130	44.750000	41.000000	1.010001e+05	2.537610e-05
	3	134	-26.250000	40.000000	1.008556e+05	2.863673e-04
2022	2	19	7	12
	169	15	15.250000	69.750000	9.625578e+04	3.470522e-04
	186	22	19.500000	68.000000	9.625578e+04	1.238435e-04
	0	38	-27.000000	64.000000	9.995888e+04	7.127044e-05
	88	42	-5.000000	63.000000	9.929184e+04	1.437816e-04
	288	51	45.000000	60.750000	9.791209e+04	2.346605e-06
	135	111	6.750000	45.750000	1.026905e+05	4.234726e-05
	6	132	-25.500000	40.500000	1.011504e+05	2.681833e-04
2022	2	19	6	18
	177	17	17.250000	69.250000	9.674523e+04	3.005479e-04
	2	34	-26.500000	65.000000	1.003382e+05	9.965542e-05
	28	34	-20.000000	65.000000	1.003382e+05	6.368401e-05
	146	49	9.500000	61.250000	9.902016e+04	1.194775e-04
	280	120	43.000000	43.500000	1.012661e+05	-1.230381e-04
	8	125	-25.000000	42.250000	1.012118e+05	2.669310e-04
2022	2	20	3	0
	187	22	19.750000	68.000000	9.739050e+04	-1.127979e-05
	178	54	17.500000	60.000000	9.868341e+04	1.441372e-04
	8	120	-25.000000	43.500000	1.015099e+05	2.474850e-04
