2022	2	16	6	0
	55	39	-13.250000	63.750000	9.785403e+04	2.298909e-04
	184	43	19.000000	62.750000	9.902104e+04	1.448413e-04
	118	53	2.500000	60.250000	9.809212e+04	1.485933e-04
	65	67	-10.750000	56.750000	9.720972e+04	3.039423e-04
	171	121	15.750000	43.250000	1.014335e+05	1.770743e-05
	280	121	43.000000	43.250000	1.020921e+05	3.126794e-05
2022	2	16	5	3
	188	42	20.000000	63.000000	9.901617e+04	1.060240e-04
	120	51	3.000000	60.750000	9.799436e+04	1.186794e-04
	75	66	-8.250000	57.000000	9.726430e+04	3.089536e-04
	280	121	43.000000	43.250000	1.021485e+05	3.710957e-05
	174	122	16.500000	43.000000	1.014276e+05	5.879059e-05
2022	2	16	3	6
	125	50	4.250000	61.000000	9.790862e+04	1.502912e-04
	84	66	-6.000000	57.000000	9.756030e+04	2.727658e-04
	99	68	-2.250000	56.500000	9.756030e+04	2.033195e-04
2022	2	16	4	9
	59	55	-12.250000	59.750000	9.757734e+04	1.355085e-04
	108	66	0.000000	57.000000	9.767509e+04	1.993303e-04
	50	70	-14.500000	56.000000	9.758417e+04	1.993335e-04
	182	135	18.500000	39.750000	1.014604e+05	1.308153e-04
2022	2	16	5	12
	112	35	1.000000	64.750000	9.764119e+04	1.852032e-04
	60	54	-12.000000	60.000000	9.725563e+04	1.693092e-04
	120	66	3.000000	57.000000	9.757536e+04	1.850340e-04
	121	66	3.250000	57.000000	9.757536e+04	1.863111e-04
	64	67	-11.000000	56.750000	9.723161e+04	1.967417e-04
2022	2	16	4	15
	62	54	-11.500000	60.000000	9.710527e+04	2.230048e-04
	77	66	-7.750000	57.000000	9.700691e+04	2.615976e-04
	280	121	43.000000	43.250000	1.020129e+05	-4.018383e-07
	186	137	19.500000	39.250000	1.010750e+05	1.541406e-04
2022	2	16	3	18
	93	66	-3.750000	57.000000	9.711485e+04	2.213014e-04
	281	121	43.250000	43.250000	1.021660e+05	-1.436596e-05
	185	135	19.250000	39.750000	1.011570e+05	1.162272e-04
2022	2	16	3	21
	137	117	7.250000	44.250000	1.011702e+05	6.709011e-05
	278	120	42.500000	43.500000	1.021506e+05	-4.242538e-05
	185	135	19.250000	39.750000	1.012188e+05	9.685392e-05
2022	2	17	2	0
	161	65	13.250000	57.250000	9.687631e+04	1.630784e-04
	136	116	7.000000	44.500000	1.010326e+05	6.700541e-05
2022	2	17	5	3
	134	40	6.500000	63.500000	9.733104e+04	9.816620e-05
	193	57	21.250000	59.250000	9.648148e+04	2.346341e-04
	173	65	16.250000	57.250000	9.653059e+04	1.316389e-04
	138	117	7.500000	44.250000	1.007621e+05	8.618357e-05
	279	121	42.750000	43.250000	1.017253e+05	-3.452714e-05
2022	2	17	2	6
	196	55	22.000000	59.750000	9.634024e+04	2.419018e-04
	279	121	42.750000	43.250000	1.016641e+05	-2.759833e-05
2022	2	17	2	9
	139	38	7.750000	64.000000	9.746620e+04	8.037702e-05
	198	53	22.500000	60.250000	9.633629e+04	2.394847e-04
2022	2	17	4	12
	144	37	9.000000	64.250000	9.756943e+04	6.895466e-05
	4	48	-26.000000	61.500000	9.950602e+04	5.681174e-05
	202	53	23.500000	60.250000	9.634632e+04	2.313337e-04
	33	103	-18.750000	47.750000	1.004483e+05	1.558239e-04
2022	2	17	4	15
	147	37	9.750000	64.250000	9.764818e+04	4.997947e-05
	6	45	-25.500000	62.250000	9.939337e+04	1.438031e-04
	208	51	25.000000	60.750000	9.638783e+04	1.706463e-04
	38	99	-17.500000	48.750000	9.997733e+04	1.929148e-04
2022	2	17	4	18
	149	37	10.250000	64.250000	9.767220e+04	7.510078e-05
	2	42	-26.500000	63.000000	9.925532e+04	1.193206e-04
	213	48	26.250000	61.500000	9.639132e+04	1.508941e-04
	46	94	-15.500000	50.000000	9.953005e+04	2.370902e-04
2022	2	17	4	21
	151	37	10.750000	64.250000	9.776008e+04	8.056581e-05
	12	43	-24.000000	62.750000	9.919299e+04	9.900631e-05
	218	44	27.500000	62.500000	9.642827e+04	1.104945e-04
	55	88	-13.250000	51.500000	9.902621e+04	2.961422e-04
2022	2	18	6	0
	7	42	-25.250000	63.000000	9.912138e+04	1.366376e-04
	218	42	27.500000	63.000000	9.643450e+04	1.229957e-04
	19	49	-22.250000	61.250000	9.912138e+04	1.407258e-04
	0	56	-27.000000	59.500000	9.918402e+04	5.720864e-05
	63	85	-11.250000	52.250000	9.866330e+04	3.570062e-04
	153	111	11.250000	45.750000	1.013468e+05	9.269496e-05
2022	2	18	6	3
	222	40	28.500000	63.500000	9.643313e+04	8.626536e-05
	1	41	-26.750000	63.250000	9.900310e+04	7.064050e-05
	22	47	-21.500000	61.750000	9.900310e+04	1.399864e-04
	0	54	-27.000000	60.000000	9.899748e+04	6.550494e-05
	70	83	-9.500000	52.750000	9.831211e+04	3.910483e-04
	147	111	9.750000	45.750000	1.013646e+05	3.073336e-05
2022	2	18	5	6
	223	38	28.750000	64.000000	9.641899e+04	1.130519e-04
	224	38	29.000000	64.000000	9.641899e+04	1.021419e-04
	22	45	-21.500000	62.250000	9.901739e+04	1.042177e-04
	81	80	-6.750000	53.500000	9.793628e+04	4.052212e-04
	138	117	7.500000	44.250000	1.013193e+05	7.925735e-05
2022	2	18	6	9
	133	28	6.250000	66.500000	9.780052e+04	1.246576e-04
	134	28	6.500000	66.500000	9.780052e+04	1.078551e-04
	228	36	30.000000	64.500000	9.644742e+04	9.647292e-05
	3	53	-26.250000	60.250000	9.907227e+04	8.541250e-05
	92	77	-4.000000	54.250000	9.777862e+04	4.350480e-04
	263	162	38.750000	33.000000	1.008473e+05	-1.223982e-05
2022	2	18	5	12
	135	29	6.750000	66.250000	9.777209e+04	1.311042e-04
	233	34	31.250000	65.000000	9.651204e+04	1.222292e-04
	17	43	-22.750000	62.750000	9.918052e+04	1.079647e-04
	106	76	-0.500000	54.500000	9.784324e+04	3.082391e-04
	265	162	39.250000	33.000000	1.005684e+05	-3.076070e-06
2022	2	18	6	15
	142	30	8.500000	66.000000	9.769501e+04	1.291016e-04
	143	30	8.750000	66.000000	9.769501e+04	1.322753e-04
	235	32	31.750000	65.500000	9.658516e+04	1.380128e-04
	15	42	-23.250000	63.000000	9.907425e+04	1.030485e-04
	17	53	-22.750000	60.250000	9.907425e+04	4.446436e-05
	130	71	5.500000	55.750000	9.765563e+04	2.245248e-04
2022	2	18	4	18
	238	30	32.500000	66.000000	9.662606e+04	1.339827e-04
	145	31	9.250000	65.750000	9.760698e+04	1.187665e-04
	146	31	9.500000	65.750000	9.760698e+04	1.236575e-04
	144	71	9.000000	55.750000	9.750375e+04	2.469099e-04
2022	2	18	6	21
	6	7	-25.500000	71.750000	1.003799e+05	-2.036996e-05
	288	17	45.000000	69.250000	9.728011e+04	4.405898e-05
	239	28	32.750000	66.500000	9.668505e+04	1.318270e-04
	147	31	9.750000	65.750000	9.757612e+04	1.025970e-04
	0	53	-27.000000	60.250000	9.836517e+04	8.618161e-05
	164	70	14.000000	56.000000	9.740873e+04	2.290219e-04
2022	2	19	9	0
	6	7	-25.500000	71.750000	1.003754e+05	-1.409065e-05
	288	15	45.000000	69.750000	9.730778e+04	5.369061e-05
	261	19	38.250000	68.750000	9.683435e+04	7.759666e-05
	241	27	33.250000	66.750000	9.683435e+04	1.168548e-04
	148	32	10.000000	65.500000	9.760759e+04	1.614316e-04
	0	50	-27.000000	61.000000	9.797231e+04	1.192937e-04
	180	68	18.000000	56.500000	9.727601e+04	2.317157e-04
	137	117	7.250000	44.250000	1.011421e+05	1.227739e-04
	267	162	39.750000	33.000000	1.007120e+05	4.793888e-05
2022	2	19	11	3
	6	7	-25.500000	71.750000	1.003241e+05	-1.582037e-05
	288	13	45.000000	70.250000	9.733530e+04	8.126843e-05
	262	18	38.500000	69.000000	9.692845e+04	1.438695e-04
	247	25	34.750000	67.250000	9.692845e+04	9.627959e-05
	151	34	10.750000	65.000000	9.761626e+04	1.892474e-04
	0	48	-27.000000	61.500000	9.791576e+04	1.279244e-04
	187	68	19.750000	56.500000	9.736266e+04	2.732707e-04
	188	68	20.000000	56.500000	9.736266e+04	2.724169e-04
	137	117	7.250000	44.250000	1.011614e+05	1.274730e-04
	244	152	34.000000	35.500000	1.007855e+05	7.189425e-05
	274	162	41.500000	33.000000	1.007231e+05	8.888398e-05
2022	2	19	11	6
	261	18	38.250000	69.000000	9.699109e+04	1.657362e-04
	245	25	34.250000	67.250000	9.699109e+04	8.918809e-05
	246	25	34.500000	67.250000	9.699109e+04	8.930251e-05
	154	33	11.500000	65.250000	9.776798e+04	1.787399e-04
	2	48	-26.500000	61.500000	9.787380e+04	2.066423e-04
	39	52	-17.250000	60.500000	9.815430e+04	1.792385e-04
	203	68	23.750000	56.500000	9.766095e+04	1.496791e-04
	150	109	10.500000	46.250000	1.012415e+05	2.529122e-05
	137	117	7.250000	44.250000	1.012479e+05	1.436720e-04
	241	159	33.250000	33.750000	1.009368e+05	1.249197e-04
	277	162	42.250000	33.000000	1.008605e+05	6.053070e-05
2022	2	19	9	9
	262	17	38.500000	69.250000	9.710162e+04	1.784234e-04
	248	24	35.000000	67.500000	9.710162e+04	7.826993e-05
	154	33	11.500000	65.250000	9.801762e+04	1.373857e-04
	6	47	-25.500000	61.750000	9.801930e+04	2.340362e-04
	46	50	-15.500000	61.000000	9.833309e+04	1.828538e-04
	218	68	27.500000	56.500000	9.785555e+04	1.076154e-04
	136	117	7.000000	44.250000	1.014017e+05	1.389517e-04
	282	142	43.500000	38.000000	1.010145e+05	-1.054966e-05
	277	162	42.250000	33.000000	1.007801e+05	4.609868e-05
2022	2	19	8	12
	262	17	38.500000	69.250000	9.722963e+04	1.593776e-04
	248	24	35.000000	67.500000	9.722963e+04	6.997646e-05
	5	46	-25.750000	62.000000	9.801184e+04	1.655225e-04
	0	60	-27.000000	58.500000	9.826255e+04	6.011184e-05
	229	67	30.250000	56.750000	9.795955e+04	1.228047e-04
	136	118	7.000000	44.000000	1.015007e+05	1.299066e-04
	284	139	44.000000	38.750000	1.010674e+05	4.049819e-05
	278	162	42.500000	33.000000	1.007495e+05	7.216501e-05
2022	2	19	5	15
	264	17	39.000000	69.250000	9.739794e+04	1.366753e-04
	240	66	33.000000	57.000000	9.810565e+04	1.066040e-04
	143	120	8.750000	43.500000	1.015051e+05	9.613883e-05
	267	155	39.750000	34.750000	1.008838e+05	2.780707e-05
	286	162	44.500000	33.000000	1.008439e+05	5.127624e-05
2022	2	19	3	18
	276	15	42.000000	69.750000	9.752336e+04	1.219339e-04
	247	65	34.750000	57.250000	9.821314e+04	1.486841e-04
	284	160	44.000000	33.500000	1.009845e+05	1.069448e-04
2022	2	19	4	21
	279	14	42.750000	70.000000	9.765867e+04	1.229310e-04
	0	48	-27.000000	61.500000	9.587912e+04	1.086567e-04
	256	64	37.000000	57.500000	9.820234e+04	1.070370e-04
	282	157	43.500000	34.250000	1.010844e+05	1.406880e-04
2022	2	20	7	0
	282	14	43.500000	70.000000	9.785191e+04	1.463227e-04
	27	39	-20.250000	63.750000	9.558433e+04	-6.029349e-05
	0	45	-27.000000	62.250000	9.549494e+04	1.020685e-04
	263	61	38.750000	58.250000	9.820995e+04	1.196838e-04
	263	62	38.750000	58.000000	9.820995e+04	1.226280e-04
	279	147	42.750000	36.750000	1.010555e+05	2.931758e-05
	282	156	43.500000	34.500000	1.010555e+05	1.430663e-04
