2022	2	14	9	0
	2	6	-26.500000	72.000000	9.972636e+04	6.380687e-06
	219	9	27.750000	71.250000	9.841315e+04	1.243849e-04
	191	12	20.750000	70.500000	9.841315e+04	1.506237e-04
	1	17	-26.750000	69.250000	9.972636e+04	7.822157e-06
	217	25	27.250000	67.250000	9.855806e+04	9.300793e-05
	114	62	1.500000	58.000000	9.854365e+04	8.267415e-05
	115	62	1.750000	58.000000	9.854365e+04	8.557986e-05
	103	71	-1.250000	55.750000	9.854365e+04	1.363713e-04
	139	107	7.750000	46.750000	1.005044e+05	-1.569527e-04
2022	2	14	6	3
	60	4	-12.000000	72.500000	1.000873e+05	1.029287e-04
	210	9	25.500000	71.250000	9.805312e+04	2.133242e-04
	197	16	22.250000	69.500000	9.805312e+04	7.486814e-05
	232	20	31.000000	68.500000	9.814759e+04	5.833875e-05
	119	61	2.750000	58.250000	9.853112e+04	1.184895e-04
	107	71	-0.250000	55.750000	9.853112e+04	1.318744e-04
2022	2	14	4	6
	66	3	-10.500000	72.750000	1.001100e+05	1.109758e-04
	215	9	26.750000	71.250000	9.797243e+04	2.665810e-04
	115	70	1.750000	56.000000	9.858109e+04	5.382099e-05
	122	121	3.500000	43.250000	1.009044e+05	2.060970e-04
2022	2	14	4	9
	70	2	-9.500000	73.000000	1.001821e+05	7.185528e-05
	222	8	28.500000	71.500000	9.799437e+04	2.452462e-04
	0	52	-27.000000	60.500000	9.801520e+04	1.142551e-04
	123	69	3.750000	56.250000	9.865787e+04	7.558087e-05
2022	2	14	3	12
	235	14	31.750000	70.000000	9.793780e+04	2.447158e-04
	5	48	-25.750000	61.500000	9.755020e+04	2.722044e-04
	129	66	5.250000	57.000000	9.857029e+04	1.417747e-04
2022	2	14	5	15
	234	7	31.500000	71.750000	9.783550e+04	1.431559e-04
	288	13	45.000000	70.250000	9.930241e+04	-5.488332e-07
	246	14	34.500000	70.000000	9.783550e+04	2.048033e-04
	1	43	-26.750000	62.750000	9.704776e+04	1.647372e-04
	134	64	6.500000	57.500000	9.846986e+04	2.271934e-04
2022	2	14	5	18
	252	13	36.000000	70.250000	9.778364e+04	1.937827e-04
	0	39	-27.000000	63.750000	9.675651e+04	1.509825e-04
	27	39	-20.250000	63.750000	9.675651e+04	-8.725684e-06
	137	63	7.250000	57.750000	9.852924e+04	2.514493e-04
	113	126	1.250000	42.000000	1.012105e+05	5.701133e-06
2022	2	14	6	21
	6	7	-25.500000	71.750000	9.958755e+04	2.338656e-05
	257	12	37.250000	70.500000	9.782297e+04	1.956355e-04
	0	38	-27.000000	64.000000	9.696989e+04	6.961430e-05
	28	38	-20.000000	64.000000	9.702018e+04	-1.329493e-05
	141	61	8.250000	58.250000	9.861619e+04	2.770260e-04
	138	121	7.500000	43.250000	1.011102e+05	1.433230e-04
2022	2	15	7	0
	6	7	-25.500000	71.750000	9.952081e+04	3.914341e-05
	241	8	33.250000	71.500000	9.787874e+04	2.062703e-04
	264	12	39.000000	70.500000	9.787874e+04	2.445095e-04
	27	39	-20.250000	63.750000	9.723169e+04	1.418941e-04
	125	52	4.250000	60.500000	9.870267e+04	9.643311e-05
	146	59	9.500000	58.750000	9.866225e+04	3.190911e-04
	139	121	7.750000	43.250000	1.010886e+05	1.232840e-04
2022	2	15	6	3
	271	11	40.750000	70.750000	9.788297e+04	2.286158e-04
	24	35	-21.000000	64.750000	9.724908e+04	1.622145e-04
	123	51	3.750000	60.750000	9.888520e+04	1.067914e-04
	150	57	10.500000	59.250000	9.862794e+04	3.274223e-04
	171	103	15.750000	47.750000	1.010065e+05	6.630790e-05
	146	118	9.500000	44.000000	1.010562e+05	1.330779e-04
2022	2	15	5	6
	271	10	40.750000	71.000000	9.789848e+04	2.544640e-04
	36	35	-18.000000	64.750000	9.741499e+04	1.753050e-04
	123	51	3.750000	60.750000	9.885981e+04	6.385308e-05
	153	54	11.250000	60.000000	9.869641e+04	2.799014e-04
	146	117	9.500000	44.250000	1.010342e+05	1.205411e-04
2022	2	15	6	9
	272	10	41.000000	71.000000	9.802413e+04	2.407137e-04
	0	35	-27.000000	64.750000	9.717419e+04	-4.038828e-05
	156	52	12.000000	60.500000	9.880670e+04	2.340146e-04
	6	83	-25.500000	52.750000	9.885794e+04	2.189279e-04
	157	116	12.250000	44.500000	1.011610e+05	7.217260e-05
	153	158	11.250000	34.000000	1.016324e+05	1.015629e-04
2022	2	15	6	12
	277	11	42.250000	70.750000	9.815918e+04	2.339365e-04
	0	40	-27.000000	63.500000	9.727995e+04	3.496339e-05
	160	51	13.000000	60.750000	9.887862e+04	2.168476e-04
	18	80	-22.500000	53.500000	9.866304e+04	2.218161e-04
	157	118	12.250000	44.000000	1.011303e+05	3.502732e-05
	152	160	11.000000	33.500000	1.015306e+05	1.162041e-04
2022	2	15	5	15
	284	11	44.000000	70.750000	9.821777e+04	2.698136e-04
	167	49	14.750000	61.250000	9.894489e+04	1.466241e-04
	30	77	-19.500000	54.250000	9.829548e+04	2.123187e-04
	159	111	12.750000	45.750000	1.011565e+05	9.480063e-05
	156	162	12.000000	33.000000	1.014848e+05	2.939246e-05
2022	2	15	6	18
	288	10	45.000000	71.000000	9.832024e+04	9.371900e-05
	181	46	18.250000	62.000000	9.895585e+04	1.508841e-04
	119	54	2.750000	60.000000	9.833387e+04	2.334523e-04
	120	54	3.000000	60.000000	9.833387e+04	2.321627e-04
	160	111	13.000000	45.750000	1.013764e+05	1.010057e-04
	164	162	14.000000	33.000000	1.015550e+05	-5.197542e-05
2022	2	15	6	21
	288	9	45.000000	71.250000	9.839983e+04	9.714922e-05
	182	45	18.500000	62.250000	9.890243e+04	1.528954e-04
	124	53	4.000000	60.250000	9.828953e+04	2.323136e-04
	10	73	-24.500000	55.250000	9.771972e+04	1.774898e-04
	162	148	13.500000	36.500000	1.016349e+05	8.543819e-05
	164	157	14.000000	34.250000	1.016349e+05	7.861796e-05
2022	2	16	6	0
	288	8	45.000000	71.500000	9.843962e+04	1.299175e-04
	185	43	19.250000	62.750000	9.883271e+04	1.849774e-04
	111	44	0.750000	62.500000	9.837335e+04	8.365016e-05
	128	53	5.000000	60.250000	9.837084e+04	2.545797e-04
	22	68	-21.500000	56.500000	9.733838e+04	2.406003e-04
	165	155	14.250000	34.750000	1.015583e+05	1.249375e-04
2022	2	16	5	3
	285	8	44.250000	71.500000	9.847441e+04	2.229853e-04
	187	42	19.750000	63.000000	9.877505e+04	1.944588e-04
	35	64	-18.250000	57.500000	9.691443e+04	3.109010e-04
	279	121	42.750000	43.250000	1.020954e+05	7.445000e-06
	168	153	15.000000	35.250000	1.013866e+05	1.362715e-04
2022	2	16	5	6
	285	8	44.250000	71.500000	9.849070e+04	2.015986e-04
	189	42	20.250000	63.000000	9.876173e+04	1.208833e-04
	47	61	-15.250000	58.250000	9.650395e+04	3.666110e-04
	279	121	42.750000	43.250000	1.021894e+05	1.658517e-06
	170	151	15.500000	35.750000	1.013893e+05	1.356105e-04
2022	2	16	3	9
	283	9	43.750000	71.250000	9.851545e+04	2.301160e-04
	58	62	-12.500000	58.000000	9.651006e+04	3.986869e-04
	172	149	16.000000	36.250000	1.013539e+05	1.613142e-04
2022	2	16	6	12
	285	9	44.250000	71.250000	9.856981e+04	2.116258e-04
	0	41	-27.000000	63.250000	9.721258e+04	1.419925e-04
	187	48	19.750000	61.500000	9.830661e+04	1.188418e-04
	108	59	0.000000	58.750000	9.685348e+04	2.857152e-04
	74	61	-8.500000	58.250000	9.663962e+04	3.170969e-04
	174	147	16.500000	36.750000	1.011861e+05	1.441271e-04
2022	2	16	6	15
	286	10	44.500000	71.000000	9.859332e+04	1.748180e-04
	0	37	-27.000000	64.250000	9.742988e+04	1.022702e-04
	192	46	21.000000	62.000000	9.810576e+04	1.096159e-04
	114	57	1.500000	59.250000	9.625782e+04	3.104646e-04
	96	60	-3.000000	58.500000	9.625782e+04	2.141687e-04
	175	145	16.750000	37.250000	1.010084e+05	1.744659e-04
2022	2	16	4	18
	287	10	44.750000	71.000000	9.857216e+04	1.441159e-04
	197	43	22.250000	62.750000	9.794031e+04	1.194268e-04
	118	57	2.500000	59.250000	9.598223e+04	3.154029e-04
	177	144	17.250000	37.500000	1.009838e+05	1.953842e-04
2022	2	16	6	21
	288	10	45.000000	71.000000	9.859895e+04	1.004342e-04
	0	32	-27.000000	65.500000	9.798857e+04	8.308917e-05
	122	60	3.500000	58.500000	9.623855e+04	3.420603e-04
	144	61	9.000000	58.250000	9.623855e+04	2.192340e-04
	25	80	-20.750000	53.500000	9.980516e+04	1.443033e-04
	175	142	16.750000	38.000000	1.010327e+05	2.144280e-04
2022	2	17	8	0
	288	10	45.000000	71.000000	9.865661e+04	9.891560e-05
	0	29	-27.000000	66.250000	9.843241e+04	1.055109e-04
	149	60	10.250000	58.500000	9.648781e+04	2.400306e-04
	133	64	6.250000	57.500000	9.648781e+04	2.198717e-04
	34	78	-18.500000	54.000000	9.982835e+04	1.338550e-04
	150	109	10.500000	46.250000	1.006617e+05	9.407786e-06
	137	117	7.250000	44.250000	1.014681e+05	6.651178e-05
	175	142	16.750000	38.000000	1.010391e+05	1.707028e-04
2022	2	17	7	3
	288	10	45.000000	71.000000	9.863906e+04	9.638401e-05
	0	27	-27.000000	66.750000	9.887360e+04	1.063601e-04
	0	41	-27.000000	63.250000	9.891042e+04	6.008490e-05
	179	60	17.750000	58.500000	9.659937e+04	1.740408e-04
	152	61	11.000000	58.250000	9.655926e+04	1.909162e-04
	44	76	-16.000000	54.500000	9.976067e+04	1.499661e-04
	174	142	16.500000	38.000000	1.010222e+05	1.396142e-04
2022	2	17	7	6
	0	40	-27.000000	63.500000	9.902588e+04	2.551864e-05
	184	59	19.000000	58.750000	9.647137e+04	2.093756e-04
	52	75	-14.000000	54.750000	9.968782e+04	1.690171e-04
	150	109	10.500000	46.250000	1.005385e+05	2.584644e-05
	137	113	7.250000	45.250000	1.010552e+05	4.343186e-06
	172	138	16.000000	39.000000	1.010924e+05	5.295851e-05
	172	149	16.000000	36.250000	1.010924e+05	1.681702e-04
2022	2	17	5	9
	288	10	45.000000	71.000000	9.865191e+04	1.019615e-04
	189	58	20.250000	59.000000	9.660406e+04	2.156171e-04
	62	74	-11.500000	55.000000	9.976287e+04	1.584369e-04
	18	75	-22.500000	54.750000	9.913070e+04	1.736446e-04
	171	152	15.750000	35.500000	1.012232e+05	2.148909e-04
2022	2	17	5	12
	288	8	45.000000	71.500000	9.861274e+04	1.221153e-04
	5	50	-25.750000	61.000000	9.905612e+04	1.395799e-04
	196	56	22.000000	59.500000	9.676136e+04	2.149669e-04
	22	71	-21.500000	55.750000	9.878132e+04	2.759104e-04
	173	156	16.250000	34.500000	1.010791e+05	2.049557e-04
2022	2	17	7	15
	287	7	44.750000	71.750000	9.853927e+04	1.644754e-04
	288	32	45.000000	65.500000	9.863734e+04	-3.876356e-05
	106	45	-0.500000	62.250000	9.831037e+04	1.494039e-04
	4	46	-26.000000	62.000000	9.895727e+04	1.567046e-04
	200	56	23.000000	59.500000	9.696425e+04	2.001437e-04
	27	69	-20.250000	56.250000	9.863781e+04	3.218325e-04
	174	158	16.500000	34.000000	1.009340e+05	2.017352e-04
2022	2	17	7	18
	283	7	43.750000	71.750000	9.849446e+04	2.287862e-04
	288	32	45.000000	65.500000	9.852328e+04	-4.335045e-05
	0	41	-27.000000	63.250000	9.887736e+04	1.277379e-04
	111	46	0.750000	62.000000	9.815589e+04	1.485601e-04
	216	50	27.000000	61.000000	9.702520e+04	1.290735e-04
	37	68	-17.750000	56.500000	9.844229e+04	3.201717e-04
	173	160	16.250000	33.500000	1.010502e+05	1.523363e-04
2022	2	17	6	21
	280	7	43.000000	71.750000	9.848834e+04	2.223063e-04
	116	47	2.000000	61.750000	9.803165e+04	1.841820e-04
	222	48	28.500000	61.500000	9.703052e+04	1.045164e-04
	223	48	28.750000	61.500000	9.703052e+04	9.822933e-05
	45	66	-15.750000	57.000000	9.839670e+04	3.169253e-04
	116	124	2.000000	42.500000	1.017722e+05	-4.667660e-05
2022	2	18	5	0
	278	8	42.500000	71.500000	9.853362e+04	2.132810e-04
	228	46	30.000000	62.000000	9.699057e+04	8.608661e-05
	124	48	4.000000	61.500000	9.794329e+04	2.286942e-04
	41	64	-16.750000	57.500000	9.841002e+04	2.491394e-04
	116	124	2.000000	42.500000	1.018309e+05	-1.866076e-05
2022	2	18	5	3
	275	8	41.750000	71.500000	9.851091e+04	1.765357e-04
	234	44	31.500000	62.500000	9.687792e+04	1.191910e-04
	127	47	4.750000	61.750000	9.789425e+04	1.948500e-04
	56	63	-13.000000	57.750000	9.829611e+04	2.378884e-04
	116	124	2.000000	42.500000	1.017346e+05	1.618263e-05
2022	2	18	5	6
	140	33	8.000000	65.250000	9.793608e+04	4.697537e-05
	135	43	6.750000	62.750000	9.793608e+04	4.652881e-05
	233	43	31.250000	62.750000	9.680899e+04	1.364586e-04
	57	63	-12.750000	57.750000	9.822498e+04	3.610450e-04
	116	124	2.000000	42.500000	1.016935e+05	2.153188e-05
2022	2	18	4	9
	157	42	12.250000	63.000000	9.801066e+04	3.043237e-06
	233	43	31.250000	62.750000	9.681384e+04	1.516913e-04
	66	67	-10.500000	56.750000	9.822138e+04	4.426222e-04
	183	75	18.750000	54.750000	9.834656e+04	2.045433e-04
2022	2	18	5	12
	6	7	-25.500000	71.750000	1.004225e+05	-1.236384e-05
	236	42	32.000000	63.000000	9.680209e+04	1.226834e-04
	74	66	-8.500000	57.000000	9.840703e+04	3.850119e-04
	196	75	22.000000	54.750000	9.826979e+04	2.032417e-04
	279	119	42.750000	43.750000	1.003668e+05	-1.620188e-06
2022	2	18	7	15
	6	7	-25.500000	71.750000	1.003927e+05	1.027926e-05
	141	35	8.250000	64.750000	9.813239e+04	9.903441e-05
	241	40	33.250000	63.500000	9.684691e+04	1.038592e-04
	82	68	-6.500000	56.500000	9.866320e+04	3.676962e-04
	211	75	25.750000	54.750000	9.815683e+04	2.261943e-04
	286	122	44.500000	43.000000	1.006543e+05	1.708651e-05
	276	133	42.000000	40.250000	1.009382e+05	-1.424881e-05
2022	2	18	6	18
	6	7	-25.500000	71.750000	1.004507e+05	-1.601244e-06
	243	38	33.750000	64.000000	9.693213e+04	1.049346e-04
	0	55	-27.000000	59.750000	9.775341e+04	1.141375e-04
	94	70	-3.500000	56.000000	9.912067e+04	3.309350e-04
	224	75	29.000000	54.750000	9.814367e+04	2.565812e-04
	138	117	7.500000	44.250000	1.010766e+05	1.230816e-04
2022	2	18	8	21
	6	7	-25.500000	71.750000	1.005326e+05	2.922528e-07
	1	18	-26.750000	69.000000	9.954634e+04	-6.917447e-05
	137	32	7.250000	65.500000	9.832462e+04	7.034215e-05
	245	36	34.250000	64.500000	9.702081e+04	6.406518e-05
	0	54	-27.000000	60.000000	9.764045e+04	1.297319e-04
	105	72	-0.750000	55.500000	9.946378e+04	2.712595e-04
	237	75	32.250000	54.750000	9.809448e+04	2.863756e-04
	138	117	7.500000	44.250000	1.011284e+05	1.464840e-04
2022	2	19	8	0
	6	7	-25.500000	71.750000	1.006246e+05	-1.384626e-05
	160	24	13.000000	67.500000	9.843978e+04	8.916322e-06
	138	33	7.500000	65.250000	9.842474e+04	8.799773e-05
	245	35	34.250000	64.750000	9.714787e+04	7.816530e-05
	7	52	-25.250000	60.500000	9.767663e+04	2.191855e-04
	15	60	-23.250000	58.500000	9.767663e+04	1.181369e-04
	247	74	34.750000	55.000000	9.803964e+04	2.874707e-04
	152	107	11.000000	46.750000	1.010158e+05	-2.714627e-05
2022	2	19	9	3
	6	7	-25.500000	71.750000	1.006412e+05	-1.127001e-05
	160	24	13.000000	67.500000	9.854898e+04	1.227177e-05
	265	33	39.250000	65.250000	9.731739e+04	1.223188e-05
	266	33	39.500000	65.250000	9.731739e+04	1.906094e-05
	141	35	8.250000	64.750000	9.852626e+04	9.895060e-05
	243	35	33.750000	64.750000	9.731739e+04	1.252496e-04
	21	51	-21.750000	60.750000	9.774948e+04	1.891920e-04
	258	72	37.500000	55.500000	9.801974e+04	3.207112e-04
	276	149	42.000000	36.250000	1.015254e+05	9.001733e-05
2022	2	19	8	6
	6	7	-25.500000	71.750000	1.005932e+05	-1.215822e-06
	275	32	41.750000	65.500000	9.750759e+04	6.796973e-05
	239	36	32.750000	64.500000	9.747656e+04	1.548611e-04
	18	51	-22.500000	60.750000	9.792214e+04	2.550407e-04
	54	57	-13.500000	59.250000	9.785336e+04	2.426984e-04
	267	70	39.750000	56.000000	9.813066e+04	3.144338e-04
	145	119	9.250000	43.750000	1.014159e+05	1.050711e-04
	284	149	44.000000	36.250000	1.017347e+05	8.957503e-05
2022	2	19	10	9
	6	7	-25.500000	71.750000	1.006155e+05	4.923327e-06
	2	17	-26.500000	69.250000	1.000037e+05	-5.894367e-05
	238	36	32.500000	64.500000	9.769762e+04	1.448404e-04
	17	52	-22.750000	60.500000	9.826556e+04	3.142120e-04
	58	57	-12.500000	59.250000	9.786997e+04	2.563634e-04
	274	68	41.500000	56.500000	9.826196e+04	2.921823e-04
	135	117	6.750000	44.250000	1.016733e+05	6.471278e-05
	146	119	9.500000	43.750000	1.016733e+05	9.156716e-05
	150	127	10.500000	41.750000	1.017065e+05	1.271156e-05
	287	151	44.750000	35.750000	1.016639e+05	6.452345e-05
2022	2	19	5	12
	159	23	12.750000	67.750000	9.877083e+04	4.000525e-05
	16	52	-23.000000	60.500000	9.862027e+04	2.043185e-04
	60	57	-12.000000	59.250000	9.808398e+04	2.930888e-04
	282	64	43.500000	57.500000	9.838526e+04	1.936669e-04
	145	124	9.250000	42.500000	1.018022e+05	1.008318e-04
2022	2	19	6	15
	160	22	13.000000	68.000000	9.881391e+04	7.325414e-05
	256	35	37.000000	64.750000	9.798418e+04	4.720638e-05
	10	49	-24.500000	61.250000	9.830677e+04	1.338534e-04
	64	58	-11.000000	59.000000	9.837053e+04	2.901801e-04
	88	58	-5.000000	59.000000	9.837194e+04	1.800003e-04
	0	62	-27.000000	58.000000	9.820602e+04	1.652902e-04
2022	2	19	6	18
	160	22	13.000000	68.000000	9.883913e+04	9.368544e-05
	257	35	37.250000	64.750000	9.802398e+04	6.091796e-05
	257	36	37.250000	64.500000	9.802398e+04	4.563584e-05
	69	59	-9.750000	58.750000	9.874701e+04	2.426979e-04
	111	61	0.750000	58.250000	9.877599e+04	1.813676e-04
	155	128	11.750000	41.500000	1.020158e+05	9.249427e-05
2022	2	19	7	21
	160	22	13.000000	68.000000	9.889005e+04	9.631566e-05
	257	36	37.250000	64.500000	9.808053e+04	6.366234e-05
	0	45	-27.000000	62.250000	9.659309e+04	6.710298e-05
	0	54	-27.000000	60.000000	9.659309e+04	1.188134e-04
	73	60	-8.750000	58.500000	9.901790e+04	1.666688e-04
	137	65	7.250000	57.250000	9.893423e+04	1.756052e-04
	134	115	6.500000	44.750000	1.024147e+05	3.373486e-05
2022	2	20	6	0
	281	31	43.250000	65.750000	9.813208e+04	6.489252e-06
	37	36	-17.750000	64.500000	9.768149e+04	-6.867517e-05
	259	37	37.750000	64.250000	9.813208e+04	6.297363e-05
	0	52	-27.000000	60.500000	9.631892e+04	1.164977e-04
	143	65	8.750000	57.250000	9.893690e+04	1.943486e-04
	81	162	-6.750000	33.000000	1.022202e+05	-2.193010e-05
