2022	2	10	7	0
	8	6	-25.000000	72.000000	1.001913e+05	-1.010531e-05
	148	22	10.000000	68.000000	9.644023e+04	3.652305e-04
	59	57	-12.250000	59.250000	9.854698e+04	5.550762e-04
	152	106	11.000000	47.000000	1.022565e+05	-4.746952e-05
	139	110	7.750000	46.000000	1.022565e+05	-7.998294e-05
	248	152	35.000000	35.500000	1.007608e+05	1.315629e-04
	279	162	42.750000	33.000000	1.008305e+05	1.031827e-04
2022	2	10	7	6
	178	5	17.500000	72.250000	9.715588e+04	1.257202e-04
	8	6	-25.000000	72.000000	1.003242e+05	-1.080823e-05
	4	17	-26.000000	69.250000	1.003242e+05	2.767154e-05
	164	23	14.000000	67.750000	9.687734e+04	4.664204e-04
	77	59	-7.750000	58.750000	9.894411e+04	5.234997e-04
	158	106	12.500000	47.000000	1.021058e+05	-5.076658e-05
	235	147	31.750000	36.750000	1.010050e+05	1.189753e-05
2022	2	10	8	12
	181	4	18.250000	72.500000	9.729465e+04	1.674585e-04
	1	18	-26.750000	69.000000	1.003005e+05	1.570893e-05
	22	21	-21.500000	68.250000	1.003005e+05	6.570903e-05
	189	29	20.250000	66.250000	9.752105e+04	1.958002e-04
	94	64	-3.500000	57.500000	9.997122e+04	3.545173e-04
	137	117	7.250000	44.250000	1.022081e+05	1.297796e-04
	283	139	43.750000	38.750000	1.008905e+05	1.411389e-05
	260	144	38.000000	37.500000	1.009801e+05	3.917723e-05
2022	2	10	9	18
	8	6	-25.000000	72.000000	1.001118e+05	-4.107666e-06
	192	7	21.000000	71.750000	9.753634e+04	1.586669e-04
	9	14	-24.750000	70.000000	9.991045e+04	1.008494e-05
	42	17	-16.500000	69.250000	9.991045e+04	1.406270e-04
	209	30	25.250000	66.000000	9.803559e+04	1.764626e-04
	109	69	0.250000	56.250000	1.005928e+05	3.307921e-04
	281	138	43.250000	39.000000	1.011195e+05	-9.006992e-06
	274	151	41.500000	35.750000	1.012910e+05	9.237405e-05
	87	156	-5.250000	34.500000	1.020997e+05	5.916427e-06
2022	2	11	3	0
	207	7	24.750000	71.750000	9.776606e+04	1.683256e-04
	58	13	-12.500000	70.250000	9.956606e+04	1.847383e-04
	122	76	3.500000	54.500000	1.010983e+05	3.186066e-04
2022	2	11	2	6
	221	7	28.250000	71.750000	9.814202e+04	1.174819e-04
	65	12	-10.750000	70.500000	9.946648e+04	1.777781e-04
2022	2	11	5	12
	233	6	31.250000	72.000000	9.859520e+04	1.687245e-04
	74	15	-8.500000	69.750000	9.963878e+04	2.030680e-04
	108	16	0.000000	69.500000	9.963878e+04	1.172762e-04
	156	109	12.000000	46.250000	1.019270e+05	3.384282e-05
	135	119	6.750000	43.750000	1.019766e+05	8.549662e-05
2022	2	11	7	18
	250	1	35.500000	73.250000	9.877397e+04	5.325391e-05
	240	9	33.000000	71.250000	9.877397e+04	1.661387e-04
	132	18	6.000000	69.000000	9.937906e+04	1.624288e-04
	22	55	-21.500000	59.750000	9.869047e+04	1.798759e-04
	20	64	-22.000000	57.500000	9.869047e+04	9.603894e-05
	281	79	43.250000	53.750000	1.001623e+05	1.522313e-04
	135	123	6.750000	42.750000	1.021019e+05	5.813897e-05
2022	2	12	6	0
	258	0	37.500000	73.500000	9.895234e+04	4.070179e-05
	246	12	34.500000	70.500000	9.896723e+04	1.522753e-04
	156	20	12.000000	68.500000	9.905603e+04	1.830585e-04
	41	50	-16.750000	61.000000	9.863911e+04	1.791999e-04
	19	57	-22.250000	59.250000	9.861696e+04	2.343857e-04
	36	60	-18.000000	58.500000	9.861696e+04	9.629942e-05
2022	2	12	3	6
	159	23	12.750000	67.750000	9.932555e+04	2.862519e-04
	33	53	-18.750000	60.250000	9.849073e+04	1.853223e-04
	54	54	-13.500000	60.000000	9.849073e+04	1.128431e-04
2022	2	12	2	12
	261	11	38.250000	70.750000	9.917168e+04	1.062662e-04
	58	53	-12.500000	60.250000	9.848877e+04	1.444841e-04
2022	2	12	3	18
	74	52	-8.500000	60.500000	9.848249e+04	1.099102e-04
	10	91	-24.500000	50.750000	9.917305e+04	2.897591e-04
	285	103	44.250000	47.750000	1.013466e+05	1.351386e-04
2022	2	13	2	0
	84	52	-6.000000	60.500000	9.856795e+04	1.223118e-04
	25	93	-20.750000	50.250000	9.863813e+04	4.218131e-04
2022	2	13	5	6
	182	0	18.500000	73.500000	9.905916e+04	7.750016e-05
	94	53	-3.500000	60.250000	9.857423e+04	1.404163e-04
	46	84	-15.500000	52.500000	9.815888e+04	1.567086e-04
	45	94	-15.750000	50.000000	9.815888e+04	3.370139e-04
	285	128	44.250000	41.500000	1.022538e+05	-3.350805e-06
2022	2	13	6	12
	203	0	23.750000	73.500000	9.923264e+04	6.436527e-05
	40	36	-17.000000	64.500000	1.002952e+05	4.040281e-05
	110	43	0.500000	62.750000	9.891334e+04	1.236867e-04
	104	53	-1.000000	60.250000	9.891334e+04	6.571941e-05
	57	81	-12.750000	53.250000	9.811850e+04	1.471472e-04
	61	93	-11.750000	50.250000	9.806871e+04	3.017964e-04
2022	2	13	3	18
	218	0	27.500000	73.500000	9.936475e+04	7.550423e-05
	75	82	-8.250000	53.000000	9.785976e+04	9.946477e-05
	77	91	-7.750000	50.750000	9.785976e+04	2.602679e-04
2022	2	14	3	0
	229	0	30.250000	73.500000	9.955234e+04	7.930594e-05
	82	79	-6.500000	53.750000	9.795110e+04	1.673328e-04
	90	87	-4.500000	51.750000	9.795110e+04	2.354485e-04
2022	2	14	2	6
	241	0	33.250000	73.500000	9.968602e+04	1.015964e-04
	101	82	-1.750000	53.000000	9.817201e+04	1.751205e-04
2022	2	14	4	12
	256	0	37.000000	73.500000	9.987184e+04	3.236390e-05
	6	14	-25.500000	70.000000	9.958370e+04	-2.395875e-05
	0	45	-27.000000	62.250000	9.759141e+04	1.359482e-04
	109	77	0.250000	54.250000	9.848838e+04	1.599335e-04
2022	2	14	3	18
	279	14	42.750000	70.000000	9.995573e+04	6.837996e-05
	0	50	-27.000000	61.000000	9.693379e+04	5.794215e-05
	118	73	2.500000	55.250000	9.870085e+04	1.571800e-04
2022	2	15	5	0
	287	15	44.750000	69.750000	1.000255e+05	4.547861e-05
	23	35	-21.250000	64.750000	9.626146e+04	5.240919e-05
	0	43	-27.000000	62.750000	9.622441e+04	6.966944e-05
	127	69	4.750000	56.250000	9.892274e+04	1.752051e-04
	137	120	7.250000	43.500000	1.010940e+05	1.280098e-04
2022	2	15	4	6
	0	41	-27.000000	63.250000	9.564912e+04	1.768029e-04
	288	43	45.000000	62.750000	1.004673e+05	1.804073e-04
	20	88	-22.000000	51.500000	9.911288e+04	1.772971e-04
	143	120	8.750000	43.500000	1.011557e+05	6.110075e-05
2022	2	15	5	12
	225	1	29.250000	73.250000	1.002560e+05	8.486213e-05
	0	38	-27.000000	64.000000	9.567127e+04	1.068499e-04
	288	51	45.000000	60.750000	1.008588e+05	2.610500e-05
	46	85	-15.500000	52.250000	9.903702e+04	1.992082e-04
	146	124	9.500000	42.500000	1.013214e+05	3.356149e-05
2022	2	15	3	18
	243	1	33.750000	73.250000	1.002535e+05	1.467182e-04
	0	33	-27.000000	65.250000	9.586434e+04	4.560885e-05
	154	126	11.500000	42.000000	1.014008e+05	1.702880e-05
2022	2	16	4	0
	255	0	36.750000	73.500000	1.002829e+05	8.858502e-05
	0	37	-27.000000	64.250000	9.630420e+04	2.494284e-05
	0	86	-27.000000	52.000000	9.782702e+04	1.386855e-04
	156	127	12.000000	41.750000	1.014919e+05	2.608092e-05
2022	2	16	6	6
	255	0	36.750000	73.500000	1.003140e+05	9.822592e-05
	47	23	-15.250000	67.750000	9.657214e+04	2.747657e-04
	288	65	45.000000	57.250000	1.018296e+05	-2.378815e-05
	0	77	-27.000000	54.250000	9.394380e+04	3.852039e-04
	280	121	43.000000	43.250000	1.020897e+05	-1.441568e-06
	166	133	14.500000	40.250000	1.014202e+05	6.376359e-05
2022	2	16	2	12
	24	23	-21.000000	67.750000	9.643434e+04	2.792415e-04
	38	64	-17.500000	57.500000	9.273145e+04	4.732714e-04
2022	2	16	3	18
	0	40	-27.000000	63.500000	9.622677e+04	-2.402911e-05
	64	53	-11.000000	60.250000	9.243762e+04	3.956367e-04
	180	147	18.000000	36.750000	1.015260e+05	9.638235e-05
2022	2	17	3	0
	5	0	-25.750000	73.500000	9.820651e+04	-6.798733e-05
	86	48	-5.500000	61.500000	9.290374e+04	3.607419e-04
	181	144	18.250000	37.500000	1.015101e+05	1.368259e-04
2022	2	17	2	6
	113	43	1.250000	62.750000	9.318934e+04	2.956299e-04
	177	143	17.250000	37.750000	1.015846e+05	1.125889e-04
2022	2	17	2	12
	134	37	6.500000	64.250000	9.369995e+04	3.649298e-04
	0	46	-27.000000	62.000000	9.618894e+04	8.673201e-05
2022	2	17	3	18
	152	33	11.000000	65.250000	9.445186e+04	3.191352e-04
	0	45	-27.000000	62.250000	9.626538e+04	1.005111e-04
	137	117	7.250000	44.250000	1.018283e+05	1.384879e-04
2022	2	18	4	0
	152	9	11.000000	71.250000	9.506794e+04	9.640236e-05
	155	10	11.750000	71.000000	9.506794e+04	8.042931e-05
	5	44	-25.750000	62.500000	9.623539e+04	3.194549e-04
	137	117	7.250000	44.250000	1.017785e+05	9.842465e-05
2022	2	18	6	6
	151	7	10.750000	71.750000	9.507205e+04	9.028434e-05
	288	7	45.000000	71.750000	9.866184e+04	3.678405e-05
	288	20	45.000000	68.500000	9.864284e+04	-1.134995e-04
	14	41	-23.500000	63.250000	9.634849e+04	2.620691e-04
	25	78	-20.750000	54.000000	9.911209e+04	1.770809e-04
	155	109	11.750000	46.250000	1.017565e+05	1.809491e-05
2022	2	18	5	12
	145	3	9.250000	72.750000	9.517084e+04	9.959430e-05
	12	42	-24.000000	63.000000	9.617874e+04	4.180855e-04
	55	71	-13.250000	55.750000	9.883748e+04	2.132344e-04
	154	109	11.500000	46.250000	1.018735e+05	-1.876513e-05
	145	125	9.250000	42.250000	1.019729e+05	8.170612e-05
2022	2	18	4	18
	137	2	7.250000	73.000000	9.520612e+04	5.058668e-05
	24	40	-21.000000	63.500000	9.601311e+04	3.791688e-04
	82	64	-6.500000	57.500000	9.825904e+04	3.069484e-04
	154	127	11.500000	41.750000	1.020449e+05	1.049855e-04
2022	2	19	3	0
	128	2	5.000000	73.000000	9.525983e+04	8.466035e-05
	58	37	-12.500000	64.250000	9.641396e+04	1.009499e-04
	31	38	-19.250000	64.000000	9.641396e+04	2.492071e-04
2022	2	19	6	6
	122	3	3.500000	72.750000	9.528884e+04	9.213516e-05
	54	38	-13.500000	64.000000	9.659214e+04	1.906019e-04
	0	40	-27.000000	63.500000	9.803891e+04	1.014744e-04
	20	56	-22.000000	59.500000	9.742853e+04	3.553565e-04
	107	124	-0.250000	42.500000	1.029285e+05	7.030169e-05
	76	155	-8.000000	34.750000	1.024051e+05	8.173049e-05
2022	2	19	3	12
	288	0	45.000000	73.500000	9.749537e+04	2.624612e-05
	118	6	2.500000	72.000000	9.552210e+04	1.534125e-04
	108	124	0.000000	42.500000	1.031084e+05	5.251959e-05
2022	2	19	3	18
	127	5	4.750000	72.250000	9.582043e+04	1.519489e-04
	10	6	-24.500000	72.000000	9.881905e+04	-1.260656e-04
	2	17	-26.500000	69.250000	9.935770e+04	5.286344e-05
2022	2	20	3	0
	130	6	5.500000	72.000000	9.628675e+04	1.749572e-04
	184	52	19.000000	60.500000	9.752870e+04	1.748041e-04
	136	118	7.000000	44.000000	1.025169e+05	1.284457e-04
