2022	2	14	7	0
	5	6	-25.750000	72.000000	9.976088e+04	-3.580678e-05
	223	10	28.750000	71.000000	9.839597e+04	1.501200e-04
	193	12	21.250000	70.500000	9.839597e+04	1.098150e-04
	1	17	-26.750000	69.250000	9.976088e+04	9.467080e-06
	220	18	28.000000	69.000000	9.839597e+04	1.045376e-04
	114	63	1.500000	57.750000	9.856545e+04	8.413506e-05
	105	71	-0.750000	55.750000	9.856545e+04	1.116892e-04
2022	2	14	4	3
	213	9	26.250000	71.250000	9.810837e+04	2.144580e-04
	232	20	31.000000	68.500000	9.816914e+04	5.303225e-05
	117	61	2.250000	58.250000	9.851187e+04	8.829657e-05
	109	71	0.250000	55.750000	9.851187e+04	1.064443e-04
2022	2	14	4	6
	219	8	27.750000	71.500000	9.796200e+04	2.064876e-04
	119	60	2.750000	58.500000	9.857589e+04	7.580220e-05
	112	70	1.000000	56.000000	9.857589e+04	1.089472e-04
	123	121	3.750000	43.250000	1.009426e+05	1.968643e-04
2022	2	14	3	9
	219	8	27.750000	71.500000	9.799880e+04	2.772452e-04
	0	52	-27.000000	60.500000	9.809433e+04	1.127401e-04
	125	69	4.250000	56.250000	9.861732e+04	1.245461e-04
2022	2	14	3	12
	236	6	32.000000	72.000000	9.802722e+04	1.439174e-04
	0	47	-27.000000	61.750000	9.775742e+04	1.326372e-04
	129	67	5.250000	56.750000	9.853019e+04	1.532451e-04
2022	2	14	2	15
	236	6	32.000000	72.000000	9.803903e+04	1.068545e-04
	133	63	6.250000	57.750000	9.838330e+04	2.250773e-04
2022	2	14	5	18
	236	6	32.000000	72.000000	9.812788e+04	3.933384e-05
	288	12	45.000000	70.500000	9.904770e+04	8.260818e-05
	254	13	36.500000	70.250000	9.812788e+04	1.505582e-04
	0	40	-27.000000	63.500000	9.724966e+04	1.133800e-04
	135	61	6.750000	58.250000	9.844545e+04	2.647619e-04
2022	2	14	5	21
	259	12	37.750000	70.500000	9.805752e+04	1.557504e-04
	0	36	-27.000000	64.500000	9.718290e+04	1.400416e-04
	27	39	-20.250000	63.750000	9.720173e+04	3.013363e-05
	138	60	7.500000	58.500000	9.853634e+04	2.609535e-04
	138	121	7.500000	43.250000	1.011330e+05	1.197821e-04
2022	2	15	6	0
	6	7	-25.500000	71.750000	9.972922e+04	4.276470e-05
	264	11	39.000000	70.750000	9.809416e+04	1.853609e-04
	0	37	-27.000000	64.250000	9.749395e+04	7.627609e-05
	128	54	5.000000	60.000000	9.859335e+04	6.414838e-05
	142	59	8.500000	58.750000	9.859335e+04	2.750838e-04
	151	116	10.750000	44.500000	1.011128e+05	6.397159e-05
2022	2	15	8	3
	242	5	33.500000	72.250000	9.810888e+04	1.097593e-04
	6	7	-25.500000	71.750000	9.972425e+04	5.809848e-05
	267	10	39.750000	71.000000	9.810888e+04	2.043579e-04
	7	36	-25.250000	64.500000	9.741435e+04	2.016663e-04
	126	51	4.500000	60.750000	9.859644e+04	1.220876e-04
	148	57	10.000000	59.250000	9.855946e+04	3.026356e-04
	171	103	15.750000	47.750000	1.010197e+05	6.706853e-05
	146	118	9.500000	44.000000	1.010188e+05	1.015454e-04
2022	2	15	9	6
	271	10	40.750000	71.000000	9.818557e+04	1.911901e-04
	247	13	34.750000	70.250000	9.818557e+04	1.610280e-04
	0	33	-27.000000	65.250000	9.735991e+04	8.482981e-05
	23	39	-21.250000	63.750000	9.735991e+04	1.719461e-04
	48	46	-15.000000	62.000000	9.782230e+04	2.111346e-04
	125	49	4.250000	61.250000	9.878920e+04	1.603076e-04
	152	54	11.000000	60.000000	9.858000e+04	3.016780e-04
	0	87	-27.000000	51.750000	9.933102e+04	1.025665e-04
	154	117	11.500000	44.250000	1.011119e+05	1.011170e-04
2022	2	15	7	9
	274	9	41.500000	71.250000	9.835369e+04	2.040707e-04
	23	35	-21.250000	64.750000	9.761191e+04	1.558743e-04
	24	35	-21.000000	64.750000	9.761191e+04	1.455707e-04
	42	42	-16.500000	63.000000	9.771582e+04	2.571908e-04
	125	49	4.250000	61.250000	9.874469e+04	1.761441e-04
	155	52	11.750000	60.500000	9.863427e+04	2.412828e-04
	157	116	12.250000	44.500000	1.011527e+05	9.788622e-05
2022	2	15	8	12
	275	8	41.750000	71.500000	9.848619e+04	2.194387e-04
	35	36	-18.250000	64.500000	9.773003e+04	1.569136e-04
	0	39	-27.000000	63.750000	9.775023e+04	2.336523e-06
	125	48	4.250000	61.500000	9.875530e+04	1.862258e-04
	161	50	13.250000	61.000000	9.870462e+04	1.836276e-04
	11	81	-24.250000	53.250000	9.866816e+04	2.055680e-04
	159	113	12.750000	45.250000	1.011277e+05	9.187005e-05
	156	162	12.000000	33.000000	1.016664e+05	1.036946e-04
2022	2	15	7	15
	277	8	42.250000	71.500000	9.858924e+04	2.119168e-04
	26	32	-20.500000	65.500000	9.770195e+04	2.021059e-04
	0	36	-27.000000	64.500000	9.770195e+04	-2.519251e-05
	168	47	15.000000	61.750000	9.873407e+04	1.555835e-04
	78	52	-7.500000	60.500000	9.836772e+04	2.071466e-04
	161	111	13.250000	45.750000	1.011160e+05	8.819545e-05
	164	162	14.000000	33.000000	1.015742e+05	-2.407249e-05
2022	2	15	6	18
	280	8	43.000000	71.500000	9.866970e+04	2.412310e-04
	0	35	-27.000000	64.750000	9.766995e+04	-2.971472e-05
	172	46	16.000000	62.000000	9.881180e+04	1.039656e-04
	77	51	-7.750000	60.750000	9.839820e+04	1.905898e-04
	111	57	0.750000	59.250000	9.839152e+04	1.640287e-04
	165	162	14.250000	33.000000	1.016325e+05	-2.279461e-05
2022	2	15	5	21
	283	8	43.750000	71.500000	9.875102e+04	2.286157e-04
	182	43	18.500000	62.750000	9.887685e+04	1.537258e-04
	78	51	-7.500000	60.750000	9.845538e+04	1.863038e-04
	115	57	1.750000	59.250000	9.834975e+04	1.756562e-04
	0	72	-27.000000	55.500000	9.719830e+04	1.203444e-04
2022	2	16	6	0
	282	4	43.500000	72.500000	9.876712e+04	2.822275e-04
	185	42	19.250000	63.000000	9.889328e+04	1.735407e-04
	79	51	-7.250000	60.750000	9.842490e+04	1.627553e-04
	120	58	3.000000	59.000000	9.834632e+04	1.978303e-04
	143	61	8.750000	58.250000	9.835009e+04	1.328669e-04
	4	66	-26.000000	57.000000	9.637795e+04	2.467273e-04
2022	2	16	5	3
	278	6	42.500000	72.000000	9.880306e+04	2.096888e-04
	190	40	20.500000	63.500000	9.893574e+04	1.562381e-04
	126	59	4.500000	58.750000	9.839802e+04	1.961188e-04
	146	59	9.500000	58.750000	9.839802e+04	1.427925e-04
	12	62	-24.000000	58.000000	9.599191e+04	2.780597e-04
2022	2	16	4	6
	281	8	43.250000	71.500000	9.881351e+04	2.383716e-04
	193	38	21.250000	64.000000	9.900165e+04	1.331606e-04
	148	58	10.000000	59.000000	9.835762e+04	1.633438e-04
	16	60	-23.000000	58.500000	9.564696e+04	4.121823e-04
2022	2	16	7	9
	287	6	44.750000	72.000000	9.879673e+04	2.158644e-04
	196	35	22.000000	64.750000	9.907389e+04	1.306577e-04
	38	57	-17.500000	59.250000	9.600801e+04	1.880261e-04
	151	58	10.750000	59.000000	9.835677e+04	1.854840e-04
	137	116	7.250000	44.500000	1.011270e+05	8.848678e-05
	279	120	42.750000	43.500000	1.022216e+05	6.623631e-06
	202	125	23.500000	42.250000	1.016269e+05	-4.543650e-05
2022	2	16	4	12
	284	4	44.000000	72.500000	9.883045e+04	2.360598e-04
	154	56	11.500000	59.500000	9.832578e+04	1.426351e-04
	41	57	-16.750000	59.250000	9.608898e+04	1.631420e-04
	72	57	-9.000000	59.250000	9.611705e+04	2.055175e-04
2022	2	16	4	15
	278	5	42.500000	72.250000	9.882926e+04	2.206406e-04
	54	55	-13.500000	59.750000	9.618057e+04	1.905053e-04
	77	56	-7.750000	59.500000	9.618057e+04	1.658955e-04
	186	137	19.500000	39.250000	1.011063e+05	1.510527e-04
2022	2	16	6	18
	280	6	43.000000	72.000000	9.884415e+04	2.260564e-04
	92	56	-4.000000	59.500000	9.610712e+04	1.892042e-04
	110	58	0.500000	59.000000	9.610712e+04	2.366937e-04
	279	120	42.750000	43.500000	1.021083e+05	-6.867765e-06
	188	137	20.000000	39.250000	1.010366e+05	1.209353e-04
	275	159	41.750000	33.750000	1.017024e+05	-2.916819e-05
2022	2	16	5	21
	283	4	43.750000	72.500000	9.884603e+04	2.341405e-04
	112	57	1.000000	59.250000	9.588800e+04	1.937692e-04
	137	117	7.250000	44.250000	1.010174e+05	5.775475e-05
	281	121	43.250000	43.250000	1.020658e+05	-2.255855e-05
	187	136	19.750000	39.500000	1.011008e+05	1.234167e-04
2022	2	17	6	0
	278	3	42.500000	72.750000	9.884484e+04	1.622169e-04
	110	57	0.500000	59.250000	9.581559e+04	2.856788e-04
	138	117	7.500000	44.250000	1.007747e+05	5.012298e-05
	280	121	43.000000	43.250000	1.019403e+05	-2.052225e-05
	187	137	19.750000	39.250000	1.010241e+05	1.326353e-04
	288	154	45.000000	35.000000	1.016041e+05	4.847224e-05
2022	2	17	8	3
	276	3	42.000000	72.750000	9.886658e+04	1.976591e-04
	111	60	0.750000	58.500000	9.605577e+04	2.777726e-04
	148	62	10.000000	58.000000	9.609788e+04	2.402577e-04
	138	117	7.500000	44.250000	1.005325e+05	1.146078e-04
	185	138	19.250000	39.000000	1.008858e+05	1.594628e-04
	204	143	24.000000	37.750000	1.008892e+05	7.848869e-05
	274	149	41.500000	36.250000	1.016103e+05	3.572996e-05
	286	152	44.500000	35.500000	1.016103e+05	1.896259e-05
2022	2	17	7	6
	273	2	41.250000	73.000000	9.890835e+04	1.598253e-04
	150	62	10.500000	58.000000	9.608488e+04	2.756181e-04
	183	65	18.750000	57.250000	9.622782e+04	2.660572e-04
	0	103	-27.000000	47.750000	9.872346e+04	9.231104e-05
	138	117	7.500000	44.250000	1.005417e+05	1.275557e-04
	280	121	43.000000	43.250000	1.016642e+05	-2.394835e-05
	206	141	24.500000	38.250000	1.009503e+05	8.823950e-05
2022	2	17	8	9
	269	2	40.250000	73.000000	9.899120e+04	1.202225e-04
	151	63	10.750000	57.750000	9.621258e+04	2.891522e-04
	186	63	19.500000	57.750000	9.613195e+04	2.440486e-04
	167	64	14.750000	57.500000	9.613195e+04	1.430223e-04
	2	65	-26.500000	57.250000	9.923944e+04	1.554827e-04
	6	100	-25.500000	48.500000	9.808628e+04	5.386350e-04
	279	120	42.750000	43.500000	1.014983e+05	-2.549011e-05
	206	141	24.500000	38.250000	1.010053e+05	7.023254e-05
2022	2	17	4	12
	134	41	6.500000	63.250000	9.758263e+04	1.377516e-04
	4	62	-26.000000	58.000000	9.917712e+04	1.708418e-04
	187	62	19.750000	58.000000	9.607562e+04	2.669206e-04
	17	96	-22.750000	49.500000	9.746280e+04	5.842751e-04
2022	2	17	5	15
	14	40	-23.500000	63.500000	9.922762e+04	1.512362e-04
	134	41	6.500000	63.250000	9.782145e+04	1.392477e-04
	4	59	-26.000000	58.750000	9.893437e+04	1.925246e-04
	189	62	20.250000	58.000000	9.617595e+04	2.945310e-04
	29	90	-19.750000	51.000000	9.676862e+04	5.845235e-04
2022	2	17	7	18
	136	41	7.000000	63.250000	9.801284e+04	1.124181e-04
	207	56	24.750000	59.500000	9.641630e+04	1.644444e-04
	6	57	-25.500000	59.250000	9.862297e+04	2.734384e-04
	191	63	20.750000	57.750000	9.641630e+04	3.221599e-04
	38	84	-17.500000	52.500000	9.612973e+04	5.610912e-04
	158	107	12.500000	46.750000	1.000148e+05	3.479217e-06
	108	125	0.000000	42.250000	1.018397e+05	2.916856e-05
2022	2	17	6	21
	137	41	7.250000	63.250000	9.817702e+04	9.040028e-05
	211	54	25.750000	60.000000	9.687509e+04	1.648623e-04
	5	56	-25.750000	59.500000	9.846154e+04	3.054283e-04
	195	66	21.750000	57.000000	9.677427e+04	3.078884e-04
	44	82	-16.000000	53.000000	9.567932e+04	5.326650e-04
	154	110	11.500000	46.000000	1.006716e+05	7.939916e-05
2022	2	18	3	0
	215	53	26.750000	60.250000	9.706820e+04	1.490201e-04
	5	56	-25.750000	59.500000	9.841172e+04	3.851559e-04
	53	80	-13.750000	53.500000	9.558636e+04	4.160682e-04
2022	2	18	4	3
	228	44	30.000000	62.500000	9.722690e+04	1.434019e-04
	7	56	-25.250000	59.500000	9.854679e+04	3.460675e-04
	64	78	-11.000000	54.000000	9.548416e+04	4.499688e-04
	153	111	11.250000	45.750000	1.008854e+05	8.023116e-05
2022	2	18	5	6
	230	43	30.500000	62.750000	9.730222e+04	1.767520e-04
	11	56	-24.250000	59.500000	9.860191e+04	2.490246e-04
	72	76	-9.000000	54.500000	9.547799e+04	4.268127e-04
	146	111	9.500000	45.750000	1.007944e+05	5.304394e-06
	138	117	7.500000	44.250000	1.009154e+05	1.237526e-04
2022	2	18	5	9
	247	32	34.750000	65.500000	9.733680e+04	1.555405e-04
	234	41	31.500000	63.250000	9.733680e+04	1.960058e-04
	14	57	-23.500000	59.250000	9.880392e+04	2.320447e-04
	82	76	-6.500000	54.500000	9.584795e+04	3.208441e-04
	116	123	2.000000	42.750000	1.012812e+05	2.455313e-05
2022	2	18	4	12
	250	29	35.500000	66.250000	9.735461e+04	1.650940e-04
	240	39	33.000000	63.750000	9.735461e+04	1.525024e-04
	20	57	-22.000000	59.250000	9.903041e+04	2.098694e-04
	92	75	-4.000000	54.750000	9.611415e+04	3.209476e-04
2022	2	18	4	15
	252	27	36.000000	66.750000	9.736745e+04	1.562507e-04
	26	57	-20.500000	59.250000	9.914973e+04	1.987586e-04
	106	74	-0.500000	55.000000	9.642983e+04	2.492482e-04
	259	162	37.750000	33.000000	1.005787e+05	2.586637e-05
2022	2	18	6	18
	6	7	-25.500000	71.750000	1.003090e+05	-3.915900e-05
	262	17	38.500000	69.250000	9.727227e+04	1.508470e-04
	11	40	-24.250000	63.500000	9.921478e+04	1.607007e-04
	130	62	5.500000	58.000000	9.663132e+04	1.579204e-04
	119	73	2.750000	55.250000	9.662498e+04	2.330937e-04
	264	157	39.000000	34.250000	1.007543e+05	1.049373e-04
2022	2	18	5	21
	6	7	-25.500000	71.750000	1.002899e+05	-4.056626e-05
	261	14	38.250000	70.000000	9.714198e+04	1.460451e-04
	149	60	10.250000	58.500000	9.686362e+04	1.488843e-04
	133	71	6.250000	55.750000	9.683675e+04	1.643880e-04
	261	162	38.250000	33.000000	1.007721e+05	4.127746e-05
2022	2	19	9	0
	6	7	-25.500000	71.750000	1.003025e+05	-4.401131e-05
	260	12	38.000000	70.500000	9.702061e+04	1.300544e-04
	261	12	38.250000	70.500000	9.702061e+04	1.250559e-04
	150	32	10.500000	65.500000	9.786955e+04	9.407065e-05
	152	61	11.000000	58.250000	9.696720e+04	8.873481e-05
	148	70	10.000000	56.000000	9.696720e+04	2.259299e-04
	138	117	7.500000	44.250000	1.007081e+05	1.533876e-04
	282	121	43.500000	43.250000	1.009613e+05	2.892991e-05
	260	162	38.000000	33.000000	1.007810e+05	4.827711e-05
2022	2	19	7	3
	6	7	-25.500000	71.750000	1.002428e+05	-3.950021e-05
	261	11	38.250000	70.750000	9.691430e+04	1.627903e-04
	151	31	10.750000	65.750000	9.786870e+04	1.187715e-04
	160	68	13.000000	56.500000	9.701222e+04	1.912158e-04
	148	108	10.000000	46.500000	1.006398e+05	-2.072517e-05
	139	117	7.750000	44.250000	1.006398e+05	1.472132e-04
	282	121	43.500000	43.250000	1.012148e+05	2.824666e-05
2022	2	19	5	6
	261	10	38.250000	71.000000	9.687544e+04	1.674925e-04
	150	32	10.500000	65.500000	9.793323e+04	1.264575e-04
	177	66	17.250000	57.000000	9.712846e+04	1.907239e-04
	151	116	10.750000	44.500000	1.007945e+05	4.539157e-05
	139	118	7.750000	44.000000	1.007945e+05	1.678947e-04
2022	2	19	9	9
	264	9	39.000000	71.250000	9.689393e+04	1.965803e-04
	0	46	-27.000000	62.000000	9.623415e+04	1.219387e-04
	209	54	25.250000	60.000000	9.727415e+04	1.648541e-04
	190	64	20.500000	57.500000	9.723512e+04	1.980492e-04
	190	65	20.500000	57.250000	9.723512e+04	2.111282e-04
	153	114	11.250000	45.000000	1.009876e+05	1.078328e-04
	137	119	7.250000	43.750000	1.009794e+05	1.495058e-04
	287	154	44.750000	35.000000	1.010982e+05	-1.204743e-05
	285	162	44.250000	33.000000	1.010982e+05	5.481900e-05
2022	2	19	5	12
	267	7	39.750000	71.750000	9.691806e+04	1.718239e-04
	0	42	-27.000000	63.000000	9.562197e+04	1.618099e-04
	214	53	26.500000	60.250000	9.734296e+04	1.645617e-04
	201	62	23.250000	58.000000	9.734296e+04	2.729695e-04
	147	111	9.750000	45.750000	1.010982e+05	6.424811e-05
2022	2	19	7	15
	274	7	41.500000	71.750000	9.694802e+04	1.406616e-04
	0	36	-27.000000	64.500000	9.561598e+04	1.750330e-04
	27	39	-20.250000	63.750000	9.565501e+04	4.304581e-05
	220	52	28.000000	60.500000	9.749481e+04	1.716700e-04
	213	60	26.250000	58.500000	9.749481e+04	2.654759e-04
	147	111	9.750000	45.750000	1.012052e+05	4.797342e-05
	158	118	12.500000	44.000000	1.012052e+05	-3.393485e-05
2022	2	19	8	18
	280	5	43.000000	72.250000	9.695162e+04	1.426428e-04
	0	33	-27.000000	65.250000	9.601348e+04	1.530914e-04
	26	38	-20.500000	64.000000	9.602136e+04	1.502705e-04
	230	48	30.500000	61.500000	9.755507e+04	1.388551e-04
	149	126	10.250000	42.000000	1.014478e+05	5.252007e-05
	279	151	42.750000	35.750000	1.011167e+05	-1.255113e-05
	93	161	-3.750000	33.250000	1.016741e+05	-3.740261e-05
	287	162	44.750000	33.000000	1.010390e+05	1.042508e-04
2022	2	19	7	21
	281	3	43.250000	72.750000	9.700674e+04	1.288821e-04
	0	34	-27.000000	65.000000	9.634063e+04	7.873678e-05
	35	36	-18.250000	64.500000	9.642075e+04	9.314511e-05
	238	46	32.500000	62.000000	9.760643e+04	1.631820e-04
	169	125	15.250000	42.250000	1.015837e+05	5.043452e-05
	152	127	11.000000	41.750000	1.015945e+05	5.821741e-05
	272	153	41.000000	35.250000	1.014439e+05	4.143436e-05
2022	2	20	8	0
	281	2	43.250000	73.000000	9.707094e+04	1.047895e-04
	173	5	16.250000	72.250000	9.843791e+04	1.880318e-04
	43	35	-16.250000	64.750000	9.644712e+04	2.076321e-04
	0	40	-27.000000	63.500000	9.649077e+04	-1.911934e-05
	245	45	34.250000	62.250000	9.762646e+04	1.192387e-04
	170	125	15.500000	42.250000	1.016474e+05	6.768996e-05
	154	127	11.500000	41.750000	1.016560e+05	4.716510e-05
	273	154	41.250000	35.000000	1.013499e+05	4.055974e-05
