2022	2	10	8	0
	7	6	-25.250000	72.000000	1.001419e+05	-1.233349e-05
	173	9	16.250000	71.250000	9.685848e+04	1.939337e-04
	172	10	16.000000	71.000000	9.677173e+04	1.667750e-04
	9	14	-24.750000	70.000000	1.001419e+05	7.512518e-05
	146	22	9.500000	68.000000	9.646458e+04	4.619241e-04
	58	56	-12.500000	59.500000	9.864612e+04	4.338804e-04
	139	110	7.750000	46.000000	1.022755e+05	-7.497932e-05
	247	156	34.750000	34.500000	1.007870e+05	1.493842e-04
2022	2	10	6	6
	178	5	17.500000	72.250000	9.712773e+04	1.177434e-04
	8	6	-25.000000	72.000000	1.002528e+05	-1.879021e-05
	4	17	-26.000000	69.250000	1.002528e+05	4.484789e-05
	165	23	14.250000	67.750000	9.675981e+04	4.034379e-04
	75	59	-8.250000	58.750000	9.910627e+04	5.035439e-04
	158	106	12.500000	47.000000	1.021726e+05	-3.586015e-05
2022	2	10	11	12
	211	2	25.750000	73.000000	9.726041e+04	-2.432803e-06
	177	5	17.250000	72.250000	9.726041e+04	2.243014e-04
	8	6	-25.000000	72.000000	1.002091e+05	-1.544745e-05
	21	20	-21.750000	68.500000	1.001801e+05	7.302624e-05
	188	28	20.000000	66.500000	9.756405e+04	2.017348e-04
	92	64	-4.000000	57.500000	9.997245e+04	3.459566e-04
	137	117	7.250000	44.250000	1.022130e+05	1.236708e-04
	284	139	44.000000	38.750000	1.008588e+05	1.760585e-05
	284	140	44.000000	38.500000	1.008588e+05	1.263888e-05
	271	147	40.750000	36.750000	1.009137e+05	4.963961e-05
	268	155	40.000000	34.750000	1.009889e+05	4.222103e-05
2022	2	10	6	18
	210	0	25.500000	73.500000	9.751051e+04	-1.676008e-05
	187	6	19.750000	72.000000	9.751051e+04	1.597329e-04
	41	16	-16.750000	69.500000	9.968718e+04	1.423320e-04
	208	30	25.000000	66.000000	9.809278e+04	1.838983e-04
	108	70	0.000000	56.000000	1.004260e+05	3.490450e-04
	87	156	-5.250000	34.500000	1.021268e+05	2.040695e-05
2022	2	11	5	0
	203	6	23.750000	72.000000	9.774185e+04	1.379963e-04
	49	13	-14.750000	70.250000	9.925692e+04	2.266270e-04
	0	68	-27.000000	56.500000	9.959300e+04	1.353626e-04
	122	77	3.500000	54.250000	1.010158e+05	2.753200e-04
	137	117	7.250000	44.250000	1.022275e+05	9.662261e-05
2022	2	11	4	6
	213	7	26.250000	71.750000	9.810294e+04	1.066260e-04
	57	14	-12.750000	70.000000	9.922859e+04	2.703510e-04
	133	83	6.250000	52.750000	1.016835e+05	2.178026e-04
	188	123	20.000000	42.750000	1.021055e+05	-7.836790e-06
2022	2	11	6	12
	233	3	31.250000	72.750000	9.855703e+04	4.216421e-05
	99	15	-2.250000	69.750000	9.949433e+04	1.035153e-04
	215	15	26.750000	69.750000	9.857129e+04	1.564609e-04
	75	18	-8.250000	69.000000	9.949433e+04	1.994545e-04
	11	55	-24.250000	59.750000	9.886809e+04	1.655284e-04
	135	119	6.750000	43.750000	1.020717e+05	9.008588e-05
2022	2	11	5	18
	241	2	33.250000	73.000000	9.873894e+04	1.900420e-05
	134	20	6.500000	68.500000	9.914535e+04	1.932723e-04
	5	54	-25.750000	60.000000	9.858438e+04	2.160892e-04
	40	54	-17.000000	60.000000	9.866000e+04	1.713219e-04
	17	62	-22.750000	58.000000	9.858438e+04	1.313000e-04
2022	2	12	3	0
	247	3	34.750000	72.750000	9.884172e+04	4.394969e-05
	151	20	10.750000	68.500000	9.885930e+04	2.367462e-04
	35	52	-18.250000	60.500000	9.839446e+04	2.166432e-04
2022	2	12	4	6
	251	4	35.750000	72.500000	9.889759e+04	8.122440e-05
	162	24	13.500000	67.500000	9.906583e+04	2.736236e-04
	31	56	-19.250000	59.500000	9.822662e+04	2.649894e-04
	269	90	40.250000	51.000000	1.005770e+05	1.757103e-04
2022	2	12	5	12
	254	5	36.500000	72.250000	9.902577e+04	8.016887e-05
	274	14	41.500000	70.000000	9.902577e+04	3.820383e-05
	61	54	-11.750000	60.000000	9.824968e+04	1.610819e-04
	43	60	-16.250000	58.500000	9.824968e+04	1.428609e-04
	287	89	44.750000	51.250000	1.002564e+05	1.568975e-04
2022	2	12	3	18
	258	5	37.500000	72.250000	9.913012e+04	1.143452e-04
	277	13	42.250000	70.250000	9.913012e+04	2.521726e-05
	66	53	-10.500000	60.250000	9.818578e+04	1.911002e-04
2022	2	13	1	0
	264	5	39.000000	72.250000	9.925028e+04	1.741322e-04
2022	2	13	4	6
	142	35	8.500000	64.750000	9.800407e+04	1.809971e-04
	5	70	-25.750000	56.000000	1.002952e+05	1.550559e-04
	61	105	-11.750000	47.250000	9.996991e+04	1.367998e-04
	285	129	44.250000	41.250000	1.021739e+05	-1.352136e-05
2022	2	13	4	12
	153	35	11.250000	64.750000	9.808242e+04	2.018495e-04
	13	72	-23.750000	55.500000	1.005385e+05	1.539574e-04
	75	103	-8.250000	47.750000	9.939252e+04	2.324513e-04
	271	120	40.750000	43.500000	1.027546e+05	4.422258e-05
2022	2	13	3	18
	6	14	-25.500000	70.000000	9.946502e+04	7.778200e-05
	164	36	14.000000	64.500000	9.810880e+04	7.172102e-05
	97	95	-2.750000	49.750000	9.881573e+04	1.890890e-04
2022	2	14	3	0
	1	17	-26.750000	69.250000	9.962133e+04	4.848425e-05
	207	30	24.750000	66.000000	9.815941e+04	1.528728e-04
	107	93	-0.250000	50.250000	9.852518e+04	2.744358e-04
2022	2	14	2	6
	215	28	26.750000	66.500000	9.817094e+04	1.205995e-04
	119	89	2.750000	51.250000	9.837355e+04	3.952320e-04
2022	2	14	4	12
	247	6	34.750000	72.000000	9.834132e+04	1.669170e-04
	6	14	-25.500000	70.000000	9.990973e+04	-8.721128e-06
	139	79	7.750000	53.750000	9.867895e+04	2.375610e-04
	136	117	7.000000	44.250000	1.009029e+05	1.590269e-04
2022	2	14	5	18
	254	1	36.500000	73.250000	9.835909e+04	1.949673e-04
	8	51	-25.000000	60.750000	9.750445e+04	1.873767e-04
	159	71	12.750000	55.750000	9.864887e+04	1.892080e-04
	150	116	10.500000	44.500000	1.007220e+05	1.292600e-04
	138	119	7.500000	43.750000	1.007220e+05	9.158715e-05
2022	2	15	6	0
	256	0	37.000000	73.500000	9.845640e+04	2.066045e-04
	257	0	37.250000	73.500000	9.845640e+04	2.033518e-04
	0	46	-27.000000	62.000000	9.747104e+04	1.029952e-04
	19	52	-22.250000	60.500000	9.744193e+04	2.202611e-04
	178	64	17.500000	57.500000	9.866059e+04	1.904701e-04
	158	113	12.500000	45.250000	1.007441e+05	1.202298e-04
2022	2	15	7	6
	265	0	39.250000	73.500000	9.870416e+04	1.151039e-04
	259	11	37.750000	70.750000	9.870416e+04	1.064518e-04
	13	48	-23.750000	61.500000	9.715431e+04	1.953678e-04
	195	57	21.750000	59.250000	9.877255e+04	1.658324e-04
	1	96	-26.750000	49.500000	9.956466e+04	1.116943e-04
	161	111	13.250000	45.750000	1.007673e+05	8.700686e-05
	273	130	41.250000	41.000000	1.017509e+05	1.664175e-05
2022	2	15	6	12
	6	14	-25.500000	70.000000	9.883253e+04	-3.043967e-05
	264	19	39.000000	68.750000	9.913090e+04	1.266924e-04
	0	42	-27.000000	63.000000	9.683426e+04	1.278624e-04
	202	54	23.500000	60.000000	9.882433e+04	1.912326e-04
	185	117	19.250000	44.250000	1.006807e+05	-1.587748e-05
	281	121	43.250000	43.250000	1.017179e+05	-8.719605e-06
2022	2	15	8	18
	273	16	41.250000	69.500000	9.907404e+04	1.099502e-04
	0	38	-27.000000	64.000000	9.687959e+04	7.714387e-05
	228	46	30.000000	62.000000	9.894527e+04	6.989879e-05
	0	47	-27.000000	61.750000	9.687959e+04	-4.702578e-06
	212	51	26.000000	60.750000	9.894527e+04	1.803458e-04
	113	73	1.250000	55.250000	9.856270e+04	1.893428e-04
	2	83	-26.500000	52.750000	9.758105e+04	1.999010e-04
	192	103	21.000000	47.750000	1.005721e+05	1.296714e-04
2022	2	16	7	0
	253	0	36.250000	73.500000	9.894391e+04	8.053336e-05
	218	48	27.500000	61.500000	9.897341e+04	1.903750e-04
	116	71	2.000000	55.750000	9.864378e+04	1.609705e-04
	30	77	-19.500000	54.250000	9.680984e+04	3.582134e-04
	206	100	24.500000	48.500000	1.004392e+05	7.810910e-06
	139	117	7.750000	44.250000	1.007892e+05	1.388309e-04
	281	121	43.250000	43.250000	1.015803e+05	-9.532017e-06
2022	2	16	5	6
	252	0	36.000000	73.500000	9.862815e+04	1.696361e-04
	0	41	-27.000000	63.250000	9.686005e+04	4.942310e-05
	222	45	28.500000	62.250000	9.892320e+04	2.187890e-04
	53	74	-13.750000	55.000000	9.657028e+04	3.019992e-04
	204	93	24.000000	50.250000	1.003066e+05	1.365486e-04
2022	2	16	6	12
	285	0	44.250000	73.500000	9.878525e+04	1.774342e-06
	260	5	38.000000	72.250000	9.878525e+04	2.482776e-04
	252	35	36.000000	64.750000	9.922977e+04	1.230386e-04
	234	41	31.500000	63.250000	9.922977e+04	1.099758e-04
	85	76	-5.750000	54.500000	9.693234e+04	1.940413e-04
	101	79	-1.750000	53.750000	9.693234e+04	1.677612e-04
2022	2	16	5	18
	283	0	43.750000	73.500000	9.892300e+04	4.172275e-05
	283	29	43.750000	66.250000	9.932648e+04	1.164238e-04
	251	35	35.750000	64.750000	9.933859e+04	1.343929e-04
	0	37	-27.000000	64.250000	9.773150e+04	1.188529e-05
	119	77	2.750000	54.250000	9.696322e+04	2.261741e-04
2022	2	17	4	0
	280	0	43.000000	73.500000	9.893766e+04	5.472757e-05
	288	25	45.000000	67.250000	9.924442e+04	1.211176e-04
	122	77	3.500000	54.250000	9.727155e+04	2.291014e-04
	2	108	-26.500000	46.500000	9.931769e+04	2.068876e-04
2022	2	17	6	6
	288	1	45.000000	73.250000	9.889642e+04	1.038696e-04
	288	15	45.000000	69.750000	9.904043e+04	-4.957163e-05
	288	25	45.000000	67.250000	9.930088e+04	1.173631e-04
	0	42	-27.000000	63.000000	9.868305e+04	-2.630668e-06
	167	83	14.750000	52.750000	9.799606e+04	1.752456e-04
	26	94	-20.500000	50.000000	9.806015e+04	3.567554e-04
2022	2	17	3	12
	180	84	18.000000	52.500000	9.842846e+04	9.661927e-05
	38	87	-17.500000	51.750000	9.664277e+04	5.913548e-04
	187	116	19.750000	44.500000	9.912015e+04	5.721391e-05
2022	2	17	3	18
	64	81	-11.000000	53.250000	9.637138e+04	5.232678e-04
	189	85	20.250000	52.250000	9.890971e+04	7.606050e-05
	147	134	9.750000	40.000000	1.004541e+05	5.123495e-05
2022	2	18	3	0
	235	11	31.750000	70.750000	1.000410e+05	7.755821e-05
	87	74	-5.250000	55.000000	9.673734e+04	3.481106e-04
	214	84	26.500000	52.500000	9.924168e+04	9.699644e-05
2022	2	18	3	6
	253	14	36.250000	70.000000	9.994939e+04	1.075836e-04
	112	69	1.000000	56.250000	9.670705e+04	3.700839e-04
	138	116	7.500000	44.500000	1.010338e+05	3.959323e-05
2022	2	18	8	12
	266	15	39.500000	69.750000	9.990660e+04	8.925513e-05
	8	45	-25.000000	62.250000	9.868677e+04	2.019209e-04
	288	46	45.000000	62.000000	1.003261e+05	9.703023e-05
	125	65	4.250000	57.250000	9.704118e+04	4.435547e-04
	246	70	34.500000	56.000000	9.964106e+04	1.131491e-04
	247	70	34.750000	56.000000	9.964106e+04	1.166109e-04
	52	127	-14.000000	41.750000	1.008236e+05	8.483020e-05
	217	139	27.250000	38.750000	1.000653e+05	1.559079e-04
2022	2	18	9	18
	262	4	38.500000	72.500000	9.965220e+04	2.108128e-05
	275	15	41.750000	69.750000	9.978644e+04	9.141430e-05
	288	39	45.000000	63.750000	1.000555e+05	2.349355e-05
	6	45	-25.500000	62.250000	9.902753e+04	2.259983e-04
	57	54	-12.750000	60.000000	9.889134e+04	1.908387e-04
	258	63	37.500000	57.750000	9.945446e+04	1.180984e-04
	137	66	7.250000	57.000000	9.784600e+04	3.637756e-04
	63	121	-11.250000	43.250000	1.003888e+05	1.402463e-04
	219	151	27.750000	35.750000	1.005424e+05	1.261466e-04
2022	2	19	7	0
	274	0	41.500000	73.500000	9.947791e+04	7.637912e-05
	282	14	43.500000	70.000000	9.963794e+04	9.055564e-05
	53	53	-13.750000	60.250000	9.917564e+04	1.745389e-04
	270	56	40.500000	59.500000	9.916665e+04	1.540318e-04
	152	65	11.000000	57.250000	9.848512e+04	3.564940e-04
	75	116	-8.250000	44.500000	1.002450e+05	1.358482e-04
	223	156	28.750000	34.500000	1.006815e+05	1.241035e-04
2022	2	19	9	6
	272	3	41.000000	72.750000	9.940034e+04	1.666159e-04
	287	14	44.750000	70.000000	9.940034e+04	8.973598e-05
	285	50	44.250000	61.000000	9.903711e+04	9.638537e-05
	286	50	44.500000	61.000000	9.903711e+04	8.384055e-05
	54	52	-13.500000	60.500000	9.947322e+04	1.371945e-04
	166	67	14.500000	56.750000	9.927099e+04	1.945638e-04
	89	108	-4.750000	46.500000	1.001501e+05	1.491857e-04
	90	117	-4.500000	44.250000	1.001501e+05	-6.831898e-05
	225	162	29.250000	33.000000	1.010170e+05	1.150845e-04
2022	2	19	5	12
	273	5	41.250000	72.250000	9.934993e+04	1.901949e-04
	113	44	1.250000	62.500000	1.001522e+05	6.414513e-05
	115	66	1.750000	57.000000	1.001002e+05	1.171047e-04
	190	67	20.500000	56.750000	9.961664e+04	1.502952e-04
	114	101	1.500000	48.250000	1.003970e+05	1.082002e-04
2022	2	19	7	18
	7	6	-25.250000	72.000000	1.004523e+05	1.079495e-04
	275	8	41.750000	71.500000	9.927275e+04	1.364637e-04
	0	47	-27.000000	61.750000	9.727526e+04	1.789558e-04
	288	57	45.000000	59.250000	9.958850e+04	1.158367e-05
	120	68	3.000000	56.500000	1.002319e+05	1.660950e-04
	288	68	45.000000	56.500000	9.958850e+04	7.967911e-05
	133	93	6.250000	50.250000	1.002153e+05	1.589228e-04
2022	2	20	5	0
	248	17	35.000000	69.250000	9.932199e+04	1.023892e-04
	0	35	-27.000000	64.750000	9.695618e+04	1.237880e-04
	124	70	4.000000	56.000000	1.004662e+05	1.875670e-04
	124	71	4.000000	55.750000	1.004662e+05	1.895827e-04
	150	91	10.500000	50.750000	1.000805e+05	1.804688e-04
