2022	2	16	6	0
	288	10	45.000000	71.000000	9.876712e+04	1.028215e-04
	48	37	-15.000000	64.250000	9.757288e+04	2.944313e-04
	116	53	2.000000	60.250000	9.802774e+04	1.339112e-04
	65	67	-10.750000	56.750000	9.734262e+04	2.783377e-04
	280	121	43.000000	43.250000	1.020692e+05	2.711049e-05
	172	122	16.000000	43.000000	1.014853e+05	5.058059e-05
2022	2	16	6	3
	44	35	-16.000000	64.750000	9.779638e+04	2.571552e-04
	74	66	-8.500000	57.000000	9.733177e+04	2.697319e-04
	90	70	-4.500000	56.000000	9.733177e+04	2.166381e-04
	280	121	43.000000	43.250000	1.020744e+05	2.610529e-05
	173	122	16.250000	43.000000	1.014450e+05	4.353281e-05
	174	122	16.500000	43.000000	1.014450e+05	5.544446e-05
2022	2	16	4	6
	41	64	-16.750000	57.500000	9.779984e+04	1.083984e-04
	84	66	-6.000000	57.000000	9.754174e+04	2.483518e-04
	101	67	-1.750000	56.750000	9.754174e+04	2.296511e-04
	20	73	-22.000000	55.250000	9.776383e+04	1.459816e-04
2022	2	16	4	9
	115	50	1.750000	61.000000	9.773378e+04	1.196351e-04
	47	63	-15.250000	57.750000	9.749849e+04	1.156744e-04
	113	66	1.250000	57.000000	9.745980e+04	2.412510e-04
	181	138	18.250000	39.000000	1.015052e+05	1.691139e-04
2022	2	16	4	12
	122	46	3.500000	62.000000	9.759585e+04	1.083838e-04
	125	67	4.250000	56.750000	9.732564e+04	2.544855e-04
	62	68	-11.500000	56.500000	9.726555e+04	2.070402e-04
	184	136	19.000000	39.500000	1.012942e+05	1.686814e-04
2022	2	16	5	15
	73	66	-8.750000	57.000000	9.688100e+04	2.502865e-04
	138	67	7.500000	56.750000	9.722388e+04	2.528327e-04
	89	69	-4.750000	56.250000	9.688100e+04	2.089324e-04
	137	116	7.250000	44.500000	1.011067e+05	5.960276e-05
	185	135	19.250000	39.750000	1.011811e+05	1.465102e-04
2022	2	16	5	18
	84	66	-6.000000	57.000000	9.700698e+04	2.526446e-04
	158	66	12.500000	57.000000	9.714728e+04	2.463217e-04
	105	68	-0.750000	56.500000	9.700698e+04	2.332337e-04
	279	120	42.750000	43.500000	1.021853e+05	-2.568122e-05
	187	136	19.750000	39.500000	1.012486e+05	1.093224e-04
2022	2	16	6	21
	288	10	45.000000	71.000000	9.895586e+04	8.020940e-05
	176	64	17.000000	57.500000	9.692221e+04	2.022382e-04
	118	68	2.500000	56.500000	9.672136e+04	2.513010e-04
	137	117	7.250000	44.250000	1.012490e+05	6.085090e-05
	183	129	18.750000	41.250000	1.012888e+05	9.629274e-05
	187	137	19.750000	39.250000	1.012888e+05	6.469557e-05
2022	2	17	2	0
	186	61	19.500000	58.250000	9.662825e+04	2.000347e-04
	129	69	5.250000	56.250000	9.674307e+04	3.031194e-04
2022	2	17	6	3
	286	10	44.500000	71.000000	9.905369e+04	1.476836e-04
	287	10	44.750000	71.000000	9.905369e+04	1.271264e-04
	123	40	3.750000	63.500000	9.725832e+04	1.123410e-04
	191	59	20.750000	58.750000	9.634719e+04	2.243898e-04
	172	71	16.000000	55.750000	9.646263e+04	1.677254e-04
	138	117	7.500000	44.250000	1.008190e+05	1.039534e-04
2022	2	17	4	6
	119	40	2.750000	63.500000	9.730661e+04	1.338921e-04
	195	57	21.750000	59.250000	9.618928e+04	2.253906e-04
	186	69	19.500000	56.250000	9.621240e+04	1.988558e-04
	138	117	7.500000	44.250000	1.007152e+05	7.524378e-05
2022	2	17	8	9
	288	10	45.000000	71.000000	9.918156e+04	9.374068e-05
	288	23	45.000000	67.750000	9.919100e+04	3.527890e-05
	116	40	2.000000	63.500000	9.737817e+04	1.515078e-04
	145	42	9.250000	63.000000	9.740270e+04	1.401162e-05
	11	49	-24.250000	61.250000	9.947788e+04	1.637520e-04
	197	56	22.250000	59.500000	9.612008e+04	2.451216e-04
	199	65	22.750000	57.250000	9.612008e+04	1.206267e-04
	5	117	-25.750000	44.250000	1.008336e+05	1.643609e-04
2022	2	17	6	12
	114	41	1.500000	63.250000	9.749959e+04	1.577200e-04
	9	44	-24.750000	62.500000	9.951044e+04	1.502295e-04
	200	56	23.000000	59.500000	9.614666e+04	2.496408e-04
	16	111	-23.000000	45.750000	1.004862e+05	2.074845e-04
	0	114	-27.000000	45.000000	1.013399e+05	1.143210e-04
	273	119	41.250000	43.750000	1.012511e+05	-1.821485e-05
2022	2	17	4	15
	136	40	7.000000	63.500000	9.760576e+04	2.275527e-05
	114	44	1.500000	62.500000	9.760576e+04	2.267588e-04
	209	57	25.250000	59.250000	9.618677e+04	9.020672e-05
	27	105	-20.250000	47.250000	9.995444e+04	2.604756e-04
2022	2	17	3	18
	117	46	2.250000	62.000000	9.775675e+04	2.121376e-04
	214	55	26.500000	59.750000	9.621272e+04	1.228335e-04
	39	99	-17.250000	48.750000	9.966362e+04	2.324105e-04
2022	2	17	3	21
	140	40	8.000000	63.500000	9.794438e+04	7.860396e-06
	218	53	27.500000	60.250000	9.622876e+04	1.554120e-04
	40	98	-17.000000	49.000000	9.943085e+04	3.510506e-04
2022	2	18	3	0
	224	50	29.000000	61.000000	9.628962e+04	1.531466e-04
	224	51	29.000000	60.750000	9.628962e+04	1.690136e-04
	48	95	-15.000000	49.750000	9.906863e+04	3.820006e-04
2022	2	18	2	3
	225	46	29.250000	62.000000	9.631746e+04	1.008197e-04
	58	93	-12.500000	50.250000	9.872120e+04	4.696575e-04
2022	2	18	3	6
	150	29	10.500000	66.250000	9.793998e+04	3.521674e-05
	230	43	30.500000	62.750000	9.635270e+04	1.453753e-04
	69	90	-9.750000	51.000000	9.849173e+04	4.797966e-04
2022	2	18	4	9
	149	28	10.250000	66.500000	9.788493e+04	3.733832e-05
	232	41	31.000000	63.250000	9.642457e+04	1.641550e-04
	88	83	-5.000000	52.750000	9.833035e+04	3.174753e-04
	265	161	39.250000	33.250000	1.009217e+05	-2.239637e-05
2022	2	18	6	12
	148	28	10.000000	66.500000	9.789862e+04	3.259420e-05
	234	38	31.500000	64.000000	9.652586e+04	1.153121e-04
	0	44	-27.000000	62.500000	9.875391e+04	1.030562e-04
	0	58	-27.000000	59.000000	9.880345e+04	5.087748e-05
	108	78	0.000000	54.000000	9.808783e+04	2.861235e-04
	274	118	41.500000	44.000000	1.003579e+05	-5.327251e-05
2022	2	18	6	15
	147	28	9.750000	66.500000	9.783445e+04	5.320962e-05
	235	35	31.750000	64.750000	9.665656e+04	9.115932e-05
	0	55	-27.000000	59.750000	9.784514e+04	1.290530e-04
	118	75	2.500000	54.750000	9.746955e+04	3.288773e-04
	276	118	42.000000	44.000000	1.005848e+05	5.939650e-06
	238	137	32.500000	39.250000	1.006141e+05	7.808646e-05
2022	2	18	7	18
	145	28	9.250000	66.500000	9.771507e+04	5.006520e-05
	239	32	32.750000	65.500000	9.668173e+04	1.087613e-04
	0	51	-27.000000	60.750000	9.741277e+04	1.150773e-04
	134	72	6.500000	55.500000	9.700698e+04	3.254160e-04
	278	118	42.500000	44.000000	1.007327e+05	3.915243e-05
	243	137	33.750000	39.250000	1.007959e+05	5.960792e-05
	230	149	30.500000	36.250000	1.008077e+05	6.986574e-05
2022	2	18	5	21
	142	28	8.500000	66.500000	9.768943e+04	5.574374e-05
	242	30	33.500000	66.000000	9.667764e+04	1.249838e-04
	0	50	-27.000000	61.000000	9.743527e+04	1.095284e-04
	144	71	9.000000	55.750000	9.682643e+04	3.395059e-04
	227	150	29.750000	36.000000	1.006207e+05	2.091352e-04
2022	2	19	10	0
	255	18	36.750000	69.000000	9.677405e+04	1.246131e-04
	142	29	8.500000	66.250000	9.769273e+04	7.695142e-05
	245	29	34.250000	66.250000	9.677405e+04	1.125501e-04
	0	49	-27.000000	61.250000	9.760135e+04	8.465092e-05
	20	51	-22.000000	60.750000	9.760135e+04	1.760546e-04
	7	58	-25.250000	59.000000	9.760135e+04	1.586973e-04
	161	69	13.250000	56.250000	9.674731e+04	2.633194e-04
	138	117	7.500000	44.250000	1.013351e+05	9.416298e-05
	226	152	29.500000	35.500000	1.004599e+05	2.263975e-04
	227	152	29.750000	35.500000	1.004599e+05	2.210080e-04
2022	2	19	12	3
	250	17	35.500000	69.250000	9.680284e+04	1.491672e-04
	247	28	34.750000	66.500000	9.680284e+04	7.729266e-05
	248	28	35.000000	66.500000	9.680284e+04	8.021557e-05
	150	32	10.500000	65.500000	9.767999e+04	1.086794e-04
	15	49	-23.250000	61.250000	9.792881e+04	1.392296e-04
	19	59	-22.250000	58.750000	9.792881e+04	1.660532e-04
	178	68	17.500000	56.500000	9.662134e+04	2.623429e-04
	150	109	10.500000	46.250000	1.011586e+05	3.926632e-05
	137	117	7.250000	44.250000	1.012874e+05	1.023446e-04
	108	139	0.000000	38.750000	1.014104e+05	3.769562e-05
	117	144	2.250000	37.500000	1.014104e+05	1.119843e-05
	227	156	29.750000	34.500000	1.004732e+05	2.113543e-04
2022	2	19	9	6
	248	17	35.000000	69.250000	9.676729e+04	1.732295e-04
	257	25	37.250000	67.250000	9.676729e+04	7.175776e-05
	150	33	10.500000	65.250000	9.773614e+04	1.211583e-04
	61	60	-11.750000	58.500000	9.793023e+04	2.558546e-04
	190	68	20.500000	56.500000	9.676021e+04	2.615479e-04
	150	109	10.500000	46.250000	1.012089e+05	5.025742e-05
	137	117	7.250000	44.250000	1.013352e+05	9.445052e-05
	115	142	1.750000	38.000000	1.014700e+05	-1.741578e-06
	227	162	29.750000	33.000000	1.007663e+05	7.806574e-05
2022	2	19	8	9
	247	17	34.750000	69.250000	9.684719e+04	1.664499e-04
	152	32	11.000000	65.500000	9.786338e+04	1.248897e-04
	45	58	-15.750000	59.000000	9.794438e+04	1.166610e-04
	65	59	-10.750000	58.750000	9.794438e+04	2.264367e-04
	200	68	23.000000	56.500000	9.711001e+04	2.088523e-04
	150	109	10.500000	46.250000	1.014832e+05	3.369633e-05
	137	117	7.250000	44.250000	1.014555e+05	9.023723e-05
	275	162	41.750000	33.000000	1.008950e+05	5.293606e-05
2022	2	19	7	12
	245	17	34.250000	69.250000	9.697553e+04	1.532781e-04
	276	17	42.000000	69.250000	9.697553e+04	1.193054e-04
	151	32	10.750000	65.500000	9.801312e+04	1.111336e-04
	0	49	-27.000000	61.250000	9.817448e+04	6.209258e-05
	65	60	-10.750000	58.500000	9.818062e+04	2.680421e-04
	84	61	-6.000000	58.250000	9.818062e+04	1.342573e-04
	219	67	27.750000	56.750000	9.744030e+04	1.098390e-04
2022	2	19	11	15
	60	3	-12.000000	72.750000	9.858594e+04	3.032575e-04
	282	14	43.500000	70.000000	9.713502e+04	1.242581e-04
	247	19	34.750000	68.750000	9.712338e+04	9.920281e-05
	151	35	10.750000	64.750000	9.812746e+04	1.156538e-04
	0	60	-27.000000	58.500000	9.725942e+04	1.241949e-04
	67	62	-10.250000	58.000000	9.858923e+04	2.729884e-04
	229	65	30.250000	57.250000	9.765262e+04	1.189750e-04
	114	67	1.500000	56.750000	9.851453e+04	2.543301e-04
	137	117	7.250000	44.250000	1.014319e+05	9.230415e-05
	270	159	40.500000	33.750000	1.008336e+05	2.670575e-05
	279	162	42.750000	33.000000	1.008336e+05	7.936347e-05
2022	2	19	9	18
	59	4	-12.250000	72.500000	9.846341e+04	3.176567e-04
	60	4	-12.000000	72.500000	9.846341e+04	3.203071e-04
	286	12	44.500000	70.500000	9.719509e+04	9.165385e-05
	152	34	11.000000	65.000000	9.828317e+04	1.153629e-04
	0	55	-27.000000	59.750000	9.635946e+04	1.307456e-04
	68	63	-10.000000	57.750000	9.908672e+04	2.075280e-04
	237	64	32.250000	57.500000	9.786889e+04	1.318729e-04
	124	68	4.000000	56.500000	9.849392e+04	2.957367e-04
	280	162	43.000000	33.000000	1.010358e+05	1.226408e-04
2022	2	19	7	21
	58	4	-12.500000	72.500000	9.845964e+04	3.317262e-04
	0	50	-27.000000	61.000000	9.577469e+04	1.334427e-04
	249	64	35.250000	57.500000	9.804488e+04	6.859037e-05
	250	64	35.500000	57.500000	9.804488e+04	7.292897e-05
	136	68	7.000000	56.500000	9.853765e+04	2.592518e-04
	272	162	41.000000	33.000000	1.009675e+05	4.119073e-05
	283	162	43.750000	33.000000	1.009675e+05	1.268758e-04
2022	2	20	6	0
	55	4	-13.250000	72.500000	9.846168e+04	3.031001e-04
	0	46	-27.000000	62.000000	9.544518e+04	1.213971e-04
	260	61	38.000000	58.250000	9.821868e+04	7.968613e-05
	147	69	9.750000	56.250000	9.874699e+04	2.263935e-04
	287	153	44.750000	35.250000	1.008912e+05	-1.947692e-05
	284	162	44.000000	33.000000	1.008912e+05	8.835797e-05
