2022	2	14	8	0
	5	6	-25.750000	72.000000	9.971790e+04	-3.793436e-05
	220	10	28.000000	71.000000	9.835470e+04	1.211564e-04
	194	12	21.500000	70.500000	9.835470e+04	1.163434e-04
	1	17	-26.750000	69.250000	9.971790e+04	1.268617e-05
	221	20	28.250000	68.500000	9.835470e+04	8.565087e-05
	111	64	0.750000	57.500000	9.845842e+04	9.822874e-05
	103	71	-1.250000	55.750000	9.845842e+04	1.376949e-04
	139	107	7.750000	46.750000	1.004209e+05	-1.276024e-04
2022	2	14	5	3
	58	4	-12.500000	72.500000	1.001176e+05	9.654191e-05
	215	9	26.750000	71.250000	9.807615e+04	1.933019e-04
	196	17	22.000000	69.250000	9.807615e+04	4.509968e-05
	121	65	3.250000	57.250000	9.843038e+04	8.744798e-05
	105	72	-0.750000	55.500000	9.843038e+04	1.592956e-04
2022	2	14	4	6
	61	4	-11.750000	72.500000	1.000884e+05	6.924054e-05
	220	8	28.000000	71.500000	9.792934e+04	2.351227e-04
	114	70	1.500000	56.000000	9.840249e+04	6.447413e-05
	122	121	3.500000	43.250000	1.008003e+05	1.881913e-04
2022	2	14	4	9
	68	2	-10.000000	73.000000	1.001697e+05	7.158770e-05
	225	8	29.250000	71.500000	9.793327e+04	2.219071e-04
	0	54	-27.000000	60.000000	9.805217e+04	1.295564e-04
	123	70	3.750000	56.000000	9.838432e+04	1.513497e-04
2022	2	14	3	12
	228	9	30.000000	71.250000	9.793420e+04	1.878561e-04
	2	50	-26.500000	61.000000	9.766630e+04	1.914805e-04
	127	66	4.750000	57.000000	9.828844e+04	1.994847e-04
2022	2	14	4	15
	234	6	31.500000	72.000000	9.798261e+04	8.547745e-05
	245	14	34.250000	70.000000	9.798261e+04	2.099629e-04
	6	46	-25.500000	62.000000	9.724516e+04	2.789391e-04
	131	62	5.750000	58.000000	9.819036e+04	2.550934e-04
2022	2	14	3	18
	254	13	36.500000	70.250000	9.795238e+04	1.742670e-04
	0	41	-27.000000	63.250000	9.700592e+04	1.331762e-04
	132	61	6.000000	58.250000	9.821543e+04	2.999978e-04
2022	2	14	6	21
	259	12	37.750000	70.500000	9.792135e+04	1.797548e-04
	0	38	-27.000000	64.000000	9.692806e+04	1.859125e-04
	19	43	-22.250000	62.750000	9.692806e+04	1.850391e-04
	134	61	6.500000	58.250000	9.829533e+04	2.872301e-04
	135	61	6.750000	58.250000	9.829533e+04	2.881986e-04
	141	120	8.250000	43.500000	1.011323e+05	1.171599e-04
2022	2	15	6	0
	6	7	-25.500000	71.750000	9.957941e+04	5.530816e-05
	262	12	38.500000	70.500000	9.796632e+04	1.827659e-04
	0	36	-27.000000	64.500000	9.715195e+04	1.276123e-04
	28	38	-20.000000	64.000000	9.716683e+04	1.234753e-05
	141	61	8.250000	58.250000	9.841440e+04	2.216260e-04
	145	118	9.250000	44.000000	1.011461e+05	1.342812e-04
2022	2	15	7	3
	243	8	33.750000	71.500000	9.801959e+04	1.808409e-04
	269	12	40.250000	70.500000	9.801959e+04	2.259878e-04
	1	34	-26.750000	65.000000	9.706327e+04	1.245065e-04
	22	35	-21.500000	64.750000	9.706327e+04	1.069242e-04
	128	53	5.000000	60.250000	9.853707e+04	5.408218e-05
	148	59	10.000000	58.750000	9.853707e+04	2.048006e-04
	155	117	11.750000	44.250000	1.010009e+05	4.185678e-05
2022	2	15	9	6
	274	11	41.500000	70.750000	9.806784e+04	2.008403e-04
	244	12	34.000000	70.500000	9.806784e+04	1.835758e-04
	245	12	34.250000	70.500000	9.806784e+04	1.803482e-04
	0	31	-27.000000	65.750000	9.714020e+04	8.423471e-05
	24	35	-21.000000	64.750000	9.714020e+04	1.760139e-04
	126	47	4.500000	61.750000	9.880827e+04	1.145560e-04
	153	57	11.250000	59.250000	9.868434e+04	1.539419e-04
	0	84	-27.000000	52.500000	9.867024e+04	1.244788e-04
	155	115	11.750000	44.750000	1.010999e+05	1.023119e-04
2022	2	15	6	9
	276	10	42.000000	71.000000	9.822185e+04	2.082427e-04
	0	37	-27.000000	64.250000	9.729859e+04	-5.264257e-05
	124	47	4.000000	61.750000	9.877521e+04	1.458560e-04
	162	53	13.500000	60.250000	9.881736e+04	2.112826e-04
	5	80	-25.750000	53.500000	9.811845e+04	2.508295e-04
	160	111	13.000000	45.750000	1.011991e+05	9.623881e-05
2022	2	15	6	12
	277	9	42.250000	71.250000	9.835862e+04	1.942060e-04
	0	34	-27.000000	65.000000	9.740888e+04	-2.893950e-05
	36	35	-18.000000	64.750000	9.764859e+04	1.660173e-04
	53	43	-13.750000	62.750000	9.769512e+04	2.755008e-04
	170	50	15.500000	61.000000	9.882566e+04	1.484122e-04
	21	77	-21.750000	54.250000	9.798638e+04	2.481171e-04
2022	2	15	5	15
	279	10	42.750000	71.000000	9.845999e+04	2.275469e-04
	0	38	-27.000000	64.000000	9.741954e+04	6.894184e-06
	47	39	-15.250000	63.750000	9.762728e+04	2.659222e-04
	178	47	17.500000	61.750000	9.876597e+04	1.436925e-04
	36	73	-18.000000	55.250000	9.763559e+04	2.809750e-04
2022	2	15	4	18
	283	10	43.750000	71.000000	9.858407e+04	2.288386e-04
	41	35	-16.750000	64.750000	9.766175e+04	2.541060e-04
	184	44	19.000000	62.500000	9.869280e+04	1.912340e-04
	46	72	-15.500000	55.500000	9.749490e+04	3.204393e-04
2022	2	15	4	21
	285	10	44.250000	71.000000	9.869045e+04	2.047031e-04
	286	10	44.500000	71.000000	9.869045e+04	1.789850e-04
	186	43	19.500000	62.750000	9.864705e+04	1.762174e-04
	61	71	-11.750000	55.750000	9.764655e+04	3.139746e-04
2022	2	16	6	0
	287	10	44.750000	71.000000	9.880153e+04	1.261426e-04
	119	39	2.750000	63.750000	9.832180e+04	2.192555e-04
	191	41	20.750000	63.250000	9.864063e+04	1.959926e-04
	98	52	-2.500000	60.500000	9.835252e+04	6.733699e-05
	73	70	-8.750000	56.000000	9.781654e+04	2.756550e-04
	7	73	-25.250000	55.250000	9.787326e+04	2.025094e-04
2022	2	16	10	3
	115	39	1.750000	63.750000	9.820086e+04	1.765745e-04
	116	39	2.000000	63.750000	9.820086e+04	1.818543e-04
	195	39	21.750000	63.750000	9.859112e+04	2.076768e-04
	100	51	-2.000000	60.750000	9.823125e+04	5.862235e-05
	17	69	-22.750000	56.250000	9.761600e+04	2.634038e-04
	18	69	-22.500000	56.250000	9.761600e+04	2.533310e-04
	84	71	-6.000000	55.750000	9.807677e+04	2.253191e-04
	98	74	-2.500000	55.000000	9.807677e+04	1.726573e-04
	0	76	-27.000000	54.500000	9.801473e+04	1.288140e-04
	280	121	43.000000	43.250000	1.020594e+05	5.008563e-06
2022	2	16	8	6
	196	38	22.000000	64.000000	9.861901e+04	1.727615e-04
	112	39	1.000000	63.750000	9.810670e+04	1.830441e-04
	101	51	-1.750000	60.750000	9.811594e+04	4.005485e-05
	101	52	-1.750000	60.500000	9.814116e+04	4.674355e-05
	25	66	-20.750000	57.000000	9.727681e+04	2.785198e-04
	114	74	1.500000	55.000000	9.824112e+04	2.081253e-04
	280	121	43.000000	43.250000	1.021485e+05	-2.321693e-06
	202	125	23.500000	42.250000	1.016482e+05	-3.073650e-05
2022	2	16	7	9
	199	36	22.750000	64.500000	9.868074e+04	1.494257e-04
	110	40	0.500000	63.500000	9.805139e+04	1.548854e-04
	42	64	-16.500000	57.500000	9.704619e+04	2.861166e-04
	132	74	6.000000	55.000000	9.809823e+04	2.117179e-04
	137	116	7.250000	44.500000	1.014187e+05	8.813442e-05
	202	125	23.500000	42.250000	1.016832e+05	-3.997255e-05
	181	137	18.250000	39.250000	1.015373e+05	1.479830e-04
2022	2	16	6	12
	200	35	23.000000	64.750000	9.867651e+04	1.605831e-04
	108	40	0.000000	63.500000	9.803682e+04	1.535085e-04
	52	61	-14.000000	58.250000	9.676136e+04	3.043733e-04
	143	74	8.750000	55.000000	9.815370e+04	2.185406e-04
	278	120	42.500000	43.500000	1.017025e+05	-6.775993e-06
	183	136	18.750000	39.500000	1.013321e+05	1.595747e-04
2022	2	16	4	15
	199	34	22.750000	65.000000	9.852892e+04	1.597465e-04
	56	60	-13.000000	58.500000	9.677688e+04	4.181550e-04
	157	74	12.250000	55.000000	9.804419e+04	2.231326e-04
	136	120	7.000000	43.500000	1.013567e+05	1.233652e-04
2022	2	16	3	18
	71	63	-9.250000	57.750000	9.722464e+04	2.929710e-04
	174	72	16.500000	55.500000	9.789927e+04	1.671322e-04
	185	134	19.250000	40.000000	1.012420e+05	1.412910e-04
2022	2	16	5	21
	288	7	45.000000	71.750000	9.892202e+04	1.050546e-04
	97	62	-2.750000	58.000000	9.756884e+04	1.459033e-04
	183	72	18.750000	55.500000	9.776798e+04	1.618636e-04
	137	113	7.250000	45.250000	1.010476e+05	6.190426e-06
	184	134	19.000000	40.000000	1.012429e+05	1.574408e-04
2022	2	17	6	0
	285	7	44.250000	71.750000	9.895225e+04	1.505617e-04
	124	49	4.000000	61.250000	9.789394e+04	6.622675e-05
	115	64	1.750000	57.500000	9.768823e+04	1.975464e-04
	196	69	22.000000	56.250000	9.764452e+04	1.242470e-04
	7	80	-25.250000	53.500000	9.952206e+04	1.730526e-04
	183	137	18.750000	39.250000	1.011995e+05	1.341040e-04
2022	2	17	6	3
	283	8	43.750000	71.500000	9.894943e+04	1.648497e-04
	194	54	21.500000	60.000000	9.739776e+04	8.766869e-07
	128	67	5.000000	56.750000	9.782547e+04	2.032291e-04
	206	67	24.500000	56.750000	9.737034e+04	1.417075e-04
	12	77	-24.000000	54.250000	9.918255e+04	1.659687e-04
	184	140	19.000000	38.500000	1.010494e+05	1.445798e-04
2022	2	17	5	6
	284	10	44.000000	71.000000	9.899627e+04	1.477767e-04
	213	64	26.250000	57.500000	9.722527e+04	1.159182e-04
	17	74	-22.750000	55.000000	9.886170e+04	2.026754e-04
	0	121	-27.000000	43.250000	1.012741e+05	2.209681e-05
	280	121	43.000000	43.250000	1.016244e+05	-2.152843e-05
2022	2	17	7	9
	220	61	28.000000	58.250000	9.713142e+04	1.144710e-04
	23	73	-21.250000	55.250000	9.875265e+04	2.591523e-04
	8	118	-25.000000	44.000000	1.008802e+05	1.654676e-04
	278	120	42.500000	43.500000	1.014316e+05	-4.660965e-05
	115	125	1.750000	42.250000	1.019039e+05	-1.780388e-05
	283	128	43.750000	41.500000	1.014316e+05	-1.402456e-05
	282	136	43.500000	39.500000	1.014411e+05	1.442169e-05
2022	2	17	4	12
	229	51	30.250000	60.750000	9.703648e+04	9.185492e-05
	230	51	30.500000	60.750000	9.703648e+04	7.832403e-05
	27	70	-20.250000	56.000000	9.867166e+04	2.696543e-04
	20	111	-22.000000	45.750000	1.005376e+05	2.121672e-04
2022	2	17	4	15
	50	40	-14.500000	63.500000	9.899705e+04	1.879522e-04
	233	45	31.250000	62.250000	9.701376e+04	1.732962e-04
	31	68	-19.250000	56.500000	9.852125e+04	2.804938e-04
	32	105	-19.000000	47.250000	9.995730e+04	2.652993e-04
2022	2	17	4	18
	48	40	-15.000000	63.500000	9.888833e+04	1.840213e-04
	236	42	32.000000	63.000000	9.698180e+04	2.047493e-04
	37	66	-17.750000	57.000000	9.834202e+04	3.258700e-04
	42	99	-16.500000	48.750000	9.943981e+04	2.821224e-04
2022	2	17	5	21
	240	39	33.000000	63.750000	9.704149e+04	1.015769e-04
	48	42	-15.000000	63.000000	9.871191e+04	2.458547e-04
	39	64	-17.250000	57.500000	9.811045e+04	3.231912e-04
	52	93	-14.000000	50.250000	9.880859e+04	3.690246e-04
	116	124	2.000000	42.500000	1.015359e+05	-2.797917e-05
2022	2	18	7	0
	151	27	10.750000	66.750000	9.862700e+04	5.254693e-05
	152	27	11.000000	66.750000	9.862700e+04	5.138023e-05
	243	35	33.750000	64.750000	9.707283e+04	7.298600e-05
	50	43	-14.500000	62.750000	9.858391e+04	3.232250e-04
	41	64	-16.750000	57.500000	9.787921e+04	3.667960e-04
	63	86	-11.250000	52.000000	9.814038e+04	4.078273e-04
	116	124	2.000000	42.500000	1.014974e+05	6.303407e-06
2022	2	18	7	3
	152	28	11.000000	66.500000	9.864110e+04	7.263866e-05
	245	32	34.250000	65.500000	9.708176e+04	6.883187e-05
	50	43	-14.500000	62.750000	9.841299e+04	3.341436e-04
	0	53	-27.000000	60.250000	9.892420e+04	-2.962753e-05
	43	64	-16.250000	57.500000	9.760049e+04	3.926231e-04
	73	81	-8.750000	53.250000	9.755631e+04	4.264526e-04
	116	124	2.000000	42.500000	1.014418e+05	1.841211e-05
2022	2	18	7	6
	154	28	11.500000	66.500000	9.862951e+04	9.718239e-05
	246	30	34.500000	66.000000	9.709852e+04	8.782488e-05
	47	44	-15.250000	62.500000	9.831491e+04	3.262259e-04
	47	65	-15.250000	57.250000	9.751730e+04	3.819359e-04
	80	76	-7.000000	54.500000	9.696456e+04	4.728533e-04
	156	109	12.000000	46.250000	1.012813e+05	1.797009e-05
	137	117	7.250000	44.250000	1.012401e+05	9.135532e-05
2022	2	18	5	9
	155	26	11.750000	67.000000	9.864956e+04	1.191927e-04
	244	29	34.000000	66.250000	9.717842e+04	1.553825e-04
	46	46	-15.500000	62.000000	9.833168e+04	2.907270e-04
	53	67	-13.750000	56.750000	9.761820e+04	3.154689e-04
	88	72	-5.000000	55.500000	9.651241e+04	4.752576e-04
2022	2	18	5	12
	154	24	11.500000	67.500000	9.862606e+04	1.310180e-04
	242	28	33.500000	66.500000	9.722433e+04	1.792181e-04
	46	47	-15.500000	61.750000	9.845717e+04	2.924085e-04
	60	69	-12.000000	56.250000	9.779743e+04	2.612440e-04
	99	70	-2.250000	56.000000	9.632441e+04	4.497994e-04
2022	2	18	7	15
	6	7	-25.500000	71.750000	1.003283e+05	-2.254977e-05
	154	24	11.500000	67.500000	9.852047e+04	1.028708e-04
	241	27	33.250000	66.750000	9.730219e+04	1.659241e-04
	47	48	-15.250000	61.500000	9.850573e+04	2.407546e-04
	107	65	-0.250000	57.250000	9.597754e+04	3.640806e-04
	69	72	-9.750000	55.500000	9.796695e+04	2.615664e-04
	119	126	2.750000	42.000000	1.010432e+05	7.505927e-05
2022	2	18	9	18
	7	6	-25.250000	72.000000	1.003739e+05	-1.672171e-05
	241	27	33.250000	66.750000	9.742063e+04	1.464144e-04
	0	43	-27.000000	62.750000	9.834499e+04	2.791187e-05
	52	50	-14.000000	61.000000	9.859520e+04	1.784456e-04
	0	59	-27.000000	58.750000	9.825271e+04	1.228967e-04
	124	64	4.000000	57.500000	9.589419e+04	3.670356e-04
	282	121	43.500000	43.250000	1.005334e+05	6.331407e-06
	108	125	0.000000	42.250000	1.010419e+05	7.998209e-05
	107	137	-0.250000	39.250000	1.010227e+05	2.087228e-05
2022	2	18	7	21
	7	6	-25.250000	72.000000	1.003233e+05	-3.826214e-06
	264	20	39.000000	68.500000	9.754112e+04	7.987922e-05
	0	42	-27.000000	63.000000	9.830206e+04	2.466583e-05
	0	55	-27.000000	59.750000	9.818927e+04	1.284187e-04
	131	62	5.750000	58.000000	9.588510e+04	2.926152e-04
	109	138	0.250000	39.000000	1.012071e+05	5.079082e-05
	264	161	39.000000	33.250000	1.002174e+05	1.150281e-04
2022	2	19	12	0
	7	6	-25.250000	72.000000	1.003825e+05	5.905098e-06
	265	19	39.250000	68.750000	9.759485e+04	8.807641e-05
	64	51	-11.000000	60.750000	9.868795e+04	1.712344e-04
	135	52	6.750000	60.500000	9.613327e+04	-5.626108e-05
	0	55	-27.000000	59.750000	9.834437e+04	9.684302e-05
	15	58	-23.250000	59.000000	9.834437e+04	1.345660e-04
	29	63	-19.750000	57.750000	9.843257e+04	2.036621e-04
	139	63	7.750000	57.750000	9.613327e+04	3.265813e-04
	136	116	7.000000	44.500000	1.011466e+05	9.851915e-05
	106	140	-0.500000	38.500000	1.013017e+05	5.319474e-05
	234	156	31.500000	34.500000	1.003117e+05	1.980013e-04
	265	162	39.250000	33.000000	1.002001e+05	1.060538e-04
2022	2	19	7	3
	7	6	-25.250000	72.000000	1.002681e+05	-3.953265e-06
	263	19	38.750000	68.750000	9.764420e+04	8.096324e-05
	71	51	-9.250000	60.750000	9.871944e+04	1.738193e-04
	150	61	10.500000	58.250000	9.630075e+04	3.367446e-04
	37	63	-17.750000	57.750000	9.841722e+04	2.114181e-04
	234	159	31.500000	33.750000	1.001596e+05	2.094037e-04
	265	160	39.250000	33.500000	1.001746e+05	1.555246e-04
2022	2	19	11	6
	2	17	-26.500000	69.250000	9.971602e+04	-2.824556e-05
	263	19	38.750000	68.750000	9.770280e+04	1.088230e-04
	152	28	11.000000	66.500000	9.802241e+04	6.622074e-05
	75	51	-8.250000	60.750000	9.871897e+04	1.801985e-04
	186	51	19.500000	60.750000	9.678392e+04	1.764445e-04
	187	51	19.750000	60.750000	9.680131e+04	1.828684e-04
	163	60	13.750000	58.500000	9.671232e+04	2.857599e-04
	44	63	-16.000000	57.750000	9.850605e+04	2.128567e-04
	137	117	7.250000	44.250000	1.012378e+05	1.395676e-04
	233	162	31.250000	33.000000	1.003087e+05	1.078368e-04
	273	162	41.250000	33.000000	1.002003e+05	7.328104e-05
2022	2	19	12	9
	1	17	-26.750000	69.250000	9.972103e+04	-2.198258e-05
	265	18	39.250000	69.000000	9.777675e+04	1.383676e-04
	150	27	10.500000	66.750000	9.811375e+04	9.038250e-05
	77	50	-7.750000	61.000000	9.884509e+04	1.783097e-04
	191	51	20.750000	60.750000	9.705575e+04	1.716502e-04
	178	59	17.500000	58.750000	9.705575e+04	2.293526e-04
	52	64	-14.000000	57.500000	9.871615e+04	2.172074e-04
	72	69	-9.000000	56.250000	9.872006e+04	2.436607e-04
	136	118	7.000000	44.000000	1.013766e+05	1.130967e-04
	189	120	20.250000	43.500000	1.014225e+05	2.456551e-05
	264	159	39.000000	33.750000	9.999584e+04	1.339056e-04
	276	161	42.000000	33.250000	9.999584e+04	1.402858e-04
2022	2	19	12	12
	7	6	-25.250000	72.000000	1.001986e+05	-1.130173e-05
	265	17	39.250000	69.250000	9.784490e+04	1.753003e-04
	237	21	32.250000	68.250000	9.784490e+04	7.545883e-05
	151	26	10.750000	67.000000	9.818315e+04	1.049668e-04
	221	46	28.250000	62.000000	9.723655e+04	1.863450e-04
	200	50	23.000000	61.000000	9.723655e+04	1.016159e-04
	76	51	-8.000000	60.750000	9.904343e+04	1.800503e-04
	57	65	-12.750000	57.250000	9.893408e+04	2.128206e-04
	78	69	-7.500000	56.250000	9.893031e+04	2.449556e-04
	135	119	6.750000	43.750000	1.012498e+05	1.264923e-04
	277	158	42.250000	34.000000	9.983352e+04	1.737881e-04
	265	160	39.250000	33.500000	9.983352e+04	1.034542e-04
2022	2	19	9	15
	265	16	39.250000	69.500000	9.789488e+04	1.717372e-04
	151	26	10.750000	67.000000	9.826117e+04	9.018763e-05
	228	43	30.000000	62.750000	9.725597e+04	1.907549e-04
	78	52	-7.500000	60.500000	9.916924e+04	1.564622e-04
	61	65	-11.750000	57.250000	9.918804e+04	1.710233e-04
	83	70	-6.250000	56.000000	9.909294e+04	2.046481e-04
	151	116	10.750000	44.500000	1.010847e+05	3.603462e-05
	135	119	6.750000	43.750000	1.010847e+05	1.393513e-04
	277	155	42.250000	34.750000	1.000839e+05	2.251544e-04
2022	2	19	6	18
	1	17	-26.750000	69.250000	9.932716e+04	-1.397197e-05
	232	41	31.000000	63.250000	9.728966e+04	1.849637e-04
	119	75	2.750000	54.750000	9.926355e+04	1.718367e-04
	153	116	11.250000	44.500000	1.013109e+05	2.587083e-05
	137	121	7.250000	43.250000	1.013067e+05	1.272098e-04
	273	153	41.250000	35.250000	1.003291e+05	2.360571e-04
2022	2	19	5	21
	260	15	38.000000	69.750000	9.788344e+04	9.412321e-05
	238	39	32.500000	63.750000	9.730611e+04	1.605757e-04
	0	53	-27.000000	60.250000	9.686085e+04	1.137778e-04
	128	74	5.000000	55.000000	9.931228e+04	1.998655e-04
	270	153	40.500000	35.250000	1.004660e+05	1.932457e-04
2022	2	20	8	0
	6	7	-25.500000	71.750000	1.000568e+05	-1.738932e-05
	256	15	37.000000	69.750000	9.783519e+04	1.202129e-04
	245	37	34.250000	64.250000	9.731645e+04	1.825076e-04
	288	37	45.000000	64.250000	9.838792e+04	3.834850e-05
	0	50	-27.000000	61.000000	9.646447e+04	1.295165e-04
	135	73	6.750000	55.250000	9.934064e+04	2.047217e-04
	269	153	40.250000	35.250000	1.005226e+05	1.915512e-04
	86	162	-5.500000	33.000000	1.024333e+05	-2.091175e-06
