2022	2	10	7	0
	173	9	16.250000	71.250000	9.686611e+04	1.596805e-04
	148	23	10.000000	67.750000	9.650717e+04	4.261724e-04
	59	56	-12.250000	59.500000	9.860197e+04	5.162514e-04
	152	106	11.000000	47.000000	1.022550e+05	-4.316338e-05
	139	110	7.750000	46.000000	1.022550e+05	-8.142586e-05
	282	140	43.500000	38.500000	1.009248e+05	8.111979e-06
	248	156	35.000000	34.500000	1.008095e+05	1.342036e-04
2022	2	10	8	6
	176	5	17.000000	72.250000	9.713360e+04	2.208945e-04
	8	6	-25.000000	72.000000	1.003396e+05	-1.677955e-05
	173	13	16.250000	70.250000	9.694563e+04	3.172764e-05
	1	18	-26.750000	69.000000	1.003372e+05	3.633711e-05
	165	24	14.250000	67.500000	9.694563e+04	3.015237e-04
	78	59	-7.500000	58.750000	9.907775e+04	5.096900e-04
	158	106	12.500000	47.000000	1.021690e+05	-3.165050e-05
	250	152	35.500000	35.500000	1.010174e+05	7.951707e-05
2022	2	10	7	12
	175	5	16.750000	72.250000	9.724106e+04	2.905539e-04
	24	21	-21.000000	68.250000	1.002571e+05	6.312055e-05
	191	29	20.750000	66.250000	9.769262e+04	1.759592e-04
	94	63	-3.500000	57.750000	1.000223e+05	3.465926e-04
	137	117	7.250000	44.250000	1.022689e+05	1.136872e-04
	283	139	43.750000	38.750000	1.009476e+05	2.914809e-05
	280	150	43.000000	36.000000	1.009476e+05	9.492795e-05
2022	2	10	9	18
	220	0	28.000000	73.500000	9.743509e+04	-3.000251e-05
	221	0	28.250000	73.500000	9.743509e+04	-4.358133e-05
	9	6	-24.750000	72.000000	9.991402e+04	-3.244617e-05
	193	8	21.250000	71.500000	9.743509e+04	1.979852e-04
	9	14	-24.750000	70.000000	9.976748e+04	1.696795e-05
	44	17	-16.000000	69.250000	9.976241e+04	1.291721e-04
	112	67	1.000000	56.750000	1.005356e+05	2.295986e-04
	137	117	7.250000	44.250000	1.022343e+05	1.034968e-04
	89	157	-4.750000	34.250000	1.022021e+05	-1.459397e-05
2022	2	11	5	0
	220	0	28.000000	73.500000	9.757186e+04	-1.329803e-05
	202	7	23.500000	71.750000	9.757186e+04	2.002977e-04
	55	12	-13.250000	70.500000	9.927724e+04	2.125463e-04
	0	70	-27.000000	56.000000	9.970144e+04	1.208033e-04
	126	72	4.500000	55.500000	1.009199e+05	2.390111e-04
2022	2	11	3	6
	209	8	25.250000	71.500000	9.777253e+04	3.049795e-04
	55	12	-13.250000	70.500000	9.906290e+04	3.196789e-04
	0	61	-27.000000	58.250000	9.917505e+04	9.049851e-05
2022	2	11	7	12
	219	10	27.750000	71.000000	9.820728e+04	2.378523e-04
	118	16	2.500000	69.500000	9.940093e+04	1.058087e-04
	68	17	-10.000000	69.250000	9.943316e+04	1.928626e-04
	1	58	-26.750000	59.000000	9.898845e+04	1.008154e-04
	23	58	-21.250000	59.000000	9.898845e+04	1.377568e-04
	4	70	-26.000000	56.000000	9.901209e+04	1.762738e-04
	135	119	6.750000	43.750000	1.020200e+05	7.659715e-05
2022	2	11	9	18
	238	3	32.500000	72.750000	9.847027e+04	-2.481803e-05
	239	3	32.750000	72.750000	9.847027e+04	-2.719697e-05
	234	12	31.500000	70.500000	9.847027e+04	2.534299e-04
	125	16	4.250000	69.500000	9.906798e+04	1.749780e-04
	152	23	11.000000	67.750000	9.907677e+04	1.617719e-04
	26	54	-20.500000	60.000000	9.882687e+04	1.926906e-04
	0	60	-27.000000	58.500000	9.906759e+04	1.021090e-04
	24	66	-21.000000	57.000000	9.883624e+04	1.218812e-04
	135	123	6.750000	42.750000	1.021376e+05	5.264847e-05
2022	2	12	6	0
	245	1	34.250000	73.250000	9.860724e+04	1.347904e-05
	237	13	32.250000	70.250000	9.856562e+04	1.753194e-04
	159	18	12.750000	69.000000	9.863988e+04	2.263809e-04
	45	52	-15.750000	60.500000	9.884094e+04	1.432468e-04
	21	56	-21.750000	59.500000	9.886341e+04	2.184801e-04
	46	60	-15.500000	58.500000	9.884094e+04	9.431341e-05
2022	2	12	5	6
	244	3	34.000000	72.750000	9.856680e+04	8.486738e-05
	246	15	34.500000	69.750000	9.855859e+04	1.758097e-04
	161	19	13.250000	68.750000	9.860607e+04	3.182210e-04
	42	54	-16.500000	60.000000	9.866880e+04	2.222719e-04
	59	55	-12.250000	59.750000	9.866880e+04	1.251548e-04
2022	2	12	3	12
	257	16	37.250000	69.500000	9.866352e+04	1.884526e-04
	170	21	15.500000	68.250000	9.914223e+04	2.008827e-04
	67	54	-10.250000	60.000000	9.860041e+04	1.816992e-04
2022	2	12	4	18
	251	1	35.750000	73.250000	9.886360e+04	8.870372e-05
	266	16	39.500000	69.500000	9.869947e+04	1.620333e-04
	85	53	-5.750000	60.250000	9.843002e+04	1.356909e-04
	17	96	-22.750000	49.500000	1.000301e+05	1.597536e-04
2022	2	13	5	0
	157	0	12.250000	73.500000	9.926239e+04	-1.751328e-05
	256	2	37.000000	73.000000	9.888470e+04	1.395988e-04
	272	14	41.000000	70.000000	9.885793e+04	1.456490e-04
	96	51	-3.000000	60.750000	9.829930e+04	1.739372e-04
	36	93	-18.000000	50.250000	9.938588e+04	2.170197e-04
2022	2	13	5	6
	176	0	17.000000	73.500000	9.891968e+04	7.065944e-05
	263	5	38.750000	72.250000	9.900135e+04	1.079211e-04
	274	13	41.500000	70.250000	9.900135e+04	1.553313e-04
	114	45	1.500000	62.250000	9.814553e+04	1.925884e-04
	55	90	-13.250000	51.000000	9.881885e+04	1.681389e-04
2022	2	13	7	12
	179	0	17.750000	73.500000	9.888177e+04	-1.224107e-05
	209	4	25.250000	72.500000	9.888177e+04	1.089840e-04
	277	11	42.250000	70.750000	9.916118e+04	1.254656e-04
	140	44	8.000000	62.500000	9.827273e+04	5.738975e-05
	117	49	2.250000	61.250000	9.827273e+04	1.733731e-04
	118	49	2.500000	61.250000	9.827273e+04	1.765592e-04
	67	89	-10.250000	51.250000	9.860509e+04	1.968071e-04
2022	2	13	7	18
	190	0	20.500000	73.500000	9.886302e+04	6.418979e-05
	191	0	20.750000	73.500000	9.886302e+04	7.104188e-05
	145	48	9.250000	61.500000	9.861194e+04	1.988323e-05
	0	49	-27.000000	61.250000	1.000147e+05	9.853289e-05
	82	89	-6.500000	51.250000	9.815882e+04	1.292540e-04
	278	121	42.500000	43.250000	1.025280e+05	3.179775e-05
	261	122	38.250000	43.000000	1.025774e+05	1.083989e-04
2022	2	14	4	0
	247	3	34.750000	72.750000	9.894527e+04	1.438621e-04
	6	14	-25.500000	70.000000	9.972470e+04	8.506779e-05
	0	43	-27.000000	62.750000	9.949061e+04	9.019632e-05
	87	92	-5.250000	50.500000	9.812170e+04	2.896343e-04
2022	2	14	2	6
	241	6	33.250000	72.000000	9.873405e+04	2.037809e-04
	100	92	-2.000000	50.500000	9.835577e+04	2.531909e-04
2022	2	14	4	12
	243	10	33.750000	71.000000	9.875574e+04	2.455337e-04
	277	14	42.250000	70.000000	9.875965e+04	1.474334e-04
	0	44	-27.000000	62.500000	9.793627e+04	1.222764e-04
	118	82	2.500000	53.000000	9.888763e+04	2.241479e-04
2022	2	14	8	18
	66	1	-10.500000	73.250000	9.988745e+04	1.122043e-04
	243	6	33.750000	72.000000	9.872800e+04	1.231546e-04
	244	6	34.000000	72.000000	9.871940e+04	9.339572e-05
	256	15	37.000000	69.750000	9.871217e+04	1.445107e-04
	0	35	-27.000000	64.750000	9.726470e+04	1.675220e-04
	22	35	-21.500000	64.750000	9.726470e+04	7.482944e-05
	150	63	10.500000	57.750000	9.895739e+04	1.392782e-04
	136	121	7.000000	43.250000	1.008457e+05	1.273549e-04
2022	2	15	6	0
	288	1	45.000000	73.250000	9.870651e+04	4.480687e-05
	6	7	-25.500000	71.750000	9.909475e+04	1.437298e-05
	0	30	-27.000000	66.000000	9.760977e+04	8.560343e-05
	36	35	-18.000000	64.750000	9.781864e+04	8.242368e-05
	155	61	11.750000	58.250000	9.892378e+04	2.335266e-04
	139	122	7.750000	43.000000	1.008115e+05	9.336255e-05
2022	2	15	4	6
	6	7	-25.500000	71.750000	9.854960e+04	1.027980e-05
	161	59	13.250000	58.750000	9.885246e+04	2.126595e-04
	20	72	-22.000000	55.500000	9.733427e+04	3.286386e-04
	150	122	10.500000	43.000000	1.006909e+05	1.925865e-04
2022	2	15	9	12
	142	0	8.500000	73.500000	9.994021e+04	6.790679e-05
	143	0	8.750000	73.500000	9.994021e+04	7.834751e-05
	6	7	-25.500000	71.750000	9.823366e+04	-1.685732e-06
	41	26	-16.750000	67.000000	9.746889e+04	2.534238e-04
	173	56	16.250000	59.500000	9.878896e+04	1.310091e-04
	40	57	-17.000000	59.250000	9.576996e+04	3.333435e-04
	53	63	-13.750000	57.750000	9.576996e+04	4.795775e-04
	147	121	9.750000	43.250000	1.008580e+05	2.504458e-04
	163	123	13.750000	42.750000	1.008580e+05	7.820407e-05
2022	2	15	5	18
	23	20	-21.250000	68.500000	9.741379e+04	2.728697e-04
	179	50	17.750000	61.000000	9.836262e+04	1.991429e-04
	74	57	-8.500000	59.250000	9.538503e+04	4.885368e-04
	165	124	14.250000	42.500000	1.011473e+05	5.845212e-05
	153	126	11.250000	42.000000	1.011473e+05	5.851018e-05
2022	2	16	5	0
	180	47	18.000000	61.750000	9.816175e+04	1.806944e-04
	88	55	-5.000000	59.750000	9.606422e+04	4.204939e-04
	0	82	-27.000000	53.000000	9.883937e+04	1.169055e-04
	168	125	15.000000	42.250000	1.014752e+05	5.902829e-05
	151	126	10.750000	42.000000	1.014637e+05	8.141284e-05
2022	2	16	8	6
	189	2	20.250000	73.000000	1.001034e+05	1.078645e-04
	181	46	18.250000	62.000000	9.810313e+04	1.583185e-04
	288	51	45.000000	60.750000	1.006165e+05	1.847581e-05
	111	61	0.750000	58.250000	9.724908e+04	2.968784e-04
	147	62	9.750000	58.000000	9.735185e+04	2.267869e-04
	132	64	6.000000	57.500000	9.724908e+04	6.039841e-05
	0	70	-27.000000	56.000000	9.672366e+04	1.595605e-04
	175	125	16.750000	42.250000	1.014946e+05	1.031140e-04
2022	2	16	5	12
	197	2	22.250000	73.000000	1.001401e+05	1.333085e-04
	144	44	9.000000	62.500000	9.825554e+04	4.182656e-05
	16	60	-23.000000	58.500000	9.539168e+04	3.997851e-04
	164	61	14.000000	58.250000	9.793021e+04	1.692289e-04
	137	116	7.250000	44.500000	1.016604e+05	8.757565e-05
2022	2	16	3	18
	14	20	-23.500000	68.500000	9.701695e+04	2.830265e-04
	52	49	-14.000000	61.250000	9.503040e+04	2.461809e-04
	184	57	19.000000	59.250000	9.844312e+04	1.046085e-04
2022	2	17	2	0
	84	47	-6.000000	61.750000	9.528792e+04	1.998347e-04
	193	51	21.250000	60.750000	9.862190e+04	7.576076e-05
2022	2	17	3	6
	117	45	2.250000	62.250000	9.566972e+04	2.058804e-04
	137	51	7.250000	60.750000	9.566972e+04	-1.356476e-05
	0	123	-27.000000	42.750000	1.019815e+05	-1.264273e-07
2022	2	17	2	12
	144	43	9.000000	62.750000	9.648744e+04	9.424783e-05
	161	53	13.250000	60.250000	9.659452e+04	1.443899e-04
2022	2	17	1	18
	192	50	21.000000	61.000000	9.670080e+04	9.522960e-05
2022	2	18	1	0
	212	53	26.000000	60.250000	9.678580e+04	1.145995e-04
2022	2	18	2	6
	224	52	29.000000	60.500000	9.671800e+04	1.552642e-04
	137	117	7.250000	44.250000	1.019953e+05	8.118793e-05
2022	2	18	4	12
	86	24	-5.500000	67.500000	9.824518e+04	1.246387e-04
	88	24	-5.000000	67.500000	9.824518e+04	1.229273e-04
	0	30	-27.000000	66.000000	9.837258e+04	8.498105e-05
	234	50	31.500000	61.000000	9.673168e+04	1.632645e-04
2022	2	18	6	18
	66	23	-10.500000	67.750000	9.854941e+04	1.477416e-04
	0	40	-27.000000	63.500000	9.767464e+04	9.949746e-05
	238	50	32.500000	61.000000	9.689405e+04	2.023503e-04
	239	50	32.750000	61.000000	9.689405e+04	2.033499e-04
	287	141	44.750000	38.250000	1.014099e+05	8.763632e-05
	0	142	-27.000000	38.000000	1.024188e+05	1.108984e-04
2022	2	19	4	0
	23	34	-21.250000	65.000000	9.754197e+04	1.423057e-04
	243	52	33.750000	60.500000	9.714083e+04	1.804042e-04
	150	110	10.500000	46.000000	1.018142e+05	2.822251e-05
	137	117	7.250000	44.250000	1.018142e+05	9.421611e-05
2022	2	19	7	6
	0	33	-27.000000	65.250000	9.776315e+04	-1.686518e-05
	9	43	-24.750000	62.750000	9.776315e+04	2.189732e-04
	257	46	37.250000	62.000000	9.739484e+04	3.953153e-05
	258	46	37.500000	62.000000	9.739484e+04	3.769566e-05
	250	54	35.500000	60.000000	9.739484e+04	1.075306e-04
	134	118	6.500000	44.000000	1.018930e+05	1.438963e-04
	107	124	-0.250000	42.500000	1.026224e+05	7.300016e-05
2022	2	19	5	12
	24	24	-21.000000	67.500000	9.784385e+04	6.316826e-05
	44	35	-16.000000	64.750000	9.793920e+04	1.250379e-04
	264	46	39.000000	62.000000	9.772740e+04	5.065422e-05
	256	57	37.000000	59.250000	9.772740e+04	1.251994e-04
	287	122	44.750000	43.000000	1.002089e+05	1.791233e-05
2022	2	19	4	18
	56	23	-13.000000	67.750000	9.742845e+04	2.365297e-04
	262	49	38.500000	61.250000	9.811779e+04	7.422920e-05
	280	120	43.000000	43.500000	1.006645e+05	-9.802333e-05
	286	130	44.500000	41.000000	1.008867e+05	-9.019302e-06
2022	2	20	3	0
	74	21	-8.500000	68.250000	9.685321e+04	2.720239e-04
	135	31	6.750000	65.750000	9.796109e+04	2.726302e-04
	0	37	-27.000000	64.250000	9.766916e+04	4.297915e-05
