2022	2	14	7	0
	2	6	-26.500000	72.000000	9.974619e+04	9.279886e-06
	222	10	28.500000	71.000000	9.837214e+04	1.507975e-04
	194	12	21.500000	70.500000	9.837214e+04	8.806716e-05
	1	17	-26.750000	69.250000	9.974619e+04	3.906272e-06
	218	24	27.500000	67.500000	9.848655e+04	1.338356e-04
	117	61	2.250000	58.250000	9.841373e+04	9.532362e-05
	106	71	-0.500000	55.750000	9.841373e+04	9.717308e-05
2022	2	14	3	3
	215	9	26.750000	71.250000	9.805715e+04	2.112161e-04
	118	61	2.500000	58.250000	9.839686e+04	9.587243e-05
	109	70	0.250000	56.000000	9.839686e+04	1.443324e-04
2022	2	14	3	6
	63	3	-11.250000	72.750000	1.000767e+05	9.161235e-05
	219	8	27.750000	71.500000	9.792488e+04	2.678518e-04
	111	70	0.750000	56.000000	9.841423e+04	1.363204e-04
2022	2	14	4	9
	68	2	-10.000000	73.000000	1.001440e+05	9.071927e-05
	217	10	27.250000	71.000000	9.800872e+04	3.277157e-04
	0	52	-27.000000	60.500000	9.797598e+04	1.155631e-04
	120	67	3.000000	56.750000	9.855570e+04	7.702613e-05
2022	2	14	4	12
	233	14	31.250000	70.000000	9.803928e+04	2.544625e-04
	0	47	-27.000000	61.750000	9.758834e+04	1.398351e-04
	128	64	5.000000	57.500000	9.845632e+04	1.467722e-04
	116	71	2.000000	55.750000	9.845632e+04	2.017178e-04
2022	2	14	5	15
	228	6	30.000000	72.000000	9.802726e+04	2.849050e-04
	245	13	34.250000	70.250000	9.802726e+04	2.093332e-04
	1	45	-26.750000	62.250000	9.726566e+04	9.768821e-05
	133	62	6.250000	58.000000	9.836362e+04	2.034232e-04
	116	128	2.000000	41.500000	1.010172e+05	4.950876e-05
2022	2	14	6	18
	229	7	30.250000	71.750000	9.802091e+04	3.306970e-04
	288	10	45.000000	71.000000	9.908613e+04	1.146331e-04
	288	11	45.000000	70.750000	9.908613e+04	1.064673e-04
	254	12	36.500000	70.500000	9.802091e+04	1.821114e-04
	2	40	-26.500000	63.500000	9.686883e+04	2.664459e-04
	133	61	6.250000	58.250000	9.847670e+04	2.546131e-04
2022	2	14	4	21
	256	11	37.000000	70.750000	9.802007e+04	2.280196e-04
	0	36	-27.000000	64.500000	9.684745e+04	1.613577e-04
	20	42	-22.000000	63.000000	9.684745e+04	1.853490e-04
	137	61	7.250000	58.250000	9.857641e+04	2.553531e-04
2022	2	15	6	0
	255	4	36.750000	72.500000	9.810007e+04	1.005585e-04
	6	7	-25.500000	71.750000	9.959286e+04	5.216360e-05
	262	12	38.500000	70.500000	9.810007e+04	2.258386e-04
	127	51	4.750000	60.750000	9.857841e+04	1.181025e-04
	144	58	9.000000	59.000000	9.857841e+04	2.763324e-04
	142	122	8.500000	43.000000	1.011944e+05	6.604578e-05
2022	2	15	6	3
	271	11	40.750000	70.750000	9.821080e+04	2.253216e-04
	0	34	-27.000000	65.000000	9.720854e+04	8.289004e-05
	125	49	4.250000	61.250000	9.861949e+04	1.454455e-04
	149	56	10.250000	59.500000	9.851812e+04	2.967722e-04
	171	103	15.750000	47.750000	1.010217e+05	7.476895e-05
	146	118	9.500000	44.000000	1.010778e+05	1.077690e-04
2022	2	15	8	6
	246	8	34.500000	71.500000	9.825540e+04	1.108243e-04
	273	9	41.250000	71.250000	9.825540e+04	2.345119e-04
	28	38	-20.000000	64.000000	9.729255e+04	1.164306e-04
	48	43	-15.000000	62.750000	9.744337e+04	2.582258e-04
	125	48	4.250000	61.500000	9.869699e+04	1.898330e-04
	153	54	11.250000	60.000000	9.862150e+04	2.668414e-04
	0	87	-27.000000	51.750000	9.886050e+04	1.124980e-04
	147	118	9.750000	44.000000	1.011419e+05	8.568585e-05
2022	2	15	8	9
	274	9	41.500000	71.250000	9.841039e+04	2.265123e-04
	0	38	-27.000000	64.000000	9.732312e+04	-3.020203e-05
	40	40	-17.000000	63.500000	9.716011e+04	2.499472e-04
	126	47	4.500000	61.750000	9.867678e+04	1.868345e-04
	156	51	12.000000	60.750000	9.872605e+04	2.016787e-04
	11	85	-24.250000	52.250000	9.874977e+04	2.218231e-04
	158	113	12.500000	45.250000	1.012674e+05	8.953157e-05
	146	117	9.500000	44.250000	1.012674e+05	8.746253e-05
2022	2	15	6	12
	277	8	42.250000	71.500000	9.855670e+04	2.347706e-04
	34	36	-18.500000	64.500000	9.724695e+04	2.198537e-04
	0	41	-27.000000	63.250000	9.733263e+04	2.805148e-05
	163	49	13.750000	61.250000	9.872238e+04	1.724624e-04
	27	82	-20.250000	53.000000	9.872822e+04	1.942463e-04
	158	119	12.500000	43.750000	1.012650e+05	2.005706e-05
2022	2	15	8	15
	278	8	42.500000	71.500000	9.862133e+04	2.073823e-04
	279	8	42.750000	71.500000	9.862133e+04	2.114223e-04
	25	32	-20.750000	65.500000	9.730474e+04	2.301329e-04
	170	47	15.500000	61.750000	9.877699e+04	9.895986e-05
	42	80	-16.500000	53.500000	9.862617e+04	2.042868e-04
	160	111	13.000000	45.750000	1.012988e+05	8.555492e-05
	163	123	13.750000	42.750000	1.012872e+05	2.825780e-05
	161	162	13.250000	33.000000	1.015710e+05	-2.240603e-05
2022	2	15	6	18
	280	8	43.000000	71.500000	9.874392e+04	2.244739e-04
	0	37	-27.000000	64.250000	9.729238e+04	-3.844915e-05
	180	44	18.000000	62.500000	9.880572e+04	8.958040e-05
	56	80	-13.000000	53.500000	9.866793e+04	2.046392e-04
	160	111	13.000000	45.750000	1.014828e+05	6.889630e-05
	162	162	13.500000	33.000000	1.015951e+05	-3.998373e-05
2022	2	15	7	21
	282	8	43.500000	71.500000	9.881273e+04	2.424322e-04
	0	40	-27.000000	63.500000	9.727936e+04	4.756720e-05
	185	42	19.250000	63.000000	9.874960e+04	1.112711e-04
	121	49	3.250000	61.250000	9.790349e+04	1.791459e-04
	71	79	-9.250000	53.750000	9.879169e+04	1.736282e-04
	176	116	17.000000	44.500000	1.015900e+05	2.607805e-05
	163	160	13.750000	33.500000	1.017201e+05	2.148121e-06
2022	2	16	8	0
	285	8	44.250000	71.500000	9.888054e+04	1.980451e-04
	286	8	44.500000	71.500000	9.888054e+04	1.751440e-04
	127	36	4.750000	64.500000	9.788479e+04	1.747899e-04
	187	41	19.750000	63.250000	9.871820e+04	1.265951e-04
	124	48	4.000000	61.500000	9.783903e+04	2.159784e-04
	84	80	-6.000000	53.500000	9.888305e+04	1.749478e-04
	153	126	11.250000	42.000000	1.015982e+05	1.199006e-04
	165	160	14.250000	33.500000	1.016856e+05	2.987917e-05
2022	2	16	5	3
	124	36	4.000000	64.500000	9.784955e+04	1.798861e-04
	144	42	9.000000	63.000000	9.784955e+04	5.286896e-05
	127	46	4.750000	62.000000	9.784955e+04	1.697987e-04
	153	127	11.250000	41.750000	1.015543e+05	1.188831e-04
	168	157	15.000000	34.250000	1.015296e+05	7.417738e-05
2022	2	16	5	6
	246	14	34.500000	70.000000	9.902601e+04	4.257102e-05
	122	36	3.500000	64.500000	9.780512e+04	1.803501e-04
	134	44	6.500000	62.500000	9.780512e+04	1.141358e-05
	163	49	13.750000	61.250000	9.802074e+04	1.721703e-04
	11	68	-24.250000	56.500000	9.738725e+04	1.428413e-04
2022	2	16	6	9
	254	14	36.500000	70.000000	9.902250e+04	1.703339e-05
	120	35	3.000000	64.750000	9.784688e+04	1.998341e-04
	170	48	15.500000	61.500000	9.801089e+04	1.464052e-04
	18	65	-22.500000	57.250000	9.699109e+04	2.045064e-04
	36	72	-18.000000	55.500000	9.699527e+04	2.107027e-04
	175	153	16.750000	35.250000	1.016221e+05	1.162498e-04
2022	2	16	11	12
	287	3	44.750000	72.750000	9.898492e+04	1.201650e-04
	243	14	33.750000	70.000000	9.919503e+04	6.767022e-06
	118	36	2.500000	64.500000	9.789748e+04	1.975368e-04
	138	39	7.500000	63.750000	9.789748e+04	3.227916e-05
	185	43	19.250000	62.750000	9.796262e+04	9.971696e-05
	26	62	-20.500000	58.000000	9.676829e+04	2.802534e-04
	49	68	-14.750000	56.500000	9.638448e+04	2.835667e-04
	137	116	7.250000	44.500000	1.013108e+05	8.448087e-05
	176	148	17.000000	36.500000	1.014080e+05	1.053635e-04
	275	150	41.750000	36.000000	1.014275e+05	2.254773e-05
	287	153	44.750000	35.250000	1.014275e+05	-4.551830e-06
2022	2	16	8	15
	281	2	43.250000	73.000000	9.893616e+04	1.663369e-04
	116	36	2.000000	64.500000	9.783736e+04	1.846862e-04
	117	36	2.250000	64.500000	9.783736e+04	1.772224e-04
	191	41	20.750000	63.250000	9.794959e+04	1.180460e-04
	31	62	-19.250000	58.000000	9.645663e+04	3.425662e-04
	61	63	-11.750000	57.750000	9.535183e+04	5.034255e-04
	180	149	18.000000	36.250000	1.012118e+05	1.187332e-04
	275	150	41.750000	36.000000	1.014387e+05	2.146548e-05
2022	2	16	7	18
	277	1	42.250000	73.250000	9.887386e+04	1.498325e-04
	114	36	1.500000	64.500000	9.769957e+04	1.377588e-04
	114	37	1.500000	64.250000	9.769957e+04	1.385735e-04
	198	38	22.500000	64.000000	9.792137e+04	1.215052e-04
	69	61	-9.750000	58.250000	9.522456e+04	5.069499e-04
	136	116	7.000000	44.500000	1.013043e+05	6.225446e-05
	180	143	18.000000	37.750000	1.012141e+05	1.683614e-04
2022	2	16	5	21
	272	1	41.000000	73.250000	9.882376e+04	1.071422e-04
	200	37	23.000000	64.250000	9.787460e+04	1.397281e-04
	78	60	-7.500000	58.500000	9.534164e+04	4.461648e-04
	136	116	7.000000	44.500000	1.012231e+05	6.604003e-05
	181	143	18.250000	37.750000	1.012036e+05	1.963968e-04
2022	2	17	7	0
	267	0	39.750000	73.500000	9.880288e+04	6.785071e-05
	202	35	23.500000	64.750000	9.783268e+04	1.290217e-04
	82	60	-6.500000	58.500000	9.557012e+04	4.664667e-04
	119	64	2.750000	57.500000	9.668812e+04	2.724982e-04
	137	117	7.250000	44.250000	1.012441e+05	9.682715e-05
	278	120	42.500000	43.500000	1.018815e+05	-3.197905e-05
	181	143	18.250000	37.750000	1.011373e+05	1.582057e-04
2022	2	17	8	3
	256	0	37.000000	73.500000	9.872705e+04	1.026861e-04
	204	37	24.000000	64.250000	9.769556e+04	8.620926e-05
	86	61	-5.500000	58.250000	9.610390e+04	4.273538e-04
	126	64	4.500000	57.500000	9.661112e+04	2.752110e-04
	138	117	7.500000	44.250000	1.009071e+05	7.202966e-05
	280	121	43.000000	43.250000	1.017315e+05	-3.650859e-05
	193	142	21.250000	38.000000	1.010544e+05	-5.307944e-06
	182	143	18.500000	37.750000	1.010544e+05	1.456742e-04
2022	2	17	6	6
	206	37	24.500000	64.250000	9.763744e+04	7.883881e-05
	129	64	5.250000	57.500000	9.674423e+04	2.316191e-04
	149	66	10.250000	57.000000	9.674423e+04	2.472416e-04
	2	72	-26.500000	55.500000	9.975821e+04	1.679085e-04
	280	121	43.000000	43.250000	1.016572e+05	-3.442511e-05
	182	144	18.500000	37.500000	1.011986e+05	1.271970e-04
2022	2	17	6	9
	208	36	25.000000	64.500000	9.759920e+04	7.823662e-05
	228	40	30.000000	63.500000	9.759920e+04	-8.611555e-06
	155	65	11.750000	57.250000	9.671401e+04	2.629598e-04
	10	69	-24.500000	56.250000	9.969324e+04	2.346533e-04
	13	96	-23.750000	49.500000	1.008037e+05	1.101662e-04
	180	145	18.000000	37.250000	1.013360e+05	9.779490e-05
2022	2	17	6	12
	233	38	31.250000	64.000000	9.752136e+04	8.365393e-05
	39	46	-17.250000	62.000000	9.930493e+04	1.706784e-04
	15	66	-23.250000	57.000000	9.961191e+04	2.134109e-04
	157	66	12.250000	57.000000	9.680202e+04	2.819025e-04
	180	69	18.000000	56.250000	9.683927e+04	1.997398e-04
	23	93	-21.250000	50.250000	1.005303e+05	1.593513e-04
2022	2	17	9	15
	219	35	27.750000	64.750000	9.739961e+04	3.060427e-05
	238	36	32.500000	64.500000	9.739961e+04	1.654053e-04
	237	37	32.250000	64.250000	9.739961e+04	1.566208e-04
	238	37	32.500000	64.250000	9.739961e+04	1.662444e-04
	37	45	-17.750000	62.250000	9.924029e+04	1.883652e-04
	22	63	-21.500000	57.750000	9.932965e+04	1.976295e-04
	186	70	19.500000	56.000000	9.709998e+04	2.165652e-04
	208	71	25.000000	55.750000	9.708629e+04	2.448916e-04
	35	87	-18.250000	51.750000	1.000351e+05	2.047198e-04
2022	2	17	6	18
	242	34	33.500000	65.000000	9.726900e+04	1.785128e-04
	34	44	-18.500000	62.500000	9.897373e+04	2.204247e-04
	23	62	-21.250000	58.000000	9.896305e+04	2.681428e-04
	214	69	26.500000	56.250000	9.710783e+04	2.196119e-04
	191	71	20.750000	55.750000	9.713573e+04	2.263736e-04
	46	81	-15.500000	53.250000	9.949816e+04	2.720851e-04
2022	2	17	7	21
	6	14	-25.500000	70.000000	9.990802e+04	-5.547061e-05
	255	18	36.750000	69.000000	9.726549e+04	9.895556e-05
	248	30	35.000000	66.000000	9.726082e+04	2.083476e-04
	34	44	-18.500000	62.500000	9.870501e+04	2.606196e-04
	30	59	-19.500000	58.750000	9.862584e+04	3.228300e-04
	218	67	27.500000	56.750000	9.731577e+04	2.327036e-04
	55	74	-13.250000	55.000000	9.890326e+04	3.662313e-04
2022	2	18	6	0
	263	19	38.750000	68.750000	9.728670e+04	8.729227e-05
	250	28	35.500000	66.500000	9.728670e+04	2.644980e-04
	32	44	-19.000000	62.500000	9.847670e+04	3.182194e-04
	36	60	-18.000000	58.500000	9.834692e+04	3.524751e-04
	221	66	28.250000	57.000000	9.755594e+04	2.329821e-04
	64	69	-11.000000	56.250000	9.813431e+04	4.647136e-04
2022	2	18	5	3
	263	18	38.750000	69.000000	9.740862e+04	1.344444e-04
	32	44	-19.000000	62.500000	9.834241e+04	2.894629e-04
	43	60	-16.250000	58.500000	9.809640e+04	3.072165e-04
	232	62	31.000000	58.000000	9.783252e+04	9.072125e-05
	71	63	-9.250000	57.750000	9.679618e+04	5.407063e-04
2022	2	18	5	6
	264	1	39.000000	73.250000	9.738925e+04	1.174403e-04
	268	15	40.000000	69.750000	9.737589e+04	1.711943e-04
	31	44	-19.250000	62.500000	9.836530e+04	2.703381e-04
	242	55	33.500000	59.750000	9.802709e+04	8.889798e-05
	79	60	-7.250000	58.500000	9.615300e+04	5.910526e-04
2022	2	18	8	9
	261	0	38.250000	73.500000	9.735101e+04	1.227914e-04
	275	7	41.750000	71.750000	9.735101e+04	1.451756e-04
	136	18	7.000000	69.000000	9.867227e+04	1.732065e-04
	28	43	-20.000000	62.750000	9.850726e+04	2.467324e-04
	249	51	35.250000	60.750000	9.810058e+04	6.216052e-05
	87	57	-5.250000	59.250000	9.573930e+04	5.846905e-04
	106	61	-0.500000	58.250000	9.573930e+04	2.275696e-04
	250	162	35.500000	33.000000	1.008881e+05	5.027928e-05
2022	2	18	7	12
	270	0	40.500000	73.500000	9.728020e+04	3.238167e-05
	136	19	7.000000	68.750000	9.859094e+04	1.995927e-04
	28	43	-20.000000	62.750000	9.864438e+04	2.028036e-04
	254	48	36.500000	61.500000	9.818542e+04	9.336920e-05
	113	56	1.250000	59.500000	9.564644e+04	2.181131e-04
	92	58	-4.000000	59.000000	9.564644e+04	5.454744e-04
	21	146	-21.750000	37.000000	1.023328e+05	1.107397e-04
2022	2	18	5	15
	278	0	42.500000	73.500000	9.719535e+04	4.875905e-05
	28	43	-20.000000	62.750000	9.872955e+04	1.835147e-04
	261	44	38.250000	62.500000	9.819978e+04	1.345810e-04
	121	54	3.250000	60.000000	9.587709e+04	2.759996e-04
	100	60	-2.000000	58.500000	9.580561e+04	4.946365e-04
2022	2	18	10	18
	243	0	33.750000	73.500000	9.695502e+04	1.352853e-04
	268	39	40.000000	63.750000	9.816605e+04	1.260219e-04
	0	40	-27.000000	63.500000	9.876463e+04	1.282723e-05
	31	42	-19.250000	63.000000	9.871586e+04	1.867917e-04
	0	53	-27.000000	60.250000	9.873824e+04	9.879560e-05
	122	53	3.500000	60.250000	9.627676e+04	2.887505e-04
	148	57	10.000000	59.250000	9.693514e+04	3.284291e-04
	111	64	0.750000	57.500000	9.621580e+04	3.773511e-04
	216	145	27.000000	37.250000	1.006080e+05	1.678268e-04
	250	162	35.500000	33.000000	1.006738e+05	5.395026e-05
2022	2	18	13	21
	247	0	34.750000	73.500000	9.654131e+04	1.983141e-04
	1	17	-26.750000	69.250000	9.924530e+04	-5.538424e-05
	273	35	41.250000	64.750000	9.814667e+04	9.230184e-05
	31	42	-19.250000	63.000000	9.869014e+04	1.802331e-04
	0	51	-27.000000	60.750000	9.870367e+04	1.157800e-04
	151	55	10.750000	59.750000	9.679451e+04	3.476974e-04
	127	67	4.750000	56.750000	9.657739e+04	3.801665e-04
	219	148	27.750000	36.500000	1.006225e+05	1.507849e-04
	13	154	-23.750000	35.000000	1.022088e+05	1.137064e-04
	212	156	26.000000	34.500000	1.006225e+05	1.437925e-04
	10	162	-24.500000	33.000000	1.022088e+05	4.746196e-05
	250	162	35.500000	33.000000	1.006065e+05	1.314789e-04
	260	162	38.000000	33.000000	1.006065e+05	9.920327e-05
2022	2	19	12	0
	258	0	37.500000	73.500000	9.653112e+04	2.368266e-04
	259	0	37.750000	73.500000	9.653112e+04	2.377321e-04
	283	30	43.750000	66.000000	9.814584e+04	9.956877e-05
	29	42	-19.750000	63.000000	9.873591e+04	1.479049e-04
	0	49	-27.000000	61.250000	9.876513e+04	9.862058e-05
	171	55	15.750000	59.750000	9.693998e+04	2.514081e-04
	152	56	11.000000	59.500000	9.693998e+04	2.871781e-04
	143	69	8.750000	56.250000	9.678416e+04	3.828498e-04
	212	161	26.000000	33.250000	1.005732e+05	1.392897e-04
	10	162	-24.500000	33.000000	1.022197e+05	6.070441e-05
	250	162	35.500000	33.000000	1.004797e+05	9.342795e-05
	260	162	38.000000	33.000000	1.004797e+05	2.156435e-04
2022	2	19	13	3
	267	0	39.750000	73.500000	9.684144e+04	1.734870e-04
	288	26	45.000000	67.000000	9.814233e+04	8.145766e-05
	288	27	45.000000	66.750000	9.814233e+04	9.413435e-05
	139	30	7.750000	66.000000	9.823068e+04	1.388937e-04
	28	42	-20.000000	63.000000	9.877699e+04	1.270219e-04
	184	55	19.000000	59.750000	9.685965e+04	2.711675e-04
	160	58	13.000000	59.000000	9.687534e+04	1.731155e-04
	160	70	13.000000	56.000000	9.690991e+04	4.121399e-04
	138	117	7.500000	44.250000	1.014391e+05	1.073204e-04
	251	156	35.750000	34.500000	1.004348e+05	1.190905e-05
	10	162	-24.500000	33.000000	1.021357e+05	5.625482e-05
	215	162	26.750000	33.000000	1.004428e+05	1.016352e-04
	260	162	38.000000	33.000000	1.004348e+05	2.010744e-04
2022	2	19	10	6
	270	0	40.500000	73.500000	9.714675e+04	2.638160e-05
	141	31	8.250000	65.750000	9.834174e+04	1.686915e-04
	184	54	19.000000	60.000000	9.683192e+04	2.297597e-04
	177	71	17.250000	55.750000	9.704403e+04	3.653207e-04
	151	109	10.750000	46.250000	1.014309e+05	5.182331e-05
	138	117	7.500000	44.250000	1.014558e+05	1.063410e-04
	249	157	35.250000	34.250000	1.005398e+05	2.503673e-05
	9	161	-24.750000	33.250000	1.020311e+05	5.378311e-05
	215	162	26.750000	33.000000	1.006913e+05	8.413653e-05
	260	162	38.000000	33.000000	1.005398e+05	1.093104e-04
2022	2	19	6	9
	143	32	8.750000	65.500000	9.853365e+04	1.660467e-04
	184	55	19.000000	59.750000	9.703652e+04	2.579560e-04
	191	69	20.750000	56.250000	9.715527e+04	3.813268e-04
	150	116	10.500000	44.500000	1.017419e+05	6.087344e-05
	138	118	7.500000	44.000000	1.017419e+05	8.966400e-05
	6	159	-25.500000	33.750000	1.020966e+05	1.364860e-04
2022	2	19	6	12
	148	34	10.000000	65.000000	9.869949e+04	1.652933e-04
	183	59	18.750000	58.750000	9.719284e+04	2.805010e-04
	199	66	22.750000	57.000000	9.719284e+04	2.146866e-04
	135	119	6.750000	43.750000	1.018189e+05	1.280689e-04
	165	126	14.250000	42.000000	1.018292e+05	-5.826253e-05
	1	158	-26.750000	34.000000	1.021183e+05	8.808642e-05
2022	2	19	6	15
	150	35	10.500000	64.750000	9.889056e+04	1.635042e-04
	209	66	25.250000	57.000000	9.734048e+04	2.420051e-04
	246	138	34.500000	39.000000	1.013617e+05	1.231030e-05
	0	159	-27.000000	33.750000	1.020321e+05	1.067577e-04
	264	162	39.000000	33.000000	1.007261e+05	4.386920e-05
	281	162	43.250000	33.000000	1.006893e+05	6.454682e-05
2022	2	19	6	18
	0	48	-27.000000	61.500000	9.606949e+04	9.073144e-05
	219	65	27.750000	57.250000	9.747527e+04	2.747874e-04
	151	127	10.750000	41.750000	1.019740e+05	5.553755e-05
	248	158	35.000000	34.000000	1.012537e+05	7.977014e-05
	272	162	41.000000	33.000000	1.009622e+05	3.070489e-05
	282	162	43.500000	33.000000	1.009622e+05	8.987237e-05
2022	2	19	7	21
	27	39	-20.250000	63.750000	9.553738e+04	-2.582995e-05
	6	48	-25.500000	61.500000	9.548227e+04	3.212650e-04
	226	52	29.500000	60.500000	9.771510e+04	1.511745e-05
	222	65	28.500000	57.250000	9.767752e+04	2.610324e-04
	274	145	41.500000	37.250000	1.012640e+05	6.864751e-06
	247	160	34.750000	33.500000	1.013338e+05	7.297139e-05
	283	161	43.750000	33.250000	1.010320e+05	8.047682e-05
2022	2	20	6	0
	27	39	-20.250000	63.750000	9.513137e+04	1.435814e-04
	1	42	-26.750000	63.000000	9.513086e+04	1.898252e-04
	233	50	31.250000	61.000000	9.797631e+04	5.180844e-05
	228	66	30.000000	57.000000	9.788562e+04	2.518200e-04
	135	117	6.750000	44.250000	1.021180e+05	6.821426e-05
	283	160	43.750000	33.500000	1.010796e+05	8.638725e-05
