2022	2	16	6	0
	288	11	45.000000	70.750000	9.876593e+04	8.764687e-05
	54	38	-13.500000	64.000000	9.757795e+04	2.993890e-04
	118	53	2.500000	60.250000	9.801747e+04	2.013039e-04
	65	67	-10.750000	56.750000	9.727601e+04	3.003572e-04
	280	121	43.000000	43.250000	1.020693e+05	2.412499e-05
	172	122	16.000000	43.000000	1.014563e+05	3.847372e-05
2022	2	16	5	3
	49	36	-14.750000	64.500000	9.769790e+04	2.993359e-04
	120	52	3.000000	60.500000	9.793917e+04	1.740463e-04
	74	66	-8.500000	57.000000	9.721641e+04	2.748857e-04
	280	121	43.000000	43.250000	1.021789e+05	2.018157e-05
	173	123	16.250000	42.750000	1.014642e+05	4.442920e-05
2022	2	16	4	6
	123	51	3.750000	60.750000	9.789570e+04	1.762340e-04
	84	65	-6.000000	57.250000	9.751257e+04	2.639154e-04
	99	67	-2.250000	56.750000	9.751257e+04	2.091983e-04
	280	121	43.000000	43.250000	1.022963e+05	1.431992e-05
2022	2	16	5	9
	60	55	-12.000000	59.750000	9.754738e+04	1.228892e-04
	45	65	-15.750000	57.250000	9.752230e+04	9.986241e-05
	108	65	0.000000	57.250000	9.758433e+04	2.091983e-04
	202	125	23.500000	42.250000	1.015576e+05	-5.681438e-05
	181	137	18.250000	39.250000	1.014533e+05	1.636600e-04
2022	2	16	5	12
	63	54	-11.250000	60.000000	9.734655e+04	1.519662e-04
	118	64	2.500000	57.500000	9.738988e+04	2.140924e-04
	65	67	-10.750000	56.750000	9.726095e+04	2.049849e-04
	137	116	7.250000	44.500000	1.012194e+05	7.484274e-05
	183	137	18.750000	39.250000	1.012105e+05	1.895342e-04
2022	2	16	5	15
	64	53	-11.000000	60.250000	9.719299e+04	1.860043e-04
	127	64	4.750000	57.500000	9.722355e+04	2.350793e-04
	78	65	-7.500000	57.250000	9.700508e+04	2.965969e-04
	135	119	6.750000	43.750000	1.013047e+05	1.295177e-04
	185	136	19.250000	39.500000	1.010616e+05	1.663460e-04
2022	2	16	3	18
	132	64	6.000000	57.500000	9.714252e+04	1.537161e-04
	148	108	10.000000	46.500000	1.005593e+05	-4.492730e-05
	185	134	19.250000	40.000000	1.011013e+05	1.142789e-04
2022	2	16	4	21
	149	64	10.250000	57.500000	9.695202e+04	1.376166e-04
	137	117	7.250000	44.250000	1.011057e+05	5.894975e-05
	278	120	42.500000	43.500000	1.020834e+05	-3.640880e-05
	184	132	19.000000	40.500000	1.011811e+05	9.899085e-05
2022	2	17	5	0
	188	60	20.000000	58.500000	9.675377e+04	2.040351e-04
	162	63	13.500000	57.750000	9.675742e+04	1.516412e-04
	137	117	7.250000	44.250000	1.009873e+05	7.756244e-05
	278	120	42.500000	43.500000	1.019530e+05	-4.049118e-05
	182	132	18.500000	40.500000	1.012032e+05	1.152594e-04
2022	2	17	6	3
	282	10	43.500000	71.000000	9.910253e+04	1.895971e-04
	126	42	4.500000	63.000000	9.736266e+04	1.041349e-04
	194	57	21.500000	59.250000	9.639847e+04	2.339675e-04
	179	63	17.750000	57.750000	9.639847e+04	8.020396e-05
	137	117	7.250000	44.250000	1.008450e+05	9.959236e-05
	279	121	42.750000	43.250000	1.017766e+05	-3.389689e-05
2022	2	17	3	6
	277	11	42.250000	70.750000	9.916410e+04	1.074807e-04
	197	55	22.250000	59.750000	9.617088e+04	2.590487e-04
	201	66	23.250000	57.000000	9.617088e+04	1.635735e-04
2022	2	17	4	9
	199	54	22.750000	60.000000	9.608710e+04	2.739468e-04
	210	60	25.500000	58.500000	9.608710e+04	1.641307e-04
	278	120	42.500000	43.500000	1.015700e+05	-1.632297e-05
	9	123	-24.750000	42.750000	1.015267e+05	9.966538e-05
2022	2	17	2	12
	202	54	23.500000	60.000000	9.606643e+04	2.709523e-04
	19	118	-22.250000	44.000000	1.013344e+05	1.265976e-04
2022	2	17	2	15
	218	50	27.500000	61.000000	9.598509e+04	1.947512e-04
	26	114	-20.500000	45.000000	1.008061e+05	1.421184e-04
2022	2	17	3	18
	221	47	28.250000	61.750000	9.592473e+04	1.730137e-04
	25	102	-20.750000	48.000000	1.004558e+05	1.931353e-04
	34	110	-18.500000	46.000000	1.004558e+05	1.839931e-04
2022	2	17	3	21
	221	44	28.250000	62.500000	9.585465e+04	2.089174e-04
	30	99	-19.500000	48.750000	1.001712e+05	2.845162e-04
	42	106	-16.500000	47.000000	1.001712e+05	1.867660e-04
2022	2	18	3	0
	222	40	28.500000	63.500000	9.584279e+04	2.009409e-04
	36	97	-18.000000	49.250000	9.971584e+04	3.236365e-04
	49	102	-14.750000	48.000000	9.971584e+04	1.908030e-04
2022	2	18	4	3
	6	7	-25.500000	71.750000	1.004269e+05	-1.130631e-05
	221	38	28.250000	64.000000	9.583032e+04	1.908323e-04
	57	97	-12.750000	49.250000	9.918493e+04	2.958723e-04
	43	98	-16.250000	49.000000	9.918493e+04	3.554190e-04
2022	2	18	5	6
	6	7	-25.500000	71.750000	1.004283e+05	-6.580030e-06
	221	36	28.250000	64.500000	9.589782e+04	1.910780e-04
	82	55	-6.500000	59.750000	9.852283e+04	1.946852e-04
	64	94	-11.000000	50.000000	9.876805e+04	3.244649e-04
	53	99	-13.750000	48.750000	9.876805e+04	3.307512e-04
2022	2	18	7	9
	6	7	-25.500000	71.750000	1.004734e+05	-2.342610e-05
	222	35	28.500000	64.750000	9.598980e+04	1.537707e-04
	89	56	-4.750000	59.500000	9.855704e+04	1.873175e-04
	69	93	-9.750000	50.250000	9.864217e+04	4.287435e-04
	137	113	7.250000	45.250000	1.013896e+05	2.313896e-05
	267	159	39.750000	33.750000	1.011390e+05	6.374286e-05
	251	162	35.750000	33.000000	1.011548e+05	5.756239e-06
2022	2	18	5	12
	6	7	-25.500000	71.750000	1.005712e+05	-3.388402e-05
	222	33	28.500000	65.250000	9.617923e+04	1.403783e-04
	96	56	-3.000000	59.500000	9.862849e+04	2.349110e-04
	76	94	-8.000000	50.000000	9.876805e+04	5.094424e-04
	276	117	42.000000	44.250000	1.001995e+05	-6.928473e-05
2022	2	18	5	15
	6	7	-25.500000	71.750000	1.005335e+05	-3.942176e-05
	231	32	30.750000	65.500000	9.638646e+04	9.423755e-05
	100	87	-2.000000	51.750000	9.910496e+04	1.077900e-04
	87	94	-5.250000	50.000000	9.910496e+04	4.336938e-04
	277	117	42.250000	44.250000	1.003240e+05	-5.998108e-05
2022	2	18	5	18
	6	7	-25.500000	71.750000	1.004907e+05	-3.287935e-05
	242	30	33.500000	66.000000	9.645974e+04	1.169881e-04
	98	93	-2.500000	50.250000	9.939444e+04	3.443200e-04
	282	121	43.500000	43.250000	1.004197e+05	2.736997e-05
	107	130	-0.250000	41.000000	1.010855e+05	5.620113e-05
2022	2	18	7	21
	6	7	-25.500000	71.750000	1.005053e+05	-2.463749e-05
	259	19	37.750000	68.750000	9.656297e+04	1.174290e-04
	243	28	33.750000	66.500000	9.656297e+04	1.144338e-04
	0	51	-27.000000	60.750000	9.789006e+04	8.817682e-05
	109	92	0.250000	50.500000	9.964802e+04	2.729105e-04
	108	130	0.000000	41.000000	1.011881e+05	1.091223e-04
	272	154	41.000000	35.000000	1.013225e+05	1.145219e-04
2022	2	19	6	0
	6	7	-25.500000	71.750000	1.004482e+05	-1.319990e-05
	258	18	37.500000	69.000000	9.662606e+04	1.825782e-04
	244	27	34.000000	66.750000	9.662606e+04	9.115807e-05
	0	47	-27.000000	61.750000	9.751424e+04	1.275502e-04
	106	135	-0.500000	39.750000	1.012109e+05	3.877676e-05
	274	154	41.500000	35.000000	1.013589e+05	1.267564e-04
2022	2	19	7	3
	6	7	-25.500000	71.750000	1.003506e+05	-1.619596e-05
	257	17	37.250000	69.250000	9.654913e+04	2.561322e-04
	244	27	34.000000	66.750000	9.654913e+04	9.419338e-05
	2	44	-26.500000	62.500000	9.740280e+04	2.081855e-04
	124	138	4.000000	39.000000	1.011858e+05	7.944188e-06
	108	139	0.000000	38.750000	1.011708e+05	3.203524e-05
	276	154	42.000000	35.000000	1.014548e+05	1.259663e-04
2022	2	19	8	6
	6	7	-25.500000	71.750000	1.002116e+05	-1.147156e-08
	255	16	36.750000	69.500000	9.653287e+04	2.613529e-04
	244	27	34.000000	66.750000	9.653287e+04	8.414060e-05
	245	27	34.250000	66.750000	9.653287e+04	7.868864e-05
	0	41	-27.000000	63.250000	9.741983e+04	1.388931e-04
	21	46	-21.750000	62.000000	9.741983e+04	2.810902e-04
	114	139	1.500000	38.750000	1.013450e+05	1.020855e-04
	280	140	43.000000	38.500000	1.015428e+05	9.082963e-07
2022	2	19	9	9
	6	7	-25.500000	71.750000	1.001811e+05	1.217827e-05
	255	17	36.750000	69.250000	9.663990e+04	2.130255e-04
	246	27	34.500000	66.750000	9.663990e+04	7.402282e-05
	154	28	11.500000	66.500000	9.825175e+04	8.087441e-05
	0	39	-27.000000	63.750000	9.763344e+04	1.026659e-04
	26	45	-20.500000	62.250000	9.757459e+04	2.782904e-04
	204	74	24.000000	55.000000	9.878980e+04	1.970043e-04
	137	117	7.250000	44.250000	1.013207e+05	1.332332e-04
	285	141	44.250000	38.250000	1.013512e+05	-8.118183e-07
2022	2	19	7	12
	6	7	-25.500000	71.750000	1.001175e+05	1.170763e-05
	256	18	37.000000	69.000000	9.687601e+04	1.866167e-04
	154	29	11.500000	66.250000	9.844468e+04	9.414107e-05
	0	38	-27.000000	64.000000	9.786377e+04	9.907660e-05
	22	42	-21.500000	63.000000	9.773012e+04	2.207844e-04
	218	73	27.500000	55.250000	9.865069e+04	2.203632e-04
	137	117	7.250000	44.250000	1.013028e+05	1.176385e-04
2022	2	19	5	15
	260	18	38.000000	69.000000	9.706650e+04	2.045661e-04
	155	30	11.750000	66.000000	9.859762e+04	8.373841e-05
	18	40	-22.500000	63.500000	9.773682e+04	1.783476e-04
	232	72	31.000000	55.500000	9.859002e+04	2.552358e-04
	135	119	6.750000	43.750000	1.012041e+05	1.181487e-04
2022	2	19	5	18
	265	19	39.250000	68.750000	9.720774e+04	2.075783e-04
	155	31	11.750000	65.750000	9.874997e+04	1.271901e-04
	245	71	34.250000	55.750000	9.854351e+04	2.628627e-04
	137	122	7.250000	43.000000	1.013792e+05	6.943017e-05
	146	127	9.500000	41.750000	1.013792e+05	1.542113e-05
2022	2	19	5	21
	271	19	40.750000	68.750000	9.733727e+04	1.864667e-04
	155	32	11.750000	65.500000	9.893514e+04	1.471287e-04
	257	69	37.250000	56.250000	9.844803e+04	2.497785e-04
	138	122	7.500000	43.000000	1.015641e+05	7.370305e-05
	148	127	10.000000	41.750000	1.015641e+05	1.020958e-05
2022	2	20	3	0
	277	14	42.250000	70.000000	9.748049e+04	8.136620e-05
	2	51	-26.500000	60.750000	9.633613e+04	2.139569e-04
	268	68	40.000000	56.500000	9.841154e+04	2.420940e-04
