2022	2	10	6	0
	163	12	13.750000	70.500000	9.655980e+04	4.627266e-05
	148	23	10.000000	67.750000	9.651667e+04	4.219094e-04
	60	55	-12.000000	59.750000	9.850347e+04	4.940942e-04
	152	106	11.000000	47.000000	1.022371e+05	-4.098684e-05
	139	110	7.750000	46.000000	1.022371e+05	-7.321521e-05
	249	155	35.250000	34.750000	1.007543e+05	1.312592e-04
2022	2	10	7	6
	8	6	-25.000000	72.000000	1.002913e+05	-9.052460e-06
	179	6	17.750000	72.000000	9.714607e+04	1.472495e-04
	4	17	-26.000000	69.250000	1.002913e+05	4.396294e-05
	166	23	14.500000	67.750000	9.686284e+04	3.227386e-04
	78	58	-7.500000	59.000000	9.899723e+04	5.020543e-04
	152	106	11.000000	47.000000	1.021838e+05	-4.526830e-05
	250	152	35.500000	35.500000	1.010550e+05	9.703276e-05
2022	2	10	7	12
	181	4	18.250000	72.500000	9.726898e+04	1.318545e-04
	190	28	20.500000	66.500000	9.768099e+04	1.567512e-04
	92	63	-4.000000	57.750000	9.996005e+04	3.974371e-04
	137	117	7.250000	44.250000	1.022332e+05	1.245799e-04
	283	139	43.750000	38.750000	1.009413e+05	1.208983e-05
	269	153	40.250000	35.250000	1.010564e+05	6.029792e-05
	85	160	-5.750000	33.500000	1.023161e+05	4.566275e-06
2022	2	10	9	18
	214	0	26.500000	73.500000	9.752320e+04	3.210060e-05
	8	6	-25.000000	72.000000	9.998318e+04	-4.012038e-05
	192	6	21.000000	72.000000	9.752320e+04	1.319958e-04
	193	6	21.250000	72.000000	9.752320e+04	1.183087e-04
	9	14	-24.750000	70.000000	9.987909e+04	1.240475e-05
	42	15	-16.500000	69.750000	9.987909e+04	1.010722e-04
	43	15	-16.250000	69.750000	9.987909e+04	9.785821e-05
	111	68	0.750000	56.500000	1.004297e+05	3.038137e-04
	87	156	-5.250000	34.500000	1.020650e+05	8.536666e-06
2022	2	11	7	0
	218	0	27.500000	73.500000	9.780546e+04	8.692989e-06
	206	8	24.500000	71.500000	9.780546e+04	1.525200e-04
	55	12	-13.250000	70.500000	9.947884e+04	1.642985e-04
	35	24	-18.250000	67.500000	9.964231e+04	4.518457e-05
	0	69	-27.000000	56.250000	9.947785e+04	1.570564e-04
	124	73	4.000000	55.250000	1.008633e+05	2.969834e-04
	273	149	41.250000	36.250000	1.015493e+05	8.015845e-05
2022	2	11	7	6
	227	0	29.750000	73.500000	9.816691e+04	-2.019593e-05
	215	9	26.750000	71.250000	9.816691e+04	2.381897e-04
	60	11	-12.000000	70.750000	9.930928e+04	1.796426e-04
	0	60	-27.000000	58.500000	9.915286e+04	1.099484e-04
	138	78	7.500000	54.000000	1.013517e+05	2.259431e-04
	152	106	11.000000	47.000000	1.019621e+05	-5.017235e-05
	188	123	20.000000	42.750000	1.020266e+05	6.174923e-06
2022	2	11	6	12
	238	0	32.500000	73.500000	9.868145e+04	-7.871289e-06
	91	10	-4.250000	71.000000	9.926361e+04	1.076744e-04
	233	11	31.250000	70.750000	9.868145e+04	1.002669e-04
	103	18	-1.250000	69.000000	9.926361e+04	1.087039e-04
	7	56	-25.250000	59.500000	9.887845e+04	1.896473e-04
	134	119	6.500000	43.750000	1.020429e+05	8.255897e-05
2022	2	11	7	18
	247	0	34.750000	73.500000	9.889412e+04	5.502601e-05
	239	12	32.750000	70.500000	9.889765e+04	1.330262e-04
	118	15	2.500000	69.750000	9.874300e+04	2.575205e-04
	31	53	-19.250000	60.250000	9.878926e+04	1.359175e-04
	0	57	-27.000000	59.250000	9.876946e+04	1.373788e-04
	18	65	-22.500000	57.250000	9.872595e+04	2.098297e-04
	134	124	6.500000	42.500000	1.021356e+05	4.864264e-05
2022	2	12	5	0
	254	1	36.500000	73.250000	9.896920e+04	7.590485e-05
	153	16	11.250000	69.500000	9.851542e+04	1.806148e-04
	127	17	4.750000	69.250000	9.851542e+04	1.742988e-04
	23	53	-21.250000	60.250000	9.860657e+04	1.703509e-04
	33	62	-18.750000	58.000000	9.860657e+04	1.333584e-04
2022	2	12	3	6
	162	17	13.500000	69.250000	9.853797e+04	1.628317e-04
	48	57	-15.000000	59.250000	9.832216e+04	1.494835e-04
	248	96	35.000000	49.500000	1.013466e+05	1.763211e-04
2022	2	12	4	12
	250	17	35.500000	69.250000	9.893960e+04	1.597889e-04
	166	19	14.500000	68.750000	9.905133e+04	1.477000e-04
	60	55	-12.000000	59.750000	9.822827e+04	1.684971e-04
	265	98	39.250000	49.000000	1.012828e+05	1.334149e-04
2022	2	12	4	18
	261	18	38.250000	69.000000	9.883787e+04	1.582864e-04
	262	18	38.500000	69.000000	9.883787e+04	1.689847e-04
	72	55	-9.000000	59.750000	9.811654e+04	1.600116e-04
	287	99	44.750000	48.750000	1.011553e+05	9.300078e-05
2022	2	13	4	0
	273	5	41.250000	72.250000	9.895959e+04	7.833630e-05
	264	19	39.000000	68.750000	9.890452e+04	1.457522e-04
	38	36	-17.500000	64.500000	1.001200e+05	-7.374530e-06
	85	53	-5.750000	60.250000	9.817338e+04	1.830315e-04
2022	2	13	2	6
	269	21	40.250000	68.250000	9.916619e+04	2.024378e-04
	92	53	-4.000000	60.250000	9.815025e+04	2.443855e-04
2022	2	13	2	12
	165	42	14.250000	63.000000	9.862951e+04	3.684051e-05
	99	54	-2.250000	60.000000	9.844212e+04	2.449980e-04
2022	2	13	4	18
	203	0	23.750000	73.500000	9.912228e+04	-1.082198e-05
	6	14	-25.500000	70.000000	9.959781e+04	1.132693e-04
	179	43	17.750000	62.750000	9.873496e+04	8.213820e-05
	100	58	-2.000000	59.000000	9.855208e+04	2.551292e-04
2022	2	14	4	0
	3	15	-26.250000	69.750000	9.976011e+04	4.585526e-05
	225	30	29.250000	66.000000	9.874378e+04	6.760062e-05
	211	39	25.750000	63.750000	9.874378e+04	4.423209e-05
	119	68	2.750000	56.500000	9.853659e+04	1.825338e-04
2022	2	14	3	6
	41	7	-16.750000	71.750000	1.002202e+05	1.437137e-04
	244	27	34.000000	66.750000	9.876260e+04	9.039258e-05
	132	66	6.000000	57.000000	9.837959e+04	2.085982e-04
2022	2	14	4	12
	50	6	-14.500000	72.000000	1.003595e+05	1.741913e-04
	257	22	37.250000	68.000000	9.876260e+04	1.705915e-04
	258	22	37.500000	68.000000	9.876260e+04	1.704377e-04
	140	64	8.000000	57.500000	9.859893e+04	2.246716e-04
2022	2	14	6	18
	6	14	-25.500000	70.000000	9.851190e+04	-1.277416e-05
	268	19	40.000000	68.750000	9.848269e+04	1.955115e-04
	288	24	45.000000	67.500000	9.908191e+04	9.539571e-05
	3	37	-26.250000	64.250000	9.763846e+04	2.469752e-04
	151	62	10.750000	58.000000	9.896116e+04	2.185222e-04
	136	120	7.000000	43.500000	1.008842e+05	7.034279e-05
2022	2	15	7	0
	275	19	41.750000	68.750000	9.850190e+04	2.238242e-04
	0	27	-27.000000	66.750000	9.741226e+04	1.804491e-04
	25	34	-20.750000	65.000000	9.741814e+04	1.425381e-04
	201	53	23.250000	60.250000	9.956822e+04	1.334741e-04
	154	64	11.500000	57.500000	9.938357e+04	1.654038e-04
	147	119	9.750000	43.750000	1.008302e+05	9.610894e-05
	281	121	43.250000	43.250000	1.018173e+05	-1.094261e-05
2022	2	15	10	6
	6	7	-25.500000	71.750000	9.857011e+04	-6.966799e-06
	288	18	45.000000	69.000000	9.871438e+04	4.098079e-05
	12	24	-24.000000	67.500000	9.759592e+04	1.607161e-04
	36	30	-18.000000	66.000000	9.759592e+04	2.958393e-04
	38	39	-17.500000	63.750000	9.759592e+04	1.699145e-04
	173	63	16.250000	57.750000	9.979853e+04	1.214507e-04
	155	66	11.750000	57.000000	9.979853e+04	1.586155e-04
	159	113	12.750000	45.250000	1.008719e+05	1.223127e-04
	149	119	10.250000	43.750000	1.008719e+05	7.334727e-05
	280	121	43.000000	43.250000	1.019065e+05	-4.530538e-05
2022	2	15	6	12
	23	19	-21.250000	68.750000	9.743009e+04	3.091955e-04
	157	68	12.250000	56.500000	1.002149e+05	1.294743e-04
	0	73	-27.000000	55.250000	9.677090e+04	2.103389e-04
	161	113	13.250000	45.250000	1.008680e+05	1.551900e-04
	166	126	14.500000	42.000000	1.009101e+05	7.576088e-05
	278	128	42.500000	41.500000	1.016785e+05	2.549891e-05
2022	2	15	5	18
	30	15	-19.500000	69.750000	9.756182e+04	2.005066e-04
	187	60	19.750000	58.500000	1.006398e+05	7.910332e-05
	20	62	-22.000000	58.000000	9.456183e+04	7.201438e-04
	178	115	17.500000	44.750000	1.010242e+05	8.258391e-05
	277	120	42.250000	43.500000	1.020392e+05	-5.476919e-05
2022	2	16	5	0
	29	11	-19.750000	70.750000	9.752791e+04	2.066537e-04
	45	53	-15.750000	60.250000	9.434072e+04	6.091436e-04
	187	60	19.750000	58.500000	1.007533e+05	6.673313e-05
	192	71	21.000000	55.750000	1.007533e+05	5.075724e-06
	179	125	17.750000	42.250000	1.010262e+05	1.155400e-04
2022	2	16	7	6
	26	6	-20.500000	72.000000	9.783820e+04	4.055138e-04
	259	11	37.750000	70.750000	1.001527e+05	5.400700e-05
	58	45	-12.500000	62.250000	9.402141e+04	5.354239e-04
	182	66	18.500000	57.000000	1.007139e+05	7.749673e-05
	200	68	23.000000	56.500000	1.007139e+05	9.248862e-05
	181	125	18.250000	42.250000	1.010105e+05	6.635686e-05
	278	127	42.500000	41.750000	1.020388e+05	9.143545e-06
2022	2	16	7	12
	68	39	-10.000000	63.750000	9.407003e+04	5.065074e-04
	190	58	20.500000	59.000000	1.004916e+05	-1.224504e-05
	204	64	24.000000	57.500000	1.004916e+05	1.659471e-04
	210	111	25.500000	45.750000	1.010222e+05	2.573588e-06
	278	120	42.500000	43.500000	1.017685e+05	1.530063e-05
	209	122	25.250000	43.000000	1.010222e+05	1.878011e-05
	201	131	23.250000	40.750000	1.010493e+05	8.415463e-05
2022	2	16	4	18
	288	14	45.000000	70.000000	1.002292e+05	5.167593e-05
	74	33	-8.500000	65.250000	9.433798e+04	4.784121e-04
	211	59	25.750000	58.750000	1.001586e+05	1.528965e-04
	207	132	24.750000	40.500000	1.010471e+05	1.351766e-04
2022	2	17	5	0
	73	28	-8.750000	66.500000	9.451812e+04	4.710398e-04
	221	55	28.250000	59.750000	9.973836e+04	1.300800e-04
	122	59	3.500000	58.750000	9.830138e+04	2.410686e-04
	137	117	7.250000	44.250000	1.021505e+05	7.136793e-05
	210	132	25.500000	40.500000	1.012465e+05	9.584522e-05
2022	2	17	4	6
	68	24	-10.000000	67.500000	9.466003e+04	4.621827e-04
	235	51	31.750000	60.750000	9.932810e+04	1.004940e-04
	165	61	14.250000	58.250000	9.874417e+04	1.050706e-04
	137	117	7.250000	44.250000	1.019574e+05	8.364714e-05
2022	2	17	4	12
	54	22	-13.500000	68.000000	9.508597e+04	4.476379e-04
	188	64	20.000000	57.500000	9.829863e+04	1.333344e-04
	0	122	-27.000000	43.000000	1.014615e+05	5.090234e-05
	288	123	45.000000	42.750000	1.011497e+05	2.006475e-05
2022	2	17	2	18
	37	24	-17.750000	67.500000	9.562187e+04	4.524760e-04
	205	64	24.250000	57.500000	9.813575e+04	1.638874e-04
2022	2	18	5	0
	26	28	-20.500000	66.500000	9.634595e+04	4.455572e-04
	0	33	-27.000000	65.250000	9.813908e+04	1.345156e-04
	288	44	45.000000	62.500000	9.904055e+04	8.130588e-05
	224	66	29.000000	57.000000	9.814751e+04	1.163574e-04
	116	124	2.000000	42.500000	1.024588e+05	-5.851438e-05
2022	2	18	7	6
	147	20	9.750000	68.500000	9.833529e+04	1.831327e-04
	54	21	-13.500000	68.250000	9.770765e+04	1.708645e-04
	78	23	-7.500000	67.750000	9.770765e+04	1.207180e-04
	14	33	-23.500000	65.250000	9.762709e+04	3.148308e-04
	239	73	32.750000	55.250000	9.820220e+04	9.413183e-05
	137	117	7.250000	44.250000	1.019900e+05	9.319288e-05
	116	124	2.000000	42.500000	1.023389e+05	-5.998798e-05
2022	2	18	5	12
	155	17	11.750000	69.250000	9.843957e+04	1.818164e-04
	78	26	-7.500000	67.000000	9.812359e+04	1.619501e-04
	156	64	12.000000	57.500000	9.966328e+04	1.932450e-04
	245	74	34.250000	55.000000	9.802657e+04	1.156368e-04
	275	117	41.750000	44.250000	9.941023e+04	-8.514043e-05
2022	2	18	3	18
	161	12	13.250000	70.500000	9.853640e+04	2.648449e-04
	110	24	0.500000	67.500000	9.838174e+04	1.132066e-04
	246	73	34.500000	55.250000	9.799834e+04	1.706894e-04
2022	2	19	6	0
	157	10	12.250000	71.000000	9.863088e+04	1.960084e-04
	110	24	0.500000	67.500000	9.862539e+04	1.666919e-04
	4	38	-26.000000	64.000000	9.864048e+04	1.780192e-04
	246	74	34.500000	55.000000	9.788622e+04	2.122029e-04
	0	144	-27.000000	37.500000	1.010311e+05	1.443315e-04
	288	162	45.000000	33.000000	1.007518e+05	-1.120198e-05
2022	2	19	7	6
	157	10	12.250000	71.000000	9.870399e+04	1.735829e-04
	143	24	8.750000	67.500000	9.869948e+04	1.332211e-04
	3	34	-26.250000	65.000000	9.825140e+04	2.389724e-04
	52	37	-14.000000	64.250000	9.896626e+04	1.918676e-04
	256	68	37.000000	56.500000	9.801323e+04	5.174960e-05
	248	77	35.000000	54.250000	9.801323e+04	1.736767e-04
	0	142	-27.000000	38.000000	1.010268e+05	1.113049e-04
2022	2	19	8	12
	157	7	12.250000	71.750000	9.884336e+04	2.545856e-04
	0	31	-27.000000	65.750000	9.836880e+04	1.240855e-04
	65	31	-10.750000	65.750000	9.854561e+04	2.851145e-04
	0	66	-27.000000	57.000000	9.850131e+04	1.045113e-04
	249	67	35.250000	56.750000	9.844408e+04	9.846130e-05
	253	80	36.250000	53.500000	9.837684e+04	2.139245e-04
	287	141	44.750000	38.250000	9.999945e+04	4.821602e-05
	0	144	-27.000000	37.500000	1.013410e+05	1.209267e-04
2022	2	19	9	18
	151	6	10.750000	72.000000	9.886256e+04	2.728904e-04
	80	28	-7.000000	66.500000	9.871928e+04	2.645149e-04
	1	60	-26.750000	58.500000	9.601468e+04	2.470643e-04
	250	73	35.500000	55.250000	9.880788e+04	7.539652e-05
	288	76	45.000000	54.500000	9.960977e+04	-7.709160e-06
	259	82	37.750000	53.000000	9.880788e+04	1.847681e-04
	282	128	43.500000	41.500000	1.002276e+05	1.523477e-05
	287	136	44.750000	39.500000	1.002276e+05	4.223841e-05
	1	146	-26.750000	37.000000	1.012324e+05	1.597274e-04
2022	2	20	5	0
	144	6	9.000000	72.000000	9.886021e+04	2.892217e-04
	18	48	-22.500000	61.500000	9.508224e+04	3.118606e-04
	266	84	39.500000	52.500000	9.898645e+04	1.586493e-04
	269	143	40.250000	37.750000	1.003325e+05	9.782078e-05
	2	149	-26.500000	36.250000	1.014331e+05	1.524317e-04
