2022	2	10	9	0
	164	8	14.000000	71.500000	9.672974e+04	8.350845e-05
	148	22	10.000000	68.000000	9.647904e+04	4.610720e-04
	61	57	-11.750000	59.250000	9.850073e+04	5.216374e-04
	152	106	11.000000	47.000000	1.022465e+05	-4.390036e-05
	139	110	7.750000	46.000000	1.022465e+05	-7.942872e-05
	282	140	43.500000	38.500000	1.009527e+05	-5.259507e-07
	259	145	37.750000	37.250000	1.007984e+05	2.164533e-05
	247	151	34.750000	35.750000	1.007984e+05	9.012219e-05
	276	162	42.000000	33.000000	1.008772e+05	9.710262e-05
2022	2	10	6	6
	174	5	16.500000	72.250000	9.711883e+04	1.477444e-04
	8	6	-25.000000	72.000000	1.002662e+05	-1.754264e-05
	1	18	-26.750000	69.000000	1.002821e+05	1.576518e-05
	166	23	14.500000	67.750000	9.682010e+04	3.696173e-04
	79	59	-7.250000	58.750000	9.887354e+04	5.343569e-04
	158	106	12.500000	47.000000	1.021787e+05	-3.402947e-05
2022	2	10	9	12
	8	6	-25.000000	72.000000	1.002288e+05	-3.682817e-06
	176	6	17.000000	72.000000	9.733072e+04	1.490460e-04
	204	7	24.000000	71.750000	9.733072e+04	-1.490659e-05
	22	21	-21.500000	68.250000	1.002288e+05	8.631324e-05
	193	27	21.250000	66.750000	9.734032e+04	2.367013e-04
	96	63	-3.000000	57.750000	9.985341e+04	3.765957e-04
	137	117	7.250000	44.250000	1.022752e+05	1.196025e-04
	284	139	44.000000	38.750000	1.009909e+05	3.897930e-05
	281	152	43.250000	35.500000	1.010238e+05	9.754194e-05
2022	2	10	8	18
	8	6	-25.000000	72.000000	1.000992e+05	-2.783702e-05
	195	6	21.750000	72.000000	9.757730e+04	9.629699e-05
	9	14	-24.750000	70.000000	9.983480e+04	1.069989e-05
	41	16	-16.750000	69.500000	9.983480e+04	1.540125e-04
	212	27	26.000000	66.750000	9.776567e+04	2.188426e-04
	112	68	1.000000	56.500000	1.003438e+05	3.224509e-04
	137	117	7.250000	44.250000	1.022630e+05	9.726553e-05
	87	156	-5.250000	34.500000	1.021472e+05	9.525732e-06
2022	2	11	4	0
	205	8	24.250000	71.500000	9.791151e+04	8.316119e-05
	51	12	-14.250000	70.500000	9.943728e+04	1.961198e-04
	0	67	-27.000000	56.750000	9.949549e+04	1.093575e-04
	125	74	4.250000	55.000000	1.007859e+05	3.141308e-04
2022	2	11	4	6
	229	7	30.250000	71.750000	9.828589e+04	7.988111e-05
	55	12	-13.250000	70.500000	9.938004e+04	2.224279e-04
	137	79	7.250000	53.750000	1.013225e+05	2.417923e-04
	188	123	20.000000	42.750000	1.020786e+05	-4.499320e-06
2022	2	11	7	12
	250	0	35.500000	73.500000	9.860559e+04	3.981096e-05
	251	0	35.750000	73.500000	9.860559e+04	3.690194e-05
	237	9	32.250000	71.250000	9.860559e+04	4.529570e-05
	98	14	-2.500000	70.000000	9.940807e+04	1.016088e-04
	18	56	-22.500000	59.500000	9.870536e+04	1.894286e-04
	7	68	-25.250000	56.500000	9.877416e+04	1.867054e-04
	135	119	6.750000	43.750000	1.020017e+05	1.041456e-04
2022	2	11	5	18
	244	12	34.000000	70.500000	9.881670e+04	4.777543e-05
	127	16	4.750000	69.500000	9.894646e+04	2.086834e-04
	18	54	-22.500000	60.000000	9.838645e+04	2.892973e-04
	29	63	-19.750000	57.750000	9.838645e+04	2.044858e-04
	136	123	7.000000	42.750000	1.020372e+05	6.534038e-05
2022	2	12	5	0
	156	16	12.000000	69.500000	9.859070e+04	2.061677e-04
	37	49	-17.750000	61.250000	9.859697e+04	2.460576e-04
	46	58	-15.500000	59.000000	9.859697e+04	1.270879e-04
	22	59	-21.500000	58.750000	9.861010e+04	1.838269e-04
	232	92	31.000000	50.500000	1.014068e+05	1.335774e-04
2022	2	12	2	6
	162	18	13.500000	69.000000	9.871555e+04	3.351407e-04
	68	57	-10.000000	59.250000	9.846799e+04	1.676875e-04
2022	2	12	3	12
	191	0	20.750000	73.500000	9.913071e+04	-1.395088e-05
	190	13	20.500000	70.250000	9.919383e+04	2.810651e-05
	85	51	-5.750000	60.750000	9.847152e+04	1.799350e-04
2022	2	12	4	18
	179	0	17.750000	73.500000	9.918854e+04	1.360843e-05
	264	16	39.000000	69.500000	9.932477e+04	6.781117e-05
	102	47	-1.500000	61.750000	9.839135e+04	1.804663e-04
	288	100	45.000000	48.500000	1.012177e+05	9.281759e-05
2022	2	13	5	0
	176	0	17.000000	73.500000	9.914248e+04	4.778612e-05
	262	18	38.500000	69.000000	9.933162e+04	9.973224e-05
	137	37	7.250000	64.250000	9.848152e+04	1.782811e-04
	138	37	7.500000	64.250000	9.848152e+04	1.668764e-04
	119	44	2.750000	62.500000	9.848152e+04	2.036919e-04
2022	2	13	1	6
	160	37	13.000000	64.250000	9.849641e+04	8.889343e-05
2022	2	13	1	12
	176	41	17.000000	63.250000	9.864205e+04	1.337420e-04
2022	2	13	3	18
	251	11	35.750000	70.750000	9.908602e+04	4.326358e-05
	222	31	28.500000	65.750000	9.855404e+04	1.267188e-04
	84	85	-6.000000	52.250000	9.928968e+04	1.366997e-04
2022	2	14	4	0
	6	14	-25.500000	70.000000	9.981460e+04	7.550108e-05
	243	29	33.750000	66.250000	9.842153e+04	1.186999e-04
	88	86	-5.000000	52.000000	9.908857e+04	1.269217e-04
	105	88	-0.750000	51.500000	9.908857e+04	1.126484e-04
2022	2	14	2	6
	256	25	37.000000	67.250000	9.803715e+04	1.762677e-04
	115	86	1.750000	52.000000	9.898331e+04	1.599765e-04
2022	2	14	8	12
	263	19	38.750000	68.750000	9.761552e+04	2.687815e-04
	288	20	45.000000	68.500000	9.840017e+04	4.978602e-06
	0	38	-27.000000	64.000000	9.819083e+04	9.455030e-05
	0	39	-27.000000	63.750000	9.819083e+04	8.159215e-05
	124	83	4.000000	52.750000	9.932653e+04	1.715169e-04
	135	116	6.750000	44.500000	1.007712e+05	4.200506e-05
	279	120	42.750000	43.500000	1.013161e+05	3.525191e-05
	272	135	41.000000	39.750000	1.012267e+05	-3.737474e-06
2022	2	14	8	18
	6	14	-25.500000	70.000000	9.835332e+04	-2.233700e-05
	288	17	45.000000	69.250000	9.800246e+04	-2.692732e-06
	270	22	40.500000	68.000000	9.737423e+04	3.685771e-04
	0	30	-27.000000	66.000000	9.783427e+04	1.214409e-04
	22	40	-21.500000	63.500000	9.796149e+04	2.131088e-04
	136	76	7.000000	54.500000	9.953646e+04	1.498246e-04
	145	118	9.250000	44.000000	1.008055e+05	1.688764e-04
	279	120	42.750000	43.500000	1.014533e+05	-1.015232e-05
2022	2	15	8	0
	6	7	-25.500000	71.750000	9.902487e+04	2.820931e-05
	282	21	43.500000	68.250000	9.745029e+04	3.663874e-04
	9	28	-24.750000	66.500000	9.806009e+04	9.199439e-05
	27	34	-20.250000	65.000000	9.806009e+04	1.419404e-04
	152	69	11.000000	56.250000	9.965681e+04	1.356832e-04
	171	103	15.750000	47.750000	1.006588e+05	4.452704e-05
	154	117	11.500000	44.250000	1.006733e+05	1.391919e-04
	281	121	43.250000	43.250000	1.015672e+05	-1.282376e-05
2022	2	15	11	6
	0	10	-27.000000	71.000000	9.810105e+04	-2.713821e-05
	288	20	45.000000	68.500000	9.767041e+04	1.757929e-04
	13	24	-23.750000	67.500000	9.779880e+04	2.116953e-04
	35	29	-18.250000	66.250000	9.779880e+04	1.966812e-04
	155	67	11.750000	56.750000	9.976482e+04	1.133983e-04
	0	76	-27.000000	54.500000	9.853562e+04	8.652460e-05
	163	116	13.750000	44.500000	1.006275e+05	7.512838e-05
	281	121	43.250000	43.250000	1.017040e+05	-1.297685e-05
	166	126	14.500000	42.000000	1.006275e+05	1.103161e-04
	273	130	41.250000	41.000000	1.017040e+05	2.389645e-05
	274	162	41.500000	33.000000	1.015805e+05	2.949908e-05
2022	2	15	9	12
	0	10	-27.000000	71.000000	9.789504e+04	-1.301891e-05
	274	11	41.500000	70.750000	9.834391e+04	1.123674e-04
	288	18	45.000000	69.000000	9.834391e+04	7.337259e-05
	16	20	-23.000000	68.500000	9.762141e+04	2.568112e-04
	2	68	-26.500000	56.500000	9.670838e+04	3.045871e-04
	161	68	13.250000	56.500000	9.999945e+04	7.722832e-05
	162	68	13.500000	56.500000	9.999945e+04	6.802900e-05
	161	114	13.250000	45.000000	1.006085e+05	1.669133e-04
	277	120	42.250000	43.500000	1.014539e+05	-3.908909e-05
2022	2	15	4	18
	23	15	-21.250000	69.750000	9.743676e+04	3.051571e-04
	22	55	-21.500000	59.750000	9.496522e+04	5.660940e-04
	174	66	16.500000	57.000000	1.002258e+05	6.904492e-05
	281	121	43.250000	43.250000	1.018134e+05	-1.073242e-05
2022	2	16	4	0
	42	48	-16.500000	61.500000	9.399770e+04	4.367582e-04
	182	65	18.500000	57.250000	1.004228e+05	6.466397e-05
	285	123	44.250000	42.750000	1.018463e+05	-4.606693e-05
	177	124	17.250000	42.500000	1.011334e+05	5.845105e-05
2022	2	16	2	6
	58	38	-12.500000	64.000000	9.344102e+04	4.794103e-04
	189	62	20.250000	58.000000	1.005551e+05	4.510496e-05
2022	2	16	3	12
	288	19	45.000000	68.750000	9.993790e+04	-6.214211e-05
	59	31	-12.250000	65.750000	9.318738e+04	4.127647e-04
	196	137	22.000000	39.250000	1.010560e+05	-1.632042e-06
2022	2	16	1	18
	55	24	-13.250000	67.500000	9.353902e+04	4.286072e-04
2022	2	17	3	0
	35	21	-18.250000	68.250000	9.419371e+04	5.148132e-04
	160	56	13.000000	59.500000	9.843643e+04	2.715875e-04
	16	91	-23.000000	50.750000	9.967759e+04	1.527482e-04
2022	2	17	3	6
	18	23	-22.500000	67.750000	9.479430e+04	6.854252e-04
	182	55	18.500000	59.750000	9.838331e+04	1.939764e-04
	40	78	-17.000000	54.000000	9.903466e+04	2.075810e-04
2022	2	17	5	12
	0	24	-27.000000	67.500000	9.608211e+04	2.265365e-04
	0	39	-27.000000	63.750000	9.670602e+04	4.864679e-05
	191	52	20.750000	60.500000	9.850935e+04	2.538542e-04
	71	65	-9.250000	57.250000	9.860422e+04	2.834181e-04
	0	113	-27.000000	45.250000	1.005379e+05	8.581948e-05
2022	2	17	6	18
	79	16	-7.250000	69.500000	9.778174e+04	1.582722e-04
	65	54	-10.750000	60.000000	9.841506e+04	2.630203e-04
	203	55	23.750000	59.750000	9.892803e+04	2.185261e-04
	106	56	-0.500000	59.500000	9.777449e+04	4.164367e-04
	8	109	-25.000000	46.250000	1.003501e+05	2.422297e-04
	153	110	11.250000	46.000000	1.021597e+05	2.533449e-05
2022	2	18	5	0
	123	13	3.750000	70.250000	9.779155e+04	1.312175e-04
	70	41	-9.500000	63.250000	9.821199e+04	2.800318e-04
	127	51	4.750000	60.750000	9.775156e+04	3.935218e-04
	218	59	27.500000	58.750000	9.920265e+04	1.700166e-04
	0	125	-27.000000	42.250000	1.004299e+05	6.585275e-05
2022	2	18	8	6
	124	11	4.000000	70.750000	9.760984e+04	1.316045e-04
	76	38	-8.000000	64.000000	9.771196e+04	3.274877e-04
	99	40	-2.250000	63.500000	9.771196e+04	2.355607e-04
	113	45	1.250000	62.250000	9.810850e+04	3.024889e-04
	153	51	11.250000	60.750000	9.842996e+04	2.391950e-04
	222	52	28.500000	60.500000	9.916227e+04	9.424609e-05
	137	113	7.250000	45.250000	1.021887e+05	1.460844e-05
	6	122	-25.500000	43.000000	1.002492e+05	3.401280e-04
2022	2	18	8	12
	126	10	4.500000	71.000000	9.760416e+04	1.315839e-04
	128	10	5.000000	71.000000	9.760416e+04	1.310201e-04
	88	38	-5.000000	64.000000	9.744754e+04	4.219395e-04
	16	40	-23.000000	63.500000	9.852189e+04	1.764458e-04
	172	52	16.000000	60.500000	9.827629e+04	1.780906e-04
	173	52	16.250000	60.500000	9.827629e+04	1.766353e-04
	14	122	-23.500000	43.000000	1.006630e+05	3.497364e-04
	230	145	30.500000	37.250000	1.005291e+05	3.047627e-05
2022	2	18	7	18
	128	10	5.000000	71.000000	9.764062e+04	1.268532e-04
	129	10	5.250000	71.000000	9.764062e+04	1.238388e-04
	108	38	0.000000	64.000000	9.711883e+04	4.981874e-04
	192	55	21.000000	59.750000	9.815378e+04	1.811557e-04
	22	118	-21.500000	44.000000	1.008037e+05	2.531213e-04
	224	151	29.000000	35.750000	1.005653e+05	1.256125e-04
	84	162	-6.000000	33.000000	1.023885e+05	-1.702413e-05
2022	2	19	6	0
	173	6	16.250000	72.000000	9.772392e+04	1.440213e-04
	136	11	7.000000	70.750000	9.772255e+04	1.105488e-04
	63	39	-11.250000	63.750000	9.884669e+04	1.829440e-04
	127	39	4.750000	63.750000	9.723055e+04	5.365739e-04
	220	61	28.000000	58.250000	9.793346e+04	1.566024e-04
	25	116	-20.750000	44.500000	1.010505e+05	2.496505e-04
2022	2	19	6	6
	146	12	9.500000	70.500000	9.778841e+04	1.085344e-04
	143	39	8.750000	63.750000	9.765532e+04	2.999794e-04
	88	42	-5.000000	63.000000	9.908132e+04	1.728613e-04
	253	69	36.250000	56.250000	9.768413e+04	1.533672e-04
	26	114	-20.500000	45.000000	1.010822e+05	2.661328e-04
	225	162	29.250000	33.000000	1.006502e+05	1.058137e-04
2022	2	19	4	12
	170	13	15.500000	70.250000	9.804205e+04	1.629214e-04
	161	45	13.250000	62.250000	9.856208e+04	1.526742e-04
	266	70	39.500000	56.000000	9.754026e+04	1.441116e-04
	24	112	-21.000000	45.500000	1.012669e+05	2.821592e-04
2022	2	19	4	18
	167	17	14.750000	69.250000	9.843800e+04	1.927981e-04
	182	56	18.500000	59.500000	9.875672e+04	9.806459e-05
	276	70	42.000000	56.000000	9.753595e+04	1.389489e-04
	23	109	-21.250000	46.250000	1.011320e+05	2.596331e-04
2022	2	20	5	0
	180	25	18.000000	67.250000	9.910837e+04	1.380224e-05
	0	28	-27.000000	66.500000	9.971464e+04	4.750782e-05
	200	63	23.000000	57.750000	9.894901e+04	3.205017e-05
	286	65	44.500000	57.250000	9.763670e+04	1.042261e-04
	23	105	-21.250000	47.250000	1.012610e+05	2.492774e-04
