2022	2	10	7	0
	7	6	-25.250000	72.000000	1.001509e+05	-1.019312e-05
	150	22	10.500000	68.000000	9.658915e+04	4.319735e-04
	61	56	-11.750000	59.500000	9.846063e+04	5.080724e-04
	152	106	11.000000	47.000000	1.022384e+05	-4.130499e-05
	139	110	7.750000	46.000000	1.022384e+05	-7.483108e-05
	282	140	43.500000	38.500000	1.009068e+05	2.290874e-06
	248	156	35.000000	34.500000	1.007338e+05	1.273032e-04
2022	2	10	5	6
	172	4	16.000000	72.500000	9.722492e+04	1.426570e-04
	8	6	-25.000000	72.000000	1.002988e+05	-1.231781e-05
	165	23	14.250000	67.750000	9.691325e+04	2.962868e-04
	80	59	-7.000000	58.750000	9.882288e+04	5.020195e-04
	150	109	10.500000	46.250000	1.022006e+05	-9.714915e-06
2022	2	10	7	12
	205	1	24.250000	73.250000	9.743333e+04	-1.084924e-06
	181	5	18.250000	72.250000	9.743333e+04	6.187143e-05
	191	27	20.750000	66.750000	9.752795e+04	2.168213e-04
	95	63	-3.250000	57.750000	9.982173e+04	3.893728e-04
	137	117	7.250000	44.250000	1.022757e+05	1.140487e-04
	284	139	44.000000	38.750000	1.009120e+05	1.875377e-05
	271	147	40.750000	36.750000	1.009477e+05	5.680894e-05
2022	2	10	6	18
	186	5	19.500000	72.250000	9.762909e+04	8.012763e-05
	42	14	-16.500000	70.000000	9.971763e+04	1.352153e-04
	212	29	26.000000	66.250000	9.782550e+04	2.082475e-04
	111	68	0.750000	56.500000	1.003951e+05	3.571171e-04
	0	88	-27.000000	51.500000	1.010142e+05	2.637441e-05
	274	151	41.500000	35.750000	1.013600e+05	4.589823e-05
2022	2	11	6	0
	185	0	19.250000	73.500000	9.782318e+04	3.987812e-05
	214	0	26.500000	73.500000	9.782318e+04	-1.294951e-05
	204	8	24.000000	71.500000	9.782318e+04	1.160161e-04
	55	12	-13.250000	70.500000	9.931430e+04	1.858020e-04
	0	72	-27.000000	55.500000	9.992267e+04	1.133377e-04
	123	75	3.750000	54.750000	1.008621e+05	3.542547e-04
2022	2	11	7	6
	191	0	20.750000	73.500000	9.808659e+04	1.043219e-04
	227	0	29.750000	73.500000	9.808659e+04	-1.267926e-05
	228	0	30.000000	73.500000	9.808659e+04	-1.044094e-05
	208	9	25.000000	71.250000	9.808659e+04	1.326002e-04
	76	11	-8.000000	70.750000	9.923211e+04	1.171092e-04
	135	82	6.750000	53.000000	1.013826e+05	2.507600e-04
	188	123	20.000000	42.750000	1.020738e+05	-1.641617e-06
2022	2	11	10	12
	229	0	30.250000	73.500000	9.838498e+04	-7.304475e-06
	197	1	22.250000	73.250000	9.838498e+04	1.402375e-04
	106	12	-0.500000	70.500000	9.919713e+04	1.004849e-04
	216	14	27.000000	70.000000	9.845747e+04	1.556233e-04
	80	17	-7.000000	69.250000	9.919713e+04	1.996954e-04
	19	61	-22.250000	58.250000	9.909240e+04	1.837432e-04
	35	64	-18.250000	57.500000	9.909240e+04	1.750763e-04
	1	71	-26.750000	55.750000	9.914402e+04	7.838772e-05
	2	71	-26.500000	55.750000	9.913138e+04	9.137566e-05
	135	119	6.750000	43.750000	1.020255e+05	1.011720e-04
2022	2	11	5	18
	206	0	24.500000	73.500000	9.846211e+04	1.613331e-04
	111	13	0.750000	70.250000	9.919671e+04	1.157627e-04
	36	56	-18.000000	59.500000	9.858981e+04	2.356599e-04
	14	58	-23.500000	59.000000	9.858981e+04	2.424492e-04
	27	66	-20.250000	57.000000	9.858981e+04	6.251869e-05
2022	2	12	6	0
	214	0	26.500000	73.500000	9.853312e+04	1.757340e-04
	236	6	32.000000	72.000000	9.853312e+04	7.244142e-05
	150	17	10.500000	69.250000	9.907470e+04	1.733252e-04
	28	56	-20.000000	59.500000	9.825201e+04	3.146840e-04
	47	59	-15.250000	58.750000	9.825201e+04	9.412749e-05
	236	90	32.000000	51.000000	1.011156e+05	1.378694e-04
2022	2	12	6	6
	156	0	12.000000	73.500000	9.856241e+04	1.601715e-04
	223	0	28.750000	73.500000	9.855441e+04	1.476649e-04
	151	17	10.750000	69.250000	9.918133e+04	1.569755e-04
	47	51	-15.250000	60.750000	9.829479e+04	2.162194e-04
	30	62	-19.500000	58.000000	9.824569e+04	2.092585e-04
	256	91	37.000000	50.750000	1.009403e+05	1.669447e-04
2022	2	12	4	12
	174	0	16.500000	73.500000	9.849604e+04	2.334257e-04
	234	0	31.500000	73.500000	9.875691e+04	7.141287e-05
	64	52	-11.000000	60.500000	9.830090e+04	1.999925e-04
	276	92	42.000000	50.500000	1.006870e+05	1.825945e-04
2022	2	12	2	18
	188	0	20.000000	73.500000	9.841280e+04	1.110353e-04
	75	52	-8.250000	60.500000	9.821113e+04	2.280987e-04
2022	2	13	3	0
	197	2	22.250000	73.000000	9.847412e+04	2.025858e-04
	127	36	4.750000	64.500000	9.813780e+04	2.023822e-04
	45	102	-15.750000	48.000000	1.001507e+05	1.402223e-04
2022	2	13	3	6
	217	1	27.250000	73.250000	9.851922e+04	2.066663e-04
	136	34	7.000000	65.000000	9.768284e+04	2.411552e-04
	69	100	-9.750000	48.500000	9.934042e+04	1.667860e-04
2022	2	13	3	12
	98	12	-2.500000	70.500000	9.895711e+04	2.402931e-04
	153	30	11.250000	66.000000	9.747105e+04	2.623082e-04
	88	96	-5.000000	49.500000	9.869012e+04	2.308337e-04
2022	2	13	2	18
	164	30	14.000000	66.000000	9.773404e+04	1.504269e-04
	103	94	-1.250000	50.000000	9.802738e+04	2.709000e-04
2022	2	14	4	0
	164	15	14.000000	69.750000	9.798902e+04	9.027895e-05
	1	17	-26.750000	69.250000	9.972459e+04	3.459448e-05
	183	29	18.750000	66.250000	9.807373e+04	1.331360e-04
	118	88	2.500000	51.500000	9.774500e+04	4.218912e-04
2022	2	14	2	6
	167	15	14.750000	69.750000	9.783434e+04	2.191428e-04
	133	79	6.250000	53.750000	9.790789e+04	3.239815e-04
2022	2	14	6	12
	46	12	-15.500000	70.500000	9.992414e+04	4.954865e-05
	173	16	16.250000	69.500000	9.779662e+04	2.455712e-04
	204	16	24.000000	69.500000	9.779662e+04	8.193960e-05
	155	69	11.750000	56.250000	9.809860e+04	1.823197e-04
	172	103	16.000000	47.750000	9.995280e+04	1.043426e-04
	138	119	7.500000	43.750000	1.004099e+05	1.327972e-04
2022	2	14	8	18
	176	6	17.000000	72.000000	9.792665e+04	9.425599e-05
	179	15	17.750000	69.750000	9.792665e+04	1.326691e-04
	205	18	24.250000	69.000000	9.792665e+04	-5.278302e-05
	0	37	-27.000000	64.250000	9.803264e+04	9.902984e-05
	23	44	-21.250000	62.500000	9.804339e+04	2.574889e-04
	170	65	15.500000	57.250000	9.818563e+04	1.540866e-04
	155	117	11.750000	44.250000	1.004244e+05	7.724708e-05
	138	119	7.500000	43.750000	1.004141e+05	1.159283e-04
2022	2	15	7	0
	183	4	18.750000	72.500000	9.805709e+04	3.355230e-05
	184	4	19.000000	72.500000	9.805709e+04	4.065991e-05
	204	18	24.000000	69.000000	9.807627e+04	1.710258e-04
	17	39	-22.750000	63.750000	9.773741e+04	2.049804e-04
	184	60	19.000000	58.500000	9.821788e+04	1.858549e-04
	158	110	12.500000	46.000000	1.004318e+05	6.532248e-05
	281	121	43.250000	43.250000	1.018715e+05	7.650755e-06
2022	2	15	7	6
	175	5	16.750000	72.250000	9.800673e+04	1.622743e-04
	200	9	23.000000	71.250000	9.800673e+04	6.192506e-05
	191	17	20.750000	69.250000	9.802127e+04	1.049173e-04
	20	35	-22.000000	64.750000	9.775174e+04	2.562716e-04
	48	38	-15.000000	64.000000	9.775406e+04	2.226902e-04
	199	54	22.750000	60.000000	9.847223e+04	1.820551e-04
	280	121	43.000000	43.250000	1.020091e+05	-4.104826e-06
2022	2	15	8	12
	207	1	24.750000	73.250000	9.791927e+04	1.246582e-04
	178	7	17.500000	71.750000	9.791927e+04	2.182105e-04
	205	9	24.250000	71.250000	9.791927e+04	2.518618e-05
	288	20	45.000000	68.500000	9.958403e+04	-8.437513e-05
	0	31	-27.000000	65.750000	9.758105e+04	1.613459e-04
	0	73	-27.000000	55.250000	9.736863e+04	1.382453e-04
	278	120	42.500000	43.500000	1.017421e+05	-2.053843e-05
	280	130	43.000000	41.000000	1.017421e+05	4.368019e-06
2022	2	15	3	18
	193	3	21.250000	72.750000	9.771591e+04	1.631786e-04
	6	7	-25.500000	71.750000	9.901211e+04	-7.865024e-06
	6	64	-25.500000	57.500000	9.590660e+04	3.919821e-04
2022	2	16	5	0
	244	2	34.000000	73.000000	9.764848e+04	1.115096e-04
	206	8	24.500000	71.500000	9.763458e+04	2.826988e-04
	22	26	-21.500000	67.000000	9.716507e+04	2.388564e-04
	14	58	-23.500000	59.000000	9.463675e+04	5.381621e-04
	280	121	43.000000	43.250000	1.021935e+05	-1.355301e-05
2022	2	16	6	6
	229	0	30.250000	73.500000	9.772920e+04	-1.605485e-05
	232	8	31.000000	71.500000	9.772920e+04	1.930118e-04
	0	38	-27.000000	64.000000	9.664752e+04	-1.753483e-05
	31	49	-19.250000	61.250000	9.404291e+04	4.712062e-04
	278	121	42.500000	43.250000	1.021960e+05	-2.868501e-05
	107	124	-0.250000	42.500000	1.029243e+05	3.820972e-05
2022	2	16	6	12
	212	0	26.000000	73.500000	9.769527e+04	5.706168e-05
	252	3	36.000000	72.750000	9.769527e+04	3.343491e-04
	66	39	-10.500000	63.750000	9.399023e+04	2.453433e-04
	198	143	22.500000	37.750000	1.017244e+05	-7.219738e-06
	188	152	20.000000	35.500000	1.017217e+05	1.088458e-04
	188	153	20.000000	35.250000	1.017217e+05	1.168946e-04
2022	2	16	6	18
	215	2	26.750000	73.000000	9.776059e+04	1.979146e-04
	106	37	-0.500000	64.250000	9.389309e+04	2.204563e-04
	77	38	-7.750000	64.000000	9.388824e+04	8.204071e-05
	0	42	-27.000000	63.000000	9.710502e+04	9.740381e-05
	3	122	-26.250000	43.000000	1.009251e+05	1.168555e-04
	195	151	21.750000	35.750000	1.017132e+05	1.159222e-04
2022	2	17	7	0
	223	2	28.750000	73.000000	9.753238e+04	1.881452e-04
	110	31	0.500000	65.750000	9.404312e+04	2.599138e-04
	0	35	-27.000000	64.750000	9.736379e+04	3.060840e-05
	26	108	-20.500000	46.500000	1.005806e+05	1.893028e-04
	137	113	7.250000	45.250000	1.026251e+05	-1.088906e-05
	111	124	0.750000	42.500000	1.030151e+05	5.246077e-05
	199	148	22.750000	36.500000	1.016726e+05	8.246589e-05
2022	2	17	6	6
	227	0	29.750000	73.500000	9.723566e+04	1.099538e-04
	116	32	2.000000	65.500000	9.457838e+04	3.390749e-04
	5	82	-25.750000	53.000000	1.000417e+05	1.952228e-04
	44	95	-16.000000	49.750000	9.985018e+04	2.232222e-04
	33	102	-18.750000	48.000000	9.985018e+04	1.919746e-04
	191	145	20.750000	37.250000	1.018074e+05	9.754315e-05
2022	2	17	3	12
	137	32	7.250000	65.500000	9.538378e+04	3.485987e-04
	23	76	-21.250000	54.500000	9.993848e+04	1.975559e-04
	52	89	-14.000000	51.250000	9.961985e+04	2.979293e-04
2022	2	17	4	18
	169	30	15.250000	66.000000	9.595486e+04	1.330386e-04
	190	32	20.500000	65.500000	9.595486e+04	7.469918e-05
	80	80	-7.000000	53.500000	9.953409e+04	1.872194e-04
	67	82	-10.250000	53.000000	9.953409e+04	2.829923e-04
2022	2	18	3	0
	184	22	19.000000	68.000000	9.622480e+04	4.423312e-05
	199	32	22.750000	65.500000	9.622480e+04	1.344658e-04
	53	79	-13.750000	53.750000	9.922199e+04	3.673962e-04
2022	2	18	2	6
	0	44	-27.000000	62.500000	9.716191e+04	1.109557e-04
	83	68	-6.250000	56.500000	9.878009e+04	2.214103e-04
2022	2	18	5	12
	57	22	-12.750000	68.000000	9.852048e+04	1.457397e-04
	0	40	-27.000000	63.500000	9.731027e+04	6.345104e-05
	73	40	-8.750000	63.500000	9.870761e+04	3.563843e-04
	103	64	-1.250000	57.500000	9.898430e+04	2.033621e-04
	8	85	-25.000000	52.250000	9.923906e+04	3.111888e-04
2022	2	18	6	18
	205	0	24.250000	73.500000	9.641783e+04	-5.563461e-06
	50	22	-14.500000	68.000000	9.844841e+04	2.147914e-04
	82	33	-6.500000	65.250000	9.840037e+04	3.680678e-04
	114	63	1.500000	57.750000	9.940828e+04	2.689626e-04
	140	64	8.000000	57.500000	9.943778e+04	1.322680e-04
	33	73	-18.750000	55.250000	9.813611e+04	4.555125e-04
2022	2	19	4	0
	198	1	22.500000	73.250000	9.649917e+04	7.118211e-05
	45	22	-15.750000	68.000000	9.826044e+04	3.687580e-04
	96	27	-3.000000	66.750000	9.814033e+04	3.781138e-04
	51	60	-14.250000	58.500000	9.731785e+04	4.916034e-04
2022	2	19	7	6
	204	6	24.000000	72.000000	9.661655e+04	2.267659e-04
	249	8	35.250000	71.500000	9.666902e+04	1.290974e-04
	121	22	3.250000	68.000000	9.802316e+04	3.767930e-04
	42	23	-16.500000	67.750000	9.819975e+04	2.986981e-04
	0	44	-27.000000	62.500000	9.792454e+04	9.671431e-05
	60	50	-12.000000	61.000000	9.693516e+04	5.668043e-04
	73	59	-8.750000	58.750000	9.693516e+04	4.610047e-04
2022	2	19	6	12
	228	10	30.000000	71.000000	9.689766e+04	2.097634e-04
	152	20	11.000000	68.500000	9.834115e+04	3.245958e-04
	40	26	-17.000000	67.000000	9.831902e+04	2.359108e-04
	66	43	-10.500000	62.750000	9.716971e+04	4.223896e-04
	90	48	-4.500000	61.500000	9.716591e+04	3.037946e-04
	0	61	-27.000000	58.250000	9.674867e+04	1.364916e-04
2022	2	19	6	18
	236	4	32.000000	72.500000	9.708879e+04	6.912783e-05
	39	28	-17.250000	66.500000	9.814855e+04	1.582992e-04
	107	38	-0.250000	64.000000	9.712166e+04	2.903476e-04
	81	42	-6.750000	63.000000	9.712251e+04	1.634670e-04
	0	53	-27.000000	60.250000	9.588237e+04	1.245681e-04
	99	135	-2.250000	39.750000	1.023747e+05	2.330862e-05
2022	2	20	3	0
	272	9	41.000000	71.250000	9.725632e+04	9.382913e-05
	122	30	3.500000	66.000000	9.714884e+04	2.353398e-04
	0	46	-27.000000	62.000000	9.536924e+04	1.527211e-04
