2022	2	16	6	0
	288	10	45.000000	71.000000	9.876730e+04	1.028624e-04
	48	37	-15.000000	64.250000	9.756897e+04	2.944161e-04
	116	53	2.000000	60.250000	9.802780e+04	1.339223e-04
	65	67	-10.750000	56.750000	9.734168e+04	2.783924e-04
	280	121	43.000000	43.250000	1.020667e+05	2.712842e-05
	172	122	16.000000	43.000000	1.014855e+05	5.037921e-05
2022	2	16	6	3
	44	35	-16.000000	64.750000	9.777285e+04	2.616137e-04
	74	66	-8.500000	57.000000	9.731857e+04	2.702069e-04
	89	70	-4.750000	56.000000	9.731857e+04	2.070759e-04
	90	70	-4.500000	56.000000	9.731857e+04	2.157057e-04
	280	121	43.000000	43.250000	1.020670e+05	2.685049e-05
	173	122	16.250000	43.000000	1.014458e+05	4.384027e-05
2022	2	16	4	6
	41	64	-16.750000	57.500000	9.778288e+04	1.086862e-04
	84	66	-6.000000	57.000000	9.754221e+04	2.525295e-04
	100	67	-2.000000	56.750000	9.754221e+04	2.206119e-04
	20	73	-22.000000	55.250000	9.774579e+04	1.509326e-04
2022	2	16	5	9
	117	49	2.250000	61.250000	9.772405e+04	1.196552e-04
	35	58	-18.250000	59.000000	9.750253e+04	1.397100e-04
	47	63	-15.250000	57.750000	9.750253e+04	1.119385e-04
	113	66	1.250000	57.000000	9.747836e+04	2.398269e-04
	182	137	18.500000	39.250000	1.014875e+05	1.539537e-04
2022	2	16	5	12
	119	48	2.750000	61.500000	9.760135e+04	1.241014e-04
	53	62	-13.750000	58.000000	9.728270e+04	1.102177e-04
	124	66	4.000000	57.000000	9.734123e+04	2.446655e-04
	63	68	-11.250000	56.500000	9.728270e+04	2.019125e-04
	183	128	18.750000	41.500000	1.012953e+05	1.228424e-04
2022	2	16	7	15
	74	67	-8.500000	56.750000	9.693484e+04	2.541825e-04
	137	67	7.250000	56.750000	9.723648e+04	2.475101e-04
	91	70	-4.250000	56.000000	9.693484e+04	1.924706e-04
	92	70	-4.000000	56.000000	9.693484e+04	1.922203e-04
	137	116	7.250000	44.500000	1.011066e+05	5.771691e-05
	183	127	18.750000	41.750000	1.011857e+05	1.067914e-04
	185	135	19.250000	39.750000	1.011857e+05	1.513135e-04
2022	2	16	5	18
	161	66	13.250000	57.000000	9.719391e+04	2.420800e-04
	86	67	-5.500000	56.750000	9.711652e+04	2.447850e-04
	109	69	0.250000	56.250000	9.709828e+04	2.377285e-04
	183	128	18.750000	41.500000	1.012391e+05	9.420390e-05
	187	137	19.750000	39.250000	1.012391e+05	1.188959e-04
2022	2	16	6	21
	178	63	17.500000	57.750000	9.693089e+04	2.028371e-04
	123	68	3.750000	56.500000	9.678950e+04	2.793761e-04
	137	117	7.250000	44.250000	1.012187e+05	5.364680e-05
	280	121	43.000000	43.250000	1.021155e+05	-3.535063e-05
	183	128	18.750000	41.500000	1.012869e+05	8.008393e-05
	187	137	19.750000	39.250000	1.012869e+05	6.777721e-05
2022	2	17	4	0
	124	40	4.000000	63.500000	9.728345e+04	1.385414e-04
	185	61	19.250000	58.250000	9.666225e+04	2.021096e-04
	134	69	6.500000	56.250000	9.677962e+04	2.974579e-04
	138	117	7.500000	44.250000	1.010206e+05	5.941160e-05
2022	2	17	5	3
	285	9	44.250000	71.250000	9.912853e+04	1.379688e-04
	123	39	3.750000	63.750000	9.729075e+04	1.084464e-04
	193	58	21.250000	59.000000	9.641337e+04	2.177064e-04
	178	67	17.500000	56.750000	9.641687e+04	1.464313e-04
	138	117	7.500000	44.250000	1.007979e+05	1.076996e-04
2022	2	17	5	6
	119	39	2.750000	63.750000	9.732830e+04	1.511921e-04
	8	53	-25.000000	60.250000	9.926125e+04	1.529282e-04
	195	57	21.750000	59.250000	9.628398e+04	2.210350e-04
	191	68	20.750000	56.500000	9.628398e+04	1.856364e-04
	138	117	7.500000	44.250000	1.007056e+05	7.904331e-05
2022	2	17	5	9
	117	39	2.250000	63.750000	9.740417e+04	1.665206e-04
	147	45	9.750000	62.250000	9.749098e+04	-2.140080e-05
	10	50	-24.500000	61.000000	9.932313e+04	1.800580e-04
	198	56	22.500000	59.500000	9.624248e+04	2.078619e-04
	7	119	-25.250000	43.750000	1.011542e+05	1.116325e-04
2022	2	17	6	12
	116	40	2.000000	63.500000	9.750299e+04	1.788156e-04
	18	54	-22.500000	60.000000	9.935749e+04	2.012099e-04
	201	56	23.250000	59.500000	9.623716e+04	2.288689e-04
	5	108	-25.750000	46.500000	1.007947e+05	1.681007e-04
	16	113	-23.000000	45.250000	1.007947e+05	1.507705e-04
	273	119	41.250000	43.750000	1.012128e+05	-2.018810e-05
2022	2	17	4	15
	117	43	2.250000	62.750000	9.758645e+04	2.063272e-04
	19	50	-22.250000	61.000000	9.932799e+04	1.508499e-04
	214	56	26.500000	59.500000	9.624248e+04	9.106744e-05
	22	108	-21.500000	46.500000	1.001663e+05	1.734883e-04
2022	2	17	4	18
	120	44	3.000000	62.500000	9.769181e+04	2.005679e-04
	19	47	-22.250000	61.750000	9.927433e+04	1.366365e-04
	218	53	27.500000	60.250000	9.619702e+04	1.217867e-04
	29	104	-19.750000	47.500000	9.980873e+04	1.634691e-04
2022	2	17	3	21
	20	44	-22.000000	62.500000	9.932632e+04	1.075695e-04
	221	52	28.250000	60.500000	9.621907e+04	1.433568e-04
	37	99	-17.750000	48.750000	9.951423e+04	2.522393e-04
2022	2	18	3	0
	11	40	-24.250000	63.500000	9.933316e+04	6.544570e-05
	224	47	29.000000	61.750000	9.622637e+04	1.229934e-04
	45	94	-15.750000	50.000000	9.919801e+04	3.097613e-04
2022	2	18	3	3
	5	38	-25.750000	64.000000	9.915848e+04	6.641141e-05
	225	44	29.250000	62.500000	9.622987e+04	1.312925e-04
	52	91	-14.000000	50.750000	9.885107e+04	3.492275e-04
2022	2	18	2	6
	229	42	30.250000	63.000000	9.625799e+04	1.335715e-04
	59	89	-12.250000	51.250000	9.851021e+04	4.374130e-04
2022	2	18	5	9
	6	7	-25.500000	71.750000	1.003002e+05	-3.282528e-05
	231	40	30.750000	63.500000	9.636715e+04	1.407313e-04
	85	84	-5.750000	52.500000	9.830709e+04	2.277504e-04
	67	88	-10.250000	51.500000	9.830709e+04	5.132288e-04
	138	117	7.500000	44.250000	1.014925e+05	5.209720e-05
2022	2	18	5	12
	6	7	-25.500000	71.750000	1.003589e+05	-4.964439e-05
	236	36	32.000000	64.500000	9.649410e+04	1.238168e-04
	0	43	-27.000000	62.750000	9.883328e+04	1.236848e-04
	86	82	-5.500000	53.000000	9.824020e+04	2.369681e-04
	77	88	-7.750000	51.500000	9.824020e+04	4.730354e-04
2022	2	18	5	15
	6	7	-25.500000	71.750000	1.003902e+05	-4.229098e-05
	239	32	32.750000	65.500000	9.663731e+04	9.219727e-05
	108	80	0.000000	53.500000	9.834404e+04	2.218168e-04
	90	84	-4.500000	52.500000	9.834404e+04	3.659070e-04
	276	118	42.000000	44.000000	1.003606e+05	-4.554358e-05
2022	2	18	7	18
	6	7	-25.500000	71.750000	1.002768e+05	-2.550275e-05
	151	31	10.750000	65.750000	9.809805e+04	1.040120e-04
	242	31	33.500000	65.750000	9.670664e+04	7.789770e-05
	0	40	-27.000000	63.500000	9.817239e+04	8.111550e-05
	0	53	-27.000000	60.250000	9.812511e+04	8.482736e-05
	117	77	2.250000	54.250000	9.826270e+04	2.669451e-04
	280	119	43.000000	43.750000	1.004617e+05	4.312482e-05
2022	2	18	3	21
	151	26	10.750000	67.000000	9.808452e+04	2.777286e-05
	244	29	34.000000	66.250000	9.675620e+04	9.588947e-05
	132	73	6.000000	55.250000	9.795286e+04	3.268133e-04
2022	2	19	5	0
	256	18	37.000000	69.000000	9.688649e+04	1.299418e-04
	148	28	10.000000	66.500000	9.808604e+04	1.048430e-04
	245	28	34.250000	66.500000	9.688649e+04	1.078885e-04
	0	46	-27.000000	62.000000	9.752108e+04	9.551006e-05
	141	72	8.250000	55.500000	9.775962e+04	3.047158e-04
2022	2	19	7	3
	255	17	36.750000	69.250000	9.696707e+04	1.629329e-04
	151	26	10.750000	67.000000	9.807023e+04	8.407127e-05
	244	27	34.000000	66.750000	9.696707e+04	1.154492e-04
	4	45	-26.000000	62.250000	9.749782e+04	1.550344e-04
	23	48	-21.250000	61.500000	9.749782e+04	2.198373e-04
	157	71	12.250000	55.750000	9.771173e+04	2.281253e-04
	137	117	7.250000	44.250000	1.012561e+05	7.650544e-05
2022	2	19	9	6
	255	17	36.750000	69.250000	9.699627e+04	1.527039e-04
	153	26	11.250000	67.000000	9.811219e+04	8.501795e-05
	247	26	34.750000	67.000000	9.699627e+04	9.479033e-05
	0	44	-27.000000	62.500000	9.751044e+04	1.079662e-04
	18	46	-22.500000	62.000000	9.751044e+04	1.912492e-04
	48	50	-15.000000	61.000000	9.747623e+04	2.832445e-04
	178	70	17.500000	56.000000	9.771918e+04	2.469188e-04
	137	117	7.250000	44.250000	1.013228e+05	1.118149e-04
	267	161	39.750000	33.250000	1.008430e+05	1.606916e-05
2022	2	19	10	9
	6	7	-25.500000	71.750000	1.001443e+05	-1.934293e-05
	255	17	36.750000	69.250000	9.710375e+04	1.531215e-04
	154	26	11.500000	67.000000	9.823275e+04	9.864653e-05
	155	26	11.750000	67.000000	9.823275e+04	9.179441e-05
	0	44	-27.000000	62.500000	9.756122e+04	1.175562e-04
	50	49	-14.500000	61.250000	9.738395e+04	2.954441e-04
	188	69	20.000000	56.250000	9.777376e+04	2.465157e-04
	150	109	10.500000	46.250000	1.012950e+05	3.115348e-05
	136	117	7.000000	44.250000	1.014083e+05	1.171480e-04
	268	162	40.000000	33.000000	1.006508e+05	8.419198e-06
2022	2	19	8	12
	258	18	37.500000	69.000000	9.723876e+04	1.400524e-04
	155	25	11.750000	67.250000	9.837155e+04	1.045171e-04
	0	43	-27.000000	62.750000	9.745480e+04	1.028361e-04
	51	49	-14.250000	61.250000	9.760774e+04	3.012127e-04
	81	50	-6.750000	61.000000	9.775598e+04	2.573442e-04
	0	58	-27.000000	59.000000	9.774305e+04	1.003661e-04
	203	70	23.750000	56.000000	9.801716e+04	1.385289e-04
	137	117	7.250000	44.250000	1.014239e+05	9.654241e-05
2022	2	19	12	15
	285	15	44.250000	69.750000	9.737862e+04	1.160261e-04
	261	19	38.250000	68.750000	9.737862e+04	1.102622e-04
	156	25	12.000000	67.250000	9.844681e+04	1.174544e-04
	0	40	-27.000000	63.500000	9.704172e+04	5.930014e-05
	84	48	-6.000000	61.500000	9.791166e+04	2.030193e-04
	55	49	-13.250000	61.250000	9.785570e+04	2.544248e-04
	54	50	-13.500000	61.000000	9.785570e+04	2.565633e-04
	0	54	-27.000000	60.000000	9.688467e+04	9.904327e-05
	215	70	26.750000	56.000000	9.815065e+04	1.024931e-04
	153	109	11.250000	46.250000	1.013973e+05	2.610466e-05
	136	118	7.000000	44.000000	1.013693e+05	9.770302e-05
	264	160	39.000000	33.500000	1.005657e+05	4.109237e-05
2022	2	19	5	18
	265	19	39.250000	68.750000	9.753628e+04	8.724075e-05
	155	26	11.750000	67.000000	9.854609e+04	1.133449e-04
	0	49	-27.000000	61.250000	9.599741e+04	9.927211e-05
	226	69	29.500000	56.250000	9.831166e+04	1.086214e-04
	267	158	39.750000	34.000000	1.007065e+05	4.011831e-05
2022	2	19	7	21
	269	20	40.250000	68.500000	9.772252e+04	1.041027e-04
	155	27	11.750000	66.750000	9.863153e+04	1.290654e-04
	0	46	-27.000000	62.000000	9.540220e+04	9.065079e-05
	236	69	32.000000	56.250000	9.841747e+04	1.153571e-04
	144	125	9.000000	42.250000	1.017067e+05	3.738666e-05
	275	159	41.750000	33.750000	1.005958e+05	-9.154165e-07
	284	162	44.000000	33.000000	1.005958e+05	9.490956e-05
2022	2	20	9	0
	273	20	41.250000	68.500000	9.788368e+04	9.136835e-05
	154	28	11.500000	66.500000	9.869569e+04	1.360541e-04
	27	40	-20.250000	63.500000	9.508901e+04	-2.001154e-05
	0	46	-27.000000	62.000000	9.501907e+04	9.422739e-05
	145	62	9.250000	58.000000	9.910329e+04	2.112947e-04
	249	67	35.250000	56.750000	9.847479e+04	9.813327e-05
	175	137	16.750000	39.250000	1.017190e+05	5.660879e-05
	85	162	-5.750000	33.000000	1.021245e+05	-2.437789e-05
	283	162	43.750000	33.000000	1.005335e+05	9.655258e-05
