2022	2	14	8	0
	5	6	-25.750000	72.000000	9.971723e+04	-3.783016e-05
	220	10	28.000000	71.000000	9.836362e+04	1.208654e-04
	194	12	21.500000	70.500000	9.836362e+04	1.161532e-04
	1	17	-26.750000	69.250000	9.971723e+04	1.254842e-05
	221	20	28.250000	68.500000	9.836362e+04	8.529805e-05
	111	64	0.750000	57.500000	9.845298e+04	9.849791e-05
	103	71	-1.250000	55.750000	9.845298e+04	1.378498e-04
	139	107	7.750000	46.750000	1.004128e+05	-1.277327e-04
2022	2	14	5	3
	58	4	-12.500000	72.500000	1.001195e+05	9.368295e-05
	213	9	26.250000	71.250000	9.807430e+04	1.970441e-04
	196	17	22.000000	69.250000	9.807430e+04	4.669258e-05
	122	65	3.500000	57.250000	9.842866e+04	8.540488e-05
	105	72	-0.750000	55.500000	9.842866e+04	1.603682e-04
2022	2	14	6	6
	63	3	-11.250000	72.750000	1.000885e+05	9.929189e-05
	64	3	-11.000000	72.750000	1.000885e+05	1.091034e-04
	65	3	-10.750000	72.750000	1.000885e+05	1.169099e-04
	219	8	27.750000	71.500000	9.792570e+04	2.384383e-04
	114	70	1.500000	56.000000	9.840145e+04	6.572207e-05
	122	121	3.500000	43.250000	1.008086e+05	1.865764e-04
2022	2	14	4	9
	70	2	-9.500000	73.000000	1.001560e+05	9.336164e-05
	218	9	27.500000	71.250000	9.792365e+04	3.193494e-04
	0	53	-27.000000	60.250000	9.809621e+04	1.212416e-04
	124	70	4.000000	56.000000	9.835608e+04	1.629676e-04
2022	2	14	3	12
	226	9	29.500000	71.250000	9.793204e+04	1.843933e-04
	0	48	-27.000000	61.500000	9.770983e+04	1.411789e-04
	128	66	5.000000	57.000000	9.823043e+04	2.037247e-04
2022	2	14	4	15
	231	5	30.750000	72.250000	9.795446e+04	7.816570e-05
	244	14	34.000000	70.000000	9.795446e+04	2.004791e-04
	1	45	-26.750000	62.250000	9.733201e+04	1.280702e-04
	132	62	6.000000	58.000000	9.807944e+04	2.721196e-04
2022	2	14	5	18
	232	8	31.000000	71.500000	9.790020e+04	8.153938e-05
	252	13	36.000000	70.250000	9.790020e+04	1.894664e-04
	1	42	-26.750000	63.000000	9.705930e+04	1.585995e-04
	150	56	10.500000	59.500000	9.811984e+04	2.191754e-04
	133	61	6.250000	58.250000	9.811984e+04	3.180389e-04
2022	2	14	6	21
	231	10	30.750000	71.000000	9.788393e+04	2.125504e-04
	257	12	37.250000	70.500000	9.788393e+04	1.899772e-04
	0	38	-27.000000	64.000000	9.691944e+04	1.814302e-04
	27	39	-20.250000	63.750000	9.691944e+04	-7.491515e-06
	136	59	7.000000	58.750000	9.823334e+04	2.680089e-04
	138	121	7.500000	43.250000	1.011268e+05	1.020652e-04
2022	2	15	9	0
	243	5	33.750000	72.250000	9.790379e+04	1.173914e-04
	6	7	-25.500000	71.750000	9.972459e+04	5.851149e-05
	261	11	38.250000	70.750000	9.790379e+04	1.840667e-04
	7	38	-25.250000	64.000000	9.728698e+04	2.504201e-04
	28	38	-20.000000	64.000000	9.728698e+04	-1.550517e-06
	142	59	8.500000	58.750000	9.829411e+04	2.600568e-04
	145	118	9.250000	44.000000	1.011556e+05	1.433570e-04
	280	121	43.000000	43.250000	1.020151e+05	3.732138e-05
	263	124	38.750000	42.500000	1.019999e+05	6.186857e-05
2022	2	15	8	3
	238	9	32.500000	71.250000	9.797603e+04	1.615805e-04
	266	12	39.500000	70.500000	9.797603e+04	2.383214e-04
	1	35	-26.750000	64.750000	9.711682e+04	1.537521e-04
	22	35	-21.500000	64.750000	9.711682e+04	6.950873e-05
	128	52	5.000000	60.500000	9.833314e+04	7.830805e-05
	148	57	10.000000	59.250000	9.833314e+04	2.748307e-04
	172	103	16.000000	47.750000	1.009911e+05	8.947431e-05
	147	119	9.750000	43.750000	1.010246e+05	8.966341e-05
2022	2	15	8	6
	271	11	40.750000	70.750000	9.803612e+04	2.159121e-04
	242	13	33.500000	70.250000	9.803612e+04	2.083737e-04
	23	35	-21.250000	64.750000	9.713822e+04	1.039486e-04
	38	42	-17.500000	63.000000	9.732139e+04	2.725272e-04
	126	48	4.500000	61.500000	9.871627e+04	1.351728e-04
	153	55	11.250000	59.750000	9.842970e+04	2.343747e-04
	0	87	-27.000000	51.750000	9.911874e+04	1.324688e-04
	156	114	12.000000	45.000000	1.010965e+05	1.046203e-04
2022	2	15	7	9
	274	10	41.500000	71.000000	9.819499e+04	2.107810e-04
	0	37	-27.000000	64.250000	9.741076e+04	-3.902283e-05
	28	38	-20.000000	64.000000	9.714661e+04	2.546292e-04
	126	47	4.500000	61.750000	9.872757e+04	1.690440e-04
	158	53	12.500000	60.250000	9.857024e+04	1.877643e-04
	3	83	-26.250000	52.750000	9.859455e+04	1.859407e-04
	158	113	12.500000	45.250000	1.011809e+05	1.089758e-04
2022	2	15	7	12
	274	10	41.500000	71.000000	9.833041e+04	2.114469e-04
	17	33	-22.750000	65.250000	9.733338e+04	2.427907e-04
	56	45	-13.000000	62.250000	9.801335e+04	2.606722e-04
	164	50	14.000000	61.000000	9.861698e+04	2.038708e-04
	16	80	-23.000000	53.500000	9.851033e+04	2.200209e-04
	0	84	-27.000000	52.500000	9.884055e+04	1.015167e-04
	160	111	13.000000	45.750000	1.011773e+05	9.223818e-05
2022	2	15	6	15
	276	10	42.000000	71.000000	9.843654e+04	2.136201e-04
	0	29	-27.000000	66.250000	9.743421e+04	1.312747e-04
	0	38	-27.000000	64.000000	9.743421e+04	-2.547509e-05
	51	41	-14.250000	63.250000	9.808063e+04	2.430208e-04
	172	47	16.000000	61.750000	9.856888e+04	1.216464e-04
	29	78	-19.750000	54.000000	9.831055e+04	2.470622e-04
2022	2	15	6	18
	279	11	42.750000	70.750000	9.855774e+04	2.317940e-04
	43	37	-16.250000	64.250000	9.811624e+04	2.191574e-04
	178	45	17.500000	62.250000	9.856305e+04	1.692565e-04
	118	57	2.500000	59.250000	9.828144e+04	1.597443e-04
	39	77	-17.250000	54.250000	9.831397e+04	2.418631e-04
	163	161	13.750000	33.250000	1.017229e+05	6.040649e-06
2022	2	15	5	21
	286	11	44.500000	70.750000	9.865927e+04	1.731780e-04
	125	41	4.250000	63.250000	9.835762e+04	2.426187e-04
	183	43	18.750000	62.750000	9.855912e+04	2.016518e-04
	124	57	4.000000	59.250000	9.814569e+04	2.006261e-04
	48	76	-15.000000	54.500000	9.851598e+04	2.042805e-04
2022	2	16	5	0
	124	41	4.000000	63.250000	9.827288e+04	2.152501e-04
	185	42	19.250000	63.000000	9.857658e+04	1.907398e-04
	126	57	4.500000	59.250000	9.807755e+04	2.229676e-04
	0	74	-27.000000	55.000000	9.796166e+04	1.013487e-04
	62	76	-11.500000	54.500000	9.867741e+04	1.870052e-04
2022	2	16	5	3
	188	40	20.000000	63.500000	9.859558e+04	1.673849e-04
	129	57	5.250000	59.250000	9.811624e+04	2.059873e-04
	6	70	-25.500000	56.000000	9.759462e+04	2.958892e-04
	70	76	-9.500000	54.500000	9.887188e+04	1.766940e-04
	280	121	43.000000	43.250000	1.021624e+05	1.256692e-05
2022	2	16	8	6
	288	8	45.000000	71.500000	9.884980e+04	9.933003e-05
	190	39	20.500000	63.750000	9.869025e+04	1.646760e-04
	61	40	-11.750000	63.500000	9.869487e+04	1.311848e-04
	119	41	2.750000	63.250000	9.815236e+04	2.005182e-04
	136	45	7.000000	62.250000	9.814980e+04	-2.109912e-05
	151	56	10.750000	59.500000	9.810716e+04	1.723854e-04
	17	65	-22.750000	57.250000	9.706786e+04	3.596666e-04
	280	121	43.000000	43.250000	1.022257e+05	-1.921627e-06
2022	2	16	4	9
	119	42	2.750000	63.000000	9.816828e+04	1.670761e-04
	152	56	11.000000	59.500000	9.805958e+04	1.596825e-04
	25	63	-20.750000	57.750000	9.675595e+04	5.299270e-04
	137	116	7.250000	44.500000	1.009669e+05	1.062705e-04
2022	2	16	7	12
	117	43	2.250000	62.750000	9.818780e+04	1.411792e-04
	177	52	17.250000	60.500000	9.797038e+04	1.820988e-04
	157	58	12.250000	59.000000	9.797038e+04	1.385829e-04
	35	62	-18.250000	58.000000	9.661780e+04	4.082462e-04
	142	85	8.500000	52.250000	9.917900e+04	1.297978e-04
	138	117	7.500000	44.250000	1.010582e+05	1.472323e-04
	278	120	42.500000	43.500000	1.017587e+05	-2.819828e-06
2022	2	16	4	15
	119	43	2.750000	62.750000	9.811761e+04	1.333178e-04
	180	50	18.000000	61.000000	9.780262e+04	1.936043e-04
	47	61	-15.250000	58.250000	9.659366e+04	3.435784e-04
	137	119	7.250000	43.750000	1.010402e+05	1.325504e-04
2022	2	16	4	18
	117	44	2.250000	62.500000	9.799435e+04	1.373102e-04
	182	49	18.500000	61.250000	9.767748e+04	1.964100e-04
	58	59	-12.500000	58.750000	9.669260e+04	3.926733e-04
	136	115	7.000000	44.750000	1.009236e+05	3.370323e-05
2022	2	16	7	21
	286	5	44.500000	72.250000	9.892564e+04	1.828945e-04
	117	44	2.250000	62.500000	9.792348e+04	1.260759e-04
	184	49	19.000000	61.250000	9.761208e+04	2.267441e-04
	47	57	-15.250000	59.250000	9.684462e+04	3.346138e-04
	66	58	-10.500000	59.000000	9.684462e+04	3.133115e-04
	281	121	43.250000	43.250000	1.019090e+05	-8.643276e-06
	285	150	44.250000	36.000000	1.016522e+05	2.950922e-05
2022	2	17	8	0
	286	6	44.500000	72.000000	9.896844e+04	1.480369e-04
	202	43	23.500000	62.750000	9.754377e+04	1.588847e-04
	186	50	19.500000	61.000000	9.754377e+04	1.787568e-04
	74	58	-8.500000	59.000000	9.694545e+04	3.332247e-04
	132	74	6.000000	55.000000	9.794505e+04	2.142810e-04
	0	115	-27.000000	44.750000	1.012619e+05	1.063738e-04
	281	121	43.250000	43.250000	1.018551e+05	-1.241095e-05
	188	140	20.000000	38.500000	1.011508e+05	1.336056e-04
2022	2	17	8	3
	287	5	44.750000	72.250000	9.897888e+04	1.140297e-04
	205	40	24.250000	63.500000	9.743523e+04	1.558061e-04
	188	50	20.000000	61.000000	9.741623e+04	1.303347e-04
	81	58	-6.750000	59.000000	9.703636e+04	3.341431e-04
	145	75	9.250000	54.750000	9.793991e+04	1.972534e-04
	0	113	-27.000000	45.250000	1.006715e+05	1.359567e-04
	139	117	7.750000	44.250000	1.005208e+05	1.325425e-04
	280	121	43.000000	43.250000	1.017534e+05	-2.014903e-06
2022	2	17	8	6
	288	5	45.000000	72.250000	9.902356e+04	1.106438e-04
	203	38	23.750000	64.000000	9.739107e+04	1.681758e-04
	201	46	23.250000	62.000000	9.739107e+04	1.214577e-04
	87	59	-5.250000	58.750000	9.728767e+04	3.538295e-04
	159	77	12.750000	54.250000	9.788598e+04	2.303766e-04
	19	78	-22.250000	54.000000	9.983792e+04	1.444930e-04
	11	109	-24.250000	46.250000	1.002931e+05	1.825905e-04
	280	121	43.000000	43.250000	1.016069e+05	3.838927e-06
2022	2	17	8	9
	284	4	44.000000	72.500000	9.911755e+04	1.263673e-04
	136	40	7.000000	63.500000	9.778687e+04	6.717644e-05
	204	43	24.000000	62.750000	9.733800e+04	1.602299e-04
	194	52	21.500000	60.500000	9.733800e+04	1.152617e-04
	22	75	-21.500000	54.750000	9.965731e+04	1.669072e-04
	173	79	16.250000	53.750000	9.786664e+04	2.097705e-04
	19	105	-22.250000	47.250000	1.000209e+05	1.980977e-04
	279	120	42.750000	43.500000	1.013990e+05	-3.933767e-05
2022	2	17	6	12
	138	40	7.500000	63.500000	9.792588e+04	7.878985e-05
	206	41	24.500000	63.250000	9.729127e+04	1.771959e-04
	1	57	-26.750000	59.250000	9.943340e+04	1.107723e-04
	26	72	-20.500000	55.500000	9.939641e+04	1.821894e-04
	184	81	19.000000	53.250000	9.784199e+04	1.860856e-04
	31	98	-19.250000	49.000000	9.962513e+04	1.696247e-04
2022	2	17	6	15
	206	39	24.500000	63.750000	9.734622e+04	1.469272e-04
	30	43	-19.500000	62.750000	9.923550e+04	1.665744e-04
	5	59	-25.750000	58.750000	9.922591e+04	1.518314e-04
	29	68	-19.750000	56.500000	9.893026e+04	1.708235e-04
	217	85	27.250000	52.250000	9.765470e+04	2.062276e-04
	40	92	-17.000000	50.500000	9.897511e+04	1.931193e-04
2022	2	17	6	18
	243	32	33.750000	65.500000	9.752391e+04	1.972189e-04
	210	40	25.500000	63.500000	9.747255e+04	1.013870e-04
	26	43	-20.500000	62.750000	9.900524e+04	1.462828e-04
	30	66	-19.500000	57.000000	9.848139e+04	2.085183e-04
	225	82	29.250000	53.000000	9.762372e+04	2.287984e-04
	49	85	-14.750000	52.250000	9.826038e+04	2.326771e-04
2022	2	17	6	21
	244	27	34.000000	66.750000	9.748198e+04	1.842452e-04
	224	33	29.000000	65.250000	9.748198e+04	-3.967270e-05
	21	43	-21.750000	62.750000	9.877876e+04	1.758906e-04
	30	64	-19.500000	57.500000	9.805923e+04	2.880754e-04
	231	79	30.750000	53.750000	9.778961e+04	2.428583e-04
	56	80	-13.000000	53.500000	9.756038e+04	3.117256e-04
2022	2	18	5	0
	245	24	34.250000	67.500000	9.748009e+04	1.432482e-04
	17	43	-22.750000	62.750000	9.854045e+04	1.826256e-04
	30	63	-19.500000	57.750000	9.766241e+04	3.414605e-04
	62	75	-11.500000	54.750000	9.682442e+04	4.340613e-04
	238	75	32.500000	54.750000	9.806694e+04	2.212167e-04
2022	2	18	4	3
	232	18	31.000000	69.000000	9.735769e+04	1.881615e-04
	15	43	-23.250000	62.750000	9.828127e+04	2.110767e-04
	31	65	-19.250000	57.250000	9.738594e+04	3.704759e-04
	70	74	-9.500000	55.000000	9.608966e+04	4.672641e-04
2022	2	18	4	6
	228	18	30.000000	69.000000	9.721457e+04	2.502761e-04
	14	43	-23.500000	62.750000	9.810374e+04	2.615521e-04
	36	67	-18.000000	56.750000	9.746502e+04	3.482957e-04
	76	71	-8.000000	55.750000	9.563463e+04	4.890860e-04
2022	2	18	5	9
	228	16	30.000000	69.500000	9.717057e+04	3.019469e-04
	14	42	-23.500000	63.000000	9.803355e+04	3.269520e-04
	98	65	-2.500000	57.250000	9.547029e+04	4.032670e-04
	83	69	-6.250000	56.250000	9.547029e+04	4.608238e-04
	261	162	38.250000	33.000000	1.005646e+05	-1.457521e-05
2022	2	18	4	12
	226	18	29.500000	69.000000	9.711819e+04	3.013612e-04
	9	39	-24.750000	63.750000	9.805238e+04	3.471942e-04
	99	63	-2.250000	57.750000	9.552507e+04	4.238913e-04
	87	68	-5.250000	56.500000	9.552507e+04	4.505363e-04
2022	2	18	5	15
	229	19	30.250000	68.750000	9.710603e+04	1.927728e-04
	3	39	-26.250000	63.750000	9.802876e+04	2.872577e-04
	100	65	-2.000000	57.250000	9.529910e+04	5.011891e-04
	115	127	1.750000	41.750000	1.010075e+05	1.741646e-05
	261	162	38.250000	33.000000	1.001098e+05	1.107505e-04
2022	2	18	9	18
	6	7	-25.500000	71.750000	1.004695e+05	-7.453941e-05
	236	19	32.000000	68.750000	9.711734e+04	1.609284e-04
	0	38	-27.000000	64.000000	9.815459e+04	2.254790e-04
	106	67	-0.500000	56.750000	9.549666e+04	4.071926e-04
	4	73	-26.000000	55.250000	9.925929e+04	1.617615e-04
	108	126	0.000000	42.000000	1.009962e+05	5.875800e-05
	108	137	0.000000	39.250000	1.009962e+05	1.998471e-05
	225	151	29.250000	35.750000	1.005871e+05	1.632823e-04
	263	162	38.750000	33.000000	1.003207e+05	1.978925e-04
2022	2	18	7	21
	6	7	-25.500000	71.750000	1.005056e+05	-6.247264e-05
	244	17	34.000000	69.250000	9.713976e+04	1.432506e-04
	245	17	34.250000	69.250000	9.713976e+04	1.443496e-04
	0	38	-27.000000	64.000000	9.853652e+04	6.618386e-05
	116	67	2.000000	56.750000	9.574300e+04	2.684148e-04
	227	156	29.750000	34.500000	1.005362e+05	1.547997e-04
	264	159	39.000000	33.750000	1.004013e+05	1.837193e-04
2022	2	19	8	0
	6	7	-25.500000	71.750000	1.005706e+05	-5.425957e-05
	222	12	28.500000	70.500000	9.713086e+04	1.445440e-04
	249	15	35.250000	69.750000	9.713086e+04	1.557271e-04
	128	68	5.000000	56.500000	9.607751e+04	3.179125e-04
	136	116	7.000000	44.500000	1.010750e+05	1.397260e-04
	263	157	38.750000	34.250000	1.004534e+05	1.743605e-04
	226	160	29.500000	33.500000	1.005011e+05	1.062568e-04
	280	162	43.000000	33.000000	1.005169e+05	6.279446e-05
2022	2	19	9	3
	236	6	32.000000	72.000000	9.709765e+04	9.892215e-05
	6	7	-25.500000	71.750000	1.004766e+05	-3.879515e-05
	257	13	37.250000	70.250000	9.709765e+04	1.540927e-04
	139	67	7.750000	56.750000	9.637727e+04	3.044944e-04
	69	87	-9.750000	51.750000	9.923156e+04	1.851683e-04
	137	117	7.250000	44.250000	1.009991e+05	1.518441e-04
	262	156	38.500000	34.500000	1.006781e+05	1.523612e-04
	231	162	30.750000	33.000000	1.005331e+05	6.879066e-05
	283	162	43.750000	33.000000	1.005901e+05	5.955025e-05
2022	2	19	8	6
	6	7	-25.500000	71.750000	1.004773e+05	-2.425524e-05
	261	10	38.250000	71.000000	9.707180e+04	1.464284e-04
	193	49	21.250000	61.250000	9.712521e+04	1.132809e-04
	154	66	11.500000	57.000000	9.679446e+04	3.243412e-04
	84	87	-6.000000	51.750000	9.911669e+04	1.438953e-04
	137	117	7.250000	44.250000	1.010323e+05	1.255250e-04
	236	162	32.000000	33.000000	1.007891e+05	4.646064e-05
	285	162	44.250000	33.000000	1.006658e+05	6.241695e-05
2022	2	19	10	9
	6	7	-25.500000	71.750000	1.005181e+05	-1.955681e-05
	266	8	39.500000	71.500000	9.707282e+04	1.533503e-04
	205	47	24.250000	61.750000	9.728887e+04	1.078732e-04
	165	65	14.250000	57.250000	9.720652e+04	3.272115e-04
	88	87	-5.000000	51.750000	9.921547e+04	2.061846e-04
	137	117	7.250000	44.250000	1.010863e+05	1.081010e-04
	277	119	42.250000	43.750000	1.015356e+05	-2.741597e-05
	146	126	9.500000	42.000000	1.010863e+05	4.514929e-05
	272	159	41.000000	33.750000	1.005289e+05	7.399880e-05
	284	162	44.000000	33.000000	1.005289e+05	8.564952e-05
2022	2	19	8	12
	271	6	40.750000	72.000000	9.705998e+04	1.678533e-04
	214	45	26.500000	62.250000	9.738508e+04	8.984827e-05
	181	62	18.250000	58.000000	9.741983e+04	3.092586e-04
	0	66	-27.000000	57.000000	9.871336e+04	9.658603e-05
	103	87	-1.250000	51.750000	9.951385e+04	1.509708e-04
	135	119	6.750000	43.750000	1.009695e+05	9.619346e-05
	287	160	44.750000	33.500000	1.004316e+05	9.673958e-05
	273	161	41.250000	33.250000	1.004316e+05	1.895042e-05
2022	2	19	9	15
	275	4	41.750000	72.500000	9.704441e+04	1.670656e-04
	219	43	27.750000	62.750000	9.756021e+04	1.473381e-04
	195	59	21.750000	58.750000	9.756569e+04	2.419675e-04
	0	60	-27.000000	58.500000	9.784216e+04	1.013800e-04
	108	87	0.000000	51.750000	9.950307e+04	1.632945e-04
	135	119	6.750000	43.750000	1.008392e+05	1.331885e-04
	116	125	2.000000	42.250000	1.012852e+05	2.624877e-05
	285	155	44.250000	34.750000	1.008483e+05	1.279482e-04
	271	160	40.750000	33.500000	1.008861e+05	3.355489e-05
2022	2	19	7	18
	279	2	42.750000	73.000000	9.698380e+04	1.293308e-04
	280	2	43.000000	73.000000	9.698380e+04	1.316197e-04
	222	42	28.500000	63.000000	9.767012e+04	1.259231e-04
	0	56	-27.000000	59.500000	9.705313e+04	1.673962e-04
	117	85	2.250000	52.250000	9.965680e+04	1.623658e-04
	136	120	7.000000	43.500000	1.009007e+05	1.271150e-04
	285	152	44.250000	35.500000	1.011638e+05	1.001446e-04
2022	2	19	6	21
	286	1	44.500000	73.250000	9.696412e+04	8.049092e-05
	265	9	39.250000	71.250000	9.696412e+04	7.961493e-05
	288	41	45.000000	63.250000	9.818848e+04	7.875124e-05
	0	51	-27.000000	60.750000	9.652330e+04	1.514829e-04
	118	86	2.500000	52.000000	9.983073e+04	1.529178e-04
	280	151	43.000000	35.750000	1.012811e+05	1.414474e-04
2022	2	20	4	0
	277	9	42.250000	71.250000	9.695966e+04	7.832600e-05
	0	47	-27.000000	61.750000	9.629869e+04	1.774987e-04
	122	87	3.500000	51.750000	1.000740e+05	1.317607e-04
	157	105	12.250000	47.250000	1.007365e+05	8.334491e-06
