2022	2	16	6	0
	288	11	45.000000	70.750000	9.873001e+04	8.211953e-05
	53	38	-13.750000	64.000000	9.735678e+04	3.576130e-04
	118	53	2.500000	60.250000	9.798873e+04	1.810402e-04
	65	67	-10.750000	56.750000	9.736448e+04	2.973709e-04
	280	121	43.000000	43.250000	1.020626e+05	2.572032e-05
	172	122	16.000000	43.000000	1.014475e+05	3.690187e-05
2022	2	16	6	3
	44	37	-16.000000	64.250000	9.748434e+04	2.933923e-04
	122	52	3.500000	60.500000	9.792158e+04	1.913138e-04
	75	67	-8.250000	56.750000	9.727153e+04	2.722409e-04
	18	72	-22.500000	55.500000	9.771239e+04	1.399694e-04
	280	121	43.000000	43.250000	1.021896e+05	2.711017e-05
	173	122	16.250000	43.000000	1.014156e+05	5.227748e-05
2022	2	16	9	6
	36	33	-18.000000	65.250000	9.756282e+04	3.054979e-04
	120	34	3.000000	65.000000	9.785458e+04	1.899100e-04
	123	49	3.750000	61.250000	9.785584e+04	1.459552e-04
	124	50	4.000000	61.000000	9.785584e+04	1.591283e-04
	38	61	-17.500000	58.250000	9.741529e+04	1.156433e-04
	84	66	-6.000000	57.000000	9.754095e+04	2.821748e-04
	100	68	-2.000000	56.500000	9.754095e+04	2.179359e-04
	32	69	-19.000000	56.250000	9.741529e+04	1.292790e-04
	280	121	43.000000	43.250000	1.023376e+05	2.641532e-05
2022	2	16	6	9
	288	10	45.000000	71.000000	9.893746e+04	1.009821e-04
	25	29	-20.750000	66.250000	9.753577e+04	2.435399e-04
	114	35	1.500000	64.750000	9.771223e+04	2.034897e-04
	43	60	-16.250000	58.500000	9.713627e+04	1.052500e-04
	109	66	0.250000	57.000000	9.757745e+04	2.005682e-04
	181	137	18.250000	39.250000	1.014887e+05	1.340091e-04
2022	2	16	7	12
	13	28	-23.750000	66.500000	9.769824e+04	2.166449e-04
	110	36	0.500000	64.500000	9.746420e+04	1.560103e-04
	47	59	-15.250000	58.750000	9.661111e+04	1.272439e-04
	68	65	-10.000000	57.250000	9.653577e+04	2.537489e-04
	137	116	7.250000	44.500000	1.010724e+05	7.719674e-05
	202	125	23.500000	42.250000	1.013818e+05	-5.206636e-05
	183	138	18.750000	39.000000	1.012237e+05	1.563165e-04
2022	2	16	6	15
	1	26	-26.750000	67.000000	9.785238e+04	1.667919e-04
	0	34	-27.000000	65.000000	9.785410e+04	3.999624e-06
	98	62	-2.500000	58.000000	9.613188e+04	9.382611e-05
	76	63	-8.000000	57.750000	9.613188e+04	2.877460e-04
	137	116	7.250000	44.500000	1.011669e+05	5.339150e-05
	185	137	19.250000	39.250000	1.010581e+05	1.693183e-04
2022	2	16	4	18
	117	62	2.250000	58.000000	9.651013e+04	1.687538e-04
	83	63	-6.250000	57.750000	9.622309e+04	3.699775e-04
	279	120	42.750000	43.500000	1.021729e+05	-9.379658e-06
	185	135	19.250000	39.750000	1.010633e+05	1.501620e-04
2022	2	16	4	21
	288	8	45.000000	71.500000	9.883727e+04	1.147751e-04
	133	65	6.250000	57.250000	9.619352e+04	2.349092e-04
	137	117	7.250000	44.250000	1.011943e+05	4.370113e-05
	185	135	19.250000	39.750000	1.010855e+05	1.154410e-04
2022	2	17	5	0
	286	9	44.500000	71.250000	9.887155e+04	1.637397e-04
	145	64	9.250000	57.500000	9.596972e+04	3.116383e-04
	150	109	10.500000	46.250000	1.003314e+05	1.763079e-05
	137	117	7.250000	44.250000	1.011111e+05	7.436330e-05
	185	135	19.250000	39.750000	1.011152e+05	1.228510e-04
2022	2	17	4	3
	283	9	43.750000	71.250000	9.889609e+04	2.054627e-04
	155	65	11.750000	57.250000	9.586355e+04	2.431792e-04
	138	117	7.500000	44.250000	1.008547e+05	7.058885e-05
	182	136	18.500000	39.500000	1.010812e+05	1.249000e-04
2022	2	17	3	6
	284	10	44.000000	71.000000	9.893793e+04	1.832051e-04
	182	60	18.500000	58.500000	9.584814e+04	1.474824e-04
	279	121	42.750000	43.250000	1.017349e+05	-8.644924e-06
2022	2	17	3	9
	195	57	21.750000	59.250000	9.586559e+04	1.171809e-04
	32	104	-19.000000	47.500000	1.006694e+05	1.668329e-04
	278	120	42.500000	43.500000	1.016572e+05	-2.315261e-05
2022	2	17	2	12
	200	55	23.000000	59.750000	9.583005e+04	1.218137e-04
	37	101	-17.750000	48.250000	1.002399e+05	1.604387e-04
2022	2	17	3	15
	288	29	45.000000	66.250000	9.889263e+04	9.650956e-05
	205	54	24.250000	60.000000	9.582675e+04	1.318256e-04
	44	96	-16.000000	49.500000	9.963815e+04	2.005050e-04
2022	2	17	2	18
	209	53	25.250000	60.250000	9.575802e+04	2.417986e-04
	51	91	-14.250000	50.750000	9.897002e+04	2.695870e-04
2022	2	17	3	21
	213	52	26.250000	60.500000	9.574575e+04	3.164477e-04
	57	87	-12.750000	51.750000	9.835190e+04	3.848221e-04
	153	111	11.250000	45.750000	1.011575e+05	1.049787e-04
2022	2	18	2	0
	217	50	27.250000	61.000000	9.579608e+04	3.128453e-04
	65	85	-10.750000	52.250000	9.799488e+04	5.291072e-04
2022	2	18	3	3
	222	48	28.500000	61.500000	9.587141e+04	2.604121e-04
	58	50	-12.500000	61.000000	9.844108e+04	1.564287e-04
	79	79	-7.250000	53.750000	9.770516e+04	3.963244e-04
2022	2	18	4	6
	136	28	7.000000	66.500000	9.768094e+04	8.060006e-05
	228	46	30.000000	62.000000	9.593071e+04	2.429046e-04
	57	50	-12.750000	61.000000	9.815073e+04	1.652866e-04
	88	74	-5.000000	55.000000	9.702838e+04	4.410206e-04
2022	2	18	5	9
	139	28	7.750000	66.500000	9.763957e+04	6.963701e-05
	218	37	27.500000	64.250000	9.608343e+04	7.928819e-05
	232	43	31.000000	62.750000	9.608343e+04	2.300715e-04
	54	52	-13.500000	60.500000	9.809962e+04	1.918451e-04
	103	72	-1.250000	55.500000	9.679434e+04	2.673621e-04
2022	2	18	7	12
	136	27	7.000000	66.750000	9.759758e+04	7.385491e-05
	218	33	27.500000	65.250000	9.624763e+04	7.314926e-05
	236	39	32.000000	63.750000	9.624763e+04	2.071563e-04
	55	54	-13.250000	60.000000	9.822906e+04	1.564886e-04
	113	70	1.250000	56.000000	9.618362e+04	2.927721e-04
	270	154	40.500000	35.000000	1.008651e+05	1.051389e-04
	265	162	39.250000	33.000000	1.008651e+05	-2.942655e-05
2022	2	18	6	15
	141	30	8.250000	66.000000	9.750242e+04	4.904246e-05
	236	35	32.000000	64.750000	9.636308e+04	1.288633e-04
	129	69	5.250000	56.250000	9.602177e+04	3.203522e-04
	276	118	42.000000	44.000000	1.004502e+05	-1.494477e-05
	271	152	40.750000	35.500000	1.009271e+05	1.017810e-04
	266	162	39.500000	33.000000	1.009271e+05	-3.115986e-05
2022	2	18	4	18
	137	31	7.250000	65.750000	9.740680e+04	5.475325e-05
	240	31	33.000000	65.750000	9.640208e+04	1.376821e-04
	139	69	7.750000	56.250000	9.607824e+04	3.540857e-04
	278	118	42.500000	44.000000	1.006622e+05	3.979434e-06
2022	2	18	6	21
	243	29	33.750000	66.250000	9.637959e+04	1.899737e-04
	151	33	10.750000	65.250000	9.734545e+04	5.800914e-05
	0	55	-27.000000	59.750000	9.876382e+04	7.735876e-05
	157	66	12.250000	57.000000	9.615342e+04	2.983142e-04
	136	114	7.000000	45.000000	1.010644e+05	7.554830e-05
	282	121	43.500000	43.250000	1.008107e+05	3.024929e-05
2022	2	19	8	0
	246	28	34.500000	66.500000	9.647538e+04	1.338390e-04
	0	51	-27.000000	60.750000	9.861677e+04	1.192014e-04
	27	51	-20.250000	60.750000	9.867087e+04	4.304070e-05
	172	67	16.000000	56.750000	9.634719e+04	2.444056e-04
	151	107	10.750000	46.750000	1.011880e+05	-3.053374e-05
	138	117	7.500000	44.250000	1.012550e+05	1.400834e-04
	287	140	44.750000	38.500000	1.013138e+05	-2.420958e-06
	246	150	34.500000	36.000000	1.009570e+05	1.283278e-04
2022	2	19	5	3
	247	16	34.750000	69.500000	9.645917e+04	4.661980e-05
	17	54	-22.750000	60.000000	9.866568e+04	1.132928e-04
	187	66	19.750000	57.000000	9.639988e+04	3.123923e-04
	138	117	7.500000	44.250000	1.012283e+05	1.261193e-04
	249	152	35.250000	35.500000	1.008642e+05	1.411621e-04
2022	2	19	7	6
	249	15	35.250000	69.750000	9.644282e+04	3.136656e-05
	23	53	-21.250000	60.250000	9.868282e+04	9.892505e-05
	196	65	22.000000	57.250000	9.665641e+04	2.243943e-04
	208	101	25.000000	48.250000	1.003785e+05	-2.313722e-05
	149	111	10.250000	45.750000	1.013294e+05	5.189863e-05
	138	117	7.500000	44.250000	1.013294e+05	1.108057e-04
	249	152	35.250000	35.500000	1.009379e+05	1.556743e-04
2022	2	19	4	9
	248	10	35.000000	71.000000	9.644628e+04	1.296086e-04
	208	66	25.000000	57.000000	9.701721e+04	2.663343e-04
	137	118	7.250000	44.000000	1.015260e+05	1.288653e-04
	249	152	35.250000	35.500000	1.010090e+05	1.591968e-04
2022	2	19	4	12
	253	8	36.250000	71.500000	9.649849e+04	9.337446e-05
	221	66	28.250000	57.000000	9.742299e+04	2.531281e-04
	135	119	6.750000	43.750000	1.015340e+05	1.311388e-04
	247	155	34.750000	34.750000	1.009076e+05	1.426212e-04
2022	2	19	6	15
	254	8	36.500000	71.500000	9.655212e+04	1.279257e-04
	288	9	45.000000	71.250000	9.681526e+04	9.111832e-05
	0	54	-27.000000	60.000000	9.682281e+04	1.153782e-04
	135	119	6.750000	43.750000	1.015043e+05	1.226684e-04
	246	158	34.500000	34.000000	1.012147e+05	1.371137e-04
	266	162	39.500000	33.000000	1.010884e+05	4.326672e-05
2022	2	19	4	18
	255	5	36.750000	72.250000	9.657069e+04	1.448243e-04
	0	49	-27.000000	61.250000	9.572891e+04	1.752580e-04
	263	153	38.750000	35.250000	1.014024e+05	3.776180e-05
	267	162	39.750000	33.000000	1.013612e+05	9.072000e-05
2022	2	19	4	21
	284	3	44.000000	72.750000	9.659491e+04	9.694207e-05
	256	5	37.000000	72.250000	9.659491e+04	1.653986e-04
	0	46	-27.000000	62.000000	9.502509e+04	1.708421e-04
	266	162	39.500000	33.000000	1.014807e+05	5.905357e-05
2022	2	20	6	0
	285	0	44.250000	73.500000	9.661772e+04	5.484337e-05
	256	5	37.000000	72.250000	9.661772e+04	1.957022e-04
	174	15	16.500000	69.750000	9.839452e+04	1.354256e-04
	0	44	-27.000000	62.500000	9.475252e+04	1.731867e-04
	165	126	14.250000	42.000000	1.018428e+05	-5.950487e-06
	152	136	11.000000	39.500000	1.018428e+05	5.976555e-05
