2022	2	14	4	0
	4	6	-26.000000	72.000000	9.977558e+04	-2.354031e-05
	221	10	28.250000	71.000000	9.831602e+04	1.397712e-04
	1	17	-26.750000	69.250000	9.977558e+04	1.117919e-05
	102	71	-1.500000	55.750000	9.846667e+04	1.350884e-04
2022	2	14	6	3
	55	4	-13.250000	72.500000	1.001392e+05	8.657308e-05
	215	9	26.750000	71.250000	9.804997e+04	2.314221e-04
	1	17	-26.750000	69.250000	9.975070e+04	-1.894206e-06
	233	20	31.250000	68.500000	9.807820e+04	5.231222e-05
	120	64	3.000000	57.500000	9.845114e+04	1.434506e-04
	103	72	-1.250000	55.500000	9.844412e+04	1.523828e-04
2022	2	14	3	6
	60	3	-12.000000	72.750000	1.000926e+05	1.023967e-04
	219	8	27.750000	71.500000	9.784688e+04	2.723340e-04
	114	70	1.500000	56.000000	9.849891e+04	4.246135e-05
2022	2	14	4	9
	64	2	-11.000000	73.000000	1.001350e+05	7.983387e-05
	225	8	29.250000	71.500000	9.782951e+04	2.419301e-04
	0	56	-27.000000	59.500000	9.785323e+04	1.109201e-04
	127	70	4.750000	56.000000	9.852329e+04	1.394726e-04
2022	2	14	3	12
	229	9	30.250000	71.250000	9.774316e+04	1.187896e-04
	2	51	-26.500000	60.750000	9.738408e+04	2.143791e-04
	132	66	6.000000	57.000000	9.848705e+04	1.821997e-04
2022	2	14	4	15
	6	7	-25.500000	71.750000	9.982585e+04	4.999045e-05
	247	13	34.750000	70.250000	9.769088e+04	2.379565e-04
	3	47	-26.250000	61.750000	9.702432e+04	2.137444e-04
	135	62	6.750000	58.000000	9.846584e+04	1.963791e-04
2022	2	14	5	18
	251	11	35.750000	70.750000	9.762324e+04	1.923088e-04
	288	12	45.000000	70.500000	9.885849e+04	6.775830e-05
	0	42	-27.000000	63.000000	9.672403e+04	1.664063e-04
	134	62	6.500000	58.000000	9.864388e+04	1.861027e-04
	137	121	7.250000	43.250000	1.010776e+05	1.512743e-04
2022	2	14	7	21
	255	10	36.750000	71.000000	9.757564e+04	2.253806e-04
	2	39	-26.500000	63.750000	9.662649e+04	2.454042e-04
	27	39	-20.250000	63.750000	9.662649e+04	7.941843e-05
	128	54	5.000000	60.000000	9.874175e+04	5.317620e-06
	150	56	10.500000	59.500000	9.874175e+04	2.395184e-04
	135	62	6.750000	58.000000	9.874175e+04	2.140658e-04
	143	120	8.750000	43.500000	1.011378e+05	1.365190e-04
2022	2	15	7	0
	6	7	-25.500000	71.750000	9.963779e+04	5.057014e-05
	261	11	38.250000	70.750000	9.763594e+04	2.496594e-04
	0	35	-27.000000	64.750000	9.685447e+04	1.279136e-04
	27	38	-20.250000	64.000000	9.691844e+04	3.342877e-05
	151	54	10.750000	60.000000	9.877014e+04	2.257274e-04
	137	61	7.250000	58.250000	9.877014e+04	2.552861e-04
	146	118	9.500000	44.000000	1.010813e+05	1.233110e-04
2022	2	15	5	3
	272	8	41.000000	71.500000	9.768237e+04	2.427434e-04
	125	53	4.250000	60.250000	9.868396e+04	6.695044e-05
	140	60	8.000000	58.500000	9.868396e+04	2.722584e-04
	151	117	10.750000	44.250000	1.009732e+05	9.705508e-05
	138	120	7.500000	43.500000	1.009732e+05	1.026931e-04
2022	2	15	5	6
	267	8	39.750000	71.500000	9.768871e+04	2.793928e-04
	125	52	4.250000	60.500000	9.865256e+04	4.937130e-05
	144	59	9.000000	58.750000	9.865256e+04	2.772000e-04
	0	87	-27.000000	51.750000	9.919035e+04	9.347363e-05
	158	113	12.500000	45.250000	1.010085e+05	9.217951e-05
2022	2	15	8	9
	271	10	40.750000	71.000000	9.786742e+04	2.370002e-04
	24	35	-21.000000	64.750000	9.729105e+04	1.867555e-04
	0	40	-27.000000	63.500000	9.729105e+04	1.963334e-06
	56	44	-13.000000	62.500000	9.765765e+04	2.470025e-04
	122	49	3.500000	61.250000	9.865808e+04	8.467219e-05
	149	57	10.250000	59.250000	9.866927e+04	2.423778e-04
	10	85	-24.500000	52.250000	9.897407e+04	1.757442e-04
	161	111	13.250000	45.750000	1.010985e+05	9.511296e-05
2022	2	15	6	12
	278	9	42.500000	71.250000	9.799535e+04	2.798919e-04
	0	37	-27.000000	64.250000	9.732779e+04	-1.951234e-05
	49	41	-14.750000	63.250000	9.758032e+04	2.844676e-04
	153	54	11.250000	60.000000	9.874041e+04	2.281982e-04
	19	83	-22.250000	52.750000	9.893833e+04	1.910437e-04
	158	111	12.500000	45.750000	1.011540e+05	8.731189e-05
2022	2	15	3	15
	280	8	43.000000	71.500000	9.813782e+04	2.986444e-04
	0	35	-27.000000	64.750000	9.742766e+04	-2.431163e-05
	44	39	-16.000000	63.750000	9.765364e+04	2.577002e-04
2022	2	15	3	18
	280	9	43.000000	71.250000	9.831219e+04	3.247154e-04
	37	34	-17.750000	65.000000	9.771494e+04	2.283175e-04
	116	55	2.000000	59.750000	9.826291e+04	1.199893e-04
2022	2	15	3	21
	285	9	44.250000	71.250000	9.848070e+04	2.590602e-04
	120	46	3.000000	62.000000	9.816320e+04	5.755507e-05
	120	54	3.000000	60.000000	9.816320e+04	1.530312e-04
2022	2	16	4	0
	288	9	45.000000	71.250000	9.862651e+04	1.155917e-04
	0	38	-27.000000	64.000000	9.734299e+04	2.817476e-06
	125	53	4.250000	60.250000	9.814584e+04	1.500839e-04
	1	70	-26.750000	56.000000	9.725247e+04	1.507188e-04
2022	2	16	4	3
	288	9	45.000000	71.250000	9.882759e+04	9.937242e-05
	125	36	4.250000	64.500000	9.810859e+04	2.030435e-04
	127	53	4.750000	60.250000	9.820045e+04	1.297406e-04
	14	65	-23.500000	57.250000	9.682223e+04	2.775076e-04
2022	2	16	3	6
	121	36	3.250000	64.500000	9.799602e+04	1.980524e-04
	144	42	9.000000	63.000000	9.799602e+04	2.534780e-05
	26	59	-20.500000	58.750000	9.637898e+04	2.962858e-04
2022	2	16	5	9
	117	37	2.250000	64.250000	9.792888e+04	1.925787e-04
	145	42	9.250000	63.000000	9.795410e+04	3.237611e-05
	157	54	12.250000	60.000000	9.812145e+04	1.347838e-04
	32	58	-19.000000	59.000000	9.620411e+04	3.679989e-04
	138	117	7.500000	44.250000	1.012269e+05	1.357659e-04
2022	2	16	5	12
	116	37	2.000000	64.250000	9.781782e+04	1.840474e-04
	175	52	16.750000	60.500000	9.797948e+04	1.197039e-04
	45	55	-15.750000	59.750000	9.624269e+04	2.458003e-04
	46	55	-15.500000	59.750000	9.624269e+04	2.453921e-04
	137	119	7.250000	43.750000	1.013552e+05	1.597626e-04
2022	2	16	6	15
	288	4	45.000000	72.500000	9.905741e+04	1.052870e-04
	114	37	1.500000	64.250000	9.764295e+04	1.744347e-04
	0	39	-27.000000	63.750000	9.780980e+04	2.060814e-07
	180	50	18.000000	61.000000	9.773898e+04	1.768003e-04
	53	53	-13.750000	60.250000	9.612277e+04	2.168119e-04
	136	119	7.000000	43.750000	1.012164e+05	1.641613e-04
2022	2	16	6	18
	287	3	44.750000	72.750000	9.890175e+04	1.375459e-04
	184	48	19.000000	61.500000	9.756862e+04	1.684807e-04
	53	56	-13.750000	59.500000	9.616837e+04	3.450366e-04
	76	57	-8.000000	59.250000	9.616837e+04	2.904144e-04
	137	117	7.250000	44.250000	1.011089e+05	7.455154e-05
	278	120	42.500000	43.500000	1.018372e+05	-9.072323e-06
2022	2	16	7	21
	284	2	44.000000	73.000000	9.887787e+04	1.636840e-04
	186	46	19.500000	62.000000	9.741097e+04	1.768611e-04
	66	55	-10.500000	59.750000	9.624536e+04	2.115992e-04
	86	56	-5.500000	59.500000	9.624536e+04	3.056331e-04
	150	109	10.500000	46.250000	1.006137e+05	1.585542e-05
	137	117	7.250000	44.250000	1.011510e+05	1.144179e-04
	281	121	43.250000	43.250000	1.016629e+05	2.581040e-06
2022	2	17	6	0
	280	1	43.000000	73.250000	9.886217e+04	1.351729e-04
	189	45	20.250000	62.250000	9.729923e+04	2.274745e-04
	94	56	-3.500000	59.500000	9.636060e+04	2.778365e-04
	138	117	7.500000	44.250000	1.010449e+05	9.336866e-05
	281	121	43.250000	43.250000	1.015468e+05	1.160297e-05
	203	144	23.750000	37.500000	1.009729e+05	8.016647e-05
2022	2	17	8	3
	276	0	42.000000	73.500000	9.884563e+04	8.314835e-05
	191	44	20.750000	62.500000	9.712420e+04	2.156910e-04
	100	57	-2.000000	59.250000	9.648002e+04	2.638822e-04
	131	58	5.750000	59.000000	9.660762e+04	1.551152e-04
	148	62	10.000000	58.000000	9.675342e+04	2.345204e-04
	138	117	7.500000	44.250000	1.008012e+05	8.786233e-05
	280	121	43.000000	43.250000	1.013733e+05	8.914231e-06
	206	144	24.500000	37.500000	1.007969e+05	8.328258e-05
2022	2	17	5	6
	193	41	21.250000	63.250000	9.706056e+04	1.971114e-04
	109	59	0.250000	58.750000	9.668277e+04	1.918050e-04
	153	61	11.250000	58.250000	9.681538e+04	1.977097e-04
	178	68	17.500000	56.500000	9.694984e+04	2.848755e-04
	207	145	24.750000	37.250000	1.008740e+05	5.820986e-05
2022	2	17	5	9
	194	40	21.500000	63.500000	9.707209e+04	1.613040e-04
	127	61	4.750000	58.250000	9.692211e+04	1.041330e-04
	157	61	12.250000	58.250000	9.690056e+04	1.674383e-04
	184	66	19.000000	57.000000	9.669714e+04	2.719807e-04
	279	120	42.750000	43.500000	1.011167e+05	1.529668e-05
2022	2	17	2	12
	200	38	23.000000	64.000000	9.708862e+04	1.786035e-04
	187	65	19.750000	57.250000	9.661714e+04	2.741973e-04
2022	2	17	3	15
	202	36	23.500000	64.500000	9.717681e+04	1.719507e-04
	203	36	23.750000	64.500000	9.717681e+04	1.696755e-04
	193	66	21.250000	57.000000	9.669614e+04	3.072553e-04
2022	2	17	3	18
	202	35	23.500000	64.750000	9.722775e+04	1.799978e-04
	28	46	-20.000000	62.000000	9.930727e+04	1.756033e-04
	200	66	23.000000	57.000000	9.675727e+04	2.440168e-04
2022	2	17	4	21
	6	7	-25.500000	71.750000	1.003690e+05	3.787570e-06
	202	35	23.500000	64.750000	9.736638e+04	1.910632e-04
	28	46	-20.000000	62.000000	9.922593e+04	2.278368e-04
	207	67	24.750000	56.750000	9.688186e+04	2.175810e-04
2022	2	18	5	0
	6	7	-25.500000	71.750000	1.003636e+05	4.229653e-06
	248	14	35.000000	70.000000	9.796963e+04	1.487275e-04
	203	36	23.750000	64.500000	9.751218e+04	1.803314e-04
	25	46	-20.750000	62.000000	9.912171e+04	1.994682e-04
	213	67	26.250000	56.750000	9.708295e+04	1.803499e-04
2022	2	18	6	3
	261	11	38.250000	70.750000	9.789498e+04	1.386535e-04
	143	30	8.750000	66.000000	9.825022e+04	5.635288e-05
	23	45	-21.250000	62.250000	9.898827e+04	2.588777e-04
	225	56	29.250000	59.500000	9.731677e+04	9.875907e-05
	219	67	27.750000	56.750000	9.731677e+04	1.739991e-04
	115	124	1.750000	42.500000	1.016453e+05	-6.641923e-06
2022	2	18	4	6
	267	8	39.750000	71.500000	9.788012e+04	1.598111e-04
	143	31	8.750000	65.750000	9.828362e+04	6.745735e-05
	20	45	-22.000000	62.250000	9.886250e+04	2.357207e-04
	230	52	30.500000	60.500000	9.746023e+04	1.305191e-04
2022	2	18	6	9
	271	6	40.750000	72.000000	9.793773e+04	1.865663e-04
	143	34	8.750000	65.000000	9.835661e+04	1.040715e-04
	18	44	-22.500000	62.500000	9.894066e+04	2.290976e-04
	232	49	31.000000	61.250000	9.754892e+04	1.214045e-04
	54	50	-13.500000	61.000000	9.938760e+04	1.574001e-04
	137	113	7.250000	45.250000	1.015613e+05	8.032255e-06
2022	2	18	7	12
	280	2	43.000000	73.000000	9.803143e+04	1.426928e-04
	147	35	9.750000	64.750000	9.846968e+04	1.118252e-04
	17	43	-22.750000	62.750000	9.907879e+04	2.303318e-04
	235	43	31.750000	62.750000	9.767017e+04	9.941986e-05
	53	49	-13.750000	61.250000	9.945708e+04	1.347189e-04
	54	49	-13.500000	61.250000	9.945708e+04	1.373766e-04
	53	80	-13.750000	53.500000	1.003042e+05	1.668776e-04
2022	2	18	6	15
	285	0	44.250000	73.500000	9.810642e+04	8.019996e-05
	150	33	10.500000	65.250000	9.850576e+04	1.004752e-04
	241	35	33.250000	64.750000	9.770091e+04	1.090516e-04
	16	41	-23.000000	63.250000	9.916480e+04	1.880259e-04
	50	48	-14.500000	61.500000	9.942201e+04	1.264018e-04
	58	80	-12.500000	53.500000	1.001788e+05	2.368842e-04
2022	2	18	6	18
	243	33	33.750000	65.250000	9.765398e+04	1.083601e-04
	149	35	10.250000	64.750000	9.854250e+04	9.412975e-05
	16	39	-23.000000	63.750000	9.917448e+04	1.888222e-04
	46	49	-15.500000	61.250000	9.943888e+04	1.461922e-04
	64	81	-11.000000	53.250000	1.002372e+05	2.513074e-04
	278	118	42.500000	44.000000	1.001462e+05	-4.149919e-07
2022	2	18	4	21
	246	30	34.500000	66.000000	9.760187e+04	9.676508e-05
	16	37	-23.000000	64.250000	9.932647e+04	1.927809e-04
	49	53	-14.750000	60.250000	9.963562e+04	1.826049e-04
	261	155	38.250000	34.750000	1.006392e+05	7.244492e-05
2022	2	19	5	0
	245	29	34.250000	66.250000	9.758149e+04	1.449134e-04
	73	54	-8.750000	60.000000	9.977909e+04	1.603840e-04
	56	56	-13.000000	59.500000	9.977909e+04	1.469666e-04
	117	124	2.250000	42.500000	1.010127e+05	1.044666e-04
	236	153	32.000000	35.250000	1.005275e+05	1.528850e-04
2022	2	19	7	3
	6	14	-25.500000	70.000000	9.971612e+04	3.513873e-06
	245	28	34.250000	66.500000	9.753005e+04	1.817285e-04
	68	58	-10.000000	59.000000	9.987011e+04	1.798256e-04
	117	124	2.250000	42.500000	1.010451e+05	7.077902e-05
	62	130	-11.500000	41.000000	1.013657e+05	1.559276e-04
	108	131	0.000000	40.750000	1.010451e+05	1.523311e-05
	237	157	32.250000	34.250000	1.003636e+05	1.778378e-04
2022	2	19	7	6
	6	14	-25.500000	70.000000	9.944956e+04	-2.273607e-06
	259	18	37.750000	69.000000	9.759268e+04	2.030360e-04
	245	28	34.250000	66.500000	9.759268e+04	1.696602e-04
	79	59	-7.250000	58.750000	9.991570e+04	2.302890e-04
	62	134	-11.500000	40.000000	1.014160e+05	1.377206e-04
	249	157	35.250000	34.250000	1.005235e+05	1.142911e-05
	237	160	32.250000	33.500000	1.005235e+05	1.442052e-04
2022	2	19	6	9
	258	17	37.500000	69.250000	9.764629e+04	2.294792e-04
	245	29	34.250000	66.250000	9.765180e+04	1.945782e-04
	87	59	-5.250000	58.750000	1.000301e+05	2.144997e-04
	63	134	-11.250000	40.000000	1.016114e+05	1.426323e-04
	57	145	-12.750000	37.250000	1.016114e+05	1.128186e-04
	239	162	32.750000	33.000000	1.007167e+05	7.066481e-05
2022	2	19	3	12
	261	15	38.250000	69.750000	9.769305e+04	1.768969e-04
	139	95	7.750000	49.750000	1.004196e+05	1.799039e-04
	62	135	-11.500000	39.750000	1.017976e+05	1.478764e-04
2022	2	19	6	15
	267	13	39.750000	70.250000	9.779577e+04	1.715763e-04
	0	40	-27.000000	63.500000	9.655702e+04	5.947541e-05
	233	73	31.250000	55.250000	9.923762e+04	1.612993e-04
	148	94	10.000000	50.000000	1.002845e+05	2.301590e-04
	109	126	0.250000	42.000000	1.012654e+05	4.899749e-05
	58	149	-12.500000	36.250000	1.017861e+05	1.214528e-04
2022	2	19	6	18
	275	9	41.750000	71.250000	9.783686e+04	1.779819e-04
	0	36	-27.000000	64.500000	9.584152e+04	1.169069e-04
	248	76	35.000000	54.500000	9.919720e+04	1.510576e-04
	157	94	12.250000	50.000000	1.003506e+05	2.265658e-04
	278	145	42.500000	37.250000	1.010118e+05	3.666994e-05
	59	149	-12.250000	36.250000	1.019197e+05	9.547585e-05
2022	2	19	9	21
	6	7	-25.500000	71.750000	9.873273e+04	1.950133e-05
	280	7	43.000000	71.750000	9.788712e+04	1.875163e-04
	267	20	39.750000	68.500000	9.791051e+04	2.407522e-04
	268	20	40.000000	68.500000	9.791051e+04	2.269221e-04
	0	32	-27.000000	65.500000	9.554807e+04	1.533929e-04
	261	77	38.250000	54.250000	9.912488e+04	2.238386e-04
	169	96	15.250000	49.500000	1.004645e+05	1.040973e-04
	138	120	7.500000	43.500000	1.009146e+05	1.169308e-04
	59	150	-12.250000	36.000000	1.020710e+05	8.479233e-05
2022	2	20	8	0
	285	6	44.250000	72.000000	9.799435e+04	1.688672e-04
	6	7	-25.500000	71.750000	9.809807e+04	2.362081e-05
	0	28	-27.000000	66.500000	9.580143e+04	1.378115e-04
	27	34	-20.250000	65.000000	9.583484e+04	5.740173e-05
	273	77	41.250000	54.250000	9.912739e+04	2.400301e-04
	187	97	19.750000	49.250000	1.005322e+05	8.020028e-05
	137	120	7.250000	43.500000	1.008607e+05	1.329480e-04
	58	150	-12.500000	36.000000	1.021669e+05	7.276819e-05
