2022	2	10	5	0
	148	22	10.000000	68.000000	9.656576e+04	4.305074e-04
	59	56	-12.250000	59.500000	9.864376e+04	4.739333e-04
	152	106	11.000000	47.000000	1.022462e+05	-3.664749e-05
	139	110	7.750000	46.000000	1.022462e+05	-7.801883e-05
	277	162	42.250000	33.000000	1.008646e+05	8.726387e-05
2022	2	10	5	6
	177	4	17.250000	72.500000	9.717139e+04	1.636540e-04
	166	22	14.500000	68.000000	9.688502e+04	3.164138e-04
	77	59	-7.750000	58.750000	9.912716e+04	5.212642e-04
	152	106	11.000000	47.000000	1.021043e+05	-4.248635e-05
	249	150	35.250000	36.000000	1.010606e+05	1.061945e-04
2022	2	10	7	12
	176	3	17.000000	72.750000	9.725590e+04	2.512355e-04
	192	16	21.000000	69.500000	9.727992e+04	8.352828e-06
	93	63	-3.750000	57.750000	9.988116e+04	3.572509e-04
	137	117	7.250000	44.250000	1.022428e+05	1.228406e-04
	284	139	44.000000	38.750000	1.010248e+05	3.087056e-05
	270	155	40.500000	34.750000	1.010536e+05	2.521380e-05
	272	155	41.000000	34.750000	1.010536e+05	2.275019e-05
2022	2	10	7	18
	237	0	32.250000	73.500000	9.762404e+04	3.747912e-05
	184	4	19.000000	72.500000	9.735873e+04	2.560582e-04
	45	10	-15.750000	71.000000	9.982931e+04	4.108543e-05
	40	18	-17.000000	69.000000	9.982931e+04	1.051939e-04
	111	69	0.750000	56.250000	1.003513e+05	3.220492e-04
	136	119	7.000000	43.750000	1.022565e+05	8.965094e-05
	87	156	-5.250000	34.500000	1.021147e+05	-8.640337e-06
2022	2	11	5	0
	192	5	21.000000	72.250000	9.749908e+04	2.082278e-04
	55	15	-13.250000	69.750000	9.938194e+04	2.120887e-04
	0	71	-27.000000	55.750000	9.987378e+04	1.364596e-04
	124	75	4.000000	54.750000	1.007038e+05	3.077482e-04
	137	117	7.250000	44.250000	1.022234e+05	9.157832e-05
2022	2	11	4	6
	202	5	23.500000	72.250000	9.753280e+04	2.749523e-04
	72	15	-9.000000	69.750000	9.909155e+04	2.157348e-04
	137	117	7.250000	44.250000	1.020611e+05	9.966173e-05
	188	123	20.000000	42.750000	1.021012e+05	-1.057401e-05
2022	2	11	8	12
	190	1	20.500000	73.250000	9.764427e+04	1.440806e-04
	215	6	26.750000	72.000000	9.764427e+04	3.284344e-04
	83	15	-6.250000	69.750000	9.909029e+04	2.083769e-04
	84	15	-6.000000	69.750000	9.909029e+04	2.021776e-04
	17	60	-22.750000	58.500000	9.915541e+04	1.437587e-04
	3	70	-26.250000	56.000000	9.914761e+04	1.368456e-04
	150	110	10.500000	46.000000	1.021265e+05	2.175930e-05
	136	118	7.000000	44.000000	1.020957e+05	8.580119e-05
2022	2	11	5	18
	224	5	29.000000	72.250000	9.773025e+04	3.102772e-04
	120	16	3.000000	69.500000	9.904646e+04	1.321610e-04
	37	57	-17.750000	59.250000	9.875523e+04	1.996077e-04
	15	60	-23.250000	58.500000	9.875523e+04	1.584434e-04
	25	67	-20.750000	56.750000	9.875523e+04	1.034910e-04
2022	2	12	6	0
	231	4	30.750000	72.500000	9.771549e+04	2.809494e-04
	160	17	13.000000	69.250000	9.877694e+04	1.242223e-04
	35	58	-18.250000	59.000000	9.863912e+04	2.203553e-04
	276	81	42.000000	53.250000	1.005764e+05	1.161980e-04
	277	81	42.250000	53.250000	1.005764e+05	1.160627e-04
	135	111	6.750000	45.750000	1.026221e+05	3.743232e-05
2022	2	12	7	6
	232	2	31.000000	73.000000	9.764638e+04	2.495803e-04
	9	7	-24.750000	71.750000	1.006335e+05	-4.988407e-05
	158	20	12.500000	68.500000	9.891054e+04	2.184633e-04
	64	56	-11.000000	59.500000	9.863153e+04	7.884840e-05
	42	61	-16.500000	58.250000	9.863322e+04	1.712463e-04
	228	147	30.000000	36.750000	1.022613e+05	2.952782e-06
	253	158	36.250000	34.000000	1.024946e+05	-2.172134e-05
2022	2	12	3	12
	230	1	30.500000	73.250000	9.765649e+04	2.726564e-04
	83	53	-6.250000	60.250000	9.854809e+04	1.225715e-04
	23	101	-21.250000	48.250000	1.005751e+05	7.959375e-05
2022	2	12	4	18
	233	1	31.250000	73.250000	9.759116e+04	2.489266e-04
	98	51	-2.500000	60.750000	9.843534e+04	1.470933e-04
	42	99	-16.500000	48.750000	1.000421e+05	1.382684e-04
	286	122	44.500000	43.000000	1.017236e+05	9.385821e-06
2022	2	13	4	0
	238	0	32.500000	73.500000	9.777661e+04	1.564420e-04
	126	42	4.500000	63.000000	9.843788e+04	1.444172e-04
	60	95	-12.000000	49.750000	9.934338e+04	2.361976e-04
	244	146	34.000000	37.000000	1.022249e+05	3.171949e-05
2022	2	13	6	6
	142	0	8.500000	73.500000	9.863996e+04	6.944619e-05
	234	0	31.500000	73.500000	9.811757e+04	3.272718e-05
	132	42	6.000000	63.000000	9.834199e+04	9.191257e-05
	78	92	-7.500000	50.500000	9.838793e+04	3.045108e-04
	286	129	44.500000	41.250000	1.019876e+05	-2.338505e-05
	254	157	36.500000	34.250000	1.022460e+05	-3.994117e-05
2022	2	13	5	12
	230	0	30.500000	73.500000	9.863723e+04	-1.344492e-05
	144	4	9.000000	72.500000	9.869454e+04	1.148625e-04
	162	42	13.500000	63.000000	9.843471e+04	1.116129e-05
	93	88	-3.750000	51.500000	9.804971e+04	3.352614e-04
	268	120	40.000000	43.500000	1.028558e+05	1.087205e-04
2022	2	13	2	18
	150	8	10.500000	71.500000	9.874280e+04	1.319419e-04
	112	79	1.000000	53.750000	9.775827e+04	2.334506e-04
2022	2	14	2	0
	152	11	11.000000	70.750000	9.882140e+04	1.081264e-04
	129	69	5.250000	56.250000	9.753280e+04	2.244129e-04
2022	2	14	3	6
	159	15	12.750000	69.750000	9.884100e+04	1.162947e-04
	134	54	6.500000	60.000000	9.742638e+04	2.298735e-05
	139	63	7.750000	57.750000	9.742638e+04	2.271650e-04
2022	2	14	1	12
	163	60	13.750000	58.500000	9.774921e+04	5.418292e-05
2022	2	14	4	18
	214	10	26.500000	71.000000	9.814644e+04	1.937174e-04
	13	53	-23.750000	60.250000	9.885448e+04	1.859665e-04
	128	54	5.000000	60.000000	9.855356e+04	2.938712e-04
	138	120	7.500000	43.500000	1.007656e+05	1.272785e-04
2022	2	15	3	0
	218	7	27.500000	71.750000	9.758252e+04	1.877448e-04
	252	23	36.000000	67.750000	9.771466e+04	1.356973e-04
	130	59	5.500000	58.750000	9.870234e+04	3.178390e-04
2022	2	15	6	6
	210	9	25.500000	71.250000	9.721880e+04	3.695550e-04
	256	10	37.000000	71.000000	9.722239e+04	1.382030e-04
	18	42	-22.500000	63.000000	9.870571e+04	1.766208e-04
	149	61	10.250000	58.250000	9.891433e+04	2.146221e-04
	64	75	-11.000000	54.750000	9.985650e+04	2.010543e-04
	85	87	-5.750000	51.750000	9.982215e+04	2.293397e-04
2022	2	15	8	12
	236	4	32.000000	72.500000	9.703084e+04	1.357955e-04
	288	8	45.000000	71.500000	9.793191e+04	1.028252e-04
	6	14	-25.500000	70.000000	9.871498e+04	-4.397400e-05
	227	15	29.750000	69.750000	9.703084e+04	2.162784e-04
	0	55	-27.000000	59.750000	9.710734e+04	9.420403e-05
	154	62	11.500000	58.000000	9.918807e+04	2.500407e-04
	69	78	-9.750000	54.000000	1.006339e+05	1.832940e-04
	101	93	-1.750000	50.250000	1.002497e+05	1.350649e-04
2022	2	15	6	18
	228	6	30.000000	72.000000	9.705760e+04	3.154914e-04
	257	9	37.250000	71.250000	9.705760e+04	1.732914e-04
	0	48	-27.000000	61.500000	9.497265e+04	9.659914e-05
	161	62	13.250000	58.000000	9.962491e+04	2.212027e-04
	115	101	1.750000	48.250000	1.008081e+05	1.233112e-04
	272	131	41.000000	40.750000	1.019669e+05	1.702944e-05
2022	2	16	5	0
	254	5	36.500000	72.250000	9.720722e+04	2.028524e-04
	24	35	-21.000000	64.750000	9.458575e+04	-5.588997e-05
	0	39	-27.000000	63.750000	9.458575e+04	1.045562e-04
	143	119	8.750000	43.750000	1.010345e+05	8.190102e-05
	281	121	43.250000	43.250000	1.019016e+05	5.666353e-06
2022	2	16	6	6
	148	3	10.000000	72.750000	9.914761e+04	2.300236e-04
	265	6	39.250000	72.000000	9.740888e+04	2.187394e-04
	0	35	-27.000000	64.750000	9.458238e+04	9.111500e-05
	281	121	43.250000	43.250000	1.020196e+05	-2.284223e-06
	108	124	0.000000	42.500000	1.017400e+05	8.272319e-05
	142	129	8.500000	41.250000	1.013697e+05	4.948549e-05
2022	2	16	3	12
	265	0	39.250000	73.500000	9.751805e+04	8.835900e-05
	0	30	-27.000000	66.000000	9.516420e+04	1.364378e-04
	2	87	-26.500000	51.750000	9.824590e+04	3.892620e-05
2022	2	16	6	18
	271	0	40.750000	73.500000	9.774416e+04	8.376785e-05
	164	8	14.000000	71.500000	9.923253e+04	1.719215e-04
	0	39	-27.000000	63.750000	9.530307e+04	6.518629e-05
	36	72	-18.000000	55.500000	9.732755e+04	1.301703e-04
	281	121	43.250000	43.250000	1.021233e+05	-2.560186e-05
	178	162	17.500000	33.000000	1.015860e+05	6.059627e-05
2022	2	17	5	0
	262	0	38.500000	73.500000	9.816182e+04	1.474206e-05
	174	8	16.500000	71.500000	9.916699e+04	1.638273e-04
	62	59	-11.500000	58.750000	9.604505e+04	3.524581e-04
	137	116	7.250000	44.500000	1.022371e+05	9.342171e-05
	181	162	18.250000	33.000000	1.016886e+05	4.394141e-05
2022	2	17	6	6
	276	0	42.000000	73.500000	9.847033e+04	4.779878e-05
	185	8	19.250000	71.500000	9.888146e+04	1.685726e-04
	0	43	-27.000000	62.750000	9.445742e+04	1.036880e-04
	82	50	-6.500000	61.000000	9.448734e+04	5.059045e-04
	137	117	7.250000	44.250000	1.021315e+05	1.052181e-04
	183	158	18.750000	34.000000	1.017965e+05	1.085450e-04
2022	2	17	4	12
	99	37	-2.250000	64.250000	9.390384e+04	4.882713e-04
	0	38	-27.000000	64.000000	9.466836e+04	9.200868e-05
	137	113	7.250000	45.250000	1.020209e+05	-3.100339e-05
	186	157	19.500000	34.250000	1.019094e+05	8.711119e-05
2022	2	17	3	18
	130	32	5.500000	65.500000	9.361766e+04	4.044179e-04
	0	39	-27.000000	63.750000	9.508855e+04	5.970948e-05
	136	116	7.000000	44.500000	1.021912e+05	5.866222e-05
2022	2	18	4	0
	142	27	8.500000	66.750000	9.369901e+04	4.156962e-04
	21	41	-21.750000	63.250000	9.507527e+04	1.268311e-04
	0	49	-27.000000	61.250000	9.501501e+04	1.096100e-04
	136	116	7.000000	44.500000	1.022356e+05	8.095499e-05
2022	2	18	4	6
	150	23	10.500000	67.750000	9.379868e+04	4.103207e-04
	220	46	28.000000	62.000000	9.668313e+04	3.475854e-04
	14	50	-23.500000	61.000000	9.546091e+04	3.248688e-04
	136	117	7.000000	44.250000	1.022491e+05	1.182481e-04
2022	2	18	5	12
	160	21	13.000000	68.250000	9.396537e+04	4.883550e-04
	186	22	19.500000	68.000000	9.396537e+04	1.944124e-04
	57	39	-12.750000	63.750000	9.612723e+04	1.621780e-04
	44	48	-16.000000	61.500000	9.612723e+04	4.294314e-04
	136	116	7.000000	44.500000	1.024872e+05	5.684243e-05
2022	2	18	3	18
	175	20	16.750000	68.500000	9.493725e+04	2.095118e-04
	72	43	-9.000000	62.750000	9.636409e+04	2.869076e-04
	136	117	7.000000	44.250000	1.025437e+05	6.513485e-05
2022	2	19	2	0
	172	4	16.000000	72.500000	9.514755e+04	2.043930e-04
	95	40	-3.250000	63.500000	9.659105e+04	3.333405e-04
2022	2	19	3	6
	168	5	15.000000	72.250000	9.511721e+04	2.075390e-04
	118	39	2.500000	63.750000	9.663467e+04	4.136791e-04
	0	58	-27.000000	59.000000	9.776291e+04	1.265544e-04
2022	2	19	4	12
	175	5	16.750000	72.250000	9.517748e+04	2.235731e-04
	140	39	8.000000	63.750000	9.713452e+04	3.227396e-04
	0	48	-27.000000	61.500000	9.669346e+04	1.252087e-04
	23	53	-21.250000	60.250000	9.671791e+04	2.043749e-04
2022	2	19	3	18
	178	4	17.500000	72.500000	9.521162e+04	2.407667e-04
	16	42	-23.000000	63.000000	9.600522e+04	2.850572e-04
	0	54	-27.000000	60.000000	9.589691e+04	1.343470e-04
2022	2	20	4	0
	192	5	21.000000	72.250000	9.530623e+04	3.212969e-04
	0	44	-27.000000	62.500000	9.589016e+04	8.320658e-05
	23	48	-21.250000	61.500000	9.575867e+04	1.816241e-04
	1	60	-26.750000	58.500000	9.588827e+04	1.812138e-04
