2022	2	10	4	0
	171	9	15.750000	71.250000	9.682508e+04	1.412625e-04
	148	22	10.000000	68.000000	9.647825e+04	4.298858e-04
	59	56	-12.250000	59.500000	9.850271e+04	4.754257e-04
	249	151	35.250000	35.750000	1.008144e+05	1.092371e-04
2022	2	10	7	6
	175	5	16.750000	72.250000	9.714942e+04	1.383199e-04
	8	6	-25.000000	72.000000	1.003167e+05	1.096544e-06
	167	14	14.750000	70.000000	9.683582e+04	1.879617e-05
	166	23	14.500000	67.750000	9.683582e+04	3.491764e-04
	3	24	-26.250000	67.500000	1.003728e+05	1.185856e-04
	78	59	-7.500000	58.750000	9.897262e+04	5.073882e-04
	158	106	12.500000	47.000000	1.021942e+05	-3.633136e-05
2022	2	10	11	12
	212	0	26.000000	73.500000	9.731785e+04	-5.029772e-06
	178	4	17.500000	72.500000	9.731785e+04	1.670630e-04
	8	6	-25.000000	72.000000	1.002517e+05	-4.303866e-06
	16	20	-23.000000	68.500000	1.001971e+05	1.265247e-04
	190	28	20.500000	66.500000	9.753220e+04	1.737975e-04
	94	62	-3.500000	58.000000	9.982102e+04	3.843908e-04
	137	117	7.250000	44.250000	1.022265e+05	1.189478e-04
	284	139	44.000000	38.750000	1.009607e+05	2.953591e-05
	280	153	43.000000	35.250000	1.010368e+05	8.909528e-05
	269	156	40.250000	34.500000	1.010368e+05	4.032375e-05
	85	160	-5.750000	33.500000	1.023508e+05	-5.820015e-06
2022	2	10	8	18
	206	0	24.500000	73.500000	9.759551e+04	-1.900970e-05
	9	6	-24.750000	72.000000	1.000944e+05	-3.552570e-05
	187	8	19.750000	71.500000	9.759551e+04	1.501232e-04
	212	13	26.000000	70.250000	9.759551e+04	-1.254690e-05
	9	14	-24.750000	70.000000	9.987808e+04	-4.789383e-06
	40	17	-17.000000	69.250000	9.987808e+04	1.490555e-04
	110	67	0.500000	56.750000	1.004762e+05	3.848854e-04
	87	156	-5.250000	34.500000	1.020479e+05	-5.207959e-07
2022	2	11	5	0
	217	0	27.250000	73.500000	9.780516e+04	-5.059593e-06
	205	9	24.250000	71.250000	9.780516e+04	1.851306e-04
	56	13	-13.000000	70.250000	9.952148e+04	2.361129e-04
	0	68	-27.000000	56.500000	9.969148e+04	1.210916e-04
	125	73	4.250000	55.250000	1.008615e+05	3.024285e-04
2022	2	11	5	6
	227	0	29.750000	73.500000	9.810938e+04	-4.063830e-05
	213	9	26.250000	71.250000	9.810938e+04	1.153186e-04
	61	13	-11.750000	70.250000	9.933879e+04	2.300692e-04
	91	17	-4.250000	69.250000	9.933879e+04	1.175580e-04
	138	78	7.500000	54.000000	1.011919e+05	2.221965e-04
2022	2	11	4	12
	229	0	30.250000	73.500000	9.853925e+04	6.933235e-06
	218	9	27.500000	71.250000	9.853925e+04	1.048073e-04
	77	17	-7.750000	69.250000	9.956173e+04	2.512727e-04
	137	117	7.250000	44.250000	1.020063e+05	9.682170e-05
2022	2	11	5	18
	229	2	30.250000	73.000000	9.869322e+04	2.279727e-05
	127	19	4.750000	68.750000	9.940171e+04	1.176641e-04
	25	52	-20.750000	60.500000	9.870064e+04	1.521722e-04
	17	61	-22.750000	58.250000	9.870064e+04	1.185432e-04
	136	123	7.000000	42.750000	1.020168e+05	6.134091e-05
2022	2	12	6	0
	232	5	31.000000	72.250000	9.880245e+04	1.320169e-04
	9	6	-24.750000	72.000000	1.008541e+05	2.361237e-05
	155	18	11.750000	69.000000	9.916665e+04	1.564956e-04
	19	52	-22.250000	60.500000	9.851013e+04	2.051223e-04
	33	56	-18.750000	59.500000	9.851013e+04	1.089352e-04
	136	126	7.000000	42.000000	1.021280e+05	8.647099e-05
2022	2	12	4	6
	237	6	32.250000	72.000000	9.884777e+04	1.870486e-04
	162	19	13.500000	68.750000	9.922703e+04	2.922622e-04
	44	52	-16.000000	60.500000	9.827996e+04	1.516307e-04
	245	95	34.250000	49.750000	1.015020e+05	1.742611e-04
2022	2	12	3	12
	245	4	34.250000	72.500000	9.900506e+04	1.655871e-04
	254	15	36.500000	69.750000	9.900506e+04	8.863255e-05
	55	51	-13.250000	60.750000	9.813635e+04	1.161334e-04
2022	2	12	3	18
	256	0	37.000000	73.500000	9.911195e+04	4.860871e-05
	259	15	37.750000	69.750000	9.916274e+04	6.130718e-05
	60	50	-12.000000	61.000000	9.799117e+04	1.343678e-04
2022	2	13	3	0
	265	0	39.250000	73.500000	9.923484e+04	6.304446e-05
	262	13	38.500000	70.250000	9.929659e+04	9.942250e-05
	65	50	-10.750000	61.000000	9.804217e+04	1.530403e-04
2022	2	13	3	6
	277	0	42.250000	73.500000	9.935638e+04	4.572458e-05
	70	52	-9.500000	60.500000	9.802673e+04	1.400606e-04
	59	97	-12.250000	49.250000	9.925927e+04	1.990410e-04
2022	2	13	3	12
	191	0	20.750000	73.500000	9.914438e+04	5.317890e-05
	76	54	-8.000000	60.000000	9.822193e+04	9.417169e-05
	86	94	-5.500000	50.000000	9.867641e+04	1.867155e-04
2022	2	13	4	18
	205	0	24.250000	73.500000	9.919791e+04	7.293227e-05
	142	35	8.500000	64.750000	9.833916e+04	1.761782e-04
	84	55	-6.000000	59.750000	9.827527e+04	1.131405e-04
	99	83	-2.250000	52.750000	9.791790e+04	2.429829e-04
2022	2	14	2	0
	215	28	26.750000	66.500000	9.883722e+04	8.775418e-05
	108	75	0.000000	54.750000	9.759590e+04	2.768528e-04
2022	2	14	3	6
	58	2	-12.500000	73.000000	1.001456e+05	6.996546e-05
	6	14	-25.500000	70.000000	9.972254e+04	7.154942e-06
	120	69	3.000000	56.250000	9.736142e+04	2.288833e-04
2022	2	14	2	12
	273	0	41.250000	73.500000	9.904238e+04	6.421602e-05
	129	60	5.250000	58.500000	9.736455e+04	1.438754e-04
2022	2	14	2	18
	151	54	10.750000	60.000000	9.763810e+04	3.048503e-04
	131	57	5.750000	59.250000	9.763810e+04	1.528361e-04
2022	2	15	4	0
	226	0	29.500000	73.500000	9.924051e+04	2.378638e-05
	158	49	12.500000	61.250000	9.800583e+04	2.317542e-04
	150	57	10.500000	59.250000	9.800583e+04	1.599206e-04
	136	120	7.000000	43.500000	1.011165e+05	7.446534e-05
2022	2	15	6	6
	230	6	30.500000	72.000000	9.948045e+04	8.578163e-05
	24	35	-21.000000	64.750000	9.788879e+04	3.082574e-05
	175	46	16.750000	62.000000	9.832471e+04	1.448419e-04
	146	118	9.500000	44.000000	1.010664e+05	1.161739e-04
	280	121	43.000000	43.250000	1.020481e+05	1.402025e-05
	147	126	9.750000	42.000000	1.010664e+05	9.025437e-05
2022	2	15	4	12
	7	6	-25.250000	72.000000	9.943552e+04	6.991314e-05
	15	36	-23.250000	64.500000	9.803045e+04	1.576084e-04
	189	41	20.250000	63.250000	9.872917e+04	1.315730e-04
	148	120	10.000000	43.500000	1.012140e+05	9.283865e-05
2022	2	15	4	18
	196	38	22.000000	64.000000	9.911917e+04	1.429286e-04
	0	55	-27.000000	59.750000	9.561325e+04	1.673560e-04
	165	124	14.250000	42.500000	1.012251e+05	8.539540e-05
	154	125	11.500000	42.250000	1.012251e+05	8.150149e-05
2022	2	16	4	0
	198	35	22.500000	64.750000	9.945877e+04	1.746284e-04
	0	58	-27.000000	59.000000	9.411831e+04	4.066234e-05
	167	118	14.750000	44.000000	1.012495e+05	1.386641e-04
	163	130	13.750000	41.000000	1.012544e+05	6.482732e-05
2022	2	16	4	6
	196	35	22.000000	64.750000	9.977412e+04	1.473267e-04
	280	121	43.000000	43.250000	1.020971e+05	1.259226e-05
	178	127	17.500000	41.750000	1.010416e+05	1.692407e-04
	166	132	14.500000	40.500000	1.010416e+05	6.392172e-05
2022	2	16	6	12
	288	27	45.000000	66.750000	1.007464e+05	1.901770e-04
	220	32	28.000000	65.500000	9.998105e+04	3.234683e-05
	0	33	-27.000000	65.250000	9.338051e+04	4.037788e-05
	25	34	-20.750000	65.000000	9.338051e+04	-6.438414e-05
	195	34	21.750000	65.000000	9.998105e+04	1.523759e-04
	177	125	17.250000	42.250000	1.008535e+05	1.392790e-04
2022	2	16	2	18
	178	125	17.500000	42.250000	1.010334e+05	1.241835e-04
	177	135	17.250000	39.750000	1.010334e+05	3.289778e-05
2022	2	17	5	0
	0	26	-27.000000	67.000000	9.427990e+04	1.725969e-04
	288	30	45.000000	66.000000	1.011495e+05	6.113276e-05
	175	126	16.750000	42.000000	1.013062e+05	1.324272e-04
	170	137	15.500000	39.250000	1.013062e+05	8.223378e-05
	184	137	19.000000	39.250000	1.013564e+05	4.700144e-05
2022	2	17	3	6
	0	34	-27.000000	65.000000	9.503762e+04	6.346323e-05
	280	121	43.000000	43.250000	1.020506e+05	7.752001e-06
	185	136	19.250000	39.500000	1.016012e+05	4.231039e-05
2022	2	17	2	12
	181	43	18.250000	62.750000	9.870690e+04	1.191082e-04
	20	97	-22.000000	49.250000	9.910452e+04	3.676700e-04
2022	2	17	3	18
	190	40	20.500000	63.500000	9.875320e+04	1.910663e-04
	46	85	-15.500000	52.250000	9.820630e+04	3.834694e-04
	280	121	43.000000	43.250000	1.020278e+05	9.627802e-06
2022	2	18	5	0
	205	38	24.250000	64.000000	9.893589e+04	7.027456e-05
	69	76	-9.750000	54.500000	9.736436e+04	4.265878e-04
	137	113	7.250000	45.250000	1.021407e+05	-3.258176e-05
	281	121	43.250000	43.250000	1.018001e+05	1.307333e-05
	81	162	-6.750000	33.000000	1.025610e+05	8.145520e-05
2022	2	18	5	6
	217	34	27.250000	65.000000	9.903124e+04	1.015399e-04
	0	38	-27.000000	64.000000	9.513102e+04	1.302072e-04
	101	72	-1.750000	55.500000	9.671898e+04	1.113122e-04
	285	123	44.250000	42.750000	1.018261e+05	-3.946233e-05
	80	162	-7.000000	33.000000	1.024725e+05	7.310358e-05
2022	2	18	3	12
	241	28	33.250000	66.500000	9.915571e+04	5.748100e-05
	10	38	-24.500000	64.000000	9.532505e+04	2.613547e-04
	113	57	1.250000	59.250000	9.637098e+04	3.512311e-04
2022	2	18	4	18
	22	32	-21.500000	65.500000	9.555913e+04	2.389852e-04
	127	57	4.750000	59.250000	9.697709e+04	3.542518e-04
	142	61	8.500000	58.250000	9.697709e+04	3.275110e-04
	139	118	7.750000	44.000000	1.017753e+05	1.370368e-04
2022	2	19	3	0
	11	30	-24.250000	66.000000	9.587352e+04	2.539346e-04
	52	40	-14.000000	63.500000	9.587488e+04	1.654573e-04
	160	57	13.000000	59.250000	9.733192e+04	3.018726e-04
2022	2	19	5	6
	7	34	-25.250000	65.000000	9.634402e+04	1.875222e-04
	59	40	-12.250000	63.500000	9.591572e+04	2.776871e-04
	77	41	-7.750000	63.250000	9.591572e+04	2.163944e-04
	175	49	16.750000	61.250000	9.759316e+04	1.615634e-04
	202	125	23.500000	42.250000	1.016958e+05	-1.876692e-05
2022	2	19	6	12
	122	18	3.500000	69.000000	9.692355e+04	1.208803e-04
	10	35	-24.500000	64.750000	9.714298e+04	1.599923e-04
	87	38	-5.250000	64.000000	9.627915e+04	1.991305e-04
	182	42	18.500000	63.000000	9.768323e+04	2.030102e-04
	114	125	1.500000	42.250000	1.032025e+05	-9.166542e-06
	86	162	-5.500000	33.000000	1.024952e+05	-6.991501e-07
2022	2	19	5	18
	118	13	2.500000	70.250000	9.692863e+04	1.496730e-04
	100	36	-2.000000	64.500000	9.676489e+04	2.272804e-04
	191	39	20.750000	63.750000	9.785538e+04	1.453956e-04
	0	68	-27.000000	56.500000	9.560915e+04	2.296370e-04
	260	162	38.000000	33.000000	1.009959e+05	8.062673e-05
2022	2	20	6	0
	111	10	0.750000	71.000000	9.701734e+04	2.167274e-04
	198	32	22.500000	65.500000	9.811896e+04	7.898742e-05
	21	59	-21.750000	58.750000	9.467538e+04	6.045579e-04
	116	124	2.000000	42.500000	1.029467e+05	-3.315718e-05
	263	160	38.750000	33.500000	1.010067e+05	1.098599e-04
	81	162	-6.750000	33.000000	1.024139e+05	2.536874e-06
