2022	2	14	7	0
	5	6	-25.750000	72.000000	9.975120e+04	-3.485791e-05
	222	9	28.500000	71.250000	9.838083e+04	1.203912e-04
	194	12	21.500000	70.500000	9.838083e+04	1.109639e-04
	1	17	-26.750000	69.250000	9.975120e+04	1.807434e-06
	219	23	27.750000	67.750000	9.843260e+04	1.229528e-04
	114	62	1.500000	58.000000	9.846851e+04	9.843749e-05
	105	71	-0.750000	55.750000	9.846851e+04	9.939697e-05
2022	2	14	3	3
	213	9	26.250000	71.250000	9.807937e+04	2.092396e-04
	227	22	29.750000	68.000000	9.826977e+04	1.090149e-04
	108	71	0.000000	55.750000	9.845598e+04	1.032071e-04
2022	2	14	3	6
	64	4	-11.000000	72.500000	1.001362e+05	1.074565e-04
	217	8	27.250000	71.500000	9.794274e+04	2.308881e-04
	117	69	2.250000	56.250000	9.848972e+04	6.608567e-05
2022	2	14	4	9
	68	3	-10.000000	72.750000	1.001854e+05	1.088606e-04
	219	8	27.750000	71.500000	9.802124e+04	2.626864e-04
	0	54	-27.000000	60.000000	9.795895e+04	1.334648e-04
	125	67	4.250000	56.750000	9.852998e+04	1.301137e-04
2022	2	14	3	12
	225	9	29.250000	71.250000	9.802441e+04	2.069990e-04
	0	49	-27.000000	61.250000	9.751117e+04	1.589115e-04
	131	64	5.750000	57.500000	9.848672e+04	1.543290e-04
2022	2	14	4	15
	236	6	32.000000	72.000000	9.802375e+04	9.727623e-05
	245	14	34.250000	70.000000	9.802375e+04	2.083210e-04
	2	44	-26.500000	62.500000	9.704420e+04	2.178635e-04
	131	63	5.750000	57.750000	9.848338e+04	1.993844e-04
2022	2	14	6	18
	251	12	35.750000	70.500000	9.796395e+04	1.764666e-04
	252	12	36.000000	70.500000	9.796395e+04	1.713908e-04
	27	39	-20.250000	63.750000	9.683927e+04	-5.376267e-05
	0	40	-27.000000	63.500000	9.681422e+04	1.669659e-04
	150	56	10.500000	59.500000	9.852730e+04	2.933472e-04
	134	62	6.500000	58.000000	9.852730e+04	2.537179e-04
2022	2	14	6	21
	257	12	37.250000	70.500000	9.793723e+04	1.725455e-04
	27	39	-20.250000	63.750000	9.703251e+04	3.834231e-05
	126	53	4.500000	60.250000	9.856538e+04	1.054062e-04
	151	54	10.750000	60.000000	9.856538e+04	2.662324e-04
	138	61	7.500000	58.250000	9.856538e+04	2.735700e-04
	138	121	7.500000	43.250000	1.011585e+05	1.157369e-04
2022	2	15	6	0
	250	5	35.500000	72.250000	9.793205e+04	8.944753e-05
	264	12	39.000000	70.500000	9.793205e+04	2.049235e-04
	28	38	-20.000000	64.000000	9.721071e+04	2.053333e-05
	126	53	4.500000	60.250000	9.857607e+04	8.733959e-05
	143	60	8.750000	58.500000	9.857607e+04	3.074210e-04
	145	118	9.250000	44.000000	1.011331e+05	1.282647e-04
2022	2	15	6	3
	243	8	33.750000	71.500000	9.800220e+04	1.739801e-04
	269	12	40.250000	70.500000	9.800220e+04	2.263711e-04
	23	39	-21.250000	63.750000	9.736020e+04	1.437969e-04
	126	53	4.500000	60.250000	9.862534e+04	5.793306e-05
	148	58	10.000000	59.000000	9.860864e+04	3.065546e-04
	146	117	9.500000	44.250000	1.010471e+05	1.010130e-04
2022	2	15	5	6
	274	12	41.500000	70.500000	9.807720e+04	2.008872e-04
	24	35	-21.000000	64.750000	9.742132e+04	1.418993e-04
	123	50	3.750000	61.000000	9.891177e+04	1.057184e-04
	153	55	11.250000	59.750000	9.872755e+04	2.820845e-04
	158	113	12.500000	45.250000	1.010778e+05	1.109004e-04
2022	2	15	7	9
	277	10	42.250000	71.000000	9.819394e+04	2.186407e-04
	11	30	-24.250000	66.000000	9.742867e+04	1.132747e-04
	35	36	-18.250000	64.500000	9.749665e+04	1.545233e-04
	122	48	3.500000	61.500000	9.883294e+04	1.265278e-04
	157	52	12.250000	60.500000	9.884112e+04	2.200720e-04
	12	85	-24.000000	52.250000	9.908330e+04	1.698003e-04
	160	111	13.000000	45.750000	1.011788e+05	1.152982e-04
2022	2	15	8	12
	277	10	42.250000	71.000000	9.830400e+04	2.247949e-04
	278	10	42.500000	71.000000	9.830400e+04	2.352736e-04
	12	29	-24.000000	66.250000	9.743986e+04	1.341849e-04
	30	33	-19.500000	65.250000	9.751218e+04	1.609044e-04
	0	40	-27.000000	63.500000	9.742850e+04	1.285527e-05
	163	50	13.750000	61.000000	9.885749e+04	1.722025e-04
	26	83	-20.500000	52.750000	9.906576e+04	1.739728e-04
	160	111	13.000000	45.750000	1.011905e+05	8.454364e-05
2022	2	15	4	15
	278	10	42.500000	71.000000	9.840254e+04	2.285129e-04
	0	41	-27.000000	63.250000	9.738842e+04	1.538586e-05
	169	48	15.250000	61.500000	9.884312e+04	1.169373e-04
	170	114	15.500000	45.000000	1.011812e+05	5.701714e-05
2022	2	15	4	18
	284	11	44.000000	70.750000	9.850208e+04	2.495636e-04
	0	42	-27.000000	63.000000	9.729305e+04	5.949152e-05
	177	46	17.250000	62.000000	9.878668e+04	1.198694e-04
	163	162	13.750000	33.000000	1.016450e+05	-3.913632e-05
2022	2	15	6	21
	285	9	44.250000	71.250000	9.860747e+04	2.207703e-04
	182	44	18.500000	62.500000	9.872655e+04	1.301332e-04
	114	47	1.500000	61.750000	9.811394e+04	5.120089e-05
	127	54	4.750000	60.000000	9.811394e+04	1.935547e-04
	278	120	42.500000	43.500000	1.021126e+05	1.991332e-05
	165	160	14.250000	33.500000	1.017701e+05	-1.456880e-05
2022	2	16	6	0
	285	10	44.250000	71.000000	9.870100e+04	1.843199e-04
	185	42	19.250000	63.000000	9.868095e+04	1.700798e-04
	119	46	2.750000	62.000000	9.808571e+04	-1.869501e-06
	128	53	5.000000	60.250000	9.808571e+04	2.107537e-04
	0	67	-27.000000	56.750000	9.701413e+04	1.081540e-04
	169	162	15.250000	33.000000	1.017161e+05	-2.919447e-06
2022	2	16	7	3
	287	11	44.750000	70.750000	9.873858e+04	1.167779e-04
	188	41	20.000000	63.250000	9.870200e+04	1.565591e-04
	130	42	5.500000	63.000000	9.822366e+04	6.418171e-05
	133	53	6.250000	60.250000	9.822366e+04	1.680719e-04
	153	53	11.250000	60.250000	9.822366e+04	1.747949e-04
	0	62	-27.000000	58.000000	9.615818e+04	9.574052e-05
	167	161	14.750000	33.250000	1.015800e+05	8.807197e-05
2022	2	16	3	6
	285	10	44.250000	71.000000	9.879470e+04	1.762548e-04
	155	52	11.750000	60.500000	9.826759e+04	1.839704e-04
	2	60	-26.500000	58.500000	9.563625e+04	3.073527e-04
2022	2	16	5	9
	119	39	2.750000	63.750000	9.833741e+04	1.599778e-04
	145	42	9.250000	63.000000	9.831202e+04	6.406435e-05
	157	51	12.250000	60.750000	9.831202e+04	1.360714e-04
	23	53	-21.250000	60.250000	9.546590e+04	2.426316e-04
	7	55	-25.250000	59.750000	9.546590e+04	3.512453e-04
2022	2	16	4	12
	287	10	44.750000	71.000000	9.887536e+04	1.522728e-04
	182	47	18.500000	61.750000	9.824388e+04	1.566910e-04
	22	51	-21.500000	60.750000	9.543450e+04	2.058859e-04
	165	52	14.250000	60.500000	9.824388e+04	1.178286e-04
2022	2	16	5	15
	288	11	45.000000	70.750000	9.887937e+04	1.180328e-04
	184	44	19.000000	62.500000	9.802842e+04	1.908315e-04
	45	49	-15.750000	61.250000	9.534080e+04	2.928375e-04
	20	51	-22.000000	60.750000	9.535082e+04	3.665315e-04
	172	52	16.000000	60.500000	9.802842e+04	1.216558e-04
2022	2	16	8	18
	288	10	45.000000	71.000000	9.892312e+04	1.003367e-04
	186	44	19.500000	62.500000	9.787026e+04	2.179792e-04
	39	49	-17.250000	61.250000	9.529705e+04	3.043344e-04
	182	52	18.500000	60.500000	9.787026e+04	1.129110e-04
	147	108	9.750000	46.500000	1.006743e+05	-6.108195e-05
	136	116	7.000000	44.500000	1.012246e+05	6.763404e-05
	185	147	19.250000	36.750000	1.012087e+05	1.631791e-04
	185	148	19.250000	36.500000	1.012087e+05	1.673789e-04
2022	2	16	6	21
	188	43	20.000000	62.750000	9.770007e+04	2.391121e-04
	49	48	-14.750000	61.500000	9.546022e+04	2.151628e-04
	32	50	-19.000000	61.000000	9.546022e+04	3.863214e-04
	150	109	10.500000	46.250000	1.007543e+05	-1.949215e-06
	138	117	7.500000	44.250000	1.010563e+05	6.039768e-05
	187	147	19.750000	36.750000	1.010573e+05	2.199540e-04
2022	2	17	6	0
	0	41	-27.000000	63.250000	9.794959e+04	1.024764e-04
	189	42	20.250000	63.000000	9.761907e+04	1.907344e-04
	74	49	-8.500000	61.250000	9.593020e+04	2.054603e-04
	32	52	-19.000000	60.500000	9.576519e+04	4.545174e-04
	150	109	10.500000	46.250000	1.006631e+05	2.413102e-05
	189	146	20.250000	37.000000	1.008148e+05	2.066143e-04
2022	2	17	9	3
	191	41	20.750000	63.250000	9.747544e+04	1.117878e-04
	69	49	-9.750000	61.250000	9.603058e+04	2.244429e-04
	103	50	-1.250000	61.000000	9.603359e+04	1.880624e-04
	127	52	4.750000	60.500000	9.603359e+04	1.996029e-04
	148	59	10.000000	58.750000	9.609020e+04	2.475323e-04
	150	109	10.500000	46.250000	1.005061e+05	2.464420e-05
	138	117	7.500000	44.250000	1.009626e+05	9.749573e-05
	200	145	23.000000	37.250000	1.005687e+05	2.264926e-05
	189	146	20.250000	37.000000	1.005687e+05	2.206546e-04
2022	2	17	6	6
	192	40	21.000000	63.500000	9.736855e+04	7.979574e-05
	101	49	-1.750000	61.250000	9.619960e+04	2.059584e-04
	68	50	-10.000000	61.000000	9.619425e+04	2.187628e-04
	128	50	5.000000	61.000000	9.621613e+04	1.507306e-04
	158	59	12.500000	58.750000	9.649355e+04	2.573971e-04
	190	149	20.500000	36.250000	1.006055e+05	2.299353e-04
2022	2	17	4	9
	65	52	-10.750000	60.500000	9.642323e+04	3.135273e-04
	94	52	-3.500000	60.500000	9.636395e+04	3.303573e-04
	165	58	14.250000	59.000000	9.653396e+04	2.193444e-04
	194	153	21.500000	35.250000	1.006093e+05	2.334055e-04
2022	2	17	4	12
	105	51	-0.750000	60.750000	9.653597e+04	2.642649e-04
	185	58	19.250000	59.000000	9.641488e+04	2.249382e-04
	196	146	22.000000	37.000000	1.004304e+05	9.557150e-06
	197	155	22.250000	34.750000	1.004304e+05	2.521182e-04
2022	2	17	4	15
	117	52	2.250000	60.500000	9.669948e+04	2.379136e-04
	188	56	20.000000	59.500000	9.627893e+04	2.308514e-04
	18	121	-22.500000	43.250000	1.011266e+05	1.173419e-04
	199	155	22.750000	34.750000	1.004724e+05	2.348877e-04
2022	2	17	6	18
	127	51	4.750000	60.750000	9.673205e+04	2.479161e-04
	102	54	-1.500000	60.000000	9.676277e+04	3.278641e-04
	189	57	20.250000	59.250000	9.623317e+04	3.016345e-04
	32	114	-19.000000	45.000000	1.008864e+05	1.203831e-04
	207	151	24.750000	35.750000	1.006357e+05	2.314750e-05
	198	159	22.500000	33.750000	1.006357e+05	2.291280e-04
2022	2	17	6	21
	275	22	41.750000	68.000000	9.774901e+04	1.043700e-04
	139	50	7.750000	61.000000	9.690157e+04	2.264594e-05
	114	56	1.500000	59.500000	9.692545e+04	3.014027e-04
	194	58	21.500000	59.000000	9.631918e+04	2.768439e-04
	41	109	-16.750000	46.250000	1.007247e+05	1.315238e-04
	199	162	22.750000	33.000000	1.007563e+05	1.297924e-04
2022	2	18	5	0
	279	20	42.750000	68.500000	9.768638e+04	1.636130e-04
	145	52	9.250000	60.500000	9.705205e+04	1.001175e-04
	126	56	4.500000	59.500000	9.705205e+04	2.518308e-04
	202	60	23.500000	58.500000	9.646599e+04	2.363445e-04
	46	107	-15.500000	46.750000	1.005105e+05	1.425335e-04
2022	2	18	5	3
	286	17	44.500000	69.250000	9.762859e+04	1.394118e-04
	146	36	9.500000	64.500000	9.723877e+04	9.346000e-05
	145	52	9.250000	60.500000	9.720253e+04	3.379230e-05
	211	60	25.750000	58.500000	9.659359e+04	1.997582e-04
	55	103	-13.250000	47.750000	1.002365e+05	1.960957e-04
2022	2	18	6	6
	288	15	45.000000	69.750000	9.766951e+04	9.850500e-05
	147	35	9.750000	64.750000	9.734449e+04	9.514884e-05
	214	52	26.500000	60.500000	9.672186e+04	5.551607e-05
	48	57	-15.000000	59.250000	9.880705e+04	2.169674e-04
	219	60	27.750000	58.500000	9.672186e+04	1.816943e-04
	63	101	-11.250000	48.250000	1.000283e+05	2.099260e-04
2022	2	18	8	9
	6	7	-25.500000	71.750000	1.005165e+05	-5.670033e-05
	288	15	45.000000	69.750000	9.794358e+04	8.834554e-05
	140	33	8.000000	65.250000	9.751519e+04	5.401831e-05
	217	52	27.250000	60.500000	9.683059e+04	5.258278e-05
	52	59	-14.000000	58.750000	9.882943e+04	2.452189e-04
	227	59	29.750000	58.750000	9.683059e+04	1.638138e-04
	74	60	-8.500000	58.500000	9.882943e+04	2.100122e-04
	75	97	-8.250000	49.250000	1.000284e+05	1.679049e-04
2022	2	18	8	12
	6	7	-25.500000	71.750000	1.005532e+05	-3.194288e-05
	142	32	8.500000	65.500000	9.764980e+04	7.350506e-05
	234	57	31.500000	59.250000	9.697655e+04	1.633662e-04
	235	57	31.750000	59.250000	9.697655e+04	1.641505e-04
	56	59	-13.000000	58.750000	9.882008e+04	2.388928e-04
	78	61	-7.500000	58.250000	9.882008e+04	2.832806e-04
	85	94	-5.750000	50.000000	1.000201e+05	1.563308e-04
	279	119	42.750000	43.750000	1.000325e+05	-4.977387e-06
2022	2	18	6	15
	6	7	-25.500000	71.750000	1.005408e+05	-1.834506e-05
	142	32	8.500000	65.500000	9.772145e+04	9.047995e-05
	240	53	33.000000	60.250000	9.717648e+04	1.457651e-04
	61	60	-11.750000	58.500000	9.887653e+04	2.060478e-04
	85	61	-5.750000	58.250000	9.883962e+04	3.139270e-04
	102	90	-1.500000	51.000000	9.989433e+04	1.736763e-04
2022	2	18	5	18
	6	7	-25.500000	71.750000	1.004562e+05	-5.250764e-06
	147	32	9.750000	65.500000	9.776337e+04	1.126889e-04
	244	50	34.000000	61.000000	9.732027e+04	1.458363e-04
	65	61	-10.750000	58.250000	9.923662e+04	1.643477e-04
	116	87	2.000000	51.750000	9.980464e+04	1.710071e-04
2022	2	18	5	21
	6	7	-25.500000	71.750000	1.004162e+05	-2.277270e-06
	149	31	10.250000	65.750000	9.777405e+04	1.076723e-04
	246	47	34.500000	61.750000	9.739694e+04	1.206124e-04
	0	56	-27.000000	59.500000	9.808020e+04	1.385870e-04
	127	86	4.750000	52.000000	9.976055e+04	1.639481e-04
2022	2	19	10	0
	6	7	-25.500000	71.750000	1.003927e+05	-9.383270e-06
	149	30	10.250000	66.000000	9.778224e+04	1.103457e-04
	247	45	34.750000	62.250000	9.751384e+04	1.091496e-04
	248	45	35.000000	62.250000	9.751384e+04	1.135819e-04
	0	51	-27.000000	60.750000	9.776671e+04	1.311339e-04
	11	57	-24.250000	59.250000	9.776671e+04	2.294166e-04
	143	84	8.750000	52.500000	9.961491e+04	1.202545e-04
	261	109	38.250000	46.250000	9.986543e+04	2.412739e-04
	271	117	40.750000	44.250000	9.986543e+04	-1.139890e-04
	282	121	43.500000	43.250000	9.986543e+04	-1.018056e-05
2022	2	19	7	3
	6	7	-25.500000	71.750000	1.003042e+05	-2.317942e-06
	149	30	10.250000	66.000000	9.773330e+04	1.277937e-04
	248	43	35.000000	62.750000	9.757865e+04	1.262343e-04
	13	53	-23.750000	60.250000	9.767852e+04	1.836780e-04
	159	83	12.750000	52.750000	9.943971e+04	1.100445e-04
	268	109	40.000000	46.250000	1.001064e+05	2.059540e-04
	278	119	42.500000	43.750000	1.001281e+05	-1.723915e-05
2022	2	19	8	6
	6	7	-25.500000	71.750000	1.002123e+05	-2.611992e-07
	149	30	10.250000	66.000000	9.770324e+04	1.331963e-04
	249	40	35.250000	63.500000	9.768470e+04	9.251072e-05
	176	82	17.000000	53.000000	9.934552e+04	1.201978e-04
	286	122	44.500000	43.000000	1.003605e+05	3.290412e-05
	117	125	2.250000	42.250000	1.011909e+05	6.942058e-06
	73	130	-8.750000	41.000000	1.011246e+05	2.371826e-04
	265	140	39.250000	38.500000	1.014026e+05	1.130855e-04
2022	2	19	8	9
	6	7	-25.500000	71.750000	1.001545e+05	-9.424161e-06
	1	18	-26.750000	69.000000	9.918284e+04	-3.317347e-05
	149	30	10.250000	66.000000	9.777640e+04	1.337151e-04
	253	37	36.250000	64.250000	9.775886e+04	6.822497e-05
	191	82	20.750000	53.000000	9.931378e+04	1.390690e-04
	116	125	2.000000	42.250000	1.013886e+05	-4.062495e-06
	73	131	-8.750000	40.750000	1.013626e+05	2.386981e-04
	268	143	40.000000	37.750000	1.014808e+05	9.771012e-05
2022	2	19	9	12
	6	7	-25.500000	71.750000	1.001338e+05	-1.199003e-05
	151	30	10.750000	66.000000	9.783719e+04	1.455971e-04
	256	35	37.000000	64.750000	9.784370e+04	6.514595e-05
	257	35	37.250000	64.750000	9.784370e+04	5.753534e-05
	22	49	-21.500000	61.250000	9.789431e+04	1.999415e-04
	23	49	-21.250000	61.250000	9.789431e+04	2.025123e-04
	205	82	24.250000	53.000000	9.924580e+04	1.409327e-04
	287	128	44.750000	41.500000	1.012602e+05	-1.937509e-06
	72	134	-9.000000	40.000000	1.015707e+05	2.186414e-04
2022	2	19	7	15
	6	7	-25.500000	71.750000	1.000481e+05	-1.515607e-05
	153	30	11.250000	66.000000	9.791903e+04	1.320054e-04
	258	34	37.500000	65.000000	9.788980e+04	4.636078e-05
	0	55	-27.000000	59.750000	9.777606e+04	-2.422085e-05
	84	61	-6.000000	58.250000	9.816805e+04	2.676466e-04
	0	70	-27.000000	56.000000	9.754341e+04	1.179218e-04
	218	83	27.500000	52.750000	9.929140e+04	1.147531e-04
2022	2	19	7	18
	6	7	-25.500000	71.750000	9.994995e+04	-1.057690e-05
	153	30	11.250000	66.000000	9.800388e+04	6.775976e-05
	288	31	45.000000	65.750000	9.838400e+04	1.590218e-05
	258	34	37.500000	65.000000	9.791585e+04	4.668762e-05
	89	59	-4.750000	58.750000	9.816638e+04	2.608907e-04
	0	67	-27.000000	56.750000	9.655852e+04	1.274983e-04
	70	141	-9.500000	38.250000	1.016650e+05	1.706700e-04
2022	2	19	4	21
	142	27	8.500000	66.750000	9.808805e+04	1.295169e-04
	101	59	-1.750000	58.750000	9.839787e+04	1.892049e-04
	4	65	-26.000000	57.250000	9.584870e+04	3.044470e-04
	71	143	-9.250000	37.750000	1.018120e+05	1.636983e-04
2022	2	20	4	0
	142	29	8.500000	66.250000	9.811460e+04	1.025954e-04
	119	58	2.750000	59.000000	9.836847e+04	1.144188e-04
	14	63	-23.500000	57.750000	9.534748e+04	4.501670e-04
	70	145	-9.500000	37.250000	1.019162e+05	1.671411e-04
