2022	2	16	6	0
	288	11	45.000000	70.750000	9.873818e+04	8.104146e-05
	54	39	-13.500000	63.750000	9.719368e+04	3.685463e-04
	120	54	3.000000	60.000000	9.792425e+04	2.713008e-04
	65	67	-10.750000	56.750000	9.725455e+04	3.081138e-04
	171	121	15.750000	43.250000	1.014676e+05	1.213689e-05
	280	121	43.000000	43.250000	1.021021e+05	2.766674e-05
2022	2	16	5	3
	49	38	-14.750000	64.000000	9.723111e+04	3.612393e-04
	125	55	4.250000	59.750000	9.791419e+04	2.669487e-04
	74	66	-8.500000	57.000000	9.714256e+04	2.786250e-04
	279	121	42.750000	43.250000	1.021935e+05	2.313058e-05
	174	123	16.500000	42.750000	1.014150e+05	4.636275e-05
2022	2	16	4	6
	122	34	3.500000	65.000000	9.788493e+04	1.887455e-04
	42	35	-16.500000	64.750000	9.762133e+04	2.987567e-04
	84	66	-6.000000	57.000000	9.738195e+04	2.986635e-04
	99	67	-2.250000	56.750000	9.738195e+04	2.283466e-04
2022	2	16	4	9
	116	34	2.000000	65.000000	9.772780e+04	2.260041e-04
	105	65	-0.750000	57.250000	9.748339e+04	2.031943e-04
	45	71	-15.750000	55.750000	9.754473e+04	1.993580e-04
	181	137	18.250000	39.250000	1.014516e+05	1.555672e-04
2022	2	16	5	12
	112	35	1.000000	64.750000	9.755448e+04	1.904924e-04
	60	53	-12.000000	60.250000	9.744674e+04	1.154191e-04
	116	65	2.000000	57.250000	9.737597e+04	2.198267e-04
	61	68	-11.750000	56.500000	9.721051e+04	2.497721e-04
	183	136	18.750000	39.500000	1.011380e+05	1.835396e-04
2022	2	16	5	15
	109	35	0.250000	64.750000	9.737848e+04	2.016423e-04
	110	35	0.500000	64.750000	9.737848e+04	1.983879e-04
	126	65	4.500000	57.250000	9.720705e+04	1.938065e-04
	74	67	-8.500000	56.750000	9.691293e+04	3.059229e-04
	184	134	19.000000	40.000000	1.010295e+05	1.471138e-04
2022	2	16	5	18
	86	66	-5.500000	57.000000	9.718817e+04	2.508465e-04
	129	66	5.250000	57.000000	9.709852e+04	1.746424e-04
	148	108	10.000000	46.500000	1.006116e+05	-3.571998e-05
	280	121	43.000000	43.250000	1.021172e+05	-3.652303e-05
	183	132	18.750000	40.500000	1.011166e+05	1.163261e-04
2022	2	16	5	21
	288	11	45.000000	70.750000	9.890538e+04	1.003787e-04
	170	64	15.500000	57.500000	9.685096e+04	1.870937e-04
	142	66	8.500000	57.000000	9.680944e+04	1.571863e-04
	137	117	7.250000	44.250000	1.012022e+05	3.604133e-05
	181	131	18.250000	40.750000	1.011619e+05	1.441066e-04
2022	2	17	5	0
	288	11	45.000000	70.750000	9.893573e+04	1.063707e-04
	179	62	17.750000	58.000000	9.654222e+04	1.901727e-04
	158	66	12.500000	57.000000	9.654222e+04	1.826308e-04
	138	117	7.500000	44.250000	1.009967e+05	5.855655e-05
	179	133	17.750000	40.250000	1.012465e+05	1.401475e-04
2022	2	17	3	3
	185	60	19.250000	58.500000	9.612416e+04	1.954865e-04
	150	109	10.500000	46.250000	1.001098e+05	1.472529e-05
	278	121	42.500000	43.250000	1.018923e+05	-2.666407e-05
2022	2	17	2	6
	288	12	45.000000	70.500000	9.906202e+04	9.709923e-05
	192	63	21.000000	57.750000	9.590884e+04	1.421009e-04
2022	2	17	5	9
	198	60	22.500000	58.500000	9.569951e+04	1.339501e-04
	0	112	-27.000000	45.500000	1.009673e+05	6.316584e-05
	138	117	7.500000	44.250000	1.008786e+05	6.471657e-05
	5	120	-25.750000	43.500000	1.009673e+05	1.464281e-04
	278	120	42.500000	43.500000	1.016160e+05	-1.093604e-05
2022	2	17	4	12
	202	58	23.500000	59.000000	9.554301e+04	1.729953e-04
	8	105	-25.000000	47.250000	1.005593e+05	1.728686e-04
	15	114	-23.250000	45.000000	1.005593e+05	1.746571e-04
	278	120	42.500000	43.500000	1.013709e+05	4.241620e-06
2022	2	17	3	15
	210	55	25.500000	59.750000	9.554018e+04	1.867099e-04
	15	101	-23.250000	48.250000	9.979936e+04	2.897093e-04
	24	107	-21.000000	46.750000	9.979936e+04	1.513021e-04
2022	2	17	4	18
	288	31	45.000000	65.750000	9.890207e+04	6.343395e-05
	214	52	26.500000	60.500000	9.555308e+04	1.792836e-04
	21	98	-21.750000	49.000000	9.920358e+04	3.366776e-04
	33	101	-18.750000	48.250000	9.920358e+04	2.306208e-04
2022	2	17	4	21
	288	27	45.000000	66.750000	9.876885e+04	1.029857e-04
	0	29	-27.000000	66.250000	9.951893e+04	1.022144e-04
	215	47	26.750000	61.750000	9.557714e+04	1.826277e-04
	38	95	-17.500000	49.750000	9.867716e+04	2.934501e-04
2022	2	18	3	0
	216	44	27.000000	62.500000	9.567355e+04	1.836952e-04
	41	92	-16.750000	50.500000	9.803246e+04	4.630327e-04
	153	110	11.250000	46.000000	1.011841e+05	6.539398e-05
2022	2	18	2	3
	216	42	27.000000	63.000000	9.568268e+04	1.853545e-04
	47	93	-15.250000	50.250000	9.760073e+04	5.659015e-04
2022	2	18	3	6
	216	41	27.000000	63.250000	9.574999e+04	1.895938e-04
	79	83	-7.250000	52.750000	9.746373e+04	1.980040e-04
	61	89	-11.750000	51.250000	9.740255e+04	4.585235e-04
2022	2	18	3	9
	218	40	27.500000	63.500000	9.586355e+04	2.142171e-04
	83	80	-6.250000	53.500000	9.735033e+04	2.151968e-04
	73	87	-8.750000	51.750000	9.735033e+04	3.422626e-04
2022	2	18	3	12
	220	38	28.000000	64.000000	9.611882e+04	2.195680e-04
	104	75	-1.000000	54.750000	9.753058e+04	1.972843e-04
	86	83	-5.500000	52.750000	9.740380e+04	4.006904e-04
2022	2	18	4	15
	221	37	28.250000	64.250000	9.635662e+04	2.280868e-04
	108	71	0.000000	55.750000	9.736748e+04	2.980593e-04
	98	80	-2.500000	53.500000	9.736748e+04	3.764598e-04
	99	80	-2.250000	53.500000	9.736748e+04	3.171308e-04
2022	2	18	3	18
	222	36	28.500000	64.500000	9.654930e+04	1.715759e-04
	0	52	-27.000000	60.500000	9.783680e+04	9.035902e-05
	117	69	2.250000	56.250000	9.706880e+04	2.702574e-04
2022	2	18	6	21
	224	36	29.000000	64.500000	9.675345e+04	1.445832e-04
	0	49	-27.000000	61.250000	9.770374e+04	9.645979e-05
	125	72	4.250000	55.500000	9.690805e+04	1.332859e-04
	282	121	43.500000	43.250000	1.004788e+05	2.701979e-05
	108	126	0.000000	42.000000	1.014212e+05	3.734610e-05
	107	136	-0.250000	39.500000	1.014212e+05	2.645975e-05
2022	2	19	6	0
	242	28	33.500000	66.500000	9.688195e+04	1.058140e-04
	144	29	9.000000	66.250000	9.775612e+04	3.397805e-05
	13	51	-23.750000	60.750000	9.775927e+04	2.194673e-04
	141	70	8.250000	56.000000	9.682800e+04	1.544348e-04
	138	111	7.500000	45.750000	1.008402e+05	-3.288827e-05
	282	121	43.500000	43.250000	1.006298e+05	3.657672e-05
2022	2	19	7	3
	249	18	35.250000	69.000000	9.692316e+04	1.709426e-04
	241	27	33.250000	66.750000	9.692316e+04	5.047449e-05
	147	30	9.750000	66.000000	9.769336e+04	5.203065e-05
	0	51	-27.000000	60.750000	9.772183e+04	1.004117e-04
	28	53	-20.000000	60.250000	9.778884e+04	2.153980e-04
	154	69	11.500000	56.250000	9.683413e+04	2.094154e-04
	137	117	7.250000	44.250000	1.012014e+05	1.501154e-04
2022	2	19	8	6
	248	17	35.000000	69.250000	9.702350e+04	1.698054e-04
	241	27	33.250000	66.750000	9.702350e+04	8.590733e-05
	149	30	10.250000	66.000000	9.767260e+04	7.472492e-05
	27	50	-20.250000	61.000000	9.778679e+04	1.832064e-04
	2	52	-26.500000	60.500000	9.778333e+04	1.767234e-04
	169	67	15.250000	56.750000	9.702288e+04	2.162647e-04
	137	117	7.250000	44.250000	1.012592e+05	1.281487e-04
	251	151	35.750000	35.750000	1.011362e+05	1.146928e-04
2022	2	19	6	9
	246	17	34.500000	69.250000	9.713360e+04	1.647849e-04
	243	28	33.750000	66.500000	9.713360e+04	4.745517e-05
	153	29	11.250000	66.250000	9.770563e+04	9.367605e-05
	66	66	-10.500000	57.000000	9.826823e+04	2.532508e-04
	180	66	18.000000	57.000000	9.715262e+04	1.596746e-04
	137	117	7.250000	44.250000	1.014197e+05	1.195772e-04
2022	2	19	8	12
	250	16	35.500000	69.500000	9.723111e+04	1.522505e-04
	154	29	11.500000	66.250000	9.777656e+04	1.078758e-04
	192	65	21.000000	57.250000	9.740727e+04	1.320866e-04
	71	66	-9.250000	57.000000	9.850305e+04	2.495519e-04
	145	110	9.250000	46.000000	1.014134e+05	1.300479e-05
	136	118	7.000000	44.000000	1.014134e+05	1.240331e-04
	96	145	-3.000000	37.250000	1.017267e+05	7.930052e-05
	260	157	38.000000	34.250000	1.008640e+05	1.482019e-05
2022	2	19	12	15
	250	16	35.500000	69.500000	9.735615e+04	1.522454e-04
	154	28	11.500000	66.500000	9.785002e+04	1.342061e-04
	5	44	-25.750000	62.500000	9.782627e+04	1.437077e-04
	206	65	24.500000	57.250000	9.770469e+04	1.494088e-04
	78	68	-7.500000	56.500000	9.876319e+04	2.433660e-04
	108	71	0.000000	55.750000	9.885850e+04	1.975398e-04
	145	110	9.250000	46.000000	1.012909e+05	1.011888e-05
	135	119	6.750000	43.750000	1.012909e+05	1.284200e-04
	97	143	-2.750000	37.750000	1.015876e+05	6.260365e-05
	116	153	2.000000	35.250000	1.015273e+05	-1.655307e-05
	269	162	40.250000	33.000000	1.009255e+05	4.192068e-05
	282	162	43.500000	33.000000	1.009255e+05	1.047927e-04
2022	2	19	11	18
	252	16	36.000000	69.500000	9.743966e+04	1.475439e-04
	155	28	11.750000	66.500000	9.790380e+04	1.489460e-04
	0	50	-27.000000	61.000000	9.706030e+04	-1.030629e-05
	0	63	-27.000000	57.750000	9.695587e+04	1.153310e-04
	220	65	28.000000	57.250000	9.791938e+04	1.497827e-04
	84	69	-6.000000	56.250000	9.902145e+04	2.191138e-04
	116	71	2.000000	55.750000	9.880424e+04	2.210714e-04
	139	121	7.750000	43.250000	1.014573e+05	7.090765e-05
	118	154	2.500000	35.000000	1.016539e+05	4.707182e-05
	272	161	41.000000	33.250000	1.011175e+05	2.992040e-05
	284	162	44.000000	33.000000	1.011175e+05	1.011292e-04
2022	2	19	7	21
	274	5	41.500000	72.250000	9.753404e+04	1.478991e-04
	255	17	36.750000	69.250000	9.753702e+04	1.186580e-04
	155	27	11.750000	66.750000	9.795791e+04	1.333052e-04
	242	62	33.500000	58.000000	9.806014e+04	6.632408e-05
	135	72	6.750000	55.500000	9.881399e+04	1.756527e-04
	139	121	7.750000	43.250000	1.015667e+05	9.312413e-05
	282	162	43.500000	33.000000	1.011204e+05	7.926794e-05
2022	2	20	7	0
	275	3	41.750000	72.750000	9.754536e+04	1.536813e-04
	33	18	-18.750000	69.000000	9.858310e+04	1.431700e-04
	262	18	38.500000	69.000000	9.756911e+04	9.658580e-05
	155	26	11.750000	67.000000	9.797128e+04	1.487070e-04
	1	58	-26.750000	59.000000	9.581353e+04	1.464098e-04
	255	58	36.750000	59.000000	9.810434e+04	1.220378e-04
	142	71	8.500000	55.750000	9.884907e+04	1.655392e-04
