2022	2	14	4	0
	217	9	27.250000	71.250000	9.832903e+04	1.254656e-04
	1	17	-26.750000	69.250000	9.980865e+04	1.923917e-05
	221	20	28.250000	68.500000	9.832903e+04	7.016132e-05
	103	71	-1.250000	55.750000	9.848688e+04	1.091563e-04
2022	2	14	3	3
	59	5	-12.250000	72.250000	1.000654e+05	1.086607e-04
	213	9	26.250000	71.250000	9.800291e+04	2.667661e-04
	107	71	-0.250000	55.750000	9.848944e+04	9.060209e-05
2022	2	14	4	6
	66	4	-10.500000	72.500000	1.000322e+05	1.188335e-04
	214	10	26.500000	71.000000	9.782333e+04	3.248094e-04
	115	70	1.750000	56.000000	9.849492e+04	5.643699e-05
	122	121	3.500000	43.250000	1.009099e+05	2.034719e-04
2022	2	14	3	9
	73	2	-8.750000	73.000000	1.001108e+05	1.055059e-04
	230	8	30.500000	71.500000	9.784918e+04	2.054614e-04
	125	70	4.250000	56.000000	9.852693e+04	1.545207e-04
2022	2	14	6	12
	78	1	-7.500000	73.250000	1.000918e+05	7.816052e-05
	7	6	-25.250000	72.000000	1.000546e+05	2.347705e-05
	226	9	29.500000	71.250000	9.782659e+04	2.076459e-04
	235	13	31.750000	70.250000	9.782659e+04	2.274252e-04
	0	48	-27.000000	61.500000	9.769459e+04	1.186753e-04
	130	66	5.500000	57.000000	9.839820e+04	1.920389e-04
2022	2	14	5	15
	84	0	-6.000000	73.500000	1.001284e+05	5.900048e-05
	242	13	33.500000	70.250000	9.780570e+04	1.978835e-04
	288	13	45.000000	70.250000	9.926820e+04	1.547737e-05
	0	44	-27.000000	62.500000	9.729332e+04	1.179946e-04
	133	62	6.250000	58.000000	9.826107e+04	2.343001e-04
2022	2	14	7	18
	225	8	29.250000	71.500000	9.788171e+04	3.663836e-04
	249	12	35.250000	70.500000	9.788171e+04	1.935899e-04
	288	12	45.000000	70.500000	9.903520e+04	7.231347e-05
	0	40	-27.000000	63.500000	9.708995e+04	1.157335e-04
	31	50	-19.250000	61.000000	9.753367e+04	2.351550e-04
	150	56	10.500000	59.500000	9.845914e+04	2.024679e-04
	135	60	6.750000	58.500000	9.845914e+04	2.657814e-04
2022	2	14	5	21
	254	12	36.500000	70.500000	9.792005e+04	2.127560e-04
	0	37	-27.000000	64.250000	9.714523e+04	1.171575e-04
	23	44	-21.250000	62.500000	9.717913e+04	2.197349e-04
	138	59	7.500000	58.750000	9.859746e+04	2.338914e-04
	139	121	7.750000	43.250000	1.011443e+05	1.375490e-04
2022	2	15	6	0
	6	7	-25.500000	71.750000	9.972288e+04	5.274372e-05
	262	12	38.500000	70.500000	9.799538e+04	1.946391e-04
	14	39	-23.500000	63.750000	9.714592e+04	2.618491e-04
	127	51	4.750000	60.750000	9.863050e+04	1.498048e-04
	143	58	8.750000	59.000000	9.863050e+04	2.408885e-04
	145	118	9.250000	44.000000	1.011215e+05	1.614842e-04
2022	2	15	7	3
	6	7	-25.500000	71.750000	9.970593e+04	5.819160e-05
	266	11	39.500000	70.750000	9.806077e+04	2.037893e-04
	1	35	-26.750000	64.750000	9.700931e+04	1.372745e-04
	28	38	-20.000000	64.000000	9.701171e+04	7.714704e-05
	127	48	4.750000	61.500000	9.864830e+04	1.531192e-04
	149	55	10.250000	59.750000	9.860294e+04	2.914377e-04
	146	117	9.500000	44.250000	1.010748e+05	1.364790e-04
2022	2	15	6	6
	269	11	40.250000	70.750000	9.813405e+04	2.074690e-04
	270	11	40.500000	70.750000	9.813405e+04	2.143417e-04
	127	47	4.750000	61.750000	9.864386e+04	1.928901e-04
	152	52	11.000000	60.500000	9.863136e+04	2.794302e-04
	0	89	-27.000000	51.250000	9.928343e+04	1.057488e-04
	158	113	12.500000	45.250000	1.011258e+05	9.629691e-05
2022	2	15	6	9
	274	11	41.500000	70.750000	9.826689e+04	2.022595e-04
	17	34	-22.750000	65.000000	9.728493e+04	1.242213e-04
	127	46	4.750000	62.000000	9.858342e+04	1.953677e-04
	155	49	11.750000	61.250000	9.858394e+04	2.194200e-04
	8	86	-25.000000	52.000000	9.906961e+04	1.938893e-04
	159	113	12.750000	45.250000	1.012162e+05	1.000171e-04
2022	2	15	8	12
	279	11	42.750000	70.750000	9.839528e+04	2.304864e-04
	35	36	-18.250000	64.500000	9.766943e+04	1.189539e-04
	0	40	-27.000000	63.500000	9.736316e+04	4.306301e-05
	134	41	6.500000	63.250000	9.849714e+04	1.418432e-04
	58	44	-12.500000	62.500000	9.766480e+04	2.678780e-04
	158	47	12.500000	61.750000	9.849869e+04	1.684854e-04
	18	84	-22.500000	52.500000	9.903127e+04	1.761411e-04
	160	111	13.000000	45.750000	1.012093e+05	9.965105e-05
2022	2	15	6	15
	282	10	43.500000	71.000000	9.847814e+04	2.343247e-04
	0	39	-27.000000	63.750000	9.745338e+04	1.438380e-05
	134	40	6.500000	63.500000	9.831945e+04	1.957485e-04
	53	42	-13.750000	63.000000	9.758794e+04	2.912443e-04
	29	82	-19.750000	53.000000	9.890784e+04	1.939513e-04
	154	162	11.500000	33.000000	1.016002e+05	5.603491e-05
2022	2	15	5	18
	288	9	45.000000	71.250000	9.859062e+04	1.262806e-04
	46	39	-15.500000	63.750000	9.758092e+04	2.724420e-04
	113	54	1.250000	60.000000	9.787931e+04	1.926295e-04
	40	81	-17.000000	53.250000	9.884415e+04	1.951009e-04
	161	162	13.250000	33.000000	1.016380e+05	-3.700235e-05
2022	2	15	5	21
	38	36	-17.500000	64.500000	9.772558e+04	2.279802e-04
	131	38	5.750000	64.000000	9.805341e+04	2.332040e-04
	121	54	3.250000	60.000000	9.779166e+04	2.281812e-04
	0	74	-27.000000	55.000000	9.765437e+04	1.160285e-04
	164	158	14.000000	34.000000	1.017584e+05	1.457511e-05
2022	2	16	3	0
	129	37	5.250000	64.250000	9.791869e+04	2.246210e-04
	125	53	4.250000	60.250000	9.778173e+04	2.410638e-04
	0	68	-27.000000	56.500000	9.667771e+04	1.170492e-04
2022	2	16	4	3
	127	37	4.750000	64.250000	9.786305e+04	2.219945e-04
	128	54	5.000000	60.000000	9.795720e+04	2.369258e-04
	1	66	-26.750000	57.000000	9.606330e+04	1.606227e-04
	278	121	42.500000	43.250000	1.021713e+05	8.667913e-06
2022	2	16	6	6
	127	38	4.750000	64.000000	9.776495e+04	1.915858e-04
	145	42	9.250000	63.000000	9.776495e+04	5.928502e-05
	139	50	7.750000	61.000000	9.781768e+04	-2.882577e-05
	17	60	-22.750000	58.500000	9.579659e+04	1.724595e-04
	137	116	7.250000	44.500000	1.011679e+05	9.862749e-05
	278	121	42.500000	43.250000	1.021862e+05	6.120531e-06
2022	2	16	6	9
	286	7	44.500000	71.750000	9.890441e+04	1.317655e-04
	127	38	4.750000	64.000000	9.771719e+04	1.763183e-04
	145	41	9.250000	63.250000	9.771719e+04	1.860531e-05
	32	57	-19.000000	59.250000	9.560622e+04	2.191930e-04
	49	59	-14.750000	58.750000	9.560622e+04	2.653428e-04
	137	116	7.250000	44.500000	1.010371e+05	9.429226e-05
2022	2	16	5	12
	285	7	44.250000	71.750000	9.889466e+04	1.661384e-04
	124	37	4.000000	64.250000	9.762663e+04	1.654212e-04
	50	55	-14.500000	59.750000	9.546412e+04	3.088721e-04
	68	58	-10.000000	59.000000	9.546412e+04	2.958258e-04
	178	149	17.500000	36.250000	1.014040e+05	1.075771e-04
2022	2	16	5	15
	282	6	43.500000	72.000000	9.884638e+04	1.746601e-04
	46	55	-15.500000	59.750000	9.546430e+04	2.804834e-04
	68	55	-10.000000	59.750000	9.546430e+04	2.806153e-04
	136	119	7.000000	43.750000	1.012480e+05	1.492695e-04
	180	146	18.000000	37.000000	1.012239e+05	1.362059e-04
2022	2	16	8	18
	278	5	42.500000	72.250000	9.878886e+04	1.890085e-04
	279	5	42.750000	72.250000	9.878886e+04	1.826415e-04
	183	41	18.750000	63.250000	9.768741e+04	1.437866e-04
	67	55	-10.250000	59.750000	9.543948e+04	3.073697e-04
	136	116	7.000000	44.500000	1.010803e+05	6.150765e-05
	182	145	18.500000	37.250000	1.011813e+05	1.524049e-04
	287	155	44.750000	34.750000	1.015471e+05	4.849860e-05
	269	162	40.250000	33.000000	1.016209e+05	2.545625e-05
2022	2	16	6	21
	276	5	42.000000	72.250000	9.878783e+04	1.650868e-04
	277	6	42.250000	72.000000	9.878783e+04	1.429405e-04
	67	57	-10.250000	59.250000	9.565261e+04	3.414172e-04
	137	117	7.250000	44.250000	1.009651e+05	6.371140e-05
	281	121	43.250000	43.250000	1.019467e+05	-1.649270e-05
	184	143	19.000000	37.750000	1.012352e+05	1.604824e-04
2022	2	17	4	0
	274	5	41.500000	72.250000	9.880084e+04	1.655153e-04
	275	5	41.750000	72.250000	9.880084e+04	1.629611e-04
	280	121	43.000000	43.250000	1.019456e+05	-2.817041e-05
	185	142	19.250000	38.000000	1.011101e+05	1.506232e-04
2022	2	17	8	3
	274	6	41.500000	72.000000	9.879793e+04	1.629781e-04
	126	56	4.500000	59.500000	9.611072e+04	1.700769e-04
	100	58	-2.000000	59.000000	9.614462e+04	1.494926e-04
	151	61	10.750000	58.250000	9.616465e+04	2.281477e-04
	150	109	10.500000	46.250000	9.997026e+04	1.895860e-05
	138	117	7.500000	44.250000	1.006109e+05	9.235564e-05
	279	121	42.750000	43.250000	1.017274e+05	-3.063974e-05
	185	140	19.250000	38.500000	1.010418e+05	1.287073e-04
2022	2	17	7	6
	273	5	41.250000	72.250000	9.879673e+04	1.651287e-04
	126	56	4.500000	59.500000	9.621241e+04	1.755014e-04
	158	61	12.500000	58.250000	9.617270e+04	2.205287e-04
	174	62	16.500000	58.000000	9.617270e+04	1.767083e-04
	6	101	-25.500000	48.250000	1.006191e+05	1.770994e-04
	280	121	43.000000	43.250000	1.016692e+05	-7.890088e-06
	181	149	18.250000	36.250000	1.011152e+05	1.518440e-04
2022	2	17	7	9
	272	5	41.000000	72.250000	9.886316e+04	1.559881e-04
	127	57	4.750000	59.250000	9.655702e+04	2.060222e-04
	176	59	17.000000	58.750000	9.620813e+04	1.774064e-04
	177	59	17.250000	58.750000	9.620813e+04	1.825210e-04
	190	64	20.500000	57.500000	9.620813e+04	1.655954e-04
	13	96	-23.750000	49.500000	1.003409e+05	2.230116e-04
	183	152	18.750000	35.500000	1.011698e+05	1.624202e-04
2022	2	17	4	12
	177	59	17.250000	58.750000	9.611021e+04	2.001864e-04
	193	61	21.250000	58.250000	9.611021e+04	1.464716e-04
	20	92	-22.000000	50.500000	1.000810e+05	2.347980e-04
	184	153	19.000000	35.250000	1.010904e+05	1.780527e-04
2022	2	17	4	15
	180	61	18.000000	58.250000	9.621104e+04	2.371768e-04
	19	70	-22.250000	56.000000	9.989510e+04	2.174679e-04
	28	87	-20.000000	51.750000	9.957771e+04	2.475020e-04
	187	156	19.750000	34.500000	1.010222e+05	1.986728e-04
2022	2	17	6	18
	8	37	-25.000000	64.250000	9.939316e+04	1.139904e-04
	193	60	21.250000	58.500000	9.628362e+04	1.758382e-04
	24	68	-21.000000	56.500000	9.962256e+04	2.228630e-04
	38	83	-17.500000	52.750000	9.902870e+04	3.572168e-04
	155	109	11.750000	46.250000	1.000589e+05	8.307445e-05
	188	158	20.000000	34.000000	1.010712e+05	1.914778e-04
2022	2	17	5	21
	5	36	-25.750000	64.500000	9.933958e+04	1.571126e-04
	22	40	-21.500000	63.500000	9.933958e+04	1.135313e-04
	200	57	23.000000	59.250000	9.642161e+04	2.193635e-04
	28	66	-20.000000	57.000000	9.929319e+04	2.137057e-04
	48	79	-15.000000	53.750000	9.838450e+04	4.599671e-04
2022	2	18	5	0
	133	28	6.250000	66.500000	9.796645e+04	4.463298e-05
	3	36	-26.250000	64.500000	9.924714e+04	1.242170e-04
	201	58	23.250000	59.000000	9.662533e+04	2.125566e-04
	29	64	-19.750000	57.500000	9.891742e+04	2.379560e-04
	55	76	-13.250000	54.500000	9.768159e+04	4.867402e-04
2022	2	18	4	3
	131	28	5.750000	66.500000	9.794420e+04	6.404826e-05
	207	59	24.750000	58.750000	9.684976e+04	1.224914e-04
	30	64	-19.500000	57.500000	9.866543e+04	3.091564e-04
	66	74	-10.500000	55.000000	9.743627e+04	5.490458e-04
2022	2	18	5	6
	130	30	5.500000	66.000000	9.789866e+04	7.700991e-05
	214	52	26.500000	60.500000	9.706461e+04	5.687084e-05
	35	65	-18.250000	57.250000	9.858017e+04	3.430214e-04
	76	73	-8.000000	55.250000	9.736642e+04	5.286523e-04
	137	120	7.250000	43.500000	1.012746e+05	1.849365e-04
2022	2	18	5	9
	134	31	6.500000	65.750000	9.786527e+04	1.040665e-04
	224	45	29.000000	62.250000	9.718102e+04	8.596981e-05
	40	66	-17.000000	57.000000	9.878646e+04	3.419292e-04
	89	72	-4.750000	55.500000	9.763536e+04	4.267842e-04
	141	121	8.250000	43.250000	1.014096e+05	1.317010e-04
2022	2	18	5	12
	108	26	0.000000	67.000000	9.785517e+04	1.077113e-04
	133	30	6.250000	66.000000	9.785517e+04	1.265454e-04
	229	42	30.250000	63.000000	9.726148e+04	1.211563e-04
	46	68	-15.500000	56.500000	9.911361e+04	3.374089e-04
	105	69	-0.750000	56.250000	9.765881e+04	2.719747e-04
2022	2	18	6	15
	133	29	6.250000	66.250000	9.781614e+04	1.331115e-04
	246	34	34.500000	65.000000	9.733184e+04	1.105762e-04
	233	40	31.250000	63.500000	9.733184e+04	1.211488e-04
	126	68	4.500000	56.500000	9.756466e+04	2.017814e-04
	54	69	-13.500000	56.250000	9.936338e+04	3.209542e-04
	26	147	-20.500000	36.750000	1.014440e+05	1.819592e-04
2022	2	18	8	18
	130	29	5.500000	66.250000	9.780912e+04	1.121276e-04
	236	39	32.000000	63.750000	9.734194e+04	1.031092e-04
	0	42	-27.000000	63.000000	9.858069e+04	1.000751e-04
	139	69	7.750000	56.250000	9.754873e+04	2.001445e-04
	140	69	8.000000	56.250000	9.754873e+04	2.036553e-04
	63	71	-11.250000	55.750000	9.969720e+04	2.964381e-04
	28	148	-20.000000	36.500000	1.014119e+05	1.934020e-04
	216	149	27.000000	36.250000	1.009519e+05	1.020267e-04
2022	2	18	7	21
	252	29	36.000000	66.250000	9.734074e+04	9.803295e-05
	138	35	7.500000	64.750000	9.784541e+04	9.433241e-05
	139	35	7.750000	64.750000	9.784541e+04	9.400770e-05
	158	68	12.500000	56.500000	9.755388e+04	2.212991e-04
	173	69	16.250000	56.250000	9.755388e+04	1.741560e-04
	72	74	-9.000000	55.000000	1.000278e+05	2.837097e-04
	30	149	-19.500000	36.250000	1.014613e+05	1.736780e-04
2022	2	19	6	0
	150	3	10.500000	72.750000	9.840932e+04	2.821987e-04
	255	28	36.750000	66.500000	9.733714e+04	8.973294e-05
	123	29	3.750000	66.250000	9.793769e+04	1.419290e-04
	142	35	8.500000	64.750000	9.793769e+04	1.303332e-04
	179	68	17.750000	56.500000	9.751245e+04	1.999681e-04
	30	148	-19.500000	36.500000	1.014903e+05	2.081751e-04
2022	2	19	6	3
	149	2	10.250000	73.000000	9.835642e+04	1.904444e-04
	119	30	2.750000	66.000000	9.806369e+04	1.193170e-04
	149	35	10.250000	64.750000	9.807721e+04	1.441211e-04
	191	67	20.750000	56.750000	9.750217e+04	2.045907e-04
	282	121	43.500000	43.250000	1.009442e+05	3.694079e-05
	29	148	-19.750000	36.500000	1.013321e+05	2.230252e-04
2022	2	19	10	6
	151	2	10.750000	73.000000	9.826073e+04	1.777984e-04
	116	31	2.000000	65.750000	9.821845e+04	1.211957e-04
	149	35	10.250000	64.750000	9.825388e+04	1.204143e-04
	0	40	-27.000000	63.500000	9.725446e+04	1.219267e-04
	121	40	3.250000	63.500000	9.821845e+04	2.059074e-04
	0	55	-27.000000	59.750000	9.722775e+04	8.241028e-05
	204	67	24.000000	56.750000	9.771223e+04	1.565939e-04
	152	107	11.000000	46.750000	1.010197e+05	1.580315e-05
	138	117	7.500000	44.250000	1.010712e+05	1.004128e-04
	27	150	-20.250000	36.000000	1.012686e+05	2.361116e-04
2022	2	19	9	9
	152	1	11.000000	73.250000	9.822323e+04	2.324498e-04
	116	31	2.000000	65.750000	9.844391e+04	1.579031e-04
	151	35	10.750000	64.750000	9.845366e+04	1.107745e-04
	130	39	5.500000	63.750000	9.844391e+04	2.023927e-04
	0	51	-27.000000	60.750000	9.627798e+04	1.043718e-04
	227	67	29.750000	56.750000	9.792912e+04	1.189465e-04
	151	108	10.750000	46.500000	1.011349e+05	3.570412e-05
	138	117	7.500000	44.250000	1.012097e+05	1.087059e-04
	25	153	-20.750000	35.250000	1.013872e+05	1.791016e-04
2022	2	19	9	12
	146	1	9.500000	73.250000	9.817291e+04	2.342929e-04
	116	32	2.000000	65.500000	9.864043e+04	1.709675e-04
	138	38	7.500000	64.000000	9.864043e+04	1.631492e-04
	0	48	-27.000000	61.500000	9.544770e+04	1.683371e-04
	241	66	33.250000	57.000000	9.805666e+04	8.643200e-05
	152	109	11.000000	46.250000	1.013547e+05	4.892372e-05
	137	119	7.250000	43.750000	1.013122e+05	9.892116e-05
	22	154	-21.500000	35.000000	1.015550e+05	1.933638e-04
	23	154	-21.250000	35.000000	1.015550e+05	1.843676e-04
2022	2	19	8	15
	142	3	8.500000	72.750000	9.818078e+04	2.538885e-04
	116	33	2.000000	65.250000	9.882002e+04	2.007797e-04
	143	37	8.750000	64.250000	9.880358e+04	1.638370e-04
	27	39	-20.250000	63.750000	9.468127e+04	4.361266e-05
	0	44	-27.000000	62.500000	9.459053e+04	2.407638e-04
	251	64	35.750000	57.500000	9.819499e+04	1.336768e-04
	137	120	7.250000	43.500000	1.012571e+05	6.155208e-05
	20	156	-22.000000	34.500000	1.014603e+05	1.684443e-04
2022	2	19	8	18
	145	3	9.250000	72.750000	9.821998e+04	2.097909e-04
	34	36	-18.500000	64.500000	9.403912e+04	9.067229e-05
	6	41	-25.500000	63.250000	9.388437e+04	5.197980e-04
	259	63	37.750000	57.750000	9.823813e+04	1.207167e-04
	136	122	7.000000	43.000000	1.015803e+05	3.916315e-05
	147	126	9.750000	42.000000	1.015803e+05	2.115111e-05
	173	126	16.250000	42.000000	1.017828e+05	5.756353e-05
	16	159	-23.000000	33.750000	1.014398e+05	1.895931e-04
2022	2	19	6	21
	147	4	9.750000	72.500000	9.826398e+04	2.348472e-04
	288	18	45.000000	69.000000	9.812343e+04	-4.187365e-05
	35	36	-18.250000	64.500000	9.382598e+04	1.323214e-04
	4	39	-26.000000	63.750000	9.338825e+04	6.391303e-04
	265	62	39.250000	58.000000	9.823830e+04	1.021486e-04
	15	162	-23.250000	33.000000	1.015307e+05	9.375523e-05
2022	2	20	5	0
	149	5	10.250000	72.250000	9.823470e+04	2.473405e-04
	47	34	-15.250000	65.000000	9.605902e+04	3.121772e-04
	0	40	-27.000000	63.500000	9.422949e+04	6.871069e-05
	274	61	41.500000	58.250000	9.827613e+04	1.232868e-04
	146	137	9.500000	39.250000	1.019237e+05	4.270444e-05
