2022	2	16	6	0
	288	11	45.000000	70.750000	9.881093e+04	8.581303e-05
	55	39	-13.250000	63.750000	9.773347e+04	2.180467e-04
	118	53	2.500000	60.250000	9.805274e+04	1.333027e-04
	66	67	-10.500000	56.750000	9.738197e+04	2.784694e-04
	280	121	43.000000	43.250000	1.021324e+05	3.269851e-05
	172	122	16.000000	43.000000	1.014595e+05	4.177128e-05
2022	2	16	5	3
	49	39	-14.750000	63.750000	9.767342e+04	2.153172e-04
	121	52	3.250000	60.500000	9.797718e+04	1.356227e-04
	77	67	-7.750000	56.750000	9.742470e+04	2.621347e-04
	280	121	43.000000	43.250000	1.021558e+05	2.865330e-05
	174	122	16.500000	43.000000	1.014353e+05	6.160011e-05
2022	2	16	5	6
	122	33	3.500000	65.250000	9.791135e+04	1.847309e-04
	46	38	-15.500000	64.000000	9.758752e+04	2.087234e-04
	123	51	3.750000	60.750000	9.792640e+04	1.550418e-04
	85	66	-5.750000	57.000000	9.763723e+04	2.558012e-04
	100	68	-2.000000	56.500000	9.763723e+04	2.266977e-04
2022	2	16	5	9
	117	34	2.250000	65.000000	9.778942e+04	2.278851e-04
	118	34	2.500000	65.000000	9.778942e+04	2.234754e-04
	47	61	-15.250000	58.250000	9.741527e+04	4.347173e-05
	113	67	1.250000	56.750000	9.760440e+04	2.277369e-04
	181	136	18.250000	39.500000	1.014555e+05	1.439184e-04
2022	2	16	4	12
	112	34	1.000000	65.000000	9.761732e+04	2.038194e-04
	53	60	-13.750000	58.500000	9.700098e+04	9.538271e-05
	123	66	3.750000	57.000000	9.754495e+04	2.256682e-04
	66	67	-10.500000	56.750000	9.700098e+04	2.849968e-04
2022	2	16	6	15
	106	35	-0.500000	64.750000	9.747091e+04	1.823810e-04
	67	54	-10.250000	60.000000	9.691052e+04	1.077432e-04
	79	65	-7.250000	57.250000	9.672990e+04	3.177258e-04
	133	66	6.250000	57.000000	9.736662e+04	2.076606e-04
	136	114	7.000000	45.000000	1.010983e+05	1.536680e-05
	185	137	19.250000	39.250000	1.010780e+05	1.751426e-04
2022	2	16	4	18
	0	30	-27.000000	66.000000	9.811203e+04	9.260780e-05
	93	65	-3.750000	57.250000	9.686582e+04	2.630329e-04
	279	120	42.750000	43.500000	1.021449e+05	-1.966059e-05
	185	136	19.250000	39.500000	1.011595e+05	1.401756e-04
2022	2	16	6	21
	0	29	-27.000000	66.250000	9.832199e+04	1.113212e-04
	106	66	-0.500000	57.000000	9.685898e+04	2.889588e-04
	143	66	8.750000	57.000000	9.694746e+04	2.069027e-04
	137	117	7.250000	44.250000	1.010926e+05	4.070096e-05
	280	121	43.000000	43.250000	1.021111e+05	-4.646881e-05
	185	135	19.250000	39.750000	1.011839e+05	9.472711e-05
2022	2	17	7	0
	288	9	45.000000	71.250000	9.911241e+04	1.045665e-04
	3	28	-26.250000	66.500000	9.854457e+04	1.606441e-04
	157	68	12.250000	56.500000	9.670923e+04	2.233381e-04
	150	109	10.500000	46.250000	1.003083e+05	2.769244e-05
	137	117	7.250000	44.250000	1.010399e+05	7.324928e-05
	279	121	42.750000	43.250000	1.019760e+05	-4.096513e-05
	185	135	19.250000	39.750000	1.012117e+05	8.104942e-05
2022	2	17	6	3
	0	28	-27.000000	66.500000	9.886262e+04	9.906874e-05
	191	59	20.750000	58.750000	9.647722e+04	1.176030e-04
	192	59	21.000000	58.750000	9.648072e+04	1.232115e-04
	172	68	16.000000	56.500000	9.645046e+04	2.026159e-04
	17	79	-22.750000	53.750000	9.976479e+04	1.886874e-04
	138	117	7.500000	44.250000	1.008349e+05	7.284170e-05
2022	2	17	5	6
	127	39	4.750000	63.750000	9.728467e+04	7.900626e-05
	128	39	5.000000	63.750000	9.728467e+04	7.844441e-05
	198	56	22.500000	59.500000	9.620295e+04	1.543499e-04
	190	64	20.500000	57.500000	9.620295e+04	1.423670e-04
	27	77	-20.250000	54.250000	9.975323e+04	2.009099e-04
2022	2	17	2	9
	125	39	4.250000	63.750000	9.737452e+04	9.675889e-05
	199	61	22.750000	58.250000	9.606825e+04	1.850120e-04
2022	2	17	3	12
	125	39	4.250000	63.750000	9.745191e+04	9.278855e-05
	209	56	25.250000	59.500000	9.600181e+04	1.160113e-04
	10	117	-24.500000	44.250000	1.006714e+05	2.396597e-04
2022	2	17	4	15
	212	52	26.000000	60.500000	9.595712e+04	1.902196e-04
	18	113	-22.500000	45.250000	1.002697e+05	3.005456e-04
	2	117	-26.500000	44.250000	1.002844e+05	2.566815e-04
	273	132	41.250000	40.500000	1.013075e+05	9.562981e-06
2022	2	17	3	18
	214	48	26.500000	61.500000	9.598007e+04	2.238951e-04
	32	108	-19.000000	46.500000	9.998980e+04	2.200285e-04
	20	112	-22.000000	45.500000	9.998980e+04	2.673442e-04
2022	2	17	4	21
	214	42	26.500000	63.000000	9.594845e+04	1.953351e-04
	23	51	-21.250000	60.750000	9.925593e+04	1.476499e-04
	158	108	12.500000	46.500000	1.008147e+05	-1.093278e-05
	28	110	-20.000000	46.000000	1.000065e+05	3.317103e-04
2022	2	18	6	0
	6	7	-25.500000	71.750000	1.003647e+05	-1.459891e-05
	213	39	26.250000	63.750000	9.591455e+04	2.130418e-04
	23	50	-21.250000	61.000000	9.918372e+04	1.523935e-04
	55	99	-13.250000	48.750000	9.996000e+04	2.146973e-04
	37	108	-17.750000	46.500000	9.996228e+04	2.999290e-04
	158	108	12.500000	46.500000	1.010932e+05	1.355397e-06
2022	2	18	4	3
	6	7	-25.500000	71.750000	1.003804e+05	-1.752676e-05
	212	37	26.000000	64.250000	9.589600e+04	2.013220e-04
	23	48	-21.250000	61.500000	9.913172e+04	1.655123e-04
	56	98	-13.000000	49.000000	9.967584e+04	2.604944e-04
2022	2	18	7	6
	6	7	-25.500000	71.750000	1.003601e+05	-2.470093e-05
	212	35	26.000000	64.750000	9.594648e+04	1.727802e-04
	21	48	-21.750000	61.500000	9.910025e+04	1.397227e-04
	79	92	-7.250000	50.500000	9.941755e+04	2.330790e-04
	65	95	-10.750000	49.750000	9.941755e+04	2.606121e-04
	147	111	9.750000	45.750000	1.012967e+05	4.432739e-05
	138	117	7.500000	44.250000	1.012967e+05	6.580058e-05
2022	2	18	5	9
	211	34	25.750000	65.000000	9.601306e+04	1.415898e-04
	21	48	-21.750000	61.500000	9.912002e+04	1.424853e-04
	90	90	-4.500000	51.000000	9.937816e+04	2.046980e-04
	74	93	-8.500000	50.250000	9.937816e+04	2.911173e-04
	138	117	7.500000	44.250000	1.013794e+05	8.625298e-05
2022	2	18	7	12
	212	33	26.000000	65.250000	9.614123e+04	1.567862e-04
	23	48	-21.250000	61.500000	9.918706e+04	1.739029e-04
	84	52	-6.000000	60.500000	9.885730e+04	1.974996e-04
	104	87	-1.000000	51.750000	9.932130e+04	1.899954e-04
	89	89	-4.750000	51.250000	9.932130e+04	2.173983e-04
	268	160	40.000000	33.500000	1.009660e+05	4.347339e-07
	257	162	37.250000	33.000000	1.009660e+05	-2.349612e-05
2022	2	18	4	15
	211	32	25.750000	65.500000	9.627943e+04	1.389603e-04
	25	47	-20.750000	61.750000	9.920227e+04	1.709215e-04
	118	83	2.500000	52.750000	9.907820e+04	2.001577e-04
	95	89	-3.250000	51.250000	9.908368e+04	2.701633e-04
2022	2	18	4	18
	6	7	-25.500000	71.750000	1.003915e+05	4.006432e-06
	211	32	25.750000	65.500000	9.638646e+04	1.024014e-04
	120	82	3.000000	53.000000	9.882309e+04	1.840209e-04
	280	119	43.000000	43.750000	1.003744e+05	5.388089e-06
2022	2	18	4	21
	2	6	-26.500000	72.000000	1.004131e+05	4.171327e-05
	220	26	28.000000	67.000000	9.644043e+04	8.454451e-05
	129	80	5.250000	53.500000	9.855460e+04	2.150164e-04
	286	122	44.500000	43.000000	1.003224e+05	3.497768e-05
2022	2	19	5	0
	6	7	-25.500000	71.750000	1.003238e+05	1.302565e-05
	218	26	27.500000	67.000000	9.648817e+04	1.030360e-04
	0	50	-27.000000	61.000000	9.791044e+04	9.665204e-05
	141	79	8.250000	53.750000	9.823488e+04	2.243525e-04
	110	136	0.500000	39.500000	1.014058e+05	7.506939e-05
2022	2	19	7	3
	6	7	-25.500000	71.750000	1.001780e+05	1.183511e-05
	217	26	27.250000	67.000000	9.654275e+04	1.157334e-04
	0	45	-27.000000	62.250000	9.769045e+04	1.273149e-04
	153	78	11.250000	54.000000	9.796502e+04	2.927617e-04
	137	117	7.250000	44.250000	1.011889e+05	1.598390e-04
	277	134	42.250000	40.000000	1.011826e+05	-1.657514e-05
	108	139	0.000000	38.750000	1.014146e+05	4.590987e-05
2022	2	19	7	6
	6	7	-25.500000	71.750000	1.000844e+05	1.444063e-05
	227	15	29.750000	69.750000	9.655947e+04	1.834129e-04
	217	26	27.250000	67.000000	9.655947e+04	8.813272e-05
	0	42	-27.000000	63.000000	9.759284e+04	1.118754e-04
	175	76	16.750000	54.500000	9.787228e+04	2.538270e-04
	137	117	7.250000	44.250000	1.011918e+05	1.153730e-04
	277	138	42.250000	39.000000	1.013184e+05	1.006103e-05
2022	2	19	5	9
	222	17	28.500000	69.250000	9.667608e+04	1.737724e-04
	219	26	27.750000	67.000000	9.667608e+04	7.592334e-05
	36	47	-18.000000	61.750000	9.771249e+04	2.455285e-04
	190	74	20.500000	55.000000	9.781663e+04	2.751323e-04
	136	117	7.000000	44.250000	1.013459e+05	1.011691e-04
2022	2	19	6	12
	222	19	28.500000	68.750000	9.684848e+04	1.465212e-04
	208	72	25.000000	55.500000	9.773377e+04	2.388642e-04
	136	118	7.000000	44.000000	1.014207e+05	1.022972e-04
	287	141	44.750000	38.250000	1.007551e+05	1.893785e-05
	95	146	-3.250000	37.000000	1.019069e+05	5.246404e-05
	276	148	42.000000	36.500000	1.007551e+05	5.792141e-05
2022	2	19	6	15
	242	14	33.500000	70.000000	9.703245e+04	6.563173e-05
	223	20	28.750000	68.500000	9.703245e+04	9.731392e-05
	27	39	-20.250000	63.750000	9.728619e+04	5.202214e-05
	219	71	27.750000	55.750000	9.771431e+04	2.423598e-04
	136	118	7.000000	44.000000	1.013979e+05	1.231337e-04
	94	145	-3.500000	37.250000	1.018181e+05	3.918811e-05
2022	2	19	5	18
	257	17	37.250000	69.250000	9.719831e+04	9.541517e-05
	228	22	30.000000	68.000000	9.719831e+04	9.596989e-05
	0	53	-27.000000	60.250000	9.580356e+04	1.177216e-04
	231	69	30.750000	56.250000	9.773089e+04	2.700660e-04
	287	155	44.750000	34.750000	1.013204e+05	2.873769e-05
2022	2	19	5	21
	264	16	39.000000	69.500000	9.727631e+04	1.016890e-04
	15	40	-23.250000	63.500000	9.535233e+04	1.028642e-04
	4	52	-26.000000	60.500000	9.533105e+04	4.727652e-04
	242	67	33.500000	56.750000	9.766080e+04	2.109464e-04
	149	126	10.250000	42.000000	1.017356e+05	3.140983e-06
2022	2	20	4	0
	272	14	41.000000	70.000000	9.736053e+04	1.113694e-04
	22	51	-21.500000	60.750000	9.513812e+04	3.390640e-04
	254	65	36.500000	57.250000	9.768877e+04	1.617494e-04
	150	126	10.500000	42.000000	1.017710e+05	1.615637e-05
