2022	2	14	7	0
	2	6	-26.500000	72.000000	9.977257e+04	6.175144e-06
	217	9	27.250000	71.250000	9.836730e+04	1.212897e-04
	194	12	21.500000	70.500000	9.836730e+04	1.284907e-04
	1	17	-26.750000	69.250000	9.977257e+04	1.251699e-05
	218	24	27.500000	67.500000	9.846083e+04	1.294312e-04
	103	71	-1.250000	55.750000	9.843277e+04	1.243242e-04
	139	107	7.750000	46.750000	1.003930e+05	-1.438698e-04
2022	2	14	4	3
	58	5	-12.500000	72.250000	1.001337e+05	8.538026e-05
	210	9	25.500000	71.250000	9.803677e+04	2.232910e-04
	227	22	29.750000	68.000000	9.822283e+04	7.780975e-05
	107	71	-0.250000	55.750000	9.838233e+04	9.659427e-05
2022	2	14	3	6
	64	4	-11.000000	72.500000	1.001034e+05	1.024785e-04
	215	9	26.750000	71.250000	9.791669e+04	2.740502e-04
	108	71	0.000000	55.750000	9.837849e+04	1.093800e-04
2022	2	14	4	9
	70	2	-9.500000	73.000000	1.001621e+05	1.042778e-04
	71	2	-9.250000	73.000000	1.001621e+05	1.100260e-04
	222	8	28.500000	71.500000	9.797866e+04	2.231859e-04
	122	71	3.500000	55.750000	9.830550e+04	1.925614e-04
2022	2	14	4	12
	7	6	-25.250000	72.000000	1.000214e+05	4.117290e-05
	236	6	32.000000	72.000000	9.798801e+04	1.709633e-04
	0	50	-27.000000	61.000000	9.764997e+04	1.290014e-04
	126	67	4.500000	56.750000	9.818258e+04	1.980499e-04
2022	2	14	6	15
	83	0	-6.250000	73.500000	1.001383e+05	7.198496e-05
	236	6	32.000000	72.000000	9.801907e+04	1.492309e-04
	244	14	34.000000	70.000000	9.801907e+04	1.938121e-04
	0	46	-27.000000	62.000000	9.726766e+04	1.421135e-04
	1	46	-26.750000	62.000000	9.726766e+04	1.641035e-04
	128	64	5.000000	57.500000	9.810391e+04	2.787027e-04
2022	2	14	5	18
	247	5	34.750000	72.250000	9.803093e+04	1.296092e-04
	252	13	36.000000	70.250000	9.803093e+04	1.530236e-04
	0	41	-27.000000	63.250000	9.702783e+04	1.090452e-04
	130	62	5.500000	58.000000	9.815820e+04	3.378865e-04
	136	121	7.000000	43.250000	1.011092e+05	1.495770e-04
2022	2	14	4	21
	259	12	37.750000	70.500000	9.806450e+04	1.683949e-04
	0	41	-27.000000	63.250000	9.724061e+04	7.937160e-05
	131	61	5.750000	58.250000	9.821498e+04	3.163399e-04
	139	120	7.750000	43.500000	1.010867e+05	1.369176e-04
2022	2	15	8	0
	246	5	34.500000	72.250000	9.814934e+04	8.547748e-05
	262	12	38.500000	70.500000	9.814934e+04	1.500124e-04
	263	12	38.750000	70.500000	9.814934e+04	1.571096e-04
	264	12	39.000000	70.500000	9.814934e+04	1.640038e-04
	0	38	-27.000000	64.000000	9.725230e+04	1.137852e-04
	27	39	-20.250000	63.750000	9.725230e+04	3.037274e-05
	136	62	7.000000	58.000000	9.834391e+04	2.709745e-04
	145	118	9.250000	44.000000	1.010421e+05	1.305207e-04
2022	2	15	7	3
	243	7	33.750000	71.750000	9.824938e+04	1.681199e-04
	269	11	40.250000	70.750000	9.824938e+04	1.794984e-04
	29	43	-19.750000	62.750000	9.731159e+04	1.874658e-04
	30	43	-19.500000	62.750000	9.732295e+04	1.889165e-04
	126	51	4.500000	60.750000	9.851912e+04	4.485084e-05
	142	62	8.500000	58.000000	9.847002e+04	2.517352e-04
	146	117	9.500000	44.250000	1.009584e+05	1.222607e-04
2022	2	15	8	6
	248	9	35.000000	71.250000	9.836997e+04	1.181791e-04
	272	11	41.000000	70.750000	9.836997e+04	1.666395e-04
	0	34	-27.000000	65.000000	9.727318e+04	6.466919e-05
	126	46	4.500000	62.000000	9.875995e+04	1.016524e-04
	63	51	-11.250000	60.750000	9.761373e+04	2.841441e-04
	149	60	10.250000	58.500000	9.856788e+04	2.243720e-04
	0	86	-27.000000	52.000000	9.909081e+04	1.368905e-04
	155	114	11.750000	45.000000	1.009332e+05	1.372400e-04
2022	2	15	7	9
	280	11	43.000000	70.750000	9.849824e+04	2.135497e-04
	35	36	-18.250000	64.500000	9.742399e+04	4.984154e-05
	122	47	3.500000	61.750000	9.873707e+04	1.620554e-04
	61	48	-11.750000	61.500000	9.736588e+04	3.361297e-04
	156	57	12.000000	59.250000	9.872438e+04	1.791255e-04
	0	83	-27.000000	52.750000	9.853799e+04	1.031766e-04
	160	111	13.000000	45.750000	1.010365e+05	1.005980e-04
2022	2	15	5	12
	282	10	43.500000	71.000000	9.862667e+04	2.083578e-04
	0	31	-27.000000	65.750000	9.740512e+04	9.062384e-05
	25	34	-20.750000	65.000000	9.740512e+04	1.607904e-04
	60	46	-12.000000	62.000000	9.741530e+04	3.435978e-04
	12	79	-24.000000	53.750000	9.829531e+04	2.227140e-04
2022	2	15	4	15
	282	10	43.500000	71.000000	9.871570e+04	2.184801e-04
	0	38	-27.000000	64.000000	9.749531e+04	-1.494479e-05
	60	45	-12.000000	62.250000	9.739727e+04	3.093604e-04
	22	76	-21.500000	54.500000	9.795109e+04	2.505708e-04
2022	2	15	4	18
	284	11	44.000000	70.750000	9.884330e+04	2.184959e-04
	56	42	-13.000000	63.000000	9.735735e+04	3.202850e-04
	32	73	-19.000000	55.250000	9.775535e+04	2.298543e-04
	164	162	14.000000	33.000000	1.017678e+05	4.382086e-06
2022	2	15	5	21
	287	11	44.750000	70.750000	9.895770e+04	1.194568e-04
	52	40	-14.000000	63.500000	9.722274e+04	3.710575e-04
	183	47	18.750000	61.750000	9.886150e+04	1.685866e-04
	123	55	3.750000	59.750000	9.810559e+04	2.247895e-04
	41	71	-16.750000	55.750000	9.758500e+04	2.704943e-04
2022	2	16	6	0
	46	39	-15.500000	63.750000	9.718416e+04	3.805352e-04
	24	41	-21.000000	63.250000	9.718416e+04	-3.107222e-05
	190	45	20.500000	62.250000	9.883210e+04	1.795221e-04
	125	54	4.250000	60.000000	9.804012e+04	2.336937e-04
	54	69	-13.500000	56.250000	9.742433e+04	2.783075e-04
	280	121	43.000000	43.250000	1.021024e+05	1.606576e-05
2022	2	16	3	3
	39	35	-17.250000	64.750000	9.744704e+04	2.877357e-04
	198	42	22.500000	63.000000	9.889758e+04	1.447123e-04
	67	68	-10.250000	56.500000	9.719752e+04	2.736572e-04
2022	2	16	4	6
	285	9	44.250000	71.250000	9.905123e+04	1.736281e-04
	31	31	-19.250000	65.750000	9.772930e+04	2.140662e-04
	204	39	24.000000	63.750000	9.890326e+04	1.062348e-04
	82	67	-6.500000	56.750000	9.705272e+04	3.477633e-04
2022	2	16	6	9
	285	9	44.250000	71.250000	9.905457e+04	1.701509e-04
	21	29	-21.750000	66.250000	9.782784e+04	1.982254e-04
	212	37	26.000000	64.250000	9.895720e+04	7.783209e-05
	0	39	-27.000000	63.750000	9.780329e+04	-9.824790e-06
	102	66	-1.500000	57.000000	9.691142e+04	2.351648e-04
	137	116	7.250000	44.500000	1.012745e+05	9.410599e-05
2022	2	16	7	12
	286	9	44.500000	71.250000	9.905524e+04	1.408006e-04
	10	26	-24.500000	67.000000	9.793606e+04	2.361537e-04
	0	38	-27.000000	64.000000	9.793473e+04	-2.059347e-05
	41	56	-16.750000	59.500000	9.825039e+04	1.251243e-04
	115	66	1.750000	57.000000	9.677563e+04	2.811251e-04
	138	117	7.500000	44.250000	1.012687e+05	1.452560e-04
	198	139	22.500000	38.750000	1.013716e+05	-2.241272e-06
2022	2	16	6	15
	286	9	44.500000	71.250000	9.901950e+04	1.388375e-04
	0	25	-27.000000	67.250000	9.808270e+04	1.212617e-04
	0	26	-27.000000	67.000000	9.808270e+04	1.220809e-04
	0	35	-27.000000	64.750000	9.808270e+04	-1.154634e-05
	44	55	-16.000000	59.750000	9.819310e+04	1.399987e-04
	132	66	6.000000	57.000000	9.670098e+04	2.163793e-04
2022	2	16	4	18
	285	8	44.250000	71.500000	9.898409e+04	1.615039e-04
	48	55	-15.000000	59.750000	9.818826e+04	1.374127e-04
	154	67	11.500000	56.750000	9.668445e+04	2.546175e-04
	136	114	7.000000	45.000000	1.009704e+05	3.428407e-05
2022	2	16	6	21
	275	7	41.750000	71.750000	9.896288e+04	1.609630e-04
	276	7	42.000000	71.750000	9.896288e+04	1.563996e-04
	277	7	42.250000	71.750000	9.896288e+04	1.544527e-04
	137	38	7.250000	64.000000	9.772395e+04	6.309908e-05
	106	41	-0.500000	63.250000	9.775686e+04	9.901520e-05
	161	67	13.250000	56.750000	9.665839e+04	2.651861e-04
2022	2	17	3	0
	272	8	41.000000	71.500000	9.897724e+04	1.652349e-04
	136	37	7.000000	64.250000	9.772479e+04	1.153339e-04
	178	65	17.500000	57.250000	9.650591e+04	2.009677e-04
2022	2	17	4	3
	272	10	41.000000	71.000000	9.898977e+04	1.286212e-04
	136	37	7.000000	64.250000	9.770842e+04	1.264982e-04
	181	65	18.250000	57.250000	9.644211e+04	2.331060e-04
	137	113	7.250000	45.250000	1.005367e+05	3.634507e-06
2022	2	17	3	6
	274	10	41.500000	71.000000	9.900430e+04	1.031820e-04
	135	37	6.750000	64.250000	9.772329e+04	1.171609e-04
	184	67	19.000000	56.750000	9.650908e+04	3.081930e-04
2022	2	17	4	9
	135	37	6.750000	64.250000	9.777807e+04	9.482161e-05
	193	64	21.250000	57.500000	9.659091e+04	1.900471e-04
	10	106	-24.500000	47.000000	1.001644e+05	1.858156e-04
	280	120	43.000000	43.500000	1.012036e+05	-1.487868e-05
2022	2	17	5	12
	288	29	45.000000	66.250000	9.911453e+04	9.350905e-05
	139	37	7.750000	64.250000	9.786842e+04	1.022186e-04
	203	60	23.750000	58.500000	9.661079e+04	4.281574e-05
	12	72	-24.000000	55.500000	9.959102e+04	1.535772e-04
	21	99	-21.750000	48.750000	9.968172e+04	2.212182e-04
2022	2	17	6	15
	6	7	-25.500000	71.750000	1.004649e+05	6.932059e-06
	141	37	8.250000	64.250000	9.795127e+04	8.762442e-05
	36	45	-18.000000	62.250000	9.911169e+04	1.989932e-04
	209	59	25.250000	58.750000	9.664302e+04	4.659876e-05
	14	69	-23.500000	56.250000	9.926267e+04	1.900259e-04
	31	92	-19.250000	50.500000	9.897441e+04	3.124262e-04
2022	2	17	6	18
	6	7	-25.500000	71.750000	1.004722e+05	-8.589995e-06
	143	38	8.750000	64.000000	9.803344e+04	6.721567e-05
	35	45	-18.250000	62.250000	9.886668e+04	2.385836e-04
	213	55	26.250000	59.750000	9.663100e+04	9.875195e-05
	16	67	-23.000000	56.750000	9.897624e+04	2.122290e-04
	40	85	-17.000000	52.250000	9.818959e+04	3.773132e-04
2022	2	17	7	21
	6	7	-25.500000	71.750000	1.004598e+05	-1.598890e-06
	144	38	9.000000	64.000000	9.815485e+04	8.226169e-05
	33	45	-18.750000	62.250000	9.858442e+04	2.423065e-04
	216	54	27.000000	60.000000	9.670198e+04	1.501571e-04
	20	67	-22.000000	56.750000	9.868496e+04	2.021105e-04
	38	69	-17.500000	56.250000	9.731543e+04	1.770850e-05
	45	80	-15.750000	53.500000	9.731543e+04	4.339725e-04
2022	2	18	4	0
	31	46	-19.250000	62.000000	9.834759e+04	2.985269e-04
	219	52	27.750000	60.500000	9.684161e+04	1.271817e-04
	21	67	-21.750000	56.750000	9.841741e+04	2.905299e-04
	51	76	-14.250000	54.500000	9.615316e+04	5.632032e-04
2022	2	18	4	3
	144	22	9.000000	68.000000	9.839118e+04	8.632063e-05
	31	47	-19.250000	61.750000	9.807619e+04	3.160107e-04
	222	52	28.500000	60.500000	9.698157e+04	1.305206e-04
	62	73	-11.500000	55.250000	9.557813e+04	6.441901e-04
2022	2	18	4	6
	144	21	9.000000	68.250000	9.832238e+04	7.428093e-05
	228	43	30.000000	62.750000	9.713505e+04	1.047213e-04
	30	48	-19.500000	61.500000	9.802625e+04	3.174981e-04
	71	69	-9.250000	56.250000	9.530840e+04	6.370693e-04
2022	2	18	5	9
	141	20	8.250000	68.500000	9.827795e+04	6.844963e-05
	142	20	8.500000	68.500000	9.827795e+04	6.905395e-05
	231	37	30.750000	64.250000	9.727869e+04	5.954456e-05
	32	49	-19.000000	61.250000	9.812145e+04	2.820682e-04
	80	67	-7.000000	56.750000	9.526063e+04	5.843845e-04
2022	2	18	4	12
	234	36	31.500000	64.500000	9.741130e+04	4.377321e-05
	35	50	-18.250000	61.000000	9.827494e+04	2.606865e-04
	99	60	-2.250000	58.500000	9.580027e+04	2.933062e-04
	87	67	-5.250000	56.750000	9.580027e+04	5.142263e-04
2022	2	18	4	15
	236	31	32.000000	65.750000	9.751101e+04	6.023095e-05
	40	50	-17.000000	61.000000	9.826208e+04	2.615305e-04
	102	67	-1.500000	56.750000	9.608235e+04	3.807642e-04
	223	148	28.750000	36.500000	1.003894e+05	1.928652e-04
2022	2	18	4	18
	237	29	32.250000	66.250000	9.754508e+04	4.443766e-05
	43	50	-16.250000	61.000000	9.825757e+04	2.709185e-04
	116	65	2.000000	57.250000	9.627459e+04	2.152563e-04
	227	150	29.750000	36.000000	1.000617e+05	2.545522e-04
2022	2	18	8	21
	237	28	32.250000	66.500000	9.758734e+04	3.651882e-05
	8	43	-25.000000	62.750000	9.877215e+04	1.165861e-04
	46	50	-15.500000	61.000000	9.828797e+04	2.590757e-04
	152	56	11.000000	59.500000	9.649588e+04	3.060241e-04
	130	64	5.500000	57.500000	9.642273e+04	1.961254e-04
	28	66	-20.000000	57.000000	9.877983e+04	2.031153e-04
	279	119	42.750000	43.750000	1.004396e+05	4.536883e-05
	231	152	30.750000	35.500000	9.997901e+04	2.298131e-04
2022	2	19	11	0
	250	17	35.500000	69.250000	9.764078e+04	1.035876e-04
	236	26	32.000000	67.000000	9.764078e+04	4.612497e-05
	4	42	-26.000000	63.000000	9.876948e+04	1.127304e-04
	48	51	-15.000000	60.750000	9.830283e+04	2.684552e-04
	156	54	12.000000	60.000000	9.650991e+04	2.988986e-04
	144	64	9.000000	57.500000	9.650991e+04	2.620406e-04
	35	65	-18.250000	57.250000	9.871653e+04	1.769534e-04
	282	121	43.500000	43.250000	1.005826e+05	1.749117e-05
	235	147	31.750000	36.750000	9.985474e+04	-2.577195e-05
	230	157	30.500000	34.250000	9.985474e+04	2.236921e-04
	242	161	33.500000	33.250000	9.985474e+04	6.500226e-05
2022	2	19	12	3
	248	17	35.000000	69.250000	9.760604e+04	7.186749e-05
	234	25	31.500000	67.250000	9.760604e+04	6.124264e-05
	138	40	7.500000	63.500000	9.718866e+04	1.016945e-04
	51	51	-14.250000	60.750000	9.837882e+04	2.603276e-04
	184	53	19.000000	60.250000	9.654766e+04	2.318492e-04
	158	54	12.500000	60.000000	9.653664e+04	2.646456e-04
	159	63	12.750000	57.750000	9.653664e+04	1.915424e-04
	40	66	-17.000000	57.000000	9.877281e+04	2.101590e-04
	137	117	7.250000	44.250000	1.011725e+05	1.043441e-04
	282	121	43.500000	43.250000	1.008254e+05	3.679974e-05
	235	147	31.750000	36.750000	9.997399e+04	-6.127232e-05
	235	162	31.750000	33.000000	9.973198e+04	1.398234e-04
2022	2	19	10	6
	224	24	29.000000	67.500000	9.763427e+04	1.404528e-04
	138	39	7.500000	63.750000	9.760253e+04	8.011943e-05
	187	51	19.750000	60.750000	9.654899e+04	2.328556e-04
	55	52	-13.250000	60.500000	9.843711e+04	2.542437e-04
	166	55	14.500000	59.750000	9.654899e+04	1.599527e-04
	175	62	16.750000	58.000000	9.658106e+04	1.513661e-04
	137	117	7.250000	44.250000	1.011849e+05	1.117722e-04
	237	149	32.250000	36.250000	1.001955e+05	-6.381758e-05
	252	156	36.000000	34.500000	1.001849e+05	4.511612e-05
	238	162	32.500000	33.000000	1.001487e+05	7.047047e-05
2022	2	19	7	9
	223	23	28.750000	67.750000	9.771744e+04	1.482540e-04
	130	31	5.500000	65.750000	9.781464e+04	1.236554e-04
	188	50	20.000000	61.000000	9.655902e+04	2.703449e-04
	59	52	-12.250000	60.500000	9.864254e+04	2.639945e-04
	188	61	20.000000	58.250000	9.655902e+04	1.504957e-04
	137	117	7.250000	44.250000	1.013216e+05	1.077107e-04
	242	162	33.500000	33.000000	1.004884e+05	5.395555e-05
2022	2	19	5	12
	129	30	5.250000	66.000000	9.792270e+04	9.361415e-05
	190	50	20.500000	61.000000	9.667109e+04	3.108405e-04
	63	53	-11.250000	60.250000	9.889390e+04	2.470084e-04
	200	58	23.000000	59.000000	9.667109e+04	1.084292e-04
	240	162	33.000000	33.000000	1.007209e+05	3.197538e-05
2022	2	19	6	15
	128	29	5.000000	66.250000	9.800454e+04	7.283224e-05
	129	29	5.250000	66.250000	9.800454e+04	6.052197e-05
	196	51	22.000000	60.750000	9.696069e+04	2.709806e-04
	70	54	-9.500000	60.000000	9.905173e+04	1.911347e-04
	0	58	-27.000000	59.000000	9.696820e+04	1.095908e-04
	137	117	7.250000	44.250000	1.012249e+05	9.605279e-05
2022	2	19	4	18
	142	21	8.500000	68.250000	9.811711e+04	5.076083e-05
	127	28	4.750000	66.500000	9.811711e+04	8.313268e-05
	213	53	26.250000	60.250000	9.721355e+04	6.036402e-05
	0	54	-27.000000	60.000000	9.616436e+04	1.278880e-04
2022	2	19	5	21
	140	21	8.000000	68.250000	9.815519e+04	4.381456e-05
	124	29	4.000000	66.250000	9.815519e+04	1.332371e-04
	125	29	4.250000	66.250000	9.815519e+04	1.275443e-04
	218	52	27.500000	60.500000	9.731276e+04	9.798196e-05
	146	127	9.500000	41.750000	1.015747e+05	3.201840e-05
2022	2	20	8	0
	139	22	7.750000	68.000000	9.819394e+04	2.518820e-05
	140	22	8.000000	68.000000	9.819394e+04	2.304008e-05
	123	29	3.750000	66.250000	9.819394e+04	1.903927e-04
	0	46	-27.000000	62.000000	9.503684e+04	1.551787e-04
	236	52	32.000000	60.500000	9.742984e+04	9.031671e-05
	0	54	-27.000000	60.000000	9.503684e+04	3.103799e-05
	140	124	8.000000	42.500000	1.016199e+05	9.058300e-05
	149	138	10.250000	39.000000	1.016201e+05	1.099931e-04
