2022	2	14	6	0
	6	6	-25.500000	72.000000	9.977979e+04	-4.638762e-05
	221	10	28.250000	71.000000	9.835220e+04	1.296631e-04
	1	17	-26.750000	69.250000	9.977979e+04	2.122645e-05
	221	20	28.250000	68.500000	9.835220e+04	8.296179e-05
	113	62	1.250000	58.000000	9.852125e+04	7.700427e-05
	105	71	-0.750000	55.750000	9.852125e+04	1.029309e-04
2022	2	14	3	3
	213	9	26.250000	71.250000	9.810200e+04	2.304198e-04
	114	63	1.500000	57.750000	9.852250e+04	7.985524e-05
	108	71	0.000000	55.750000	9.852250e+04	1.142463e-04
2022	2	14	4	6
	213	9	26.250000	71.250000	9.798058e+04	3.102484e-04
	122	59	3.500000	58.750000	9.852673e+04	8.813175e-05
	114	70	1.500000	56.000000	9.852673e+04	5.931284e-05
	123	121	3.750000	43.250000	1.009496e+05	2.016125e-04
2022	2	14	4	9
	67	2	-10.250000	73.000000	1.002312e+05	9.719031e-05
	225	8	29.250000	71.500000	9.802445e+04	1.808419e-04
	0	53	-27.000000	60.250000	9.812738e+04	1.128405e-04
	119	69	2.750000	56.250000	9.858548e+04	6.824050e-05
2022	2	14	4	12
	6	7	-25.500000	71.750000	9.998566e+04	1.712177e-05
	228	9	30.000000	71.250000	9.799546e+04	1.526632e-04
	0	49	-27.000000	61.250000	9.769277e+04	1.632457e-04
	128	68	5.000000	56.500000	9.848631e+04	1.776767e-04
2022	2	14	5	15
	231	11	30.750000	70.750000	9.807395e+04	1.508911e-04
	0	44	-27.000000	62.500000	9.726741e+04	1.415594e-04
	17	50	-22.750000	61.000000	9.726741e+04	2.273698e-04
	132	64	6.000000	57.500000	9.839184e+04	2.191281e-04
	134	116	6.500000	44.500000	1.009236e+05	8.186687e-05
2022	2	14	4	18
	249	12	35.250000	70.500000	9.806534e+04	1.506915e-04
	24	50	-21.000000	61.000000	9.754330e+04	2.182268e-04
	135	62	6.750000	58.000000	9.839998e+04	2.350217e-04
	136	121	7.000000	43.250000	1.011005e+05	1.613318e-04
2022	2	14	5	21
	254	12	36.500000	70.500000	9.810121e+04	1.800375e-04
	0	39	-27.000000	63.750000	9.749004e+04	1.550482e-04
	127	54	4.750000	60.000000	9.844855e+04	8.006021e-05
	138	61	7.500000	58.250000	9.844855e+04	2.672389e-04
	139	121	7.750000	43.250000	1.011508e+05	1.283277e-04
2022	2	15	6	0
	260	13	38.000000	70.250000	9.820038e+04	1.865692e-04
	8	39	-25.000000	63.750000	9.752169e+04	2.607005e-04
	28	46	-20.000000	62.000000	9.752169e+04	2.029944e-04
	126	53	4.500000	60.250000	9.847863e+04	1.024502e-04
	142	59	8.500000	58.750000	9.847863e+04	2.708378e-04
	146	116	9.500000	44.500000	1.011065e+05	1.409840e-04
2022	2	15	8	3
	6	7	-25.500000	71.750000	9.965288e+04	4.213474e-05
	246	8	34.500000	71.500000	9.828906e+04	1.195169e-04
	271	12	40.750000	70.500000	9.828906e+04	1.623579e-04
	36	46	-18.000000	62.000000	9.778959e+04	2.589658e-04
	125	53	4.250000	60.250000	9.849070e+04	7.710877e-05
	146	57	9.500000	59.250000	9.849070e+04	3.096595e-04
	171	103	15.750000	47.750000	1.009236e+05	6.402424e-05
	153	116	11.250000	44.500000	1.010393e+05	1.144368e-04
2022	2	15	7	6
	248	11	35.000000	70.750000	9.834452e+04	1.895260e-04
	274	11	41.500000	70.750000	9.834452e+04	1.879724e-04
	0	32	-27.000000	65.500000	9.759532e+04	7.397393e-05
	31	42	-19.250000	63.000000	9.775841e+04	2.412555e-04
	127	53	4.750000	60.250000	9.855039e+04	9.567237e-05
	150	55	10.500000	59.750000	9.855039e+04	3.126859e-04
	159	113	12.750000	45.250000	1.010648e+05	1.061921e-04
2022	2	15	5	9
	276	10	42.000000	71.000000	9.846438e+04	1.775171e-04
	24	35	-21.000000	64.750000	9.762775e+04	1.441916e-04
	0	38	-27.000000	64.000000	9.762775e+04	-3.820464e-05
	125	49	4.250000	61.250000	9.867275e+04	1.497592e-04
	154	52	11.500000	60.500000	9.864768e+04	2.348100e-04
2022	2	15	5	12
	277	10	42.250000	71.000000	9.859677e+04	1.771666e-04
	126	48	4.500000	61.500000	9.871537e+04	1.750723e-04
	157	50	12.250000	61.000000	9.875720e+04	1.908690e-04
	74	56	-8.500000	59.500000	9.835032e+04	2.389039e-04
	4	78	-26.000000	54.000000	9.827089e+04	2.287077e-04
2022	2	15	4	15
	281	10	43.250000	71.000000	9.867792e+04	2.168889e-04
	132	43	6.000000	62.750000	9.876221e+04	1.290831e-04
	77	55	-7.750000	59.750000	9.842788e+04	2.124661e-04
	16	75	-23.000000	54.750000	9.801645e+04	2.381435e-04
2022	2	15	6	18
	283	10	43.750000	71.000000	9.877929e+04	2.342067e-04
	44	39	-16.000000	63.750000	9.823611e+04	2.039807e-04
	130	42	5.500000	63.000000	9.874685e+04	2.237854e-04
	82	56	-6.500000	59.500000	9.847112e+04	1.887666e-04
	28	72	-20.000000	55.500000	9.795802e+04	2.550781e-04
	162	162	13.500000	33.000000	1.016155e+05	6.004459e-05
2022	2	15	7	21
	286	10	44.500000	71.000000	9.888300e+04	1.587271e-04
	130	42	5.500000	63.000000	9.871302e+04	2.189984e-04
	173	45	16.250000	62.250000	9.896212e+04	1.021588e-04
	85	56	-5.750000	59.500000	9.849602e+04	1.875702e-04
	125	66	4.250000	57.000000	9.866742e+04	1.798314e-04
	37	70	-17.750000	56.000000	9.801959e+04	2.494564e-04
	165	160	14.250000	33.500000	1.017501e+05	1.300927e-05
2022	2	16	6	0
	126	41	4.500000	63.250000	9.872837e+04	2.044618e-04
	144	42	9.000000	63.000000	9.872837e+04	-2.039327e-05
	176	44	17.000000	62.500000	9.900567e+04	9.612357e-05
	88	55	-5.000000	59.750000	9.849477e+04	1.652162e-04
	0	64	-27.000000	57.500000	9.700091e+04	1.104455e-04
	128	66	5.000000	57.000000	9.864408e+04	1.937916e-04
2022	2	16	5	3
	124	42	4.000000	63.000000	9.873370e+04	1.838552e-04
	184	43	19.000000	62.750000	9.905957e+04	8.959919e-05
	89	55	-4.750000	59.750000	9.846140e+04	1.783222e-04
	1	62	-26.750000	58.000000	9.645162e+04	1.694426e-04
	131	65	5.750000	57.250000	9.867855e+04	1.699522e-04
2022	2	16	7	6
	288	8	45.000000	71.500000	9.919133e+04	1.050807e-04
	124	42	4.000000	63.000000	9.870706e+04	1.850750e-04
	185	43	19.250000	62.750000	9.915404e+04	1.003970e-04
	11	55	-24.250000	59.750000	9.624858e+04	2.498776e-04
	134	63	6.500000	57.750000	9.874012e+04	1.230768e-04
	138	117	7.500000	44.250000	1.011408e+05	1.257817e-04
	280	121	43.000000	43.250000	1.018995e+05	1.405940e-05
2022	2	16	7	9
	0	40	-27.000000	63.500000	9.707095e+04	1.409700e-04
	186	43	19.500000	62.750000	9.927734e+04	9.673560e-05
	15	53	-23.250000	60.250000	9.619954e+04	3.581051e-04
	23	62	-21.250000	58.000000	9.619954e+04	2.593486e-04
	138	117	7.500000	44.250000	1.011292e+05	1.110180e-04
	279	120	42.750000	43.500000	1.018981e+05	1.422017e-05
	278	128	42.500000	41.500000	1.018878e+05	1.507790e-05
2022	2	16	4	12
	0	41	-27.000000	63.250000	9.734762e+04	1.284596e-04
	26	52	-20.500000	60.500000	9.625986e+04	3.196966e-04
	40	60	-17.000000	58.500000	9.625986e+04	2.253446e-04
	278	120	42.500000	43.500000	1.016514e+05	-1.934581e-05
2022	2	16	3	15
	0	40	-27.000000	63.500000	9.743066e+04	8.654116e-05
	23	50	-21.250000	61.000000	9.633584e+04	3.266302e-04
	53	53	-13.750000	60.250000	9.642107e+04	1.779363e-04
2022	2	16	5	18
	288	8	45.000000	71.500000	9.928752e+04	1.032267e-04
	23	49	-21.250000	61.250000	9.659560e+04	3.677136e-04
	53	52	-13.750000	60.500000	9.653450e+04	2.823064e-04
	74	52	-8.500000	60.500000	9.653450e+04	1.436814e-04
	138	117	7.500000	44.250000	1.009172e+05	6.594577e-05
2022	2	16	5	21
	288	8	45.000000	71.500000	9.920778e+04	1.252371e-04
	75	51	-8.250000	60.750000	9.659968e+04	2.098845e-04
	92	52	-4.000000	60.500000	9.659968e+04	1.798232e-04
	150	109	10.500000	46.250000	1.005011e+05	1.606659e-05
	138	117	7.500000	44.250000	1.008876e+05	3.076524e-05
2022	2	17	4	0
	288	8	45.000000	71.500000	9.916861e+04	1.061223e-04
	77	51	-7.750000	60.750000	9.673301e+04	2.654951e-04
	111	52	0.750000	60.500000	9.663352e+04	1.745831e-04
	138	117	7.500000	44.250000	1.008990e+05	3.693007e-05
2022	2	17	5	3
	288	8	45.000000	71.500000	9.913383e+04	1.162744e-04
	81	51	-6.750000	60.750000	9.677703e+04	2.443972e-04
	111	51	0.750000	60.750000	9.661002e+04	2.425830e-04
	144	62	9.000000	58.000000	9.706342e+04	2.578266e-04
	201	146	23.250000	37.000000	1.008101e+05	1.339619e-04
2022	2	17	6	6
	288	8	45.000000	71.500000	9.913947e+04	1.279671e-04
	112	50	1.000000	61.000000	9.662067e+04	3.026945e-04
	83	52	-6.250000	60.500000	9.682325e+04	2.979531e-04
	149	61	10.250000	58.250000	9.707956e+04	2.313934e-04
	281	121	43.250000	43.250000	1.011928e+05	-5.325548e-06
	202	147	23.500000	36.750000	1.008151e+05	1.435098e-04
2022	2	17	9	9
	6	7	-25.500000	71.750000	1.005819e+05	-4.967601e-05
	288	9	45.000000	71.250000	9.920355e+04	1.255259e-04
	115	50	1.750000	61.000000	9.669290e+04	3.112470e-04
	90	53	-4.500000	60.250000	9.670747e+04	3.626870e-04
	152	61	11.000000	58.250000	9.725017e+04	2.348812e-04
	177	68	17.250000	56.500000	9.751354e+04	2.183453e-04
	14	115	-23.500000	44.750000	1.011489e+05	1.364469e-04
	288	123	45.000000	42.750000	1.010957e+05	4.183148e-05
	203	150	23.750000	36.000000	1.009047e+05	1.495923e-04
2022	2	17	7	12
	288	9	45.000000	71.250000	9.927562e+04	1.164758e-04
	118	49	2.500000	61.250000	9.674695e+04	3.209969e-04
	104	54	-1.000000	60.000000	9.674695e+04	3.283230e-04
	157	62	12.250000	58.000000	9.751777e+04	2.246220e-04
	183	67	18.750000	56.750000	9.749145e+04	2.114304e-04
	23	111	-21.250000	45.750000	1.009835e+05	1.244957e-04
	84	162	-6.000000	33.000000	1.023655e+05	8.756413e-05
2022	2	17	4	15
	120	49	3.000000	61.250000	9.689202e+04	2.896707e-04
	137	50	7.250000	61.000000	9.689202e+04	-2.854593e-05
	189	67	20.250000	56.750000	9.754926e+04	2.051196e-04
	34	105	-18.500000	47.250000	1.006388e+05	1.660534e-04
2022	2	17	4	18
	126	55	4.500000	59.750000	9.718704e+04	2.861314e-04
	192	66	21.000000	57.000000	9.759062e+04	1.933362e-04
	48	100	-15.000000	48.500000	1.004812e+05	1.558332e-04
	37	104	-17.750000	47.500000	1.004812e+05	1.997975e-04
2022	2	17	6	21
	126	45	4.500000	62.250000	9.763668e+04	1.265702e-04
	196	67	22.000000	56.750000	9.765924e+04	1.641769e-04
	219	72	27.750000	55.500000	9.770437e+04	1.786825e-04
	60	96	-12.000000	49.500000	1.002365e+05	1.544372e-04
	46	100	-15.500000	48.500000	1.002365e+05	1.863463e-04
	215	158	26.750000	34.000000	1.008508e+05	1.464427e-04
2022	2	18	6	0
	132	35	6.000000	64.750000	9.769904e+04	1.513851e-04
	152	60	11.000000	58.500000	9.802836e+04	1.961600e-04
	221	70	28.250000	56.000000	9.768760e+04	1.745367e-04
	55	96	-13.250000	49.500000	9.992580e+04	2.144010e-04
	115	124	1.750000	42.500000	1.016807e+05	-2.597752e-05
	219	161	27.750000	33.250000	1.008039e+05	1.140420e-04
2022	2	18	6	3
	134	34	6.500000	65.000000	9.770390e+04	1.534301e-04
	73	51	-8.750000	60.750000	9.828702e+04	1.811631e-04
	159	60	12.750000	58.500000	9.824676e+04	1.808092e-04
	222	68	28.500000	56.500000	9.768149e+04	1.925059e-04
	63	93	-11.250000	50.250000	9.959491e+04	1.943241e-04
	115	124	1.750000	42.500000	1.015796e+05	-1.278173e-06
2022	2	18	4	6
	137	32	7.250000	65.500000	9.762541e+04	1.693868e-04
	78	51	-7.500000	60.750000	9.807520e+04	2.214480e-04
	224	66	29.000000	57.000000	9.782030e+04	2.026756e-04
	72	90	-9.000000	51.000000	9.925917e+04	2.111799e-04
2022	2	18	5	9
	140	30	8.000000	66.000000	9.757292e+04	2.164643e-04
	81	51	-6.750000	60.750000	9.799264e+04	2.982670e-04
	227	65	29.750000	57.250000	9.798935e+04	2.088339e-04
	82	87	-6.500000	51.750000	9.891261e+04	2.618803e-04
	279	119	42.750000	43.750000	9.988021e+04	2.360481e-05
2022	2	18	5	12
	142	27	8.500000	66.750000	9.749693e+04	1.986188e-04
	86	51	-5.500000	60.750000	9.803682e+04	3.030025e-04
	229	62	30.250000	58.000000	9.816075e+04	1.844081e-04
	93	85	-3.750000	52.250000	9.866038e+04	4.132618e-04
	279	119	42.750000	43.750000	9.982224e+04	3.299115e-05
2022	2	18	4	15
	140	26	8.000000	67.000000	9.736784e+04	2.045271e-04
	88	53	-5.000000	60.250000	9.796459e+04	2.986928e-04
	232	56	31.000000	59.500000	9.829642e+04	1.163903e-04
	107	83	-0.250000	52.750000	9.831993e+04	4.314093e-04
2022	2	18	7	18
	138	24	7.500000	67.500000	9.719455e+04	2.718953e-04
	233	53	31.250000	60.250000	9.827198e+04	1.134590e-04
	233	54	31.250000	60.000000	9.827198e+04	1.163457e-04
	93	55	-3.750000	59.750000	9.797885e+04	3.017761e-04
	0	56	-27.000000	59.500000	9.877631e+04	8.351862e-05
	126	78	4.500000	54.000000	9.798073e+04	3.115335e-04
	247	148	34.750000	36.500000	1.006211e+05	7.518718e-05
2022	2	18	7	21
	136	24	7.000000	67.500000	9.706953e+04	3.164240e-04
	9	40	-24.750000	63.500000	9.863264e+04	7.237666e-05
	233	51	31.250000	60.750000	9.821777e+04	1.255595e-04
	0	52	-27.000000	60.500000	9.861964e+04	9.253379e-05
	100	56	-2.000000	59.500000	9.810670e+04	3.105572e-04
	148	73	10.000000	55.250000	9.763543e+04	2.772183e-04
	249	150	35.250000	36.000000	1.004972e+05	1.313557e-04
2022	2	19	8	0
	6	7	-25.500000	71.750000	1.005055e+05	6.182080e-06
	132	24	6.000000	67.500000	9.694937e+04	3.226168e-04
	234	49	31.500000	61.250000	9.817077e+04	1.169019e-04
	15	53	-23.250000	60.250000	9.860945e+04	1.879357e-04
	106	58	-0.500000	59.000000	9.837476e+04	2.705064e-04
	162	71	13.500000	55.750000	9.744837e+04	3.242459e-04
	105	135	-0.750000	39.750000	1.013712e+05	2.689474e-05
	250	150	35.500000	36.000000	1.003722e+05	1.024868e-04
2022	2	19	9	3
	132	24	6.000000	67.500000	9.691474e+04	3.001456e-04
	244	41	34.000000	63.250000	9.806549e+04	7.843153e-05
	245	41	34.250000	63.250000	9.806549e+04	7.315775e-05
	18	51	-22.500000	60.750000	9.860350e+04	1.699297e-04
	115	60	1.750000	58.500000	9.862496e+04	2.419355e-04
	180	70	18.000000	56.000000	9.727509e+04	2.263882e-04
	158	106	12.500000	47.000000	1.006056e+05	-5.181718e-05
	137	117	7.250000	44.250000	1.009816e+05	1.433526e-04
	250	152	35.500000	35.500000	1.004087e+05	1.025954e-04
2022	2	19	8	6
	132	24	6.000000	67.500000	9.695563e+04	3.123489e-04
	245	39	34.250000	63.750000	9.797352e+04	8.595354e-05
	17	49	-22.750000	61.250000	9.857076e+04	1.577453e-04
	36	52	-18.000000	60.500000	9.857076e+04	1.244287e-04
	193	69	21.250000	56.250000	9.730313e+04	2.396186e-04
	150	109	10.500000	46.250000	1.009978e+05	2.112013e-05
	137	117	7.250000	44.250000	1.010162e+05	1.272633e-04
	254	156	36.500000	34.500000	1.006147e+05	1.329159e-04
2022	2	19	7	9
	130	25	5.500000	67.250000	9.707079e+04	3.277104e-04
	248	35	35.000000	64.750000	9.792417e+04	8.967691e-05
	17	47	-22.750000	61.750000	9.855368e+04	1.529611e-04
	214	69	26.500000	56.250000	9.717998e+04	2.138085e-04
	136	117	7.000000	44.250000	1.011358e+05	1.109601e-04
	272	158	41.000000	34.000000	1.006150e+05	4.771000e-05
	255	159	36.750000	33.750000	1.005881e+05	8.789027e-05
2022	2	19	6	12
	131	26	5.750000	67.000000	9.724861e+04	3.309839e-04
	249	32	35.250000	65.500000	9.785320e+04	9.838142e-05
	14	45	-23.500000	62.250000	9.797305e+04	1.558515e-04
	223	67	28.750000	56.750000	9.715492e+04	2.379481e-04
	155	108	11.750000	46.500000	1.011181e+05	-1.697697e-05
	136	118	7.000000	44.000000	1.011209e+05	1.346393e-04
2022	2	19	6	15
	163	26	13.750000	67.000000	9.741077e+04	-2.222833e-05
	134	28	6.500000	66.500000	9.741077e+04	2.749023e-04
	250	31	35.500000	65.750000	9.788156e+04	1.316753e-04
	232	67	31.000000	56.750000	9.733086e+04	2.806845e-04
	137	118	7.250000	44.000000	1.010618e+05	1.326415e-04
	145	124	9.250000	42.500000	1.010618e+05	5.467862e-05
2022	2	19	7	18
	163	17	13.750000	69.250000	9.785759e+04	-3.184907e-05
	164	17	14.000000	69.250000	9.788798e+04	-1.529971e-05
	165	17	14.250000	69.250000	9.790741e+04	1.584523e-06
	137	29	7.250000	66.250000	9.753266e+04	2.823277e-04
	250	30	35.500000	66.000000	9.782845e+04	1.588112e-04
	242	66	33.500000	57.000000	9.744069e+04	2.491009e-04
	135	120	6.750000	43.500000	1.012796e+05	1.470833e-04
2022	2	19	5	21
	165	17	14.250000	69.250000	9.812315e+04	2.205524e-05
	143	30	8.750000	66.000000	9.775341e+04	3.201441e-04
	250	30	35.500000	66.000000	9.789691e+04	1.427144e-04
	0	49	-27.000000	61.250000	9.589372e+04	3.677209e-05
	251	66	35.750000	57.000000	9.753250e+04	1.818029e-04
2022	2	20	7	0
	261	20	38.250000	68.500000	9.794689e+04	7.359573e-05
	250	30	35.500000	66.000000	9.794689e+04	1.170052e-04
	148	32	10.000000	65.500000	9.797901e+04	3.843423e-04
	0	49	-27.000000	61.250000	9.503140e+04	1.635182e-04
	260	65	38.000000	57.250000	9.765564e+04	1.219176e-04
	288	66	45.000000	57.000000	9.841471e+04	1.036869e-04
	175	124	16.750000	42.500000	1.014897e+05	7.328099e-05
