2022	2	14	8	0
	5	6	-25.750000	72.000000	9.975723e+04	-3.371458e-05
	222	10	28.500000	71.000000	9.839952e+04	1.371546e-04
	192	12	21.000000	70.500000	9.839952e+04	1.548152e-04
	193	12	21.250000	70.500000	9.839952e+04	1.405406e-04
	1	17	-26.750000	69.250000	9.975723e+04	7.237475e-06
	219	23	27.750000	67.750000	9.843116e+04	1.147957e-04
	114	62	1.500000	58.000000	9.846281e+04	7.851870e-05
	102	71	-1.500000	55.750000	9.846281e+04	1.672015e-04
2022	2	14	4	3
	57	4	-12.750000	72.500000	1.001342e+05	9.980219e-05
	213	9	26.250000	71.250000	9.814070e+04	2.001651e-04
	196	17	22.000000	69.250000	9.814070e+04	3.259366e-05
	108	70	0.000000	56.000000	9.840280e+04	1.185000e-04
2022	2	14	3	6
	60	3	-12.000000	72.750000	1.001274e+05	8.122193e-05
	219	8	27.750000	71.500000	9.799718e+04	2.347193e-04
	105	72	-0.750000	55.500000	9.841033e+04	2.211026e-04
2022	2	14	5	9
	62	3	-11.500000	72.750000	1.002203e+05	4.661398e-05
	218	9	27.500000	71.250000	9.806032e+04	2.855214e-04
	0	52	-27.000000	60.500000	9.810168e+04	1.144262e-04
	120	68	3.000000	56.500000	9.841675e+04	9.464085e-05
	107	74	-0.250000	55.000000	9.841675e+04	2.548974e-04
2022	2	14	4	12
	69	1	-9.750000	73.250000	1.002103e+05	4.689338e-05
	236	7	32.000000	71.750000	9.808335e+04	1.458037e-04
	0	49	-27.000000	61.250000	9.771831e+04	1.335087e-04
	127	66	4.750000	57.000000	9.829502e+04	2.069368e-04
2022	2	14	3	15
	237	7	32.250000	71.750000	9.814712e+04	1.157329e-04
	5	46	-25.750000	62.000000	9.734841e+04	2.338079e-04
	131	62	5.750000	58.000000	9.816748e+04	2.526458e-04
2022	2	14	6	18
	250	6	35.500000	72.000000	9.823955e+04	1.192868e-04
	6	7	-25.500000	71.750000	9.978402e+04	3.259416e-05
	288	13	45.000000	70.250000	9.913164e+04	8.230838e-05
	254	14	36.500000	70.000000	9.823955e+04	1.461717e-04
	0	40	-27.000000	63.500000	9.706013e+04	1.426424e-04
	133	61	6.250000	58.250000	9.826055e+04	2.753143e-04
2022	2	14	6	21
	260	13	38.000000	70.250000	9.826462e+04	1.440078e-04
	0	37	-27.000000	64.250000	9.709570e+04	1.742032e-04
	27	39	-20.250000	63.750000	9.709570e+04	-1.528223e-05
	149	54	10.250000	60.000000	9.841784e+04	2.228395e-04
	134	60	6.500000	58.500000	9.841784e+04	2.594147e-04
	138	121	7.500000	43.250000	1.010828e+05	1.252871e-04
2022	2	15	6	0
	248	6	35.000000	72.000000	9.831052e+04	6.483053e-05
	266	12	39.500000	70.500000	9.831052e+04	1.707936e-04
	0	36	-27.000000	64.500000	9.735906e+04	1.002720e-04
	24	43	-21.000000	62.750000	9.738162e+04	1.754070e-04
	137	59	7.250000	58.750000	9.855901e+04	2.183820e-04
	145	118	9.250000	44.000000	1.010626e+05	1.472622e-04
2022	2	15	6	3
	246	8	34.500000	71.500000	9.837069e+04	1.852793e-04
	269	12	40.250000	70.500000	9.837069e+04	1.754612e-04
	0	33	-27.000000	65.250000	9.737692e+04	8.761894e-05
	127	51	4.750000	60.750000	9.855337e+04	1.278851e-04
	143	59	8.750000	58.750000	9.855337e+04	2.139285e-04
	146	118	9.500000	44.000000	1.009609e+05	1.210098e-04
2022	2	15	6	6
	272	11	41.000000	70.750000	9.845138e+04	1.729350e-04
	5	34	-25.750000	65.000000	9.741672e+04	1.347152e-04
	127	49	4.750000	61.250000	9.864283e+04	1.630596e-04
	148	58	10.000000	59.000000	9.856778e+04	1.944985e-04
	146	117	9.500000	44.250000	1.010050e+05	1.066918e-04
	146	125	9.500000	42.250000	1.010050e+05	2.542802e-05
2022	2	15	8	9
	277	11	42.250000	70.750000	9.860225e+04	1.893951e-04
	0	31	-27.000000	65.750000	9.733008e+04	7.286693e-05
	37	40	-17.750000	63.500000	9.762901e+04	2.036798e-04
	126	48	4.500000	61.500000	9.870001e+04	2.013471e-04
	152	56	11.000000	59.500000	9.871584e+04	1.363971e-04
	0	78	-27.000000	54.000000	9.804779e+04	1.334391e-04
	159	113	12.750000	45.250000	1.010701e+05	1.061052e-04
	146	117	9.500000	44.250000	1.010701e+05	1.183731e-04
2022	2	15	6	12
	280	10	43.000000	71.000000	9.872257e+04	2.147177e-04
	0	34	-27.000000	65.000000	9.744288e+04	-4.987884e-05
	136	44	7.000000	62.500000	9.878540e+04	5.786436e-06
	154	51	11.500000	60.750000	9.878540e+04	8.629005e-05
	11	74	-24.250000	55.000000	9.765407e+04	2.672469e-04
	159	112	12.750000	45.500000	1.010557e+05	9.864743e-05
2022	2	15	4	15
	282	10	43.500000	71.000000	9.880577e+04	2.240039e-04
	163	50	13.750000	61.000000	9.881939e+04	1.051581e-04
	21	70	-21.750000	56.000000	9.718626e+04	3.090280e-04
	161	111	13.250000	45.750000	1.010618e+05	9.787779e-05
2022	2	15	7	18
	284	10	44.000000	71.000000	9.890572e+04	2.029399e-04
	0	37	-27.000000	64.250000	9.721884e+04	-3.877900e-06
	136	40	7.000000	63.500000	9.888520e+04	1.407307e-04
	177	49	17.250000	61.250000	9.889319e+04	9.134353e-05
	31	66	-19.250000	57.000000	9.683609e+04	3.322061e-04
	159	113	12.750000	45.250000	1.012155e+05	1.097769e-04
	164	162	14.000000	33.000000	1.016638e+05	8.514052e-06
2022	2	15	4	21
	286	10	44.500000	71.000000	9.899079e+04	1.699599e-04
	137	39	7.250000	63.750000	9.889820e+04	1.479968e-04
	183	47	18.750000	61.750000	9.889538e+04	1.377933e-04
	40	63	-17.000000	57.750000	9.652401e+04	3.887424e-04
2022	2	16	4	0
	287	10	44.750000	71.000000	9.908918e+04	1.047941e-04
	193	41	21.250000	63.250000	9.888613e+04	1.198693e-04
	50	61	-14.500000	58.250000	9.630122e+04	3.915925e-04
	279	121	42.750000	43.250000	1.018981e+05	1.222860e-06
2022	2	16	2	3
	197	39	22.250000	63.750000	9.886859e+04	1.523812e-04
	61	58	-11.750000	59.000000	9.614502e+04	3.945527e-04
2022	2	16	2	6
	200	38	23.000000	64.000000	9.888488e+04	1.419833e-04
	74	56	-8.500000	59.500000	9.591455e+04	3.888353e-04
2022	2	16	3	9
	204	37	24.000000	64.250000	9.899502e+04	1.018958e-04
	79	55	-7.250000	59.750000	9.569851e+04	3.970049e-04
	137	116	7.250000	44.500000	1.013799e+05	8.437987e-05
2022	2	16	4	12
	233	35	31.250000	64.750000	9.908573e+04	9.759489e-05
	208	36	25.000000	64.500000	9.908573e+04	8.486239e-05
	209	36	25.250000	64.500000	9.908573e+04	7.096933e-05
	84	54	-6.000000	60.000000	9.547259e+04	3.826189e-04
2022	2	16	4	15
	207	34	24.750000	65.000000	9.918930e+04	1.473213e-04
	90	54	-4.500000	60.000000	9.535806e+04	4.011574e-04
	109	59	0.250000	58.750000	9.535806e+04	1.029954e-04
	187	137	19.750000	39.250000	1.012436e+05	1.241221e-04
2022	2	16	5	18
	284	10	44.000000	71.000000	9.921812e+04	1.408810e-04
	207	33	24.750000	65.250000	9.911425e+04	1.253415e-04
	0	35	-27.000000	64.750000	9.803291e+04	-7.355385e-06
	97	55	-2.750000	59.750000	9.544830e+04	3.465546e-04
	119	57	2.750000	59.250000	9.544830e+04	2.089596e-04
2022	2	16	6	21
	284	10	44.000000	71.000000	9.920214e+04	1.449845e-04
	0	33	-27.000000	65.250000	9.831601e+04	6.228556e-05
	105	56	-0.750000	59.500000	9.561923e+04	2.818155e-04
	124	56	4.000000	59.500000	9.561923e+04	2.050625e-04
	137	117	7.250000	44.250000	1.011895e+05	6.425354e-05
	192	146	21.000000	37.000000	1.013131e+05	8.662265e-05
2022	2	17	5	0
	284	10	44.000000	71.000000	9.918914e+04	1.607644e-04
	0	30	-27.000000	66.000000	9.861916e+04	1.052907e-04
	113	58	1.250000	59.000000	9.582870e+04	2.773661e-04
	137	117	7.250000	44.250000	1.008462e+05	8.671702e-05
	194	147	21.500000	36.750000	1.011698e+05	9.262774e-05
2022	2	17	6	3
	285	9	44.250000	71.250000	9.915702e+04	1.731279e-04
	2	29	-26.500000	66.250000	9.890603e+04	1.337878e-04
	123	60	3.750000	58.500000	9.607358e+04	3.222571e-04
	152	61	11.000000	58.250000	9.620847e+04	1.488250e-04
	171	63	15.750000	57.750000	9.620847e+04	1.900656e-04
	138	117	7.500000	44.250000	1.006231e+05	1.036693e-04
2022	2	17	6	6
	281	8	43.250000	71.500000	9.915655e+04	1.544074e-04
	282	8	43.500000	71.500000	9.915655e+04	1.610864e-04
	6	29	-25.500000	66.250000	9.910657e+04	1.444029e-04
	176	61	17.000000	58.250000	9.592082e+04	2.823842e-04
	134	63	6.500000	57.750000	9.635919e+04	2.311524e-04
	0	116	-27.000000	44.500000	1.013691e+05	8.186166e-05
2022	2	17	6	9
	278	9	42.500000	71.250000	9.919728e+04	1.611991e-04
	0	28	-27.000000	66.500000	9.929363e+04	1.025402e-04
	136	40	7.000000	63.500000	9.703977e+04	1.216335e-04
	176	61	17.000000	58.250000	9.583716e+04	2.927935e-04
	0	110	-27.000000	46.000000	1.010029e+05	1.100390e-04
	279	120	42.750000	43.500000	1.011679e+05	-3.968460e-06
2022	2	17	5	12
	278	9	42.500000	71.250000	9.924037e+04	1.574173e-04
	138	39	7.500000	63.750000	9.721461e+04	1.324499e-04
	178	61	17.500000	58.250000	9.578076e+04	2.786135e-04
	0	109	-27.000000	46.250000	1.005760e+05	1.053334e-04
	279	120	42.750000	43.500000	1.009852e+05	-2.958989e-06
2022	2	17	5	15
	278	9	42.500000	71.250000	9.928157e+04	1.382581e-04
	140	39	8.000000	63.750000	9.743818e+04	1.284515e-04
	180	62	18.000000	58.000000	9.590954e+04	2.319216e-04
	22	100	-21.500000	48.500000	1.002451e+05	2.138444e-04
	9	104	-24.750000	47.500000	1.002451e+05	1.895919e-04
2022	2	17	3	18
	142	39	8.500000	63.750000	9.761068e+04	1.228606e-04
	183	63	18.750000	57.750000	9.609395e+04	2.790099e-04
	33	95	-18.750000	49.750000	1.001773e+05	2.090447e-04
2022	2	17	3	21
	144	38	9.000000	64.000000	9.778803e+04	1.236345e-04
	187	65	19.750000	57.250000	9.638833e+04	2.865580e-04
	41	90	-16.750000	51.000000	9.986517e+04	2.370616e-04
2022	2	18	3	0
	146	37	9.500000	64.250000	9.793640e+04	1.533932e-04
	193	68	21.250000	56.500000	9.672580e+04	2.327149e-04
	50	85	-14.500000	52.250000	9.939124e+04	2.476023e-04
2022	2	18	4	3
	149	36	10.250000	64.500000	9.811735e+04	1.629833e-04
	211	55	25.750000	59.750000	9.704321e+04	5.436604e-05
	206	66	24.500000	57.000000	9.704321e+04	9.163933e-05
	60	80	-12.000000	53.500000	9.877976e+04	2.653949e-04
2022	2	18	5	6
	148	23	10.000000	67.750000	9.827277e+04	3.138288e-05
	213	55	26.250000	59.750000	9.732350e+04	4.233575e-05
	213	65	26.250000	57.250000	9.732350e+04	5.423414e-05
	60	66	-12.000000	57.000000	9.842599e+04	1.584182e-04
	70	77	-9.500000	54.250000	9.837837e+04	3.765161e-04
2022	2	18	5	9
	144	21	9.000000	68.250000	9.828734e+04	6.325354e-05
	150	33	10.500000	65.250000	9.828812e+04	6.357428e-05
	216	53	27.000000	60.250000	9.749912e+04	4.076100e-05
	67	65	-10.250000	57.250000	9.821308e+04	1.996787e-04
	80	74	-7.000000	55.000000	9.821308e+04	4.032662e-04
2022	2	18	5	12
	138	21	7.500000	68.250000	9.828467e+04	7.820621e-05
	70	64	-9.500000	57.500000	9.863170e+04	2.167070e-04
	93	74	-3.750000	55.000000	9.808930e+04	3.911521e-04
	240	130	33.000000	41.000000	9.995103e+04	1.824203e-05
	230	135	30.500000	39.750000	9.995103e+04	5.844925e-05
2022	2	18	5	15
	141	23	8.250000	67.750000	9.820995e+04	6.505075e-05
	232	44	31.000000	62.500000	9.777926e+04	4.961278e-05
	73	65	-8.750000	57.250000	9.908276e+04	2.375882e-04
	109	73	0.250000	55.250000	9.796695e+04	2.957363e-04
	227	142	29.750000	38.000000	9.985186e+04	5.001838e-05
2022	2	18	5	18
	141	24	8.250000	67.500000	9.817281e+04	9.508585e-05
	243	38	33.750000	64.000000	9.780166e+04	1.017758e-04
	121	74	3.250000	55.000000	9.795551e+04	3.146641e-04
	226	150	29.500000	36.000000	9.980454e+04	1.958349e-04
	264	162	39.000000	33.000000	9.997092e+04	1.035241e-04
2022	2	18	9	21
	6	7	-25.500000	71.750000	1.003095e+05	-1.325967e-05
	143	25	8.750000	67.250000	9.811720e+04	9.234135e-05
	244	36	34.000000	64.500000	9.778819e+04	8.742294e-05
	245	36	34.250000	64.500000	9.778819e+04	8.597221e-05
	0	44	-27.000000	62.500000	9.798716e+04	9.743754e-05
	137	75	7.250000	54.750000	9.806534e+04	3.061754e-04
	235	143	31.750000	37.750000	9.957956e+04	4.537906e-06
	227	150	29.750000	36.000000	9.957956e+04	1.677144e-04
	268	162	40.000000	33.000000	9.999693e+04	8.546120e-05
2022	2	19	6	0
	147	27	9.750000	66.750000	9.811813e+04	8.740678e-05
	247	33	34.750000	65.250000	9.779946e+04	8.147422e-05
	0	40	-27.000000	63.500000	9.790428e+04	9.985921e-05
	157	75	12.250000	54.750000	9.823705e+04	2.109989e-04
	229	151	30.250000	35.750000	9.941505e+04	1.523923e-04
	278	162	42.500000	33.000000	9.984512e+04	1.317722e-04
2022	2	19	8	3
	173	25	16.250000	67.250000	9.812189e+04	1.381815e-06
	152	28	11.000000	66.500000	9.812189e+04	1.443116e-04
	247	32	34.750000	65.500000	9.781795e+04	1.142495e-04
	10	41	-24.500000	63.250000	9.791055e+04	1.994551e-04
	175	76	16.750000	54.500000	9.824755e+04	1.845565e-04
	229	155	30.250000	34.750000	9.944639e+04	2.004730e-04
	241	157	33.250000	34.250000	9.944639e+04	1.390215e-04
	277	162	42.250000	33.000000	9.983509e+04	1.137134e-04
2022	2	19	10	6
	173	25	16.250000	67.250000	9.814571e+04	1.638983e-05
	151	26	10.750000	67.000000	9.814571e+04	1.094362e-04
	248	30	35.000000	66.000000	9.784819e+04	1.232506e-04
	4	39	-26.000000	63.750000	9.780792e+04	1.617217e-04
	35	42	-18.250000	63.000000	9.779195e+04	2.159641e-04
	191	78	20.750000	54.000000	9.832933e+04	1.599628e-04
	235	147	31.750000	36.750000	9.973655e+04	-7.985528e-05
	242	156	33.500000	34.500000	9.972934e+04	1.359571e-04
	230	159	30.500000	33.750000	9.972934e+04	2.058403e-04
	279	160	42.750000	33.500000	1.001398e+05	1.460140e-04
2022	2	19	10	9
	152	19	11.000000	68.750000	9.829126e+04	9.353053e-05
	154	27	11.500000	66.750000	9.829126e+04	1.073141e-04
	247	29	34.750000	66.250000	9.792637e+04	1.047925e-04
	37	40	-17.750000	63.500000	9.779712e+04	2.219465e-04
	200	78	23.000000	54.000000	9.847503e+04	1.401369e-04
	201	78	23.250000	54.000000	9.847503e+04	1.384305e-04
	151	111	10.750000	45.750000	1.008965e+05	7.461257e-05
	240	156	33.000000	34.500000	1.000712e+05	1.240190e-04
	278	158	42.500000	34.000000	1.002641e+05	1.468150e-04
	232	162	31.000000	33.000000	1.000712e+05	5.580125e-05
2022	2	19	9	12
	154	19	11.500000	68.750000	9.846626e+04	9.331653e-05
	246	28	34.500000	66.500000	9.805437e+04	1.149415e-04
	247	28	34.750000	66.500000	9.805437e+04	1.204432e-04
	210	79	25.500000	53.750000	9.863577e+04	1.251108e-04
	152	111	11.000000	45.750000	1.010194e+05	2.056610e-05
	137	118	7.250000	44.000000	1.010344e+05	1.414367e-04
	284	140	44.000000	38.500000	1.004282e+05	-8.424599e-06
	255	155	36.750000	34.750000	1.003095e+05	5.956553e-05
	238	162	32.500000	33.000000	1.003432e+05	6.102380e-05
2022	2	19	7	15
	154	20	11.500000	68.500000	9.854631e+04	1.350921e-04
	246	28	34.500000	66.500000	9.819631e+04	9.725185e-05
	54	37	-13.500000	64.250000	9.783377e+04	2.803262e-04
	0	55	-27.000000	59.750000	9.625735e+04	1.079637e-04
	218	82	27.500000	53.000000	9.887156e+04	9.718879e-05
	146	126	9.500000	42.000000	1.010300e+05	8.213321e-06
	280	156	43.000000	34.500000	1.005981e+05	1.224506e-04
2022	2	19	6	18
	157	20	12.250000	68.500000	9.856684e+04	1.517770e-04
	248	27	35.000000	66.750000	9.830880e+04	1.060165e-04
	0	53	-27.000000	60.250000	9.524808e+04	1.256153e-04
	224	82	29.000000	53.000000	9.901711e+04	1.212224e-04
	149	127	10.250000	41.750000	1.011626e+05	4.917895e-05
	281	155	43.250000	34.750000	1.009116e+05	1.286968e-04
2022	2	19	9	21
	280	14	43.000000	70.000000	9.838055e+04	8.470383e-05
	158	20	12.500000	68.500000	9.857969e+04	1.999202e-04
	253	25	36.250000	67.250000	9.841800e+04	1.023141e-04
	250	26	35.500000	67.000000	9.843477e+04	1.195082e-04
	1	51	-26.750000	60.750000	9.478026e+04	1.733671e-04
	231	82	30.750000	53.000000	9.916172e+04	1.182068e-04
	152	129	11.000000	41.250000	1.013084e+05	1.944537e-05
	281	152	43.250000	35.500000	1.010208e+05	1.202944e-04
	278	162	42.500000	33.000000	1.010208e+05	-7.759426e-05
2022	2	20	7	0
	282	13	43.500000	70.250000	9.844980e+04	1.144501e-04
	160	21	13.000000	68.250000	9.863750e+04	1.914669e-04
	258	25	37.500000	67.250000	9.849931e+04	3.836918e-05
	11	47	-24.250000	61.750000	9.472433e+04	1.799201e-04
	236	82	32.000000	53.000000	9.926575e+04	1.209880e-04
	153	131	11.250000	40.750000	1.013691e+05	3.861257e-05
	280	151	43.000000	35.750000	1.011529e+05	8.940540e-05
