2022	2	14	6	0
	221	10	28.250000	71.000000	9.838016e+04	1.417063e-04
	194	12	21.500000	70.500000	9.838016e+04	1.267523e-04
	1	17	-26.750000	69.250000	9.977942e+04	-8.581444e-06
	219	23	27.750000	67.750000	9.840538e+04	1.068241e-04
	114	62	1.500000	58.000000	9.852613e+04	9.480344e-05
	103	71	-1.250000	55.750000	9.852613e+04	1.433656e-04
2022	2	14	5	3
	57	5	-12.750000	72.250000	1.001544e+05	8.263785e-05
	58	5	-12.500000	72.250000	1.001544e+05	8.895808e-05
	213	9	26.250000	71.250000	9.810709e+04	2.154001e-04
	227	22	29.750000	68.000000	9.823987e+04	8.287116e-05
	108	70	0.000000	56.000000	9.847820e+04	1.066890e-04
2022	2	14	3	6
	217	8	27.250000	71.500000	9.796662e+04	2.446396e-04
	119	61	2.750000	58.250000	9.853448e+04	8.107327e-05
	110	70	0.500000	56.000000	9.853448e+04	1.211007e-04
2022	2	14	3	9
	216	9	27.000000	71.250000	9.805114e+04	2.906930e-04
	0	52	-27.000000	60.500000	9.807302e+04	1.072607e-04
	124	68	4.000000	56.500000	9.862684e+04	5.558696e-05
2022	2	14	4	12
	223	9	28.750000	71.250000	9.806149e+04	1.955825e-04
	0	48	-27.000000	61.500000	9.762258e+04	1.520070e-04
	131	65	5.750000	57.250000	9.856772e+04	1.623612e-04
	114	70	1.500000	56.000000	9.856772e+04	1.870924e-04
2022	2	14	3	15
	231	6	30.750000	72.000000	9.816454e+04	1.401817e-04
	1	44	-26.750000	62.500000	9.727568e+04	1.563747e-04
	134	62	6.500000	58.000000	9.846534e+04	1.617409e-04
2022	2	14	3	18
	250	13	35.500000	70.250000	9.819460e+04	1.294224e-04
	0	41	-27.000000	63.250000	9.709230e+04	1.223191e-04
	136	61	7.000000	58.250000	9.863636e+04	1.688023e-04
2022	2	14	5	21
	257	13	37.250000	70.250000	9.821732e+04	1.527848e-04
	0	38	-27.000000	64.000000	9.703217e+04	1.609939e-04
	27	39	-20.250000	63.750000	9.703217e+04	-3.826754e-05
	133	61	6.250000	58.250000	9.870818e+04	2.162342e-04
	139	121	7.750000	43.250000	1.010947e+05	1.310431e-04
2022	2	15	8	0
	242	7	33.500000	71.750000	9.827661e+04	1.176876e-04
	262	13	38.500000	70.250000	9.827661e+04	1.573410e-04
	0	37	-27.000000	64.250000	9.733931e+04	1.023069e-04
	27	39	-20.250000	63.750000	9.733931e+04	3.227279e-05
	126	53	4.500000	60.250000	9.877816e+04	8.570321e-05
	151	54	10.750000	60.000000	9.877816e+04	2.235555e-04
	139	60	7.750000	58.500000	9.877816e+04	1.910940e-04
	145	118	9.250000	44.000000	1.010843e+05	1.445600e-04
2022	2	15	8	3
	243	9	33.750000	71.250000	9.837315e+04	2.093636e-04
	244	9	34.000000	71.250000	9.837315e+04	1.783283e-04
	267	12	39.750000	70.500000	9.837315e+04	1.585403e-04
	28	38	-20.000000	64.000000	9.736888e+04	3.281152e-05
	125	52	4.250000	60.500000	9.874209e+04	1.201305e-04
	143	59	8.750000	58.750000	9.874209e+04	1.993645e-04
	171	103	15.750000	47.750000	1.009971e+05	8.093834e-05
	146	117	9.500000	44.250000	1.009707e+05	1.207624e-04
2022	2	15	7	6
	272	12	41.000000	70.500000	9.847002e+04	1.258704e-04
	0	33	-27.000000	65.250000	9.723142e+04	6.533277e-05
	29	38	-19.750000	64.000000	9.729973e+04	9.796841e-05
	126	52	4.500000	60.500000	9.876112e+04	1.040671e-04
	148	58	10.000000	59.000000	9.873924e+04	2.257501e-04
	0	85	-27.000000	52.250000	9.897256e+04	1.270886e-04
	146	117	9.500000	44.250000	1.010815e+05	1.134054e-04
2022	2	15	9	9
	277	11	42.250000	70.750000	9.862834e+04	1.649087e-04
	0	31	-27.000000	65.750000	9.735251e+04	5.035687e-05
	57	47	-12.750000	61.750000	9.777740e+04	2.757698e-04
	155	48	11.750000	61.500000	9.879687e+04	1.834967e-04
	123	49	3.750000	61.250000	9.873623e+04	1.509941e-04
	154	56	11.500000	59.500000	9.879787e+04	1.672759e-04
	5	82	-25.750000	53.000000	9.856722e+04	2.329012e-04
	159	113	12.750000	45.250000	1.011611e+05	1.026006e-04
	150	162	10.500000	33.000000	1.017414e+05	1.020114e-04
2022	2	15	9	12
	279	12	42.750000	70.500000	9.877632e+04	1.968566e-04
	0	29	-27.000000	66.250000	9.747259e+04	9.661363e-05
	22	31	-21.500000	65.750000	9.747259e+04	1.640233e-04
	53	43	-13.750000	62.750000	9.769473e+04	2.857647e-04
	122	47	3.500000	61.750000	9.868145e+04	1.725152e-04
	157	47	12.250000	61.750000	9.877632e+04	1.301703e-04
	16	79	-23.000000	53.750000	9.834325e+04	2.210385e-04
	161	111	13.250000	45.750000	1.011837e+05	9.584860e-05
	153	162	11.250000	33.000000	1.016395e+05	9.059276e-05
2022	2	15	6	15
	284	12	44.000000	70.500000	9.887085e+04	1.776502e-04
	0	39	-27.000000	63.750000	9.740896e+04	1.215774e-05
	46	39	-15.500000	63.750000	9.753806e+04	2.723259e-04
	27	76	-20.250000	54.500000	9.796997e+04	2.415061e-04
	170	114	15.500000	45.000000	1.012176e+05	5.646367e-05
	154	162	11.500000	33.000000	1.015334e+05	7.426798e-05
2022	2	15	5	18
	287	11	44.750000	70.750000	9.898609e+04	8.705387e-05
	39	35	-17.250000	64.750000	9.763627e+04	2.399767e-04
	86	51	-5.500000	60.750000	9.827611e+04	1.537221e-04
	38	74	-17.500000	55.000000	9.776420e+04	2.795995e-04
	161	162	13.250000	33.000000	1.015583e+05	-8.131252e-06
2022	2	15	4	21
	287	11	44.750000	70.750000	9.906426e+04	1.005201e-04
	91	51	-4.250000	60.750000	9.825974e+04	1.429347e-04
	51	72	-14.250000	55.500000	9.769489e+04	2.818593e-04
	162	162	13.500000	33.000000	1.016774e+05	-2.609734e-05
2022	2	16	4	0
	184	44	19.000000	62.500000	9.883478e+04	1.370863e-04
	89	50	-4.750000	61.000000	9.821298e+04	1.194509e-04
	66	71	-10.500000	55.750000	9.768454e+04	2.622948e-04
	167	161	14.750000	33.250000	1.016595e+05	-6.087303e-05
2022	2	16	6	3
	189	42	20.250000	63.000000	9.881657e+04	1.265323e-04
	94	51	-3.500000	60.750000	9.812930e+04	1.033342e-04
	113	52	1.250000	60.500000	9.812930e+04	4.887339e-05
	79	71	-7.250000	55.750000	9.774082e+04	2.556908e-04
	168	148	15.000000	36.500000	1.015580e+05	6.123891e-05
	166	161	14.500000	33.250000	1.015211e+05	4.996777e-05
2022	2	16	9	6
	98	51	-2.500000	60.750000	9.808187e+04	1.087524e-04
	116	51	2.000000	60.750000	9.808187e+04	5.257194e-05
	9	69	-24.750000	56.250000	9.728955e+04	2.125025e-04
	87	72	-5.250000	55.500000	9.789197e+04	2.454708e-04
	101	73	-1.750000	55.250000	9.789197e+04	1.972875e-04
	137	116	7.250000	44.500000	1.013096e+05	7.772644e-05
	279	121	42.750000	43.250000	1.022813e+05	-6.043515e-07
	169	148	15.250000	36.500000	1.015520e+05	1.041400e-04
	170	157	15.500000	34.250000	1.015520e+05	9.251804e-05
2022	2	16	6	9
	121	51	3.250000	60.750000	9.810007e+04	7.676992e-05
	100	52	-2.000000	60.500000	9.810007e+04	1.119505e-04
	16	68	-23.000000	56.500000	9.710516e+04	2.885302e-04
	122	73	3.500000	55.250000	9.774700e+04	2.632762e-04
	137	116	7.250000	44.500000	1.011503e+05	1.072839e-04
	173	153	16.250000	35.250000	1.015989e+05	1.011873e-04
2022	2	16	5	12
	122	49	3.500000	61.250000	9.809606e+04	8.598939e-05
	32	62	-19.000000	58.000000	9.688770e+04	2.317963e-04
	134	73	6.500000	55.250000	9.759184e+04	2.730550e-04
	137	117	7.250000	44.250000	1.012416e+05	1.503693e-04
	177	151	17.250000	35.750000	1.013796e+05	8.507919e-05
2022	2	16	4	15
	38	61	-17.500000	58.250000	9.682173e+04	2.824251e-04
	59	61	-12.250000	58.250000	9.682173e+04	1.756697e-04
	142	74	8.500000	55.000000	9.766650e+04	2.818241e-04
	178	149	17.500000	36.250000	1.011593e+05	1.290745e-04
2022	2	16	3	18
	65	59	-10.750000	58.750000	9.671066e+04	1.936670e-04
	162	74	13.500000	55.000000	9.781531e+04	1.664397e-04
	181	148	18.250000	36.500000	1.010988e+05	1.688885e-04
2022	2	16	6	21
	0	31	-27.000000	65.750000	9.850927e+04	1.070358e-04
	65	59	-10.750000	58.750000	9.676111e+04	2.158209e-04
	173	73	16.250000	55.250000	9.788045e+04	1.111524e-04
	150	109	10.500000	46.250000	1.004954e+05	1.349363e-05
	138	117	7.500000	44.250000	1.010217e+05	4.209086e-05
	179	145	17.750000	37.250000	1.009928e+05	2.182791e-04
2022	2	17	4	0
	0	29	-27.000000	66.250000	9.888054e+04	1.177557e-04
	110	64	0.500000	57.500000	9.690273e+04	2.496221e-04
	181	73	18.250000	55.250000	9.788496e+04	7.981397e-05
	177	149	17.250000	36.250000	1.008914e+05	2.312931e-04
2022	2	17	4	3
	116	64	2.000000	57.500000	9.681555e+04	2.231190e-04
	136	70	7.000000	56.000000	9.683559e+04	2.575046e-04
	137	113	7.250000	45.250000	1.005864e+05	1.451733e-05
	178	151	17.500000	35.750000	1.006563e+05	2.258297e-04
2022	2	17	3	6
	121	65	3.250000	57.250000	9.694583e+04	2.160907e-04
	143	69	8.750000	56.250000	9.698090e+04	2.652019e-04
	181	153	18.250000	35.250000	1.006826e+05	2.343574e-04
2022	2	17	5	9
	125	66	4.250000	57.000000	9.719452e+04	2.184553e-04
	150	70	10.500000	56.000000	9.706558e+04	2.204981e-04
	0	111	-27.000000	45.750000	1.001504e+05	1.299248e-04
	279	120	42.750000	43.500000	1.013353e+05	1.143293e-05
	182	154	18.500000	35.000000	1.008037e+05	2.552673e-04
2022	2	17	6	12
	131	40	5.750000	63.500000	9.784120e+04	9.067031e-05
	206	64	24.500000	57.500000	9.716127e+04	8.104453e-05
	155	70	11.750000	56.000000	9.718516e+04	2.044036e-04
	1	108	-26.750000	46.500000	9.938710e+04	2.378456e-04
	279	120	42.750000	43.500000	1.010908e+05	8.755969e-06
	182	156	18.500000	34.500000	1.007815e+05	2.472016e-04
2022	2	17	5	15
	208	68	25.000000	56.500000	9.714023e+04	1.645751e-05
	162	72	13.500000	55.500000	9.737606e+04	2.150306e-04
	10	105	-24.500000	47.250000	9.910885e+04	4.573318e-04
	158	107	12.500000	46.750000	9.988213e+04	-1.244928e-05
	183	160	18.750000	33.500000	1.007700e+05	2.159360e-04
2022	2	17	3	18
	38	44	-17.500000	62.500000	9.931395e+04	1.103353e-04
	21	99	-21.750000	48.750000	9.864355e+04	5.043666e-04
	185	162	19.250000	33.000000	1.009096e+05	9.464617e-05
2022	2	17	3	21
	39	44	-17.250000	62.500000	9.919954e+04	1.008829e-04
	30	95	-19.500000	49.750000	9.793305e+04	6.107358e-04
	153	111	11.250000	45.750000	1.004542e+05	1.221658e-04
2022	2	18	2	0
	39	44	-17.250000	62.500000	9.911787e+04	1.387249e-04
	40	92	-17.000000	50.500000	9.727869e+04	6.502620e-04
2022	2	18	3	3
	143	25	8.750000	67.250000	9.848538e+04	7.569303e-05
	34	44	-18.500000	62.500000	9.890359e+04	1.538736e-04
	52	86	-14.000000	52.000000	9.680136e+04	6.289557e-04
2022	2	18	3	6
	143	25	8.750000	67.250000	9.847970e+04	6.313814e-05
	30	44	-19.500000	62.500000	9.866809e+04	2.209846e-04
	65	80	-10.750000	53.500000	9.648720e+04	5.357488e-04
2022	2	18	4	9
	148	26	10.000000	67.000000	9.847753e+04	8.151714e-05
	79	73	-7.250000	55.250000	9.637713e+04	4.058551e-04
	137	113	7.250000	45.250000	1.015009e+05	-1.730833e-05
	160	126	13.000000	42.000000	1.015147e+05	3.315978e-05
2022	2	18	5	12
	147	25	9.750000	67.250000	9.849005e+04	6.941223e-05
	226	42	29.500000	63.000000	9.771393e+04	6.058727e-05
	240	53	33.000000	60.250000	9.771042e+04	9.191569e-05
	240	54	33.000000	60.000000	9.771042e+04	1.179454e-04
	94	73	-3.500000	55.250000	9.616954e+04	3.246854e-04
2022	2	18	7	15
	6	7	-25.500000	71.750000	1.004209e+05	-2.184783e-05
	152	28	11.000000	66.500000	9.839586e+04	1.258033e-04
	230	40	30.500000	63.500000	9.776955e+04	3.670258e-05
	64	51	-11.000000	60.750000	9.851912e+04	1.348686e-04
	244	51	34.000000	60.750000	9.776938e+04	9.811063e-05
	0	61	-27.000000	58.250000	9.854250e+04	1.202834e-04
	106	70	-0.500000	56.000000	9.606749e+04	2.990993e-04
2022	2	18	9	18
	6	7	-25.500000	71.750000	1.003847e+05	-2.998665e-05
	152	28	11.000000	66.500000	9.831736e+04	9.860357e-05
	233	39	31.250000	63.750000	9.770742e+04	1.988053e-05
	247	48	34.750000	61.500000	9.770742e+04	8.359681e-05
	63	50	-11.250000	61.000000	9.843310e+04	2.013258e-04
	0	55	-27.000000	59.750000	9.795427e+04	1.246691e-04
	118	69	2.500000	56.250000	9.604494e+04	2.305914e-04
	278	118	42.500000	44.000000	1.005208e+05	3.969666e-05
	218	147	27.500000	36.750000	1.007698e+05	1.235221e-04
2022	2	18	10	21
	6	7	-25.500000	71.750000	1.003907e+05	-1.448874e-05
	151	26	10.750000	67.000000	9.820763e+04	7.594585e-05
	152	27	11.000000	66.750000	9.820763e+04	7.633054e-05
	237	39	32.250000	63.750000	9.765414e+04	1.053131e-06
	248	46	35.000000	62.000000	9.765414e+04	1.034756e-04
	249	46	35.250000	62.000000	9.765414e+04	1.035435e-04
	62	50	-11.500000	61.000000	9.840838e+04	2.308406e-04
	6	53	-25.500000	60.250000	9.772662e+04	2.044424e-04
	128	69	5.000000	56.250000	9.622298e+04	2.369373e-04
	214	157	26.500000	34.250000	1.007682e+05	1.854560e-04
2022	2	19	8	0
	6	7	-25.500000	71.750000	1.004154e+05	-1.060369e-05
	149	23	10.250000	67.750000	9.813114e+04	6.284611e-05
	255	39	36.750000	63.750000	9.759836e+04	7.412752e-05
	5	50	-25.750000	61.000000	9.759502e+04	1.948539e-04
	66	52	-10.500000	60.500000	9.841974e+04	1.584533e-04
	139	69	7.750000	56.250000	9.645296e+04	2.470553e-04
	137	117	7.250000	44.250000	1.012433e+05	1.084014e-04
	216	160	27.000000	33.500000	1.006329e+05	1.764266e-04
2022	2	19	9	3
	6	7	-25.500000	71.750000	1.004019e+05	-2.618373e-05
	150	24	10.500000	67.500000	9.807602e+04	6.841865e-05
	257	37	37.250000	64.250000	9.754057e+04	7.325458e-05
	257	38	37.250000	64.000000	9.754057e+04	8.734710e-05
	258	38	37.500000	64.000000	9.754057e+04	9.087931e-05
	1	47	-26.750000	61.750000	9.760955e+04	1.034694e-04
	153	69	11.250000	56.250000	9.673889e+04	2.493438e-04
	137	117	7.250000	44.250000	1.011535e+05	1.329200e-04
	217	162	27.250000	33.000000	1.006486e+05	6.256036e-05
2022	2	19	7	6
	6	7	-25.500000	71.750000	1.003180e+05	-1.545550e-05
	144	22	9.000000	68.000000	9.802742e+04	3.904133e-05
	256	31	37.000000	65.750000	9.749731e+04	8.814561e-05
	0	46	-27.000000	62.000000	9.756495e+04	1.073548e-04
	49	57	-14.750000	59.250000	9.767769e+04	1.969915e-04
	166	71	14.500000	55.750000	9.707910e+04	2.395717e-04
	137	117	7.250000	44.250000	1.011859e+05	1.346693e-04
2022	2	19	7	9
	6	7	-25.500000	71.750000	1.002990e+05	-1.219459e-05
	150	23	10.500000	67.750000	9.807235e+04	4.905168e-05
	258	30	37.500000	66.000000	9.753238e+04	1.103415e-04
	51	56	-14.250000	59.500000	9.762926e+04	2.285662e-04
	75	60	-8.250000	58.500000	9.769857e+04	1.960322e-04
	178	69	17.500000	56.250000	9.729639e+04	2.323690e-04
	137	118	7.250000	44.000000	1.013637e+05	1.445845e-04
2022	2	19	7	12
	6	7	-25.500000	71.750000	1.002579e+05	-3.276418e-06
	148	23	10.000000	67.750000	9.809223e+04	5.738192e-05
	260	26	38.000000	67.000000	9.756512e+04	7.474514e-05
	55	56	-13.250000	59.500000	9.772997e+04	2.531220e-04
	82	57	-6.500000	59.250000	9.765180e+04	2.276204e-04
	186	69	19.500000	56.250000	9.756379e+04	2.284873e-04
	136	118	7.000000	44.000000	1.014219e+05	1.234770e-04
2022	2	19	7	15
	6	7	-25.500000	71.750000	1.002335e+05	1.362452e-05
	148	22	10.000000	68.000000	9.814684e+04	4.590296e-05
	269	22	40.250000	68.000000	9.763009e+04	7.502079e-05
	0	46	-27.000000	62.000000	9.793690e+04	-1.546386e-05
	60	56	-12.000000	59.500000	9.767535e+04	2.486379e-04
	84	57	-6.000000	59.250000	9.763443e+04	2.547459e-04
	195	69	21.750000	56.250000	9.795277e+04	2.290813e-04
2022	2	19	7	18
	6	7	-25.500000	71.750000	1.001813e+05	1.335903e-05
	271	20	40.750000	68.500000	9.762625e+04	6.632713e-05
	142	22	8.500000	68.000000	9.813882e+04	7.581565e-05
	66	57	-10.500000	59.250000	9.773364e+04	2.132331e-04
	91	57	-4.250000	59.250000	9.769690e+04	2.193698e-04
	207	69	24.750000	56.250000	9.826024e+04	1.771337e-04
	149	126	10.250000	42.000000	1.016258e+05	4.188118e-05
2022	2	19	6	21
	272	18	41.000000	69.000000	9.766166e+04	5.822681e-05
	148	21	10.000000	68.250000	9.814884e+04	7.417330e-05
	246	21	34.500000	68.250000	9.766166e+04	5.659628e-05
	16	42	-23.000000	63.000000	9.798249e+04	6.273496e-05
	100	57	-2.000000	59.250000	9.785590e+04	2.490517e-04
	219	68	27.750000	56.500000	9.853014e+04	9.197433e-05
2022	2	20	3	0
	144	22	9.000000	68.000000	9.813264e+04	7.207340e-05
	108	58	0.000000	59.000000	9.793072e+04	2.108367e-04
	230	68	30.500000	56.500000	9.869682e+04	1.216385e-05
