2022	2	10	8	0
	8	6	-25.000000	72.000000	1.002057e+05	-2.308466e-05
	148	22	10.000000	68.000000	9.653745e+04	4.148387e-04
	59	55	-12.250000	59.750000	9.857188e+04	4.323371e-04
	152	106	11.000000	47.000000	1.022416e+05	-3.600314e-05
	139	110	7.750000	46.000000	1.022416e+05	-7.436072e-05
	260	147	38.000000	36.750000	1.007547e+05	2.865703e-05
	249	150	35.250000	36.000000	1.007547e+05	1.080708e-04
	278	162	42.500000	33.000000	1.008599e+05	9.301797e-05
2022	2	10	7	6
	174	5	16.500000	72.250000	9.718547e+04	1.527066e-04
	175	5	16.750000	72.250000	9.718547e+04	1.396930e-04
	8	6	-25.000000	72.000000	1.003156e+05	-1.720438e-05
	166	22	14.500000	68.000000	9.678678e+04	3.483617e-04
	76	59	-8.000000	58.750000	9.908073e+04	4.821548e-04
	158	106	12.500000	47.000000	1.021250e+05	-4.322334e-05
	282	162	43.500000	33.000000	1.010677e+05	1.327172e-04
2022	2	10	8	12
	207	1	24.750000	73.250000	9.740658e+04	1.057674e-05
	180	5	18.000000	72.250000	9.740658e+04	1.104805e-04
	181	5	18.250000	72.250000	9.740658e+04	1.015675e-04
	187	27	19.750000	66.750000	9.752202e+04	1.627359e-04
	94	64	-3.500000	57.500000	9.998102e+04	3.282539e-04
	137	117	7.250000	44.250000	1.022224e+05	1.251631e-04
	284	139	44.000000	38.750000	1.009505e+05	2.761372e-05
	270	155	40.500000	34.750000	1.009991e+05	4.341187e-05
2022	2	10	8	18
	191	5	20.750000	72.250000	9.763336e+04	1.375327e-04
	8	6	-25.000000	72.000000	9.997534e+04	-5.002104e-05
	9	14	-24.750000	70.000000	9.981559e+04	-9.605513e-06
	42	15	-16.500000	69.750000	9.981559e+04	1.380203e-04
	208	30	25.000000	66.000000	9.798932e+04	1.535787e-04
	111	69	0.750000	56.250000	1.003809e+05	3.093519e-04
	136	119	7.000000	43.750000	1.022397e+05	9.247455e-05
	87	156	-5.250000	34.500000	1.021219e+05	4.636420e-06
2022	2	11	8	0
	215	0	26.750000	73.500000	9.790073e+04	4.055165e-05
	202	7	23.500000	71.750000	9.790073e+04	1.590002e-04
	52	11	-14.000000	70.750000	9.933006e+04	1.795833e-04
	0	71	-27.000000	55.750000	9.963976e+04	1.417842e-04
	127	74	4.750000	55.000000	1.007159e+05	2.889260e-04
	150	109	10.500000	46.250000	1.021597e+05	3.482511e-06
	135	119	6.750000	43.750000	1.022356e+05	5.495580e-05
	82	162	-6.500000	33.000000	1.023406e+05	4.490031e-05
2022	2	11	4	6
	215	9	26.750000	71.250000	9.826022e+04	1.433197e-04
	55	12	-13.250000	70.500000	9.924166e+04	2.337008e-04
	139	79	7.750000	53.750000	1.012922e+05	2.499260e-04
	88	159	-5.000000	33.750000	1.023202e+05	3.685863e-05
2022	2	11	8	12
	235	5	31.750000	72.250000	9.858442e+04	3.181592e-05
	97	12	-2.750000	70.500000	9.927478e+04	9.121515e-05
	70	16	-9.500000	69.500000	9.927478e+04	1.769226e-04
	9	60	-24.750000	58.500000	9.891530e+04	1.563628e-04
	5	69	-25.750000	56.250000	9.891530e+04	1.325066e-04
	154	110	11.500000	46.000000	1.021913e+05	2.190415e-05
	134	119	6.500000	43.750000	1.021627e+05	1.000977e-04
	165	126	14.250000	42.000000	1.021705e+05	4.676829e-06
2022	2	11	5	18
	126	13	4.500000	70.250000	9.889824e+04	1.012993e-04
	25	56	-20.750000	59.500000	9.883179e+04	7.635608e-05
	41	56	-16.750000	59.500000	9.888981e+04	1.271439e-04
	9	61	-24.750000	58.250000	9.883179e+04	2.191360e-04
	27	65	-20.250000	57.250000	9.883179e+04	1.073398e-04
2022	2	12	5	0
	250	0	35.500000	73.500000	9.881572e+04	4.493635e-05
	246	8	34.500000	71.500000	9.881572e+04	4.636565e-05
	138	14	7.500000	70.000000	9.845290e+04	2.254219e-04
	62	51	-11.500000	60.750000	9.861520e+04	1.550061e-04
	44	54	-16.000000	60.000000	9.861520e+04	1.871593e-04
2022	2	12	5	6
	269	6	40.250000	72.000000	9.877710e+04	4.965926e-05
	153	13	11.250000	70.250000	9.864911e+04	1.245635e-04
	143	22	8.750000	68.000000	9.864911e+04	3.189656e-04
	64	57	-11.000000	59.250000	9.846936e+04	9.014668e-05
	45	59	-15.750000	58.750000	9.846936e+04	1.362810e-04
2022	2	12	1	12
	76	53	-8.000000	60.250000	9.836880e+04	1.529841e-04
2022	2	12	3	18
	272	8	41.000000	71.500000	9.867322e+04	5.741105e-05
	264	17	39.000000	69.250000	9.867322e+04	5.641468e-05
	90	54	-4.500000	60.000000	9.825688e+04	1.671437e-04
2022	2	13	5	0
	164	0	14.000000	73.500000	9.873438e+04	1.396901e-04
	274	19	41.500000	68.750000	9.864558e+04	1.322672e-04
	120	48	3.000000	61.500000	9.827159e+04	1.551398e-04
	101	55	-1.750000	59.750000	9.827159e+04	1.624425e-04
	102	55	-1.500000	59.750000	9.827159e+04	1.467649e-04
2022	2	13	5	6
	182	0	18.500000	73.500000	9.861147e+04	1.272355e-04
	262	13	38.500000	70.250000	9.872418e+04	8.655770e-05
	280	19	43.000000	68.750000	9.872418e+04	1.512477e-04
	125	50	4.250000	61.000000	9.797443e+04	2.186406e-04
	2	64	-26.500000	57.500000	1.005056e+05	8.589220e-05
2022	2	13	6	12
	200	0	23.000000	73.500000	9.868204e+04	1.074476e-04
	10	6	-24.500000	72.000000	9.961055e+04	-8.836530e-05
	10	14	-24.500000	70.000000	9.961055e+04	2.796862e-05
	283	18	43.750000	69.000000	9.906191e+04	1.096302e-04
	2	44	-26.500000	62.500000	1.003160e+05	1.586747e-04
	143	53	8.750000	60.250000	9.784761e+04	7.750135e-06
2022	2	13	5	18
	216	0	27.000000	73.500000	9.896587e+04	5.435443e-05
	174	2	16.500000	73.000000	9.896606e+04	6.349666e-05
	5	37	-25.750000	64.250000	9.989732e+04	2.009905e-04
	181	47	18.250000	61.750000	9.787838e+04	8.878665e-05
	108	105	0.000000	47.250000	9.988870e+04	2.310338e-04
2022	2	14	4	0
	181	4	18.250000	72.500000	9.901389e+04	1.344741e-04
	9	32	-24.750000	65.500000	9.965799e+04	1.467899e-04
	204	39	24.000000	63.750000	9.794561e+04	4.113893e-05
	125	100	4.250000	48.500000	9.977560e+04	2.620302e-04
2022	2	14	4	6
	191	2	20.750000	73.000000	9.888981e+04	2.476059e-04
	216	35	27.000000	64.750000	9.799384e+04	3.892952e-05
	15	40	-23.250000	63.500000	9.889530e+04	1.720370e-04
	138	118	7.500000	44.000000	1.006975e+05	1.894102e-04
2022	2	14	5	12
	197	0	22.250000	73.500000	9.892431e+04	1.193023e-04
	245	33	34.250000	65.250000	9.824512e+04	7.691741e-05
	246	33	34.500000	65.250000	9.824512e+04	7.465669e-05
	151	116	10.750000	44.500000	1.004640e+05	1.122968e-04
	138	119	7.500000	43.750000	1.004640e+05	1.506726e-04
2022	2	14	6	18
	200	0	23.000000	73.500000	9.900311e+04	8.994660e-05
	264	29	39.000000	66.250000	9.843839e+04	8.952762e-05
	4	37	-26.000000	64.250000	9.757377e+04	9.323397e-05
	5	37	-25.750000	64.250000	9.757377e+04	9.972080e-05
	25	41	-20.750000	63.250000	9.757377e+04	1.292054e-04
	154	114	11.500000	45.000000	1.004971e+05	1.436486e-04
2022	2	15	5	0
	203	4	23.750000	72.500000	9.924146e+04	2.026586e-04
	6	7	-25.500000	71.750000	9.874084e+04	3.208643e-05
	277	25	42.250000	67.250000	9.859109e+04	9.354182e-05
	30	30	-19.500000	66.000000	9.728093e+04	1.479187e-04
	158	113	12.500000	45.250000	1.006463e+05	1.258967e-04
2022	2	15	5	6
	6	7	-25.500000	71.750000	9.804381e+04	-7.283811e-06
	287	23	44.750000	67.750000	9.869007e+04	8.991506e-05
	21	25	-21.750000	67.250000	9.684990e+04	2.145225e-04
	16	66	-23.000000	57.000000	9.703552e+04	3.108194e-04
	282	122	43.500000	43.000000	1.019031e+05	5.879725e-06
2022	2	15	4	12
	288	19	45.000000	68.750000	9.886864e+04	-5.071061e-05
	20	23	-22.000000	67.750000	9.685284e+04	1.421359e-04
	0	33	-27.000000	65.250000	9.685048e+04	5.207300e-08
	46	56	-15.500000	59.500000	9.593980e+04	4.236072e-04
2022	2	15	3	18
	23	35	-21.250000	64.750000	9.661507e+04	7.822990e-05
	79	47	-7.250000	61.750000	9.543958e+04	4.143182e-04
	209	109	25.250000	46.250000	1.014505e+05	1.236851e-05
2022	2	16	4	0
	106	41	-0.500000	63.250000	9.545271e+04	3.251179e-04
	134	115	6.500000	44.750000	1.025100e+05	3.475074e-05
	281	121	43.250000	43.250000	1.018849e+05	-1.786482e-05
	273	130	41.250000	41.000000	1.018849e+05	9.787631e-06
2022	2	16	3	6
	123	35	3.750000	64.750000	9.547937e+04	3.028349e-04
	150	109	10.500000	46.250000	1.027846e+05	1.644991e-05
	281	121	43.250000	43.250000	1.020529e+05	-3.926938e-05
2022	2	16	4	12
	135	29	6.750000	66.250000	9.539449e+04	4.157359e-04
	0	37	-27.000000	64.250000	9.639475e+04	8.751565e-05
	135	115	6.750000	44.750000	1.027823e+05	4.118125e-05
	279	120	42.750000	43.500000	1.021421e+05	2.240421e-07
2022	2	16	5	18
	140	26	8.000000	67.000000	9.528688e+04	3.973686e-04
	4	32	-26.000000	65.500000	9.666603e+04	2.679411e-04
	150	110	10.500000	46.000000	1.026000e+05	-2.298010e-06
	136	116	7.000000	44.500000	1.026000e+05	2.979024e-05
	281	121	43.250000	43.250000	1.023173e+05	-8.650067e-06
2022	2	17	5	0
	147	24	9.750000	67.500000	9.545192e+04	4.150035e-04
	194	52	21.500000	60.500000	9.737325e+04	1.218029e-04
	137	117	7.250000	44.250000	1.025613e+05	3.656822e-05
	281	121	43.250000	43.250000	1.023093e+05	-3.446044e-05
	111	124	0.750000	42.500000	1.030433e+05	-8.073584e-06
2022	2	17	7	6
	151	23	10.750000	67.750000	9.584512e+04	3.340006e-04
	219	43	27.750000	62.750000	9.704277e+04	1.558758e-04
	214	52	26.500000	60.500000	9.704277e+04	3.565272e-04
	51	80	-14.250000	53.500000	1.007504e+05	1.564089e-04
	136	116	7.000000	44.500000	1.024669e+05	1.705683e-05
	280	121	43.000000	43.250000	1.021574e+05	-2.302061e-05
	107	124	-0.250000	42.500000	1.029706e+05	3.980322e-05
2022	2	17	6	12
	130	19	5.500000	68.750000	9.603370e+04	7.395770e-05
	159	23	12.750000	67.750000	9.603370e+04	4.293348e-04
	230	38	30.500000	64.000000	9.722154e+04	5.752871e-05
	5	42	-25.750000	63.000000	9.731817e+04	2.495877e-04
	234	52	31.500000	60.500000	9.713608e+04	2.943623e-04
	0	105	-27.000000	47.250000	1.009617e+05	5.917995e-05
2022	2	17	6	18
	167	21	14.750000	68.250000	9.661625e+04	4.031478e-04
	288	30	45.000000	66.000000	9.795012e+04	-2.074000e-05
	10	37	-24.500000	64.250000	9.730798e+04	3.456710e-04
	243	38	33.750000	64.000000	9.730288e+04	4.864006e-05
	255	50	36.750000	61.000000	9.730680e+04	2.093692e-04
	279	120	42.750000	43.500000	1.018828e+05	8.467577e-07
2022	2	18	6	0
	75	16	-8.250000	69.500000	9.775176e+04	3.263009e-04
	170	21	15.500000	68.250000	9.743323e+04	2.689376e-04
	22	35	-21.500000	64.750000	9.800952e+04	3.000196e-04
	276	46	42.000000	62.000000	9.726427e+04	1.378783e-04
	276	47	42.000000	61.750000	9.726427e+04	1.488830e-04
	8	90	-25.000000	51.000000	9.978736e+04	2.136780e-04
2022	2	18	7	6
	59	17	-12.250000	69.250000	9.806695e+04	3.195206e-04
	172	21	16.000000	68.250000	9.796208e+04	2.003639e-04
	45	29	-15.750000	66.250000	9.808792e+04	8.039514e-05
	0	33	-27.000000	65.250000	9.939180e+04	2.720889e-06
	288	41	45.000000	63.250000	9.729896e+04	7.546490e-05
	0	91	-27.000000	50.750000	9.912484e+04	7.746054e-05
	137	113	7.250000	45.250000	1.024825e+05	-2.078235e-06
2022	2	18	4	12
	37	20	-17.750000	68.500000	9.856678e+04	3.357804e-04
	63	28	-11.250000	66.500000	9.862656e+04	1.189082e-04
	0	98	-27.000000	49.000000	9.885669e+04	6.044652e-05
	279	120	42.750000	43.500000	1.008619e+05	4.024527e-05
2022	2	18	6	18
	6	7	-25.500000	71.750000	1.000343e+05	-5.459182e-05
	21	25	-21.750000	67.250000	9.891255e+04	2.607813e-04
	60	27	-12.000000	66.750000	9.909053e+04	1.381913e-04
	28	71	-20.000000	55.750000	9.815241e+04	2.516817e-04
	254	149	36.500000	36.250000	1.008394e+05	3.785138e-05
	264	160	39.000000	33.500000	1.008196e+05	1.122931e-04
2022	2	19	5	0
	8	29	-25.000000	66.250000	9.907818e+04	2.672591e-04
	63	29	-11.250000	66.250000	9.912012e+04	8.298143e-05
	41	62	-16.750000	58.000000	9.769609e+04	2.791921e-04
	284	122	44.000000	43.000000	1.007333e+05	6.005931e-05
	268	155	40.000000	34.750000	1.006724e+05	1.003252e-04
2022	2	19	4	6
	52	67	-14.000000	56.750000	9.700455e+04	9.622793e-05
	137	117	7.250000	44.250000	1.022277e+05	5.458974e-05
	278	119	42.500000	43.750000	1.006224e+05	1.050810e-05
	273	154	41.250000	35.000000	1.007557e+05	1.279727e-04
2022	2	19	4	12
	262	13	38.500000	70.250000	9.875829e+04	8.885922e-05
	67	60	-10.250000	58.500000	9.650041e+04	1.708185e-04
	287	141	44.750000	38.250000	1.002733e+05	2.765694e-05
	279	151	42.750000	35.750000	1.002921e+05	1.169111e-04
2022	2	19	4	18
	287	9	44.750000	71.250000	9.881670e+04	5.088362e-05
	268	19	40.000000	68.750000	9.881670e+04	1.325433e-04
	83	57	-6.250000	59.250000	9.627558e+04	2.034821e-04
	283	149	43.750000	36.250000	1.003364e+05	2.350926e-05
2022	2	20	2	0
	6	7	-25.500000	71.750000	1.004811e+05	-2.240081e-05
	102	44	-1.500000	62.500000	9.644160e+04	-3.957808e-06
