2022	2	16	6	0
	288	11	45.000000	70.750000	9.873465e+04	8.110971e-05
	54	39	-13.500000	63.750000	9.718700e+04	3.686968e-04
	120	54	3.000000	60.000000	9.792400e+04	2.712067e-04
	65	67	-10.750000	56.750000	9.725274e+04	3.080989e-04
	171	121	15.750000	43.250000	1.014696e+05	1.203272e-05
	280	121	43.000000	43.250000	1.021058e+05	2.758073e-05
2022	2	16	4	3
	49	38	-14.750000	64.000000	9.721770e+04	3.640946e-04
	125	55	4.250000	59.750000	9.791377e+04	2.651441e-04
	74	66	-8.500000	57.000000	9.713986e+04	2.779483e-04
	279	121	42.750000	43.250000	1.021934e+05	2.276016e-05
2022	2	16	4	6
	122	34	3.500000	65.000000	9.788182e+04	1.854663e-04
	42	35	-16.500000	64.750000	9.760798e+04	2.942738e-04
	84	66	-6.000000	57.000000	9.737849e+04	2.993014e-04
	99	67	-2.250000	56.750000	9.737849e+04	2.293921e-04
2022	2	16	5	9
	116	34	2.000000	65.000000	9.771839e+04	2.232053e-04
	108	66	0.000000	57.000000	9.748548e+04	2.216896e-04
	45	71	-15.750000	55.750000	9.753138e+04	1.939857e-04
	202	125	23.500000	42.250000	1.016548e+05	-6.359378e-05
	181	136	18.250000	39.500000	1.014690e+05	1.520223e-04
2022	2	16	5	12
	112	35	1.000000	64.750000	9.754720e+04	1.978398e-04
	60	53	-12.000000	60.250000	9.743788e+04	1.151976e-04
	116	65	2.000000	57.250000	9.738051e+04	2.200478e-04
	61	68	-11.750000	56.500000	9.721599e+04	2.436425e-04
	183	137	18.750000	39.250000	1.011818e+05	1.883393e-04
2022	2	16	5	15
	110	35	0.500000	64.750000	9.736950e+04	2.000276e-04
	61	53	-11.750000	60.250000	9.730732e+04	1.083221e-04
	126	65	4.500000	57.250000	9.721351e+04	1.946252e-04
	74	67	-8.500000	56.750000	9.688634e+04	2.946533e-04
	185	135	19.250000	39.750000	1.010358e+05	1.532704e-04
2022	2	16	6	18
	106	36	-0.500000	64.500000	9.731880e+04	1.773550e-04
	131	66	5.750000	57.000000	9.710605e+04	1.742561e-04
	87	67	-5.250000	56.750000	9.721072e+04	2.564569e-04
	148	108	10.000000	46.500000	1.005917e+05	-3.769957e-05
	280	121	43.000000	43.250000	1.020953e+05	-3.928843e-05
	184	132	19.000000	40.500000	1.011430e+05	1.090554e-04
2022	2	16	6	21
	288	9	45.000000	71.250000	9.896274e+04	1.301447e-04
	169	64	15.250000	57.500000	9.684370e+04	1.773198e-04
	170	64	15.500000	57.500000	9.684741e+04	1.728249e-04
	143	66	8.750000	57.000000	9.682695e+04	1.603229e-04
	137	117	7.250000	44.250000	1.012027e+05	3.629394e-05
	180	130	18.000000	41.000000	1.012124e+05	1.333471e-04
2022	2	17	5	0
	287	10	44.750000	71.000000	9.893701e+04	1.666209e-04
	288	10	45.000000	71.000000	9.893701e+04	1.374812e-04
	182	61	18.500000	58.250000	9.656846e+04	1.978841e-04
	160	65	13.000000	57.250000	9.656489e+04	1.624916e-04
	137	117	7.250000	44.250000	1.010795e+05	7.161175e-05
2022	2	17	2	3
	287	11	44.750000	70.750000	9.900988e+04	1.294983e-04
	187	59	19.750000	58.750000	9.618748e+04	1.932297e-04
2022	2	17	3	6
	287	13	44.750000	70.250000	9.907656e+04	9.336308e-05
	288	13	45.000000	70.250000	9.907656e+04	7.028131e-05
	190	58	20.500000	59.000000	9.595799e+04	2.216168e-04
2022	2	17	2	9
	200	59	23.000000	58.750000	9.573982e+04	1.219672e-04
	278	120	42.500000	43.500000	1.015978e+05	-1.995431e-05
2022	2	17	4	12
	204	57	24.000000	59.250000	9.554273e+04	1.665306e-04
	7	108	-25.250000	46.500000	1.008072e+05	1.481973e-04
	279	120	42.750000	43.500000	1.013553e+05	3.937763e-06
	197	143	22.250000	37.750000	1.010751e+05	1.050478e-05
2022	2	17	3	15
	212	55	26.000000	59.750000	9.553297e+04	1.912040e-04
	16	102	-23.000000	48.000000	1.002891e+05	2.186233e-04
	25	108	-20.750000	46.500000	1.002891e+05	1.132344e-04
2022	2	17	2	18
	215	51	26.750000	60.750000	9.551576e+04	2.047296e-04
	31	103	-19.250000	47.750000	9.953538e+04	1.198587e-04
2022	2	17	3	21
	216	48	27.000000	61.500000	9.553560e+04	1.965205e-04
	37	97	-17.750000	49.250000	9.884661e+04	2.609222e-04
	154	109	11.500000	46.250000	1.009942e+05	4.047100e-05
2022	2	18	3	0
	216	43	27.000000	62.750000	9.561562e+04	1.666660e-04
	42	92	-16.500000	50.500000	9.805332e+04	3.997785e-04
	147	111	9.750000	45.750000	1.012116e+05	5.429251e-05
2022	2	18	2	3
	217	42	27.250000	63.000000	9.562135e+04	1.935957e-04
	47	91	-15.250000	50.750000	9.743432e+04	5.322763e-04
2022	2	18	3	6
	218	41	27.500000	63.250000	9.569748e+04	1.942486e-04
	58	92	-12.500000	50.500000	9.733694e+04	5.185513e-04
	137	117	7.250000	44.250000	1.013904e+05	8.655548e-05
2022	2	18	3	9
	219	39	27.750000	63.750000	9.582712e+04	2.070166e-04
	72	89	-9.000000	51.250000	9.722188e+04	3.565356e-04
	137	117	7.250000	44.250000	1.015270e+05	8.314735e-05
2022	2	18	3	12
	224	38	29.000000	64.000000	9.607103e+04	1.679123e-04
	103	78	-1.250000	54.000000	9.730934e+04	1.663526e-04
	84	85	-6.000000	52.250000	9.718808e+04	3.559766e-04
2022	2	18	4	15
	6	7	-25.500000	71.750000	1.004033e+05	-4.213484e-05
	224	36	29.000000	64.500000	9.632657e+04	1.850134e-04
	111	74	0.750000	55.000000	9.732221e+04	1.704414e-04
	95	83	-3.250000	52.750000	9.731368e+04	3.948767e-04
2022	2	18	5	18
	6	7	-25.500000	71.750000	1.003203e+05	-2.436954e-05
	228	34	30.000000	65.000000	9.651636e+04	1.243485e-04
	0	55	-27.000000	59.750000	9.784166e+04	1.209258e-04
	119	70	2.750000	56.000000	9.727709e+04	2.555024e-04
	109	81	0.250000	53.250000	9.728841e+04	3.220470e-04
2022	2	18	7	21
	6	7	-25.500000	71.750000	1.002597e+05	-3.768873e-05
	243	29	33.750000	66.250000	9.666150e+04	1.542259e-04
	0	51	-27.000000	60.750000	9.767156e+04	9.446626e-05
	130	68	5.500000	56.500000	9.698604e+04	2.328099e-04
	285	122	44.250000	43.000000	1.003848e+05	1.211045e-05
	108	126	0.000000	42.000000	1.014465e+05	3.674422e-05
	107	136	-0.250000	39.500000	1.014465e+05	1.524582e-05
2022	2	19	3	0
	242	28	33.500000	66.500000	9.676771e+04	1.430093e-04
	4	50	-26.000000	61.000000	9.772257e+04	1.862916e-04
	140	66	8.000000	57.000000	9.681454e+04	2.082129e-04
2022	2	19	6	3
	249	18	35.250000	69.000000	9.684431e+04	1.116147e-04
	241	27	33.250000	66.750000	9.684431e+04	8.235159e-05
	0	49	-27.000000	61.250000	9.777359e+04	1.068699e-04
	31	55	-19.250000	59.750000	9.761698e+04	2.989476e-04
	155	69	11.750000	56.250000	9.692634e+04	1.871253e-04
	137	117	7.250000	44.250000	1.012037e+05	1.570535e-04
2022	2	19	8	6
	253	17	36.250000	69.250000	9.696743e+04	1.249651e-04
	242	27	33.500000	66.750000	9.696743e+04	1.102422e-04
	126	33	4.500000	65.250000	9.770567e+04	1.336728e-04
	0	48	-27.000000	61.500000	9.775250e+04	1.043590e-04
	30	52	-19.500000	60.500000	9.773715e+04	2.322841e-04
	170	67	15.500000	56.750000	9.701612e+04	1.727089e-04
	137	117	7.250000	44.250000	1.011970e+05	1.374459e-04
	267	153	39.750000	35.250000	1.012702e+05	2.814430e-05
2022	2	19	11	9
	253	17	36.250000	69.250000	9.715227e+04	1.387725e-04
	243	27	33.750000	66.750000	9.715227e+04	9.539889e-05
	147	30	9.750000	66.000000	9.777809e+04	6.983209e-06
	26	50	-20.500000	61.000000	9.779902e+04	2.363364e-04
	7	52	-25.250000	60.500000	9.779902e+04	2.111085e-04
	181	65	18.250000	57.250000	9.709799e+04	1.713634e-04
	137	117	7.250000	44.250000	1.013873e+05	1.121768e-04
	189	120	20.250000	43.500000	1.013854e+05	5.593402e-06
	282	141	43.500000	38.250000	1.011241e+05	-4.897415e-06
	276	153	42.000000	35.250000	1.011226e+05	1.025357e-04
	278	162	42.500000	33.000000	1.011226e+05	1.378286e-06
2022	2	19	10	12
	6	7	-25.500000	71.750000	1.000517e+05	1.215712e-05
	253	17	36.250000	69.250000	9.727647e+04	1.483614e-04
	154	28	11.500000	66.500000	9.786848e+04	6.904118e-05
	21	48	-21.750000	61.500000	9.767993e+04	2.673172e-04
	193	65	21.250000	57.250000	9.728546e+04	1.308152e-04
	77	68	-7.750000	56.500000	9.857788e+04	2.235619e-04
	137	117	7.250000	44.250000	1.013564e+05	1.169376e-04
	95	145	-3.250000	37.250000	1.018199e+05	8.524241e-05
	268	152	40.000000	35.500000	1.008655e+05	7.161494e-05
	268	160	40.000000	33.500000	1.008655e+05	-4.180229e-05
2022	2	19	12	15
	6	7	-25.500000	71.750000	1.000229e+05	-2.263597e-06
	254	17	36.500000	69.250000	9.738036e+04	1.064506e-04
	154	28	11.500000	66.500000	9.794137e+04	6.645005e-05
	16	46	-23.000000	62.000000	9.752906e+04	2.830311e-04
	203	64	23.750000	57.500000	9.755480e+04	1.546850e-04
	83	69	-6.250000	56.250000	9.880117e+04	2.431804e-04
	108	71	0.000000	55.750000	9.881606e+04	1.943989e-04
	145	110	9.250000	46.000000	1.012553e+05	5.495762e-06
	137	118	7.250000	44.000000	1.012553e+05	1.365374e-04
	97	144	-2.750000	37.500000	1.016738e+05	6.431599e-05
	278	151	42.500000	35.750000	1.008596e+05	4.523395e-05
	270	159	40.500000	33.750000	1.008596e+05	3.204779e-06
2022	2	19	8	18
	6	7	-25.500000	71.750000	9.989248e+04	-2.203924e-05
	268	10	40.000000	71.000000	9.743788e+04	1.361576e-04
	155	28	11.750000	66.500000	9.797393e+04	6.260398e-05
	12	46	-24.000000	62.000000	9.736811e+04	2.604419e-04
	217	63	27.250000	57.750000	9.773916e+04	1.292857e-04
	120	71	3.000000	55.750000	9.875574e+04	1.822544e-04
	136	120	7.000000	43.500000	1.013733e+05	1.374967e-04
	277	159	42.250000	33.750000	1.009795e+05	6.331220e-05
2022	2	19	11	21
	6	7	-25.500000	71.750000	9.979558e+04	-1.511013e-05
	268	10	40.000000	71.000000	9.748967e+04	1.154791e-04
	156	28	12.000000	66.500000	9.802634e+04	9.146325e-05
	6	46	-25.500000	62.000000	9.714219e+04	1.999006e-04
	0	61	-27.000000	58.250000	9.689859e+04	1.242295e-04
	233	61	31.250000	58.250000	9.784166e+04	1.024393e-04
	134	71	6.500000	55.750000	9.862441e+04	1.923662e-04
	159	116	12.750000	44.500000	1.015257e+05	4.122597e-05
	139	121	7.750000	43.250000	1.015009e+05	1.162521e-04
	277	152	42.250000	35.500000	1.009773e+05	6.097873e-05
	281	161	43.250000	33.250000	1.009773e+05	1.285940e-04
2022	2	20	9	0
	6	7	-25.500000	71.750000	9.965121e+04	-2.345727e-05
	270	10	40.500000	71.000000	9.753743e+04	8.404388e-05
	156	28	12.000000	66.500000	9.807518e+04	9.938272e-05
	0	46	-27.000000	62.000000	9.654117e+04	8.935349e-05
	0	59	-27.000000	58.750000	9.647155e+04	8.812096e-05
	242	60	33.500000	58.500000	9.795749e+04	1.003820e-04
	140	71	8.000000	55.750000	9.869449e+04	2.264149e-04
	161	114	13.250000	45.000000	1.014961e+05	1.102381e-04
	286	160	44.500000	33.500000	1.009644e+05	3.382142e-05
