2022	2	16	5	0
	55	39	-13.250000	63.750000	9.792017e+04	2.376969e-04
	120	52	3.000000	60.500000	9.798737e+04	1.833362e-04
	66	68	-10.500000	56.500000	9.732784e+04	2.865893e-04
	172	121	16.000000	43.250000	1.014469e+05	3.203384e-05
	280	121	43.000000	43.250000	1.020851e+05	2.555160e-05
2022	2	16	6	3
	49	38	-14.750000	64.000000	9.785570e+04	2.035172e-04
	122	51	3.500000	60.750000	9.790071e+04	1.776235e-04
	78	68	-7.500000	56.500000	9.721945e+04	2.935446e-04
	93	70	-3.750000	56.000000	9.721945e+04	2.324830e-04
	280	121	43.000000	43.250000	1.021403e+05	3.103364e-05
	173	122	16.250000	43.000000	1.014067e+05	3.193875e-05
2022	2	16	2	6
	123	50	3.750000	61.000000	9.785312e+04	1.501862e-04
	100	68	-2.000000	56.500000	9.746909e+04	2.305405e-04
2022	2	16	7	9
	116	35	2.000000	64.750000	9.780599e+04	2.042278e-04
	124	47	4.000000	61.750000	9.780888e+04	1.291526e-04
	45	60	-15.750000	58.500000	9.768710e+04	8.589328e-05
	113	68	1.250000	56.500000	9.755970e+04	2.246181e-04
	137	116	7.250000	44.500000	1.012827e+05	6.902932e-05
	202	125	23.500000	42.250000	1.016061e+05	-6.189179e-05
	182	135	18.500000	39.750000	1.014416e+05	1.553536e-04
2022	2	16	7	12
	112	35	1.000000	64.750000	9.762295e+04	1.898829e-04
	126	45	4.500000	62.250000	9.762295e+04	1.028583e-04
	64	56	-11.000000	59.500000	9.743320e+04	2.694782e-05
	49	59	-14.750000	58.750000	9.745602e+04	1.297245e-04
	67	68	-10.250000	56.500000	9.736297e+04	1.937555e-04
	126	68	4.500000	56.500000	9.745327e+04	2.243902e-04
	184	136	19.000000	39.500000	1.011883e+05	1.736127e-04
2022	2	16	5	15
	108	36	0.000000	64.500000	9.747471e+04	1.552089e-04
	45	40	-15.750000	63.500000	9.768726e+04	1.572433e-04
	79	66	-7.250000	57.000000	9.695856e+04	2.873524e-04
	151	67	10.750000	56.750000	9.728209e+04	2.319697e-04
	185	134	19.250000	40.000000	1.010343e+05	1.721203e-04
2022	2	16	3	18
	158	66	12.500000	57.000000	9.711850e+04	2.718319e-04
	94	67	-3.500000	56.750000	9.708551e+04	2.860006e-04
	184	131	19.000000	40.750000	1.010896e+05	1.093828e-04
2022	2	16	5	21
	170	65	15.500000	57.250000	9.682295e+04	2.313166e-04
	110	67	0.500000	56.750000	9.695141e+04	2.470026e-04
	137	117	7.250000	44.250000	1.010762e+05	4.410150e-05
	278	120	42.500000	43.500000	1.021111e+05	-4.002707e-05
	182	130	18.500000	41.000000	1.011671e+05	1.093305e-04
2022	2	17	3	0
	129	38	5.250000	64.000000	9.733332e+04	1.037743e-04
	185	61	19.250000	58.250000	9.665997e+04	2.011735e-04
	120	67	3.000000	56.750000	9.703184e+04	2.326922e-04
2022	2	17	3	3
	5	0	-25.750000	73.500000	1.005120e+05	-2.035958e-05
	128	37	5.000000	64.250000	9.733043e+04	9.746293e-05
	191	58	20.750000	59.000000	9.637323e+04	1.901440e-04
2022	2	17	5	6
	5	0	-25.750000	73.500000	1.004742e+05	-2.560823e-05
	288	12	45.000000	70.500000	9.916912e+04	8.031113e-05
	127	37	4.750000	64.250000	9.732770e+04	9.211700e-05
	194	57	21.500000	59.250000	9.626316e+04	2.249192e-04
	279	121	42.750000	43.250000	1.015512e+05	-1.148664e-05
2022	2	17	5	9
	126	36	4.500000	64.500000	9.739155e+04	1.240518e-04
	110	42	0.500000	63.000000	9.739155e+04	1.126677e-04
	198	56	22.500000	59.500000	9.633295e+04	2.454320e-04
	3	112	-26.250000	45.500000	1.009671e+05	1.778345e-04
	278	120	42.500000	43.500000	1.015316e+05	-1.761685e-05
2022	2	17	3	12
	123	37	3.750000	64.250000	9.743792e+04	9.394634e-05
	205	52	24.250000	60.500000	9.635818e+04	1.015267e-04
	14	108	-23.500000	46.500000	1.006162e+05	1.844848e-04
2022	2	17	3	15
	123	37	3.750000	64.250000	9.747349e+04	1.118299e-04
	211	46	25.750000	62.000000	9.636959e+04	6.805449e-05
	24	104	-21.000000	47.500000	1.000486e+05	2.128115e-04
2022	2	17	4	18
	123	38	3.750000	64.000000	9.752747e+04	7.046369e-05
	211	43	25.750000	62.750000	9.634632e+04	1.018376e-04
	34	100	-18.500000	48.500000	9.947562e+04	3.152605e-04
	281	121	43.250000	43.250000	1.010882e+05	-7.799629e-07
2022	2	17	4	21
	134	41	6.500000	63.250000	9.760455e+04	4.030260e-05
	212	41	26.000000	63.250000	9.635027e+04	1.009731e-04
	213	41	26.250000	63.250000	9.635027e+04	9.378821e-05
	44	96	-16.000000	49.500000	9.897406e+04	3.907987e-04
2022	2	18	2	0
	213	39	26.250000	63.750000	9.634556e+04	1.087423e-04
	53	95	-13.750000	49.750000	9.840455e+04	5.218696e-04
2022	2	18	3	3
	215	37	26.750000	64.250000	9.636305e+04	1.100321e-04
	65	91	-10.750000	50.750000	9.781648e+04	5.591317e-04
	148	111	10.000000	45.750000	1.011497e+05	3.777086e-05
2022	2	18	3	6
	217	36	27.250000	64.500000	9.640045e+04	1.355236e-04
	78	87	-7.500000	51.750000	9.735780e+04	4.916509e-04
	138	117	7.500000	44.250000	1.011785e+05	7.615869e-05
2022	2	18	3	9
	6	7	-25.500000	71.750000	1.002078e+05	-3.210308e-05
	223	34	28.750000	65.000000	9.651553e+04	1.343892e-04
	95	85	-3.250000	52.250000	9.706666e+04	3.551547e-04
2022	2	18	3	12
	6	7	-25.500000	71.750000	1.003083e+05	-3.786686e-05
	227	32	29.750000	65.500000	9.666559e+04	1.248317e-04
	110	77	0.500000	54.250000	9.675894e+04	3.732995e-04
2022	2	18	4	15
	6	7	-25.500000	71.750000	1.003662e+05	-2.595521e-05
	238	27	32.500000	66.750000	9.676091e+04	9.509718e-05
	124	76	4.000000	54.500000	9.660326e+04	3.424175e-04
	279	119	42.750000	43.750000	1.003345e+05	3.485126e-05
2022	2	18	5	18
	238	25	32.500000	67.250000	9.676502e+04	1.038573e-04
	0	58	-27.000000	59.000000	9.811280e+04	1.367509e-04
	138	73	7.500000	55.250000	9.661041e+04	3.187156e-04
	138	117	7.500000	44.250000	1.010574e+05	1.090489e-04
	282	121	43.500000	43.250000	1.004018e+05	4.941639e-05
2022	2	18	4	21
	242	16	33.500000	69.500000	9.676366e+04	1.302103e-04
	0	57	-27.000000	59.250000	9.783579e+04	1.297665e-04
	151	72	10.750000	55.500000	9.683070e+04	2.583256e-04
	138	117	7.500000	44.250000	1.010472e+05	1.052438e-04
2022	2	19	4	0
	2	6	-26.500000	72.000000	1.004547e+05	3.852494e-05
	241	15	33.250000	69.750000	9.673218e+04	1.573446e-04
	11	55	-24.250000	59.750000	9.760850e+04	3.090079e-04
	168	70	15.000000	56.000000	9.696570e+04	2.307475e-04
2022	2	19	5	3
	238	14	32.500000	70.000000	9.664887e+04	1.821793e-04
	17	56	-22.750000	59.500000	9.786970e+04	2.965926e-04
	35	57	-18.250000	59.250000	9.786970e+04	1.814501e-04
	181	68	18.250000	56.500000	9.701405e+04	1.660640e-04
	275	155	41.750000	34.750000	1.011396e+05	4.241573e-05
2022	2	19	5	6
	6	7	-25.500000	71.750000	1.002364e+05	-3.276635e-05
	236	14	32.000000	70.000000	9.662013e+04	2.090174e-04
	36	56	-18.000000	59.500000	9.797445e+04	1.685219e-04
	190	68	20.500000	56.500000	9.723328e+04	1.387331e-04
	92	147	-4.000000	36.750000	1.016799e+05	5.998479e-05
2022	2	19	7	9
	235	15	31.750000	69.750000	9.673735e+04	1.790628e-04
	73	18	-8.750000	69.000000	9.823929e+04	2.255189e-04
	52	59	-14.000000	58.750000	9.802507e+04	1.792994e-04
	71	62	-9.250000	58.000000	9.802507e+04	2.326861e-04
	205	66	24.250000	57.000000	9.754267e+04	1.091120e-04
	95	145	-3.250000	37.250000	1.019074e+05	3.504974e-05
	105	148	-0.750000	36.500000	1.019074e+05	6.423561e-05
2022	2	19	7	12
	238	15	32.500000	69.750000	9.685274e+04	1.074060e-04
	68	21	-10.000000	68.250000	9.837870e+04	2.289634e-04
	38	36	-17.500000	64.500000	9.919481e+04	-6.782584e-05
	76	63	-8.000000	57.750000	9.823595e+04	2.585275e-04
	97	66	-2.750000	57.000000	9.823595e+04	2.088581e-04
	214	66	26.500000	57.000000	9.771918e+04	5.500136e-05
	163	124	13.750000	42.500000	1.014908e+05	-2.535175e-05
2022	2	19	7	15
	243	15	33.750000	69.750000	9.700766e+04	1.418879e-04
	244	15	34.000000	69.750000	9.700766e+04	1.409548e-04
	70	23	-9.500000	67.750000	9.850702e+04	2.135146e-04
	40	36	-17.000000	64.500000	9.907319e+04	-6.741157e-05
	0	63	-27.000000	57.750000	9.792412e+04	1.236460e-04
	221	65	28.250000	57.250000	9.787699e+04	5.666221e-05
	106	66	-0.500000	57.000000	9.821572e+04	2.462648e-04
2022	2	19	5	18
	252	14	36.000000	70.000000	9.705875e+04	1.343689e-04
	75	25	-8.250000	67.250000	9.857178e+04	2.166980e-04
	0	58	-27.000000	59.000000	9.707182e+04	1.167605e-04
	233	65	31.250000	57.250000	9.799998e+04	6.192608e-05
	126	69	4.500000	56.250000	9.832442e+04	2.308741e-04
2022	2	19	6	21
	257	13	37.250000	70.250000	9.716487e+04	1.483490e-04
	258	13	37.500000	70.250000	9.716487e+04	1.481057e-04
	78	26	-7.500000	67.000000	9.865509e+04	2.070761e-04
	0	54	-27.000000	60.000000	9.650566e+04	1.532432e-04
	239	64	32.750000	57.500000	9.807920e+04	4.838110e-05
	139	69	7.750000	56.250000	9.832458e+04	2.385403e-04
2022	2	20	6	0
	264	12	39.000000	70.500000	9.724848e+04	1.580712e-04
	80	26	-7.000000	67.000000	9.871849e+04	1.884282e-04
	0	52	-27.000000	60.500000	9.608361e+04	9.441459e-05
	245	63	34.250000	57.750000	9.819003e+04	5.191843e-05
	154	69	11.500000	56.250000	9.846110e+04	1.752490e-04
	85	162	-5.750000	33.000000	1.020806e+05	-3.812430e-06
