2022	2	14	6	0
	216	9	27.000000	71.250000	9.833741e+04	1.218834e-04
	217	9	27.250000	71.250000	9.833741e+04	1.253814e-04
	1	17	-26.750000	69.250000	9.980931e+04	1.932043e-05
	221	20	28.250000	68.500000	9.833741e+04	6.970937e-05
	102	71	-1.500000	55.750000	9.848304e+04	1.261763e-04
	103	71	-1.250000	55.750000	9.848304e+04	1.089037e-04
2022	2	14	3	3
	58	5	-12.500000	72.250000	1.000587e+05	9.575353e-05
	211	10	25.750000	71.000000	9.801089e+04	2.574774e-04
	108	71	0.000000	55.750000	9.847653e+04	6.814936e-05
2022	2	14	3	6
	65	3	-10.750000	72.750000	1.000304e+05	1.060922e-04
	214	10	26.500000	71.000000	9.784103e+04	3.261892e-04
	115	70	1.750000	56.000000	9.847937e+04	5.615131e-05
2022	2	14	3	9
	71	2	-9.250000	73.000000	1.000959e+05	1.032212e-04
	230	8	30.500000	71.500000	9.785139e+04	2.111818e-04
	117	69	2.250000	56.250000	9.851711e+04	8.942995e-05
2022	2	14	5	12
	81	1	-6.750000	73.250000	1.000600e+05	8.479723e-05
	7	6	-25.250000	72.000000	1.000142e+05	2.360742e-05
	227	10	29.750000	71.000000	9.781748e+04	2.233383e-04
	0	48	-27.000000	61.500000	9.768320e+04	1.265231e-04
	129	66	5.250000	57.000000	9.839937e+04	1.900131e-04
2022	2	14	5	15
	84	0	-6.000000	73.500000	1.000889e+05	6.233725e-05
	242	12	33.500000	70.500000	9.781047e+04	1.988551e-04
	288	12	45.000000	70.500000	9.922810e+04	2.287816e-05
	0	44	-27.000000	62.500000	9.724779e+04	1.236999e-04
	132	61	6.000000	58.250000	9.829665e+04	2.286744e-04
2022	2	14	5	18
	84	0	-6.000000	73.500000	1.001706e+05	4.412434e-05
	249	12	35.250000	70.500000	9.786491e+04	1.963219e-04
	288	12	45.000000	70.500000	9.898944e+04	7.056489e-05
	0	40	-27.000000	63.500000	9.703117e+04	1.135355e-04
	133	60	6.250000	58.500000	9.846534e+04	2.713854e-04
2022	2	14	5	21
	256	12	37.000000	70.500000	9.791235e+04	2.167750e-04
	0	37	-27.000000	64.250000	9.711067e+04	1.207685e-04
	19	43	-22.250000	62.750000	9.711067e+04	2.000388e-04
	136	58	7.000000	59.000000	9.860045e+04	2.043994e-04
	141	121	8.250000	43.250000	1.011095e+05	1.352687e-04
2022	2	15	7	0
	239	6	32.750000	72.000000	9.798299e+04	1.263554e-04
	6	7	-25.500000	71.750000	9.963245e+04	5.081620e-05
	264	11	39.000000	70.750000	9.798299e+04	1.968795e-04
	10	38	-24.500000	64.000000	9.703368e+04	2.834121e-04
	127	51	4.750000	60.750000	9.866476e+04	1.437803e-04
	142	58	8.500000	59.000000	9.866476e+04	2.390080e-04
	146	119	9.500000	43.750000	1.010728e+05	1.373954e-04
2022	2	15	8	3
	268	10	40.000000	71.000000	9.803477e+04	2.320634e-04
	239	12	32.750000	70.500000	9.803477e+04	2.064595e-04
	0	34	-27.000000	65.000000	9.691392e+04	1.016115e-04
	28	38	-20.000000	64.000000	9.696286e+04	8.011879e-05
	127	48	4.750000	61.500000	9.865306e+04	1.548496e-04
	146	56	9.500000	59.500000	9.865623e+04	2.493130e-04
	146	118	9.500000	44.000000	1.009856e+05	1.026809e-04
	147	118	9.750000	44.000000	1.009856e+05	1.082164e-04
2022	2	15	6	6
	271	10	40.750000	71.000000	9.809339e+04	2.203787e-04
	17	36	-22.750000	64.500000	9.721873e+04	1.209299e-04
	127	47	4.750000	61.750000	9.864138e+04	1.951029e-04
	150	55	10.500000	59.750000	9.867260e+04	2.392177e-04
	0	88	-27.000000	51.500000	9.913323e+04	1.041939e-04
	158	115	12.500000	44.750000	1.010502e+05	9.439179e-05
2022	2	15	5	9
	277	11	42.250000	70.750000	9.823786e+04	2.097969e-04
	128	45	5.000000	62.250000	9.858559e+04	1.835858e-04
	152	50	11.000000	61.000000	9.858809e+04	1.942582e-04
	10	86	-24.500000	52.000000	9.897357e+04	1.877239e-04
	159	113	12.750000	45.250000	1.011082e+05	1.099184e-04
2022	2	15	5	12
	282	10	43.500000	71.000000	9.834792e+04	2.569050e-04
	0	40	-27.000000	63.500000	9.715343e+04	5.326975e-05
	136	40	7.000000	63.500000	9.849807e+04	9.880932e-05
	23	84	-21.250000	52.500000	9.891929e+04	1.937949e-04
	161	111	13.250000	45.750000	1.010980e+05	1.199413e-04
2022	2	15	5	15
	286	9	44.500000	71.250000	9.841590e+04	1.891446e-04
	37	35	-17.750000	64.750000	9.759870e+04	1.716208e-04
	133	39	6.250000	63.750000	9.833440e+04	2.210161e-04
	36	82	-18.000000	53.000000	9.879002e+04	2.208571e-04
	164	162	14.000000	33.000000	1.016234e+05	-1.357852e-05
2022	2	15	6	18
	288	8	45.000000	71.500000	9.854651e+04	1.236452e-04
	131	38	5.750000	64.000000	9.818074e+04	2.529491e-04
	109	53	0.250000	60.250000	9.803327e+04	1.518756e-04
	51	81	-14.250000	53.250000	9.876764e+04	2.114223e-04
	52	81	-14.000000	53.250000	9.876764e+04	2.109433e-04
	165	162	14.250000	33.000000	1.016764e+05	-3.942143e-05
2022	2	15	4	21
	288	8	45.000000	71.500000	9.865540e+04	1.033733e-04
	129	37	5.250000	64.250000	9.802441e+04	2.330433e-04
	118	53	2.500000	60.250000	9.789114e+04	1.576276e-04
	66	80	-10.500000	53.500000	9.891060e+04	1.803159e-04
2022	2	16	5	0
	125	37	4.250000	64.250000	9.786491e+04	2.230921e-04
	125	52	4.250000	60.500000	9.785957e+04	1.822212e-04
	0	70	-27.000000	56.000000	9.730875e+04	1.065797e-04
	75	81	-8.250000	53.250000	9.904104e+04	1.796026e-04
	171	124	15.750000	42.500000	1.014501e+05	1.378269e-05
2022	2	16	4	3
	124	37	4.000000	64.250000	9.780345e+04	2.090754e-04
	128	52	5.000000	60.500000	9.796696e+04	1.712801e-04
	0	66	-27.000000	57.000000	9.647150e+04	9.751147e-05
	174	124	16.500000	42.500000	1.013444e+05	3.937264e-05
2022	2	16	5	6
	123	37	3.750000	64.250000	9.774199e+04	2.004994e-04
	145	42	9.250000	63.000000	9.774199e+04	3.883951e-05
	4	62	-26.000000	58.000000	9.598949e+04	2.555957e-04
	36	70	-18.000000	56.000000	9.643777e+04	1.848206e-04
	178	125	17.500000	42.250000	1.013554e+05	7.333023e-05
2022	2	16	9	9
	288	6	45.000000	72.000000	9.889858e+04	9.659694e-05
	122	36	3.500000	64.500000	9.774801e+04	1.873738e-04
	146	42	9.500000	63.000000	9.774967e+04	1.059393e-05
	10	62	-24.500000	58.000000	9.589913e+04	3.741116e-04
	48	63	-15.000000	57.750000	9.603676e+04	2.799463e-04
	137	116	7.250000	44.500000	1.010120e+05	1.038639e-04
	180	126	18.000000	42.000000	1.014045e+05	9.010682e-05
	288	153	45.000000	35.250000	1.015662e+05	6.132677e-06
	269	162	40.250000	33.000000	1.017106e+05	-1.946671e-05
2022	2	16	5	12
	284	4	44.000000	72.500000	9.889006e+04	1.346775e-04
	120	36	3.000000	64.500000	9.771527e+04	1.664956e-04
	167	47	14.750000	61.750000	9.803777e+04	7.826401e-05
	52	58	-14.000000	59.000000	9.532877e+04	3.783234e-04
	136	119	7.000000	43.750000	1.013096e+05	1.380287e-04
2022	2	16	8	15
	279	4	42.750000	72.500000	9.883478e+04	1.840128e-04
	116	35	2.000000	64.750000	9.754591e+04	1.514842e-04
	186	41	19.500000	63.250000	9.797848e+04	1.076918e-04
	187	41	19.750000	63.250000	9.797848e+04	1.168393e-04
	171	47	15.750000	61.750000	9.797848e+04	9.511823e-05
	51	56	-14.250000	59.500000	9.479098e+04	4.619436e-04
	33	58	-18.750000	59.000000	9.479098e+04	1.405122e-04
	136	119	7.000000	43.750000	1.011005e+05	1.734633e-04
2022	2	16	6	18
	276	4	42.000000	72.500000	9.877949e+04	1.899723e-04
	277	4	42.250000	72.500000	9.877949e+04	1.921612e-04
	191	39	20.750000	63.750000	9.777773e+04	1.708610e-04
	53	57	-13.750000	59.250000	9.490773e+04	4.484946e-04
	287	155	44.750000	34.750000	1.014862e+05	3.901596e-05
	268	162	40.000000	33.000000	1.015757e+05	4.271573e-05
2022	2	16	5	21
	275	4	41.750000	72.500000	9.875762e+04	1.729143e-04
	191	38	20.750000	64.000000	9.767920e+04	1.251626e-04
	86	54	-5.500000	60.000000	9.568853e+04	1.683494e-04
	59	58	-12.250000	59.000000	9.531959e+04	4.145877e-04
	150	109	10.500000	46.250000	1.006588e+05	2.358579e-06
2022	2	17	6	0
	270	4	40.500000	72.500000	9.873607e+04	1.828566e-04
	188	39	20.000000	63.750000	9.766299e+04	1.014639e-04
	92	54	-4.000000	60.000000	9.598231e+04	1.843076e-04
	67	60	-10.250000	58.500000	9.581245e+04	3.755604e-04
	281	121	43.250000	43.250000	1.017571e+05	-2.610487e-05
	200	145	23.000000	37.250000	1.010350e+05	9.970669e-05
2022	2	17	5	3
	267	4	39.750000	72.500000	9.868530e+04	1.811056e-04
	268	4	40.000000	72.500000	9.868530e+04	1.843780e-04
	114	55	1.500000	59.750000	9.625705e+04	1.487423e-04
	280	121	43.000000	43.250000	1.016119e+05	-2.239784e-05
	203	144	23.750000	37.500000	1.008522e+05	8.987197e-05
2022	2	17	6	6
	266	4	39.500000	72.500000	9.861515e+04	1.656127e-04
	267	4	39.750000	72.500000	9.861515e+04	1.698379e-04
	126	56	4.500000	59.500000	9.645162e+04	1.396176e-04
	160	61	13.000000	58.250000	9.655467e+04	2.438497e-04
	280	121	43.000000	43.250000	1.015511e+05	-2.018324e-05
	204	143	24.000000	37.750000	1.009380e+05	7.943341e-05
2022	2	17	4	9
	264	4	39.000000	72.500000	9.859762e+04	1.592622e-04
	129	57	5.250000	59.250000	9.666223e+04	1.282197e-04
	166	60	14.500000	58.500000	9.647317e+04	2.181688e-04
	7	101	-25.250000	48.250000	1.005606e+05	1.679179e-04
2022	2	17	2	12
	171	59	15.750000	58.750000	9.644662e+04	2.356786e-04
	15	96	-23.250000	49.500000	1.002202e+05	2.053958e-04
2022	2	17	5	15
	11	38	-24.250000	64.000000	9.929541e+04	1.186488e-04
	145	42	9.250000	63.000000	9.756328e+04	7.433759e-05
	177	59	17.250000	58.750000	9.652395e+04	2.472201e-04
	16	68	-23.000000	56.500000	9.979479e+04	2.175457e-04
	24	91	-21.000000	50.750000	9.974835e+04	2.581156e-04
2022	2	17	3	18
	10	37	-24.500000	64.250000	9.924497e+04	1.479333e-04
	183	59	18.750000	58.750000	9.662582e+04	2.021800e-04
	32	86	-19.000000	52.000000	9.920355e+04	3.337378e-04
2022	2	17	4	21
	10	36	-24.500000	64.500000	9.923195e+04	1.747899e-04
	188	60	20.000000	58.500000	9.681305e+04	2.109757e-04
	22	61	-21.500000	58.250000	9.932680e+04	1.953067e-04
	40	81	-17.000000	53.250000	9.870968e+04	4.119884e-04
2022	2	18	7	0
	141	25	8.250000	67.250000	9.824037e+04	4.552261e-05
	9	34	-24.750000	65.000000	9.921674e+04	2.019811e-04
	127	37	4.750000	64.250000	9.824087e+04	1.355550e-04
	199	56	22.750000	59.500000	9.697806e+04	1.964894e-04
	28	60	-20.000000	58.500000	9.893165e+04	2.517766e-04
	47	77	-15.250000	54.250000	9.816938e+04	4.641183e-04
	153	111	11.250000	45.750000	1.008039e+05	1.150720e-04
2022	2	18	6	3
	140	25	8.000000	67.250000	9.828095e+04	6.309243e-05
	2	33	-26.500000	65.250000	9.913658e+04	1.346416e-04
	131	38	5.750000	64.000000	9.831168e+04	1.448409e-04
	201	56	23.250000	59.500000	9.716445e+04	1.873700e-04
	27	58	-20.250000	59.000000	9.846083e+04	3.470409e-04
	56	75	-13.000000	54.750000	9.753505e+04	5.408796e-04
2022	2	18	8	6
	140	25	8.000000	67.250000	9.827310e+04	7.050329e-05
	0	31	-27.000000	65.750000	9.900029e+04	9.321188e-05
	135	39	6.750000	63.750000	9.831419e+04	1.112683e-04
	0	40	-27.000000	63.500000	9.900029e+04	-2.370992e-05
	221	50	28.250000	61.000000	9.746091e+04	9.780332e-05
	203	56	23.750000	59.500000	9.746091e+04	1.824600e-04
	31	58	-19.250000	59.000000	9.829531e+04	3.279726e-04
	68	73	-10.000000	55.250000	9.699192e+04	5.329509e-04
2022	2	18	9	9
	279	9	42.750000	71.250000	9.819695e+04	1.388573e-04
	280	9	43.000000	71.250000	9.819695e+04	1.371981e-04
	138	25	7.500000	67.250000	9.829548e+04	6.994554e-05
	140	39	8.000000	63.750000	9.832521e+04	8.098355e-05
	222	49	28.500000	61.250000	9.767719e+04	1.207475e-04
	32	56	-19.000000	59.500000	9.838918e+04	3.120089e-04
	33	56	-18.750000	59.500000	9.838918e+04	3.106700e-04
	77	70	-7.750000	56.000000	9.686699e+04	5.867209e-04
	134	119	6.500000	43.750000	1.014676e+05	1.031798e-04
2022	2	18	8	12
	287	10	44.750000	71.000000	9.835143e+04	1.060737e-04
	138	25	7.500000	67.250000	9.829582e+04	8.252304e-05
	144	38	9.000000	64.000000	9.831970e+04	3.328259e-05
	228	46	30.000000	62.000000	9.780445e+04	1.367224e-04
	226	47	29.500000	61.750000	9.780445e+04	1.408957e-04
	35	57	-18.250000	59.250000	9.850125e+04	2.972466e-04
	99	66	-2.250000	57.000000	9.726383e+04	1.947486e-04
	86	70	-5.500000	56.000000	9.726383e+04	4.637076e-04
2022	2	18	4	15
	136	26	7.000000	67.000000	9.822784e+04	4.314016e-05
	229	45	30.250000	62.250000	9.793974e+04	1.785679e-04
	43	56	-16.250000	59.500000	9.856471e+04	2.974991e-04
	101	69	-1.750000	56.250000	9.741681e+04	3.431312e-04
2022	2	18	6	18
	136	25	7.000000	67.250000	9.813982e+04	6.099046e-05
	250	36	35.500000	64.500000	9.804145e+04	1.567748e-04
	232	44	31.000000	62.500000	9.804145e+04	1.641255e-04
	49	55	-14.750000	59.750000	9.862884e+04	3.023512e-04
	117	66	2.250000	57.000000	9.745639e+04	1.960066e-04
	219	147	27.750000	36.750000	1.005480e+05	2.189507e-04
2022	2	18	10	21
	142	28	8.500000	66.500000	9.805832e+04	6.580886e-05
	251	34	35.750000	65.000000	9.807820e+04	1.686235e-04
	235	43	31.750000	62.750000	9.807820e+04	1.345460e-04
	0	54	-27.000000	60.000000	9.790717e+04	1.317947e-04
	53	54	-13.750000	60.000000	9.872038e+04	2.507294e-04
	146	62	9.500000	58.000000	9.747677e+04	2.067749e-04
	131	63	5.750000	57.750000	9.747677e+04	1.770513e-04
	220	151	28.000000	35.750000	1.004931e+05	1.918285e-04
	221	151	28.250000	35.750000	1.004931e+05	1.799480e-04
	219	160	27.750000	33.500000	1.004931e+05	1.244835e-04
2022	2	19	6	0
	142	27	8.500000	66.750000	9.799252e+04	5.809395e-05
	251	33	35.750000	65.250000	9.806366e+04	1.702383e-04
	238	42	32.500000	63.000000	9.806366e+04	1.255271e-04
	58	53	-12.500000	60.250000	9.866743e+04	2.246806e-04
	152	61	11.000000	58.250000	9.748495e+04	2.095161e-04
	220	155	28.000000	34.750000	1.004938e+05	1.731965e-04
2022	2	19	8	3
	142	26	8.500000	67.000000	9.800338e+04	7.439502e-05
	251	32	35.750000	65.500000	9.803761e+04	1.790110e-04
	244	40	34.000000	63.500000	9.803761e+04	8.789225e-05
	0	49	-27.000000	61.250000	9.766717e+04	1.023032e-04
	169	61	15.250000	58.250000	9.757564e+04	1.640511e-04
	185	63	19.250000	57.750000	9.757564e+04	1.945339e-04
	49	147	-14.750000	36.750000	1.014472e+05	1.225716e-04
	224	162	29.000000	33.000000	1.004396e+05	1.167204e-04
2022	2	19	10	6
	142	26	8.500000	67.000000	9.807319e+04	8.589845e-05
	250	30	35.500000	66.000000	9.803644e+04	1.955391e-04
	247	39	34.750000	63.750000	9.803644e+04	7.458101e-05
	0	47	-27.000000	61.750000	9.766449e+04	1.082724e-04
	190	61	20.500000	58.250000	9.750499e+04	1.838426e-04
	191	61	20.750000	58.250000	9.750499e+04	1.868046e-04
	152	106	11.000000	47.000000	1.010217e+05	-5.012302e-05
	138	110	7.500000	46.000000	1.011752e+05	-2.346604e-05
	50	147	-14.500000	36.750000	1.013836e+05	1.196566e-04
	226	162	29.500000	33.000000	1.007834e+05	4.228102e-05
2022	2	19	10	9
	136	26	7.000000	67.000000	9.820095e+04	7.313155e-05
	248	30	35.000000	66.000000	9.806701e+04	1.834789e-04
	251	38	35.750000	64.000000	9.806701e+04	2.466964e-05
	18	48	-22.500000	61.500000	9.758449e+04	1.619436e-04
	68	53	-10.000000	60.250000	9.814466e+04	2.018571e-04
	195	61	21.750000	58.250000	9.763494e+04	1.517588e-04
	196	61	22.000000	58.250000	9.763494e+04	1.557667e-04
	152	106	11.000000	47.000000	1.013774e+05	-3.278108e-05
	137	112	7.250000	45.500000	1.014521e+05	-3.116642e-07
	50	145	-14.500000	37.250000	1.015368e+05	1.038585e-04
2022	2	19	13	12
	7	6	-25.250000	72.000000	9.997266e+04	3.885694e-05
	131	27	5.750000	66.750000	9.825289e+04	8.385131e-05
	154	28	11.500000	66.500000	9.825289e+04	8.702986e-05
	247	29	34.750000	66.250000	9.811294e+04	1.684688e-04
	135	35	6.750000	64.750000	9.825289e+04	2.209477e-04
	56	47	-13.000000	61.750000	9.823803e+04	2.295547e-04
	75	52	-8.250000	60.500000	9.823803e+04	2.889325e-04
	217	61	27.250000	58.250000	9.790967e+04	1.175868e-04
	128	138	5.000000	39.000000	1.014659e+05	3.653871e-05
	45	144	-15.750000	37.500000	1.016112e+05	1.975307e-04
	283	150	43.750000	36.000000	1.004368e+05	-1.993896e-05
	284	150	44.000000	36.000000	1.004368e+05	-2.119899e-05
	49	161	-14.750000	33.250000	1.017183e+05	5.690680e-05
2022	2	19	9	15
	245	28	34.250000	66.500000	9.816588e+04	1.706652e-04
	146	34	9.500000	65.000000	9.822116e+04	2.968667e-04
	84	52	-6.000000	60.500000	9.848338e+04	2.527789e-04
	0	55	-27.000000	59.750000	9.629430e+04	9.947841e-05
	233	60	31.250000	58.500000	9.808288e+04	1.330011e-04
	42	146	-16.500000	37.000000	1.015009e+05	2.181687e-04
	276	152	42.000000	35.500000	1.007840e+05	-7.874682e-06
	288	161	45.000000	33.250000	1.007196e+05	1.059512e-04
	50	162	-14.500000	33.000000	1.015959e+05	6.929479e-05
2022	2	19	10	18
	173	3	16.250000	72.750000	9.856037e+04	1.235290e-04
	256	28	37.000000	66.500000	9.817807e+04	4.102382e-05
	152	33	11.000000	65.250000	9.822884e+04	2.994687e-04
	241	59	33.250000	58.750000	9.817189e+04	1.020983e-04
	135	135	6.750000	39.750000	1.015321e+05	7.457379e-05
	38	148	-17.500000	36.500000	1.015050e+05	2.557869e-04
	279	148	42.750000	36.500000	1.009881e+05	-2.921910e-05
	51	151	-14.250000	35.750000	1.015050e+05	2.448203e-05
	288	158	45.000000	34.000000	1.009786e+05	1.142046e-04
	52	162	-14.000000	33.000000	1.016236e+05	6.914898e-05
2022	2	19	10	21
	181	1	18.250000	73.250000	9.855135e+04	7.184667e-05
	193	10	21.250000	71.000000	9.855135e+04	2.304268e-05
	243	26	33.750000	67.000000	9.818509e+04	1.325403e-04
	156	33	12.000000	65.250000	9.850893e+04	2.248966e-04
	3	52	-26.250000	60.500000	9.389461e+04	3.895382e-04
	252	58	36.000000	59.000000	9.822817e+04	9.949645e-05
	136	135	7.000000	39.750000	1.016664e+05	6.245363e-05
	35	151	-18.250000	35.750000	1.015812e+05	2.440932e-04
	275	154	41.750000	35.000000	1.011531e+05	3.516156e-05
	53	161	-13.750000	33.250000	1.017427e+05	6.410592e-05
2022	2	20	10	0
	183	2	18.750000	73.000000	9.854968e+04	1.025997e-04
	245	25	34.250000	67.250000	9.816320e+04	9.696582e-05
	166	36	14.500000	64.500000	9.874241e+04	1.196874e-04
	27	39	-20.250000	63.750000	9.364542e+04	-1.749972e-05
	9	48	-24.750000	61.500000	9.362188e+04	4.880967e-04
	260	57	38.000000	59.250000	9.827795e+04	1.050279e-04
	138	136	7.500000	39.500000	1.017113e+05	5.187572e-05
	32	154	-19.000000	35.000000	1.016009e+05	2.328319e-04
	285	157	44.250000	34.250000	1.012744e+05	1.499732e-04
	52	159	-14.000000	33.750000	1.017535e+05	6.066454e-05
