2022	2	14	5	0
	4	6	-26.000000	72.000000	9.977612e+04	-2.326808e-05
	221	10	28.250000	71.000000	9.831294e+04	1.398496e-04
	1	17	-26.750000	69.250000	9.977612e+04	1.116795e-05
	221	20	28.250000	68.500000	9.831294e+04	9.322214e-05
	102	71	-1.500000	55.750000	9.848550e+04	1.348518e-04
2022	2	14	6	3
	213	9	26.250000	71.250000	9.804639e+04	2.385176e-04
	1	17	-26.750000	69.250000	9.976243e+04	-3.141914e-06
	233	20	31.250000	68.500000	9.807858e+04	5.238402e-05
	234	20	31.500000	68.500000	9.807858e+04	6.519305e-05
	119	65	2.750000	57.250000	9.846804e+04	1.243511e-04
	103	72	-1.250000	55.500000	9.846804e+04	1.518923e-04
2022	2	14	4	6
	60	3	-12.000000	72.750000	1.001022e+05	1.048359e-04
	215	9	26.750000	71.250000	9.783873e+04	2.834999e-04
	114	71	1.500000	55.750000	9.853087e+04	3.406450e-05
	123	121	3.750000	43.250000	1.008574e+05	1.939511e-04
2022	2	14	3	9
	225	8	29.250000	71.500000	9.783155e+04	2.255254e-04
	0	56	-27.000000	59.500000	9.788975e+04	1.128455e-04
	127	71	4.750000	55.750000	9.852984e+04	1.535204e-04
2022	2	14	3	12
	228	9	30.000000	71.250000	9.775554e+04	1.083782e-04
	2	51	-26.500000	60.750000	9.745167e+04	2.141579e-04
	132	66	6.000000	57.000000	9.847883e+04	1.891630e-04
2022	2	14	4	15
	6	7	-25.500000	71.750000	9.986840e+04	5.009243e-05
	245	13	34.250000	70.250000	9.768192e+04	2.474730e-04
	3	47	-26.250000	61.750000	9.711716e+04	2.068304e-04
	136	63	7.000000	57.750000	9.843466e+04	2.095703e-04
2022	2	14	3	18
	249	11	35.250000	70.750000	9.763194e+04	1.855781e-04
	0	42	-27.000000	63.000000	9.682185e+04	1.520076e-04
	136	62	7.000000	58.000000	9.868032e+04	2.046911e-04
2022	2	14	7	21
	6	7	-25.500000	71.750000	9.977030e+04	4.730807e-05
	253	11	36.250000	70.750000	9.760232e+04	2.399529e-04
	254	11	36.500000	70.750000	9.760232e+04	2.465768e-04
	28	38	-20.000000	64.000000	9.674328e+04	-8.124021e-06
	2	39	-26.500000	63.750000	9.674328e+04	2.298141e-04
	137	62	7.250000	58.000000	9.880118e+04	2.120164e-04
	139	121	7.750000	43.250000	1.011467e+05	1.340568e-04
2022	2	15	6	0
	6	7	-25.500000	71.750000	9.971261e+04	5.046013e-05
	259	11	37.750000	70.750000	9.764512e+04	2.583572e-04
	0	35	-27.000000	64.750000	9.692423e+04	1.390424e-04
	126	53	4.500000	60.250000	9.885202e+04	8.121357e-05
	141	61	8.250000	58.250000	9.885202e+04	2.209886e-04
	146	118	9.500000	44.000000	1.011258e+05	1.220799e-04
2022	2	15	5	3
	267	11	39.750000	70.750000	9.773499e+04	2.576192e-04
	125	53	4.250000	60.250000	9.877379e+04	7.861308e-05
	144	60	9.000000	58.500000	9.877379e+04	2.691285e-04
	171	103	15.750000	47.750000	1.010159e+05	5.439598e-05
	154	117	11.500000	44.250000	1.010200e+05	7.801941e-05
2022	2	15	5	6
	272	9	41.000000	71.250000	9.779748e+04	2.677115e-04
	123	51	3.750000	60.750000	9.880615e+04	7.431500e-05
	148	58	10.000000	59.000000	9.871096e+04	3.134921e-04
	0	89	-27.000000	51.250000	9.937964e+04	1.045930e-04
	158	113	12.500000	45.250000	1.010548e+05	1.050443e-04
2022	2	15	6	9
	272	8	41.000000	71.500000	9.795327e+04	2.518645e-04
	24	35	-21.000000	64.750000	9.740014e+04	1.492227e-04
	122	49	3.500000	61.250000	9.871250e+04	1.120018e-04
	153	55	11.250000	59.750000	9.870462e+04	3.078593e-04
	6	87	-25.500000	51.750000	9.916428e+04	1.964865e-04
	161	111	13.250000	45.750000	1.011482e+05	1.060333e-04
2022	2	15	7	12
	275	10	41.750000	71.000000	9.813747e+04	2.520464e-04
	0	39	-27.000000	63.750000	9.746126e+04	7.117516e-06
	42	40	-16.500000	63.500000	9.781409e+04	2.025671e-04
	156	50	12.000000	61.000000	9.868751e+04	2.385133e-04
	15	84	-23.250000	52.500000	9.911720e+04	1.642662e-04
	158	109	12.500000	46.250000	1.011712e+05	5.933936e-05
	150	162	10.500000	33.000000	1.017844e+05	1.062592e-04
2022	2	15	3	15
	278	8	42.500000	71.500000	9.826723e+04	2.732923e-04
	0	39	-27.000000	63.750000	9.749927e+04	1.118903e-05
	159	48	12.750000	61.500000	9.864951e+04	1.874620e-04
2022	2	15	5	18
	275	8	41.750000	71.500000	9.840282e+04	2.762104e-04
	0	39	-27.000000	63.750000	9.747889e+04	3.490089e-06
	166	47	14.500000	61.750000	9.858582e+04	1.269625e-04
	116	54	2.000000	60.000000	9.823248e+04	9.963127e-05
	161	162	13.250000	33.000000	1.017575e+05	-3.622957e-05
2022	2	15	7	21
	278	10	42.500000	71.000000	9.858120e+04	2.531293e-04
	0	39	-27.000000	63.750000	9.747255e+04	1.642490e-05
	170	45	15.500000	62.250000	9.849954e+04	7.099374e-05
	170	46	15.500000	62.000000	9.852470e+04	6.841022e-05
	120	52	3.000000	60.500000	9.808183e+04	1.219404e-04
	0	72	-27.000000	55.500000	9.773362e+04	1.112167e-04
	162	162	13.500000	33.000000	1.018765e+05	2.019010e-06
2022	2	16	4	0
	284	10	44.000000	71.000000	9.867313e+04	2.696863e-04
	183	43	18.750000	62.750000	9.875325e+04	9.010112e-05
	121	52	3.250000	60.500000	9.802705e+04	1.280134e-04
	0	69	-27.000000	56.250000	9.708652e+04	1.488470e-04
2022	2	16	4	3
	288	9	45.000000	71.250000	9.872962e+04	1.311281e-04
	124	53	4.000000	60.250000	9.805444e+04	1.553220e-04
	149	59	10.250000	58.750000	9.799264e+04	1.955875e-04
	11	64	-24.250000	57.500000	9.657362e+04	3.053016e-04
2022	2	16	3	6
	126	53	4.500000	60.250000	9.796045e+04	1.046051e-04
	154	58	11.500000	59.000000	9.785466e+04	2.104531e-04
	21	59	-21.750000	58.750000	9.615883e+04	3.485999e-04
2022	2	16	5	9
	119	37	2.750000	64.250000	9.802825e+04	1.850025e-04
	120	37	3.000000	64.250000	9.802825e+04	1.883024e-04
	140	51	8.000000	60.750000	9.775999e+04	-6.653589e-05
	158	56	12.500000	59.500000	9.775999e+04	2.087585e-04
	24	57	-21.000000	59.250000	9.603300e+04	3.657189e-04
2022	2	16	5	12
	116	39	2.000000	63.750000	9.790482e+04	1.691423e-04
	0	41	-27.000000	63.250000	9.773962e+04	1.022508e-04
	161	55	13.250000	59.750000	9.764888e+04	2.103789e-04
	46	59	-15.500000	58.750000	9.612852e+04	2.736062e-04
	137	119	7.250000	43.750000	1.012520e+05	1.551013e-04
2022	2	16	6	15
	288	5	45.000000	72.250000	9.888370e+04	1.134552e-04
	115	39	1.750000	63.750000	9.771394e+04	1.577185e-04
	167	53	14.750000	60.250000	9.762475e+04	1.591314e-04
	39	55	-17.250000	59.750000	9.603523e+04	2.938182e-04
	60	57	-12.000000	59.250000	9.603523e+04	3.088044e-04
	137	119	7.250000	43.750000	1.010929e+05	1.467696e-04
2022	2	16	8	18
	284	2	44.000000	73.000000	9.878937e+04	1.890284e-04
	288	24	45.000000	67.500000	9.917062e+04	4.796292e-05
	0	37	-27.000000	64.250000	9.812138e+04	1.049605e-05
	171	51	15.750000	60.750000	9.755987e+04	1.510548e-04
	71	56	-9.250000	59.500000	9.593422e+04	3.407175e-04
	137	117	7.250000	44.250000	1.010292e+05	7.763887e-05
	278	120	42.500000	43.500000	1.019359e+05	-1.008208e-05
	184	147	19.000000	36.750000	1.013359e+05	1.267669e-04
2022	2	16	5	21
	277	1	42.250000	73.250000	9.875445e+04	1.463629e-04
	176	48	17.000000	61.500000	9.741983e+04	1.089390e-04
	79	55	-7.250000	59.750000	9.601965e+04	3.205752e-04
	281	121	43.250000	43.250000	1.017888e+05	-5.439164e-06
	187	147	19.750000	36.750000	1.013115e+05	1.440602e-04
2022	2	17	5	0
	271	1	40.750000	73.250000	9.872448e+04	1.359100e-04
	176	48	17.000000	61.500000	9.728750e+04	7.901598e-05
	87	56	-5.250000	59.500000	9.610388e+04	3.004862e-04
	281	121	43.250000	43.250000	1.016959e+05	-1.394412e-05
	190	149	20.500000	36.250000	1.011267e+05	1.299304e-04
2022	2	17	6	3
	265	0	39.250000	73.500000	9.868495e+04	1.023606e-04
	176	48	17.000000	61.500000	9.707608e+04	5.365963e-05
	95	56	-3.250000	59.500000	9.616430e+04	2.651254e-04
	146	62	9.500000	58.000000	9.655720e+04	2.387365e-04
	150	109	10.500000	46.250000	1.000836e+05	3.007463e-05
	190	148	20.500000	36.500000	1.009164e+05	1.244658e-04
2022	2	17	6	6
	261	1	38.250000	73.250000	9.865207e+04	1.376498e-04
	187	45	19.750000	62.250000	9.694512e+04	1.087622e-04
	129	57	5.250000	59.250000	9.636683e+04	1.041520e-04
	104	58	-1.000000	59.000000	9.633687e+04	2.374438e-04
	153	62	11.250000	58.000000	9.651525e+04	2.080664e-04
	192	149	21.000000	36.250000	1.010044e+05	9.911016e-05
2022	2	17	5	9
	260	0	38.000000	73.500000	9.873955e+04	1.234333e-04
	122	60	3.500000	58.500000	9.664210e+04	8.301881e-05
	160	62	13.000000	58.000000	9.648803e+04	2.030328e-04
	181	65	18.250000	57.250000	9.648803e+04	2.491564e-04
	19	100	-22.250000	48.500000	1.005004e+05	1.606654e-04
2022	2	17	4	12
	255	0	36.750000	73.500000	9.877619e+04	1.090285e-04
	169	63	15.250000	57.750000	9.627901e+04	1.222740e-04
	185	63	19.250000	57.750000	9.627901e+04	2.591924e-04
	27	97	-20.250000	49.250000	1.003097e+05	1.738412e-04
2022	2	17	2	15
	188	63	20.000000	57.750000	9.627592e+04	2.660773e-04
	40	92	-17.000000	50.500000	9.991068e+04	1.462327e-04
2022	2	17	3	18
	194	64	21.500000	57.500000	9.632386e+04	2.686883e-04
	36	69	-18.000000	56.250000	9.961623e+04	1.706308e-04
	53	86	-13.750000	52.000000	9.949195e+04	2.273343e-04
2022	2	17	3	21
	200	65	23.000000	57.250000	9.651799e+04	1.910438e-04
	41	69	-16.750000	56.250000	9.940755e+04	2.309555e-04
	63	82	-11.250000	53.000000	9.907218e+04	2.625808e-04
2022	2	18	3	0
	206	65	24.500000	57.250000	9.682408e+04	1.944785e-04
	47	68	-15.250000	56.500000	9.922745e+04	2.600999e-04
	74	78	-8.500000	54.000000	9.890698e+04	2.794346e-04
2022	2	18	2	3
	215	62	26.750000	58.000000	9.718136e+04	1.192038e-04
	85	74	-5.750000	55.000000	9.843894e+04	3.177755e-04
2022	2	18	4	6
	217	55	27.250000	59.750000	9.740784e+04	7.211683e-05
	93	72	-3.750000	55.500000	9.823727e+04	4.129342e-04
	153	111	11.250000	45.750000	1.013299e+05	8.216467e-05
	205	139	24.250000	38.750000	1.008998e+05	6.160703e-05
2022	2	18	4	9
	6	7	-25.500000	71.750000	1.004215e+05	-3.115716e-05
	227	46	29.750000	62.000000	9.746451e+04	9.341630e-05
	105	70	-0.750000	56.000000	9.794641e+04	3.765981e-04
	61	106	-11.750000	47.000000	1.003801e+05	1.468711e-04
2022	2	18	4	12
	230	41	30.500000	63.250000	9.752134e+04	9.364793e-05
	44	54	-16.000000	60.000000	9.917164e+04	2.215058e-04
	118	69	2.500000	56.250000	9.798117e+04	3.837362e-04
	69	102	-9.750000	48.000000	1.001741e+05	1.566787e-04
2022	2	18	4	15
	233	38	31.250000	64.000000	9.746982e+04	1.072343e-04
	47	54	-15.250000	60.000000	9.924936e+04	2.509795e-04
	135	68	6.750000	56.500000	9.792399e+04	3.247529e-04
	75	100	-8.250000	48.500000	9.989339e+04	1.689958e-04
2022	2	18	6	18
	236	35	32.000000	64.750000	9.734553e+04	1.174561e-04
	49	56	-14.750000	59.500000	9.939197e+04	2.526254e-04
	154	68	11.500000	56.500000	9.802602e+04	2.345947e-04
	82	98	-6.500000	49.000000	9.975661e+04	2.116716e-04
	227	150	29.750000	36.000000	1.006809e+05	1.784477e-04
	228	150	30.000000	36.000000	1.006809e+05	1.647213e-04
2022	2	18	4	21
	238	31	32.500000	65.750000	9.720550e+04	1.439278e-04
	171	70	15.750000	56.000000	9.823334e+04	1.851726e-04
	86	98	-5.500000	49.000000	9.969549e+04	3.118942e-04
	235	151	31.750000	35.750000	1.005076e+05	1.527031e-04
2022	2	19	3	0
	236	27	32.000000	66.750000	9.707762e+04	1.319490e-04
	92	97	-4.000000	49.250000	9.952789e+04	3.421041e-04
	234	158	31.500000	34.000000	1.003883e+05	2.521212e-04
2022	2	19	6	3
	236	26	32.000000	67.000000	9.692338e+04	1.258324e-04
	119	93	2.750000	50.250000	9.966279e+04	1.172115e-04
	99	96	-2.250000	49.500000	9.951899e+04	3.447017e-04
	117	124	2.250000	42.500000	1.008377e+05	1.000983e-04
	244	155	34.000000	34.750000	1.002657e+05	1.805876e-05
	236	161	32.000000	33.250000	1.002657e+05	2.122662e-04
2022	2	19	8	6
	237	24	32.250000	67.500000	9.689188e+04	1.455839e-04
	86	71	-5.500000	55.750000	1.001558e+05	1.758524e-04
	135	91	6.750000	50.750000	9.992591e+04	8.430019e-05
	121	93	3.250000	50.250000	9.974428e+04	9.712711e-05
	106	96	-0.500000	49.500000	9.974428e+04	2.848783e-04
	117	124	2.250000	42.500000	1.009123e+05	7.358361e-05
	250	160	35.500000	33.500000	1.006163e+05	-1.309811e-05
	238	162	32.500000	33.000000	1.006163e+05	1.128775e-04
2022	2	19	7	9
	115	18	1.750000	69.000000	9.882429e+04	3.019410e-04
	116	18	2.000000	69.000000	9.882429e+04	2.918120e-04
	239	20	32.750000	68.500000	9.689495e+04	1.258335e-04
	144	89	9.000000	51.250000	9.999285e+04	1.284128e-04
	127	92	4.750000	50.500000	9.999285e+04	1.243984e-04
	116	125	2.000000	42.250000	1.010397e+05	1.435513e-05
	108	133	0.000000	40.250000	1.010397e+05	2.799916e-05
2022	2	19	4	12
	242	16	33.500000	69.500000	9.691584e+04	5.861595e-05
	117	20	2.250000	68.500000	9.891468e+04	2.900547e-04
	143	89	8.750000	51.250000	1.000627e+05	8.504579e-05
	114	125	1.500000	42.250000	1.009731e+05	-1.142831e-05
2022	2	19	5	15
	242	15	33.500000	69.750000	9.700109e+04	1.137652e-04
	117	21	2.250000	68.250000	9.897614e+04	2.905000e-04
	0	45	-27.000000	62.250000	9.727517e+04	1.104017e-04
	150	88	10.500000	51.500000	1.000879e+05	9.962960e-05
	172	88	16.000000	51.500000	1.001139e+05	6.025748e-05
2022	2	19	3	18
	240	14	33.000000	70.000000	9.702814e+04	1.095756e-04
	117	23	2.250000	67.750000	9.902493e+04	3.093903e-04
	0	41	-27.000000	63.250000	9.645738e+04	1.628305e-04
2022	2	19	4	21
	240	14	33.000000	70.000000	9.714695e+04	9.154013e-05
	121	25	3.250000	67.250000	9.904016e+04	3.002722e-04
	0	36	-27.000000	64.500000	9.605149e+04	1.223391e-04
	135	131	6.750000	40.750000	1.011039e+05	8.367433e-05
2022	2	20	4	0
	245	13	34.250000	70.250000	9.728424e+04	6.319562e-05
	125	27	4.250000	66.750000	9.908348e+04	3.075068e-04
	0	32	-27.000000	65.500000	9.595066e+04	1.647617e-04
	25	34	-20.750000	65.000000	9.595066e+04	5.191369e-05
