2022	2	14	8	0
	5	6	-25.750000	72.000000	9.977852e+04	-3.655617e-05
	222	10	28.500000	71.000000	9.839528e+04	1.452738e-04
	193	12	21.250000	70.500000	9.839528e+04	1.412317e-04
	1	17	-26.750000	69.250000	9.977852e+04	9.364526e-06
	217	25	27.250000	67.250000	9.852299e+04	1.402351e-04
	218	25	27.500000	67.250000	9.852299e+04	1.211418e-04
	115	62	1.750000	58.000000	9.852402e+04	9.899119e-05
	102	71	-1.500000	55.750000	9.852402e+04	1.655024e-04
2022	2	14	4	3
	210	9	25.500000	71.250000	9.812001e+04	2.134340e-04
	226	22	29.500000	68.000000	9.828435e+04	1.022049e-04
	118	60	2.500000	58.500000	9.853002e+04	9.936112e-05
	108	70	0.000000	56.000000	9.853002e+04	1.152674e-04
2022	2	14	4	6
	219	8	27.750000	71.500000	9.797775e+04	2.023166e-04
	117	61	2.250000	58.250000	9.857915e+04	8.634600e-05
	118	61	2.500000	58.250000	9.857915e+04	8.604043e-05
	110	70	0.500000	56.000000	9.857915e+04	1.198213e-04
2022	2	14	4	9
	68	3	-10.000000	72.750000	1.001572e+05	9.915398e-05
	217	9	27.250000	71.250000	9.805050e+04	3.088910e-04
	0	52	-27.000000	60.500000	9.800000e+04	1.158405e-04
	120	68	3.000000	56.500000	9.864951e+04	6.346803e-05
2022	2	14	4	12
	237	6	32.250000	72.000000	9.807567e+04	1.355008e-04
	6	7	-25.500000	71.750000	9.998789e+04	2.562005e-05
	0	48	-27.000000	61.500000	9.757134e+04	1.528296e-04
	131	66	5.750000	57.000000	9.859352e+04	1.603131e-04
2022	2	14	5	15
	239	6	32.750000	72.000000	9.810426e+04	1.134317e-04
	6	7	-25.500000	71.750000	9.985025e+04	3.054700e-05
	245	14	34.250000	70.000000	9.810426e+04	1.354651e-04
	1	43	-26.750000	62.750000	9.706820e+04	1.788393e-04
	135	63	6.750000	57.750000	9.850330e+04	1.823622e-04
2022	2	14	3	18
	254	13	36.500000	70.250000	9.818797e+04	1.385523e-04
	0	39	-27.000000	63.750000	9.689958e+04	1.383861e-04
	138	62	7.500000	58.000000	9.868939e+04	2.239851e-04
2022	2	14	6	21
	257	12	37.250000	70.500000	9.817102e+04	1.439417e-04
	258	12	37.500000	70.500000	9.817102e+04	1.557805e-04
	259	12	37.750000	70.500000	9.817102e+04	1.649861e-04
	28	38	-20.000000	64.000000	9.723323e+04	-3.095430e-05
	143	59	8.750000	58.750000	9.875462e+04	2.786945e-04
	141	121	8.250000	43.250000	1.010902e+05	1.401851e-04
2022	2	15	8	0
	248	5	35.000000	72.250000	9.821570e+04	9.364554e-05
	6	7	-25.500000	71.750000	9.965012e+04	4.288010e-05
	262	12	38.500000	70.500000	9.821570e+04	1.541966e-04
	0	37	-27.000000	64.250000	9.719026e+04	9.974196e-05
	28	38	-20.000000	64.000000	9.722895e+04	2.700855e-05
	128	54	5.000000	60.000000	9.874623e+04	6.862022e-05
	149	55	10.250000	59.750000	9.874623e+04	3.297586e-04
	145	120	9.250000	43.500000	1.010866e+05	1.125259e-04
2022	2	15	7	3
	243	8	33.750000	71.500000	9.829000e+04	1.397028e-04
	266	12	39.500000	70.500000	9.829000e+04	1.830747e-04
	24	35	-21.000000	64.750000	9.729845e+04	1.019088e-04
	150	52	10.500000	60.500000	9.865019e+04	3.681290e-04
	125	53	4.250000	60.250000	9.868580e+04	4.594275e-05
	171	103	15.750000	47.750000	1.009387e+05	6.240363e-05
	146	118	9.500000	44.000000	1.009753e+05	1.013147e-04
2022	2	15	8	6
	243	11	33.750000	70.750000	9.837816e+04	2.316029e-04
	271	12	40.750000	70.500000	9.837816e+04	1.696302e-04
	24	33	-21.000000	65.250000	9.736864e+04	2.312446e-04
	151	51	10.750000	60.750000	9.865327e+04	3.511232e-04
	126	53	4.500000	60.250000	9.865687e+04	4.009342e-05
	0	85	-27.000000	52.250000	9.886948e+04	1.407079e-04
	157	114	12.250000	45.000000	1.010753e+05	1.010377e-04
	146	117	9.500000	44.250000	1.010753e+05	9.728665e-05
2022	2	15	7	9
	276	12	42.000000	70.500000	9.852727e+04	1.698815e-04
	0	38	-27.000000	64.000000	9.739895e+04	-1.562965e-05
	122	49	3.500000	61.250000	9.891091e+04	9.112633e-05
	123	49	3.750000	61.250000	9.891091e+04	8.449385e-05
	153	49	11.250000	61.250000	9.878526e+04	3.133240e-04
	0	81	-27.000000	53.250000	9.829188e+04	1.066296e-04
	159	113	12.750000	45.250000	1.011231e+05	1.026976e-04
2022	2	15	4	12
	279	11	42.750000	70.750000	9.865430e+04	2.100646e-04
	156	48	12.000000	61.500000	9.880615e+04	2.476861e-04
	9	78	-24.750000	54.000000	9.810255e+04	2.596717e-04
	156	157	12.000000	34.250000	1.016820e+05	1.079162e-04
2022	2	15	3	15
	282	11	43.500000	70.750000	9.875291e+04	2.310393e-04
	23	75	-21.250000	54.750000	9.784113e+04	2.581178e-04
	163	162	13.750000	33.000000	1.015865e+05	3.985851e-05
2022	2	15	4	18
	284	11	44.000000	70.750000	9.889328e+04	1.921925e-04
	138	39	7.500000	63.750000	9.865670e+04	1.652616e-04
	39	72	-17.250000	55.500000	9.769802e+04	2.503806e-04
	164	162	14.000000	33.000000	1.016394e+05	2.610987e-05
2022	2	15	4	21
	135	37	6.750000	64.250000	9.855552e+04	1.973375e-04
	136	37	7.000000	64.250000	9.855552e+04	1.966437e-04
	51	70	-14.250000	56.000000	9.753042e+04	2.570307e-04
	167	160	14.750000	33.500000	1.017522e+05	3.903931e-06
2022	2	16	2	0
	131	36	5.750000	64.500000	9.842833e+04	2.067697e-04
	61	68	-11.750000	56.500000	9.741418e+04	2.857732e-04
2022	2	16	3	3
	127	36	4.750000	64.500000	9.829240e+04	1.887255e-04
	71	68	-9.250000	56.500000	9.738439e+04	3.286231e-04
	279	121	42.750000	43.250000	1.021475e+05	6.130340e-06
2022	2	16	5	6
	126	36	4.500000	64.500000	9.814398e+04	1.690312e-04
	53	51	-13.750000	60.750000	9.803680e+04	1.204660e-04
	82	68	-6.500000	56.500000	9.747975e+04	3.328460e-04
	138	117	7.500000	44.250000	1.012114e+05	1.230184e-04
	279	121	42.750000	43.250000	1.021968e+05	1.171743e-05
2022	2	16	4	9
	124	36	4.000000	64.500000	9.807156e+04	1.591497e-04
	52	50	-14.000000	61.000000	9.787452e+04	1.754155e-04
	100	68	-2.000000	56.500000	9.770281e+04	2.286186e-04
	137	117	7.250000	44.250000	1.010792e+05	1.351853e-04
2022	2	16	4	12
	121	35	3.250000	64.750000	9.797330e+04	1.686502e-04
	51	49	-14.250000	61.250000	9.766361e+04	1.902878e-04
	111	68	0.750000	56.500000	9.754103e+04	2.781887e-04
	138	117	7.500000	44.250000	1.010017e+05	1.397551e-04
2022	2	16	6	15
	285	7	44.250000	71.750000	9.903366e+04	2.637986e-04
	116	35	2.000000	64.750000	9.788719e+04	1.842464e-04
	53	48	-13.750000	61.500000	9.746845e+04	2.426745e-04
	56	65	-13.000000	57.250000	9.778378e+04	1.587555e-04
	124	69	4.000000	56.250000	9.751741e+04	2.573926e-04
	137	119	7.250000	43.750000	1.010399e+05	1.472678e-04
2022	2	16	6	18
	280	7	43.000000	71.750000	9.888678e+04	2.922307e-04
	114	35	1.500000	64.750000	9.781666e+04	1.603039e-04
	56	48	-13.000000	61.500000	9.736437e+04	2.862469e-04
	70	62	-9.500000	58.000000	9.734399e+04	1.993855e-04
	138	70	7.500000	56.000000	9.753333e+04	2.174463e-04
	136	115	7.000000	44.750000	1.008038e+05	4.552331e-05
2022	2	16	9	21
	275	8	41.750000	71.500000	9.884586e+04	2.633388e-04
	0	32	-27.000000	65.500000	9.834427e+04	5.649780e-05
	112	35	1.000000	64.750000	9.775520e+04	1.381632e-04
	58	49	-12.500000	61.250000	9.735838e+04	2.446499e-04
	75	60	-8.250000	58.500000	9.699904e+04	2.717433e-04
	157	70	12.250000	56.000000	9.758075e+04	1.783022e-04
	138	117	7.500000	44.250000	1.007521e+05	7.332353e-05
	280	121	43.000000	43.250000	1.019352e+05	-3.388272e-05
	190	144	20.500000	37.500000	1.012530e+05	1.196453e-04
2022	2	17	11	0
	272	8	41.000000	71.500000	9.882173e+04	2.693634e-04
	0	31	-27.000000	65.750000	9.858873e+04	7.877686e-05
	108	35	0.000000	64.750000	9.769888e+04	1.418489e-04
	109	35	0.250000	64.750000	9.769888e+04	1.468195e-04
	62	49	-11.500000	61.250000	9.741538e+04	2.082846e-04
	80	60	-7.000000	58.500000	9.701205e+04	3.311716e-04
	100	65	-2.000000	57.250000	9.701205e+04	1.930331e-04
	171	70	15.750000	56.000000	9.758161e+04	1.354606e-04
	138	117	7.500000	44.250000	1.007696e+05	7.062129e-05
	280	121	43.000000	43.250000	1.017799e+05	-3.018354e-05
	192	143	21.000000	37.750000	1.011559e+05	1.288376e-04
2022	2	17	10	3
	271	10	40.750000	71.000000	9.879194e+04	2.684149e-04
	108	35	0.000000	64.750000	9.766463e+04	1.598932e-04
	65	49	-10.750000	61.250000	9.747735e+04	1.820684e-04
	86	58	-5.500000	59.000000	9.719180e+04	2.507587e-04
	106	63	-0.500000	57.750000	9.719180e+04	2.168013e-04
	117	69	2.250000	56.250000	9.719180e+04	1.948292e-04
	182	70	18.500000	56.000000	9.748300e+04	1.188962e-04
	137	113	7.250000	45.250000	1.005205e+05	2.785234e-05
	280	121	43.000000	43.250000	1.015945e+05	-2.995733e-05
	192	143	21.000000	37.750000	1.010005e+05	9.728679e-05
2022	2	17	7	6
	274	11	41.500000	70.750000	9.879434e+04	2.262187e-04
	70	50	-9.500000	61.000000	9.757527e+04	1.614499e-04
	110	62	0.500000	58.000000	9.719214e+04	2.162971e-04
	129	69	5.250000	56.250000	9.723426e+04	2.244308e-04
	189	70	20.250000	56.000000	9.742805e+04	1.140599e-04
	0	114	-27.000000	45.000000	1.004876e+05	1.213138e-04
	280	121	43.000000	43.250000	1.015574e+05	-1.535702e-05
2022	2	17	8	9
	277	12	42.250000	70.500000	9.883234e+04	2.302199e-04
	0	42	-27.000000	63.000000	9.908536e+04	5.411219e-05
	76	50	-8.000000	61.000000	9.776547e+04	2.142779e-04
	114	63	1.500000	57.750000	9.734741e+04	2.419770e-04
	136	68	7.000000	56.500000	9.729589e+04	2.195842e-04
	192	69	21.000000	56.250000	9.735700e+04	8.800971e-05
	2	109	-26.500000	46.250000	9.985196e+04	2.142826e-04
	279	120	42.750000	43.500000	1.013966e+05	8.111077e-06
2022	2	17	7	12
	282	12	43.500000	70.500000	9.889123e+04	2.334793e-04
	81	49	-6.750000	61.250000	9.793444e+04	2.182606e-04
	120	64	3.000000	57.500000	9.744722e+04	2.558331e-04
	198	68	22.500000	56.500000	9.724538e+04	8.729855e-05
	141	69	8.250000	56.250000	9.744654e+04	2.564143e-04
	10	105	-24.500000	47.250000	9.974274e+04	2.866701e-04
	279	120	42.750000	43.500000	1.012102e+05	1.061110e-05
2022	2	17	7	15
	284	12	44.000000	70.500000	9.896176e+04	2.069938e-04
	114	35	1.500000	64.750000	9.812873e+04	8.859289e-05
	83	47	-6.250000	61.750000	9.808217e+04	2.146714e-04
	203	68	23.750000	56.500000	9.720395e+04	8.263344e-05
	147	70	9.750000	56.000000	9.778156e+04	2.497089e-04
	14	102	-23.500000	48.000000	9.942620e+04	3.597809e-04
	0	108	-27.000000	46.500000	1.007954e+05	5.835559e-05
2022	2	17	7	18
	288	12	45.000000	70.500000	9.901945e+04	1.074589e-04
	145	32	9.250000	65.500000	9.819465e+04	9.074447e-05
	114	35	1.500000	64.750000	9.822786e+04	8.399373e-05
	87	47	-5.250000	61.750000	9.816555e+04	1.776799e-04
	209	67	25.250000	56.750000	9.724488e+04	8.112904e-05
	20	100	-22.000000	48.500000	9.932588e+04	3.846034e-04
	159	107	12.750000	46.750000	1.000906e+05	-1.875292e-05
2022	2	17	6	21
	146	31	9.500000	65.750000	9.827305e+04	1.301462e-04
	116	35	2.000000	64.750000	9.829497e+04	8.694929e-05
	96	47	-3.000000	61.750000	9.825183e+04	1.245975e-04
	215	66	26.750000	57.000000	9.737190e+04	7.438217e-05
	36	94	-18.000000	50.000000	9.936526e+04	2.556973e-04
	153	111	11.250000	45.750000	1.007694e+05	7.655693e-05
2022	2	18	4	0
	119	35	2.750000	64.750000	9.833794e+04	8.923292e-05
	100	46	-2.000000	62.000000	9.827373e+04	1.354341e-04
	222	57	28.500000	59.250000	9.750697e+04	1.018915e-04
	49	90	-14.750000	51.000000	9.918962e+04	2.172100e-04
2022	2	18	4	3
	120	35	3.000000	64.750000	9.825422e+04	6.394041e-05
	103	46	-1.250000	62.000000	9.823470e+04	1.731180e-04
	225	53	29.250000	60.250000	9.760284e+04	1.284711e-04
	50	91	-14.500000	50.750000	9.898744e+04	3.035619e-04
2022	2	18	4	6
	112	45	1.000000	62.250000	9.815270e+04	1.607374e-04
	227	50	29.750000	61.000000	9.772250e+04	1.084902e-04
	58	91	-12.500000	50.750000	9.863067e+04	4.349570e-04
	140	122	8.000000	43.000000	1.014403e+05	1.046257e-04
2022	2	18	3	9
	119	43	2.750000	62.750000	9.807961e+04	1.497421e-04
	228	49	30.000000	61.250000	9.784234e+04	9.688835e-05
	69	89	-9.750000	51.250000	9.839049e+04	4.957492e-04
2022	2	18	3	12
	123	41	3.750000	63.250000	9.806642e+04	2.110119e-04
	232	49	31.000000	61.250000	9.796577e+04	9.479373e-05
	93	77	-3.750000	54.250000	9.810152e+04	2.801844e-04
2022	2	18	4	15
	130	39	5.500000	63.750000	9.790876e+04	2.562611e-04
	237	46	32.250000	62.000000	9.810683e+04	5.754439e-05
	102	77	-1.500000	54.250000	9.764615e+04	2.404873e-04
	220	143	28.000000	37.750000	1.004232e+05	2.473018e-04
2022	2	18	4	18
	138	35	7.500000	64.750000	9.774219e+04	3.201144e-04
	243	45	33.750000	62.250000	9.815168e+04	3.635729e-05
	122	69	3.500000	56.250000	9.700469e+04	3.233875e-04
	220	147	28.000000	36.750000	1.003871e+05	2.668944e-04
2022	2	18	8	21
	140	34	8.000000	65.000000	9.763845e+04	3.178025e-04
	141	34	8.250000	65.000000	9.763845e+04	3.186523e-04
	251	35	35.750000	64.750000	9.815459e+04	4.090930e-05
	255	43	36.750000	62.750000	9.815459e+04	-2.246651e-05
	93	53	-3.750000	60.250000	9.776958e+04	2.337613e-04
	131	66	5.750000	57.000000	9.625350e+04	3.958332e-04
	221	149	28.250000	36.250000	1.004193e+05	2.325524e-04
	239	153	32.750000	35.250000	1.005393e+05	4.952831e-05
2022	2	19	7	0
	143	32	8.750000	65.500000	9.752716e+04	3.181666e-04
	251	32	35.750000	65.500000	9.814141e+04	4.614548e-05
	252	32	36.000000	65.500000	9.814141e+04	4.589278e-05
	100	53	-2.000000	60.250000	9.772541e+04	2.332367e-04
	138	65	7.500000	57.250000	9.587277e+04	4.771296e-04
	224	147	29.000000	36.750000	1.004255e+05	-2.894819e-06
	220	155	28.000000	34.750000	1.004255e+05	2.209709e-04
2022	2	19	8	3
	150	19	10.500000	68.750000	9.750509e+04	1.646521e-04
	145	31	9.250000	65.750000	9.749276e+04	3.382429e-04
	273	31	41.250000	65.750000	9.808748e+04	2.962720e-05
	108	54	0.000000	60.000000	9.783480e+04	1.543664e-04
	151	62	10.750000	58.000000	9.597309e+04	4.705777e-04
	138	110	7.500000	46.000000	1.012431e+05	-4.011602e-05
	220	162	28.000000	33.000000	1.004878e+05	1.078625e-04
	230	162	30.500000	33.000000	1.004878e+05	2.638079e-05
2022	2	19	12	6
	148	17	10.000000	69.250000	9.754805e+04	1.636843e-04
	280	27	43.000000	66.750000	9.798888e+04	1.025198e-04
	281	27	43.250000	66.750000	9.798888e+04	1.034454e-04
	281	28	43.250000	66.500000	9.798888e+04	9.630642e-05
	254	29	36.500000	66.250000	9.798888e+04	3.084895e-05
	147	30	9.750000	66.000000	9.752272e+04	3.497034e-04
	113	56	1.250000	59.500000	9.796953e+04	1.651015e-04
	171	61	15.750000	58.250000	9.617166e+04	2.303215e-04
	136	115	7.000000	44.750000	1.015019e+05	8.661405e-05
	238	151	32.500000	35.750000	1.007300e+05	-3.720242e-05
	239	159	32.750000	33.750000	1.007172e+05	7.141654e-05
	230	162	30.500000	33.000000	1.007172e+05	5.201765e-05
2022	2	19	8	9
	101	13	-1.750000	70.250000	9.786391e+04	2.695564e-04
	144	16	9.000000	69.500000	9.755251e+04	1.849937e-04
	286	24	44.500000	67.500000	9.793580e+04	8.999406e-05
	148	28	10.000000	66.500000	9.766823e+04	2.325430e-04
	256	28	37.000000	66.500000	9.793820e+04	1.261890e-05
	0	57	-27.000000	59.250000	9.771822e+04	8.875291e-05
	182	57	18.500000	59.250000	9.609754e+04	2.082519e-04
	136	115	7.000000	44.750000	1.016127e+05	9.291522e-05
2022	2	19	9	12
	139	15	7.750000	69.750000	9.750509e+04	2.439385e-04
	103	16	-1.250000	69.500000	9.754737e+04	2.281318e-04
	253	26	36.250000	67.000000	9.792981e+04	5.690138e-05
	254	26	36.500000	67.000000	9.792125e+04	5.072846e-05
	151	27	10.750000	66.750000	9.761876e+04	2.123207e-04
	0	52	-27.000000	60.500000	9.702866e+04	1.160955e-04
	192	57	21.000000	59.250000	9.630913e+04	1.343172e-04
	157	107	12.250000	46.750000	1.015231e+05	1.787850e-05
	137	117	7.250000	44.250000	1.015925e+05	1.273924e-04
2022	2	19	7	15
	135	15	6.750000	69.750000	9.753094e+04	2.410294e-04
	108	18	0.000000	69.000000	9.753094e+04	1.918850e-04
	246	24	34.500000	67.500000	9.804930e+04	8.612416e-05
	156	27	12.000000	66.750000	9.789232e+04	1.930673e-04
	0	47	-27.000000	61.750000	9.655599e+04	1.227235e-04
	200	57	23.000000	59.250000	9.659041e+04	1.958489e-04
	135	120	6.750000	43.500000	1.014956e+05	8.878660e-05
2022	2	19	6	18
	133	15	6.250000	69.750000	9.754258e+04	2.599161e-04
	114	20	1.500000	68.500000	9.754258e+04	1.750808e-04
	244	24	34.000000	67.500000	9.807944e+04	7.339262e-05
	0	43	-27.000000	62.750000	9.632968e+04	1.377782e-04
	215	56	26.750000	59.500000	9.685798e+04	2.374530e-04
	138	121	7.500000	43.250000	1.016829e+05	8.651646e-05
2022	2	19	5	21
	132	15	6.000000	69.750000	9.759633e+04	2.777758e-04
	158	16	12.500000	69.500000	9.759633e+04	7.244467e-05
	0	51	-27.000000	60.750000	9.610011e+04	-1.911880e-05
	223	55	28.750000	59.750000	9.703944e+04	2.210635e-04
	140	121	8.000000	43.250000	1.018311e+05	6.861694e-05
2022	2	20	6	0
	160	15	13.000000	69.750000	9.768192e+04	8.074674e-05
	161	15	13.250000	69.750000	9.768192e+04	8.394174e-05
	130	16	5.500000	69.500000	9.768192e+04	3.188541e-04
	0	53	-27.000000	60.250000	9.540815e+04	1.596610e-04
	232	55	31.000000	59.750000	9.723545e+04	1.989617e-04
	140	122	8.000000	43.000000	1.018972e+05	2.892827e-05
