2022	2	16	6	0
	288	11	45.000000	70.750000	9.881405e+04	8.570777e-05
	55	39	-13.250000	63.750000	9.773157e+04	2.183839e-04
	118	53	2.500000	60.250000	9.805642e+04	1.332198e-04
	66	67	-10.500000	56.750000	9.738749e+04	2.781813e-04
	280	121	43.000000	43.250000	1.021319e+05	3.269577e-05
	172	122	16.000000	43.000000	1.014615e+05	4.181069e-05
2022	2	16	5	3
	48	39	-15.000000	63.750000	9.767342e+04	1.987714e-04
	121	52	3.250000	60.500000	9.798540e+04	1.345476e-04
	77	67	-7.750000	56.750000	9.743152e+04	2.633038e-04
	280	121	43.000000	43.250000	1.021587e+05	2.834433e-05
	174	122	16.500000	43.000000	1.014377e+05	6.308893e-05
2022	2	16	5	6
	122	33	3.500000	65.250000	9.790709e+04	1.873884e-04
	46	38	-15.500000	64.000000	9.758643e+04	2.049506e-04
	122	51	3.500000	60.750000	9.792942e+04	1.477086e-04
	85	66	-5.750000	57.000000	9.765341e+04	2.532861e-04
	100	68	-2.000000	56.500000	9.765341e+04	2.250376e-04
2022	2	16	4	9
	118	34	2.500000	65.000000	9.778925e+04	2.251056e-04
	48	61	-15.000000	58.250000	9.741834e+04	5.030133e-05
	111	66	0.750000	57.000000	9.759480e+04	2.332254e-04
	180	137	18.000000	39.250000	1.014715e+05	1.516632e-04
2022	2	16	6	12
	112	34	1.000000	65.000000	9.760923e+04	1.986525e-04
	67	55	-10.250000	59.750000	9.706543e+04	5.997367e-05
	53	60	-13.750000	58.500000	9.700898e+04	9.786438e-05
	123	66	3.750000	57.000000	9.753573e+04	2.277646e-04
	66	67	-10.500000	56.750000	9.700898e+04	2.699059e-04
	183	138	18.750000	39.000000	1.012389e+05	1.794704e-04
2022	2	16	7	15
	106	35	-0.500000	64.750000	9.746471e+04	1.808372e-04
	66	61	-10.500000	58.250000	9.672491e+04	5.595775e-05
	79	65	-7.250000	57.250000	9.672491e+04	3.154078e-04
	134	66	6.500000	57.000000	9.735462e+04	2.083788e-04
	135	66	6.750000	57.000000	9.735462e+04	2.084057e-04
	136	114	7.000000	45.000000	1.011176e+05	1.476197e-05
	185	136	19.250000	39.500000	1.010751e+05	1.712817e-04
2022	2	16	4	18
	0	30	-27.000000	66.000000	9.811193e+04	9.328419e-05
	93	65	-3.750000	57.250000	9.685765e+04	2.633425e-04
	279	120	42.750000	43.500000	1.021658e+05	-2.040103e-05
	184	135	19.000000	39.750000	1.011486e+05	1.358916e-04
2022	2	16	6	21
	0	29	-27.000000	66.250000	9.833538e+04	1.102739e-04
	108	66	0.000000	57.000000	9.686215e+04	2.651807e-04
	143	66	8.750000	57.000000	9.691487e+04	2.033996e-04
	137	117	7.250000	44.250000	1.011251e+05	4.426676e-05
	279	120	42.750000	43.500000	1.021480e+05	-4.313276e-05
	184	135	19.000000	39.750000	1.011620e+05	1.021278e-04
2022	2	17	6	0
	3	28	-26.250000	66.500000	9.854393e+04	1.665500e-04
	157	68	12.250000	56.500000	9.659342e+04	2.406830e-04
	150	109	10.500000	46.250000	1.003184e+05	2.799471e-05
	137	117	7.250000	44.250000	1.010350e+05	7.492422e-05
	278	120	42.500000	43.500000	1.020142e+05	-4.731551e-05
	184	134	19.000000	40.000000	1.011993e+05	1.017010e-04
2022	2	17	3	3
	288	10	45.000000	71.000000	9.910555e+04	1.110773e-04
	170	68	15.500000	56.500000	9.634517e+04	2.336349e-04
	138	117	7.500000	44.250000	1.008525e+05	7.867267e-05
2022	2	17	4	6
	288	10	45.000000	71.000000	9.917177e+04	1.028432e-04
	136	40	7.000000	63.500000	9.729321e+04	6.966014e-05
	187	65	19.750000	57.250000	9.618391e+04	1.544934e-04
	25	76	-20.750000	54.500000	9.974130e+04	1.961277e-04
2022	2	17	3	9
	138	40	7.500000	63.500000	9.737741e+04	6.797601e-05
	198	61	22.500000	58.250000	9.604452e+04	1.710897e-04
	34	75	-18.500000	54.750000	9.990861e+04	2.143206e-04
2022	2	17	3	12
	140	39	8.000000	63.750000	9.745448e+04	9.183369e-05
	207	56	24.750000	59.500000	9.593055e+04	1.600292e-04
	7	119	-25.250000	43.750000	1.008474e+05	2.544701e-04
2022	2	17	3	15
	210	53	25.500000	60.250000	9.591457e+04	2.276782e-04
	53	73	-13.750000	55.250000	9.987187e+04	1.723507e-04
	13	117	-23.750000	44.250000	1.005351e+05	2.803773e-04
2022	2	17	3	18
	214	48	26.500000	61.500000	9.599350e+04	2.391062e-04
	36	109	-18.000000	46.250000	1.004333e+05	2.278953e-04
	20	115	-22.000000	44.750000	1.003850e+05	2.846851e-04
2022	2	17	3	21
	213	42	26.250000	63.000000	9.600714e+04	1.950872e-04
	46	106	-15.500000	47.000000	1.003822e+05	2.404346e-04
	28	113	-20.000000	45.250000	1.004977e+05	2.786118e-04
2022	2	18	4	0
	212	39	26.000000	63.750000	9.596993e+04	2.128876e-04
	21	48	-21.750000	61.500000	9.915750e+04	1.318221e-04
	58	102	-12.500000	48.000000	1.002804e+05	2.278240e-04
	45	108	-15.750000	46.500000	1.002804e+05	1.848396e-04
2022	2	18	5	3
	6	7	-25.500000	71.750000	1.003529e+05	-3.076457e-05
	213	38	26.250000	64.000000	9.594124e+04	1.871521e-04
	21	46	-21.750000	62.000000	9.916138e+04	1.114715e-04
	71	98	-9.250000	49.000000	1.001595e+05	2.213424e-04
	153	111	11.250000	45.750000	1.011995e+05	1.114725e-04
2022	2	18	6	6
	6	7	-25.500000	71.750000	1.003832e+05	-3.501170e-05
	212	36	26.000000	64.500000	9.594853e+04	1.766150e-04
	85	96	-5.750000	49.500000	1.000858e+05	1.754319e-04
	70	99	-9.500000	48.750000	1.000858e+05	2.247163e-04
	147	111	9.750000	45.750000	1.012866e+05	4.721919e-05
	138	117	7.500000	44.250000	1.012866e+05	7.315253e-05
2022	2	18	5	9
	6	7	-25.500000	71.750000	1.003912e+05	-3.687972e-05
	213	35	26.250000	64.750000	9.597939e+04	1.539121e-04
	22	45	-21.500000	62.250000	9.911703e+04	1.229896e-04
	98	95	-2.500000	49.750000	1.001006e+05	1.324466e-04
	79	98	-7.250000	49.000000	1.000970e+05	2.310901e-04
2022	2	18	6	12
	6	7	-25.500000	71.750000	1.004222e+05	-3.053773e-05
	213	33	26.250000	65.250000	9.607025e+04	1.684299e-04
	21	44	-21.750000	62.500000	9.906167e+04	1.256354e-04
	287	141	44.750000	38.250000	1.011099e+05	1.628246e-05
	268	159	40.000000	33.750000	1.010151e+05	3.722233e-06
	259	162	37.750000	33.000000	1.010151e+05	3.210290e-06
2022	2	18	4	15
	6	7	-25.500000	71.750000	1.004096e+05	-2.356731e-05
	213	32	26.250000	65.500000	9.615367e+04	1.694331e-04
	143	88	8.750000	51.500000	9.986845e+04	9.824333e-05
	270	159	40.500000	33.750000	1.011376e+05	-6.411901e-06
2022	2	18	6	18
	2	6	-26.500000	72.000000	1.004727e+05	3.500593e-05
	213	30	26.250000	66.000000	9.618702e+04	8.943370e-05
	55	46	-13.250000	62.000000	9.918913e+04	1.508085e-04
	0	51	-27.000000	60.750000	9.789795e+04	9.542020e-05
	151	88	10.750000	51.500000	9.968750e+04	1.015755e-04
	280	119	43.000000	43.750000	1.004099e+05	2.769913e-05
2022	2	18	5	21
	2	6	-26.500000	72.000000	1.004930e+05	3.278519e-05
	220	26	28.000000	67.000000	9.624640e+04	7.153663e-05
	1	47	-26.750000	61.750000	9.763310e+04	1.358190e-04
	165	88	14.250000	51.500000	9.952841e+04	1.124063e-04
	286	122	44.500000	43.000000	1.003646e+05	2.001215e-05
2022	2	19	3	0
	219	26	27.750000	67.000000	9.625912e+04	1.021182e-04
	0	44	-27.000000	62.500000	9.741741e+04	1.167143e-04
	179	87	17.750000	51.750000	9.939428e+04	1.359635e-04
2022	2	19	7	3
	6	7	-25.500000	71.750000	1.002270e+05	-6.433904e-06
	218	25	27.500000	67.250000	9.629230e+04	9.807110e-05
	219	26	27.750000	67.000000	9.629230e+04	1.122827e-04
	2	42	-26.500000	63.000000	9.737570e+04	1.823960e-04
	22	45	-21.500000	62.250000	9.737570e+04	2.479318e-04
	192	86	21.000000	52.000000	9.925457e+04	1.612786e-04
	277	154	42.250000	35.000000	1.013924e+05	7.494995e-05
2022	2	19	7	6
	219	25	27.750000	67.250000	9.636937e+04	1.043006e-04
	0	41	-27.000000	63.250000	9.744766e+04	1.008134e-04
	26	43	-20.500000	62.750000	9.744766e+04	2.203124e-04
	41	51	-16.750000	60.750000	9.753123e+04	3.199581e-04
	207	86	24.750000	52.000000	9.926000e+04	1.899382e-04
	137	117	7.250000	44.250000	1.011448e+05	1.258864e-04
	277	138	42.250000	39.000000	1.014408e+05	-4.979630e-07
2022	2	19	5	9
	221	25	28.250000	67.250000	9.652334e+04	1.088984e-04
	20	41	-22.000000	63.250000	9.760550e+04	2.170703e-04
	51	52	-14.250000	60.500000	9.772707e+04	2.879382e-04
	219	85	27.750000	52.250000	9.928326e+04	2.034948e-04
	137	117	7.250000	44.250000	1.012649e+05	9.395053e-05
2022	2	19	10	12
	6	7	-25.500000	71.750000	1.001241e+05	8.168255e-06
	223	25	28.750000	67.250000	9.670523e+04	9.586801e-05
	16	38	-23.000000	64.000000	9.760380e+04	2.295546e-04
	46	49	-15.500000	61.250000	9.793950e+04	2.373788e-04
	72	55	-9.000000	59.750000	9.788741e+04	2.885144e-04
	231	84	30.750000	52.500000	9.924558e+04	2.308708e-04
	157	107	12.250000	46.750000	1.011886e+05	1.850982e-07
	137	117	7.250000	44.250000	1.013711e+05	1.004645e-04
	287	141	44.750000	38.250000	1.008768e+05	1.233653e-06
	276	148	42.000000	36.500000	1.008768e+05	9.617794e-05
2022	2	19	10	15
	6	7	-25.500000	71.750000	1.000280e+05	-1.363464e-05
	227	25	29.750000	67.250000	9.687486e+04	8.207193e-05
	0	54	-27.000000	60.000000	9.706652e+04	-3.866310e-05
	75	54	-8.250000	60.000000	9.801920e+04	2.794701e-04
	0	64	-27.000000	57.500000	9.706652e+04	1.039892e-04
	244	82	34.000000	53.000000	9.932652e+04	2.534207e-04
	152	108	11.000000	46.500000	1.014262e+05	8.056471e-06
	137	117	7.250000	44.250000	1.013094e+05	9.396380e-05
	287	141	44.750000	38.250000	1.011702e+05	-3.127272e-05
	285	153	44.250000	35.250000	1.012105e+05	4.109450e-05
2022	2	19	7	18
	233	24	31.250000	67.500000	9.700635e+04	8.721519e-05
	79	27	-7.250000	66.750000	9.900492e+04	1.247557e-04
	76	53	-8.000000	60.250000	9.819877e+04	2.233191e-04
	0	59	-27.000000	58.750000	9.611460e+04	1.320036e-04
	114	60	1.500000	58.500000	9.851369e+04	2.260420e-04
	255	80	36.750000	53.500000	9.922480e+04	2.535285e-04
	135	119	6.750000	43.750000	1.015037e+05	1.157528e-04
2022	2	19	4	21
	255	16	36.750000	69.500000	9.711334e+04	7.947486e-05
	0	56	-27.000000	59.500000	9.546087e+04	1.602774e-04
	119	60	2.750000	58.500000	9.862905e+04	2.256973e-04
	267	79	39.750000	53.750000	9.893049e+04	2.652293e-04
2022	2	20	9	0
	6	7	-25.500000	71.750000	9.956438e+04	-9.090087e-07
	260	13	38.000000	70.250000	9.720374e+04	7.953365e-05
	4	55	-26.000000	59.750000	9.513384e+04	4.313936e-04
	124	61	4.000000	58.250000	9.885079e+04	1.763069e-04
	143	64	8.750000	57.500000	9.885079e+04	1.919230e-04
	276	77	42.000000	54.250000	9.880350e+04	2.794379e-04
	150	126	10.500000	42.000000	1.017555e+05	2.505326e-05
	155	134	11.750000	40.000000	1.017555e+05	2.336727e-05
	251	157	35.750000	34.250000	1.021088e+05	-3.492980e-05
