2022	2	10	6	0
	7	6	-25.250000	72.000000	1.001437e+05	5.699104e-06
	160	10	13.000000	71.000000	9.661549e+04	6.606297e-05
	148	22	10.000000	68.000000	9.659337e+04	4.379835e-04
	59	56	-12.250000	59.500000	9.852322e+04	4.825300e-04
	152	106	11.000000	47.000000	1.022325e+05	-4.183026e-05
	139	110	7.750000	46.000000	1.022325e+05	-7.170693e-05
2022	2	10	4	6
	177	5	17.250000	72.250000	9.723967e+04	1.362779e-04
	164	22	14.000000	68.000000	9.678871e+04	3.668593e-04
	78	59	-7.500000	58.750000	9.898472e+04	5.323096e-04
	158	106	12.500000	47.000000	1.021985e+05	-3.241537e-05
2022	2	10	10	12
	215	0	26.750000	73.500000	9.744218e+04	-2.137434e-05
	182	4	18.500000	72.500000	9.744218e+04	1.255323e-04
	183	4	18.750000	72.500000	9.744218e+04	1.262930e-04
	188	28	20.000000	66.500000	9.764343e+04	1.341497e-04
	94	62	-3.500000	58.000000	9.981878e+04	3.861977e-04
	137	117	7.250000	44.250000	1.022824e+05	1.233100e-04
	284	139	44.000000	38.750000	1.009592e+05	2.561191e-05
	271	147	40.750000	36.750000	1.010435e+05	4.902828e-05
	268	159	40.000000	33.750000	1.010969e+05	2.591772e-05
	85	160	-5.750000	33.500000	1.023897e+05	-8.115678e-06
2022	2	10	7	18
	211	0	25.750000	73.500000	9.761519e+04	-2.236814e-05
	212	0	26.000000	73.500000	9.761519e+04	-1.551156e-05
	186	4	19.500000	72.500000	9.761519e+04	1.380181e-04
	43	15	-16.250000	69.750000	9.976420e+04	1.337350e-04
	44	15	-16.000000	69.750000	9.976420e+04	1.311710e-04
	210	29	25.500000	66.250000	9.814433e+04	1.761018e-04
	111	68	0.750000	56.500000	1.004425e+05	3.469453e-04
2022	2	11	5	0
	214	0	26.500000	73.500000	9.785184e+04	-2.621458e-05
	196	6	22.000000	72.000000	9.785184e+04	1.306580e-04
	59	11	-12.250000	70.750000	9.931661e+04	1.795833e-04
	0	69	-27.000000	56.250000	9.957539e+04	1.385036e-04
	125	74	4.250000	55.000000	1.008360e+05	3.285953e-04
2022	2	11	3	6
	211	8	25.750000	71.500000	9.805055e+04	1.487111e-04
	67	10	-10.250000	71.000000	9.913412e+04	1.881680e-04
	137	79	7.250000	53.750000	1.013021e+05	2.328156e-04
2022	2	11	8	12
	226	0	29.500000	73.500000	9.830301e+04	-5.276433e-05
	225	8	29.250000	71.500000	9.830301e+04	1.655513e-04
	93	9	-3.750000	71.250000	9.920682e+04	1.402765e-04
	75	16	-8.250000	69.500000	9.920682e+04	2.846871e-04
	106	19	-0.500000	68.750000	9.920682e+04	1.619683e-04
	3	57	-26.250000	59.250000	9.888483e+04	1.350408e-04
	5	67	-25.750000	56.750000	9.888483e+04	1.264244e-04
	135	119	6.750000	43.750000	1.020194e+05	1.048742e-04
2022	2	11	7	18
	229	0	30.250000	73.500000	9.845979e+04	-1.448545e-05
	232	10	31.000000	71.000000	9.845979e+04	2.821750e-04
	123	16	3.750000	69.500000	9.891517e+04	1.799632e-04
	33	53	-18.750000	60.250000	9.876366e+04	1.436875e-04
	13	55	-23.750000	59.750000	9.876366e+04	1.077443e-04
	24	64	-21.000000	57.500000	9.876366e+04	1.376208e-04
	136	123	7.000000	42.750000	1.021220e+05	7.211381e-05
2022	2	12	5	0
	214	6	26.500000	72.000000	9.853460e+04	1.486408e-04
	238	11	32.500000	70.750000	9.853460e+04	2.330124e-04
	144	14	9.000000	70.000000	9.870149e+04	1.490484e-04
	50	49	-14.500000	61.250000	9.860835e+04	1.741888e-04
	44	58	-16.000000	59.000000	9.860835e+04	1.006454e-04
2022	2	12	6	6
	147	0	9.750000	73.500000	9.879864e+04	1.969444e-04
	247	0	34.750000	73.500000	9.852659e+04	2.886101e-05
	243	11	33.750000	70.750000	9.852659e+04	1.884110e-04
	139	17	7.750000	69.250000	9.871541e+04	3.206774e-04
	42	53	-16.500000	60.250000	9.834873e+04	2.050018e-04
	58	54	-12.500000	60.000000	9.834873e+04	8.755203e-05
2022	2	12	5	12
	163	2	13.750000	73.000000	9.884100e+04	3.312012e-04
	248	10	35.000000	71.000000	9.858538e+04	1.852637e-04
	157	22	12.250000	68.000000	9.913349e+04	2.153335e-04
	76	52	-8.000000	60.500000	9.832872e+04	1.033009e-04
	280	120	43.000000	43.500000	1.016123e+05	-7.927543e-05
2022	2	12	3	18
	174	2	16.500000	73.000000	9.880391e+04	3.101849e-04
	251	7	35.750000	71.750000	9.858665e+04	2.173045e-04
	89	49	-4.750000	61.250000	9.819448e+04	1.093249e-04
2022	2	13	4	0
	179	3	17.750000	72.750000	9.888209e+04	2.655555e-04
	248	5	35.000000	72.250000	9.873058e+04	3.007337e-04
	117	39	2.250000	63.750000	9.808870e+04	2.066381e-04
	98	48	-2.500000	61.500000	9.810429e+04	1.643408e-04
2022	2	13	3	6
	182	3	18.500000	72.750000	9.868105e+04	2.840001e-04
	244	3	34.000000	72.750000	9.877251e+04	2.252019e-04
	127	37	4.750000	64.250000	9.769484e+04	2.488355e-04
2022	2	13	4	12
	245	1	34.250000	73.250000	9.893055e+04	1.911631e-04
	179	3	17.750000	72.750000	9.858559e+04	2.895300e-04
	149	31	10.250000	65.750000	9.752773e+04	2.166646e-04
	161	41	13.250000	63.250000	9.752773e+04	8.465976e-05
2022	2	13	2	18
	155	30	11.750000	66.000000	9.750920e+04	3.017698e-04
	179	34	17.750000	65.000000	9.750920e+04	8.874392e-05
2022	2	14	2	0
	6	14	-25.500000	70.000000	9.974291e+04	6.120471e-05
	164	22	14.000000	68.000000	9.795467e+04	1.890712e-04
2022	2	14	3	6
	162	17	13.500000	69.250000	9.791716e+04	1.048311e-04
	182	22	18.500000	68.000000	9.791716e+04	-2.218548e-05
	150	103	10.500000	47.750000	1.000877e+05	-2.833020e-05
2022	2	14	4	12
	164	18	14.000000	69.000000	9.803222e+04	1.848641e-04
	288	32	45.000000	65.500000	1.000750e+05	2.708753e-05
	0	46	-27.000000	62.000000	9.792896e+04	1.225629e-04
	278	120	42.500000	43.500000	1.017891e+05	2.475483e-05
2022	2	14	8	18
	166	19	14.500000	68.750000	9.825834e+04	1.296763e-04
	208	20	25.000000	68.500000	9.831923e+04	9.765344e-05
	209	20	25.250000	68.500000	9.831923e+04	9.613335e-05
	211	20	25.750000	68.500000	9.831923e+04	9.249093e-05
	0	39	-27.000000	63.750000	9.727781e+04	1.044249e-04
	4	106	-26.000000	47.000000	1.012513e+05	9.449119e-05
	145	117	9.250000	44.250000	1.007458e+05	8.712828e-05
	281	121	43.250000	43.250000	1.019878e+05	2.470366e-06
2022	2	15	7	0
	210	17	25.500000	69.250000	9.855398e+04	7.817902e-05
	184	22	19.000000	68.000000	9.855398e+04	2.318785e-06
	288	27	45.000000	66.750000	9.977790e+04	5.969668e-05
	24	34	-21.000000	65.000000	9.708247e+04	1.248371e-04
	0	35	-27.000000	64.750000	9.708247e+04	9.973456e-05
	156	118	12.000000	44.000000	1.007799e+05	3.960005e-05
	282	122	43.500000	43.000000	1.019914e+05	-2.492066e-05
2022	2	15	6	6
	219	23	27.750000	67.750000	9.864923e+04	8.980401e-05
	288	25	45.000000	67.250000	9.967127e+04	1.063080e-04
	0	31	-27.000000	65.750000	9.700345e+04	1.099551e-04
	34	39	-18.500000	63.750000	9.720259e+04	3.731838e-05
	161	111	13.250000	45.750000	1.007367e+05	8.541024e-05
	281	121	43.250000	43.250000	1.022544e+05	-2.376329e-05
2022	2	15	4	12
	288	20	45.000000	68.500000	9.966200e+04	-7.226598e-05
	226	23	29.500000	67.750000	9.886797e+04	1.150142e-04
	227	23	29.750000	67.750000	9.886797e+04	1.156396e-04
	0	39	-27.000000	63.750000	9.710396e+04	7.682050e-05
2022	2	15	7	18
	229	10	30.250000	71.000000	9.908860e+04	7.219399e-05
	233	23	31.250000	67.750000	9.905468e+04	9.464726e-05
	0	71	-27.000000	55.750000	9.606655e+04	1.846516e-04
	195	104	21.750000	47.500000	1.011759e+05	-1.297838e-05
	187	114	19.750000	45.000000	1.011759e+05	8.820097e-06
	278	120	42.500000	43.500000	1.022165e+05	-3.269746e-05
	173	123	16.250000	42.750000	1.011902e+05	8.264383e-05
2022	2	16	5	0
	227	10	29.750000	71.000000	9.927826e+04	7.040763e-05
	241	23	33.250000	67.750000	9.924707e+04	8.724970e-05
	5	61	-25.750000	58.250000	9.400245e+04	5.455809e-04
	280	121	43.000000	43.250000	1.022472e+05	-2.569783e-05
	178	124	17.500000	42.500000	1.014153e+05	8.201511e-05
2022	2	16	4	6
	251	22	35.750000	68.000000	9.936381e+04	1.327332e-04
	23	55	-21.250000	59.750000	9.327460e+04	2.396982e-04
	215	111	26.750000	45.750000	1.014564e+05	2.236068e-05
	279	121	42.750000	43.250000	1.022443e+05	-4.507046e-06
2022	2	16	3	12
	258	18	37.500000	69.000000	9.952397e+04	8.409034e-05
	34	47	-18.500000	61.750000	9.274820e+04	4.698017e-04
	208	127	25.000000	41.750000	1.014247e+05	3.913598e-05
2022	2	16	2	18
	62	40	-11.500000	63.500000	9.292984e+04	5.076525e-05
	215	125	26.750000	42.250000	1.015261e+05	8.810936e-05
2022	2	17	4	0
	62	33	-11.500000	65.250000	9.310728e+04	2.163897e-04
	11	111	-24.250000	45.750000	9.976104e+04	2.430330e-04
	0	118	-27.000000	44.000000	1.002933e+05	4.723965e-05
	209	132	25.250000	40.500000	1.016610e+05	5.844385e-05
2022	2	17	5	6
	60	29	-12.000000	66.250000	9.331464e+04	3.260197e-04
	31	31	-19.250000	65.750000	9.331464e+04	1.784381e-04
	45	37	-15.750000	64.250000	9.331464e+04	1.769343e-04
	0	38	-27.000000	64.000000	9.487888e+04	1.316443e-04
	43	96	-16.250000	49.500000	9.857970e+04	3.103008e-04
2022	2	17	3	12
	48	30	-15.000000	66.000000	9.363347e+04	2.385172e-04
	190	38	20.500000	64.000000	9.721017e+04	1.451111e-04
	69	82	-9.750000	53.000000	9.747632e+04	3.829058e-04
2022	2	17	4	18
	47	29	-15.250000	66.250000	9.391753e+04	2.292597e-04
	200	33	23.000000	65.250000	9.723209e+04	1.782285e-04
	19	39	-22.250000	63.750000	9.397991e+04	2.493705e-04
	100	66	-2.000000	57.000000	9.629919e+04	3.666927e-04
2022	2	18	4	0
	221	30	28.250000	66.000000	9.747484e+04	8.634684e-05
	288	33	45.000000	65.250000	9.952018e+04	6.367228e-05
	13	43	-23.750000	62.750000	9.423910e+04	2.944194e-04
	118	53	2.500000	60.250000	9.493155e+04	5.242112e-04
2022	2	18	4	6
	40	28	-17.000000	66.500000	9.461484e+04	3.071002e-04
	138	44	7.500000	62.500000	9.546491e+04	3.166851e-05
	14	46	-23.500000	62.000000	9.461547e+04	2.428437e-04
	48	51	-15.000000	60.750000	9.465740e+04	1.891789e-04
2022	2	18	8	12
	288	27	45.000000	66.750000	9.831902e+04	6.995659e-05
	28	31	-20.000000	65.750000	9.524786e+04	2.311783e-04
	149	36	10.250000	64.500000	9.576288e+04	2.168161e-04
	0	42	-27.000000	63.000000	9.605453e+04	8.516068e-05
	60	46	-12.000000	62.000000	9.486939e+04	2.521067e-04
	60	47	-12.000000	61.750000	9.486939e+04	2.471962e-04
	170	66	15.500000	57.000000	9.690019e+04	4.735829e-04
	116	125	2.000000	42.250000	1.020829e+05	-3.462904e-05
2022	2	18	4	18
	162	34	13.500000	65.000000	9.598120e+04	1.153046e-04
	22	40	-21.500000	63.500000	9.577932e+04	2.302271e-04
	74	45	-8.500000	62.250000	9.522510e+04	2.030934e-04
	201	52	23.250000	60.500000	9.580166e+04	5.153025e-04
2022	2	19	6	0
	88	11	-5.000000	70.750000	9.661486e+04	1.521584e-04
	198	38	22.500000	64.000000	9.553509e+04	1.909946e-05
	79	39	-7.250000	63.750000	9.557745e+04	2.193683e-04
	23	41	-21.250000	63.250000	9.604631e+04	2.484918e-04
	225	44	29.250000	62.500000	9.550622e+04	3.532298e-04
	0	45	-27.000000	62.250000	9.666270e+04	2.269019e-06
2022	2	19	9	6
	156	7	12.000000	71.750000	9.646082e+04	2.226778e-04
	64	15	-11.000000	69.750000	9.665173e+04	2.445440e-04
	65	15	-10.750000	69.750000	9.665173e+04	2.447390e-04
	234	36	31.500000	64.500000	9.540317e+04	2.849472e-04
	89	37	-4.750000	64.250000	9.597045e+04	1.876505e-04
	21	42	-21.750000	63.000000	9.608741e+04	2.467716e-04
	0	77	-27.000000	54.250000	9.705234e+04	1.129038e-04
	208	113	25.000000	45.250000	1.018915e+05	2.644999e-06
	138	118	7.500000	44.000000	1.022200e+05	1.267232e-04
2022	2	19	7	12
	137	8	7.250000	71.500000	9.659295e+04	2.431940e-04
	52	18	-14.000000	69.000000	9.702599e+04	3.181765e-04
	242	32	33.500000	65.500000	9.558840e+04	2.652814e-04
	110	35	0.500000	64.750000	9.647830e+04	1.991374e-04
	24	43	-21.000000	62.750000	9.624777e+04	2.037243e-04
	0	72	-27.000000	55.500000	9.585750e+04	1.410699e-04
	135	119	6.750000	43.750000	1.025783e+05	1.151460e-04
2022	2	19	4	18
	126	10	4.500000	71.000000	9.659716e+04	2.649583e-04
	252	30	36.000000	66.000000	9.570620e+04	2.085812e-04
	132	33	6.000000	65.250000	9.675310e+04	2.120512e-04
	28	60	-20.000000	58.500000	9.516758e+04	2.826336e-04
2022	2	20	6	0
	121	13	3.250000	70.250000	9.663404e+04	3.062586e-04
	261	28	38.250000	66.500000	9.592767e+04	2.060141e-04
	288	28	45.000000	66.500000	9.652783e+04	9.945502e-05
	142	32	8.500000	65.500000	9.708584e+04	1.869698e-04
	0	45	-27.000000	62.250000	9.694423e+04	3.322813e-05
	54	51	-13.500000	60.750000	9.484369e+04	2.493234e-04
