2022	2	16	5	0
	288	11	45.000000	70.750000	9.874196e+04	8.013418e-05
	53	39	-13.750000	63.750000	9.728538e+04	3.536505e-04
	120	53	3.000000	60.250000	9.799298e+04	1.543944e-04
	65	68	-10.750000	56.500000	9.719919e+04	3.381990e-04
	280	121	43.000000	43.250000	1.021221e+05	3.348840e-05
2022	2	16	6	3
	47	37	-15.250000	64.250000	9.738289e+04	3.506068e-04
	123	53	3.750000	60.250000	9.794250e+04	1.732166e-04
	77	67	-7.750000	56.750000	9.736827e+04	2.941524e-04
	90	71	-4.500000	55.750000	9.736827e+04	1.871678e-04
	91	71	-4.250000	55.750000	9.736827e+04	1.995336e-04
	280	121	43.000000	43.250000	1.021009e+05	3.077912e-05
2022	2	16	4	6
	40	33	-17.000000	65.250000	9.768581e+04	2.666719e-04
	122	33	3.500000	65.250000	9.780441e+04	1.991591e-04
	40	64	-17.000000	57.500000	9.752035e+04	1.303114e-04
	100	68	-2.000000	56.500000	9.763941e+04	2.183257e-04
2022	2	16	7	9
	118	34	2.500000	65.000000	9.768628e+04	2.046572e-04
	58	54	-12.500000	60.000000	9.721208e+04	6.831443e-05
	44	63	-16.000000	57.750000	9.721208e+04	1.585165e-04
	111	67	0.750000	56.750000	9.766537e+04	1.950339e-04
	137	116	7.250000	44.500000	1.011098e+05	7.310699e-05
	202	125	23.500000	42.250000	1.016160e+05	-7.825076e-05
	183	130	18.750000	41.000000	1.014661e+05	1.352975e-04
2022	2	16	6	12
	112	34	1.000000	65.000000	9.754489e+04	1.796624e-04
	58	53	-12.500000	60.250000	9.703152e+04	3.791120e-05
	50	62	-14.500000	58.000000	9.689830e+04	1.397662e-04
	66	66	-10.500000	57.000000	9.689830e+04	2.409660e-04
	183	128	18.750000	41.500000	1.011979e+05	1.354494e-04
	184	138	19.000000	39.000000	1.011979e+05	1.588084e-04
2022	2	16	6	15
	106	34	-0.500000	65.000000	9.738210e+04	1.621609e-04
	64	61	-11.000000	58.250000	9.663643e+04	1.614492e-04
	78	64	-7.500000	57.500000	9.663643e+04	2.705629e-04
	136	119	7.000000	43.750000	1.012357e+05	1.348752e-04
	280	121	43.000000	43.250000	1.020435e+05	-3.961132e-06
	185	135	19.250000	39.750000	1.010103e+05	1.617568e-04
2022	2	16	4	18
	87	64	-5.250000	57.500000	9.687267e+04	2.532236e-04
	105	66	-0.750000	57.000000	9.687267e+04	2.260647e-04
	281	121	43.250000	43.250000	1.021886e+05	-2.996528e-05
	186	135	19.500000	39.750000	1.011372e+05	1.283428e-04
2022	2	16	5	21
	288	9	45.000000	71.250000	9.910544e+04	1.108322e-04
	118	65	2.500000	57.250000	9.667701e+04	2.130619e-04
	138	117	7.500000	44.250000	1.010394e+05	5.741349e-05
	278	120	42.500000	43.500000	1.022053e+05	-4.385577e-05
	188	131	20.000000	40.750000	1.012202e+05	6.199969e-05
2022	2	17	4	0
	288	9	45.000000	71.250000	9.902931e+04	1.524199e-04
	124	64	4.000000	57.500000	9.656927e+04	2.464032e-04
	138	117	7.500000	44.250000	1.009459e+05	6.957856e-05
	278	120	42.500000	43.500000	1.020353e+05	-4.332433e-05
2022	2	17	4	3
	286	10	44.500000	71.000000	9.910732e+04	1.714589e-04
	128	65	5.000000	57.250000	9.654914e+04	2.657562e-04
	138	117	7.500000	44.250000	1.007852e+05	6.974332e-05
	279	121	42.750000	43.250000	1.018426e+05	-2.394296e-05
2022	2	17	7	6
	283	10	43.750000	71.000000	9.916269e+04	1.507259e-04
	284	10	44.000000	71.000000	9.916269e+04	1.533556e-04
	125	39	4.250000	63.750000	9.731620e+04	9.472691e-05
	203	56	23.750000	59.500000	9.653530e+04	2.054049e-04
	197	70	22.250000	56.000000	9.652036e+04	2.122789e-04
	0	113	-27.000000	45.250000	1.002451e+05	1.682429e-04
	279	121	42.750000	43.250000	1.017739e+05	-9.294043e-06
2022	2	17	6	9
	123	39	3.750000	63.750000	9.745288e+04	1.094249e-04
	147	45	9.750000	62.250000	9.743511e+04	-1.047242e-05
	205	54	24.250000	60.000000	9.638163e+04	1.624728e-04
	206	66	24.500000	57.000000	9.636905e+04	2.240232e-04
	4	108	-26.000000	46.500000	9.951106e+04	2.214152e-04
	278	120	42.500000	43.500000	1.016565e+05	-2.127564e-05
2022	2	17	5	12
	125	40	4.250000	63.500000	9.760906e+04	1.006021e-04
	208	53	25.000000	60.250000	9.635411e+04	1.262298e-04
	213	61	26.250000	58.250000	9.635411e+04	1.902033e-04
	2	107	-26.500000	46.750000	9.894627e+04	3.520939e-04
	273	119	41.250000	43.750000	1.013582e+05	-4.750544e-05
2022	2	17	4	15
	288	31	45.000000	65.750000	9.912384e+04	9.036163e-05
	211	53	25.750000	60.250000	9.634499e+04	7.387411e-05
	212	53	26.000000	60.250000	9.634499e+04	7.151712e-05
	11	103	-24.250000	47.750000	9.853702e+04	4.435997e-04
2022	2	17	3	18
	218	51	27.500000	60.750000	9.637031e+04	1.233707e-04
	24	95	-21.000000	49.750000	9.827751e+04	3.816493e-04
	151	111	10.750000	45.750000	1.008679e+05	1.209556e-04
2022	2	17	2	21
	221	46	28.250000	62.000000	9.637927e+04	1.109056e-04
	33	90	-18.750000	51.000000	9.798905e+04	3.622402e-04
2022	2	18	3	0
	222	42	28.500000	63.000000	9.638132e+04	1.138999e-04
	47	44	-15.250000	62.500000	9.899959e+04	1.281007e-04
	46	84	-15.500000	52.500000	9.764067e+04	3.612666e-04
2022	2	18	3	3
	223	39	28.750000	63.750000	9.635930e+04	1.121591e-04
	41	43	-16.750000	62.750000	9.857256e+04	1.721962e-04
	57	78	-12.750000	54.000000	9.701045e+04	3.842095e-04
2022	2	18	4	6
	223	37	28.750000	64.250000	9.643228e+04	1.550955e-04
	35	43	-18.250000	62.750000	9.805416e+04	2.764629e-04
	65	74	-10.750000	55.000000	9.662857e+04	4.467117e-04
	137	117	7.250000	44.250000	1.015471e+05	1.007040e-04
2022	2	18	6	9
	142	27	8.500000	66.750000	9.828616e+04	6.670086e-05
	223	36	28.750000	64.500000	9.650589e+04	1.312668e-04
	32	44	-19.000000	62.500000	9.770012e+04	3.682344e-04
	72	72	-9.000000	55.500000	9.629529e+04	4.677833e-04
	140	107	8.000000	46.750000	1.013860e+05	-9.320132e-05
	267	160	39.750000	33.500000	1.009721e+05	3.987500e-05
2022	2	18	6	12
	146	27	9.500000	66.750000	9.830519e+04	2.036100e-05
	227	34	29.750000	65.000000	9.663345e+04	1.063481e-04
	30	45	-19.500000	62.250000	9.763501e+04	3.677851e-04
	92	69	-4.000000	56.250000	9.617009e+04	1.818225e-04
	256	162	37.000000	33.000000	1.006970e+05	-8.093796e-06
	268	162	40.000000	33.000000	1.006970e+05	2.616932e-06
2022	2	18	4	15
	228	33	30.000000	65.250000	9.674511e+04	1.251504e-04
	32	46	-19.000000	62.000000	9.763187e+04	4.051140e-04
	101	64	-1.750000	57.500000	9.576620e+04	2.155748e-04
	237	137	32.250000	39.250000	1.006657e+05	6.484625e-05
2022	2	18	4	18
	240	28	33.000000	66.500000	9.672860e+04	8.443548e-05
	34	46	-18.500000	62.000000	9.769038e+04	3.357309e-04
	108	61	0.000000	58.250000	9.563580e+04	2.484593e-04
	221	148	28.250000	36.500000	1.007201e+05	2.412457e-04
2022	2	18	5	21
	241	26	33.250000	67.000000	9.675848e+04	9.776079e-05
	37	46	-17.750000	62.000000	9.774196e+04	3.314014e-04
	122	61	3.500000	58.250000	9.570721e+04	2.049967e-04
	221	150	28.250000	36.000000	1.006680e+05	2.460938e-04
	264	162	39.000000	33.000000	1.006907e+05	1.038215e-05
2022	2	19	6	0
	244	21	34.000000	68.250000	9.679324e+04	1.543246e-04
	42	46	-16.500000	62.000000	9.785442e+04	2.961598e-04
	146	59	9.500000	58.750000	9.584468e+04	3.019318e-04
	128	62	5.000000	58.000000	9.584468e+04	1.716008e-04
	220	156	28.000000	34.500000	1.006177e+05	2.402659e-04
	266	162	39.500000	33.000000	1.005537e+05	5.751414e-05
2022	2	19	7	3
	239	18	32.750000	69.000000	9.674920e+04	1.506432e-04
	19	43	-22.250000	62.750000	9.795272e+04	9.575631e-05
	45	44	-15.750000	62.500000	9.795272e+04	2.752437e-04
	153	57	11.250000	59.250000	9.604270e+04	2.951105e-04
	135	63	6.750000	57.750000	9.604270e+04	1.975213e-04
	136	115	7.000000	44.750000	1.016109e+05	8.806845e-05
	221	160	28.250000	33.500000	1.005751e+05	2.179844e-04
2022	2	19	8	6
	239	18	32.750000	69.000000	9.674291e+04	1.449393e-04
	46	43	-15.500000	62.750000	9.796656e+04	3.196845e-04
	175	53	16.750000	60.250000	9.628727e+04	1.625560e-04
	156	58	12.000000	59.000000	9.628727e+04	2.264019e-04
	137	117	7.250000	44.250000	1.016303e+05	1.233769e-04
	223	162	28.750000	33.000000	1.008970e+05	1.010809e-04
	272	162	41.000000	33.000000	1.006869e+05	5.323262e-05
	283	162	43.750000	33.000000	1.006869e+05	7.693149e-05
2022	2	19	7	9
	243	16	33.750000	69.500000	9.677421e+04	1.471130e-04
	48	43	-15.000000	62.750000	9.818566e+04	3.217903e-04
	183	51	18.750000	60.750000	9.675219e+04	2.064421e-04
	162	59	13.500000	58.750000	9.671476e+04	1.596825e-04
	137	117	7.250000	44.250000	1.017161e+05	8.740924e-05
	265	162	39.250000	33.000000	1.003701e+05	6.787230e-05
	275	162	41.750000	33.000000	1.003701e+05	1.168317e-04
2022	2	19	5	12
	244	15	34.000000	69.750000	9.686748e+04	1.515760e-04
	47	42	-15.250000	63.000000	9.835489e+04	2.608452e-04
	188	53	20.000000	60.250000	9.703294e+04	1.245494e-04
	262	158	38.500000	34.000000	1.001007e+05	1.777698e-05
	275	162	41.750000	33.000000	1.001007e+05	1.584499e-04
2022	2	19	5	15
	250	16	35.500000	69.500000	9.697946e+04	1.348298e-04
	0	55	-27.000000	59.750000	9.682470e+04	1.041077e-04
	198	56	22.500000	59.500000	9.730016e+04	2.158627e-05
	198	57	22.500000	59.250000	9.730016e+04	2.412437e-05
	275	160	41.750000	33.500000	1.002583e+05	1.850078e-04
2022	2	19	10	18
	254	16	36.500000	69.500000	9.705700e+04	1.087913e-04
	0	52	-27.000000	60.500000	9.566081e+04	1.111957e-04
	208	55	25.000000	59.750000	9.756487e+04	9.752014e-06
	207	56	24.750000	59.500000	9.756487e+04	2.644066e-05
	206	57	24.500000	59.250000	9.756487e+04	4.545336e-05
	207	57	24.750000	59.250000	9.756487e+04	4.151787e-05
	274	142	41.500000	38.000000	1.007176e+05	-1.242551e-05
	89	143	-4.750000	37.750000	1.018160e+05	7.631965e-05
	262	156	38.500000	34.500000	1.004936e+05	-4.070031e-05
	277	159	42.250000	33.750000	1.004620e+05	1.805480e-04
2022	2	19	6	21
	264	16	39.000000	69.500000	9.713454e+04	7.053393e-05
	0	52	-27.000000	60.500000	9.479671e+04	1.635440e-04
	225	55	29.250000	59.750000	9.773048e+04	3.123044e-05
	226	55	29.500000	59.750000	9.773048e+04	4.400657e-05
	268	145	40.000000	37.250000	1.007317e+05	5.666879e-05
	279	156	42.750000	34.500000	1.006180e+05	2.285630e-04
2022	2	20	6	0
	272	8	41.000000	71.500000	9.721208e+04	7.268414e-05
	269	16	40.250000	69.500000	9.721208e+04	5.770411e-05
	7	50	-25.250000	61.000000	9.443040e+04	3.906683e-04
	145	140	9.250000	38.500000	1.019434e+05	8.306609e-05
	265	148	39.250000	36.500000	1.007272e+05	7.466567e-05
	280	154	43.000000	35.000000	1.006878e+05	2.066567e-04
