2022	2	14	8	0
	4	6	-26.000000	72.000000	9.977424e+04	-3.186450e-05
	222	10	28.500000	71.000000	9.841566e+04	1.364607e-04
	193	12	21.250000	70.500000	9.841566e+04	1.218867e-04
	1	17	-26.750000	69.250000	9.977424e+04	9.540700e-06
	219	23	27.750000	67.750000	9.844664e+04	1.172606e-04
	117	61	2.250000	58.250000	9.850998e+04	6.476192e-05
	105	71	-0.750000	55.750000	9.850998e+04	1.034096e-04
	139	107	7.750000	46.750000	1.005225e+05	-1.414845e-04
2022	2	14	5	3
	58	5	-12.500000	72.250000	1.001171e+05	9.652747e-05
	222	8	28.500000	71.500000	9.811778e+04	1.622305e-04
	1	17	-26.750000	69.250000	9.975387e+04	-1.286203e-05
	227	22	29.750000	68.000000	9.824686e+04	9.993800e-05
	107	71	-0.250000	55.750000	9.844938e+04	1.350181e-04
2022	2	14	4	6
	66	3	-10.500000	72.750000	1.000923e+05	1.161262e-04
	218	9	27.500000	71.250000	9.794248e+04	2.569924e-04
	121	59	3.250000	58.750000	9.850912e+04	7.245308e-05
	107	71	-0.250000	55.750000	9.848123e+04	1.720293e-04
2022	2	14	5	9
	73	2	-8.750000	73.000000	1.001498e+05	1.111734e-04
	225	8	29.250000	71.500000	9.799692e+04	1.974107e-04
	0	53	-27.000000	60.250000	9.806077e+04	1.340094e-04
	124	69	4.000000	56.250000	9.850484e+04	1.369063e-04
	108	72	0.000000	55.500000	9.850484e+04	2.047236e-04
2022	2	14	4	12
	229	7	30.250000	71.750000	9.798134e+04	1.817105e-04
	0	48	-27.000000	61.500000	9.761156e+04	1.342964e-04
	129	65	5.250000	57.250000	9.844801e+04	1.916145e-04
	110	74	0.500000	55.000000	9.853463e+04	2.310474e-04
2022	2	14	4	15
	245	15	34.250000	69.750000	9.805684e+04	1.992973e-04
	0	44	-27.000000	62.500000	9.717639e+04	1.356693e-04
	133	62	6.250000	58.000000	9.838347e+04	2.052273e-04
	120	68	3.000000	56.500000	9.838347e+04	1.592701e-04
2022	2	14	7	18
	253	6	36.250000	72.000000	9.799538e+04	1.209566e-04
	288	13	45.000000	70.250000	9.901038e+04	6.976358e-05
	255	14	36.750000	70.000000	9.799538e+04	1.774725e-04
	27	39	-20.250000	63.750000	9.691241e+04	-1.003395e-04
	0	40	-27.000000	63.500000	9.688006e+04	1.506413e-04
	134	61	6.500000	58.250000	9.863444e+04	2.267242e-04
	123	69	3.750000	56.250000	9.863444e+04	2.041908e-04
2022	2	14	5	21
	248	5	35.000000	72.250000	9.797586e+04	1.219680e-04
	262	13	38.500000	70.250000	9.797586e+04	1.922185e-04
	27	39	-20.250000	63.750000	9.723443e+04	1.483268e-05
	135	58	6.750000	59.000000	9.875496e+04	1.715354e-04
	139	121	7.750000	43.250000	1.011174e+05	9.485501e-05
2022	2	15	7	0
	6	7	-25.500000	71.750000	9.968059e+04	5.911839e-05
	240	8	33.000000	71.500000	9.798357e+04	1.794182e-04
	264	12	39.000000	70.500000	9.798357e+04	1.953700e-04
	0	37	-27.000000	64.250000	9.729777e+04	1.253780e-04
	125	53	4.250000	60.250000	9.882087e+04	9.051317e-05
	140	58	8.000000	59.000000	9.882087e+04	1.840087e-04
	145	118	9.250000	44.000000	1.011029e+05	1.424303e-04
2022	2	15	7	3
	266	11	39.500000	70.750000	9.806300e+04	2.154650e-04
	242	12	33.500000	70.500000	9.806300e+04	2.849502e-04
	22	40	-21.500000	63.500000	9.734245e+04	1.816366e-04
	124	52	4.000000	60.500000	9.878766e+04	8.423048e-05
	125	52	4.250000	60.500000	9.878766e+04	7.535095e-05
	144	57	9.000000	59.250000	9.878766e+04	1.991042e-04
	146	118	9.500000	44.000000	1.010397e+05	8.842484e-05
2022	2	15	6	6
	271	12	40.750000	70.500000	9.816161e+04	1.971284e-04
	24	35	-21.000000	64.750000	9.742634e+04	1.249505e-04
	122	49	3.500000	61.250000	9.872671e+04	1.121952e-04
	148	56	10.000000	59.500000	9.876420e+04	2.441269e-04
	0	86	-27.000000	52.000000	9.921770e+04	1.198505e-04
	155	117	11.750000	44.250000	1.010643e+05	8.559079e-05
2022	2	15	7	9
	276	11	42.000000	70.750000	9.831551e+04	2.224369e-04
	35	36	-18.250000	64.500000	9.767919e+04	1.152352e-04
	0	40	-27.000000	63.500000	9.743062e+04	1.245698e-05
	122	48	3.500000	61.500000	9.865412e+04	1.260405e-04
	153	53	11.250000	60.250000	9.879468e+04	2.112661e-04
	2	84	-26.500000	52.500000	9.878389e+04	1.516435e-04
	159	113	12.750000	45.250000	1.011885e+05	1.223536e-04
2022	2	15	5	12
	276	10	42.000000	71.000000	9.851752e+04	2.393400e-04
	0	39	-27.000000	63.750000	9.754720e+04	2.897779e-06
	155	47	11.750000	61.750000	9.868066e+04	1.630406e-04
	13	80	-23.750000	53.500000	9.858548e+04	2.058292e-04
	160	111	13.000000	45.750000	1.011645e+05	1.040644e-04
2022	2	15	6	15
	287	11	44.750000	70.750000	9.862400e+04	1.214538e-04
	0	39	-27.000000	63.750000	9.756500e+04	-6.274961e-07
	24	77	-21.000000	54.250000	9.827031e+04	2.202131e-04
	25	77	-20.750000	54.250000	9.827031e+04	2.203259e-04
	161	111	13.250000	45.750000	1.011823e+05	1.031948e-04
	160	162	13.000000	33.000000	1.015786e+05	7.172807e-05
2022	2	15	5	18
	288	10	45.000000	71.000000	9.868323e+04	1.233449e-04
	116	55	2.000000	59.750000	9.816384e+04	1.483789e-04
	32	75	-19.000000	54.750000	9.809193e+04	2.439459e-04
	170	114	15.500000	45.000000	1.013059e+05	4.886330e-05
	163	162	13.750000	33.000000	1.015873e+05	-2.435560e-05
2022	2	15	4	21
	288	10	45.000000	71.000000	9.879673e+04	9.891980e-05
	121	52	3.250000	60.500000	9.804280e+04	1.064469e-04
	45	73	-15.750000	55.250000	9.801763e+04	2.192634e-04
	165	159	14.250000	33.750000	1.016878e+05	5.904251e-06
2022	2	16	5	0
	288	9	45.000000	71.250000	9.889688e+04	9.383709e-05
	133	37	6.250000	64.250000	9.821074e+04	1.838436e-04
	123	53	3.750000	60.250000	9.808765e+04	1.752815e-04
	55	72	-13.250000	55.500000	9.799743e+04	2.368744e-04
	165	159	14.250000	33.750000	1.016375e+05	5.533309e-05
2022	2	16	7	3
	285	8	44.250000	71.500000	9.892820e+04	1.954287e-04
	144	42	9.000000	63.000000	9.810597e+04	2.266909e-05
	124	52	4.000000	60.500000	9.814398e+04	9.647330e-05
	149	55	10.250000	59.750000	9.814945e+04	1.698699e-04
	67	71	-10.250000	55.750000	9.807498e+04	2.507958e-04
	85	74	-5.750000	55.000000	9.807498e+04	1.790270e-04
	168	157	15.000000	34.250000	1.014904e+05	9.759315e-05
2022	2	16	9	6
	285	8	44.250000	71.500000	9.895799e+04	1.881519e-04
	126	35	4.500000	64.750000	9.803544e+04	2.271169e-04
	145	42	9.250000	63.000000	9.803544e+04	1.689286e-05
	125	50	4.250000	61.000000	9.809484e+04	7.738888e-05
	151	55	10.750000	59.750000	9.813439e+04	1.857443e-04
	5	68	-25.750000	56.500000	9.715277e+04	2.239534e-04
	79	70	-7.250000	56.000000	9.824019e+04	2.372811e-04
	278	121	42.500000	43.250000	1.023194e+05	-8.958691e-06
	171	155	15.750000	34.750000	1.014800e+05	1.025362e-04
2022	2	16	8	9
	283	7	43.750000	71.750000	9.897837e+04	2.311054e-04
	120	35	3.000000	64.750000	9.796320e+04	2.031308e-04
	146	44	9.500000	62.500000	9.801746e+04	1.740647e-05
	155	56	11.750000	59.500000	9.816862e+04	1.679899e-04
	15	64	-23.250000	57.500000	9.681449e+04	2.504124e-04
	137	116	7.250000	44.500000	1.011107e+05	1.053173e-04
	202	125	23.500000	42.250000	1.017561e+05	-6.666368e-05
	174	152	16.500000	35.500000	1.015209e+05	1.203742e-04
2022	2	16	9	12
	281	7	43.250000	71.750000	9.897614e+04	2.352257e-04
	282	7	43.500000	71.750000	9.897614e+04	2.254522e-04
	118	36	2.500000	64.500000	9.793306e+04	1.999312e-04
	177	48	17.250000	61.500000	9.807207e+04	1.115530e-04
	24	58	-21.000000	59.000000	9.655599e+04	2.667931e-04
	40	61	-17.000000	58.250000	9.655599e+04	2.636106e-04
	137	117	7.250000	44.250000	1.011895e+05	1.177080e-04
	167	144	14.750000	37.500000	1.012951e+05	4.015985e-05
	176	150	17.000000	36.000000	1.012951e+05	1.334397e-04
2022	2	16	7	15
	280	7	43.000000	71.750000	9.894430e+04	2.264545e-04
	117	37	2.250000	64.250000	9.781495e+04	1.874323e-04
	180	47	18.000000	61.750000	9.792845e+04	1.326646e-04
	44	56	-16.000000	59.500000	9.637282e+04	2.789810e-04
	137	117	7.250000	44.250000	1.011304e+05	9.638001e-05
	180	146	18.000000	37.000000	1.011191e+05	1.156962e-04
	167	147	14.750000	36.750000	1.011191e+05	8.889023e-06
2022	2	16	8	18
	279	6	42.750000	72.000000	9.890030e+04	2.117046e-04
	117	37	2.250000	64.250000	9.762252e+04	1.602773e-04
	180	47	18.000000	61.750000	9.783223e+04	1.323634e-04
	42	54	-16.500000	60.000000	9.596145e+04	3.291887e-04
	59	59	-12.250000	58.750000	9.596145e+04	1.471015e-04
	136	116	7.000000	44.500000	1.011285e+05	6.865805e-05
	179	145	17.750000	37.250000	1.010659e+05	1.716564e-04
	267	162	39.750000	33.000000	1.017556e+05	4.119271e-06
2022	2	16	9	21
	276	6	42.000000	72.000000	9.891725e+04	2.049593e-04
	116	37	2.000000	64.250000	9.750526e+04	1.667569e-04
	180	47	18.000000	61.750000	9.776102e+04	1.505688e-04
	39	55	-17.250000	59.750000	9.606758e+04	4.834178e-04
	68	59	-10.000000	58.750000	9.648734e+04	1.778282e-04
	100	63	-2.000000	57.750000	9.677050e+04	2.828023e-04
	138	117	7.500000	44.250000	1.009969e+05	8.823891e-05
	281	121	43.250000	43.250000	1.019614e+05	-1.660528e-05
	179	144	17.750000	37.500000	1.010756e+05	1.963049e-04
2022	2	17	7	0
	273	5	41.250000	72.250000	9.893214e+04	2.278803e-04
	180	47	18.000000	61.750000	9.769305e+04	1.459199e-04
	44	57	-16.000000	59.250000	9.655634e+04	3.961628e-04
	111	63	0.750000	57.750000	9.667873e+04	2.849253e-04
	138	117	7.500000	44.250000	1.010828e+05	9.735930e-05
	281	121	43.250000	43.250000	1.019527e+05	-2.143537e-05
	177	146	17.250000	37.000000	1.009926e+05	1.931981e-04
2022	2	17	7	3
	272	5	41.000000	72.250000	9.893488e+04	1.913075e-04
	182	49	18.500000	61.250000	9.750662e+04	9.494217e-05
	54	58	-13.500000	59.000000	9.693279e+04	3.672051e-04
	127	64	4.750000	57.500000	9.659794e+04	2.678189e-04
	145	67	9.250000	56.750000	9.659794e+04	2.866732e-04
	138	117	7.500000	44.250000	1.009736e+05	6.039649e-05
	177	147	17.250000	36.750000	1.007903e+05	1.929752e-04
2022	2	17	7	6
	270	5	40.500000	72.250000	9.894841e+04	1.623509e-04
	271	5	40.750000	72.250000	9.894841e+04	1.674724e-04
	66	59	-10.500000	58.750000	9.717383e+04	3.604152e-04
	132	66	6.000000	57.000000	9.669877e+04	2.806819e-04
	152	66	11.000000	57.000000	9.669877e+04	2.513980e-04
	280	121	43.000000	43.250000	1.017181e+05	-1.515021e-05
	177	148	17.250000	36.500000	1.009226e+05	2.117231e-04
2022	2	17	9	9
	265	5	39.250000	72.250000	9.897238e+04	1.416294e-04
	115	40	1.750000	63.500000	9.759496e+04	1.000649e-04
	145	42	9.250000	63.000000	9.760198e+04	5.131320e-05
	78	59	-7.500000	58.750000	9.742171e+04	3.397260e-04
	156	66	12.000000	57.000000	9.673180e+04	2.686990e-04
	0	71	-27.000000	55.750000	9.952806e+04	9.929365e-05
	184	72	19.000000	55.500000	9.689495e+04	2.380019e-04
	273	119	41.250000	43.750000	1.015177e+05	-4.833437e-05
	176	150	17.000000	36.000000	1.009746e+05	2.297259e-04
2022	2	17	7	12
	120	36	3.000000	64.500000	9.772592e+04	8.185908e-05
	88	58	-5.000000	59.000000	9.767080e+04	2.941127e-04
	5	69	-25.750000	56.250000	9.951043e+04	2.155554e-04
	193	71	21.250000	55.750000	9.674893e+04	2.856051e-04
	16	103	-23.000000	47.750000	1.006434e+05	1.430561e-04
	33	105	-18.750000	47.250000	1.006434e+05	1.269170e-04
	175	152	16.750000	35.500000	1.008819e+05	2.368690e-04
2022	2	17	7	15
	122	36	3.500000	64.500000	9.786835e+04	7.715994e-05
	7	66	-25.250000	57.000000	9.934574e+04	2.420819e-04
	200	70	23.000000	56.000000	9.686191e+04	2.691802e-04
	25	100	-20.750000	48.500000	1.002520e+05	1.407118e-04
	40	102	-17.000000	48.000000	1.002520e+05	1.525299e-04
	26	109	-20.500000	46.250000	1.002520e+05	1.083878e-04
	174	154	16.500000	35.000000	1.008622e+05	2.265044e-04
2022	2	17	7	18
	234	36	31.500000	64.500000	9.754480e+04	1.180422e-04
	122	37	3.500000	64.250000	9.790738e+04	9.034092e-05
	9	65	-24.750000	57.250000	9.919013e+04	2.714792e-04
	206	69	24.500000	56.250000	9.706512e+04	2.626987e-04
	32	97	-19.000000	49.250000	9.991273e+04	1.618975e-04
	52	97	-14.000000	49.250000	9.993139e+04	2.014567e-04
	172	157	16.000000	34.250000	1.010354e+05	1.855206e-04
2022	2	17	6	21
	233	34	31.250000	65.000000	9.752871e+04	1.312981e-04
	125	35	4.250000	64.750000	9.798357e+04	4.663611e-05
	12	65	-24.000000	57.250000	9.910881e+04	3.076011e-04
	212	69	26.000000	56.250000	9.733698e+04	2.085571e-04
	49	97	-14.750000	49.250000	9.947893e+04	2.049411e-04
	170	161	15.500000	33.250000	1.011992e+05	1.669329e-04
2022	2	18	5	0
	234	34	31.500000	65.000000	9.757356e+04	1.149324e-04
	127	35	4.750000	64.750000	9.808526e+04	6.020675e-05
	18	66	-22.500000	57.000000	9.914100e+04	3.432549e-04
	227	66	29.750000	57.000000	9.755970e+04	1.007281e-04
	58	92	-12.500000	50.500000	9.899480e+04	2.977763e-04
2022	2	18	6	3
	237	32	32.250000	65.500000	9.761277e+04	1.422095e-04
	135	38	6.750000	64.000000	9.814021e+04	1.043481e-04
	235	62	31.750000	58.000000	9.769202e+04	9.381520e-05
	25	68	-20.750000	56.500000	9.919527e+04	3.255850e-04
	84	84	-6.000000	52.500000	9.856152e+04	1.950139e-04
	67	88	-10.250000	51.500000	9.856152e+04	3.214183e-04
2022	2	18	6	6
	146	26	9.500000	67.000000	9.815527e+04	3.562719e-05
	240	31	33.000000	65.750000	9.765077e+04	1.298262e-04
	138	37	7.500000	64.250000	9.815527e+04	1.053616e-04
	139	37	7.750000	64.250000	9.815527e+04	1.041151e-04
	34	71	-18.500000	55.750000	9.914168e+04	2.951897e-04
	81	83	-6.750000	52.750000	9.816623e+04	3.390536e-04
2022	2	18	4	9
	242	30	33.500000	66.000000	9.774698e+04	8.581905e-05
	141	36	8.250000	64.500000	9.821947e+04	1.028261e-04
	46	74	-15.500000	55.000000	9.912285e+04	2.835591e-04
	93	77	-3.750000	54.250000	9.769613e+04	3.949208e-04
2022	2	18	2	12
	143	33	8.750000	65.250000	9.824190e+04	1.369660e-04
	100	76	-2.000000	54.500000	9.716663e+04	5.170748e-04
2022	2	18	5	15
	271	20	40.750000	68.500000	9.781203e+04	5.493011e-05
	251	29	35.750000	66.250000	9.781203e+04	3.257325e-05
	0	64	-27.000000	57.500000	9.939180e+04	1.041425e-04
	117	69	2.250000	56.250000	9.672941e+04	3.334593e-04
	285	122	44.250000	43.000000	1.000856e+05	1.530398e-05
2022	2	18	2	18
	271	18	40.750000	69.000000	9.767234e+04	3.201530e-05
	126	67	4.500000	56.750000	9.631735e+04	3.750258e-04
2022	2	18	3	21
	273	16	41.250000	69.500000	9.753350e+04	6.820310e-05
	274	16	41.500000	69.500000	9.753350e+04	7.516390e-05
	145	63	9.250000	57.750000	9.616824e+04	2.620694e-04
2022	2	19	5	0
	280	12	43.000000	70.500000	9.741059e+04	1.160230e-04
	281	12	43.250000	70.500000	9.741059e+04	1.161618e-04
	146	28	9.500000	66.500000	9.794265e+04	1.638296e-04
	163	65	13.750000	57.250000	9.604961e+04	3.174286e-04
	109	137	0.250000	39.250000	1.018089e+05	4.276364e-05
2022	2	19	7	3
	185	1	19.250000	73.250000	9.842781e+04	1.111006e-04
	280	9	43.000000	71.250000	9.717383e+04	2.188750e-04
	134	20	6.500000	68.500000	9.789591e+04	1.609472e-04
	146	27	9.500000	66.750000	9.789591e+04	1.414318e-04
	0	46	-27.000000	62.000000	9.728681e+04	1.063090e-04
	175	63	16.750000	57.750000	9.595305e+04	3.158837e-04
	138	117	7.500000	44.250000	1.015096e+05	1.366603e-04
2022	2	19	8	6
	177	2	17.250000	73.000000	9.833999e+04	1.717897e-04
	279	10	42.750000	71.000000	9.704149e+04	2.912665e-04
	127	19	4.750000	68.750000	9.791526e+04	1.512577e-04
	146	26	9.500000	67.000000	9.791526e+04	1.720453e-04
	0	43	-27.000000	62.750000	9.692080e+04	1.246464e-04
	182	61	18.500000	58.250000	9.595613e+04	2.442590e-04
	138	118	7.500000	44.000000	1.016536e+05	1.244832e-04
	282	141	43.500000	38.250000	1.012901e+05	9.894373e-06
2022	2	19	9	9
	184	3	19.000000	72.750000	9.835266e+04	1.655582e-04
	286	7	44.500000	71.750000	9.705519e+04	2.916530e-04
	119	19	2.750000	68.750000	9.801335e+04	1.810804e-04
	147	25	9.750000	67.250000	9.801096e+04	1.604405e-04
	0	45	-27.000000	62.250000	9.662961e+04	6.815728e-05
	192	61	21.000000	58.250000	9.623843e+04	2.163979e-04
	138	118	7.500000	44.000000	1.018897e+05	7.317684e-05
	284	140	44.000000	38.500000	1.009548e+05	2.921182e-05
	92	147	-4.000000	36.750000	1.021560e+05	5.181037e-05
2022	2	19	12	12
	185	3	19.250000	72.750000	9.831568e+04	1.978647e-04
	288	7	45.000000	71.750000	9.711784e+04	1.398365e-04
	114	21	1.500000	68.250000	9.811709e+04	2.328144e-04
	146	24	9.500000	67.500000	9.810477e+04	1.559529e-04
	17	41	-22.750000	63.250000	9.661574e+04	1.949724e-04
	0	44	-27.000000	62.500000	9.661574e+04	9.798725e-05
	41	46	-16.750000	62.000000	9.711152e+04	2.308651e-04
	200	61	23.000000	58.250000	9.654658e+04	2.316399e-04
	147	127	9.750000	41.750000	1.020720e+05	3.118419e-05
	287	141	44.750000	38.250000	1.009971e+05	-2.468961e-05
	94	145	-3.500000	37.250000	1.022365e+05	4.141466e-05
	282	149	43.500000	36.250000	1.009971e+05	1.057260e-04
2022	2	19	10	15
	185	5	19.250000	72.250000	9.825850e+04	2.126591e-04
	114	23	1.500000	67.750000	9.818386e+04	1.766170e-04
	145	24	9.250000	67.500000	9.818386e+04	1.523274e-04
	33	42	-18.750000	63.000000	9.694443e+04	1.934314e-04
	0	43	-27.000000	62.750000	9.672975e+04	6.612828e-05
	210	62	25.500000	58.000000	9.700092e+04	2.517727e-04
	211	62	25.750000	58.000000	9.700092e+04	2.499738e-04
	149	127	10.250000	41.750000	1.021983e+05	2.473251e-05
	173	132	16.250000	40.500000	1.021785e+05	-4.776296e-06
	283	149	43.750000	36.250000	1.013270e+05	1.080244e-04
2022	2	19	8	18
	189	5	20.250000	72.250000	9.817564e+04	2.107874e-04
	190	5	20.500000	72.250000	9.817564e+04	2.120300e-04
	115	24	1.750000	67.500000	9.821005e+04	1.629554e-04
	143	24	8.750000	67.500000	9.821005e+04	1.597811e-04
	0	41	-27.000000	63.250000	9.701342e+04	9.832006e-05
	24	42	-21.000000	63.000000	9.680542e+04	2.095443e-04
	224	61	29.000000	58.250000	9.731745e+04	1.740537e-04
	281	151	43.250000	35.750000	1.014997e+05	1.901962e-04
2022	2	19	9	21
	194	5	21.500000	72.250000	9.810648e+04	2.063356e-04
	114	24	1.500000	67.500000	9.814552e+04	1.781034e-04
	141	24	8.250000	67.500000	9.814552e+04	1.822030e-04
	41	42	-16.750000	63.000000	9.653579e+04	2.483088e-04
	42	42	-16.500000	63.000000	9.653579e+04	2.522036e-04
	19	43	-22.250000	62.750000	9.653579e+04	3.235850e-04
	79	49	-7.250000	61.250000	9.648649e+04	2.702640e-04
	234	61	31.500000	58.250000	9.752460e+04	1.174986e-04
	284	155	44.000000	34.750000	1.016736e+05	1.473209e-04
2022	2	20	11	0
	196	6	22.000000	72.000000	9.805752e+04	2.107676e-04
	141	24	8.250000	67.500000	9.806026e+04	2.275453e-04
	33	42	-18.750000	63.000000	9.648187e+04	2.968454e-04
	16	44	-23.000000	62.500000	9.648187e+04	2.881153e-04
	82	47	-6.500000	61.750000	9.613503e+04	3.325234e-04
	288	52	45.000000	60.500000	9.880512e+04	3.092757e-05
	244	61	34.000000	58.250000	9.766840e+04	1.032201e-04
	245	61	34.250000	58.250000	9.766840e+04	1.111974e-04
	284	146	44.000000	37.000000	1.017364e+05	-5.470790e-05
	69	147	-9.750000	36.750000	1.025928e+05	1.388751e-05
	288	159	45.000000	33.750000	1.017065e+05	1.054379e-04
