2022	2	14	5	0
	4	6	-26.000000	72.000000	9.973212e+04	-2.983925e-05
	225	13	29.250000	70.250000	9.828161e+04	1.298700e-04
	1	17	-26.750000	69.250000	9.973212e+04	3.098137e-06
	113	62	1.250000	58.000000	9.842798e+04	8.751516e-05
	105	71	-0.750000	55.750000	9.842798e+04	1.054070e-04
2022	2	14	4	3
	57	5	-12.750000	72.250000	1.001134e+05	1.265596e-04
	225	9	29.250000	71.250000	9.805478e+04	2.098279e-04
	115	62	1.750000	58.000000	9.841857e+04	8.919031e-05
	110	71	0.500000	55.750000	9.841857e+04	6.924343e-05
2022	2	14	3	6
	214	10	26.500000	71.000000	9.785500e+04	3.004474e-04
	120	67	3.000000	56.750000	9.847660e+04	7.056139e-05
	122	121	3.500000	43.250000	1.008702e+05	2.015409e-04
2022	2	14	5	9
	67	2	-10.250000	73.000000	1.001307e+05	9.667014e-05
	223	7	28.750000	71.750000	9.786305e+04	2.272859e-04
	0	52	-27.000000	60.500000	9.801644e+04	8.971420e-05
	125	64	4.250000	57.500000	9.854542e+04	7.795209e-05
	110	73	0.500000	55.250000	9.854593e+04	1.814697e-04
2022	2	14	4	12
	72	1	-9.000000	73.250000	1.001247e+05	5.706409e-05
	220	9	28.000000	71.250000	9.790156e+04	2.460793e-04
	0	49	-27.000000	61.250000	9.759838e+04	1.480630e-04
	131	63	5.750000	57.750000	9.852402e+04	1.512594e-04
2022	2	14	3	15
	239	13	32.750000	70.250000	9.790277e+04	1.935074e-04
	1	45	-26.750000	62.250000	9.719540e+04	1.313277e-04
	131	62	5.750000	58.000000	9.854473e+04	1.644059e-04
2022	2	14	6	18
	239	4	32.750000	72.500000	9.791595e+04	8.681264e-05
	247	12	34.750000	70.500000	9.791595e+04	1.889808e-04
	0	41	-27.000000	63.250000	9.694495e+04	1.217357e-04
	128	53	5.000000	60.250000	9.865019e+04	7.773002e-05
	148	58	10.000000	59.000000	9.865019e+04	2.562844e-04
	133	62	6.250000	58.000000	9.865019e+04	2.304689e-04
2022	2	14	10	21
	250	4	35.500000	72.500000	9.797980e+04	9.952325e-05
	6	7	-25.500000	71.750000	9.971312e+04	2.233215e-05
	254	12	36.500000	70.500000	9.797980e+04	2.070289e-04
	0	38	-27.000000	64.000000	9.692149e+04	1.514950e-04
	27	39	-20.250000	63.750000	9.692149e+04	2.835582e-05
	128	53	5.000000	60.250000	9.874127e+04	4.943684e-05
	153	54	11.250000	60.000000	9.874127e+04	3.045934e-04
	138	62	7.500000	58.000000	9.874127e+04	2.310695e-04
	139	62	7.750000	58.000000	9.874127e+04	2.220794e-04
	139	121	7.750000	43.250000	1.010469e+05	1.355602e-04
2022	2	15	7	0
	244	5	34.000000	72.250000	9.807738e+04	1.114776e-04
	6	7	-25.500000	71.750000	9.967648e+04	5.932066e-05
	262	13	38.500000	70.250000	9.807738e+04	2.088967e-04
	125	51	4.250000	60.750000	9.886487e+04	1.481431e-04
	154	53	11.500000	60.250000	9.880888e+04	2.891042e-04
	146	60	9.500000	58.500000	9.880888e+04	2.189570e-04
	142	122	8.500000	43.000000	1.010101e+05	1.177651e-04
2022	2	15	8	3
	6	7	-25.500000	71.750000	9.962205e+04	6.201063e-05
	241	9	33.250000	71.250000	9.813234e+04	2.040268e-04
	269	12	40.250000	70.500000	9.813234e+04	2.019584e-04
	33	36	-18.750000	64.500000	9.725514e+04	-7.346833e-05
	125	51	4.250000	60.750000	9.885083e+04	1.482733e-04
	156	52	12.000000	60.500000	9.876506e+04	2.895930e-04
	171	103	15.750000	47.750000	1.009419e+05	6.166901e-05
	146	119	9.500000	43.750000	1.009062e+05	1.359304e-04
2022	2	15	7	6
	274	11	41.500000	70.750000	9.818009e+04	1.916990e-04
	247	12	34.750000	70.500000	9.818009e+04	1.536305e-04
	125	50	4.250000	61.000000	9.877499e+04	1.513553e-04
	159	51	12.750000	60.750000	9.867809e+04	2.969703e-04
	0	86	-27.000000	52.000000	9.886161e+04	1.398114e-04
	149	110	10.250000	46.000000	1.009449e+05	1.009283e-05
	147	118	9.750000	44.000000	1.009449e+05	1.403753e-04
2022	2	15	5	9
	277	9	42.250000	71.250000	9.830952e+04	2.002764e-04
	125	49	4.250000	61.250000	9.874452e+04	1.382680e-04
	162	49	13.500000	61.250000	9.865721e+04	3.263788e-04
	6	83	-25.500000	52.750000	9.846291e+04	2.313428e-04
	156	118	12.000000	44.000000	1.010573e+05	8.833654e-05
2022	2	15	6	12
	275	8	41.750000	71.500000	9.838125e+04	2.033806e-04
	36	36	-18.000000	64.500000	9.765368e+04	1.590406e-04
	166	47	14.500000	61.750000	9.858497e+04	2.944162e-04
	18	79	-22.500000	53.750000	9.815391e+04	2.576154e-04
	0	85	-27.000000	52.250000	9.849886e+04	9.346809e-05
	158	112	12.500000	45.500000	1.010534e+05	1.127511e-04
2022	2	15	5	15
	278	9	42.500000	71.250000	9.845452e+04	2.405434e-04
	170	45	15.500000	62.250000	9.856648e+04	2.406534e-04
	28	76	-20.000000	54.500000	9.777642e+04	2.751614e-04
	158	111	12.500000	45.750000	1.010662e+05	9.706309e-05
	157	162	12.250000	33.000000	1.016190e+05	6.272884e-05
2022	2	15	7	18
	283	9	43.750000	71.250000	9.853549e+04	2.530237e-04
	0	40	-27.000000	63.500000	9.718855e+04	3.611746e-05
	179	43	17.750000	62.750000	9.858137e+04	1.802375e-04
	117	56	2.250000	59.500000	9.817120e+04	1.961115e-04
	37	74	-17.750000	55.000000	9.760883e+04	2.796132e-04
	161	111	13.250000	45.750000	1.013430e+05	7.115944e-05
	163	162	13.750000	33.000000	1.016514e+05	-5.814355e-06
2022	2	15	6	21
	288	9	45.000000	71.250000	9.862605e+04	1.193244e-04
	181	42	18.250000	63.000000	9.860311e+04	1.868006e-04
	122	56	3.500000	59.500000	9.809519e+04	1.957335e-04
	47	72	-15.250000	55.500000	9.760968e+04	2.535429e-04
	0	81	-27.000000	53.250000	9.835780e+04	1.163826e-04
	166	159	14.500000	33.750000	1.017519e+05	2.036412e-05
2022	2	16	4	0
	184	41	19.000000	63.250000	9.867450e+04	1.774399e-04
	121	55	3.250000	59.750000	9.808183e+04	1.387363e-04
	56	70	-13.000000	56.000000	9.745184e+04	2.706744e-04
	36	71	-18.000000	55.750000	9.745184e+04	1.821325e-04
2022	2	16	4	3
	186	40	19.500000	63.500000	9.875154e+04	1.208956e-04
	126	55	4.500000	59.750000	9.803852e+04	1.252118e-04
	68	68	-10.000000	56.500000	9.725617e+04	2.707104e-04
	44	70	-16.000000	56.000000	9.730222e+04	2.307852e-04
2022	2	16	2	6
	288	5	45.000000	72.250000	9.873476e+04	1.015031e-04
	79	67	-7.250000	56.750000	9.704458e+04	2.877139e-04
2022	2	16	3	9
	251	15	35.750000	69.750000	9.889688e+04	3.409785e-05
	87	66	-5.250000	57.000000	9.702180e+04	3.440850e-04
	137	117	7.250000	44.250000	1.011898e+05	1.030036e-04
2022	2	16	5	12
	283	4	43.750000	72.500000	9.875633e+04	1.630528e-04
	284	4	44.000000	72.500000	9.875633e+04	1.527695e-04
	100	67	-2.000000	56.750000	9.696771e+04	3.094682e-04
	137	117	7.250000	44.250000	1.011404e+05	1.210535e-04
	179	149	17.750000	36.250000	1.014665e+05	9.785782e-05
2022	2	16	3	15
	278	3	42.500000	72.750000	9.872192e+04	1.795244e-04
	114	66	1.500000	57.000000	9.668405e+04	2.904840e-04
	183	150	18.750000	36.000000	1.013083e+05	1.174700e-04
2022	2	16	3	18
	275	3	41.750000	72.750000	9.867707e+04	1.812612e-04
	130	67	5.500000	56.750000	9.659366e+04	2.523514e-04
	183	146	18.750000	37.000000	1.013172e+05	1.748453e-04
2022	2	16	4	21
	270	3	40.500000	72.750000	9.869812e+04	1.638139e-04
	141	68	8.250000	56.500000	9.660787e+04	2.685550e-04
	278	120	42.500000	43.500000	1.021281e+05	-3.156018e-05
	183	141	18.750000	38.250000	1.012857e+05	1.979730e-04
2022	2	17	5	0
	269	3	40.250000	72.750000	9.873270e+04	1.422737e-04
	157	68	12.250000	56.500000	9.657877e+04	2.497047e-04
	137	117	7.250000	44.250000	1.009346e+05	9.301463e-05
	278	120	42.500000	43.500000	1.020922e+05	-3.156954e-05
	182	140	18.500000	38.500000	1.011852e+05	1.895068e-04
2022	2	17	11	3
	267	3	39.750000	72.750000	9.873202e+04	1.486757e-04
	268	3	40.000000	72.750000	9.873202e+04	1.517787e-04
	269	3	40.250000	72.750000	9.873202e+04	1.533551e-04
	186	66	19.500000	57.000000	9.651850e+04	1.337059e-04
	171	70	15.750000	56.000000	9.651850e+04	1.960950e-04
	1	81	-26.750000	53.250000	9.999953e+04	1.079967e-04
	150	109	10.500000	46.250000	9.968864e+04	2.501273e-05
	2	111	-26.500000	45.750000	1.005742e+05	7.976423e-05
	138	117	7.500000	44.250000	1.006346e+05	9.464042e-05
	280	121	43.000000	43.250000	1.018924e+05	-2.294668e-05
	182	139	18.500000	38.750000	1.010705e+05	1.645208e-04
2022	2	17	6	6
	261	3	38.250000	72.750000	9.874109e+04	1.353589e-04
	190	67	20.500000	56.750000	9.653596e+04	1.075211e-04
	9	78	-24.750000	54.000000	9.990144e+04	1.514119e-04
	11	107	-24.250000	46.750000	1.000997e+05	1.978768e-04
	280	121	43.000000	43.250000	1.017563e+05	-1.002878e-05
	181	139	18.250000	38.750000	1.011849e+05	1.565790e-04
2022	2	17	4	9
	203	70	23.750000	56.000000	9.643085e+04	1.838317e-04
	20	102	-22.000000	48.000000	9.959757e+04	2.716845e-04
	278	120	42.500000	43.500000	1.015986e+05	-1.374021e-05
	181	138	18.250000	39.000000	1.013049e+05	8.636457e-05
2022	2	17	4	12
	217	56	27.250000	59.500000	9.631564e+04	1.557979e-04
	209	68	25.250000	56.500000	9.627490e+04	2.010725e-04
	26	99	-20.500000	48.750000	9.937468e+04	2.431686e-04
	279	120	42.750000	43.500000	1.013915e+05	1.978980e-05
2022	2	17	4	15
	34	41	-18.500000	63.250000	9.929250e+04	1.225248e-04
	217	67	27.250000	56.750000	9.634286e+04	2.459955e-04
	26	71	-20.500000	55.750000	9.960681e+04	2.147667e-04
	40	94	-17.000000	50.000000	9.894670e+04	2.445675e-04
2022	2	17	6	18
	4	41	-26.000000	63.250000	9.929884e+04	7.307393e-05
	36	41	-18.000000	63.250000	9.929712e+04	8.125437e-05
	226	55	29.500000	59.750000	9.640671e+04	1.471435e-04
	226	63	29.500000	57.750000	9.640671e+04	2.668024e-04
	32	69	-19.000000	56.250000	9.924166e+04	2.171606e-04
	42	92	-16.500000	50.500000	9.839768e+04	3.158026e-04
2022	2	17	4	21
	2	38	-26.500000	64.000000	9.919030e+04	7.319505e-05
	227	45	29.750000	62.250000	9.628397e+04	1.219095e-04
	34	66	-18.500000	57.000000	9.891451e+04	2.337530e-04
	48	89	-15.000000	51.250000	9.779509e+04	4.299161e-04
2022	2	18	3	0
	228	42	30.000000	63.000000	9.614222e+04	1.247813e-04
	35	64	-18.250000	57.500000	9.856784e+04	2.981994e-04
	57	86	-12.750000	52.000000	9.726182e+04	5.213869e-04
2022	2	18	6	3
	230	40	30.500000	63.500000	9.603951e+04	1.447321e-04
	230	41	30.500000	63.250000	9.603951e+04	1.475324e-04
	231	41	30.750000	63.250000	9.603951e+04	1.444725e-04
	36	64	-18.000000	57.500000	9.816966e+04	3.294140e-04
	65	84	-10.750000	52.500000	9.659297e+04	6.001592e-04
	147	111	9.750000	45.750000	1.012458e+05	3.223902e-05
2022	2	18	4	6
	237	38	32.250000	64.000000	9.595066e+04	1.212411e-04
	39	64	-17.250000	57.500000	9.786424e+04	3.429594e-04
	79	78	-7.250000	54.000000	9.637521e+04	4.193125e-04
	138	117	7.500000	44.250000	1.012347e+05	8.689275e-05
2022	2	18	3	9
	240	35	33.000000	64.750000	9.596298e+04	1.112402e-04
	41	65	-16.750000	57.250000	9.793375e+04	3.873953e-04
	85	74	-5.750000	55.000000	9.599996e+04	4.272129e-04
2022	2	18	4	12
	244	33	34.000000	65.250000	9.606484e+04	1.467942e-04
	0	44	-27.000000	62.500000	9.857795e+04	1.147330e-04
	45	66	-15.750000	57.000000	9.806420e+04	3.441518e-04
	105	71	-0.750000	55.750000	9.583288e+04	3.263494e-04
2022	2	18	4	15
	288	20	45.000000	68.500000	9.707573e+04	-5.200740e-05
	248	31	35.000000	65.750000	9.616173e+04	1.569266e-04
	50	68	-14.500000	56.500000	9.825748e+04	3.453663e-04
	114	69	1.500000	56.250000	9.565758e+04	2.906076e-04
2022	2	18	9	18
	6	7	-25.500000	71.750000	1.002296e+05	-5.822437e-05
	288	13	45.000000	70.250000	9.685198e+04	8.312250e-05
	262	19	38.500000	68.750000	9.636956e+04	9.604655e-05
	263	19	38.750000	68.750000	9.636956e+04	8.428560e-05
	255	31	36.750000	65.750000	9.635963e+04	1.822459e-04
	0	46	-27.000000	62.000000	9.853823e+04	-7.362734e-07
	0	60	-27.000000	58.500000	9.846992e+04	1.015319e-04
	124	68	4.000000	56.500000	9.574300e+04	2.912278e-04
	56	69	-13.000000	56.250000	9.844818e+04	3.051233e-04
2022	2	18	5	21
	264	17	39.000000	69.250000	9.637384e+04	1.798570e-04
	135	66	6.750000	57.000000	9.598250e+04	3.167826e-04
	64	70	-11.000000	56.000000	9.864402e+04	2.700376e-04
	282	121	43.500000	43.250000	1.010195e+05	2.929440e-06
	110	135	0.500000	39.750000	1.012123e+05	7.657435e-05
2022	2	19	7	0
	288	6	45.000000	72.000000	9.656216e+04	1.003152e-04
	270	13	40.500000	70.250000	9.636631e+04	1.867606e-04
	0	61	-27.000000	58.250000	9.847609e+04	1.494519e-04
	151	64	10.750000	57.500000	9.626753e+04	3.472012e-04
	70	70	-9.500000	56.000000	9.869727e+04	2.558683e-04
	282	121	43.500000	43.250000	1.013386e+05	-9.044852e-07
	114	135	1.500000	39.750000	1.012551e+05	7.116749e-05
2022	2	19	8	3
	275	9	41.750000	71.250000	9.633002e+04	2.257594e-04
	137	30	7.250000	66.000000	9.804091e+04	1.201051e-04
	164	61	14.000000	58.250000	9.652980e+04	2.911343e-04
	7	62	-25.250000	58.000000	9.870583e+04	1.508589e-04
	77	70	-7.750000	56.000000	9.871695e+04	2.547317e-04
	40	72	-17.000000	55.500000	9.876917e+04	2.039873e-04
	137	111	7.250000	45.750000	1.009822e+05	3.207216e-06
	231	154	30.750000	35.000000	1.010289e+05	1.220136e-04
2022	2	19	10	6
	280	7	43.000000	71.750000	9.632266e+04	2.620928e-04
	124	24	4.000000	67.500000	9.805119e+04	1.237737e-04
	139	33	7.750000	65.250000	9.805119e+04	1.453313e-04
	14	61	-23.500000	58.250000	9.873664e+04	1.260003e-04
	178	62	17.500000	58.000000	9.677495e+04	2.488512e-04
	81	69	-6.750000	56.250000	9.872277e+04	2.512633e-04
	62	76	-11.500000	54.500000	9.868511e+04	1.926358e-04
	137	116	7.250000	44.500000	1.010722e+05	1.448084e-04
	277	119	42.250000	43.750000	1.020497e+05	-5.885211e-05
	230	156	30.500000	34.500000	1.011515e+05	1.673456e-04
2022	2	19	11	9
	286	5	44.500000	72.250000	9.638377e+04	2.423137e-04
	190	8	20.500000	71.500000	9.816161e+04	1.299661e-04
	121	24	3.250000	67.500000	9.819345e+04	1.269351e-04
	143	35	8.750000	64.750000	9.820235e+04	1.606093e-04
	192	57	21.000000	59.250000	9.700862e+04	1.581206e-04
	82	69	-6.500000	56.250000	9.874691e+04	1.636416e-04
	68	76	-10.000000	54.500000	9.874691e+04	1.906225e-04
	137	117	7.250000	44.250000	1.012295e+05	1.393026e-04
	279	120	42.750000	43.500000	1.019939e+05	-5.524982e-06
	228	158	30.000000	34.000000	1.012499e+05	1.720495e-04
	261	162	38.250000	33.000000	1.012354e+05	4.263405e-05
2022	2	19	9	12
	288	3	45.000000	72.750000	9.646646e+04	1.993098e-04
	190	8	20.500000	71.500000	9.813952e+04	1.552880e-04
	125	26	4.250000	67.000000	9.820064e+04	1.810545e-04
	207	53	24.750000	60.250000	9.723374e+04	9.796584e-05
	81	69	-6.750000	56.250000	9.899103e+04	1.006444e-04
	72	78	-9.000000	54.000000	9.899103e+04	2.096974e-04
	86	78	-5.500000	54.000000	9.899103e+04	1.786408e-04
	150	116	10.500000	44.500000	1.011318e+05	1.319972e-05
	135	119	6.750000	43.750000	1.011318e+05	1.278269e-04
2022	2	19	9	15
	288	0	45.000000	73.500000	9.664519e+04	7.359977e-05
	193	8	21.250000	71.500000	9.811898e+04	1.674793e-04
	131	28	5.750000	66.500000	9.827596e+04	2.260967e-04
	221	50	28.250000	61.000000	9.744516e+04	1.233206e-04
	0	63	-27.000000	57.750000	9.739758e+04	1.230177e-04
	80	69	-7.000000	56.250000	9.901175e+04	7.569228e-05
	94	78	-3.500000	54.000000	9.899994e+04	2.166475e-04
	151	116	10.750000	44.500000	1.010159e+05	2.708829e-05
	136	120	7.000000	43.500000	1.010159e+05	1.167810e-04
2022	2	19	8	18
	198	8	22.500000	71.500000	9.813884e+04	1.494449e-04
	137	29	7.250000	66.250000	9.836601e+04	2.361571e-04
	232	48	31.000000	61.500000	9.762287e+04	9.772223e-05
	0	59	-27.000000	58.750000	9.662191e+04	1.068958e-04
	96	78	-3.000000	54.000000	9.925296e+04	1.476261e-04
	110	78	0.500000	54.000000	9.925296e+04	1.687527e-04
	152	115	11.000000	44.750000	1.011070e+05	4.060284e-05
	136	120	7.000000	43.500000	1.010946e+05	1.650746e-04
2022	2	19	7	21
	201	8	23.250000	71.500000	9.820423e+04	1.461660e-04
	144	29	9.000000	66.250000	9.838364e+04	2.531802e-04
	247	45	34.750000	62.250000	9.776958e+04	1.054179e-04
	0	55	-27.000000	59.750000	9.610850e+04	1.149427e-04
	116	76	2.000000	54.500000	9.926289e+04	1.678281e-04
	158	113	12.500000	45.250000	1.012847e+05	9.544254e-05
	140	120	8.000000	43.500000	1.012535e+05	1.276062e-04
2022	2	20	5	0
	210	9	25.500000	71.250000	9.829702e+04	1.346707e-04
	148	28	10.000000	66.500000	9.838330e+04	2.296355e-04
	256	43	37.000000	62.750000	9.794180e+04	1.360908e-04
	0	59	-27.000000	58.750000	9.581148e+04	1.037180e-04
	120	74	3.000000	55.000000	9.923088e+04	1.691768e-04
