2022	2	14	5	0
	4	6	-26.000000	72.000000	9.975598e+04	-1.914135e-05
	216	9	27.000000	71.250000	9.838463e+04	1.186869e-04
	1	17	-26.750000	69.250000	9.975598e+04	9.191617e-06
	221	20	28.250000	68.500000	9.838463e+04	1.044907e-04
	105	71	-0.750000	55.750000	9.842317e+04	1.188890e-04
2022	2	14	5	3
	58	4	-12.500000	72.500000	1.001111e+05	1.052372e-04
	210	9	25.500000	71.250000	9.811531e+04	2.148258e-04
	1	17	-26.750000	69.250000	9.975394e+04	-1.349742e-05
	234	20	31.500000	68.500000	9.815433e+04	1.129334e-04
	108	70	0.000000	56.000000	9.836944e+04	1.482971e-04
2022	2	14	3	6
	63	3	-11.250000	72.750000	1.001006e+05	1.038988e-04
	217	8	27.250000	71.500000	9.797368e+04	2.790514e-04
	110	69	0.500000	56.250000	9.840703e+04	1.633161e-04
2022	2	14	4	9
	68	2	-10.000000	73.000000	1.001594e+05	1.033869e-04
	225	8	29.250000	71.500000	9.803588e+04	1.925743e-04
	0	53	-27.000000	60.250000	9.799766e+04	1.249958e-04
	111	70	0.750000	56.000000	9.846030e+04	2.270318e-04
2022	2	14	5	12
	72	1	-9.000000	73.250000	1.001926e+05	5.710468e-05
	226	9	29.500000	71.250000	9.801223e+04	2.290510e-04
	0	49	-27.000000	61.250000	9.757276e+04	1.727572e-04
	127	62	4.750000	58.000000	9.845075e+04	1.362796e-04
	115	71	1.750000	55.750000	9.845075e+04	2.695481e-04
2022	2	14	6	15
	77	0	-7.750000	73.500000	1.002073e+05	3.437883e-05
	6	7	-25.500000	71.750000	9.988977e+04	3.515808e-05
	244	13	34.000000	70.250000	9.800000e+04	2.468492e-04
	0	45	-27.000000	62.250000	9.711952e+04	1.656508e-04
	128	61	5.000000	58.250000	9.836536e+04	2.116269e-04
	115	126	1.750000	42.000000	1.010723e+05	1.005208e-05
2022	2	14	6	18
	252	12	36.000000	70.500000	9.795112e+04	2.102932e-04
	0	41	-27.000000	63.250000	9.676340e+04	1.545296e-04
	126	52	4.500000	60.500000	9.849869e+04	1.249784e-04
	145	58	9.250000	59.000000	9.849869e+04	1.753745e-04
	130	60	5.500000	58.500000	9.849869e+04	2.074993e-04
	136	121	7.000000	43.250000	1.010635e+05	1.328332e-04
2022	2	14	6	21
	256	11	37.000000	70.750000	9.797416e+04	2.005883e-04
	0	37	-27.000000	64.250000	9.709272e+04	1.337172e-04
	27	39	-20.250000	63.750000	9.709272e+04	-1.013568e-05
	149	53	10.250000	60.250000	9.856230e+04	2.345540e-04
	131	58	5.750000	59.000000	9.856230e+04	2.062669e-04
	138	121	7.500000	43.250000	1.010828e+05	9.817546e-05
2022	2	15	6	0
	262	12	38.500000	70.500000	9.806956e+04	2.349272e-04
	0	36	-27.000000	64.500000	9.719221e+04	1.143459e-04
	29	44	-19.750000	62.500000	9.727948e+04	2.169244e-04
	129	51	5.250000	60.750000	9.860805e+04	8.441270e-05
	139	62	7.750000	58.000000	9.861055e+04	2.013094e-04
	145	118	9.250000	44.000000	1.010565e+05	1.191789e-04
2022	2	15	6	3
	243	8	33.750000	71.500000	9.813082e+04	1.691764e-04
	269	12	40.250000	70.500000	9.813082e+04	2.516657e-04
	20	39	-22.000000	63.750000	9.729623e+04	1.919746e-04
	127	50	4.750000	61.000000	9.862669e+04	7.032507e-05
	144	60	9.000000	58.500000	9.861118e+04	2.160403e-04
	146	118	9.500000	44.000000	1.009669e+05	9.621936e-05
2022	2	15	7	6
	274	10	41.500000	71.000000	9.819835e+04	2.304578e-04
	247	13	34.750000	70.250000	9.819835e+04	1.585989e-04
	40	42	-17.000000	63.000000	9.753234e+04	2.144836e-04
	127	47	4.750000	61.750000	9.861588e+04	1.005672e-04
	149	58	10.250000	59.000000	9.863217e+04	1.938471e-04
	0	86	-27.000000	52.000000	9.898327e+04	1.158834e-04
	146	117	9.500000	44.250000	1.010057e+05	1.074456e-04
2022	2	15	7	9
	275	9	41.750000	71.250000	9.834405e+04	2.180434e-04
	35	36	-18.250000	64.500000	9.751918e+04	1.347107e-04
	0	41	-27.000000	63.250000	9.725268e+04	2.440033e-05
	138	41	7.500000	63.250000	9.854600e+04	1.621550e-04
	1	82	-26.750000	53.000000	9.846516e+04	1.416751e-04
	146	117	9.500000	44.250000	1.010770e+05	1.024603e-04
	158	118	12.500000	44.000000	1.010770e+05	6.847359e-05
2022	2	15	6	12
	276	9	42.000000	71.250000	9.847519e+04	2.220725e-04
	36	35	-18.000000	64.750000	9.760895e+04	1.891952e-04
	0	40	-27.000000	63.500000	9.726553e+04	4.277857e-05
	136	40	7.000000	63.500000	9.845576e+04	1.513326e-04
	13	79	-23.750000	53.750000	9.811155e+04	2.427055e-04
	160	111	13.000000	45.750000	1.010618e+05	1.026333e-04
2022	2	15	5	15
	279	10	42.750000	71.000000	9.854695e+04	2.445645e-04
	0	37	-27.000000	64.250000	9.728950e+04	3.558390e-06
	133	39	6.250000	63.750000	9.832338e+04	2.261169e-04
	26	76	-20.500000	54.500000	9.780871e+04	3.119984e-04
	160	111	13.000000	45.750000	1.010798e+05	8.030131e-05
2022	2	15	5	18
	282	10	43.500000	71.000000	9.865176e+04	2.760348e-04
	0	37	-27.000000	64.250000	9.730955e+04	3.580427e-06
	129	38	5.250000	64.000000	9.822890e+04	2.719658e-04
	38	74	-17.500000	55.000000	9.771392e+04	3.016574e-04
	160	113	13.000000	45.250000	1.012566e+05	8.940714e-05
2022	2	15	4	21
	286	10	44.500000	71.000000	9.877725e+04	2.024622e-04
	127	37	4.750000	64.250000	9.821825e+04	2.393664e-04
	50	73	-14.500000	55.250000	9.779351e+04	2.849885e-04
	177	111	17.250000	45.750000	1.013670e+05	1.527681e-04
2022	2	16	6	0
	288	10	45.000000	71.000000	9.888755e+04	8.533190e-05
	123	37	3.750000	64.250000	9.810780e+04	2.116619e-04
	191	42	20.750000	63.000000	9.884086e+04	1.327807e-04
	71	71	-9.250000	55.750000	9.774964e+04	2.588869e-04
	4	75	-26.000000	54.750000	9.793295e+04	1.597237e-04
	1	76	-26.750000	54.500000	9.793295e+04	1.134686e-04
2022	2	16	4	3
	120	37	3.000000	64.250000	9.797525e+04	1.799090e-04
	197	39	22.250000	63.750000	9.879636e+04	1.267028e-04
	13	71	-23.750000	55.750000	9.758201e+04	1.819997e-04
	83	71	-6.250000	55.750000	9.782845e+04	2.084809e-04
2022	2	16	4	6
	118	36	2.500000	64.500000	9.790380e+04	1.921104e-04
	202	37	23.500000	64.250000	9.879636e+04	1.256978e-04
	21	68	-21.750000	56.500000	9.725331e+04	2.834570e-04
	106	72	-0.500000	55.500000	9.787232e+04	1.851740e-04
2022	2	16	5	9
	114	36	1.500000	64.500000	9.786417e+04	1.788514e-04
	205	36	24.250000	64.500000	9.884352e+04	9.807423e-05
	32	65	-19.000000	57.250000	9.693088e+04	3.031099e-04
	122	72	3.500000	55.500000	9.792747e+04	2.227148e-04
	137	116	7.250000	44.500000	1.014779e+05	8.295052e-05
2022	2	16	3	12
	110	35	0.500000	64.750000	9.778020e+04	1.860061e-04
	40	63	-17.000000	57.750000	9.661252e+04	4.081560e-04
	138	72	7.500000	55.500000	9.794156e+04	2.298233e-04
2022	2	16	3	15
	106	35	-0.500000	64.750000	9.763496e+04	1.698977e-04
	52	66	-14.000000	57.000000	9.662365e+04	3.680646e-04
	157	71	12.250000	55.750000	9.789034e+04	2.204955e-04
2022	2	16	5	18
	285	7	44.250000	71.750000	9.891872e+04	1.950851e-04
	92	64	-4.000000	57.500000	9.679645e+04	1.422940e-04
	67	66	-10.250000	57.000000	9.671640e+04	3.002816e-04
	168	70	15.000000	56.000000	9.781748e+04	1.675238e-04
	287	153	44.750000	35.250000	1.015875e+05	9.502197e-06
2022	2	16	4	21
	283	7	43.750000	71.750000	9.889898e+04	1.871172e-04
	81	66	-6.750000	57.000000	9.691756e+04	2.863390e-04
	179	69	17.750000	56.250000	9.775638e+04	1.634330e-04
	137	117	7.250000	44.250000	1.011826e+05	7.641853e-05
2022	2	17	5	0
	277	6	42.250000	72.000000	9.886780e+04	1.783967e-04
	278	6	42.500000	72.000000	9.886780e+04	1.796447e-04
	105	61	-0.750000	58.250000	9.720881e+04	1.738058e-04
	189	67	20.250000	56.750000	9.761020e+04	1.578314e-04
	138	117	7.500000	44.250000	1.009804e+05	7.236673e-05
2022	2	17	5	3
	274	7	41.500000	71.750000	9.883334e+04	1.702117e-04
	119	64	2.750000	57.500000	9.734888e+04	1.683825e-04
	196	64	22.000000	57.500000	9.739384e+04	1.436150e-04
	150	73	10.500000	55.250000	9.746215e+04	2.275222e-04
	281	121	43.250000	43.250000	1.016931e+05	-1.619948e-05
2022	2	17	6	6
	272	7	41.000000	71.750000	9.881688e+04	1.727048e-04
	202	60	23.500000	58.500000	9.725049e+04	1.498285e-04
	129	66	5.250000	57.000000	9.761444e+04	1.175349e-04
	161	74	13.250000	55.000000	9.748315e+04	2.516131e-04
	138	117	7.500000	44.250000	1.007024e+05	8.251094e-05
	281	121	43.250000	43.250000	1.015991e+05	-9.151073e-06
2022	2	17	6	9
	272	8	41.000000	71.500000	9.885605e+04	1.579510e-04
	138	39	7.500000	63.750000	9.806361e+04	3.049854e-05
	210	57	25.500000	59.250000	9.720678e+04	1.344078e-04
	21	64	-21.750000	57.500000	9.936352e+04	2.194614e-04
	200	75	23.000000	54.750000	9.730141e+04	1.986707e-04
	281	121	43.250000	43.250000	1.013452e+05	-8.334509e-06
2022	2	17	3	12
	216	54	27.000000	60.000000	9.714411e+04	1.436756e-04
	26	60	-20.500000	58.500000	9.928095e+04	2.076547e-04
	12	115	-24.000000	44.750000	1.011975e+05	1.461479e-04
2022	2	17	4	15
	220	51	28.000000	60.750000	9.718641e+04	1.707252e-04
	32	57	-19.000000	59.250000	9.916689e+04	2.324979e-04
	23	108	-21.250000	46.500000	1.007071e+05	1.816299e-04
	157	108	12.250000	46.500000	1.003059e+05	9.325789e-06
2022	2	17	5	18
	288	27	45.000000	66.750000	9.843445e+04	1.037417e-04
	224	47	29.000000	61.750000	9.722589e+04	1.698086e-04
	36	55	-18.000000	59.750000	9.907477e+04	2.435736e-04
	34	103	-18.500000	47.750000	1.003035e+05	2.154988e-04
	150	111	10.500000	45.750000	1.008834e+05	1.226794e-04
2022	2	17	3	21
	227	45	29.750000	62.250000	9.721085e+04	1.351019e-04
	38	53	-17.500000	60.250000	9.890070e+04	2.418943e-04
	45	97	-15.750000	49.250000	9.996231e+04	2.896108e-04
2022	2	18	3	0
	228	43	30.000000	62.750000	9.719628e+04	1.296220e-04
	39	52	-17.250000	60.500000	9.876722e+04	2.889356e-04
	54	91	-13.500000	50.750000	9.947616e+04	3.098059e-04
2022	2	18	3	3
	230	42	30.500000	63.000000	9.718720e+04	1.124269e-04
	41	51	-16.750000	60.750000	9.864204e+04	3.198283e-04
	60	88	-12.000000	51.500000	9.889146e+04	3.715939e-04
2022	2	18	6	6
	147	25	9.750000	67.250000	9.865567e+04	7.897588e-05
	147	26	9.750000	67.000000	9.865567e+04	7.233494e-05
	148	26	10.000000	67.000000	9.865567e+04	6.544905e-05
	232	41	31.000000	63.250000	9.718751e+04	1.166327e-04
	44	51	-16.000000	60.750000	9.850966e+04	3.347419e-04
	69	85	-9.750000	52.250000	9.855666e+04	4.466556e-04
2022	2	18	5	9
	152	27	11.000000	66.750000	9.871489e+04	6.012345e-05
	236	39	32.000000	63.750000	9.724172e+04	1.061525e-04
	47	51	-15.250000	60.750000	9.860099e+04	3.175302e-04
	79	84	-7.250000	52.500000	9.840014e+04	4.819100e-04
	136	117	7.000000	44.250000	1.016580e+05	6.902748e-05
2022	2	18	7	12
	152	28	11.000000	66.500000	9.873823e+04	7.702198e-05
	245	35	34.250000	64.750000	9.730532e+04	7.740613e-05
	52	51	-14.000000	60.750000	9.875312e+04	2.683639e-04
	68	64	-10.000000	57.500000	9.911488e+04	2.429437e-04
	89	81	-4.750000	53.250000	9.823548e+04	5.387010e-04
	112	82	1.000000	53.000000	9.846375e+04	2.119131e-04
	260	162	38.000000	33.000000	1.001555e+05	1.015442e-04
2022	2	18	8	15
	154	27	11.500000	66.750000	9.873871e+04	9.368167e-05
	246	33	34.500000	65.250000	9.739009e+04	1.429503e-04
	56	51	-13.000000	60.750000	9.884180e+04	2.789676e-04
	73	62	-8.750000	58.000000	9.889992e+04	2.902370e-04
	123	79	3.750000	53.750000	9.861212e+04	2.426490e-04
	107	82	-0.250000	53.000000	9.861212e+04	3.352307e-04
	119	125	2.750000	42.250000	1.014544e+05	6.353219e-05
	260	162	38.000000	33.000000	1.000897e+05	1.033664e-04
2022	2	18	6	18
	156	26	12.000000	67.000000	9.873823e+04	1.103386e-04
	247	32	34.750000	65.500000	9.743191e+04	1.936819e-04
	61	52	-11.750000	60.500000	9.901617e+04	2.908801e-04
	78	63	-7.500000	57.750000	9.907634e+04	3.421814e-04
	138	76	7.500000	54.500000	9.837116e+04	2.285126e-04
	227	149	29.750000	36.250000	1.004406e+05	1.576710e-04
2022	2	18	8	21
	273	22	41.250000	68.000000	9.745088e+04	1.270060e-04
	157	26	12.250000	67.000000	9.871771e+04	1.161872e-04
	250	30	35.500000	66.000000	9.743051e+04	2.277360e-04
	0	50	-27.000000	61.000000	9.822655e+04	1.036401e-04
	68	53	-10.000000	60.250000	9.923567e+04	2.432873e-04
	89	65	-4.750000	57.250000	9.945376e+04	2.942512e-04
	158	74	12.500000	55.000000	9.811657e+04	2.227259e-04
	261	162	38.250000	33.000000	9.996215e+04	1.073054e-04
2022	2	19	7	0
	275	20	41.750000	68.500000	9.763747e+04	1.599189e-04
	157	21	12.250000	68.250000	9.876299e+04	1.439664e-04
	250	30	35.500000	66.000000	9.751307e+04	2.629317e-04
	0	44	-27.000000	62.500000	9.783801e+04	1.568060e-04
	77	55	-7.750000	59.750000	9.942509e+04	2.259942e-04
	172	72	16.000000	55.500000	9.788156e+04	2.787626e-04
	229	157	30.250000	34.250000	1.003042e+05	1.682097e-04
2022	2	19	11	3
	273	20	41.250000	68.500000	9.765486e+04	1.792257e-04
	157	22	12.250000	68.000000	9.879887e+04	1.643750e-04
	252	30	36.000000	66.000000	9.763088e+04	1.852469e-04
	0	41	-27.000000	63.250000	9.781576e+04	1.018472e-04
	22	47	-21.500000	61.750000	9.781576e+04	2.436044e-04
	86	55	-5.500000	59.750000	9.956609e+04	2.207776e-04
	183	70	18.750000	56.000000	9.764718e+04	2.821225e-04
	137	117	7.250000	44.250000	1.012517e+05	1.142879e-04
	230	160	30.500000	33.500000	1.003053e+05	1.567024e-04
	262	162	38.500000	33.000000	1.001414e+05	2.207202e-05
	276	162	42.000000	33.000000	1.001414e+05	4.717038e-05
2022	2	19	10	6
	271	20	40.750000	68.500000	9.773789e+04	2.392187e-04
	158	23	12.500000	67.750000	9.891622e+04	1.437331e-04
	260	30	38.000000	66.000000	9.773789e+04	1.590069e-04
	27	44	-20.250000	62.500000	9.785336e+04	2.221563e-04
	95	56	-3.250000	59.500000	9.971665e+04	2.055127e-04
	188	71	20.000000	55.750000	9.765251e+04	3.098603e-04
	150	109	10.500000	46.250000	1.011978e+05	2.226912e-05
	137	117	7.250000	44.250000	1.012511e+05	9.896066e-05
	236	162	32.000000	33.000000	1.005180e+05	5.405113e-05
	281	162	43.250000	33.000000	1.002111e+05	1.701998e-04
2022	2	19	9	9
	166	5	14.500000	72.250000	9.906912e+04	1.621033e-04
	271	21	40.750000	68.250000	9.782438e+04	2.842350e-04
	160	24	13.000000	67.500000	9.910986e+04	1.063728e-04
	266	29	39.500000	66.250000	9.782438e+04	1.471088e-04
	195	73	21.750000	55.250000	9.801238e+04	3.141775e-04
	150	109	10.500000	46.250000	1.014380e+05	3.229183e-05
	137	117	7.250000	44.250000	1.013670e+05	8.562065e-05
	270	146	40.500000	37.000000	1.004022e+05	-1.713409e-05
	282	160	43.500000	33.500000	1.001779e+05	1.393172e-04
2022	2	19	8	12
	172	4	16.000000	72.500000	9.908401e+04	1.695475e-04
	274	21	41.500000	68.250000	9.802005e+04	2.535418e-04
	61	45	-11.750000	62.250000	9.846484e+04	2.411144e-04
	214	72	26.500000	55.500000	9.818237e+04	1.207666e-04
	150	110	10.500000	46.000000	1.014223e+05	2.490012e-05
	136	117	7.000000	44.250000	1.013907e+05	8.323257e-05
	287	149	44.750000	36.250000	1.002993e+05	-2.608221e-05
	283	160	43.750000	33.500000	1.002993e+05	1.313669e-04
2022	2	19	7	15
	176	4	17.000000	72.500000	9.911237e+04	1.557679e-04
	6	14	-25.500000	70.000000	9.851326e+04	-5.959022e-05
	278	23	42.500000	67.750000	9.828311e+04	2.267815e-04
	64	43	-11.000000	62.750000	9.846484e+04	2.482172e-04
	224	73	29.000000	55.250000	9.834013e+04	1.005243e-04
	134	118	6.500000	44.000000	1.013911e+05	1.194462e-04
	280	154	43.000000	35.000000	1.005810e+05	1.895961e-04
2022	2	19	7	18
	183	4	18.750000	72.500000	9.914026e+04	1.506997e-04
	6	14	-25.500000	70.000000	9.799750e+04	-6.841877e-05
	283	24	43.750000	67.500000	9.854209e+04	1.922885e-04
	0	45	-27.000000	62.250000	9.546554e+04	7.979215e-05
	231	73	30.750000	55.250000	9.852109e+04	1.146045e-04
	272	142	41.000000	38.000000	1.009686e+05	1.668843e-06
	280	154	43.000000	35.000000	1.009468e+05	1.644660e-04
2022	2	19	5	21
	193	3	21.250000	72.750000	9.918930e+04	1.238073e-04
	0	43	-27.000000	62.750000	9.477806e+04	5.555891e-05
	239	74	32.750000	55.000000	9.864799e+04	8.304287e-05
	271	141	40.750000	38.250000	1.011771e+05	-3.325304e-06
	280	151	43.000000	35.750000	1.011698e+05	1.152512e-04
2022	2	20	7	0
	202	3	23.500000	72.750000	9.920527e+04	1.434941e-04
	32	37	-19.000000	64.250000	9.471900e+04	2.471665e-05
	0	40	-27.000000	63.500000	9.463487e+04	7.180493e-05
	16	44	-23.000000	62.500000	9.463487e+04	2.582117e-04
	17	44	-22.750000	62.500000	9.463487e+04	2.707053e-04
	247	74	34.750000	55.000000	9.876330e+04	8.079031e-05
	278	151	42.500000	35.750000	1.013242e+05	9.298018e-05
