2022	2	16	6	0
	288	11	45.000000	70.750000	9.885870e+04	9.383976e-05
	54	39	-13.500000	63.750000	9.783065e+04	1.113600e-04
	118	53	2.500000	60.250000	9.806743e+04	1.602767e-04
	65	68	-10.750000	56.500000	9.729182e+04	2.941780e-04
	171	120	15.750000	43.500000	1.014665e+05	-7.528274e-07
	280	121	43.000000	43.250000	1.021215e+05	3.109675e-05
2022	2	16	6	3
	189	42	20.250000	63.000000	9.902229e+04	1.049156e-04
	120	50	3.000000	61.000000	9.795408e+04	1.144874e-04
	76	67	-8.000000	56.750000	9.727600e+04	2.826989e-04
	92	71	-4.000000	55.750000	9.727600e+04	2.047436e-04
	280	121	43.000000	43.250000	1.021407e+05	3.804603e-05
	173	122	16.250000	43.000000	1.014319e+05	3.305080e-05
2022	2	16	2	6
	122	48	3.500000	61.500000	9.783685e+04	1.330204e-04
	86	67	-5.500000	56.750000	9.760504e+04	2.811545e-04
2022	2	16	4	9
	124	47	4.000000	61.750000	9.775762e+04	1.393075e-04
	44	61	-16.000000	58.250000	9.762644e+04	8.734432e-05
	111	67	0.750000	56.750000	9.752472e+04	2.125123e-04
	181	135	18.250000	39.750000	1.014561e+05	1.474058e-04
2022	2	16	4	12
	121	67	3.250000	56.750000	9.742749e+04	2.155884e-04
	63	68	-11.250000	56.500000	9.731631e+04	2.173014e-04
	137	116	7.250000	44.500000	1.011286e+05	7.662865e-05
	183	137	18.750000	39.250000	1.012080e+05	1.838471e-04
2022	2	16	5	15
	106	35	-0.500000	64.750000	9.746052e+04	1.694249e-04
	72	66	-9.000000	57.000000	9.704233e+04	2.488102e-04
	131	67	5.750000	56.750000	9.729926e+04	2.338718e-04
	152	69	11.000000	56.250000	9.729926e+04	2.197524e-04
	184	135	19.000000	39.750000	1.010367e+05	1.791267e-04
2022	2	16	4	18
	84	67	-6.000000	56.750000	9.715397e+04	2.746668e-04
	140	67	8.000000	56.750000	9.727600e+04	1.941569e-04
	281	121	43.250000	43.250000	1.021396e+05	-1.282617e-05
	185	133	19.250000	40.250000	1.010247e+05	1.407323e-04
2022	2	16	6	21
	180	65	18.000000	57.250000	9.696650e+04	2.315934e-04
	105	67	-0.750000	56.750000	9.713877e+04	2.032906e-04
	151	67	10.750000	56.750000	9.711660e+04	1.494600e-04
	137	117	7.250000	44.250000	1.011753e+05	5.038843e-05
	281	121	43.250000	43.250000	1.021374e+05	-3.471935e-05
	184	133	19.000000	40.250000	1.011280e+05	1.297342e-04
2022	2	17	3	0
	288	9	45.000000	71.250000	9.904307e+04	1.254264e-04
	189	61	20.250000	58.250000	9.661606e+04	2.716054e-04
	158	67	12.500000	56.750000	9.694293e+04	1.512813e-04
2022	2	17	5	3
	288	11	45.000000	70.750000	9.907702e+04	8.506699e-05
	123	37	3.750000	64.250000	9.722034e+04	9.984053e-05
	124	37	4.000000	64.250000	9.722034e+04	1.014848e-04
	194	58	21.500000	59.000000	9.625167e+04	2.761466e-04
	138	117	7.500000	44.250000	1.008098e+05	7.635425e-05
2022	2	17	6	6
	288	11	45.000000	70.750000	9.914572e+04	1.002884e-04
	121	37	3.250000	64.250000	9.727352e+04	1.141973e-04
	198	56	22.500000	59.500000	9.605428e+04	2.700805e-04
	0	113	-27.000000	45.250000	1.003419e+05	1.845568e-04
	138	117	7.500000	44.250000	1.007121e+05	9.579866e-05
	279	121	42.750000	43.250000	1.016930e+05	-2.012431e-05
2022	2	17	3	9
	202	55	23.500000	59.750000	9.595504e+04	2.510130e-04
	9	106	-24.750000	47.000000	9.983356e+04	2.748258e-04
	278	120	42.500000	43.500000	1.015668e+05	-2.520858e-05
2022	2	17	2	12
	206	54	24.500000	60.000000	9.589131e+04	2.085878e-04
	18	100	-22.500000	48.500000	9.936730e+04	3.020770e-04
2022	2	17	2	15
	210	51	25.500000	60.750000	9.593473e+04	1.710749e-04
	26	94	-20.500000	50.000000	9.866612e+04	4.093117e-04
2022	2	17	3	18
	212	49	26.000000	61.250000	9.589178e+04	1.619612e-04
	33	89	-18.750000	51.250000	9.775219e+04	5.311011e-04
	150	111	10.500000	45.750000	1.008004e+05	1.244087e-04
2022	2	17	2	21
	220	46	28.000000	62.000000	9.589473e+04	1.160479e-04
	40	86	-17.000000	52.000000	9.698527e+04	6.154808e-04
2022	2	18	2	0
	221	43	28.250000	62.750000	9.589953e+04	1.269633e-04
	51	84	-14.250000	52.500000	9.664708e+04	7.153800e-04
2022	2	18	4	3
	6	7	-25.500000	71.750000	1.003139e+05	-1.530416e-05
	220	40	28.000000	63.500000	9.588263e+04	1.296452e-04
	21	41	-21.750000	63.250000	9.891235e+04	9.823513e-05
	64	80	-11.000000	53.500000	9.637773e+04	6.584222e-04
2022	2	18	5	6
	220	39	28.000000	63.750000	9.591178e+04	1.496601e-04
	221	39	28.250000	63.750000	9.591178e+04	1.490430e-04
	76	77	-8.000000	54.250000	9.631944e+04	5.454776e-04
	137	117	7.250000	44.250000	1.014564e+05	1.053196e-04
	144	124	9.000000	42.500000	1.014564e+05	7.502713e-05
2022	2	18	7	9
	143	26	8.750000	67.000000	9.793702e+04	5.566936e-05
	221	38	28.250000	64.000000	9.602342e+04	1.359598e-04
	90	75	-4.500000	54.750000	9.640177e+04	4.011118e-04
	141	107	8.250000	46.750000	1.013108e+05	-9.529991e-05
	137	117	7.250000	44.250000	1.015429e+05	6.390299e-05
	254	158	36.500000	34.000000	1.009596e+05	1.682128e-05
	265	162	39.250000	33.000000	1.009596e+05	-2.319185e-05
2022	2	18	6	12
	141	29	8.250000	66.250000	9.790182e+04	9.049210e-05
	226	36	29.500000	64.500000	9.625477e+04	1.083383e-04
	106	72	-0.500000	55.500000	9.649233e+04	3.642426e-04
	150	117	10.500000	44.250000	1.013350e+05	-4.478029e-05
	161	123	13.250000	42.750000	1.017689e+05	2.302442e-05
	265	162	39.250000	33.000000	1.007382e+05	-1.400351e-05
2022	2	18	5	15
	6	7	-25.500000	71.750000	1.002473e+05	-3.311304e-05
	142	29	8.500000	66.250000	9.776630e+04	6.555756e-05
	228	34	30.000000	65.000000	9.634812e+04	9.699490e-05
	121	70	3.250000	56.000000	9.629137e+04	2.743155e-04
	238	137	32.500000	39.250000	1.005026e+05	7.628898e-05
2022	2	18	6	18
	6	7	-25.500000	71.750000	1.001986e+05	-2.663330e-05
	147	30	9.750000	66.000000	9.762675e+04	9.180548e-05
	231	32	30.750000	65.500000	9.637619e+04	5.985795e-05
	142	69	8.500000	56.250000	9.609026e+04	2.958922e-04
	242	137	33.500000	39.250000	1.007295e+05	9.492906e-05
	231	147	30.750000	36.750000	1.006306e+05	9.462730e-05
2022	2	18	7	21
	6	7	-25.500000	71.750000	1.001338e+05	-1.186504e-05
	149	31	10.250000	65.750000	9.754270e+04	1.062835e-04
	234	31	31.500000	65.750000	9.642363e+04	8.679928e-05
	0	55	-27.000000	59.750000	9.830700e+04	9.207123e-05
	156	66	12.000000	57.000000	9.581921e+04	3.717566e-04
	244	144	34.000000	37.500000	1.005884e+05	-1.535878e-06
	226	149	29.500000	36.250000	1.004642e+05	2.391427e-04
2022	2	19	7	0
	6	7	-25.500000	71.750000	1.000669e+05	7.317707e-06
	236	28	32.000000	66.500000	9.642938e+04	4.403833e-05
	152	32	11.000000	65.500000	9.750192e+04	1.117315e-04
	164	65	14.000000	57.250000	9.592512e+04	3.182645e-04
	137	117	7.250000	44.250000	1.014525e+05	9.157319e-05
	107	139	-0.250000	38.750000	1.016802e+05	6.575231e-05
	227	152	29.750000	35.500000	1.004433e+05	2.175287e-04
2022	2	19	6	3
	6	7	-25.500000	71.750000	1.000959e+05	-5.273678e-07
	239	27	32.750000	66.750000	9.648628e+04	9.115767e-05
	177	66	17.250000	57.000000	9.622330e+04	2.719256e-04
	150	109	10.500000	46.250000	1.013046e+05	1.252339e-05
	137	117	7.250000	44.250000	1.013321e+05	9.515976e-05
	226	156	29.500000	34.500000	1.005206e+05	2.108197e-04
2022	2	19	9	6
	6	7	-25.500000	71.750000	1.001192e+05	1.171775e-05
	241	26	33.250000	67.000000	9.660893e+04	1.340952e-04
	0	48	-27.000000	61.500000	9.786570e+04	1.293811e-04
	27	52	-20.250000	60.500000	9.790462e+04	1.898010e-04
	53	57	-13.750000	59.250000	9.814139e+04	1.841058e-04
	192	64	21.000000	57.500000	9.652132e+04	1.954236e-04
	150	109	10.500000	46.250000	1.014101e+05	3.227015e-05
	137	117	7.250000	44.250000	1.013525e+05	8.718314e-05
	226	161	29.500000	33.250000	1.007928e+05	1.662559e-04
2022	2	19	7	9
	6	7	-25.500000	71.750000	1.001009e+05	7.537100e-07
	244	25	34.000000	67.250000	9.678089e+04	9.006941e-05
	1	47	-26.750000	61.750000	9.787143e+04	1.535396e-04
	31	51	-19.250000	60.750000	9.813007e+04	1.878789e-04
	59	56	-12.250000	59.500000	9.810666e+04	2.492426e-04
	202	63	23.500000	57.750000	9.683981e+04	1.621170e-04
	137	117	7.250000	44.250000	1.015485e+05	8.459080e-05
2022	2	19	7	12
	6	7	-25.500000	71.750000	1.000292e+05	-1.468537e-05
	248	20	35.000000	68.500000	9.694945e+04	7.647586e-05
	31	49	-19.250000	61.250000	9.814077e+04	2.090185e-04
	64	56	-11.000000	59.500000	9.823380e+04	2.680180e-04
	81	57	-6.750000	59.250000	9.823380e+04	1.959737e-04
	213	65	26.250000	57.250000	9.723584e+04	1.385010e-04
	135	119	6.750000	43.750000	1.016180e+05	1.260146e-04
2022	2	19	6	15
	249	16	35.250000	69.500000	9.713397e+04	5.245502e-05
	88	56	-5.000000	59.500000	9.843725e+04	2.074488e-04
	71	57	-9.250000	59.250000	9.843725e+04	1.958060e-04
	0	58	-27.000000	59.000000	9.720297e+04	1.230577e-04
	230	63	30.500000	57.750000	9.760550e+04	8.162720e-05
	135	118	6.750000	44.000000	1.015929e+05	1.215155e-04
2022	2	19	4	18
	257	17	37.250000	69.250000	9.730066e+04	6.113192e-05
	0	54	-27.000000	60.000000	9.631478e+04	1.139141e-04
	94	57	-3.500000	59.250000	9.869899e+04	1.672034e-04
	277	162	42.250000	33.000000	1.009860e+05	9.206711e-05
2022	2	19	4	21
	259	17	37.750000	69.250000	9.737912e+04	3.217508e-05
	0	50	-27.000000	61.000000	9.549420e+04	1.512399e-04
	125	62	4.250000	58.000000	9.889142e+04	1.617394e-04
	280	162	43.000000	33.000000	1.009187e+05	1.248686e-04
2022	2	20	6	0
	6	7	-25.500000	71.750000	9.948654e+04	-2.969937e-05
	262	13	38.500000	70.250000	9.747758e+04	2.619634e-05
	0	47	-27.000000	61.750000	9.487536e+04	1.272028e-04
	132	63	6.000000	57.750000	9.898911e+04	1.568057e-04
	150	140	10.500000	38.500000	1.019069e+05	1.012584e-04
	280	162	43.000000	33.000000	1.008328e+05	8.125468e-05
