2022	2	14	5	0
	215	10	26.750000	71.000000	9.832492e+04	1.265018e-04
	1	17	-26.750000	69.250000	9.979718e+04	1.589639e-05
	221	20	28.250000	68.500000	9.832492e+04	9.858907e-05
	113	62	1.250000	58.000000	9.843004e+04	7.306512e-05
	103	71	-1.250000	55.750000	9.843004e+04	1.561542e-04
2022	2	14	5	3
	58	5	-12.500000	72.250000	1.001007e+05	6.199242e-05
	220	8	28.000000	71.500000	9.804623e+04	1.869371e-04
	221	8	28.250000	71.500000	9.804623e+04	1.887712e-04
	116	61	2.000000	58.250000	9.838690e+04	8.432746e-05
	108	70	0.000000	56.000000	9.838690e+04	1.540648e-04
2022	2	14	4	6
	66	3	-10.500000	72.750000	1.000757e+05	7.488166e-05
	217	8	27.250000	71.500000	9.790054e+04	2.752180e-04
	114	68	1.500000	56.500000	9.843466e+04	9.891264e-05
	123	121	3.750000	43.250000	1.009142e+05	2.073139e-04
2022	2	14	4	9
	226	7	29.500000	71.750000	9.792382e+04	2.048481e-04
	0	52	-27.000000	60.500000	9.808868e+04	1.063778e-04
	124	69	4.000000	56.250000	9.844767e+04	1.245701e-04
	110	71	0.500000	55.750000	9.844767e+04	1.938498e-04
2022	2	14	4	12
	7	6	-25.250000	72.000000	1.000841e+05	3.637529e-05
	225	8	29.250000	71.500000	9.793734e+04	2.008615e-04
	0	48	-27.000000	61.500000	9.765762e+04	1.407774e-04
	131	65	5.750000	57.250000	9.840521e+04	1.700745e-04
2022	2	14	3	15
	242	13	33.500000	70.250000	9.791475e+04	2.143959e-04
	3	45	-26.250000	62.250000	9.728322e+04	1.922184e-04
	135	62	6.750000	58.000000	9.831842e+04	2.185367e-04
2022	2	14	3	18
	249	12	35.250000	70.500000	9.791526e+04	1.876273e-04
	3	41	-26.250000	63.250000	9.705330e+04	2.435386e-04
	139	60	7.750000	58.500000	9.862348e+04	2.001605e-04
2022	2	14	6	21
	254	12	36.500000	70.500000	9.789180e+04	2.032463e-04
	0	37	-27.000000	64.250000	9.705981e+04	1.172011e-04
	16	42	-23.000000	63.000000	9.705981e+04	1.677765e-04
	126	54	4.500000	60.000000	9.875170e+04	8.031418e-05
	145	58	9.250000	59.000000	9.875170e+04	2.118227e-04
	139	121	7.750000	43.250000	1.010784e+05	1.184243e-04
2022	2	15	8	0
	6	7	-25.500000	71.750000	9.974137e+04	6.142078e-05
	261	11	38.250000	70.750000	9.797997e+04	1.904532e-04
	5	38	-25.750000	64.000000	9.726113e+04	2.137827e-04
	28	38	-20.000000	64.000000	9.726113e+04	3.439585e-06
	125	53	4.250000	60.250000	9.880375e+04	1.088343e-04
	151	54	10.750000	60.000000	9.882344e+04	2.944384e-04
	141	61	8.250000	58.250000	9.880375e+04	1.805141e-04
	145	118	9.250000	44.000000	1.010491e+05	1.552045e-04
2022	2	15	8	3
	6	7	-25.500000	71.750000	9.971449e+04	4.897278e-05
	267	11	39.750000	70.750000	9.804982e+04	2.018880e-04
	28	38	-20.000000	64.000000	9.728441e+04	5.038074e-05
	153	51	11.250000	60.750000	9.871884e+04	3.011226e-04
	126	53	4.500000	60.250000	9.871439e+04	9.326316e-05
	146	59	9.500000	58.750000	9.871439e+04	1.800976e-04
	154	117	11.500000	44.250000	1.009130e+05	9.433925e-05
	137	120	7.250000	43.500000	1.009252e+05	8.967277e-05
2022	2	15	7	6
	270	9	40.500000	71.250000	9.811590e+04	2.334746e-04
	24	35	-21.000000	64.750000	9.732242e+04	1.007408e-04
	153	48	11.250000	61.500000	9.870977e+04	2.972870e-04
	126	52	4.500000	60.500000	9.871148e+04	8.038797e-05
	150	58	10.500000	59.000000	9.870977e+04	1.567026e-04
	0	88	-27.000000	51.500000	9.934198e+04	1.336278e-04
	146	117	9.500000	44.250000	1.010121e+05	8.831445e-05
2022	2	15	8	9
	278	10	42.500000	71.000000	9.822974e+04	2.055696e-04
	25	34	-20.750000	65.000000	9.732738e+04	9.763274e-05
	40	41	-17.000000	63.250000	9.770024e+04	2.152651e-04
	157	47	12.250000	61.750000	9.864968e+04	2.080655e-04
	122	49	3.500000	61.250000	9.867570e+04	1.159242e-04
	2	85	-26.500000	52.250000	9.891673e+04	1.472704e-04
	159	113	12.750000	45.250000	1.010460e+05	8.256632e-05
	146	117	9.500000	44.250000	1.010460e+05	7.946946e-05
2022	2	15	6	12
	279	10	42.750000	71.000000	9.834153e+04	2.480430e-04
	34	36	-18.500000	64.500000	9.776273e+04	1.113973e-04
	152	42	11.000000	63.000000	9.856323e+04	1.772512e-04
	87	56	-5.250000	59.500000	9.832544e+04	1.872498e-04
	12	81	-24.000000	53.250000	9.874469e+04	2.039669e-04
	158	112	12.500000	45.500000	1.010370e+05	1.028736e-04
2022	2	15	5	15
	287	11	44.750000	70.750000	9.842576e+04	1.635257e-04
	0	37	-27.000000	64.250000	9.764888e+04	-1.840211e-05
	90	55	-4.500000	59.750000	9.828435e+04	1.865739e-04
	113	60	1.250000	58.500000	9.832424e+04	1.611711e-04
	161	112	13.250000	45.500000	1.009464e+05	1.260230e-04
2022	2	15	7	18
	288	10	45.000000	71.000000	9.849218e+04	1.132717e-04
	0	38	-27.000000	64.000000	9.762869e+04	-1.156409e-05
	116	50	2.000000	61.000000	9.824190e+04	7.374915e-06
	113	51	1.250000	60.750000	9.824190e+04	1.106124e-05
	93	56	-3.750000	59.500000	9.825371e+04	2.094417e-04
	116	59	2.000000	58.750000	9.824190e+04	1.672892e-04
	161	112	13.250000	45.500000	1.011273e+05	8.582266e-05
2022	2	15	2	21
	119	59	2.750000	58.750000	9.822272e+04	1.947685e-04
	0	67	-27.000000	56.750000	9.684736e+04	1.365868e-04
2022	2	16	4	0
	126	47	4.500000	61.750000	9.823625e+04	2.503383e-05
	124	60	4.000000	58.500000	9.823009e+04	1.864086e-04
	144	60	9.000000	58.500000	9.823009e+04	1.168483e-04
	0	63	-27.000000	57.750000	9.584195e+04	1.953943e-04
2022	2	16	3	3
	135	51	6.750000	60.750000	9.831893e+04	-4.739362e-05
	8	58	-25.000000	59.000000	9.547423e+04	3.911026e-04
	132	62	6.000000	58.000000	9.831893e+04	1.691703e-04
2022	2	16	4	6
	129	37	5.250000	64.250000	9.831020e+04	1.759697e-04
	13	55	-23.750000	59.750000	9.544427e+04	4.003685e-04
	146	60	9.500000	58.500000	9.833520e+04	1.574074e-04
	137	116	7.250000	44.500000	1.011260e+05	8.618538e-05
2022	2	16	5	9
	126	36	4.500000	64.500000	9.817308e+04	1.785783e-04
	38	58	-17.500000	59.000000	9.559766e+04	2.574860e-04
	153	62	11.250000	58.000000	9.834307e+04	1.937450e-04
	137	117	7.250000	44.250000	1.012696e+05	1.309849e-04
	138	118	7.500000	44.000000	1.013131e+05	1.564190e-04
2022	2	16	4	12
	288	7	45.000000	71.750000	9.883131e+04	1.305137e-04
	31	52	-19.250000	60.500000	9.572879e+04	2.683898e-04
	52	55	-14.000000	59.750000	9.572879e+04	2.890356e-04
	163	61	13.750000	58.250000	9.836721e+04	1.803149e-04
2022	2	16	2	15
	288	7	45.000000	71.750000	9.881231e+04	1.364785e-04
	65	54	-10.750000	60.000000	9.577005e+04	3.116616e-04
2022	2	16	4	18
	285	7	44.250000	71.750000	9.881984e+04	1.757083e-04
	286	7	44.500000	71.750000	9.881984e+04	1.560145e-04
	73	54	-8.750000	60.000000	9.584417e+04	3.074365e-04
	280	121	43.000000	43.250000	1.018595e+05	-2.505138e-05
2022	2	16	3	21
	288	7	45.000000	71.750000	9.882480e+04	1.158988e-04
	82	54	-6.500000	60.000000	9.594535e+04	2.909295e-04
	280	121	43.000000	43.250000	1.017118e+05	-2.895444e-05
2022	2	17	5	0
	288	7	45.000000	71.750000	9.886555e+04	1.275640e-04
	93	53	-3.750000	60.250000	9.593062e+04	3.090548e-04
	143	62	8.750000	58.000000	9.658886e+04	2.170088e-04
	150	109	10.500000	46.250000	1.001795e+05	9.558654e-06
	281	121	43.250000	43.250000	1.016688e+05	-2.195346e-05
2022	2	17	6	3
	288	8	45.000000	71.500000	9.886366e+04	1.208010e-04
	101	53	-1.750000	60.250000	9.590786e+04	2.812491e-04
	150	61	10.500000	58.250000	9.653784e+04	2.440342e-04
	150	109	10.500000	46.250000	1.001022e+05	2.995934e-05
	138	117	7.500000	44.250000	1.007225e+05	1.043502e-04
	280	121	43.000000	43.250000	1.015824e+05	-8.243203e-06
2022	2	17	5	6
	108	54	0.000000	60.000000	9.598181e+04	2.504011e-04
	157	62	12.250000	58.000000	9.653767e+04	2.436879e-04
	177	66	17.250000	57.000000	9.653767e+04	2.445815e-04
	0	101	-27.000000	48.250000	9.943579e+04	8.446550e-05
	137	113	7.250000	45.250000	1.006932e+05	5.536732e-06
2022	2	17	5	9
	116	56	2.000000	59.500000	9.633927e+04	2.139056e-04
	164	63	14.000000	57.750000	9.644712e+04	2.206355e-04
	184	64	19.000000	57.500000	9.644712e+04	2.293791e-04
	7	97	-25.250000	49.250000	9.909580e+04	4.111712e-04
	278	119	42.500000	43.750000	1.012614e+05	-8.166302e-07
2022	2	17	3	12
	124	59	4.000000	58.750000	9.689033e+04	2.163753e-04
	187	63	19.750000	57.750000	9.623723e+04	2.356372e-04
	15	93	-23.250000	50.250000	9.869538e+04	4.665794e-04
2022	2	17	4	15
	8	7	-25.000000	71.750000	1.005117e+05	-2.741244e-05
	140	38	8.000000	64.000000	9.732156e+04	1.003632e-04
	189	64	20.250000	57.500000	9.628448e+04	2.935580e-04
	25	90	-20.750000	51.000000	9.841274e+04	4.797554e-04
2022	2	17	6	18
	6	7	-25.500000	71.750000	1.004595e+05	-2.791018e-05
	7	38	-25.250000	64.000000	9.915230e+04	1.253336e-04
	140	38	8.000000	64.000000	9.750543e+04	1.388832e-04
	194	65	21.500000	57.250000	9.649094e+04	3.090361e-04
	37	83	-17.750000	52.750000	9.809056e+04	4.895058e-04
	154	111	11.500000	45.750000	1.007033e+05	1.091537e-04
2022	2	17	6	21
	1	37	-26.750000	64.250000	9.903862e+04	7.180314e-05
	143	37	8.750000	64.250000	9.765128e+04	1.531508e-04
	213	55	26.250000	59.750000	9.682477e+04	1.841503e-04
	202	67	23.500000	56.750000	9.681449e+04	2.604117e-04
	50	77	-14.500000	54.250000	9.776649e+04	4.251687e-04
	173	126	16.250000	42.000000	1.007874e+05	-8.926814e-06
2022	2	18	5	0
	144	36	9.000000	64.500000	9.776495e+04	1.579531e-04
	217	53	27.250000	60.250000	9.710826e+04	1.845843e-04
	58	74	-12.500000	55.000000	9.747820e+04	4.608646e-04
	56	75	-13.000000	54.750000	9.747820e+04	4.655074e-04
	176	137	17.000000	39.250000	1.009002e+05	-5.723412e-05
2022	2	18	3	3
	146	36	9.500000	64.500000	9.775777e+04	1.523638e-04
	225	45	29.250000	62.250000	9.724162e+04	1.656899e-04
	69	72	-9.750000	55.500000	9.739570e+04	5.064593e-04
2022	2	18	5	6
	6	7	-25.500000	71.750000	1.003820e+05	-5.919079e-05
	147	36	9.750000	64.500000	9.770777e+04	1.437054e-04
	228	41	30.000000	63.250000	9.730273e+04	2.011669e-04
	81	71	-6.750000	55.750000	9.745869e+04	4.979089e-04
	139	117	7.750000	44.250000	1.014944e+05	8.519951e-05
2022	2	18	6	9
	6	7	-25.500000	71.750000	1.003883e+05	-3.759192e-05
	148	35	10.000000	64.750000	9.769613e+04	1.335799e-04
	231	37	30.750000	64.250000	9.731900e+04	1.900830e-04
	112	67	1.000000	56.750000	9.777420e+04	2.646661e-04
	92	71	-4.000000	55.750000	9.777420e+04	3.620622e-04
	216	144	27.000000	37.500000	1.006174e+05	2.071865e-04
2022	2	18	5	12
	133	29	6.250000	66.250000	9.767730e+04	4.324013e-05
	150	35	10.500000	64.750000	9.767730e+04	1.507653e-04
	233	35	31.250000	64.750000	9.730736e+04	1.712108e-04
	126	67	4.500000	56.750000	9.781545e+04	2.478098e-04
	219	148	27.750000	36.500000	1.003840e+05	2.172676e-04
2022	2	18	7	15
	6	7	-25.500000	71.750000	1.003145e+05	-3.157304e-05
	234	32	31.500000	65.500000	9.721902e+04	1.606552e-04
	153	35	11.250000	64.750000	9.763468e+04	1.560732e-04
	17	38	-22.750000	64.000000	9.925895e+04	1.035512e-04
	142	67	8.500000	56.750000	9.783291e+04	2.339805e-04
	143	67	8.750000	56.750000	9.783291e+04	2.378342e-04
	223	152	28.750000	35.500000	1.001771e+05	2.255407e-04
2022	2	18	5	18
	235	29	31.750000	66.250000	9.708258e+04	1.531043e-04
	154	35	11.500000	64.750000	9.771616e+04	1.555022e-04
	155	35	11.750000	64.750000	9.771616e+04	1.547783e-04
	0	56	-27.000000	59.500000	9.873545e+04	1.177104e-04
	225	154	29.250000	35.000000	1.001553e+05	2.517019e-04
2022	2	18	7	21
	237	28	32.250000	66.500000	9.697507e+04	1.653986e-04
	0	52	-27.000000	60.500000	9.832561e+04	1.134908e-04
	190	67	20.500000	56.750000	9.784251e+04	2.145505e-04
	45	132	-15.750000	40.500000	1.012306e+05	1.328686e-04
	225	149	29.250000	36.250000	1.000975e+05	5.763957e-05
	243	155	33.750000	34.750000	1.001928e+05	1.841657e-05
	226	157	29.500000	34.250000	1.000975e+05	2.478696e-04
2022	2	19	5	0
	236	26	32.000000	67.000000	9.689290e+04	1.949549e-04
	7	50	-25.250000	61.000000	9.818352e+04	2.204505e-04
	204	66	24.000000	57.000000	9.785038e+04	1.793127e-04
	46	137	-15.500000	39.250000	1.012929e+05	1.060318e-04
	227	161	29.750000	33.250000	1.000995e+05	1.605315e-04
2022	2	19	4	3
	237	25	32.250000	67.250000	9.693005e+04	1.625211e-04
	19	49	-22.250000	61.250000	9.811077e+04	2.710571e-04
	47	136	-15.250000	39.500000	1.012689e+05	1.441441e-04
	229	162	30.250000	33.000000	1.002496e+05	7.706676e-05
2022	2	19	9	6
	213	20	26.250000	68.500000	9.697593e+04	1.551850e-04
	236	20	32.000000	68.500000	9.697593e+04	5.771552e-05
	22	49	-21.500000	61.250000	9.810991e+04	2.908950e-04
	39	49	-17.250000	61.250000	9.810991e+04	1.906727e-04
	106	134	-0.500000	40.000000	1.013670e+05	3.154812e-05
	48	136	-15.000000	39.500000	1.013001e+05	1.507392e-04
	116	138	2.000000	39.000000	1.013670e+05	-2.635832e-05
	49	149	-14.750000	36.250000	1.013360e+05	3.218460e-05
	229	162	30.250000	33.000000	1.007204e+05	7.195459e-05
2022	2	19	10	9
	246	15	34.500000	69.750000	9.700674e+04	3.796520e-05
	93	22	-3.750000	68.000000	9.808680e+04	2.448600e-04
	94	22	-3.500000	68.000000	9.808680e+04	2.341426e-04
	26	50	-20.500000	61.000000	9.830627e+04	2.510749e-04
	58	50	-12.500000	61.000000	9.842524e+04	1.904601e-04
	45	137	-15.750000	39.250000	1.015077e+05	1.643413e-04
	123	137	3.750000	39.250000	1.015589e+05	-2.124218e-05
	50	148	-14.500000	36.500000	1.015077e+05	1.891652e-05
	40	152	-17.000000	35.500000	1.015745e+05	5.542855e-05
	231	162	30.750000	33.000000	1.011631e+05	7.886897e-05
2022	2	19	8	12
	246	15	34.500000	69.750000	9.698346e+04	4.398376e-05
	87	26	-5.250000	67.000000	9.805666e+04	2.733106e-04
	77	50	-7.750000	61.000000	9.833982e+04	2.149435e-04
	27	51	-20.250000	60.750000	9.852727e+04	1.864576e-04
	189	97	20.250000	49.250000	1.007132e+05	-2.164656e-05
	41	139	-16.750000	38.750000	1.016762e+05	1.913025e-04
	51	147	-14.250000	36.750000	1.016762e+05	2.687059e-05
	41	152	-16.750000	35.500000	1.016801e+05	5.496699e-05
2022	2	19	7	15
	247	15	34.750000	69.750000	9.698740e+04	5.883568e-05
	89	27	-4.750000	66.750000	9.799366e+04	2.620279e-04
	89	49	-4.750000	61.250000	9.822854e+04	2.176043e-04
	26	51	-20.500000	60.750000	9.819054e+04	1.224951e-04
	189	98	20.250000	49.000000	1.008307e+05	1.418313e-05
	36	143	-18.000000	37.750000	1.016130e+05	2.355493e-04
	41	152	-16.750000	35.500000	1.016130e+05	5.285138e-05
2022	2	19	5	18
	249	15	35.250000	69.750000	9.698295e+04	7.486562e-05
	91	29	-4.250000	66.250000	9.797997e+04	2.748289e-04
	99	48	-2.250000	61.500000	9.821793e+04	1.791767e-04
	33	145	-18.750000	37.250000	1.016430e+05	2.086759e-04
	37	156	-17.750000	34.500000	1.016430e+05	9.786700e-05
2022	2	19	5	21
	255	16	36.750000	69.500000	9.703328e+04	1.261363e-04
	92	30	-4.000000	66.000000	9.797330e+04	2.315952e-04
	107	48	-0.250000	61.500000	9.827494e+04	1.616982e-04
	30	149	-19.500000	36.250000	1.017585e+05	1.873477e-04
	37	155	-17.750000	34.750000	1.017585e+05	1.001758e-04
2022	2	20	7	0
	263	2	38.750000	73.000000	9.704714e+04	4.094272e-05
	265	14	39.250000	70.000000	9.704320e+04	1.739571e-04
	266	14	39.500000	70.000000	9.704320e+04	1.808941e-04
	95	31	-3.250000	65.750000	9.802756e+04	2.257771e-04
	0	45	-27.000000	62.250000	9.630742e+04	1.102181e-04
	122	45	3.500000	62.250000	9.828623e+04	1.122064e-04
	28	151	-20.000000	35.750000	1.017981e+05	1.564109e-04
