2022	2	10	4	0
	148	22	10.000000	68.000000	9.650903e+04	4.708263e-04
	60	56	-12.000000	59.500000	9.858345e+04	4.660516e-04
	152	106	11.000000	47.000000	1.022497e+05	-4.535404e-05
	139	110	7.750000	46.000000	1.022497e+05	-7.974784e-05
2022	2	10	6	6
	178	5	17.500000	72.250000	9.714764e+04	1.008664e-04
	8	6	-25.000000	72.000000	1.002746e+05	-1.176556e-05
	167	14	14.750000	70.000000	9.684323e+04	4.932369e-05
	166	23	14.500000	67.750000	9.684323e+04	3.361117e-04
	80	59	-7.000000	58.750000	9.902565e+04	4.398793e-04
	158	106	12.500000	47.000000	1.021415e+05	-3.569808e-05
2022	2	10	7	12
	175	4	16.750000	72.500000	9.731543e+04	1.889630e-04
	22	21	-21.500000	68.250000	1.002127e+05	7.992914e-05
	190	28	20.500000	66.500000	9.762082e+04	1.587525e-04
	96	64	-3.000000	57.500000	9.998534e+04	3.734620e-04
	137	117	7.250000	44.250000	1.022583e+05	1.280354e-04
	283	139	43.750000	38.750000	1.009227e+05	9.033129e-06
	85	160	-5.750000	33.500000	1.023628e+05	-3.637209e-06
2022	2	10	6	18
	188	5	20.000000	72.250000	9.753927e+04	1.370533e-04
	8	6	-25.000000	72.000000	9.999121e+04	-2.402930e-05
	10	14	-24.500000	70.000000	9.982284e+04	-1.733969e-05
	42	15	-16.500000	69.750000	9.982284e+04	1.065169e-04
	113	69	1.250000	56.250000	1.004650e+05	3.378159e-04
	87	156	-5.250000	34.500000	1.021338e+05	3.355239e-05
2022	2	11	5	0
	203	7	23.750000	71.750000	9.775137e+04	1.515481e-04
	204	7	24.000000	71.750000	9.775137e+04	1.633376e-04
	59	13	-12.250000	70.250000	9.940690e+04	1.634429e-04
	0	71	-27.000000	55.750000	9.950686e+04	1.375435e-04
	128	75	5.000000	54.750000	1.009476e+05	3.089836e-04
2022	2	11	5	6
	218	0	27.500000	73.500000	9.803460e+04	-2.584394e-05
	214	8	26.500000	71.500000	9.803460e+04	1.802525e-04
	65	12	-10.750000	70.500000	9.931673e+04	2.034745e-04
	3	61	-26.250000	58.250000	9.889785e+04	1.890793e-04
	142	81	8.500000	53.250000	1.014231e+05	2.642240e-04
2022	2	11	7	12
	224	0	29.000000	73.500000	9.839409e+04	-2.539968e-05
	229	8	30.250000	71.500000	9.839409e+04	1.486662e-04
	79	14	-7.250000	70.000000	9.957723e+04	1.993532e-04
	114	18	1.500000	69.000000	9.960624e+04	1.133764e-04
	0	55	-27.000000	59.750000	9.851464e+04	1.026349e-04
	3	65	-26.250000	57.250000	9.851464e+04	1.561066e-04
	134	119	6.500000	43.750000	1.021485e+05	9.355012e-05
2022	2	11	5	18
	247	3	34.750000	72.750000	9.859952e+04	6.878605e-05
	241	11	33.250000	70.750000	9.859952e+04	1.313781e-04
	142	21	8.500000	68.250000	9.945139e+04	1.625679e-04
	15	60	-23.250000	58.500000	9.846603e+04	1.595210e-04
	282	75	43.500000	54.750000	9.981813e+04	2.140257e-04
2022	2	12	5	0
	250	0	35.500000	73.500000	9.879670e+04	7.916417e-05
	252	13	36.000000	70.250000	9.879670e+04	1.389457e-04
	157	23	12.250000	67.750000	9.955469e+04	1.788728e-04
	30	54	-19.500000	60.000000	9.833137e+04	8.536782e-05
	230	94	30.500000	50.000000	1.013547e+05	1.580610e-04
2022	2	12	5	6
	258	0	37.500000	73.500000	9.891705e+04	8.357784e-06
	288	0	45.000000	73.500000	9.911876e+04	3.281405e-05
	264	16	39.000000	69.500000	9.888923e+04	1.514901e-04
	43	51	-16.250000	60.750000	9.809047e+04	1.476743e-04
	249	96	35.250000	49.500000	1.012261e+05	1.599733e-04
2022	2	12	4	12
	264	0	39.000000	73.500000	9.908191e+04	3.279943e-06
	273	16	41.250000	69.500000	9.901428e+04	1.196486e-04
	55	50	-13.250000	61.000000	9.798129e+04	1.807834e-04
	267	97	39.750000	49.250000	1.011567e+05	1.356037e-04
2022	2	12	2	18
	61	53	-11.750000	60.250000	9.787172e+04	1.395342e-04
	286	98	44.500000	49.000000	1.010342e+05	1.334107e-04
2022	2	13	2	0
	80	53	-7.000000	60.250000	9.787446e+04	1.407314e-04
	287	124	44.750000	42.500000	1.021195e+05	-2.544240e-05
2022	2	13	2	6
	288	0	45.000000	73.500000	9.966936e+04	-2.026482e-05
	94	51	-3.500000	60.750000	9.778920e+04	1.435884e-04
2022	2	13	5	12
	179	0	17.750000	73.500000	9.900076e+04	2.281449e-05
	153	30	11.250000	66.000000	9.784330e+04	2.233784e-04
	39	36	-17.250000	64.500000	9.997906e+04	1.758283e-05
	278	120	42.500000	43.500000	1.025382e+05	-3.535523e-05
	227	144	29.750000	37.500000	1.018667e+05	1.047827e-05
2022	2	13	2	18
	14	37	-23.500000	64.250000	9.999670e+04	7.460970e-05
	115	50	1.750000	61.000000	9.807145e+04	1.585928e-04
2022	2	14	2	0
	171	33	15.750000	65.250000	9.839076e+04	2.413473e-05
	125	49	4.250000	61.250000	9.830883e+04	2.301583e-04
2022	2	14	1	6
	224	22	29.000000	68.000000	9.843938e+04	6.698351e-05
2022	2	14	3	12
	237	10	32.250000	71.000000	9.848661e+04	1.163816e-04
	171	103	15.750000	47.750000	1.007223e+05	-2.685122e-05
	135	115	6.750000	44.750000	1.012890e+05	6.294106e-05
2022	2	14	1	18
	244	9	34.000000	71.250000	9.840173e+04	9.661870e-05
2022	2	15	4	0
	249	6	35.250000	72.000000	9.838998e+04	1.721840e-04
	25	34	-20.750000	65.000000	9.698024e+04	9.172240e-06
	0	37	-27.000000	64.250000	9.698024e+04	9.860994e-05
	139	123	7.750000	42.750000	1.013829e+05	6.853298e-05
2022	2	15	6	6
	6	7	-25.500000	71.750000	9.859462e+04	1.543967e-05
	249	8	35.250000	71.500000	9.843722e+04	2.749514e-04
	24	32	-21.000000	65.500000	9.664977e+04	1.047976e-04
	164	62	14.000000	58.000000	9.995691e+04	1.234904e-04
	147	127	9.750000	41.750000	1.014543e+05	4.647303e-05
	243	146	33.750000	37.000000	1.017832e+05	2.093067e-05
2022	2	15	6	12
	6	7	-25.500000	71.750000	9.832235e+04	1.936644e-05
	255	10	36.750000	71.000000	9.864303e+04	1.736935e-04
	288	14	45.000000	70.000000	9.915208e+04	-6.272162e-05
	0	29	-27.000000	66.250000	9.678266e+04	1.023372e-04
	56	33	-13.000000	65.250000	9.692438e+04	2.405822e-04
	273	135	41.250000	39.750000	1.015948e+05	-4.323997e-06
2022	2	15	9	18
	6	7	-25.500000	71.750000	9.783722e+04	-4.131130e-05
	267	13	39.750000	70.250000	9.871458e+04	1.869999e-04
	43	25	-16.250000	67.250000	9.672347e+04	2.735690e-04
	12	26	-24.000000	67.000000	9.663722e+04	1.589804e-04
	0	38	-27.000000	64.000000	9.660370e+04	4.120688e-05
	0	82	-27.000000	53.000000	9.860461e+04	1.211423e-04
	280	121	43.000000	43.250000	1.018579e+05	1.759666e-05
	272	131	41.000000	40.750000	1.018579e+05	7.710029e-06
	161	162	13.250000	33.000000	1.014717e+05	3.888725e-05
2022	2	16	6	0
	278	14	42.500000	70.000000	9.878357e+04	1.637848e-04
	22	21	-21.500000	68.250000	9.647845e+04	3.133758e-04
	0	74	-27.000000	55.000000	9.703102e+04	1.334221e-04
	281	121	43.250000	43.250000	1.018226e+05	-1.912429e-06
	163	150	13.750000	36.000000	1.015797e+05	2.971583e-05
	168	162	15.000000	33.000000	1.015729e+05	-1.327349e-05
2022	2	16	6	6
	11	17	-24.250000	69.250000	9.618109e+04	1.306666e-04
	272	17	41.000000	69.250000	9.879749e+04	1.972078e-04
	0	31	-27.000000	65.750000	9.605623e+04	7.928015e-05
	35	60	-18.250000	58.500000	9.570694e+04	2.898881e-04
	280	121	43.000000	43.250000	1.019815e+05	-1.977519e-05
	171	158	15.750000	34.000000	1.012972e+05	1.489920e-04
2022	2	16	6	12
	34	8	-18.500000	71.500000	9.685911e+04	2.227084e-04
	280	19	43.000000	68.750000	9.899370e+04	1.993587e-04
	63	49	-11.250000	61.250000	9.457770e+04	4.207080e-04
	137	117	7.250000	44.250000	1.020229e+05	4.493738e-05
	278	120	42.500000	43.500000	1.015858e+05	-3.167534e-05
	170	155	15.500000	34.750000	1.011255e+05	2.036113e-04
2022	2	16	7	18
	29	8	-19.750000	71.500000	9.714784e+04	2.118255e-04
	287	21	44.750000	68.250000	9.926930e+04	7.222010e-05
	0	36	-27.000000	64.500000	9.611288e+04	4.463582e-05
	93	45	-3.750000	62.250000	9.464160e+04	2.653702e-04
	188	159	20.000000	33.750000	1.011116e+05	3.962704e-05
	172	160	16.000000	33.500000	1.010773e+05	1.641503e-04
	84	162	-6.000000	33.000000	1.027205e+05	4.827014e-05
2022	2	17	6	0
	0	36	-27.000000	64.500000	9.624265e+04	1.003963e-04
	108	39	0.000000	63.750000	9.468080e+04	3.889323e-04
	139	117	7.750000	44.250000	1.019180e+05	5.129871e-05
	187	155	19.750000	34.750000	1.010611e+05	7.978503e-05
	196	158	22.000000	34.000000	1.011154e+05	4.909475e-05
	181	162	18.250000	33.000000	1.010611e+05	7.056511e-05
2022	2	17	7	6
	125	35	4.250000	64.750000	9.508479e+04	3.306819e-04
	9	99	-24.750000	48.750000	1.000588e+05	1.895088e-04
	10	99	-24.500000	48.750000	1.000588e+05	1.835364e-04
	138	117	7.500000	44.250000	1.019445e+05	3.219464e-05
	144	125	9.000000	42.250000	1.019445e+05	-3.299067e-05
	80	162	-7.000000	33.000000	1.025862e+05	8.349635e-05
	187	162	19.750000	33.000000	1.008507e+05	8.663502e-05
2022	2	17	4	12
	161	27	13.250000	66.750000	9.565715e+04	-8.374649e-05
	144	33	9.000000	65.250000	9.565715e+04	4.319061e-04
	8	36	-25.000000	64.500000	9.661919e+04	1.858557e-04
	158	107	12.500000	46.750000	1.016028e+05	-9.386351e-05
2022	2	17	3	18
	159	32	12.750000	65.500000	9.685538e+04	2.927142e-04
	9	34	-24.750000	65.000000	9.678737e+04	2.435927e-04
	40	35	-17.000000	64.750000	9.682010e+04	6.667018e-05
2022	2	18	4	0
	99	19	-2.250000	68.750000	9.717293e+04	1.484112e-04
	9	30	-24.750000	66.000000	9.701808e+04	2.600836e-04
	199	36	22.750000	64.500000	9.747440e+04	1.133053e-04
	116	124	2.000000	42.500000	1.025745e+05	-3.995170e-05
2022	2	18	5	6
	103	18	-1.250000	69.000000	9.686009e+04	1.390972e-04
	128	19	5.000000	68.750000	9.686009e+04	9.239564e-05
	6	31	-25.500000	65.750000	9.738795e+04	2.044080e-04
	215	34	26.750000	65.000000	9.765159e+04	6.010243e-05
	19	40	-22.250000	63.500000	9.738795e+04	1.814780e-04
2022	2	18	3	12
	164	16	14.000000	69.500000	9.672052e+04	8.290538e-05
	10	33	-24.500000	65.250000	9.789426e+04	1.295809e-04
	278	119	42.500000	43.750000	1.006675e+05	4.334009e-05
2022	2	18	4	18
	158	14	12.500000	70.000000	9.662370e+04	1.304270e-04
	10	33	-24.500000	65.250000	9.804048e+04	1.412492e-04
	191	51	20.750000	60.750000	9.606251e+04	3.086342e-04
	278	119	42.500000	43.750000	1.009609e+05	6.921871e-05
2022	2	19	4	0
	176	12	17.000000	70.500000	9.668270e+04	1.610539e-04
	9	37	-24.750000	64.250000	9.819926e+04	1.058691e-04
	211	52	25.750000	60.500000	9.599253e+04	2.544924e-04
	279	119	42.750000	43.750000	1.011387e+05	-1.044891e-05
2022	2	19	8	6
	170	7	15.500000	71.750000	9.662076e+04	9.460017e-05
	171	7	15.750000	71.750000	9.662076e+04	9.441543e-05
	172	7	16.000000	71.750000	9.662076e+04	9.474267e-05
	142	9	8.500000	71.250000	9.662076e+04	3.398367e-05
	14	37	-23.500000	64.250000	9.834705e+04	1.472452e-04
	218	55	27.500000	59.750000	9.635202e+04	2.680973e-04
	155	109	11.750000	46.250000	1.019251e+05	3.344026e-06
	137	117	7.250000	44.250000	1.019372e+05	8.853037e-05
2022	2	19	5	12
	162	6	13.500000	72.000000	9.664173e+04	1.080108e-04
	131	12	5.750000	70.500000	9.664173e+04	1.293222e-04
	16	37	-23.000000	64.250000	9.875103e+04	8.939475e-05
	247	55	34.750000	59.750000	9.668603e+04	9.723425e-05
	288	55	45.000000	59.750000	9.796659e+04	1.883972e-05
2022	2	19	6	18
	144	5	9.000000	72.250000	9.672562e+04	1.340978e-04
	172	13	16.000000	70.250000	9.672562e+04	9.769415e-05
	142	15	8.500000	69.750000	9.672562e+04	1.458854e-04
	288	52	45.000000	60.500000	9.769412e+04	9.608696e-05
	259	54	37.750000	60.000000	9.712510e+04	1.035651e-04
	0	55	-27.000000	59.750000	9.838704e+04	1.158180e-04
2022	2	20	6	0
	127	8	4.750000	71.500000	9.686675e+04	1.224633e-04
	176	10	17.000000	71.000000	9.686636e+04	9.416203e-05
	154	16	11.500000	69.500000	9.686636e+04	1.787742e-04
	0	48	-27.000000	61.500000	9.713294e+04	1.491933e-04
	288	49	45.000000	61.250000	9.772980e+04	1.338534e-04
	266	52	39.500000	60.500000	9.742539e+04	9.333315e-05
