2022	2	16	5	0
	53	38	-13.750000	64.000000	9.765672e+04	2.849188e-04
	118	53	2.500000	60.250000	9.802082e+04	1.702103e-04
	66	67	-10.500000	56.750000	9.724637e+04	2.833915e-04
	280	121	43.000000	43.250000	1.020994e+05	2.268277e-05
	172	122	16.000000	43.000000	1.014670e+05	3.245172e-05
2022	2	16	4	3
	120	51	3.000000	60.750000	9.792912e+04	1.420633e-04
	77	67	-7.750000	56.750000	9.719399e+04	2.935226e-04
	280	121	43.000000	43.250000	1.021370e+05	2.529528e-05
	173	123	16.250000	42.750000	1.014000e+05	4.418867e-05
2022	2	16	2	6
	39	61	-17.250000	58.250000	9.772891e+04	1.083201e-04
	100	67	-2.000000	56.750000	9.735379e+04	2.400961e-04
2022	2	16	5	9
	43	60	-16.250000	58.500000	9.755417e+04	1.028665e-04
	110	66	0.500000	57.000000	9.729056e+04	2.717370e-04
	55	70	-13.250000	56.000000	9.755417e+04	2.237732e-04
	202	125	23.500000	42.250000	1.016501e+05	-7.521723e-05
	182	135	18.500000	39.750000	1.015208e+05	1.394560e-04
2022	2	16	4	12
	120	66	3.000000	57.000000	9.708138e+04	2.444423e-04
	70	68	-9.500000	56.500000	9.725785e+04	2.186486e-04
	137	116	7.250000	44.500000	1.012710e+05	5.963472e-05
	183	136	18.750000	39.500000	1.012629e+05	1.619912e-04
2022	2	16	7	15
	106	35	-0.500000	64.750000	9.736763e+04	1.767488e-04
	124	45	4.000000	62.250000	9.736212e+04	1.322861e-04
	70	61	-9.500000	58.250000	9.723048e+04	1.453513e-04
	71	61	-9.250000	58.250000	9.723048e+04	1.434155e-04
	132	66	6.000000	57.000000	9.688651e+04	2.745489e-04
	84	67	-6.000000	56.750000	9.723048e+04	2.379856e-04
	185	136	19.250000	39.500000	1.011223e+05	1.546903e-04
2022	2	16	6	18
	126	43	4.500000	62.750000	9.725927e+04	1.093669e-04
	78	60	-7.500000	58.500000	9.736245e+04	1.245690e-04
	146	65	9.500000	57.250000	9.676619e+04	2.804921e-04
	102	67	-1.500000	56.750000	9.723882e+04	2.549564e-04
	280	121	43.000000	43.250000	1.021638e+05	-2.534858e-05
	186	135	19.500000	39.750000	1.011606e+05	1.213244e-04
2022	2	16	6	21
	288	9	45.000000	71.250000	9.893038e+04	1.355132e-04
	125	41	4.250000	63.250000	9.716804e+04	1.144350e-04
	158	64	12.500000	57.500000	9.642583e+04	2.865993e-04
	117	67	2.250000	56.750000	9.714146e+04	2.187746e-04
	137	117	7.250000	44.250000	1.012138e+05	4.475062e-05
	186	135	19.500000	39.750000	1.012297e+05	8.166227e-05
2022	2	17	5	0
	288	10	45.000000	71.000000	9.899251e+04	1.235527e-04
	123	40	3.750000	63.500000	9.716883e+04	1.045532e-04
	172	62	16.000000	58.000000	9.625895e+04	1.979110e-04
	129	68	5.250000	56.500000	9.717213e+04	2.246802e-04
	137	117	7.250000	44.250000	1.012011e+05	8.233394e-05
2022	2	17	4	3
	287	11	44.750000	70.750000	9.904693e+04	1.499364e-04
	123	40	3.750000	63.500000	9.716946e+04	9.977524e-05
	181	60	18.250000	58.500000	9.599755e+04	1.995835e-04
	137	117	7.250000	44.250000	1.009414e+05	1.135612e-04
2022	2	17	4	6
	288	13	45.000000	70.250000	9.912651e+04	7.520166e-05
	125	40	4.250000	63.500000	9.721051e+04	1.174329e-04
	187	60	19.750000	58.500000	9.589642e+04	1.713449e-04
	137	117	7.250000	44.250000	1.009530e+05	9.892903e-05
2022	2	17	3	9
	195	56	21.750000	59.500000	9.590979e+04	1.246077e-04
	1	111	-26.750000	45.750000	1.008855e+05	1.634410e-04
	278	120	42.500000	43.500000	1.016633e+05	-2.086934e-05
2022	2	17	3	12
	200	55	23.000000	59.750000	9.592568e+04	9.854543e-05
	9	108	-24.750000	46.500000	1.003093e+05	2.972829e-04
	272	119	41.000000	43.750000	1.014110e+05	-3.730851e-05
2022	2	17	3	15
	209	51	25.250000	60.750000	9.599095e+04	1.369346e-04
	11	82	-24.250000	53.000000	1.006506e+05	1.790273e-04
	20	102	-22.000000	48.000000	9.972937e+04	3.346982e-04
2022	2	17	4	18
	288	31	45.000000	65.750000	9.899518e+04	9.706101e-05
	0	43	-27.000000	62.750000	9.926303e+04	-3.132888e-05
	212	48	26.000000	61.500000	9.599818e+04	1.721955e-04
	29	97	-19.750000	49.250000	9.908216e+04	4.159489e-04
2022	2	17	4	21
	0	30	-27.000000	66.000000	9.921773e+04	8.939574e-05
	213	45	26.250000	62.250000	9.601690e+04	1.463081e-04
	37	92	-17.750000	50.500000	9.842394e+04	5.040275e-04
	158	108	12.500000	46.500000	1.007800e+05	9.251974e-06
2022	2	18	3	0
	212	43	26.000000	62.750000	9.607337e+04	9.271230e-05
	42	88	-16.500000	51.500000	9.728427e+04	5.579602e-04
	154	110	11.500000	46.000000	1.011526e+05	7.453729e-05
2022	2	18	3	3
	54	43	-13.500000	62.750000	9.869273e+04	1.561670e-04
	215	43	26.750000	62.750000	9.617859e+04	9.925925e-05
	53	87	-13.750000	51.750000	9.640538e+04	7.368205e-04
2022	2	18	8	6
	219	42	27.750000	63.000000	9.630850e+04	8.327461e-05
	220	42	28.000000	63.000000	9.630850e+04	8.135137e-05
	44	43	-16.000000	62.750000	9.846655e+04	1.869758e-04
	65	44	-10.750000	62.500000	9.846655e+04	1.524146e-04
	84	82	-6.000000	53.000000	9.611080e+04	2.065553e-04
	65	84	-10.750000	52.500000	9.611080e+04	6.956305e-04
	140	111	8.000000	45.750000	1.015107e+05	-5.293851e-05
	150	128	10.500000	41.500000	1.015798e+05	4.539474e-05
2022	2	18	5	9
	225	41	29.250000	63.250000	9.645808e+04	7.019058e-05
	63	44	-11.250000	62.500000	9.829732e+04	1.547464e-04
	42	45	-16.500000	62.250000	9.829732e+04	2.623996e-04
	76	82	-8.000000	53.000000	9.636921e+04	5.473459e-04
	140	107	8.000000	46.750000	1.012723e+05	-8.447257e-05
2022	2	18	5	12
	116	28	2.000000	66.500000	9.773362e+04	2.570541e-04
	228	37	30.000000	64.250000	9.665389e+04	5.192761e-05
	61	45	-11.750000	62.250000	9.826902e+04	2.025625e-04
	106	73	-0.500000	55.250000	9.654301e+04	1.388793e-04
	90	78	-4.500000	54.000000	9.654301e+04	5.103070e-04
2022	2	18	6	15
	230	34	30.500000	65.000000	9.674905e+04	5.777253e-05
	127	35	4.750000	64.750000	9.761645e+04	1.801634e-04
	128	35	5.000000	64.750000	9.761645e+04	1.741497e-04
	0	59	-27.000000	58.750000	9.853372e+04	8.873957e-05
	117	68	2.250000	56.500000	9.711583e+04	2.901209e-04
	103	79	-1.250000	53.750000	9.709852e+04	4.731134e-04
2022	2	18	6	18
	231	33	30.750000	65.250000	9.675298e+04	8.036075e-05
	138	34	7.500000	65.000000	9.743983e+04	1.587965e-04
	125	66	4.250000	57.000000	9.698733e+04	3.522643e-04
	122	76	3.500000	54.500000	9.698733e+04	3.464411e-04
	250	136	35.500000	39.500000	1.009179e+05	-2.563306e-05
	229	149	30.250000	36.250000	1.010784e+05	7.878985e-05
2022	2	18	7	21
	158	25	12.500000	67.250000	9.734373e+04	7.298502e-05
	234	31	31.500000	65.750000	9.680252e+04	9.033113e-05
	146	34	9.500000	65.000000	9.734373e+04	1.679427e-04
	142	63	8.500000	57.750000	9.697505e+04	1.632580e-04
	278	118	42.500000	44.000000	1.006035e+05	5.802688e-05
	245	144	34.250000	37.500000	1.010218e+05	5.510681e-05
	233	149	31.250000	36.250000	1.010218e+05	1.081499e-04
2022	2	19	6	0
	239	27	32.750000	66.750000	9.680048e+04	3.039665e-05
	150	32	10.500000	65.500000	9.722623e+04	1.556525e-04
	150	62	10.500000	58.000000	9.697836e+04	1.469520e-04
	136	114	7.000000	45.000000	1.015883e+05	3.969351e-05
	282	121	43.500000	43.250000	1.007336e+05	4.690640e-05
	237	150	32.250000	36.000000	1.008667e+05	1.519877e-04
2022	2	19	8	3
	240	25	33.000000	67.250000	9.680220e+04	1.701431e-05
	152	31	11.000000	65.750000	9.721602e+04	1.684393e-04
	0	51	-27.000000	60.750000	9.767858e+04	1.076502e-04
	33	56	-18.750000	59.500000	9.807839e+04	1.677692e-04
	170	60	15.500000	58.500000	9.698685e+04	1.178445e-04
	186	61	19.500000	58.250000	9.698685e+04	1.963815e-04
	137	117	7.250000	44.250000	1.014843e+05	1.130982e-04
	239	150	32.750000	36.000000	1.008031e+05	1.338210e-04
2022	2	19	8	6
	244	21	34.000000	68.250000	9.681102e+04	4.618471e-05
	152	28	11.000000	66.500000	9.726917e+04	8.455003e-05
	0	50	-27.000000	61.000000	9.784624e+04	1.045470e-04
	51	57	-14.250000	59.250000	9.796877e+04	1.844232e-04
	191	59	20.750000	58.750000	9.680912e+04	1.799494e-04
	192	59	21.000000	58.750000	9.680912e+04	1.855963e-04
	137	117	7.250000	44.250000	1.014894e+05	1.046166e-04
	244	152	34.000000	35.500000	1.009247e+05	1.665537e-04
2022	2	19	8	9
	243	20	33.750000	68.500000	9.688132e+04	5.153306e-05
	153	26	11.250000	67.000000	9.737581e+04	7.088411e-05
	0	49	-27.000000	61.250000	9.791230e+04	1.012384e-04
	56	57	-13.000000	59.250000	9.799880e+04	2.349757e-04
	195	58	21.750000	59.000000	9.694188e+04	2.290231e-04
	78	61	-7.500000	58.250000	9.800006e+04	2.254646e-04
	243	152	33.750000	35.500000	1.011120e+05	1.350461e-04
	254	157	36.500000	34.250000	1.011120e+05	-3.541406e-06
2022	2	19	8	12
	245	19	34.250000	68.750000	9.699330e+04	6.218419e-05
	67	25	-10.250000	67.250000	9.823142e+04	2.098607e-04
	133	29	6.250000	66.250000	9.751469e+04	1.058487e-04
	60	58	-12.000000	59.000000	9.822576e+04	2.681207e-04
	199	58	22.750000	59.000000	9.723395e+04	2.415080e-04
	86	60	-5.500000	58.500000	9.806391e+04	2.380342e-04
	240	160	33.000000	33.500000	1.011359e+05	1.535572e-04
	256	162	37.000000	33.000000	1.011542e+05	1.769380e-05
2022	2	19	8	15
	250	16	35.500000	69.500000	9.708626e+04	9.283233e-05
	63	25	-11.250000	67.250000	9.839562e+04	2.225366e-04
	64	25	-11.000000	67.250000	9.839562e+04	2.203798e-04
	137	30	7.250000	66.000000	9.758216e+04	9.697431e-05
	215	58	26.750000	59.000000	9.757288e+04	7.690579e-05
	67	60	-10.250000	58.500000	9.845130e+04	1.693050e-04
	98	60	-2.500000	58.500000	9.831006e+04	1.597412e-04
	0	62	-27.000000	58.000000	9.677138e+04	1.372658e-04
2022	2	19	8	18
	257	17	37.250000	69.250000	9.712605e+04	8.535303e-05
	258	17	37.500000	69.250000	9.712605e+04	8.487840e-05
	259	17	37.750000	69.250000	9.712605e+04	8.413418e-05
	59	26	-12.250000	67.000000	9.844234e+04	1.943928e-04
	137	31	7.250000	65.750000	9.763548e+04	1.486433e-04
	0	57	-27.000000	59.250000	9.573820e+04	1.354252e-04
	235	58	31.750000	59.000000	9.773252e+04	4.355454e-05
	116	59	2.000000	58.750000	9.835520e+04	1.277145e-04
2022	2	19	8	21
	261	16	38.250000	69.500000	9.720233e+04	8.298398e-05
	262	16	38.500000	69.500000	9.720233e+04	8.155855e-05
	51	27	-14.250000	66.750000	9.840459e+04	1.377435e-04
	142	32	8.500000	65.500000	9.771051e+04	1.411026e-04
	0	55	-27.000000	59.750000	9.515562e+04	1.080040e-04
	248	58	35.000000	59.000000	9.786354e+04	3.155825e-05
	121	59	3.250000	58.750000	9.843935e+04	1.209023e-04
	82	145	-6.500000	37.250000	1.021340e+05	3.329704e-05
2022	2	20	6	0
	271	15	40.750000	69.750000	9.724495e+04	9.418276e-05
	142	33	8.500000	65.250000	9.780519e+04	1.646029e-04
	0	54	-27.000000	60.000000	9.501596e+04	1.669932e-04
	262	58	38.500000	59.000000	9.788777e+04	6.264983e-05
	124	59	4.000000	58.750000	9.867905e+04	1.135759e-04
	139	64	7.750000	57.500000	9.867905e+04	1.043360e-04
