2022	2	16	6	0
	288	10	45.000000	71.000000	9.876799e+04	1.028239e-04
	48	37	-15.000000	64.250000	9.756643e+04	2.945014e-04
	116	53	2.000000	60.250000	9.802448e+04	1.338640e-04
	65	67	-10.750000	56.750000	9.734175e+04	2.782578e-04
	280	121	43.000000	43.250000	1.020683e+05	2.711098e-05
	172	122	16.000000	43.000000	1.014857e+05	5.053872e-05
2022	2	16	5	3
	44	35	-16.000000	64.750000	9.777514e+04	2.594872e-04
	74	66	-8.500000	57.000000	9.732174e+04	2.698781e-04
	90	70	-4.500000	56.000000	9.732174e+04	2.161222e-04
	280	121	43.000000	43.250000	1.020742e+05	2.616632e-05
	174	122	16.500000	43.000000	1.014434e+05	5.479275e-05
2022	2	16	4	6
	41	64	-16.750000	57.500000	9.778630e+04	1.091978e-04
	84	66	-6.000000	57.000000	9.753650e+04	2.517769e-04
	100	67	-2.000000	56.750000	9.753650e+04	2.239318e-04
	20	73	-22.000000	55.250000	9.775064e+04	1.471942e-04
2022	2	16	4	9
	118	49	2.500000	61.250000	9.772304e+04	1.302016e-04
	47	63	-15.250000	57.750000	9.749712e+04	1.134404e-04
	113	66	1.250000	57.000000	9.746130e+04	2.379743e-04
	182	137	18.500000	39.250000	1.015023e+05	1.573465e-04
2022	2	16	4	12
	122	46	3.500000	62.000000	9.758550e+04	1.127799e-04
	124	66	4.000000	57.000000	9.733073e+04	2.504092e-04
	62	68	-11.500000	56.500000	9.726809e+04	2.053119e-04
	184	134	19.000000	40.000000	1.012930e+05	1.588270e-04
2022	2	16	6	15
	61	61	-11.750000	58.250000	9.690975e+04	1.552121e-04
	74	66	-8.500000	57.000000	9.690975e+04	2.506395e-04
	138	67	7.500000	56.750000	9.722328e+04	2.525857e-04
	90	69	-4.500000	56.250000	9.690975e+04	2.069864e-04
	137	116	7.250000	44.500000	1.011052e+05	5.810742e-05
	186	135	19.500000	39.750000	1.011756e+05	1.496640e-04
2022	2	16	5	18
	85	66	-5.750000	57.000000	9.709722e+04	2.460540e-04
	162	66	13.500000	57.000000	9.717288e+04	2.459146e-04
	105	68	-0.750000	56.500000	9.709722e+04	2.306702e-04
	280	121	43.000000	43.250000	1.021540e+05	-2.447707e-05
	187	136	19.750000	39.500000	1.012437e+05	1.125631e-04
2022	2	16	6	21
	177	64	17.250000	57.500000	9.692448e+04	1.976264e-04
	120	68	3.000000	56.500000	9.679330e+04	2.548923e-04
	137	117	7.250000	44.250000	1.012437e+05	5.684978e-05
	280	121	43.000000	43.250000	1.021205e+05	-3.573051e-05
	183	129	18.750000	41.250000	1.012905e+05	9.777398e-05
	187	137	19.750000	39.250000	1.012905e+05	6.458940e-05
2022	2	17	5	0
	288	8	45.000000	71.500000	9.901655e+04	9.903166e-05
	124	40	4.000000	63.500000	9.724855e+04	1.470233e-04
	186	61	19.500000	58.250000	9.664584e+04	2.030800e-04
	131	69	5.750000	56.250000	9.678245e+04	3.055545e-04
	138	117	7.500000	44.250000	1.010319e+05	6.121458e-05
2022	2	17	5	3
	283	9	43.750000	71.250000	9.906167e+04	1.796671e-04
	123	39	3.750000	63.750000	9.725739e+04	1.082572e-04
	193	58	21.250000	59.000000	9.636362e+04	2.201443e-04
	173	68	16.250000	56.500000	9.640952e+04	1.797421e-04
	138	117	7.500000	44.250000	1.008084e+05	1.076172e-04
2022	2	17	6	6
	277	9	42.250000	71.250000	9.911966e+04	1.168674e-04
	121	39	3.250000	63.750000	9.731027e+04	1.457631e-04
	145	42	9.250000	63.000000	9.731027e+04	5.133127e-05
	8	49	-25.000000	61.250000	9.930450e+04	1.217627e-04
	194	57	21.500000	59.250000	9.621849e+04	2.334033e-04
	189	69	20.250000	56.250000	9.624609e+04	1.919653e-04
2022	2	17	7	9
	117	39	2.250000	63.750000	9.738020e+04	1.577096e-04
	118	39	2.500000	63.750000	9.738020e+04	1.539121e-04
	145	42	9.250000	63.000000	9.740020e+04	1.549961e-05
	10	47	-24.500000	61.750000	9.937180e+04	1.665803e-04
	196	56	22.000000	59.500000	9.615848e+04	2.453204e-04
	201	64	23.250000	57.500000	9.615848e+04	1.265905e-04
	9	117	-24.750000	44.250000	1.011209e+05	1.368936e-04
2022	2	17	6	12
	116	40	2.000000	63.500000	9.747805e+04	1.674811e-04
	10	45	-24.500000	62.250000	9.943568e+04	1.515760e-04
	200	57	23.000000	59.250000	9.616159e+04	2.464558e-04
	6	108	-25.500000	46.500000	1.007410e+05	1.588212e-04
	16	112	-23.000000	45.500000	1.007410e+05	1.574269e-04
	273	119	41.250000	43.750000	1.012325e+05	-2.346830e-05
2022	2	17	3	15
	116	42	2.000000	63.000000	9.756705e+04	2.142062e-04
	212	56	26.000000	59.500000	9.617585e+04	7.311718e-05
	25	106	-20.750000	47.000000	1.001896e+05	2.324148e-04
2022	2	17	3	18
	119	44	2.750000	62.500000	9.768241e+04	2.275542e-04
	216	54	27.000000	60.000000	9.616127e+04	1.129137e-04
	35	101	-18.250000	48.250000	9.984085e+04	2.562560e-04
2022	2	17	2	21
	220	53	28.000000	60.250000	9.618220e+04	1.533318e-04
	39	98	-17.250000	49.000000	9.959012e+04	2.908365e-04
2022	2	18	3	0
	223	47	28.750000	61.750000	9.622562e+04	1.087683e-04
	224	47	29.000000	61.750000	9.622562e+04	1.068416e-04
	47	94	-15.250000	50.000000	9.923798e+04	3.461267e-04
2022	2	18	2	3
	225	45	29.250000	62.250000	9.623338e+04	1.078292e-04
	55	92	-13.250000	50.500000	9.885684e+04	4.079633e-04
2022	2	18	3	6
	228	43	30.000000	62.750000	9.626935e+04	1.213226e-04
	88	85	-5.000000	52.250000	9.870659e+04	2.275936e-04
	65	89	-10.750000	51.250000	9.856502e+04	4.666533e-04
2022	2	18	5	9
	151	29	10.750000	66.250000	9.796291e+04	3.867390e-05
	231	40	30.750000	63.500000	9.634936e+04	1.504950e-04
	75	89	-8.250000	51.250000	9.833351e+04	5.366394e-04
	138	117	7.500000	44.250000	1.015361e+05	7.479532e-05
	265	162	39.250000	33.000000	1.008883e+05	-2.815295e-05
2022	2	18	5	12
	6	7	-25.500000	71.750000	1.003288e+05	-4.842190e-05
	140	28	8.000000	66.500000	9.801486e+04	6.727573e-05
	234	36	31.500000	64.500000	9.645868e+04	1.401728e-04
	90	84	-4.500000	52.500000	9.835460e+04	4.052090e-04
	274	117	41.500000	44.250000	1.002542e+05	-8.933525e-05
2022	2	18	5	15
	6	7	-25.500000	71.750000	1.003084e+05	-6.036083e-05
	141	30	8.250000	66.000000	9.796866e+04	8.321708e-05
	236	34	32.000000	65.000000	9.658241e+04	9.728783e-05
	0	55	-27.000000	59.750000	9.780630e+04	1.336694e-04
	109	80	0.250000	53.500000	9.808417e+04	3.080711e-04
2022	2	18	5	18
	145	32	9.250000	65.500000	9.786755e+04	1.045860e-04
	238	32	32.500000	65.500000	9.663250e+04	9.994092e-05
	0	51	-27.000000	60.750000	9.731259e+04	1.003612e-04
	130	75	5.500000	54.750000	9.764644e+04	3.396592e-04
	282	121	43.500000	43.250000	1.005828e+05	2.210011e-05
2022	2	18	6	21
	244	31	34.000000	65.750000	9.667452e+04	1.466145e-04
	149	32	10.250000	65.500000	9.782538e+04	1.192479e-04
	4	49	-26.000000	61.250000	9.725926e+04	2.086871e-04
	23	52	-21.250000	60.500000	9.725926e+04	2.398204e-04
	141	74	8.250000	55.000000	9.744843e+04	3.210803e-04
	282	121	43.500000	43.250000	1.006163e+05	3.862196e-05
2022	2	19	9	0
	6	7	-25.500000	71.750000	1.002846e+05	-3.646996e-05
	257	19	37.250000	68.750000	9.676662e+04	7.414404e-05
	247	29	34.750000	66.250000	9.676662e+04	1.353661e-04
	152	33	11.000000	65.250000	9.782027e+04	1.371896e-04
	1	49	-26.750000	61.250000	9.719723e+04	1.415524e-04
	6	57	-25.500000	59.250000	9.719723e+04	1.741695e-04
	156	72	12.000000	55.500000	9.736485e+04	2.679444e-04
	138	117	7.500000	44.250000	1.012555e+05	1.036216e-04
	237	151	32.250000	35.750000	1.007898e+05	1.384002e-04
2022	2	19	10	3
	6	7	-25.500000	71.750000	1.002130e+05	-2.592265e-05
	254	18	36.500000	69.000000	9.681966e+04	9.703120e-05
	249	28	35.250000	66.500000	9.681966e+04	1.330307e-04
	152	33	11.000000	65.250000	9.781142e+04	1.027286e-04
	11	47	-24.250000	61.750000	9.740609e+04	2.015895e-04
	34	49	-18.500000	61.250000	9.740609e+04	1.975781e-04
	19	57	-22.250000	59.250000	9.740609e+04	1.818800e-04
	176	71	17.000000	55.750000	9.719165e+04	2.904635e-04
	137	117	7.250000	44.250000	1.012148e+05	1.134909e-04
	242	154	33.500000	35.000000	1.007106e+05	1.337809e-04
2022	2	19	11	6
	255	17	36.750000	69.250000	9.690912e+04	1.230586e-04
	253	26	36.250000	67.000000	9.690912e+04	1.145822e-04
	152	33	11.000000	65.250000	9.788477e+04	8.219167e-05
	29	47	-19.750000	61.750000	9.763527e+04	1.945481e-04
	7	48	-25.250000	61.500000	9.768893e+04	2.983761e-04
	44	52	-16.000000	60.500000	9.763527e+04	2.107985e-04
	30	57	-19.500000	59.250000	9.763527e+04	1.163269e-04
	185	70	19.250000	56.000000	9.723150e+04	2.617166e-04
	150	109	10.500000	46.250000	1.011741e+05	2.753112e-05
	137	117	7.250000	44.250000	1.012610e+05	1.041175e-04
	241	157	33.250000	34.250000	1.007678e+05	1.629364e-04
2022	2	19	8	9
	255	17	36.750000	69.250000	9.699860e+04	1.200755e-04
	4	49	-26.000000	61.250000	9.798680e+04	2.699493e-04
	38	50	-17.500000	61.000000	9.761869e+04	2.215768e-04
	56	54	-13.000000	60.000000	9.761869e+04	2.458172e-04
	194	71	21.500000	55.750000	9.749216e+04	3.235070e-04
	150	110	10.500000	46.000000	1.013497e+05	3.675114e-05
	137	117	7.250000	44.250000	1.013497e+05	9.150681e-05
	275	162	41.750000	33.000000	1.007554e+05	4.976588e-05
2022	2	19	9	12
	79	0	-7.250000	73.500000	9.885715e+04	1.692490e-04
	255	17	36.750000	69.250000	9.712016e+04	1.222609e-04
	33	50	-18.750000	61.000000	9.771638e+04	2.201741e-04
	53	53	-13.750000	60.250000	9.771638e+04	2.768816e-04
	212	70	26.000000	56.000000	9.771342e+04	1.399567e-04
	153	109	11.250000	46.250000	1.014194e+05	1.376305e-05
	137	117	7.250000	44.250000	1.013839e+05	8.945858e-05
	274	162	41.500000	33.000000	1.006078e+05	5.043335e-05
	284	162	44.000000	33.000000	1.006078e+05	3.437230e-05
2022	2	19	8	15
	75	0	-8.250000	73.500000	9.882087e+04	1.713499e-04
	256	18	37.000000	69.000000	9.725414e+04	1.190819e-04
	0	47	-27.000000	61.750000	9.767993e+04	7.001113e-05
	53	54	-13.750000	60.000000	9.817225e+04	2.756807e-04
	0	62	-27.000000	58.000000	9.763574e+04	1.132142e-04
	111	67	0.750000	56.750000	9.872132e+04	2.465436e-04
	222	69	28.500000	56.250000	9.791826e+04	1.592458e-04
	136	118	7.000000	44.000000	1.012573e+05	1.215407e-04
2022	2	19	7	18
	73	1	-8.750000	73.250000	9.879094e+04	2.101943e-04
	259	19	37.750000	68.750000	9.741943e+04	7.991318e-05
	0	56	-27.000000	59.500000	9.666569e+04	1.186654e-04
	122	68	3.500000	56.500000	9.867046e+04	2.684408e-04
	234	69	31.500000	56.250000	9.807285e+04	1.708019e-04
	136	118	7.000000	44.000000	1.014701e+05	1.305856e-04
	92	162	-4.000000	33.000000	1.018075e+05	7.276372e-05
2022	2	19	7	21
	74	1	-8.500000	73.250000	9.881498e+04	2.124351e-04
	280	14	43.000000	70.000000	9.754845e+04	9.140775e-05
	242	68	33.500000	56.500000	9.816480e+04	1.283393e-04
	130	69	5.500000	56.250000	9.873527e+04	2.705082e-04
	141	121	8.250000	43.250000	1.015457e+05	5.917174e-05
	271	162	40.750000	33.000000	1.007942e+05	-3.745016e-06
	283	162	43.750000	33.000000	1.007942e+05	1.406754e-04
2022	2	20	8	0
	75	1	-8.250000	73.250000	9.885591e+04	1.931790e-04
	283	14	43.750000	70.000000	9.768040e+04	1.043908e-04
	0	47	-27.000000	61.750000	9.562089e+04	1.027469e-04
	250	66	35.500000	57.000000	9.826389e+04	1.086049e-04
	251	66	35.750000	57.000000	9.826389e+04	1.060744e-04
	140	72	8.000000	55.500000	9.892941e+04	2.491926e-04
	269	162	40.250000	33.000000	1.007172e+05	-2.560092e-05
	283	162	43.750000	33.000000	1.007172e+05	1.127427e-04
