2022	2	10	11	0
	8	6	-25.000000	72.000000	1.002017e+05	-6.281574e-06
	170	11	15.500000	70.750000	9.665427e+04	7.248265e-05
	171	11	15.750000	70.750000	9.668662e+04	8.990250e-05
	9	14	-24.750000	70.000000	1.002017e+05	6.412237e-05
	149	22	10.250000	68.000000	9.655254e+04	3.924107e-04
	58	56	-12.500000	59.500000	9.852915e+04	5.080637e-04
	152	106	11.000000	47.000000	1.022446e+05	-4.168264e-05
	139	110	7.750000	46.000000	1.022446e+05	-7.937007e-05
	39	149	-17.250000	36.250000	1.020309e+05	7.928051e-05
	39	150	-17.250000	36.000000	1.020309e+05	7.762460e-05
	247	152	34.750000	35.500000	1.007962e+05	1.183977e-04
2022	2	10	6	6
	8	6	-25.000000	72.000000	1.002776e+05	-4.066034e-06
	178	6	17.500000	72.000000	9.727152e+04	1.485656e-04
	166	22	14.500000	68.000000	9.694222e+04	4.061004e-04
	76	59	-8.000000	58.750000	9.905055e+04	4.938002e-04
	158	106	12.500000	47.000000	1.021401e+05	-3.995472e-05
	250	152	35.500000	35.500000	1.010128e+05	1.008200e-04
2022	2	10	10	12
	180	4	18.000000	72.500000	9.739285e+04	1.198304e-04
	192	16	21.000000	69.500000	9.739991e+04	-1.388547e-05
	20	21	-22.000000	68.250000	1.002354e+05	9.005553e-05
	191	27	20.750000	66.750000	9.772157e+04	1.691646e-04
	92	63	-4.000000	57.750000	9.996024e+04	3.749458e-04
	137	117	7.250000	44.250000	1.022179e+05	1.157453e-04
	283	139	43.750000	38.750000	1.009276e+05	1.665388e-05
	272	147	41.000000	36.750000	1.009276e+05	6.493190e-05
	269	156	40.250000	34.500000	1.009764e+05	4.452241e-05
	0	162	-27.000000	33.000000	1.026005e+05	3.122367e-05
2022	2	10	7	18
	8	6	-25.000000	72.000000	1.000888e+05	-4.041977e-05
	187	6	19.750000	72.000000	9.761494e+04	2.255959e-04
	9	14	-24.750000	70.000000	9.988027e+04	1.194021e-05
	41	16	-16.750000	69.500000	9.988027e+04	1.109753e-04
	109	67	0.250000	56.750000	1.004760e+05	2.758837e-04
	87	156	-5.250000	34.500000	1.020795e+05	3.104433e-05
	47	158	-15.250000	34.000000	1.022066e+05	3.828948e-05
2022	2	11	4	0
	206	8	24.500000	71.500000	9.787701e+04	1.483597e-04
	53	12	-13.750000	70.500000	9.953842e+04	1.649410e-04
	0	70	-27.000000	56.000000	9.949059e+04	1.480974e-04
	121	73	3.250000	55.250000	1.009601e+05	2.722240e-04
2022	2	11	4	6
	215	0	26.750000	73.500000	9.814712e+04	1.641454e-05
	219	8	27.750000	71.500000	9.814712e+04	1.617237e-04
	59	11	-12.250000	70.750000	9.946570e+04	2.088723e-04
	188	123	20.000000	42.750000	1.020835e+05	-1.565038e-06
2022	2	11	6	12
	235	10	31.750000	71.000000	9.852777e+04	1.345771e-04
	101	15	-1.750000	69.750000	9.962584e+04	7.619389e-05
	10	58	-24.500000	59.000000	9.892980e+04	1.302231e-04
	3	69	-26.250000	56.250000	9.892980e+04	1.322822e-04
	137	117	7.250000	44.250000	1.019900e+05	8.239461e-05
	97	145	-2.750000	37.250000	1.022489e+05	-5.879023e-06
2022	2	11	6	18
	246	11	34.500000	70.750000	9.869634e+04	1.086930e-04
	141	18	8.250000	69.000000	9.943649e+04	1.336842e-04
	43	52	-16.250000	60.500000	9.874065e+04	2.105491e-04
	15	56	-23.250000	59.500000	9.866184e+04	1.723627e-04
	24	65	-21.000000	57.250000	9.866184e+04	1.136248e-04
	135	122	6.750000	43.000000	1.020127e+05	6.933394e-05
2022	2	12	5	0
	249	0	35.250000	73.500000	9.880474e+04	6.479152e-05
	256	11	37.000000	70.750000	9.880474e+04	9.904100e-05
	157	18	12.250000	69.000000	9.875378e+04	3.252487e-04
	37	50	-17.750000	61.000000	9.844623e+04	2.892345e-04
	43	60	-16.250000	58.500000	9.844623e+04	8.201027e-05
2022	2	12	5	6
	256	0	37.000000	73.500000	9.886159e+04	3.203689e-05
	264	10	39.000000	71.000000	9.886159e+04	1.253576e-04
	163	18	13.750000	69.000000	9.859795e+04	4.183376e-04
	32	55	-19.000000	59.750000	9.837234e+04	2.278481e-04
	54	55	-13.500000	59.750000	9.837234e+04	1.189641e-04
2022	2	12	2	12
	252	14	36.000000	70.000000	9.888099e+04	2.619050e-04
	77	49	-7.750000	61.250000	9.845877e+04	1.549162e-04
2022	2	12	3	18
	283	0	43.750000	73.500000	9.912875e+04	1.037548e-04
	258	15	37.500000	69.750000	9.887609e+04	2.672029e-04
	87	47	-5.250000	61.750000	9.835998e+04	1.486081e-04
2022	2	13	2	0
	261	15	38.250000	69.750000	9.900488e+04	3.052182e-04
	106	45	-0.500000	62.250000	9.844956e+04	1.731076e-04
2022	2	13	4	6
	195	11	21.750000	70.750000	9.914032e+04	9.020029e-05
	264	15	39.000000	69.750000	9.908563e+04	2.404884e-04
	117	45	2.250000	62.250000	9.840488e+04	1.460947e-04
	57	98	-12.750000	49.000000	9.956959e+04	1.415654e-04
2022	2	13	5	12
	176	0	17.000000	73.500000	9.915600e+04	1.249348e-04
	195	11	21.750000	70.750000	9.916560e+04	5.953090e-05
	269	14	40.250000	70.000000	9.922852e+04	1.981879e-04
	153	40	11.250000	63.500000	9.856737e+04	7.958651e-05
	71	95	-9.250000	49.750000	9.903682e+04	2.020235e-04
2022	2	13	4	18
	173	7	16.250000	71.750000	9.931928e+04	1.283324e-04
	274	11	41.500000	70.750000	9.926891e+04	1.612857e-04
	180	42	18.000000	63.000000	9.858442e+04	6.351646e-05
	84	92	-6.000000	50.500000	9.871340e+04	2.242968e-04
2022	2	14	5	0
	277	6	42.250000	72.000000	9.926773e+04	1.623629e-04
	236	10	32.000000	71.000000	9.924342e+04	9.228774e-05
	1	17	-26.750000	69.250000	1.000151e+05	6.008951e-05
	215	32	26.750000	65.500000	9.864597e+04	1.086736e-04
	95	89	-3.250000	51.250000	9.858442e+04	2.398753e-04
2022	2	14	2	6
	223	32	28.750000	65.500000	9.863460e+04	5.167194e-05
	103	89	-1.250000	51.250000	9.856188e+04	2.988917e-04
2022	2	14	4	12
	249	29	35.250000	66.250000	9.882924e+04	4.818170e-05
	0	43	-27.000000	62.750000	9.767884e+04	1.228971e-04
	117	79	2.250000	53.750000	9.894940e+04	1.585579e-04
	115	88	1.750000	51.500000	9.894940e+04	2.383633e-04
2022	2	14	8	18
	271	19	40.750000	68.750000	9.893529e+04	1.130711e-04
	255	29	36.750000	66.250000	9.893529e+04	6.762408e-05
	256	29	37.000000	66.250000	9.893529e+04	6.019231e-05
	0	40	-27.000000	63.500000	9.760083e+04	-7.714731e-06
	127	74	4.750000	55.000000	9.913659e+04	1.834017e-04
	127	85	4.750000	52.250000	9.913659e+04	2.064847e-04
	137	120	7.250000	43.500000	1.007949e+05	1.734685e-04
	279	120	42.750000	43.500000	1.017261e+05	-3.532131e-05
2022	2	15	8	0
	272	19	41.000000	68.750000	9.902643e+04	1.319856e-04
	273	19	41.250000	68.750000	9.902643e+04	1.197668e-04
	266	30	39.500000	66.000000	9.902643e+04	2.521923e-05
	0	40	-27.000000	63.500000	9.744186e+04	-1.451443e-05
	148	68	10.000000	56.500000	9.949353e+04	7.095296e-05
	137	82	7.250000	53.000000	9.941611e+04	1.534736e-04
	145	118	9.250000	44.000000	1.007339e+05	1.640690e-04
	280	121	43.000000	43.250000	1.018994e+05	-5.482588e-05
2022	2	15	6	6
	6	7	-25.500000	71.750000	9.879886e+04	8.846206e-06
	285	32	44.250000	65.500000	9.904055e+04	8.624124e-05
	148	78	10.000000	54.000000	9.978814e+04	1.765504e-04
	146	110	9.500000	46.000000	1.005348e+05	-1.276647e-05
	148	119	10.000000	43.750000	1.005348e+05	1.619381e-04
	280	121	43.000000	43.250000	1.020641e+05	-5.720827e-05
2022	2	15	9	12
	6	7	-25.500000	71.750000	9.830922e+04	-1.499821e-05
	288	30	45.000000	66.000000	9.933829e+04	4.041073e-06
	0	39	-27.000000	63.750000	9.670230e+04	1.553520e-04
	1	69	-26.750000	56.250000	9.680893e+04	1.966971e-04
	175	69	16.750000	56.250000	1.001416e+05	1.845133e-05
	159	74	12.750000	55.000000	1.001416e+05	1.185097e-04
	149	119	10.250000	43.750000	1.006949e+05	1.854629e-04
	278	120	42.500000	43.500000	1.016665e+05	-2.148527e-05
	163	123	13.750000	42.750000	1.006949e+05	8.134518e-05
2022	2	15	9	18
	288	27	45.000000	66.750000	9.995573e+04	1.158379e-04
	17	57	-22.750000	59.250000	9.558541e+04	3.600284e-04
	0	65	-27.000000	57.250000	9.637672e+04	3.685967e-05
	188	68	20.000000	56.500000	1.003891e+05	1.402026e-05
	172	72	16.000000	55.500000	1.003891e+05	1.178882e-04
	160	117	13.000000	44.250000	1.009521e+05	1.183034e-04
	278	120	42.500000	43.500000	1.018520e+05	-6.048092e-05
	150	124	10.500000	42.500000	1.009521e+05	1.975045e-04
	166	124	14.500000	42.500000	1.009521e+05	1.164266e-05
2022	2	16	7	0
	288	23	45.000000	67.750000	1.005722e+05	7.082813e-05
	0	45	-27.000000	62.250000	9.625754e+04	6.686472e-05
	22	50	-21.500000	61.000000	9.451322e+04	4.154702e-04
	184	70	19.000000	56.000000	1.004973e+05	9.517719e-05
	281	121	43.250000	43.250000	1.019321e+05	-3.118608e-05
	170	124	15.500000	42.500000	1.012861e+05	4.494640e-05
	152	129	11.000000	41.250000	1.012733e+05	1.065659e-04
2022	2	16	5	6
	31	44	-19.250000	62.500000	9.405945e+04	3.759011e-04
	191	67	20.750000	56.750000	1.004848e+05	8.553926e-05
	278	120	42.500000	43.500000	1.019365e+05	-2.738643e-05
	171	125	15.750000	42.250000	1.014229e+05	5.894505e-05
	156	134	12.000000	40.000000	1.013927e+05	1.289095e-04
2022	2	16	2	12
	255	6	36.750000	72.000000	1.010203e+05	1.212638e-04
	48	41	-15.000000	63.250000	9.414177e+04	2.818141e-04
2022	2	16	4	18
	261	7	38.250000	71.750000	1.007686e+05	2.202533e-04
	60	34	-12.000000	65.000000	9.420508e+04	4.352567e-04
	0	111	-27.000000	45.750000	1.008108e+05	8.694751e-05
	278	120	42.500000	43.500000	1.018514e+05	2.239961e-06
2022	2	17	10	0
	264	6	39.000000	72.000000	1.005236e+05	2.910816e-04
	288	19	45.000000	68.750000	1.013870e+05	-1.381123e-04
	52	28	-14.000000	66.500000	9.464886e+04	3.669084e-04
	23	30	-21.250000	66.000000	9.464886e+04	3.017924e-04
	0	34	-27.000000	65.000000	9.524513e+04	1.607127e-04
	156	57	12.000000	59.250000	9.869694e+04	2.731695e-04
	23	100	-21.250000	48.500000	1.004956e+05	1.191655e-04
	136	116	7.000000	44.500000	1.018089e+05	9.835884e-05
	224	120	29.000000	43.500000	1.013337e+05	1.031226e-04
	279	120	42.750000	43.500000	1.018314e+05	-5.118535e-06
2022	2	17	8	6
	266	4	39.500000	72.500000	1.003907e+05	2.551557e-04
	288	24	45.000000	67.500000	1.012492e+05	-9.268477e-05
	43	25	-16.250000	67.250000	9.505421e+04	3.930265e-04
	0	33	-27.000000	65.250000	9.553974e+04	1.490561e-04
	172	55	16.000000	59.750000	9.878612e+04	1.784658e-04
	150	110	10.500000	46.000000	1.016081e+05	6.855408e-05
	137	117	7.250000	44.250000	1.016081e+05	6.409324e-05
	232	117	31.000000	44.250000	1.011432e+05	1.475103e-04
2022	2	17	5	12
	263	1	38.750000	73.250000	1.004756e+05	1.485430e-04
	19	25	-22.250000	67.250000	9.523200e+04	4.843898e-04
	0	38	-27.000000	64.000000	9.565617e+04	-4.233933e-06
	184	50	19.000000	61.000000	9.870203e+04	1.954233e-04
	237	114	32.250000	45.000000	1.008688e+05	1.130795e-04
2022	2	17	2	18
	191	50	20.750000	61.000000	9.878965e+04	2.147031e-04
	0	135	-27.000000	39.750000	1.013210e+05	1.190766e-05
2022	2	18	5	0
	132	15	6.000000	69.750000	9.826669e+04	1.925026e-04
	5	46	-25.750000	62.000000	9.529374e+04	3.320097e-04
	203	49	23.750000	61.250000	9.897508e+04	1.696758e-04
	279	119	42.750000	43.750000	1.007651e+05	5.036940e-05
	3	133	-26.250000	40.250000	1.010991e+05	2.114102e-04
2022	2	18	6	6
	133	13	6.250000	70.250000	9.802108e+04	2.677506e-04
	17	43	-22.750000	62.750000	9.563677e+04	2.509627e-04
	213	45	26.250000	62.250000	9.892235e+04	5.854856e-05
	283	122	43.750000	43.000000	1.008884e+05	4.883557e-05
	6	138	-25.500000	39.000000	1.009356e+05	1.617346e-04
	288	154	45.000000	35.000000	1.015513e+05	-7.776959e-06
2022	2	18	7	12
	135	13	6.750000	70.250000	9.786309e+04	3.172662e-04
	221	37	28.250000	64.250000	9.890863e+04	3.379613e-05
	20	44	-22.000000	62.500000	9.628224e+04	3.269303e-04
	224	47	29.000000	61.750000	9.890863e+04	9.039085e-05
	12	136	-24.000000	39.500000	1.012604e+05	1.924203e-04
	287	141	44.750000	38.250000	1.009105e+05	-2.060251e-06
	0	150	-27.000000	36.000000	1.017585e+05	1.176399e-04
2022	2	18	4	18
	138	12	7.500000	70.500000	9.773764e+04	2.706004e-04
	227	34	29.750000	65.000000	9.875221e+04	2.937828e-05
	42	47	-16.500000	61.750000	9.687792e+04	2.617340e-04
	15	134	-23.250000	40.000000	1.011469e+05	2.312474e-04
2022	2	19	5	0
	141	13	8.250000	70.250000	9.769020e+04	3.260114e-04
	232	28	31.000000	66.500000	9.857913e+04	6.693038e-05
	62	46	-11.500000	62.000000	9.745441e+04	1.109302e-04
	188	50	20.000000	61.000000	9.871909e+04	1.273497e-04
	16	134	-23.000000	40.000000	1.013190e+05	2.020016e-04
2022	2	19	8	6
	8	6	-25.000000	72.000000	1.006016e+05	4.710822e-06
	6	14	-25.500000	70.000000	1.006016e+05	7.685232e-07
	149	14	10.250000	70.000000	9.766061e+04	3.101088e-04
	150	14	10.500000	70.000000	9.766061e+04	2.995053e-04
	204	52	24.000000	60.500000	9.844427e+04	1.605644e-04
	90	53	-4.500000	60.250000	9.783623e+04	2.172934e-04
	16	133	-23.000000	40.250000	1.013390e+05	1.705259e-04
	272	135	41.000000	39.750000	1.014211e+05	-1.374430e-05
2022	2	19	7	12
	159	15	12.750000	69.750000	9.774470e+04	3.148016e-04
	121	41	3.250000	63.250000	9.845055e+04	1.034020e-04
	110	54	0.500000	60.000000	9.834646e+04	2.264333e-04
	209	55	25.250000	59.750000	9.857442e+04	1.752178e-04
	16	129	-23.000000	41.250000	1.016487e+05	1.213199e-04
	287	142	44.750000	38.000000	1.010128e+05	1.152091e-05
	275	152	41.750000	35.500000	1.011945e+05	1.262240e-04
2022	2	19	6	18
	215	9	26.750000	71.250000	9.825826e+04	8.281264e-05
	168	16	15.000000	69.500000	9.791131e+04	3.631842e-04
	126	57	4.500000	59.250000	9.898527e+04	2.258600e-04
	224	58	29.000000	59.000000	9.884767e+04	7.275180e-05
	155	108	11.750000	46.500000	1.011395e+05	8.160723e-06
	10	130	-24.500000	41.000000	1.016119e+05	2.061550e-04
2022	2	20	9	0
	7	6	-25.250000	72.000000	1.000561e+05	9.330882e-05
	215	10	26.750000	71.000000	9.840664e+04	6.904003e-05
	241	12	33.250000	70.500000	9.840664e+04	5.822234e-05
	288	17	45.000000	69.250000	9.915482e+04	-5.428445e-05
	0	27	-27.000000	66.750000	9.864166e+04	1.576148e-04
	141	65	8.250000	57.250000	9.963702e+04	1.580125e-04
	8	124	-25.000000	42.500000	1.018230e+05	1.962643e-04
	13	162	-23.750000	33.000000	1.021975e+05	1.117023e-04
	25	162	-20.750000	33.000000	1.021975e+05	-6.041630e-06
