2022	2	10	8	0
	8	6	-25.000000	72.000000	1.001209e+05	-2.143243e-05
	166	8	14.500000	71.500000	9.679498e+04	3.658463e-05
	9	14	-24.750000	70.000000	1.001209e+05	7.533701e-05
	148	23	10.000000	67.750000	9.643527e+04	5.051686e-04
	58	56	-12.500000	59.500000	9.848434e+04	5.250114e-04
	152	106	11.000000	47.000000	1.022845e+05	-3.970233e-05
	139	110	7.750000	46.000000	1.022845e+05	-7.392385e-05
	247	152	34.750000	35.500000	1.008144e+05	1.129626e-04
2022	2	10	8	6
	8	6	-25.000000	72.000000	1.002880e+05	-1.806088e-05
	169	12	15.250000	70.500000	9.693312e+04	7.386762e-05
	195	15	21.750000	69.750000	9.708670e+04	-4.246190e-05
	1	18	-26.750000	69.000000	1.003206e+05	2.861019e-05
	165	24	14.250000	67.500000	9.685575e+04	3.262656e-04
	77	59	-7.750000	58.750000	9.896813e+04	5.119800e-04
	158	106	12.500000	47.000000	1.021907e+05	-2.872966e-05
	250	152	35.500000	35.500000	1.010094e+05	1.100697e-04
2022	2	10	6	12
	182	5	18.500000	72.250000	9.731180e+04	1.360900e-04
	8	6	-25.000000	72.000000	1.002265e+05	-6.761771e-06
	22	21	-21.500000	68.250000	1.001778e+05	5.036795e-05
	191	29	20.750000	66.250000	9.758808e+04	2.001136e-04
	94	62	-3.500000	58.000000	9.975556e+04	3.968189e-04
	137	117	7.250000	44.250000	1.022417e+05	1.124032e-04
2022	2	10	6	18
	8	6	-25.000000	72.000000	9.990426e+04	-2.603131e-05
	190	6	20.500000	72.000000	9.741223e+04	1.925143e-04
	10	14	-24.500000	70.000000	9.973973e+04	1.846152e-05
	43	16	-16.250000	69.500000	9.973973e+04	1.403789e-04
	211	30	25.750000	66.000000	9.801502e+04	1.685323e-04
	111	68	0.750000	56.500000	1.002704e+05	3.431309e-04
2022	2	11	6	0
	211	0	25.750000	73.500000	9.769242e+04	-6.318935e-05
	198	8	22.500000	71.500000	9.769242e+04	1.946238e-04
	55	12	-13.250000	70.500000	9.926102e+04	1.859135e-04
	0	71	-27.000000	55.750000	9.973934e+04	1.263344e-04
	128	72	5.000000	55.500000	1.006512e+05	2.915145e-04
	137	117	7.250000	44.250000	1.022525e+05	1.108173e-04
2022	2	11	5	6
	221	0	28.250000	73.500000	9.801951e+04	-6.628312e-05
	214	10	26.500000	71.000000	9.801951e+04	1.787754e-04
	62	13	-11.500000	70.250000	9.913832e+04	2.496976e-04
	142	77	8.500000	54.250000	1.010633e+05	2.495896e-04
	188	123	20.000000	42.750000	1.020964e+05	-9.266311e-06
2022	2	11	8	12
	230	0	30.500000	73.500000	9.842182e+04	-2.094020e-06
	226	10	29.500000	71.000000	9.842182e+04	2.020662e-04
	227	10	29.750000	71.000000	9.842182e+04	1.935365e-04
	105	13	-0.750000	70.250000	9.919479e+04	1.040684e-04
	7	60	-25.250000	58.500000	9.899432e+04	1.425183e-04
	3	72	-26.250000	55.500000	9.901288e+04	1.510659e-04
	135	119	6.750000	43.750000	1.020334e+05	8.679214e-05
	89	162	-4.750000	33.000000	1.022029e+05	-2.003750e-05
2022	2	11	5	18
	243	9	33.750000	71.250000	9.867895e+04	1.058192e-04
	120	14	3.000000	70.000000	9.892671e+04	1.367677e-04
	11	58	-24.250000	59.000000	9.872194e+04	2.058549e-04
	21	67	-21.750000	56.750000	9.872194e+04	1.554151e-04
	135	124	6.750000	42.500000	1.022070e+05	5.148824e-05
2022	2	12	7	0
	247	0	34.750000	73.500000	9.882061e+04	5.413327e-05
	245	10	34.250000	71.000000	9.882061e+04	1.093843e-04
	147	16	9.750000	69.500000	9.859044e+04	2.157016e-04
	32	54	-19.000000	60.000000	9.871588e+04	1.416884e-04
	40	61	-17.000000	58.250000	9.871588e+04	9.407625e-05
	12	62	-24.000000	58.000000	9.874461e+04	1.974613e-04
	235	90	31.750000	51.000000	1.009709e+05	1.874736e-04
2022	2	12	5	6
	158	21	12.500000	68.250000	9.876630e+04	2.208842e-04
	27	57	-20.250000	59.250000	9.856367e+04	2.081458e-04
	53	60	-13.750000	58.500000	9.855742e+04	1.426849e-04
	276	90	42.000000	51.000000	1.008205e+05	6.384782e-05
	254	93	36.500000	50.250000	1.007898e+05	1.784673e-04
2022	2	12	3	12
	256	0	37.000000	73.500000	9.903535e+04	6.686451e-05
	63	57	-11.250000	59.250000	9.845386e+04	1.317763e-04
	283	89	43.750000	51.250000	1.005022e+05	1.400339e-04
2022	2	12	3	18
	70	55	-9.500000	59.750000	9.829872e+04	1.799695e-04
	288	92	45.000000	50.500000	1.004127e+05	1.595675e-04
	16	99	-23.000000	48.750000	1.001608e+05	1.781912e-04
2022	2	13	2	0
	77	56	-7.750000	59.500000	9.828466e+04	1.527605e-04
	36	98	-18.000000	49.000000	9.928173e+04	2.338779e-04
2022	2	13	4	6
	161	0	13.250000	73.500000	9.875301e+04	1.955154e-04
	101	48	-1.750000	61.500000	9.827664e+04	9.618324e-05
	84	56	-6.000000	59.500000	9.827664e+04	1.493151e-04
	52	98	-14.000000	49.000000	9.841870e+04	3.424246e-04
2022	2	13	5	12
	173	3	16.250000	72.750000	9.876219e+04	3.241432e-04
	110	50	0.500000	61.000000	9.854570e+04	1.045211e-04
	91	58	-4.250000	59.000000	9.854218e+04	1.120013e-04
	76	92	-8.000000	50.500000	9.810528e+04	2.551495e-04
	227	144	29.750000	37.500000	1.019443e+05	1.535095e-05
2022	2	13	4	18
	185	5	19.250000	72.250000	9.878153e+04	3.623352e-04
	204	34	24.000000	65.000000	9.898826e+04	1.175901e-04
	121	50	3.250000	61.000000	9.850115e+04	1.070072e-04
	93	92	-3.750000	50.500000	9.774146e+04	2.831434e-04
2022	2	14	6	0
	187	0	19.750000	73.500000	9.890444e+04	3.704720e-05
	195	8	21.750000	71.500000	9.890444e+04	3.457827e-04
	199	16	22.750000	69.500000	9.890444e+04	-4.178192e-05
	2	17	-26.500000	69.250000	9.984779e+04	5.374241e-05
	117	76	2.250000	54.500000	9.788234e+04	1.600674e-04
	108	86	0.000000	52.000000	9.788234e+04	2.845891e-04
2022	2	14	5	6
	194	1	21.500000	73.250000	9.904688e+04	1.632318e-04
	195	1	21.750000	73.250000	9.904688e+04	1.618037e-04
	205	10	24.250000	71.000000	9.904688e+04	1.909384e-04
	132	68	6.000000	56.500000	9.783154e+04	1.833260e-04
	125	76	4.250000	54.500000	9.783154e+04	2.723097e-04
2022	2	14	4	12
	193	3	21.250000	72.750000	9.924833e+04	2.153508e-04
	271	20	40.750000	68.500000	9.922449e+04	1.284659e-04
	0	50	-27.000000	61.000000	9.775690e+04	1.100822e-04
	138	69	7.500000	56.250000	9.792943e+04	2.229226e-04
2022	2	14	6	18
	194	7	21.500000	71.750000	9.932395e+04	2.138675e-04
	252	9	36.000000	71.250000	9.910393e+04	3.038128e-05
	281	16	43.250000	69.500000	9.910393e+04	2.018578e-04
	0	40	-27.000000	63.500000	9.716525e+04	1.646080e-04
	153	65	11.250000	57.250000	9.792787e+04	1.500577e-04
	140	119	8.000000	43.750000	1.008728e+05	1.430717e-04
2022	2	15	6	0
	197	9	22.250000	71.250000	9.955470e+04	2.497357e-04
	250	10	35.500000	71.000000	9.924246e+04	5.381396e-05
	287	14	44.750000	70.000000	9.919557e+04	1.392400e-04
	2	35	-26.500000	64.750000	9.708260e+04	1.430512e-04
	168	61	15.000000	58.250000	9.801814e+04	9.504284e-05
	155	117	11.750000	44.250000	1.009193e+05	2.563826e-06
2022	2	15	3	6
	196	12	22.000000	70.500000	9.981711e+04	1.511308e-04
	257	13	37.250000	70.250000	9.953809e+04	7.096655e-05
	185	57	19.250000	59.250000	9.810509e+04	1.077296e-04
2022	2	15	7	12
	190	13	20.500000	70.250000	1.002714e+05	1.047682e-04
	259	15	37.750000	69.750000	9.996151e+04	4.107973e-05
	0	43	-27.000000	62.750000	9.669123e+04	1.133611e-04
	288	44	45.000000	62.500000	1.001845e+05	1.199416e-04
	195	51	21.750000	60.750000	9.829266e+04	1.039629e-04
	126	55	4.500000	59.750000	9.945603e+04	1.534241e-04
	0	89	-27.000000	51.250000	9.846402e+04	1.421072e-04
2022	2	15	3	18
	6	7	-25.500000	71.750000	9.861096e+04	-1.642793e-06
	209	47	25.250000	61.750000	9.854355e+04	1.098206e-04
	22	82	-21.500000	53.000000	9.796734e+04	3.206564e-04
2022	2	16	3	0
	203	49	23.750000	61.250000	9.865746e+04	1.186377e-04
	45	77	-15.750000	54.250000	9.810157e+04	2.463786e-04
	0	89	-27.000000	51.250000	9.823151e+04	8.184247e-05
2022	2	16	2	6
	218	42	27.500000	63.000000	9.873933e+04	1.466226e-04
	8	79	-25.000000	53.750000	9.639814e+04	3.758452e-04
2022	2	16	2	12
	221	41	28.250000	63.250000	9.905411e+04	9.418932e-05
	33	66	-18.750000	57.000000	9.527620e+04	4.689659e-04
2022	2	16	4	18
	249	34	35.250000	65.000000	9.944020e+04	1.139892e-04
	227	41	29.750000	63.250000	9.944020e+04	4.081078e-05
	59	52	-12.250000	60.500000	9.427677e+04	4.455111e-04
	137	120	7.250000	43.500000	1.010520e+05	1.660504e-04
2022	2	17	7	0
	247	35	34.750000	64.750000	9.966314e+04	5.829632e-05
	288	35	45.000000	64.750000	9.981184e+04	-3.159956e-05
	0	44	-27.000000	62.500000	9.625336e+04	1.539560e-04
	74	46	-8.500000	62.000000	9.427795e+04	3.274041e-04
	137	113	7.250000	45.250000	1.011532e+05	1.320475e-05
	24	115	-21.000000	44.750000	1.011714e+05	1.107128e-04
	281	121	43.250000	43.250000	1.014262e+05	-1.933418e-05
2022	2	17	7	6
	246	2	34.500000	73.000000	1.003546e+05	5.403245e-05
	225	39	29.250000	63.750000	9.964575e+04	1.034710e-04
	78	41	-7.500000	63.250000	9.452453e+04	4.530122e-04
	105	41	-0.750000	63.250000	9.452199e+04	3.935229e-04
	150	57	10.500000	59.250000	9.766057e+04	2.026913e-04
	46	105	-15.500000	47.250000	1.008791e+05	1.436109e-04
	282	122	43.500000	43.000000	1.013701e+05	-1.990870e-05
2022	2	17	8	12
	112	35	1.000000	64.750000	9.452141e+04	4.716939e-04
	0	36	-27.000000	64.500000	9.676352e+04	5.361614e-05
	81	41	-6.750000	63.250000	9.471836e+04	4.086683e-04
	182	53	18.500000	60.250000	9.857031e+04	2.495616e-04
	83	90	-6.250000	51.000000	1.008189e+05	1.275121e-04
	81	91	-6.750000	50.750000	1.008189e+05	1.261290e-04
	225	143	29.250000	37.750000	1.010041e+05	5.374643e-06
	213	145	26.250000	37.250000	1.010041e+05	8.265023e-05
2022	2	17	6	18
	112	34	1.000000	65.000000	9.407473e+04	3.457110e-04
	28	48	-20.000000	61.500000	9.708026e+04	3.194202e-04
	205	53	24.250000	60.250000	9.835167e+04	2.056647e-04
	114	83	1.500000	52.750000	1.006745e+05	1.421586e-04
	214	148	26.500000	36.500000	1.011593e+05	6.276056e-05
	269	162	40.250000	33.000000	1.013011e+05	1.319940e-04
2022	2	18	3	0
	122	31	3.500000	65.750000	9.390338e+04	3.021154e-04
	43	46	-16.250000	62.000000	9.760547e+04	2.398651e-04
	226	52	29.500000	60.500000	9.820923e+04	2.054614e-04
2022	2	18	4	6
	121	28	3.250000	66.500000	9.439635e+04	3.908488e-04
	251	50	35.750000	61.000000	9.804686e+04	1.205231e-04
	179	77	17.750000	54.250000	1.002136e+05	1.407949e-04
	45	133	-15.750000	40.250000	1.023291e+05	9.900321e-05
2022	2	18	4	12
	123	28	3.750000	66.500000	9.488718e+04	3.735163e-04
	278	47	42.500000	61.750000	9.791595e+04	1.004433e-04
	210	78	25.500000	54.000000	1.000305e+05	1.467190e-04
	49	133	-14.750000	40.250000	1.024256e+05	1.648255e-04
2022	2	18	5	18
	134	31	6.500000	65.750000	9.562927e+04	3.044945e-04
	0	46	-27.000000	62.000000	9.741672e+04	1.164270e-04
	288	46	45.000000	62.000000	9.786593e+04	1.120860e-04
	236	79	32.000000	53.750000	9.987573e+04	1.621561e-04
	51	135	-14.250000	39.750000	1.020925e+05	2.093856e-04
2022	2	19	8	0
	143	30	8.750000	66.000000	9.636160e+04	3.816176e-04
	28	38	-20.000000	64.000000	9.714688e+04	4.920673e-05
	5	39	-25.750000	63.750000	9.714688e+04	2.602493e-04
	288	45	45.000000	62.250000	9.829774e+04	8.591737e-05
	261	80	38.250000	53.500000	9.965416e+04	1.354493e-04
	151	109	10.750000	46.250000	1.023121e+05	3.330740e-05
	137	117	7.250000	44.250000	1.022568e+05	4.696331e-05
	52	141	-14.000000	38.250000	1.024223e+05	1.446301e-04
2022	2	19	6	6
	156	33	12.000000	65.250000	9.713399e+04	4.800608e-04
	288	35	45.000000	64.750000	9.867427e+04	1.640265e-04
	3	38	-26.250000	64.000000	9.727780e+04	2.832405e-04
	50	39	-14.500000	63.750000	9.778504e+04	1.821860e-04
	279	80	42.750000	53.500000	9.955059e+04	1.887936e-04
	134	118	6.500000	44.000000	1.023117e+05	1.110029e-04
2022	2	19	4	12
	10	35	-24.500000	64.750000	9.778152e+04	2.510094e-04
	178	37	17.500000	64.250000	9.809141e+04	2.998132e-04
	57	38	-12.750000	64.000000	9.829677e+04	2.307593e-04
	87	39	-5.250000	63.750000	9.831709e+04	1.591228e-04
2022	2	19	7	18
	258	0	37.500000	73.500000	9.732723e+04	2.375368e-04
	7	28	-25.250000	66.500000	9.779969e+04	3.798276e-04
	192	38	21.000000	64.000000	9.827059e+04	2.213911e-04
	134	41	6.500000	63.250000	9.875574e+04	1.266335e-04
	11	64	-24.250000	57.500000	9.911273e+04	2.706787e-04
	249	155	35.250000	34.750000	1.016653e+05	1.986882e-05
	259	162	37.750000	33.000000	1.016653e+05	1.893652e-04
2022	2	20	4	0
	267	3	39.750000	72.750000	9.732782e+04	3.164452e-04
	18	40	-22.500000	63.500000	9.775299e+04	1.002399e-05
	198	40	22.500000	63.500000	9.862600e+04	2.245308e-04
	33	51	-18.750000	60.750000	9.751891e+04	4.297757e-04
