2022	2	14	7	0
	5	6	-25.750000	72.000000	9.976003e+04	-3.024197e-05
	216	9	27.000000	71.250000	9.837320e+04	1.125633e-04
	1	17	-26.750000	69.250000	9.976003e+04	3.470377e-06
	221	20	28.250000	68.500000	9.837320e+04	7.574012e-05
	221	21	28.250000	68.250000	9.838125e+04	7.711986e-05
	116	62	2.000000	58.000000	9.848790e+04	8.136766e-05
	105	71	-0.750000	55.750000	9.848790e+04	9.675646e-05
2022	2	14	4	3
	58	4	-12.500000	72.500000	1.001233e+05	1.005331e-04
	210	9	25.500000	71.250000	9.810734e+04	2.264384e-04
	119	61	2.750000	58.250000	9.841891e+04	1.366782e-04
	109	71	0.250000	55.750000	9.841891e+04	8.624796e-05
2022	2	14	4	6
	62	3	-11.500000	72.750000	1.000822e+05	1.029600e-04
	213	9	26.250000	71.250000	9.799093e+04	2.634040e-04
	114	70	1.500000	56.000000	9.843757e+04	6.430613e-05
	115	70	1.750000	56.000000	9.843757e+04	5.178241e-05
2022	2	14	4	9
	65	2	-10.750000	73.000000	1.001464e+05	8.895066e-05
	215	9	26.750000	71.250000	9.807789e+04	2.870719e-04
	0	52	-27.000000	60.500000	9.804177e+04	1.289740e-04
	126	67	4.500000	56.750000	9.851871e+04	1.020172e-04
2022	2	14	4	12
	69	1	-9.750000	73.250000	1.001019e+05	4.018432e-05
	233	6	31.250000	72.000000	9.805205e+04	1.685452e-04
	0	49	-27.000000	61.250000	9.763434e+04	1.282715e-04
	131	64	5.750000	57.500000	9.848208e+04	1.546163e-04
2022	2	14	4	15
	75	0	-8.250000	73.500000	1.001598e+05	4.312786e-05
	233	6	31.250000	72.000000	9.813627e+04	1.231412e-04
	4	46	-26.000000	62.000000	9.723238e+04	2.394052e-04
	135	62	6.750000	58.000000	9.841155e+04	1.937504e-04
2022	2	14	4	18
	249	13	35.250000	70.250000	9.814260e+04	1.496866e-04
	250	13	35.500000	70.250000	9.814260e+04	1.467967e-04
	0	42	-27.000000	63.000000	9.694785e+04	1.318293e-04
	136	62	7.000000	58.000000	9.857623e+04	2.038774e-04
2022	2	14	6	21
	258	13	37.500000	70.250000	9.818318e+04	1.676476e-04
	0	38	-27.000000	64.000000	9.692868e+04	1.557804e-04
	27	39	-20.250000	63.750000	9.692868e+04	-4.188088e-05
	128	54	5.000000	60.000000	9.865944e+04	4.480384e-05
	140	60	8.000000	58.500000	9.865944e+04	1.996999e-04
	139	121	7.750000	43.250000	1.011508e+05	1.248946e-04
2022	2	15	7	0
	252	6	36.000000	72.000000	9.821827e+04	1.002456e-04
	6	7	-25.500000	71.750000	9.973880e+04	4.820203e-05
	264	13	39.000000	70.250000	9.821827e+04	1.871857e-04
	0	39	-27.000000	63.750000	9.727997e+04	1.123918e-04
	127	50	4.750000	61.000000	9.872569e+04	1.354427e-04
	143	59	8.750000	58.750000	9.870600e+04	2.413330e-04
	146	118	9.500000	44.000000	1.011126e+05	1.321433e-04
2022	2	15	9	3
	6	7	-25.500000	71.750000	9.969515e+04	7.139310e-05
	244	9	34.000000	71.250000	9.829634e+04	1.438156e-04
	267	12	39.750000	70.500000	9.829634e+04	1.803305e-04
	2	37	-26.500000	64.250000	9.719951e+04	1.330927e-04
	27	38	-20.250000	64.000000	9.719951e+04	2.017455e-05
	125	49	4.250000	61.250000	9.871987e+04	1.554001e-04
	148	57	10.000000	59.250000	9.866834e+04	2.763726e-04
	171	103	15.750000	47.750000	1.009918e+05	5.472294e-05
	146	117	9.500000	44.250000	1.010397e+05	9.417044e-05
2022	2	15	9	6
	276	12	42.000000	70.500000	9.840521e+04	1.689134e-04
	249	13	35.250000	70.250000	9.840521e+04	2.039638e-04
	0	34	-27.000000	65.000000	9.711734e+04	8.545197e-05
	20	40	-22.000000	63.500000	9.711734e+04	1.522771e-04
	125	49	4.250000	61.250000	9.869059e+04	1.679346e-04
	153	55	11.250000	59.750000	9.866029e+04	2.928727e-04
	0	86	-27.000000	52.000000	9.889226e+04	1.378239e-04
	159	113	12.750000	45.250000	1.010830e+05	1.148295e-04
	279	121	42.750000	43.250000	1.022358e+05	2.102424e-05
2022	2	15	6	9
	277	10	42.250000	71.000000	9.853857e+04	1.868892e-04
	0	34	-27.000000	65.000000	9.733971e+04	1.087295e-05
	125	48	4.250000	61.500000	9.863119e+04	1.917097e-04
	156	50	12.000000	61.000000	9.864951e+04	2.481590e-04
	5	83	-25.750000	52.750000	9.848807e+04	2.112454e-04
	158	111	12.500000	45.750000	1.011333e+05	9.041180e-05
2022	2	15	7	12
	282	10	43.500000	71.000000	9.867262e+04	2.101430e-04
	0	37	-27.000000	64.250000	9.748026e+04	-1.326127e-05
	61	47	-11.750000	61.750000	9.793221e+04	2.430272e-04
	126	47	4.500000	61.750000	9.861698e+04	1.649787e-04
	159	48	12.750000	61.500000	9.864146e+04	1.939550e-04
	13	80	-23.750000	53.500000	9.813130e+04	2.495734e-04
	166	111	14.500000	45.750000	1.011352e+05	1.101212e-04
2022	2	15	6	15
	282	9	43.500000	71.250000	9.875890e+04	2.312846e-04
	0	40	-27.000000	63.500000	9.736676e+04	1.776537e-05
	55	44	-13.250000	62.500000	9.782915e+04	1.988614e-04
	164	47	14.000000	61.750000	9.864437e+04	1.675417e-04
	23	77	-21.250000	54.250000	9.775656e+04	2.845411e-04
	162	162	13.500000	33.000000	1.015844e+05	1.288048e-05
2022	2	15	5	18
	287	11	44.750000	70.750000	9.887342e+04	1.363851e-04
	49	41	-14.750000	63.250000	9.776153e+04	2.082993e-04
	169	45	15.250000	62.250000	9.860962e+04	1.127534e-04
	33	75	-18.750000	54.750000	9.749430e+04	2.951716e-04
	163	162	13.750000	33.000000	1.015921e+05	-2.296902e-05
2022	2	15	4	21
	45	39	-15.750000	63.750000	9.774048e+04	2.131689e-04
	176	44	17.000000	62.500000	9.874691e+04	8.984457e-05
	44	74	-16.000000	55.000000	9.735786e+04	2.795873e-04
	165	160	14.250000	33.500000	1.017068e+05	1.437673e-05
2022	2	16	2	0
	183	42	18.750000	63.000000	9.875137e+04	9.407605e-05
	64	72	-11.000000	55.500000	9.726439e+04	2.937014e-04
2022	2	16	5	3
	242	13	33.500000	70.250000	9.936612e+04	3.325291e-05
	184	41	19.000000	63.250000	9.867313e+04	9.866530e-05
	109	55	0.250000	59.750000	9.789027e+04	8.299905e-05
	77	72	-7.750000	55.500000	9.715123e+04	3.185580e-04
	279	121	42.750000	43.250000	1.021639e+05	3.907487e-06
2022	2	16	3	6
	106	54	-0.500000	60.000000	9.772729e+04	1.088047e-04
	91	73	-4.250000	55.250000	9.710826e+04	3.237108e-04
	138	117	7.500000	44.250000	1.008420e+05	1.376946e-04
2022	2	16	3	9
	0	37	-27.000000	64.250000	9.791218e+04	8.170250e-07
	114	74	1.500000	55.000000	9.691584e+04	3.061110e-04
	138	117	7.500000	44.250000	1.007083e+05	1.442294e-04
2022	2	16	2	12
	132	74	6.000000	55.000000	9.676845e+04	3.108478e-04
	181	152	18.250000	35.500000	1.012854e+05	1.177631e-04
2022	2	16	3	15
	144	74	9.000000	55.000000	9.663953e+04	2.844135e-04
	136	115	7.000000	44.750000	1.003455e+05	6.302768e-05
	184	150	19.000000	36.000000	1.010554e+05	1.346905e-04
2022	2	16	2	18
	158	74	12.500000	55.000000	9.679309e+04	1.654497e-04
	185	149	19.250000	36.250000	1.009806e+05	2.065246e-04
2022	2	16	3	21
	288	7	45.000000	71.750000	9.921307e+04	1.006954e-04
	171	73	15.750000	55.250000	9.681963e+04	1.024971e-04
	185	147	19.250000	36.750000	1.009099e+05	2.288056e-04
2022	2	17	7	0
	288	4	45.000000	72.500000	9.927110e+04	1.264272e-04
	0	32	-27.000000	65.500000	9.915572e+04	1.380279e-05
	0	33	-27.000000	65.250000	9.915572e+04	-8.194786e-06
	178	73	17.500000	55.250000	9.685335e+04	1.077714e-04
	280	121	43.000000	43.250000	1.016854e+05	-1.257865e-05
	185	147	19.250000	36.750000	1.007226e+05	2.131841e-04
	287	153	44.750000	35.250000	1.015160e+05	1.197716e-05
2022	2	17	4	3
	286	5	44.500000	72.250000	9.929593e+04	1.319389e-04
	186	72	19.500000	55.500000	9.679463e+04	1.241520e-04
	280	121	43.000000	43.250000	1.014262e+05	-2.423537e-06
	189	152	20.250000	35.500000	1.005328e+05	2.056525e-04
2022	2	17	5	6
	286	5	44.500000	72.250000	9.934215e+04	1.104833e-04
	191	72	20.750000	55.500000	9.676177e+04	1.829920e-04
	138	116	7.500000	44.500000	1.000673e+05	4.850316e-05
	281	121	43.250000	43.250000	1.013785e+05	7.896806e-06
	191	154	20.750000	35.000000	1.005093e+05	2.366320e-04
2022	2	17	5	9
	284	5	44.000000	72.250000	9.946661e+04	1.264153e-04
	1	64	-26.750000	57.500000	9.932897e+04	1.209474e-04
	197	71	22.250000	55.750000	9.682990e+04	1.545231e-04
	179	100	17.750000	48.500000	9.874178e+04	2.206917e-04
	193	155	21.250000	34.750000	1.005518e+05	2.426997e-04
2022	2	17	9	12
	286	6	44.500000	72.000000	9.957412e+04	1.381330e-04
	128	41	5.000000	63.250000	9.791338e+04	9.771426e-05
	0	46	-27.000000	62.000000	9.953936e+04	-6.279398e-06
	4	61	-26.000000	58.250000	9.929524e+04	1.952533e-04
	203	70	23.750000	56.000000	9.684138e+04	1.923966e-04
	192	102	21.000000	48.000000	9.853327e+04	2.621226e-04
	7	105	-25.250000	47.250000	1.000682e+05	2.781633e-04
	279	120	42.750000	43.500000	1.008983e+05	2.389037e-05
	194	157	21.500000	34.250000	1.005121e+05	2.247465e-04
2022	2	17	7	15
	125	39	4.250000	63.750000	9.796594e+04	1.363150e-04
	0	46	-27.000000	62.000000	9.952584e+04	1.432787e-05
	6	59	-25.500000	58.750000	9.922694e+04	2.626484e-04
	207	68	24.750000	56.500000	9.695470e+04	1.838888e-04
	206	100	24.500000	48.500000	9.838467e+04	1.868816e-04
	18	102	-22.500000	48.000000	9.969241e+04	2.192224e-04
	198	161	22.500000	33.250000	1.005658e+05	1.579888e-04
2022	2	17	5	18
	125	40	4.250000	63.500000	9.797432e+04	1.263629e-04
	10	57	-24.500000	59.250000	9.915948e+04	2.236087e-04
	210	60	25.500000	58.500000	9.703208e+04	5.801718e-05
	25	100	-20.750000	48.500000	9.923105e+04	2.827358e-04
	212	100	26.000000	48.500000	9.832869e+04	2.396572e-04
2022	2	17	5	21
	133	39	6.250000	63.750000	9.801250e+04	7.413380e-05
	213	55	26.250000	59.750000	9.705451e+04	6.586980e-05
	13	57	-23.750000	59.250000	9.910042e+04	2.045155e-04
	35	96	-18.250000	49.500000	9.888934e+04	3.194994e-04
	219	100	27.750000	48.500000	9.834205e+04	2.516622e-04
2022	2	18	7	0
	134	38	6.500000	64.000000	9.806300e+04	8.387820e-05
	28	46	-20.000000	62.000000	9.904016e+04	1.329125e-04
	210	48	25.500000	61.500000	9.710860e+04	1.088151e-04
	13	56	-23.750000	59.500000	9.902339e+04	1.765370e-04
	59	91	-12.250000	50.750000	9.844151e+04	9.560161e-05
	43	96	-16.250000	49.500000	9.844151e+04	4.480848e-04
	224	99	29.000000	48.750000	9.843688e+04	2.561150e-04
2022	2	18	6	3
	207	43	24.750000	62.750000	9.709166e+04	6.018052e-05
	23	46	-21.250000	62.000000	9.885870e+04	1.323705e-04
	17	56	-22.750000	59.500000	9.885870e+04	1.628230e-04
	79	84	-7.250000	52.500000	9.811162e+04	1.339300e-04
	54	93	-13.500000	50.250000	9.795155e+04	4.905162e-04
	228	100	30.000000	48.500000	9.854371e+04	3.231578e-04
2022	2	18	6	6
	204	40	24.000000	63.500000	9.709730e+04	8.840176e-05
	19	48	-22.250000	61.500000	9.870395e+04	1.763874e-04
	19	58	-22.250000	59.000000	9.870395e+04	1.985505e-04
	69	87	-9.750000	51.750000	9.751895e+04	4.548181e-04
	137	120	7.250000	43.500000	1.009729e+05	1.310984e-04
	251	153	35.750000	35.250000	1.005682e+05	3.667183e-05
2022	2	18	7	9
	6	7	-25.500000	71.750000	1.003828e+05	-2.290011e-05
	202	38	23.500000	64.000000	9.711870e+04	1.226339e-04
	18	50	-22.500000	61.000000	9.867245e+04	2.236366e-04
	24	59	-21.000000	58.750000	9.867245e+04	2.049760e-04
	102	76	-1.500000	54.500000	9.703208e+04	1.786868e-04
	84	81	-6.000000	53.250000	9.703208e+04	3.834206e-04
	138	116	7.500000	44.500000	1.010407e+05	9.441128e-05
2022	2	18	3	12
	200	35	23.000000	64.750000	9.719214e+04	1.355909e-04
	18	51	-22.500000	60.750000	9.871490e+04	1.749650e-04
	93	75	-3.750000	54.750000	9.647964e+04	4.112998e-04
2022	2	18	3	15
	201	34	23.250000	65.000000	9.722844e+04	1.359676e-04
	18	51	-22.500000	60.750000	9.868888e+04	1.708975e-04
	108	72	0.000000	55.500000	9.609702e+04	3.326212e-04
2022	2	18	6	18
	201	33	23.250000	65.250000	9.723409e+04	1.200348e-04
	19	50	-22.250000	61.000000	9.867895e+04	1.890793e-04
	116	71	2.000000	55.750000	9.578426e+04	3.785053e-04
	236	141	32.000000	38.250000	1.001170e+05	5.730615e-05
	228	150	30.000000	36.000000	1.001170e+05	2.120799e-04
	272	162	41.000000	33.000000	1.005715e+05	7.566410e-05
2022	2	18	8	21
	201	32	23.250000	65.500000	9.724488e+04	1.167000e-04
	18	50	-22.500000	61.000000	9.869641e+04	2.039950e-04
	134	70	6.500000	56.000000	9.581045e+04	2.670490e-04
	243	145	33.750000	37.250000	9.996460e+04	-3.360245e-05
	231	150	30.750000	36.000000	9.996460e+04	1.416441e-04
	269	158	40.250000	34.000000	1.005977e+05	1.386548e-04
	281	162	43.250000	33.000000	1.005977e+05	-1.362836e-05
	282	162	43.500000	33.000000	1.005977e+05	-1.973679e-05
2022	2	19	5	0
	199	30	22.750000	66.000000	9.724230e+04	1.194153e-04
	17	49	-22.750000	61.250000	9.882104e+04	2.197175e-04
	150	67	10.500000	56.750000	9.577998e+04	3.358892e-04
	230	151	30.500000	35.750000	9.988808e+04	1.388157e-04
	282	162	43.500000	33.000000	1.004879e+05	9.091476e-05
2022	2	19	5	3
	198	29	22.500000	66.250000	9.724692e+04	8.864958e-05
	17	48	-22.750000	61.500000	9.887548e+04	2.183478e-04
	155	67	11.750000	56.750000	9.595134e+04	2.597760e-04
	242	158	33.500000	34.000000	9.992266e+04	1.908554e-04
	284	162	44.000000	33.000000	1.005941e+05	1.168933e-04
2022	2	19	7	6
	288	12	45.000000	70.500000	9.886247e+04	2.468255e-05
	197	29	22.250000	66.250000	9.725669e+04	1.028481e-04
	16	46	-23.000000	62.000000	9.888644e+04	1.903080e-04
	173	65	16.250000	57.250000	9.634662e+04	2.424069e-04
	138	117	7.500000	44.250000	1.008771e+05	1.236033e-04
	241	157	33.250000	34.250000	1.001765e+05	2.151494e-04
	285	161	44.250000	33.250000	1.008733e+05	1.510331e-04
2022	2	19	5	9
	181	65	18.250000	57.250000	9.651748e+04	1.583321e-04
	84	86	-6.000000	52.000000	9.955066e+04	2.223903e-04
	138	118	7.500000	44.000000	1.009716e+05	1.383601e-04
	252	155	36.000000	34.750000	1.005278e+05	4.127082e-05
	239	157	32.750000	34.250000	1.005278e+05	2.057862e-04
2022	2	19	3	12
	190	65	20.500000	57.250000	9.676519e+04	1.330037e-04
	92	87	-4.000000	51.750000	9.960459e+04	2.117767e-04
	137	119	7.250000	43.750000	1.009758e+05	1.348952e-04
2022	2	19	5	15
	157	11	12.250000	70.750000	9.736162e+04	1.002625e-04
	203	65	23.750000	57.250000	9.710124e+04	2.238542e-04
	104	87	-1.000000	51.750000	9.962616e+04	2.030233e-04
	137	119	7.250000	43.750000	1.009158e+05	1.520665e-04
	108	125	0.000000	42.250000	1.018332e+05	5.464185e-05
2022	2	19	5	18
	153	12	11.250000	70.500000	9.734434e+04	6.472771e-05
	0	52	-27.000000	60.500000	9.655770e+04	1.217173e-04
	215	63	26.750000	57.750000	9.735221e+04	1.971890e-04
	118	86	2.500000	52.000000	9.955357e+04	2.224462e-04
	120	153	3.000000	35.250000	1.016108e+05	4.115473e-05
2022	2	19	5	21
	0	48	-27.000000	61.500000	9.588646e+04	9.968744e-05
	125	52	4.250000	60.500000	9.834958e+04	2.800156e-04
	227	59	29.750000	58.750000	9.751142e+04	1.015846e-04
	126	85	4.500000	52.250000	9.971107e+04	2.111240e-04
	160	113	13.000000	45.250000	1.012230e+05	1.299225e-04
2022	2	20	4	0
	171	15	15.750000	69.750000	9.735666e+04	7.131846e-05
	0	47	-27.000000	61.750000	9.547868e+04	8.814388e-05
	129	54	5.250000	60.000000	9.866354e+04	2.510010e-04
	236	55	32.000000	59.750000	9.762612e+04	4.595767e-05
