2022	2	10	8	0
	162	7	13.500000	71.750000	9.681030e+04	9.566233e-05
	148	23	10.000000	67.750000	9.648884e+04	4.705349e-04
	61	56	-11.750000	59.500000	9.842055e+04	5.412553e-04
	152	106	11.000000	47.000000	1.022458e+05	-4.509712e-05
	139	110	7.750000	46.000000	1.022458e+05	-7.606311e-05
	38	150	-17.500000	36.000000	1.020480e+05	5.280648e-05
	247	152	34.750000	35.500000	1.007566e+05	9.662763e-05
	40	161	-17.000000	33.250000	1.020480e+05	-5.143040e-05
2022	2	10	8	6
	8	6	-25.000000	72.000000	1.003140e+05	-2.629613e-05
	166	13	14.500000	70.250000	9.674954e+04	8.046644e-05
	9	14	-24.750000	70.000000	1.003140e+05	4.640515e-05
	195	15	21.750000	69.750000	9.679972e+04	-3.153454e-06
	168	23	15.000000	67.750000	9.674954e+04	2.580055e-04
	76	59	-8.000000	58.750000	9.886688e+04	5.239416e-04
	152	106	11.000000	47.000000	1.021191e+05	-4.399625e-05
	249	150	35.250000	36.000000	1.010287e+05	8.114307e-05
2022	2	10	10	12
	8	6	-25.000000	72.000000	1.002541e+05	5.410276e-07
	208	8	25.000000	71.500000	9.728073e+04	3.711914e-05
	177	10	17.250000	71.000000	9.728073e+04	1.865922e-04
	15	21	-23.250000	68.250000	1.002006e+05	1.294295e-04
	195	28	21.750000	66.500000	9.713980e+04	2.379705e-04
	93	64	-3.750000	57.500000	9.982891e+04	4.326240e-04
	137	117	7.250000	44.250000	1.022577e+05	1.135699e-04
	281	153	43.250000	35.250000	1.010387e+05	8.889626e-05
	268	156	40.000000	34.500000	1.010387e+05	4.764260e-05
	41	157	-16.750000	34.250000	1.022738e+05	1.645455e-05
2022	2	10	10	18
	215	0	26.750000	73.500000	9.751772e+04	4.359938e-05
	216	0	27.000000	73.500000	9.753869e+04	4.737867e-05
	217	0	27.250000	73.500000	9.755417e+04	4.785055e-05
	214	8	26.500000	71.500000	9.745342e+04	3.074936e-05
	183	9	18.750000	71.250000	9.745342e+04	2.140831e-04
	8	14	-25.000000	70.000000	9.984793e+04	1.496068e-06
	35	18	-18.250000	69.000000	9.984793e+04	1.260835e-04
	214	27	26.500000	66.750000	9.761141e+04	2.532222e-04
	108	69	0.000000	56.250000	1.003117e+05	3.567130e-04
	87	156	-5.250000	34.500000	1.021470e+05	2.651178e-05
2022	2	11	6	0
	218	0	27.500000	73.500000	9.790170e+04	2.596809e-05
	191	12	20.750000	70.500000	9.782859e+04	2.604488e-04
	49	15	-14.750000	69.750000	9.966446e+04	1.244106e-04
	0	71	-27.000000	55.750000	9.970268e+04	1.083953e-04
	119	76	2.750000	54.500000	1.009683e+05	3.236168e-04
	120	76	3.000000	54.500000	1.009683e+05	3.157883e-04
2022	2	11	6	6
	228	0	30.000000	73.500000	9.816828e+04	-9.049089e-06
	71	15	-9.250000	69.750000	9.955959e+04	1.515020e-04
	104	24	-1.000000	67.500000	9.964878e+04	1.503490e-04
	0	60	-27.000000	58.500000	9.920383e+04	1.089697e-04
	130	83	5.500000	52.750000	1.016726e+05	2.361211e-04
	88	159	-5.000000	33.750000	1.023102e+05	-1.344049e-06
2022	2	11	5	12
	238	0	32.500000	73.500000	9.851876e+04	-1.749292e-05
	103	18	-1.250000	69.000000	9.956116e+04	8.695057e-05
	105	18	-0.750000	69.000000	9.956116e+04	1.017880e-04
	128	23	5.000000	67.750000	9.956116e+04	1.903197e-04
	135	119	6.750000	43.750000	1.020182e+05	1.257718e-04
2022	2	11	7	18
	253	0	36.250000	73.500000	9.868243e+04	6.473257e-05
	255	13	36.750000	70.250000	9.872947e+04	1.320820e-05
	148	22	10.000000	68.000000	9.896527e+04	1.841070e-04
	19	53	-22.250000	60.250000	9.877279e+04	1.658884e-04
	16	54	-23.000000	60.000000	9.877279e+04	1.352752e-04
	15	64	-23.250000	57.500000	9.877279e+04	8.209486e-05
	136	123	7.000000	42.750000	1.020352e+05	7.057325e-05
2022	2	12	6	0
	263	10	38.750000	71.000000	9.883120e+04	4.368074e-05
	156	21	12.000000	68.250000	9.872105e+04	3.131531e-04
	36	49	-18.000000	61.250000	9.863637e+04	1.340167e-04
	37	49	-17.750000	61.250000	9.863637e+04	1.338577e-04
	16	54	-23.000000	60.000000	9.863048e+04	1.985374e-04
	32	62	-19.000000	58.000000	9.863048e+04	1.685622e-04
2022	2	12	4	6
	267	8	39.750000	71.500000	9.895234e+04	4.001300e-05
	266	20	39.500000	68.500000	9.900879e+04	1.035705e-04
	179	25	17.750000	67.250000	9.932614e+04	5.809758e-05
	46	58	-15.500000	59.000000	9.837351e+04	1.498195e-04
2022	2	12	1	12
	59	54	-12.250000	60.000000	9.824297e+04	1.422058e-04
2022	2	12	1	18
	69	52	-9.750000	60.500000	9.807283e+04	1.551136e-04
2022	2	13	2	0
	84	52	-6.000000	60.500000	9.807695e+04	1.581331e-04
	53	97	-13.750000	49.250000	9.968484e+04	1.640327e-04
2022	2	13	2	6
	38	36	-17.500000	64.500000	1.000090e+05	3.128926e-06
	71	92	-9.250000	50.500000	9.879769e+04	2.483802e-04
2022	2	13	5	12
	9	36	-24.750000	64.500000	1.004050e+05	9.805922e-05
	40	36	-17.000000	64.500000	1.004187e+05	-2.929363e-05
	164	37	14.000000	64.250000	9.816456e+04	3.584702e-05
	108	51	0.000000	60.750000	9.824159e+04	2.609068e-04
	85	87	-5.750000	51.750000	9.844388e+04	2.791533e-04
2022	2	13	5	18
	6	14	-25.500000	70.000000	9.941141e+04	7.014968e-05
	215	28	26.750000	66.500000	9.806949e+04	1.523577e-04
	7	34	-25.250000	65.000000	1.002603e+05	1.247639e-04
	41	36	-16.750000	64.500000	1.003858e+05	-3.701455e-07
	100	82	-2.000000	53.000000	9.799089e+04	2.435474e-04
2022	2	14	3	0
	1	17	-26.750000	69.250000	9.951216e+04	4.267373e-05
	231	24	30.750000	67.500000	9.816907e+04	8.449588e-05
	115	76	1.750000	54.500000	9.773921e+04	3.261788e-04
2022	2	14	4	6
	246	12	34.500000	70.500000	9.792680e+04	1.833759e-04
	128	73	5.000000	55.250000	9.769412e+04	3.502443e-04
	278	120	42.500000	43.500000	1.017469e+05	3.603935e-05
	271	131	40.750000	40.750000	1.016138e+05	3.950585e-05
2022	2	14	5	12
	246	9	34.500000	71.250000	9.758554e+04	3.082214e-04
	0	41	-27.000000	63.250000	9.799834e+04	1.252951e-04
	128	55	5.000000	59.750000	9.816338e+04	7.524730e-05
	145	68	9.250000	56.500000	9.804166e+04	2.333102e-04
	278	120	42.500000	43.500000	1.015529e+05	3.799653e-05
2022	2	14	4	18
	262	9	38.500000	71.250000	9.734463e+04	2.306955e-04
	0	32	-27.000000	65.500000	9.743716e+04	1.837773e-04
	159	63	12.750000	57.750000	9.846603e+04	2.004450e-04
	278	120	42.500000	43.500000	1.017457e+05	1.238980e-05
2022	2	15	7	0
	269	6	40.250000	72.000000	9.726702e+04	2.828857e-04
	6	7	-25.500000	71.750000	9.852876e+04	-5.486942e-06
	0	27	-27.000000	66.750000	9.722683e+04	1.372831e-04
	25	34	-20.750000	65.000000	9.722742e+04	9.180569e-05
	178	59	17.500000	58.750000	9.886452e+04	1.676255e-04
	145	117	9.250000	44.250000	1.012222e+05	1.153962e-04
	280	121	43.000000	43.250000	1.019204e+05	5.500989e-06
2022	2	15	6	6
	285	5	44.250000	72.250000	9.734267e+04	2.955570e-04
	6	7	-25.500000	71.750000	9.764081e+04	-3.843215e-05
	9	24	-24.750000	67.500000	9.679070e+04	2.455429e-04
	193	54	21.250000	60.000000	9.903780e+04	2.109628e-04
	1	66	-26.750000	57.000000	9.633634e+04	1.685118e-04
	280	121	43.000000	43.250000	1.020535e+05	1.806408e-06
2022	2	15	3	12
	199	54	22.750000	60.000000	9.937455e+04	1.942985e-04
	22	55	-21.500000	59.750000	9.473902e+04	4.332272e-04
	141	152	8.250000	35.500000	1.015221e+05	4.676133e-05
2022	2	15	3	18
	36	46	-18.000000	62.000000	9.413471e+04	4.737793e-04
	212	52	26.000000	60.500000	9.973502e+04	1.616361e-04
	279	120	42.750000	43.500000	1.021017e+05	3.362247e-05
2022	2	16	2	0
	50	41	-14.500000	63.250000	9.399966e+04	3.269294e-04
	226	48	29.500000	61.500000	9.988066e+04	1.690690e-04
2022	2	16	4	6
	0	29	-27.000000	66.250000	9.537470e+04	1.213267e-04
	61	36	-11.750000	64.500000	9.377855e+04	2.730056e-04
	247	45	34.750000	62.250000	9.987831e+04	7.876147e-05
	228	48	30.000000	61.500000	9.987831e+04	1.625424e-04
2022	2	16	4	12
	55	26	-13.250000	67.000000	9.390380e+04	3.391584e-04
	26	27	-20.500000	66.750000	9.390380e+04	2.942740e-04
	232	46	31.000000	62.000000	9.989987e+04	1.555153e-04
	128	61	5.000000	58.250000	9.763611e+04	2.732890e-04
2022	2	16	7	18
	0	11	-27.000000	70.750000	9.509891e+04	-5.238680e-05
	3	20	-26.250000	68.500000	9.410120e+04	-3.048103e-04
	34	22	-18.500000	68.000000	9.410120e+04	4.185133e-04
	0	28	-27.000000	66.500000	9.484742e+04	2.071211e-04
	238	45	32.500000	62.250000	9.990595e+04	1.213919e-04
	239	45	32.750000	62.250000	9.990595e+04	1.109374e-04
	152	57	11.000000	59.250000	9.727584e+04	3.398719e-04
2022	2	17	3	0
	0	25	-27.000000	67.250000	9.455477e+04	2.331878e-04
	288	37	45.000000	64.250000	1.001198e+05	1.631495e-05
	164	55	14.000000	59.750000	9.718430e+04	3.105770e-04
2022	2	17	4	6
	63	18	-11.250000	69.000000	9.699710e+04	1.430832e-04
	180	53	18.000000	60.250000	9.708825e+04	2.351216e-04
	138	117	7.500000	44.250000	1.020631e+05	1.092650e-04
	280	121	43.000000	43.250000	1.018296e+05	7.911705e-06
2022	2	17	4	12
	45	15	-15.750000	69.750000	9.744460e+04	2.098874e-04
	22	18	-21.500000	69.000000	9.744460e+04	3.131966e-04
	0	39	-27.000000	63.750000	9.664977e+04	1.042609e-04
	194	58	21.500000	59.000000	9.735757e+04	2.393709e-04
2022	2	17	2	18
	21	18	-21.750000	69.000000	9.747302e+04	3.371432e-04
	204	59	24.000000	58.750000	9.770941e+04	2.710606e-04
2022	2	18	5	0
	69	13	-9.750000	70.250000	9.789171e+04	1.695854e-04
	0	40	-27.000000	63.500000	9.603527e+04	1.405298e-04
	101	42	-1.750000	63.000000	9.786348e+04	2.421682e-04
	288	46	45.000000	62.000000	1.001800e+05	5.412629e-05
	217	60	27.250000	58.500000	9.823199e+04	2.408570e-04
2022	2	18	5	6
	78	26	-7.500000	67.000000	9.725682e+04	1.625207e-04
	110	34	0.500000	65.000000	9.704709e+04	3.239108e-04
	3	38	-26.250000	64.000000	9.642376e+04	1.551009e-04
	227	62	29.750000	58.000000	9.876652e+04	1.870235e-04
	79	162	-7.250000	33.000000	1.022387e+05	9.495879e-06
2022	2	18	7	12
	78	24	-7.500000	67.500000	9.683147e+04	2.143685e-04
	106	25	-0.500000	67.250000	9.683147e+04	3.646190e-04
	36	35	-18.000000	64.750000	9.692830e+04	3.168939e-05
	23	42	-21.250000	63.000000	9.692830e+04	2.337826e-04
	235	51	31.750000	60.750000	9.911777e+04	5.961642e-05
	255	118	36.750000	44.000000	1.006759e+05	2.204288e-04
	277	119	42.250000	43.750000	1.006451e+05	1.717750e-05
2022	2	18	5	18
	128	21	5.000000	68.250000	9.641494e+04	4.267757e-04
	76	22	-8.000000	68.000000	9.692771e+04	2.605653e-04
	52	38	-14.000000	64.000000	9.698887e+04	2.673006e-04
	241	47	33.250000	61.750000	9.911954e+04	1.927426e-05
	185	64	19.250000	57.500000	9.884748e+04	2.957921e-04
2022	2	19	10	0
	6	7	-25.500000	71.750000	9.868047e+04	-6.604979e-06
	135	15	6.750000	69.750000	9.610975e+04	4.955355e-04
	94	20	-3.500000	68.500000	9.654098e+04	7.837424e-05
	72	22	-9.000000	68.000000	9.697495e+04	2.102613e-04
	82	32	-6.500000	65.500000	9.697495e+04	2.835318e-04
	250	43	35.500000	62.750000	9.914228e+04	4.779888e-05
	201	68	23.250000	56.500000	9.901663e+04	2.416841e-04
	137	117	7.250000	44.250000	1.023316e+05	1.092245e-04
	274	154	41.500000	35.000000	9.999298e+04	2.205343e-05
	261	158	38.250000	34.000000	9.999298e+04	2.059350e-04
2022	2	19	7	6
	5	6	-25.750000	72.000000	9.877710e+04	-1.943317e-06
	138	12	7.500000	70.500000	9.589060e+04	3.996904e-04
	288	24	45.000000	67.500000	9.952078e+04	-6.701895e-05
	224	74	29.000000	55.000000	9.941317e+04	1.521986e-04
	134	118	6.500000	44.000000	1.023281e+05	1.128745e-04
	268	124	40.000000	42.500000	1.014694e+05	1.131008e-04
	270	160	40.500000	33.500000	1.001827e+05	2.164990e-04
2022	2	19	9	12
	143	8	8.750000	71.500000	9.578064e+04	3.535266e-04
	0	65	-27.000000	57.250000	9.845447e+04	1.315374e-04
	240	78	33.000000	54.000000	9.980853e+04	9.071310e-05
	134	115	6.500000	44.750000	1.025717e+05	6.526610e-05
	144	125	9.000000	42.250000	1.025343e+05	1.160945e-04
	146	134	9.500000	40.000000	1.025343e+05	-3.253184e-05
	283	143	43.750000	37.750000	1.005261e+05	-6.371283e-06
	273	152	41.250000	35.500000	1.002358e+05	4.346951e-05
	277	162	42.250000	33.000000	1.002358e+05	9.070239e-05
2022	2	19	4	18
	147	6	9.750000	72.000000	9.583964e+04	3.431941e-04
	19	57	-22.250000	59.250000	9.747205e+04	2.754684e-04
	250	79	35.500000	53.750000	1.001331e+05	1.012314e-04
	84	162	-6.000000	33.000000	1.020556e+05	1.392192e-04
2022	2	20	3	0
	161	4	13.250000	72.500000	9.600841e+04	2.923977e-04
	47	50	-15.250000	61.000000	9.686950e+04	3.378382e-04
	254	78	36.500000	54.000000	1.002262e+05	7.169930e-05
