2022	2	10	5	0
	165	6	14.250000	72.000000	9.686499e+04	5.544420e-05
	148	23	10.000000	67.750000	9.658508e+04	4.542242e-04
	58	56	-12.500000	59.500000	9.858619e+04	4.883651e-04
	152	106	11.000000	47.000000	1.022395e+05	-3.838295e-05
	139	110	7.750000	46.000000	1.022395e+05	-7.027882e-05
2022	2	10	6	6
	8	6	-25.000000	72.000000	1.003391e+05	-1.958350e-05
	178	6	17.500000	72.000000	9.723644e+04	1.003001e-04
	166	23	14.500000	67.750000	9.700534e+04	2.977651e-04
	76	59	-8.000000	58.750000	9.911268e+04	5.249545e-04
	152	106	11.000000	47.000000	1.021895e+05	-4.380933e-05
	249	152	35.250000	35.500000	1.010279e+05	7.320202e-05
2022	2	10	10	12
	210	1	25.500000	73.250000	9.739089e+04	-1.547828e-05
	180	5	18.000000	72.250000	9.739089e+04	1.355113e-04
	8	6	-25.000000	72.000000	1.002688e+05	-2.192190e-05
	21	20	-21.750000	68.500000	1.002194e+05	1.015945e-04
	191	29	20.750000	66.250000	9.766747e+04	1.562075e-04
	94	64	-3.500000	57.500000	1.000430e+05	3.394148e-04
	137	117	7.250000	44.250000	1.022565e+05	1.206870e-04
	284	137	44.000000	39.250000	1.009815e+05	3.964670e-05
	270	147	40.500000	36.750000	1.010438e+05	6.355819e-05
	85	160	-5.750000	33.500000	1.023489e+05	1.211084e-07
2022	2	10	10	18
	214	0	26.500000	73.500000	9.754418e+04	2.607746e-05
	8	6	-25.000000	72.000000	1.000343e+05	-2.589705e-05
	191	7	20.750000	71.750000	9.754418e+04	1.692453e-04
	192	7	21.000000	71.750000	9.754418e+04	1.669755e-04
	9	14	-24.750000	70.000000	9.979148e+04	1.103459e-05
	39	16	-17.250000	69.500000	9.979148e+04	1.398559e-04
	211	30	25.750000	66.000000	9.807498e+04	1.485803e-04
	111	68	0.750000	56.500000	1.004344e+05	2.821792e-04
	137	117	7.250000	44.250000	1.022863e+05	9.346803e-05
	89	157	-4.750000	34.250000	1.021033e+05	-1.801591e-05
2022	2	11	6	0
	220	0	28.000000	73.500000	9.786564e+04	1.151662e-06
	201	8	23.250000	71.500000	9.786564e+04	2.554045e-04
	48	13	-15.000000	70.250000	9.948295e+04	1.762663e-04
	123	74	3.750000	55.000000	1.008801e+05	2.960277e-04
	0	75	-27.000000	54.750000	9.963584e+04	1.617084e-04
	137	117	7.250000	44.250000	1.021550e+05	9.469434e-05
2022	2	11	6	6
	226	0	29.500000	73.500000	9.827276e+04	-2.368999e-05
	49	14	-14.750000	70.000000	9.962408e+04	1.859900e-04
	82	15	-6.500000	69.750000	9.962408e+04	1.227804e-04
	3	65	-26.250000	57.250000	9.894607e+04	1.950420e-04
	135	79	6.750000	53.750000	1.013482e+05	2.308693e-04
	188	123	20.000000	42.750000	1.021366e+05	-2.057074e-07
2022	2	11	5	12
	230	0	30.500000	73.500000	9.861638e+04	-2.550749e-05
	103	16	-1.250000	69.500000	9.954195e+04	8.969261e-05
	0	60	-27.000000	58.500000	9.858795e+04	1.547111e-04
	3	68	-26.250000	56.500000	9.858795e+04	1.083936e-04
	135	119	6.750000	43.750000	1.020117e+05	7.356847e-05
2022	2	11	9	18
	238	0	32.500000	73.500000	9.874260e+04	2.756458e-06
	233	8	31.250000	71.500000	9.874260e+04	1.472224e-04
	261	12	38.250000	70.500000	9.874260e+04	4.137272e-05
	138	20	7.500000	68.500000	9.928791e+04	1.841308e-04
	153	31	11.250000	65.750000	9.931752e+04	2.402779e-04
	30	55	-19.500000	59.750000	9.879416e+04	1.173790e-04
	0	63	-27.000000	57.750000	9.861539e+04	1.155038e-04
	18	64	-22.500000	57.500000	9.861539e+04	1.279839e-04
	135	123	6.750000	42.750000	1.020978e+05	5.886014e-05
2022	2	12	6	0
	247	0	34.750000	73.500000	9.880376e+04	6.861635e-05
	263	10	38.750000	71.000000	9.880376e+04	4.826955e-05
	264	10	39.000000	71.000000	9.880376e+04	5.797342e-05
	152	19	11.000000	68.750000	9.879670e+04	2.518080e-04
	26	55	-20.500000	59.750000	9.862460e+04	1.360873e-04
	231	92	30.750000	50.500000	1.012477e+05	1.313148e-04
2022	2	12	3	6
	267	9	39.750000	71.250000	9.870772e+04	7.333165e-05
	163	23	13.750000	67.750000	9.887884e+04	3.384749e-04
	57	55	-12.750000	59.750000	9.846858e+04	1.347673e-04
2022	2	12	2	12
	271	7	40.750000	71.750000	9.878161e+04	8.533248e-05
	64	54	-11.000000	60.000000	9.840585e+04	1.619113e-04
2022	2	12	3	18
	273	3	41.250000	72.750000	9.889530e+04	1.163613e-04
	266	15	39.500000	69.750000	9.890196e+04	7.548930e-05
	78	53	-7.500000	60.250000	9.829746e+04	1.391352e-04
2022	2	13	4	0
	161	0	13.250000	73.500000	9.874456e+04	9.752213e-05
	274	0	41.500000	73.500000	9.913052e+04	4.738722e-05
	269	15	40.250000	69.750000	9.914620e+04	6.521338e-05
	269	16	40.250000	69.500000	9.914620e+04	6.443210e-05
2022	2	13	2	6
	175	1	16.750000	73.250000	9.856031e+04	1.223740e-04
	138	39	7.500000	63.750000	9.800167e+04	1.802152e-04
2022	2	13	3	12
	185	0	19.250000	73.500000	9.861774e+04	1.609011e-04
	161	40	13.250000	63.500000	9.811575e+04	2.385582e-07
	271	120	40.750000	43.500000	1.025257e+05	2.611862e-05
2022	2	13	2	18
	203	30	23.750000	66.000000	9.798541e+04	1.833500e-04
	195	38	21.750000	64.000000	9.798541e+04	3.816825e-05
2022	2	14	2	0
	214	27	26.500000	66.750000	9.809772e+04	1.291362e-04
	138	54	7.500000	60.000000	9.881945e+04	1.822917e-06
2022	2	14	4	6
	228	10	30.000000	71.000000	9.825238e+04	2.088777e-04
	225	25	29.250000	67.250000	9.818122e+04	1.143344e-04
	264	137	39.000000	39.250000	1.015029e+05	-3.138982e-05
	280	142	43.000000	38.000000	1.015040e+05	-1.694959e-05
2022	2	14	4	12
	228	10	30.000000	71.000000	9.811144e+04	1.436915e-04
	245	19	34.250000	68.750000	9.811144e+04	1.053580e-04
	0	41	-27.000000	63.250000	9.794267e+04	4.660213e-05
	278	120	42.500000	43.500000	1.015691e+05	2.432558e-05
2022	2	14	4	18
	234	12	31.500000	70.500000	9.793816e+04	1.588220e-04
	288	20	45.000000	68.500000	9.929537e+04	-5.323312e-05
	0	32	-27.000000	65.500000	9.692301e+04	1.213435e-04
	279	120	42.750000	43.500000	1.016812e+05	1.274136e-05
2022	2	15	7	0
	6	7	-25.500000	71.750000	9.788681e+04	-4.251347e-07
	238	10	32.500000	71.000000	9.781546e+04	2.570796e-04
	288	20	45.000000	68.500000	9.897821e+04	-1.164575e-05
	0	28	-27.000000	66.500000	9.707120e+04	1.249527e-04
	36	29	-18.000000	66.250000	9.715117e+04	3.162240e-05
	280	121	43.000000	43.250000	1.018045e+05	-1.657540e-05
	130	130	5.500000	41.000000	1.011553e+05	1.155716e-06
2022	2	15	6	6
	33	14	-18.750000	70.000000	9.708295e+04	2.425993e-04
	247	16	34.750000	69.500000	9.781350e+04	3.025226e-04
	172	104	16.000000	47.500000	1.012712e+05	9.621953e-05
	280	121	43.000000	43.250000	1.019723e+05	-4.447727e-05
	131	123	5.750000	42.750000	1.011761e+05	8.547705e-05
	122	137	3.500000	39.250000	1.011575e+05	1.475939e-04
2022	2	15	7	12
	33	10	-18.750000	71.000000	9.720938e+04	1.381940e-04
	56	13	-13.000000	70.250000	9.720938e+04	1.616568e-04
	257	17	37.250000	69.250000	9.824826e+04	2.174280e-04
	1	70	-26.750000	56.000000	9.758730e+04	1.770117e-04
	184	104	19.000000	47.500000	1.015205e+05	2.105566e-04
	277	121	42.250000	43.250000	1.017069e+05	-6.714532e-05
	134	131	6.500000	40.750000	1.012684e+05	6.994409e-05
2022	2	15	7	18
	39	5	-17.250000	72.250000	9.690517e+04	1.578266e-04
	265	22	39.250000	68.000000	9.869164e+04	2.297239e-04
	0	31	-27.000000	65.750000	9.661880e+04	4.357177e-05
	34	54	-18.500000	60.000000	9.658234e+04	2.967435e-04
	189	104	20.250000	47.500000	1.019276e+05	1.867454e-04
	278	120	42.500000	43.500000	1.019925e+05	-6.516512e-05
	135	127	6.750000	41.750000	1.013478e+05	9.701183e-05
2022	2	16	6	0
	36	4	-18.000000	72.500000	9.699553e+04	2.095249e-04
	285	16	44.250000	69.500000	9.908092e+04	2.864537e-05
	279	27	42.750000	66.750000	9.908092e+04	2.017814e-04
	59	41	-12.250000	63.250000	9.550014e+04	4.479652e-04
	279	120	42.750000	43.500000	1.020490e+05	-5.712534e-05
	135	140	6.750000	38.500000	1.014662e+05	1.717248e-04
2022	2	16	8	6
	38	3	-17.500000	72.750000	9.715137e+04	3.314744e-04
	278	17	42.500000	69.250000	9.949393e+04	7.941583e-05
	286	29	44.500000	66.250000	9.948177e+04	1.495320e-04
	0	30	-27.000000	66.000000	9.631145e+04	1.735184e-04
	81	33	-6.750000	65.250000	9.498855e+04	5.015177e-04
	278	121	42.500000	43.250000	1.020862e+05	-5.032427e-05
	124	135	4.000000	39.750000	1.014846e+05	1.479507e-04
	135	138	6.750000	39.000000	1.014846e+05	1.536398e-04
2022	2	16	4	12
	106	21	-0.500000	68.250000	9.488191e+04	2.311897e-04
	0	29	-27.000000	66.250000	9.658998e+04	1.049120e-04
	134	112	6.500000	45.500000	1.024510e+05	3.803746e-05
	133	139	6.250000	38.750000	1.017673e+05	1.481783e-04
2022	2	16	4	18
	139	16	7.750000	69.500000	9.479724e+04	2.443623e-04
	288	24	45.000000	67.500000	1.003299e+05	8.996821e-05
	0	29	-27.000000	66.250000	9.671484e+04	1.247979e-04
	130	143	5.500000	37.750000	1.017297e+05	1.617561e-04
2022	2	17	4	0
	155	13	11.750000	70.250000	9.484232e+04	3.232252e-04
	288	19	45.000000	68.750000	1.002200e+05	-4.080174e-05
	13	25	-23.750000	67.250000	9.725055e+04	1.776305e-04
	168	162	15.000000	33.000000	1.018179e+05	7.739844e-05
2022	2	17	6	6
	169	8	15.250000	71.500000	9.497345e+04	2.509970e-04
	23	23	-21.250000	67.750000	9.757319e+04	6.658878e-05
	119	42	2.750000	63.000000	9.865479e+04	3.346503e-04
	82	125	-6.500000	42.250000	1.028242e+05	-1.351240e-05
	86	133	-5.500000	40.250000	1.027250e+05	2.200487e-06
	131	143	5.750000	37.750000	1.017457e+05	1.042645e-04
2022	2	17	4	12
	163	2	13.750000	73.000000	9.526571e+04	2.526313e-04
	137	109	7.250000	46.250000	1.027685e+05	8.069810e-05
	163	158	13.750000	34.000000	1.016973e+05	5.735955e-05
	87	162	-5.250000	33.000000	1.023369e+05	3.572696e-05
2022	2	17	2	18
	161	0	13.250000	73.500000	9.518829e+04	2.094121e-04
	161	162	13.250000	33.000000	1.015870e+05	1.795794e-04
2022	2	18	5	0
	147	0	9.750000	73.500000	9.532334e+04	1.736632e-04
	0	17	-27.000000	69.250000	9.866695e+04	-3.400780e-06
	288	17	45.000000	69.250000	9.884904e+04	-2.570018e-06
	0	32	-27.000000	65.500000	9.845055e+04	1.154146e-04
	156	162	12.000000	33.000000	1.014290e+05	9.716992e-05
2022	2	18	2	6
	129	0	5.250000	73.500000	9.529512e+04	1.019881e-04
	150	158	10.500000	34.000000	1.013024e+05	1.333288e-04
2022	2	18	9	12
	124	0	4.000000	73.500000	9.555914e+04	1.125676e-04
	125	0	4.250000	73.500000	9.555914e+04	1.085019e-04
	288	24	45.000000	67.500000	9.808066e+04	7.907805e-05
	4	27	-26.000000	66.750000	9.946923e+04	1.092209e-04
	0	42	-27.000000	63.000000	9.957448e+04	4.542848e-05
	148	156	10.000000	34.500000	1.013267e+05	1.390363e-04
	91	162	-4.250000	33.000000	1.021532e+05	5.378210e-05
	157	162	12.250000	33.000000	1.013267e+05	7.234851e-05
	272	162	41.000000	33.000000	1.011122e+05	-4.979343e-05
2022	2	18	5	18
	122	0	3.500000	73.500000	9.578612e+04	2.010744e-04
	271	21	40.750000	68.250000	9.764610e+04	1.235186e-04
	280	50	43.000000	61.000000	9.740285e+04	1.719940e-04
	84	162	-6.000000	33.000000	1.021915e+05	5.890413e-05
	158	162	12.500000	33.000000	1.013270e+05	8.815620e-05
2022	2	19	5	0
	128	2	5.000000	73.000000	9.648374e+04	2.354991e-04
	279	25	42.750000	67.250000	9.781840e+04	9.189043e-05
	0	27	-27.000000	66.750000	9.837978e+04	1.958405e-04
	118	147	2.500000	36.750000	1.015144e+05	1.959102e-04
	157	161	12.250000	33.250000	1.015064e+05	8.691991e-05
2022	2	19	4	6
	141	5	8.250000	72.250000	9.720135e+04	3.120961e-04
	142	5	8.500000	72.250000	9.720135e+04	3.047897e-04
	285	149	44.250000	36.250000	1.014784e+05	-4.837242e-05
	113	157	1.250000	34.250000	1.015160e+05	1.059188e-04
2022	2	19	6	12
	195	0	21.750000	73.500000	9.795718e+04	5.561940e-08
	231	4	30.750000	72.500000	9.833705e+04	1.879510e-04
	172	11	16.000000	70.750000	9.795032e+04	2.542054e-04
	36	32	-18.000000	65.500000	9.870576e+04	5.938160e-05
	150	155	10.500000	34.750000	1.016534e+05	6.553505e-05
	150	156	10.500000	34.500000	1.016534e+05	5.506116e-05
2022	2	19	4	18
	238	6	32.500000	72.000000	9.870948e+04	1.597478e-04
	196	12	22.000000	70.500000	9.886021e+04	1.010518e-04
	0	31	-27.000000	65.750000	9.819180e+04	9.844797e-05
	148	157	10.000000	34.250000	1.015997e+05	5.395925e-05
2022	2	20	4	0
	242	7	33.500000	71.750000	9.917717e+04	1.644265e-04
	83	11	-6.250000	70.750000	9.794561e+04	1.992774e-04
	288	25	45.000000	67.250000	9.954293e+04	1.410516e-04
	0	28	-27.000000	66.500000	9.848680e+04	1.367822e-04
