2022	2	16	5	0
	53	39	-13.750000	63.750000	9.735788e+04	3.394597e-04
	118	54	2.500000	60.000000	9.798494e+04	2.472996e-04
	65	67	-10.750000	56.750000	9.712544e+04	3.376847e-04
	171	120	15.750000	43.500000	1.014237e+05	1.697151e-05
	280	121	43.000000	43.250000	1.021050e+05	2.094032e-05
2022	2	16	6	3
	46	37	-15.500000	64.250000	9.753604e+04	2.823847e-04
	123	54	3.750000	60.000000	9.792942e+04	2.331779e-04
	74	66	-8.500000	57.000000	9.712280e+04	3.006349e-04
	89	70	-4.750000	56.000000	9.712280e+04	1.870693e-04
	280	121	43.000000	43.250000	1.022063e+05	3.287672e-05
	173	122	16.250000	43.000000	1.013901e+05	3.133635e-05
2022	2	16	2	6
	84	66	-6.000000	57.000000	9.739447e+04	3.173517e-04
	99	67	-2.250000	56.750000	9.739447e+04	2.358860e-04
2022	2	16	3	9
	111	66	0.750000	57.000000	9.749200e+04	2.289355e-04
	137	116	7.250000	44.500000	1.011810e+05	8.375003e-05
	184	129	19.000000	41.250000	1.014453e+05	1.078244e-04
2022	2	16	4	12
	64	56	-11.000000	59.500000	9.752891e+04	7.236990e-05
	120	66	3.000000	57.000000	9.742889e+04	2.300234e-04
	63	69	-11.250000	56.250000	9.751495e+04	2.024473e-04
	184	136	19.000000	39.500000	1.012260e+05	1.607486e-04
2022	2	16	3	15
	132	66	6.000000	57.000000	9.724468e+04	2.116446e-04
	133	66	6.250000	57.000000	9.724468e+04	2.114618e-04
	78	68	-7.500000	56.500000	9.735043e+04	2.240760e-04
2022	2	16	4	18
	124	45	4.000000	62.250000	9.741323e+04	9.960349e-05
	143	66	8.750000	57.000000	9.725476e+04	2.350070e-04
	148	108	10.000000	46.500000	1.005135e+05	-4.146341e-05
	186	135	19.500000	39.750000	1.011280e+05	1.219530e-04
2022	2	16	3	21
	125	43	4.250000	62.750000	9.732748e+04	1.072587e-04
	153	66	11.250000	57.000000	9.703441e+04	1.763540e-04
	279	120	42.750000	43.500000	1.020774e+05	-3.523801e-05
2022	2	17	5	0
	288	10	45.000000	71.000000	9.892026e+04	1.011983e-04
	126	42	4.500000	63.000000	9.731941e+04	1.159134e-04
	185	61	19.250000	58.250000	9.676275e+04	2.138806e-04
	156	67	12.000000	56.750000	9.688462e+04	2.307945e-04
	137	117	7.250000	44.250000	1.009525e+05	8.199667e-05
2022	2	17	3	3
	127	42	4.750000	63.000000	9.734531e+04	9.421913e-05
	191	58	20.750000	59.000000	9.647186e+04	2.512661e-04
	168	69	15.000000	56.250000	9.665157e+04	1.984131e-04
2022	2	17	3	6
	127	41	4.750000	63.250000	9.737338e+04	8.720103e-05
	195	56	21.750000	59.500000	9.626749e+04	2.488823e-04
	196	69	22.000000	56.250000	9.631137e+04	1.498422e-04
2022	2	17	4	9
	130	41	5.500000	63.250000	9.745323e+04	8.823460e-05
	198	55	22.500000	59.750000	9.624826e+04	2.278012e-04
	206	63	24.500000	57.750000	9.624826e+04	1.995958e-04
	191	156	20.750000	34.500000	1.011970e+05	1.142258e-04
2022	2	17	5	12
	134	40	6.500000	63.500000	9.753727e+04	9.984012e-05
	202	55	23.500000	59.750000	9.627121e+04	2.178528e-04
	279	120	42.750000	43.500000	1.012348e+05	-1.347820e-05
	196	143	22.000000	37.750000	1.010620e+05	1.913325e-05
	192	156	21.000000	34.500000	1.010664e+05	1.093984e-04
2022	2	17	3	15
	140	39	8.000000	63.750000	9.755945e+04	9.173839e-05
	209	53	25.250000	60.250000	9.633912e+04	1.091174e-04
	193	157	21.250000	34.250000	1.010488e+05	1.036771e-04
2022	2	17	6	18
	142	39	8.500000	63.750000	9.758209e+04	7.178129e-05
	116	42	2.000000	63.000000	9.758690e+04	9.280547e-05
	218	48	27.500000	61.500000	9.634983e+04	1.090081e-04
	22	105	-21.500000	47.250000	1.006169e+05	1.797616e-04
	30	114	-19.500000	45.000000	1.006169e+05	1.230176e-04
	281	121	43.250000	43.250000	1.011713e+05	-2.085173e-05
2022	2	17	5	21
	143	30	8.750000	66.000000	9.764877e+04	2.038109e-06
	144	39	9.000000	63.750000	9.764877e+04	4.732560e-05
	216	44	27.000000	62.500000	9.634331e+04	1.146675e-04
	29	103	-19.750000	47.750000	1.001091e+05	2.181451e-04
	36	110	-18.000000	46.000000	1.001091e+05	1.071116e-04
2022	2	18	4	0
	220	41	28.000000	63.250000	9.631602e+04	1.225480e-04
	34	100	-18.500000	48.500000	9.950623e+04	3.072127e-04
	44	105	-16.000000	47.250000	9.950623e+04	1.920489e-04
	148	111	10.000000	45.750000	1.013480e+05	5.929775e-05
2022	2	18	4	3
	6	7	-25.500000	71.750000	1.002818e+05	-2.657692e-05
	221	38	28.250000	64.000000	9.630362e+04	1.389719e-04
	51	101	-14.250000	48.250000	9.879993e+04	3.357805e-04
	138	117	7.500000	44.250000	1.013454e+05	9.950564e-05
2022	2	18	4	6
	6	7	-25.500000	71.750000	1.002756e+05	-3.460967e-05
	223	37	28.750000	64.250000	9.626997e+04	1.479928e-04
	40	48	-17.000000	61.500000	9.856130e+04	1.861776e-04
	55	99	-13.250000	48.750000	9.824807e+04	3.998697e-04
2022	2	18	4	9
	6	7	-25.500000	71.750000	1.003029e+05	-4.259402e-05
	225	35	29.250000	64.750000	9.629648e+04	1.448105e-04
	41	49	-16.750000	61.250000	9.859898e+04	2.433706e-04
	63	99	-11.250000	48.750000	9.847043e+04	5.022754e-04
2022	2	18	5	12
	6	7	-25.500000	71.750000	1.003360e+05	-4.110018e-05
	227	34	29.750000	65.000000	9.640348e+04	1.611679e-04
	43	50	-16.250000	61.000000	9.865247e+04	2.953049e-04
	95	92	-3.250000	50.500000	9.903377e+04	8.844792e-05
	73	99	-8.750000	48.750000	9.881405e+04	4.768320e-04
2022	2	18	6	15
	6	7	-25.500000	71.750000	1.002845e+05	-3.581250e-05
	230	33	30.500000	65.250000	9.651930e+04	1.522829e-04
	47	51	-15.250000	60.750000	9.866906e+04	3.028693e-04
	90	89	-4.500000	51.250000	9.900229e+04	2.836505e-04
	86	98	-5.500000	49.000000	9.900229e+04	3.578300e-04
	275	117	41.750000	44.250000	1.002922e+05	-9.936580e-05
2022	2	18	7	18
	6	7	-25.500000	71.750000	1.001742e+05	-2.354444e-05
	151	29	10.750000	66.250000	9.777188e+04	6.142120e-05
	234	31	31.500000	65.750000	9.659684e+04	1.360305e-04
	49	51	-14.750000	60.750000	9.872845e+04	2.637738e-04
	119	86	2.750000	52.000000	9.912556e+04	2.264519e-04
	98	95	-2.500000	49.750000	9.911656e+04	3.032926e-04
	280	119	43.000000	43.750000	1.005521e+05	1.789281e-05
2022	2	18	10	21
	2	6	-26.500000	72.000000	1.003437e+05	2.237696e-05
	152	28	11.000000	66.500000	9.778538e+04	4.806030e-05
	236	28	32.000000	66.500000	9.670073e+04	1.464184e-04
	51	51	-14.250000	60.750000	9.885064e+04	1.904698e-04
	0	52	-27.000000	60.500000	9.809456e+04	1.547717e-04
	136	84	7.000000	52.500000	9.892413e+04	2.242150e-04
	108	126	0.000000	42.000000	1.013843e+05	4.430987e-05
	107	135	-0.250000	39.750000	1.013843e+05	7.212091e-05
	108	135	0.000000	39.750000	1.013843e+05	8.495211e-05
	272	153	41.000000	35.250000	1.012776e+05	1.017092e-04
2022	2	19	7	0
	6	7	-25.500000	71.750000	1.002274e+05	-2.367700e-05
	237	19	32.250000	68.750000	9.682586e+04	1.551489e-04
	152	28	11.000000	66.500000	9.780569e+04	4.280278e-05
	239	28	32.750000	66.500000	9.682586e+04	1.240047e-04
	13	53	-23.750000	60.250000	9.805673e+04	1.624013e-04
	149	81	10.250000	53.250000	9.872364e+04	2.549885e-04
	274	153	41.500000	35.250000	1.012662e+05	8.061102e-05
2022	2	19	10	3
	6	7	-25.500000	71.750000	1.002642e+05	-2.043644e-05
	242	16	33.500000	69.500000	9.685191e+04	1.748687e-04
	245	27	34.250000	66.750000	9.685191e+04	5.016054e-05
	152	28	11.000000	66.500000	9.779297e+04	6.233212e-05
	131	31	5.750000	65.750000	9.779297e+04	1.931703e-05
	14	50	-23.500000	61.000000	9.808634e+04	1.414745e-04
	164	78	14.000000	54.000000	9.850532e+04	2.289614e-04
	137	117	7.250000	44.250000	1.012203e+05	1.707970e-04
	287	140	44.750000	38.500000	1.013947e+05	-7.677156e-06
	277	154	42.250000	35.000000	1.013156e+05	8.489632e-05
2022	2	19	7	6
	6	7	-25.500000	71.750000	1.001891e+05	-2.278594e-05
	242	16	33.500000	69.500000	9.687502e+04	1.939651e-04
	152	28	11.000000	66.500000	9.783794e+04	8.993992e-05
	30	51	-19.500000	60.750000	9.818962e+04	1.863201e-04
	178	76	17.500000	54.500000	9.840655e+04	2.184117e-04
	278	152	42.500000	35.500000	1.014970e+05	9.813833e-05
	279	152	42.750000	35.500000	1.014970e+05	9.726809e-05
2022	2	19	6	9
	6	7	-25.500000	71.750000	1.001370e+05	-1.185601e-05
	240	16	33.000000	69.500000	9.698790e+04	2.156006e-04
	33	50	-18.750000	61.000000	9.826063e+04	1.741851e-04
	189	74	20.250000	55.000000	9.833755e+04	2.394213e-04
	287	143	44.750000	37.750000	1.012640e+05	-1.639874e-05
	280	149	43.000000	36.250000	1.012640e+05	6.662609e-05
2022	2	19	8	12
	6	7	-25.500000	71.750000	1.000862e+05	-8.141962e-06
	264	19	39.000000	68.750000	9.717335e+04	1.501415e-04
	150	28	10.500000	66.500000	9.813488e+04	8.657533e-05
	57	52	-12.750000	60.500000	9.837212e+04	1.949781e-04
	202	73	23.500000	55.250000	9.835677e+04	2.961509e-04
	287	142	44.750000	38.000000	1.011486e+05	-3.241175e-05
	271	145	40.750000	37.250000	1.012449e+05	7.011406e-05
	93	147	-3.750000	36.750000	1.021143e+05	8.683468e-05
2022	2	19	9	15
	6	7	-25.500000	71.750000	1.000266e+05	-4.160921e-06
	267	17	39.750000	69.250000	9.725538e+04	1.397414e-04
	268	17	40.000000	69.250000	9.725538e+04	1.473800e-04
	150	29	10.500000	66.250000	9.828699e+04	8.709739e-05
	59	51	-12.250000	60.750000	9.835599e+04	2.260845e-04
	0	57	-27.000000	59.250000	9.641976e+04	1.434598e-04
	216	72	27.000000	55.500000	9.837507e+04	2.543428e-04
	135	119	6.750000	43.750000	1.013062e+05	1.658116e-04
	284	151	44.000000	35.750000	1.013576e+05	9.052770e-05
2022	2	19	12	18
	265	4	39.250000	72.500000	9.730779e+04	9.776562e-05
	6	7	-25.500000	71.750000	9.983713e+04	1.836477e-06
	244	12	34.000000	70.500000	9.730159e+04	1.327693e-04
	273	16	41.250000	69.500000	9.730159e+04	1.212646e-04
	76	25	-8.000000	67.250000	9.854207e+04	1.386755e-04
	149	30	10.250000	66.000000	9.839802e+04	1.029268e-04
	0	53	-27.000000	60.250000	9.534783e+04	1.396571e-04
	228	71	30.000000	55.750000	9.833538e+04	2.547066e-04
	156	116	12.000000	44.500000	1.015420e+05	5.524724e-05
	137	121	7.250000	43.250000	1.015420e+05	1.333882e-04
	148	125	10.000000	42.250000	1.015420e+05	-4.944180e-06
	283	150	43.750000	36.000000	1.016606e+05	5.511638e-05
2022	2	19	8	21
	264	5	39.000000	72.250000	9.738330e+04	7.463359e-05
	279	14	42.750000	70.000000	9.738330e+04	1.239482e-04
	66	24	-10.500000	67.500000	9.842795e+04	1.604800e-04
	151	31	10.750000	65.750000	9.851307e+04	1.415407e-04
	0	50	-27.000000	61.000000	9.483411e+04	9.098331e-05
	239	70	32.750000	56.000000	9.829770e+04	2.318069e-04
	158	117	12.500000	44.250000	1.016411e+05	6.506997e-05
	151	125	10.750000	42.250000	1.016411e+05	2.165486e-05
2022	2	20	10	0
	264	6	39.000000	72.000000	9.743339e+04	6.497547e-05
	148	7	10.000000	71.750000	9.860223e+04	1.954969e-04
	284	12	44.000000	70.500000	9.743339e+04	1.292186e-04
	57	23	-12.750000	67.750000	9.810464e+04	2.652417e-04
	153	31	11.250000	65.750000	9.857912e+04	1.541394e-04
	0	49	-27.000000	61.250000	9.482713e+04	1.929742e-04
	247	70	34.750000	56.000000	9.826575e+04	2.417354e-04
	152	126	11.000000	42.000000	1.017115e+05	5.447720e-05
	153	126	11.250000	42.000000	1.017115e+05	4.008441e-05
	86	162	-5.500000	33.000000	1.023944e+05	-1.752636e-05
