2022	2	14	7	0
	4	6	-26.000000	72.000000	9.977995e+04	-2.092434e-05
	217	9	27.250000	71.250000	9.834688e+04	1.269020e-04
	201	15	23.250000	69.750000	9.834688e+04	2.280425e-05
	1	17	-26.750000	69.250000	9.977995e+04	4.549934e-06
	222	20	28.500000	68.500000	9.834688e+04	5.447728e-05
	114	62	1.500000	58.000000	9.853080e+04	9.374722e-05
	105	71	-0.750000	55.750000	9.853080e+04	9.514829e-05
2022	2	14	5	3
	57	5	-12.750000	72.250000	1.001525e+05	9.718174e-05
	213	9	26.250000	71.250000	9.806847e+04	2.371348e-04
	117	61	2.250000	58.250000	9.843899e+04	1.006349e-04
	106	71	-0.500000	55.750000	9.843899e+04	1.504202e-04
	107	71	-0.250000	55.750000	9.843899e+04	1.348226e-04
2022	2	14	3	6
	61	4	-11.750000	72.500000	1.001271e+05	8.464446e-05
	215	9	26.750000	71.250000	9.791619e+04	3.030887e-04
	117	70	2.250000	56.000000	9.844323e+04	5.549792e-05
2022	2	14	4	9
	67	2	-10.250000	73.000000	1.002102e+05	7.701573e-05
	225	8	29.250000	71.500000	9.788908e+04	2.454618e-04
	0	52	-27.000000	60.500000	9.806110e+04	1.522997e-04
	122	68	3.500000	56.500000	9.845795e+04	1.336583e-04
2022	2	14	4	12
	72	1	-9.000000	73.250000	1.002108e+05	4.726417e-05
	228	9	30.000000	71.250000	9.779445e+04	1.732298e-04
	0	48	-27.000000	61.500000	9.763872e+04	1.571402e-04
	130	64	5.500000	57.500000	9.838166e+04	1.970803e-04
2022	2	14	4	15
	246	12	34.500000	70.500000	9.775575e+04	2.061173e-04
	288	12	45.000000	70.500000	9.932497e+04	-1.004594e-05
	0	44	-27.000000	62.500000	9.729263e+04	1.227641e-04
	133	61	6.250000	58.250000	9.833684e+04	2.257336e-04
2022	2	14	5	18
	249	10	35.250000	71.000000	9.769340e+04	1.775471e-04
	250	10	35.500000	71.000000	9.769340e+04	1.841664e-04
	288	12	45.000000	70.500000	9.903059e+04	9.091403e-05
	0	41	-27.000000	63.250000	9.709773e+04	1.358381e-04
	134	59	6.500000	58.750000	9.846438e+04	2.087770e-04
2022	2	14	6	21
	251	11	35.750000	70.750000	9.771314e+04	2.224324e-04
	288	11	45.000000	70.750000	9.879527e+04	3.445304e-05
	0	37	-27.000000	64.250000	9.720302e+04	1.389618e-04
	22	45	-21.500000	62.250000	9.726349e+04	2.045068e-04
	134	56	6.500000	59.500000	9.849509e+04	1.419657e-04
	139	121	7.750000	43.250000	1.010521e+05	1.162416e-04
2022	2	15	6	0
	235	5	31.750000	72.250000	9.783863e+04	1.659049e-04
	6	7	-25.500000	71.750000	9.968014e+04	4.932051e-05
	257	12	37.250000	70.500000	9.783863e+04	2.638196e-04
	11	40	-24.250000	63.500000	9.740795e+04	2.374243e-04
	128	53	5.000000	60.250000	9.857875e+04	7.960360e-05
	145	118	9.250000	44.000000	1.010162e+05	1.236568e-04
2022	2	15	5	3
	267	12	39.750000	70.500000	9.786636e+04	2.445073e-04
	7	36	-25.250000	64.500000	9.728559e+04	2.011106e-04
	128	51	5.000000	60.750000	9.853691e+04	1.146656e-04
	146	54	9.500000	60.000000	9.853691e+04	2.844371e-04
	146	118	9.500000	44.000000	1.009180e+05	8.898704e-05
2022	2	15	6	6
	272	11	41.000000	70.750000	9.792261e+04	2.505233e-04
	28	38	-20.000000	64.000000	9.729373e+04	1.181370e-04
	127	49	4.750000	61.250000	9.858595e+04	1.057008e-04
	149	51	10.250000	60.750000	9.858595e+04	2.804594e-04
	0	87	-27.000000	51.750000	9.913195e+04	1.013675e-04
	146	117	9.500000	44.250000	1.009428e+05	9.294429e-05
2022	2	15	9	9
	274	9	41.500000	71.250000	9.803588e+04	2.159945e-04
	0	32	-27.000000	65.500000	9.744241e+04	1.367780e-05
	25	34	-20.750000	65.000000	9.744241e+04	1.448750e-04
	125	48	4.250000	61.500000	9.861776e+04	1.496360e-04
	151	50	10.750000	61.000000	9.862606e+04	2.082145e-04
	3	83	-26.250000	52.750000	9.871113e+04	1.835156e-04
	4	83	-26.000000	52.750000	9.871113e+04	1.975934e-04
	159	116	12.750000	44.500000	1.010375e+05	9.277242e-05
	146	117	9.500000	44.250000	1.010375e+05	1.115963e-04
2022	2	15	5	12
	274	9	41.500000	71.250000	9.817673e+04	2.368034e-04
	0	29	-27.000000	66.250000	9.758170e+04	9.496698e-05
	125	48	4.250000	61.500000	9.861651e+04	1.830504e-04
	17	80	-22.750000	53.500000	9.845341e+04	2.387892e-04
	158	112	12.500000	45.500000	1.009652e+05	1.105782e-04
2022	2	15	7	15
	281	9	43.250000	71.250000	9.827605e+04	2.745976e-04
	0	27	-27.000000	66.750000	9.764530e+04	1.471272e-04
	0	38	-27.000000	64.000000	9.764530e+04	-2.568351e-05
	44	39	-16.000000	63.750000	9.791352e+04	2.183895e-04
	132	42	6.000000	63.000000	9.856183e+04	1.340103e-04
	32	77	-19.000000	54.250000	9.819334e+04	2.710817e-04
	157	112	12.250000	45.500000	1.009616e+05	8.934661e-05
2022	2	15	7	18
	278	8	42.500000	71.500000	9.838119e+04	2.603390e-04
	38	35	-17.500000	64.750000	9.788563e+04	2.182999e-04
	0	40	-27.000000	63.500000	9.757919e+04	2.137593e-05
	131	41	5.750000	63.250000	9.850668e+04	1.720308e-04
	44	76	-16.000000	54.500000	9.803808e+04	2.813674e-04
	157	112	12.250000	45.500000	1.011651e+05	6.334298e-05
	158	112	12.500000	45.500000	1.011651e+05	6.766182e-05
2022	2	15	2	21
	277	9	42.250000	71.250000	9.850981e+04	2.559120e-04
	56	75	-13.000000	54.750000	9.810983e+04	3.174060e-04
2022	2	16	3	0
	281	10	43.250000	71.000000	9.857922e+04	2.871716e-04
	113	57	1.250000	59.250000	9.846469e+04	1.038605e-04
	70	75	-9.500000	54.750000	9.827747e+04	2.818980e-04
2022	2	16	5	3
	285	10	44.250000	71.000000	9.863405e+04	2.323462e-04
	124	40	4.000000	63.500000	9.836003e+04	1.967092e-04
	119	57	2.750000	59.250000	9.845545e+04	1.043067e-04
	87	76	-5.250000	54.500000	9.853080e+04	1.739898e-04
	173	123	16.250000	42.750000	1.012774e+05	2.241220e-05
2022	2	16	5	6
	285	9	44.250000	71.250000	9.867166e+04	2.000799e-04
	123	40	3.750000	63.500000	9.831194e+04	1.746838e-04
	153	58	11.250000	59.000000	9.844338e+04	2.006535e-04
	11	61	-24.250000	58.250000	9.586755e+04	2.743741e-04
	108	79	0.000000	53.750000	9.877396e+04	1.325030e-04
2022	2	16	6	9
	285	9	44.250000	71.250000	9.870988e+04	2.180318e-04
	123	40	3.750000	63.500000	9.832322e+04	1.658431e-04
	159	56	12.750000	59.500000	9.846720e+04	1.947630e-04
	10	58	-24.500000	59.000000	9.536840e+04	3.959477e-04
	39	63	-17.250000	57.750000	9.610992e+04	2.229148e-04
	125	80	4.250000	53.500000	9.887031e+04	1.424920e-04
2022	2	16	7	12
	286	10	44.500000	71.000000	9.874952e+04	1.842041e-04
	123	40	3.750000	63.500000	9.828938e+04	1.669484e-04
	163	54	13.750000	60.000000	9.848177e+04	1.617647e-04
	42	56	-16.500000	59.500000	9.571605e+04	3.175885e-04
	11	59	-24.250000	58.750000	9.546350e+04	3.901055e-04
	138	81	7.500000	53.250000	9.897684e+04	1.701194e-04
	137	116	7.250000	44.500000	1.009988e+05	9.499767e-05
2022	2	16	7	15
	286	10	44.500000	71.000000	9.875077e+04	1.849612e-04
	37	52	-17.750000	60.500000	9.536620e+04	2.827009e-04
	167	53	14.750000	60.250000	9.847770e+04	1.422449e-04
	19	54	-22.250000	60.000000	9.536620e+04	3.394159e-04
	33	60	-18.750000	58.500000	9.536620e+04	2.524513e-04
	152	83	11.000000	52.750000	9.907367e+04	1.788354e-04
	136	119	7.000000	43.750000	1.011076e+05	1.566701e-04
2022	2	16	3	18
	286	10	44.500000	71.000000	9.875766e+04	1.937773e-04
	30	52	-19.500000	60.500000	9.530228e+04	3.628980e-04
	47	58	-15.250000	59.000000	9.530228e+04	3.128450e-04
2022	2	16	5	21
	287	11	44.750000	70.750000	9.880999e+04	1.644629e-04
	27	54	-20.250000	60.000000	9.564195e+04	4.486000e-04
	58	57	-12.500000	59.250000	9.574645e+04	3.525027e-04
	150	109	10.500000	46.250000	1.006529e+05	1.064858e-05
	138	117	7.500000	44.250000	1.008895e+05	6.178877e-05
2022	2	17	5	0
	288	12	45.000000	70.500000	9.889585e+04	1.123474e-04
	53	53	-13.750000	60.250000	9.592192e+04	2.684049e-04
	71	55	-9.250000	59.750000	9.592192e+04	3.261921e-04
	30	56	-19.500000	59.500000	9.603112e+04	3.898267e-04
	138	117	7.500000	44.250000	1.009742e+05	9.234538e-05
2022	2	17	2	3
	80	54	-7.000000	60.000000	9.600793e+04	2.846269e-04
	137	117	7.250000	44.250000	1.009805e+05	1.102448e-04
2022	2	17	3	6
	88	54	-5.000000	60.000000	9.605493e+04	2.968894e-04
	151	62	10.750000	58.000000	9.665044e+04	2.673554e-04
	138	117	7.500000	44.250000	1.009688e+05	9.179334e-05
2022	2	17	5	9
	0	38	-27.000000	64.000000	9.877083e+04	8.033821e-05
	100	52	-2.000000	60.500000	9.609128e+04	3.229378e-04
	160	61	13.000000	58.250000	9.658589e+04	3.316069e-04
	136	117	7.000000	44.250000	1.011999e+05	9.648793e-05
	115	125	1.750000	42.250000	1.018184e+05	-4.669544e-05
2022	2	17	2	12
	107	52	-0.250000	60.500000	9.618388e+04	3.172724e-04
	167	60	14.750000	58.500000	9.664590e+04	3.101318e-04
2022	2	17	2	15
	115	52	1.750000	60.500000	9.638582e+04	2.577647e-04
	178	60	17.500000	58.500000	9.672862e+04	2.716226e-04
2022	2	17	3	18
	288	32	45.000000	65.500000	9.876770e+04	2.881788e-05
	121	52	3.250000	60.500000	9.656270e+04	2.336342e-04
	184	59	19.000000	58.750000	9.677938e+04	2.257683e-04
2022	2	17	3	21
	145	42	9.250000	63.000000	9.694890e+04	7.956121e-05
	127	51	4.750000	60.750000	9.686226e+04	2.170167e-04
	193	59	21.250000	58.750000	9.686445e+04	1.964732e-04
2022	2	18	3	0
	149	41	10.250000	63.250000	9.733133e+04	7.591223e-05
	130	52	5.500000	60.500000	9.732585e+04	2.089173e-04
	202	57	23.500000	59.250000	9.696159e+04	1.501255e-04
2022	2	18	3	3
	140	53	8.000000	60.250000	9.759281e+04	4.516541e-05
	207	55	24.750000	59.750000	9.706295e+04	1.081642e-04
	72	96	-9.000000	49.500000	1.006125e+05	1.008133e-04
2022	2	18	3	6
	6	7	-25.500000	71.750000	1.003667e+05	-2.535339e-05
	218	52	27.500000	60.500000	9.722245e+04	5.395258e-05
	84	92	-6.000000	50.500000	1.003197e+05	1.553502e-04
2022	2	18	2	9
	226	50	29.500000	61.000000	9.728746e+04	8.861888e-05
	224	59	29.000000	58.750000	9.728746e+04	7.184669e-05
2022	2	18	3	12
	6	7	-25.500000	71.750000	1.004637e+05	-1.815456e-05
	134	26	6.500000	67.000000	9.821308e+04	6.974155e-05
	228	48	30.000000	61.500000	9.735076e+04	8.705314e-05
2022	2	18	4	15
	6	7	-25.500000	71.750000	1.004422e+05	-6.969064e-06
	135	28	6.750000	66.500000	9.822295e+04	1.142768e-04
	136	28	7.000000	66.500000	9.822295e+04	1.112905e-04
	245	44	34.250000	62.500000	9.741264e+04	1.204837e-04
2022	2	18	3	18
	6	7	-25.500000	71.750000	1.004156e+05	2.538315e-06
	139	30	7.750000	66.000000	9.821934e+04	1.428195e-04
	246	42	34.500000	63.000000	9.743019e+04	1.409554e-04
2022	2	18	6	21
	6	7	-25.500000	71.750000	1.002893e+05	8.952738e-06
	154	24	11.500000	67.500000	9.821308e+04	3.829992e-05
	145	32	9.250000	65.500000	9.821308e+04	1.120252e-04
	288	35	45.000000	64.750000	9.830206e+04	5.193655e-05
	248	40	35.000000	63.500000	9.747171e+04	1.422812e-04
	0	51	-27.000000	60.750000	9.776719e+04	1.346175e-04
2022	2	19	6	0
	6	7	-25.500000	71.750000	1.003208e+05	2.814518e-06
	157	17	12.250000	69.250000	9.832886e+04	4.417219e-05
	288	32	45.000000	65.500000	9.819491e+04	4.410172e-05
	150	33	10.500000	65.250000	9.820493e+04	1.521143e-04
	252	37	36.000000	64.250000	9.754330e+04	1.465205e-04
	0	45	-27.000000	62.250000	9.751527e+04	1.494300e-04
2022	2	19	7	3
	6	7	-25.500000	71.750000	1.002070e+05	-8.411903e-06
	158	16	12.500000	69.500000	9.834970e+04	6.043675e-05
	288	29	45.000000	66.250000	9.813678e+04	6.286620e-05
	152	32	11.000000	65.500000	9.826525e+04	1.552739e-04
	252	36	36.000000	64.500000	9.757073e+04	1.402619e-04
	3	42	-26.250000	63.000000	9.735577e+04	2.116873e-04
	26	47	-20.500000	61.750000	9.735577e+04	2.671180e-04
2022	2	19	8	6
	156	16	12.000000	69.500000	9.838275e+04	8.556344e-05
	288	27	45.000000	66.750000	9.815573e+04	7.368627e-05
	252	35	36.000000	64.750000	9.764029e+04	1.118922e-04
	0	39	-27.000000	63.750000	9.725738e+04	1.476477e-04
	30	43	-19.500000	62.750000	9.734245e+04	2.310996e-04
	152	106	11.000000	47.000000	1.008307e+05	-6.177229e-05
	38	146	-17.500000	37.000000	1.018587e+05	1.632202e-04
	260	162	38.000000	33.000000	1.008932e+05	3.326770e-05
2022	2	19	10	9
	158	16	12.500000	69.500000	9.845811e+04	9.336670e-05
	288	25	45.000000	67.250000	9.824409e+04	2.141534e-05
	252	34	36.000000	65.000000	9.774933e+04	1.394524e-04
	0	38	-27.000000	64.000000	9.740418e+04	1.429912e-04
	23	39	-21.250000	63.750000	9.740418e+04	1.372406e-04
	202	74	23.500000	55.000000	9.883145e+04	1.581285e-04
	150	108	10.500000	46.500000	1.011035e+05	-3.563071e-06
	136	116	7.000000	44.500000	1.011572e+05	8.924815e-05
	37	147	-17.750000	36.750000	1.019713e+05	1.683331e-04
	265	162	39.250000	33.000000	1.006966e+05	2.437425e-05
2022	2	19	7	12
	159	15	12.750000	69.750000	9.853785e+04	1.254689e-04
	252	33	36.000000	65.250000	9.787937e+04	1.198858e-04
	0	36	-27.000000	64.500000	9.753939e+04	8.938433e-05
	48	40	-15.000000	63.500000	9.792230e+04	2.719367e-04
	215	75	26.750000	54.750000	9.874873e+04	1.595117e-04
	137	117	7.250000	44.250000	1.011447e+05	1.016984e-04
	36	148	-18.000000	36.500000	1.020554e+05	1.798106e-04
2022	2	19	8	15
	159	15	12.750000	69.750000	9.860209e+04	1.421801e-04
	149	26	10.250000	67.000000	9.860209e+04	1.028759e-04
	252	32	36.000000	65.500000	9.798152e+04	1.055631e-04
	47	38	-15.250000	64.000000	9.783488e+04	2.655003e-04
	227	75	29.750000	54.750000	9.873416e+04	1.525916e-04
	134	119	6.500000	43.750000	1.010379e+05	1.210812e-04
	103	142	-1.250000	38.000000	1.015475e+05	4.887334e-05
	33	149	-18.750000	36.250000	1.019736e+05	2.000518e-04
2022	2	19	9	18
	160	14	13.000000	70.000000	9.864659e+04	1.658452e-04
	155	26	11.750000	67.000000	9.866429e+04	1.255930e-04
	252	32	36.000000	65.500000	9.808053e+04	1.144320e-04
	242	76	33.500000	54.500000	9.880717e+04	1.574354e-04
	243	76	33.750000	54.500000	9.880717e+04	1.559014e-04
	134	122	6.500000	43.000000	1.012741e+05	1.030216e-04
	101	145	-1.750000	37.250000	1.018106e+05	1.194257e-04
	31	150	-19.250000	36.000000	1.019943e+05	1.863701e-04
	281	162	43.250000	33.000000	1.005395e+05	8.649044e-05
2022	2	19	9	21
	160	14	13.000000	70.000000	9.872038e+04	1.761893e-04
	277	24	42.250000	67.500000	9.819584e+04	4.238050e-05
	159	26	12.750000	67.000000	9.872195e+04	1.355766e-04
	252	31	36.000000	65.750000	9.818895e+04	9.942061e-05
	0	52	-27.000000	60.500000	9.566059e+04	9.012226e-05
	252	75	36.000000	54.750000	9.875218e+04	1.826313e-04
	102	146	-1.500000	37.000000	1.020684e+05	1.146103e-04
	28	151	-20.000000	35.750000	1.021214e+05	1.847044e-04
	280	159	43.000000	33.750000	1.005503e+05	1.439680e-04
2022	2	20	12	0
	159	15	12.750000	69.750000	9.875986e+04	1.649553e-04
	276	23	42.000000	67.750000	9.829690e+04	3.491348e-05
	160	25	13.000000	67.250000	9.875986e+04	5.574351e-05
	252	31	36.000000	65.750000	9.827308e+04	9.768549e-05
	0	49	-27.000000	61.250000	9.521455e+04	2.132047e-04
	1	49	-26.750000	61.250000	9.521455e+04	2.455463e-04
	261	74	38.250000	55.000000	9.876440e+04	1.835399e-04
	104	146	-1.000000	37.000000	1.021513e+05	1.257491e-04
	94	147	-3.500000	36.750000	1.021513e+05	5.560435e-05
	280	147	43.000000	36.750000	1.006526e+05	-3.476164e-05
	24	154	-21.000000	35.000000	1.021151e+05	1.877764e-04
	280	159	43.000000	33.750000	1.006401e+05	1.418972e-04
