2022	2	10	7	0
	8	6	-25.000000	72.000000	1.001922e+05	-1.008932e-05
	148	22	10.000000	68.000000	9.644164e+04	3.652259e-04
	59	57	-12.250000	59.250000	9.854450e+04	5.550083e-04
	152	106	11.000000	47.000000	1.022567e+05	-4.742629e-05
	139	110	7.750000	46.000000	1.022567e+05	-7.995791e-05
	248	152	35.000000	35.500000	1.007607e+05	1.315113e-04
	279	162	42.750000	33.000000	1.008284e+05	1.031483e-04
2022	2	10	7	6
	177	5	17.250000	72.250000	9.712356e+04	1.350153e-04
	9	6	-24.750000	72.000000	1.003372e+05	-9.253598e-06
	163	24	13.750000	67.500000	9.683380e+04	4.764810e-04
	77	59	-7.750000	58.750000	9.894194e+04	5.257235e-04
	158	106	12.500000	47.000000	1.021284e+05	-4.929648e-05
	235	147	31.750000	36.750000	1.010195e+05	1.472923e-05
	250	150	35.500000	36.000000	1.010168e+05	1.129684e-04
2022	2	10	7	12
	177	5	17.250000	72.250000	9.724157e+04	2.383169e-04
	188	29	20.000000	66.250000	9.754459e+04	1.921791e-04
	94	64	-3.500000	57.500000	9.995048e+04	3.673718e-04
	137	117	7.250000	44.250000	1.022375e+05	1.270600e-04
	283	139	43.750000	38.750000	1.009066e+05	1.319015e-05
	260	144	38.000000	37.500000	1.009976e+05	3.673520e-05
	271	151	40.750000	35.750000	1.009976e+05	7.194788e-05
2022	2	10	7	18
	194	7	21.500000	71.750000	9.746052e+04	1.780320e-04
	42	17	-16.500000	69.250000	9.988874e+04	1.225574e-04
	209	30	25.250000	66.000000	9.805119e+04	1.955065e-04
	109	69	0.250000	56.250000	1.005407e+05	3.434120e-04
	281	138	43.250000	39.000000	1.011436e+05	-9.061287e-06
	274	151	41.500000	35.750000	1.013171e+05	9.160481e-05
	87	156	-5.250000	34.500000	1.021237e+05	2.537209e-06
2022	2	11	3	0
	205	7	24.250000	71.750000	9.761666e+04	1.816605e-04
	61	14	-11.750000	70.000000	9.949784e+04	1.829181e-04
	123	76	3.750000	54.500000	1.010168e+05	3.201360e-04
2022	2	11	2	6
	213	7	26.250000	71.750000	9.790768e+04	1.896018e-04
	81	13	-6.750000	70.250000	9.926288e+04	2.056186e-04
2022	2	11	7	12
	220	0	28.000000	73.500000	9.830870e+04	7.486391e-06
	219	9	27.750000	71.250000	9.830870e+04	1.583575e-04
	90	11	-4.500000	70.750000	9.923527e+04	1.730339e-04
	8	60	-25.000000	58.500000	9.911516e+04	1.132265e-04
	1	69	-26.750000	56.250000	9.911516e+04	9.845513e-05
	156	109	12.000000	46.250000	1.019474e+05	3.426926e-05
	135	119	6.750000	43.750000	1.020129e+05	9.507272e-05
2022	2	11	6	18
	235	13	31.750000	70.250000	9.862121e+04	1.554511e-04
	129	17	5.250000	69.250000	9.929891e+04	1.042938e-04
	19	56	-22.250000	59.500000	9.872973e+04	2.038074e-04
	23	64	-21.250000	57.500000	9.872973e+04	8.550550e-05
	277	81	42.250000	53.250000	1.004451e+05	1.349088e-04
	135	123	6.750000	42.750000	1.021393e+05	6.871868e-05
2022	2	12	5	0
	237	0	32.250000	73.500000	9.878368e+04	1.876845e-05
	242	10	33.500000	71.000000	9.878368e+04	1.797346e-04
	157	19	12.250000	68.750000	9.900305e+04	1.498323e-04
	40	51	-17.000000	60.750000	9.870740e+04	1.804375e-04
	18	59	-22.500000	58.750000	9.864797e+04	2.176931e-04
2022	2	12	4	6
	165	0	14.250000	73.500000	9.845579e+04	1.614030e-04
	158	21	12.500000	68.250000	9.904014e+04	2.364247e-04
	30	54	-19.500000	60.000000	9.852617e+04	1.984480e-04
	55	55	-13.250000	59.750000	9.851437e+04	1.066412e-04
2022	2	12	2	12
	185	0	19.250000	73.500000	9.843577e+04	2.083030e-04
	61	53	-11.750000	60.250000	9.849224e+04	1.911190e-04
2022	2	12	4	18
	199	0	22.750000	73.500000	9.849751e+04	1.386827e-04
	127	17	4.750000	69.250000	9.938405e+04	2.612020e-04
	76	51	-8.000000	60.750000	9.848234e+04	1.315507e-04
	284	100	44.000000	48.500000	1.013002e+05	1.347310e-04
2022	2	13	5	0
	209	0	25.250000	73.500000	9.866483e+04	4.358827e-05
	256	0	37.000000	73.500000	9.870402e+04	2.323472e-05
	214	8	26.500000	71.500000	9.866483e+04	2.673795e-04
	136	13	7.000000	70.250000	9.895627e+04	4.134897e-04
	89	51	-4.750000	60.750000	9.863364e+04	1.800318e-04
2022	2	13	6	6
	222	0	28.500000	73.500000	9.868422e+04	3.842806e-05
	143	12	8.750000	70.500000	9.836897e+04	5.240414e-04
	99	51	-2.250000	60.750000	9.855946e+04	2.087278e-04
	77	95	-7.750000	49.750000	9.870045e+04	1.324023e-04
	65	98	-10.750000	49.000000	9.870045e+04	2.587694e-04
	285	128	44.250000	41.500000	1.023073e+05	-9.950093e-06
2022	2	13	7	12
	235	0	31.750000	73.500000	9.909535e+04	4.318198e-05
	144	11	9.000000	70.750000	9.804971e+04	3.175782e-04
	40	36	-17.000000	64.500000	1.006944e+05	3.239603e-05
	112	49	1.000000	61.250000	9.868211e+04	2.093309e-04
	88	86	-5.000000	52.000000	9.826529e+04	2.562396e-04
	81	95	-6.750000	49.750000	9.826529e+04	3.239405e-04
	270	120	40.500000	43.500000	1.027574e+05	8.151137e-05
2022	2	13	2	18
	143	13	8.750000	70.250000	9.800061e+04	3.324213e-04
	96	86	-3.000000	52.000000	9.792959e+04	3.493401e-04
2022	2	14	2	0
	145	18	9.250000	69.000000	9.818627e+04	4.254373e-04
	109	79	0.250000	53.750000	9.791190e+04	2.510500e-04
2022	2	14	4	6
	168	13	15.000000	70.250000	9.844946e+04	1.000966e-04
	182	22	18.500000	68.000000	9.845305e+04	-3.362049e-05
	150	23	10.500000	67.750000	9.844946e+04	3.819913e-04
	122	74	3.500000	55.000000	9.777239e+04	2.466465e-04
2022	2	14	2	12
	155	27	11.750000	66.750000	9.878326e+04	3.299578e-04
	137	66	7.250000	57.000000	9.784973e+04	1.659035e-04
2022	2	14	3	18
	155	31	11.750000	65.750000	9.913391e+04	2.181362e-04
	0	38	-27.000000	64.000000	9.712967e+04	8.613223e-05
	151	62	10.750000	58.000000	9.788892e+04	2.380205e-04
2022	2	15	3	0
	245	10	34.250000	71.000000	9.903803e+04	1.355707e-04
	162	58	13.500000	59.000000	9.823284e+04	1.832720e-04
	137	120	7.250000	43.500000	1.009555e+05	9.880431e-05
2022	2	15	7	6
	6	7	-25.500000	71.750000	9.825728e+04	-1.038490e-05
	242	13	33.500000	70.250000	9.876092e+04	2.079760e-04
	288	13	45.000000	70.250000	9.939584e+04	-1.958639e-06
	0	33	-27.000000	65.250000	9.610195e+04	8.480886e-05
	36	35	-18.000000	64.750000	9.629561e+04	-8.036876e-06
	187	52	19.750000	60.500000	9.862310e+04	1.464212e-04
	145	117	9.250000	44.250000	1.010419e+05	1.054284e-04
2022	2	15	3	12
	264	7	39.000000	71.750000	9.853923e+04	2.185203e-04
	0	31	-27.000000	65.750000	9.615526e+04	5.935799e-05
	191	51	20.750000	60.750000	9.889537e+04	1.740674e-04
2022	2	15	6	18
	272	8	41.000000	71.500000	9.837802e+04	1.978142e-04
	77	35	-7.750000	64.750000	9.637041e+04	4.218016e-04
	0	39	-27.000000	63.750000	9.572453e+04	5.634643e-05
	209	46	25.250000	62.000000	9.917079e+04	1.396719e-04
	193	51	21.250000	60.750000	9.917079e+04	2.565210e-04
	264	162	39.000000	33.000000	1.019341e+05	4.539570e-05
2022	2	16	5	0
	280	1	43.000000	73.250000	9.823495e+04	9.184063e-05
	66	25	-10.500000	67.250000	9.575277e+04	3.010216e-04
	197	52	22.250000	60.500000	9.940554e+04	2.952607e-04
	2	79	-26.500000	53.750000	9.617612e+04	3.015190e-04
	281	121	43.250000	43.250000	1.022042e+05	9.773468e-06
2022	2	16	5	6
	278	4	42.500000	72.500000	9.810008e+04	1.694509e-04
	42	19	-16.500000	68.750000	9.505484e+04	3.352513e-04
	35	65	-18.250000	57.250000	9.420391e+04	3.818274e-04
	281	121	43.250000	43.250000	1.024291e+05	-4.424900e-06
	164	160	14.000000	33.500000	1.019400e+05	7.074382e-05
2022	2	16	8	12
	286	0	44.500000	73.500000	9.813442e+04	7.013926e-05
	8	22	-25.000000	68.000000	9.480365e+04	3.914081e-04
	0	49	-27.000000	61.250000	9.454319e+04	5.651699e-05
	55	54	-13.250000	60.000000	9.220283e+04	5.427629e-04
	277	120	42.250000	43.500000	1.020906e+05	-4.968914e-05
	282	143	43.500000	37.750000	1.015769e+05	-8.139938e-06
	171	149	15.750000	36.250000	1.019471e+05	1.178641e-04
	273	156	41.250000	34.500000	1.015872e+05	-5.579559e-05
2022	2	16	7	18
	288	0	45.000000	73.500000	9.814075e+04	1.015846e-04
	288	35	45.000000	64.750000	9.971552e+04	6.171402e-05
	288	43	45.000000	62.750000	9.971552e+04	4.451744e-05
	83	44	-6.250000	62.500000	9.144863e+04	3.314376e-04
	7	50	-25.250000	61.000000	9.458154e+04	3.147410e-04
	278	120	42.500000	43.500000	1.024000e+05	-4.793897e-05
	287	153	44.750000	35.250000	1.016943e+05	-1.593758e-05
2022	2	17	4	0
	91	39	-4.250000	63.750000	9.154473e+04	3.319160e-04
	30	50	-19.500000	61.000000	9.505610e+04	2.600053e-04
	278	120	42.500000	43.500000	1.022721e+05	-1.492019e-05
	179	136	17.750000	39.500000	1.019986e+05	1.171855e-04
2022	2	17	3	6
	100	31	-2.000000	65.750000	9.156264e+04	2.910244e-04
	152	106	11.000000	47.000000	1.010777e+05	-7.946681e-05
	180	128	18.000000	41.500000	1.018479e+05	1.387994e-04
2022	2	17	2	12
	106	27	-0.500000	66.750000	9.197862e+04	3.217857e-04
	137	117	7.250000	44.250000	1.016462e+05	8.550299e-05
2022	2	17	2	18
	108	21	0.000000	68.250000	9.220052e+04	2.856333e-04
	137	117	7.250000	44.250000	1.016391e+05	4.712381e-05
2022	2	18	2	0
	108	20	0.000000	68.500000	9.252272e+04	2.565167e-04
	142	122	8.500000	43.000000	1.018281e+05	6.146252e-05
2022	2	18	5	6
	288	1	45.000000	73.250000	9.770074e+04	1.549628e-05
	108	18	0.000000	69.000000	9.291109e+04	2.919877e-04
	0	49	-27.000000	61.250000	9.673076e+04	9.980609e-05
	150	109	10.500000	46.250000	1.019235e+05	-2.116833e-05
	151	127	10.750000	41.750000	1.019202e+05	4.041340e-05
2022	2	18	1	12
	108	20	0.000000	68.500000	9.343496e+04	2.922085e-04
2022	2	18	1	18
	110	20	0.500000	68.500000	9.378920e+04	2.723646e-04
2022	2	19	1	0
	121	23	3.250000	67.750000	9.422752e+04	3.217969e-04
2022	2	19	1	6
	137	23	7.250000	67.750000	9.465677e+04	2.435640e-04
2022	2	19	2	12
	153	20	11.250000	68.500000	9.525039e+04	2.487111e-04
	0	54	-27.000000	60.000000	9.774141e+04	1.556567e-04
2022	2	19	3	18
	187	11	19.750000	70.750000	9.607813e+04	7.873555e-05
	164	19	14.000000	68.750000	9.607813e+04	2.827716e-04
	0	41	-27.000000	63.250000	9.688817e+04	1.283148e-04
2022	2	20	4	0
	189	10	20.250000	71.000000	9.700429e+04	1.189257e-04
	192	19	21.000000	68.750000	9.700429e+04	1.058493e-04
	0	32	-27.000000	65.500000	9.677523e+04	1.650508e-04
	24	33	-21.000000	65.250000	9.677523e+04	1.588610e-04
