2022	2	14	7	0
	2	6	-26.500000	72.000000	9.976473e+04	-7.167241e-06
	217	9	27.250000	71.250000	9.837398e+04	1.108700e-04
	194	12	21.500000	70.500000	9.837398e+04	1.310369e-04
	1	17	-26.750000	69.250000	9.976473e+04	1.979823e-05
	219	23	27.750000	67.750000	9.841039e+04	1.340519e-04
	113	62	1.250000	58.000000	9.851962e+04	6.069238e-05
	106	71	-0.500000	55.750000	9.851962e+04	8.042961e-05
2022	2	14	6	3
	55	4	-13.250000	72.500000	1.001303e+05	1.024923e-04
	210	9	25.500000	71.250000	9.810959e+04	2.087228e-04
	1	17	-26.750000	69.250000	9.979395e+04	-9.847867e-06
	120	59	3.000000	58.750000	9.852095e+04	1.131886e-04
	108	70	0.000000	56.000000	9.850259e+04	1.183527e-04
	107	71	-0.250000	55.750000	9.850259e+04	1.248998e-04
2022	2	14	5	6
	60	3	-12.000000	72.750000	1.000942e+05	1.060034e-04
	217	8	27.250000	71.500000	9.795861e+04	2.562909e-04
	1	17	-26.750000	69.250000	9.972013e+04	-3.122503e-05
	114	69	1.500000	56.250000	9.851895e+04	7.935913e-05
	123	121	3.750000	43.250000	1.008739e+05	2.210900e-04
2022	2	14	5	9
	60	2	-12.000000	73.000000	1.001594e+05	4.426549e-05
	61	2	-11.750000	73.000000	1.001594e+05	5.125978e-05
	215	9	26.750000	71.250000	9.803410e+04	3.049890e-04
	0	52	-27.000000	60.500000	9.783903e+04	1.252315e-04
	120	68	3.000000	56.500000	9.861999e+04	8.831560e-05
2022	2	14	4	12
	234	6	31.500000	72.000000	9.799569e+04	1.615010e-04
	235	14	31.750000	70.000000	9.799569e+04	2.584177e-04
	0	48	-27.000000	61.500000	9.740545e+04	1.504646e-04
	130	66	5.500000	57.000000	9.854768e+04	1.779558e-04
2022	2	14	3	15
	244	13	34.000000	70.250000	9.791485e+04	2.210163e-04
	1	43	-26.750000	62.750000	9.700027e+04	1.672963e-04
	134	62	6.500000	58.000000	9.846384e+04	1.960215e-04
2022	2	14	3	18
	249	12	35.250000	70.500000	9.788279e+04	2.146921e-04
	0	39	-27.000000	63.750000	9.689338e+04	1.237619e-04
	134	61	6.500000	58.250000	9.865673e+04	2.151796e-04
2022	2	14	5	21
	254	12	36.500000	70.500000	9.789431e+04	1.640783e-04
	0	39	-27.000000	63.750000	9.702115e+04	7.413852e-05
	28	45	-20.000000	62.250000	9.721455e+04	2.074450e-04
	138	60	7.500000	58.500000	9.874091e+04	2.097692e-04
	139	121	7.750000	43.250000	1.011586e+05	9.809374e-05
2022	2	15	8	0
	245	6	34.250000	72.000000	9.797314e+04	9.652109e-05
	6	7	-25.500000	71.750000	9.957266e+04	4.239848e-05
	262	12	38.500000	70.500000	9.797314e+04	2.371485e-04
	0	37	-27.000000	64.250000	9.709230e+04	8.480826e-05
	18	40	-22.500000	63.500000	9.709230e+04	2.302923e-04
	125	53	4.250000	60.250000	9.875411e+04	6.533141e-05
	141	59	8.250000	58.750000	9.875411e+04	2.452044e-04
	145	118	9.250000	44.000000	1.011039e+05	1.216976e-04
2022	2	15	5	3
	269	11	40.250000	70.750000	9.801038e+04	2.329426e-04
	35	36	-18.250000	64.500000	9.707810e+04	-6.338284e-06
	125	52	4.250000	60.500000	9.871402e+04	5.685026e-05
	145	57	9.250000	59.250000	9.871402e+04	2.755648e-04
	146	117	9.500000	44.250000	1.010205e+05	1.337188e-04
2022	2	15	6	6
	271	10	40.750000	71.000000	9.806767e+04	2.413733e-04
	0	33	-27.000000	65.250000	9.693430e+04	1.117700e-04
	24	38	-21.000000	64.000000	9.693430e+04	1.327838e-04
	122	50	3.500000	61.000000	9.875979e+04	9.152936e-05
	149	56	10.250000	59.500000	9.871870e+04	2.964313e-04
	156	118	12.000000	44.000000	1.009824e+05	1.023492e-04
2022	2	15	5	9
	272	10	41.000000	71.000000	9.818943e+04	2.491048e-04
	152	54	11.000000	60.000000	9.876246e+04	2.660903e-04
	9	82	-24.750000	53.000000	9.859444e+04	2.480510e-04
	159	115	12.750000	44.750000	1.010182e+05	1.494711e-04
	146	117	9.500000	44.250000	1.010182e+05	9.555964e-05
2022	2	15	6	12
	274	11	41.500000	70.750000	9.834291e+04	2.352436e-04
	0	30	-27.000000	66.000000	9.720086e+04	9.831926e-05
	154	50	11.500000	61.000000	9.864755e+04	1.589964e-04
	23	79	-21.250000	53.750000	9.856955e+04	2.291379e-04
	158	112	12.500000	45.500000	1.009754e+05	1.320079e-04
	153	162	11.250000	33.000000	1.017295e+05	3.844295e-05
2022	2	15	8	15
	279	11	42.750000	70.750000	9.846200e+04	2.468044e-04
	0	27	-27.000000	66.750000	9.713005e+04	1.642977e-04
	0	41	-27.000000	63.250000	9.704720e+04	5.709154e-05
	76	46	-8.000000	62.000000	9.799970e+04	2.050779e-04
	35	77	-18.250000	54.250000	9.839703e+04	2.512257e-04
	141	111	8.250000	45.750000	1.010868e+05	-3.071503e-05
	158	111	12.500000	45.750000	1.010868e+05	1.087080e-04
	163	162	13.750000	33.000000	1.016111e+05	1.424796e-05
2022	2	15	5	18
	284	11	44.000000	70.750000	9.858375e+04	2.635090e-04
	0	40	-27.000000	63.500000	9.690323e+04	8.101846e-05
	75	44	-8.250000	62.500000	9.795293e+04	2.072147e-04
	48	76	-15.000000	54.500000	9.845248e+04	2.106908e-04
	163	162	13.750000	33.000000	1.016522e+05	-4.147226e-06
2022	2	15	5	21
	288	11	45.000000	70.750000	9.872171e+04	8.055545e-05
	76	43	-8.000000	62.750000	9.792688e+04	2.199593e-04
	122	51	3.500000	60.750000	9.807552e+04	1.752684e-04
	67	75	-10.250000	54.750000	9.859177e+04	1.933321e-04
	165	160	14.250000	33.500000	1.017592e+05	1.069460e-06
2022	2	16	5	0
	126	35	4.500000	64.750000	9.810341e+04	2.154956e-04
	76	42	-8.000000	63.000000	9.798166e+04	2.183256e-04
	0	70	-27.000000	56.000000	9.731393e+04	1.379559e-04
	74	75	-8.500000	54.750000	9.878166e+04	1.683993e-04
	169	162	15.250000	33.000000	1.017345e+05	-6.056872e-05
2022	2	16	5	3
	120	34	3.000000	65.000000	9.800755e+04	2.028527e-04
	77	42	-7.750000	63.000000	9.802174e+04	2.076083e-04
	6	64	-25.500000	57.500000	9.655050e+04	2.875472e-04
	91	77	-4.250000	54.250000	9.897925e+04	1.353421e-04
	279	121	42.750000	43.250000	1.021046e+05	-1.212870e-05
2022	2	16	4	6
	116	34	2.000000	65.000000	9.792120e+04	2.020883e-04
	79	42	-7.250000	63.000000	9.804612e+04	1.786944e-04
	12	60	-24.000000	58.500000	9.598181e+04	3.733931e-04
	279	121	42.750000	43.250000	1.021644e+05	-1.164122e-05
2022	2	16	7	9
	285	9	44.250000	71.250000	9.893833e+04	1.527050e-04
	112	34	1.000000	65.000000	9.789565e+04	2.129652e-04
	18	60	-22.500000	58.500000	9.576002e+04	4.268484e-04
	152	77	11.000000	54.250000	9.923712e+04	1.354037e-04
	137	81	7.250000	53.250000	9.923712e+04	1.206209e-04
	278	120	42.500000	43.500000	1.022050e+05	3.109397e-06
	178	140	17.500000	38.500000	1.016575e+05	1.104420e-04
2022	2	16	5	12
	283	8	43.750000	71.500000	9.891144e+04	2.011796e-04
	110	34	0.500000	65.000000	9.787460e+04	1.851899e-04
	185	45	19.250000	62.250000	9.833741e+04	9.600252e-05
	32	60	-19.000000	58.500000	9.582164e+04	2.996453e-04
	162	76	13.500000	54.500000	9.918702e+04	1.260766e-04
2022	2	16	4	15
	280	8	43.000000	71.500000	9.883060e+04	2.230471e-04
	187	44	19.750000	62.500000	9.825874e+04	8.527739e-05
	44	52	-16.000000	60.500000	9.576502e+04	1.977413e-04
	65	54	-10.750000	60.000000	9.576502e+04	2.167241e-04
2022	2	16	8	18
	275	8	41.750000	71.500000	9.872471e+04	2.089352e-04
	0	38	-27.000000	64.000000	9.758800e+04	-5.820441e-06
	207	40	24.750000	63.500000	9.821164e+04	8.453017e-05
	188	43	20.000000	62.750000	9.821164e+04	6.272476e-05
	48	51	-15.000000	60.750000	9.582899e+04	2.375991e-04
	67	51	-10.250000	60.750000	9.582899e+04	1.991910e-04
	136	116	7.000000	44.500000	1.013928e+05	7.891295e-05
	183	137	18.750000	39.250000	1.013679e+05	1.357817e-04
2022	2	16	6	21
	272	8	41.000000	71.500000	9.862367e+04	2.037785e-04
	210	39	25.500000	63.750000	9.810308e+04	9.068565e-05
	189	44	20.250000	62.500000	9.810308e+04	6.441271e-05
	66	51	-10.500000	60.750000	9.595776e+04	2.190225e-04
	83	52	-6.250000	60.500000	9.595776e+04	2.234993e-04
	150	109	10.500000	46.250000	1.009893e+05	-3.844438e-07
2022	2	17	6	0
	270	9	40.500000	71.250000	9.853381e+04	2.001486e-04
	211	38	25.750000	64.000000	9.802375e+04	1.137742e-04
	189	45	20.250000	62.250000	9.802742e+04	5.008615e-05
	90	51	-4.500000	60.750000	9.601621e+04	2.134304e-04
	7	84	-25.250000	52.500000	1.002952e+05	1.551961e-04
	189	146	20.250000	37.000000	1.012983e+05	9.878069e-05
2022	2	17	7	3
	267	9	39.750000	71.250000	9.843577e+04	1.942268e-04
	92	52	-4.000000	60.500000	9.610607e+04	2.270016e-04
	110	53	0.500000	60.250000	9.610607e+04	1.957832e-04
	111	53	0.750000	60.250000	9.610607e+04	1.958810e-04
	150	61	10.500000	58.250000	9.644211e+04	3.145190e-04
	15	82	-23.250000	53.000000	1.001894e+05	2.044239e-04
	190	145	20.500000	37.250000	1.011575e+05	1.017786e-04
2022	2	17	6	6
	266	9	39.500000	71.250000	9.830266e+04	1.809733e-04
	125	52	4.250000	60.500000	9.615918e+04	2.232743e-04
	102	54	-1.500000	60.000000	9.615918e+04	1.419172e-04
	160	61	13.000000	58.250000	9.649588e+04	3.281966e-04
	22	80	-21.500000	53.500000	1.001088e+05	2.325701e-04
	189	145	20.250000	37.250000	1.012542e+05	9.597780e-05
2022	2	17	5	9
	263	9	38.750000	71.250000	9.823803e+04	1.809475e-04
	126	52	4.500000	60.500000	9.645764e+04	2.469242e-04
	168	61	15.000000	58.250000	9.668812e+04	2.770628e-04
	32	79	-19.000000	53.750000	1.003070e+05	2.295562e-04
	192	150	21.000000	36.000000	1.013771e+05	8.063106e-05
2022	2	17	5	12
	260	9	38.000000	71.250000	9.817974e+04	2.036023e-04
	129	55	5.250000	59.750000	9.694015e+04	2.022672e-04
	178	62	17.500000	58.000000	9.680838e+04	2.278832e-04
	195	66	21.750000	57.000000	9.680838e+04	1.888070e-04
	9	117	-24.750000	44.250000	1.010771e+05	1.375367e-04
2022	2	17	6	15
	255	37	36.750000	64.250000	9.730675e+04	1.369938e-04
	145	41	9.250000	63.250000	9.749197e+04	1.512160e-04
	185	63	19.250000	57.750000	9.695835e+04	2.092791e-04
	214	66	26.500000	57.000000	9.703702e+04	1.611450e-04
	215	66	26.750000	57.000000	9.705155e+04	1.543850e-04
	13	112	-23.750000	45.500000	1.006023e+05	1.764475e-04
2022	2	17	6	18
	288	26	45.000000	67.000000	9.767469e+04	9.612121e-05
	259	35	37.750000	64.750000	9.714073e+04	1.829356e-04
	149	41	10.250000	63.250000	9.782082e+04	1.171108e-04
	223	64	28.750000	57.500000	9.699025e+04	1.559996e-04
	32	106	-19.000000	47.000000	1.002053e+05	1.570388e-04
	18	109	-22.500000	46.250000	1.002053e+05	2.577547e-04
2022	2	17	5	21
	288	25	45.000000	67.250000	9.747594e+04	8.986981e-05
	261	33	38.250000	65.250000	9.708278e+04	2.461907e-04
	230	62	30.500000	58.000000	9.691677e+04	1.607073e-04
	41	102	-16.750000	48.000000	1.001255e+05	1.804043e-04
	23	107	-21.250000	46.750000	1.000844e+05	3.313464e-04
2022	2	18	4	0
	279	26	42.750000	67.000000	9.710048e+04	1.522369e-04
	264	32	39.000000	65.500000	9.710048e+04	2.581447e-04
	236	60	32.000000	58.500000	9.688470e+04	1.374041e-04
	29	106	-19.750000	47.000000	1.001758e+05	3.545773e-04
2022	2	18	6	3
	287	21	44.750000	68.250000	9.707577e+04	1.314126e-04
	147	28	9.750000	66.500000	9.853098e+04	5.046111e-05
	269	31	40.250000	65.750000	9.707593e+04	1.875533e-04
	243	56	33.750000	59.500000	9.687468e+04	1.610121e-04
	45	98	-15.750000	49.000000	1.001462e+05	2.223843e-04
	37	104	-17.750000	47.500000	1.001462e+05	3.198523e-04
2022	2	18	3	6
	288	18	45.000000	69.000000	9.706441e+04	9.197056e-05
	247	55	34.750000	59.750000	9.701931e+04	1.767848e-04
	52	97	-14.000000	49.250000	1.000256e+05	2.076474e-04
2022	2	18	2	9
	255	50	36.750000	61.000000	9.718316e+04	1.881649e-04
	69	92	-9.750000	50.500000	1.000355e+05	1.721077e-04
2022	2	18	3	12
	151	26	10.750000	67.000000	9.871219e+04	1.118527e-04
	260	49	38.000000	61.250000	9.739176e+04	1.600302e-04
	93	84	-3.750000	52.500000	9.997583e+04	1.686809e-04
2022	2	18	5	15
	151	28	10.750000	66.500000	9.872939e+04	1.674102e-04
	281	37	43.250000	64.250000	9.761890e+04	1.863385e-04
	0	39	-27.000000	63.750000	9.861348e+04	8.473446e-05
	101	83	-1.750000	52.750000	9.977658e+04	1.636992e-04
	278	118	42.500000	44.000000	9.989349e+04	-4.029551e-05
2022	2	18	6	18
	149	27	10.250000	66.750000	9.873039e+04	1.619207e-04
	288	35	45.000000	64.750000	9.783719e+04	1.850258e-04
	0	36	-27.000000	64.500000	9.844630e+04	1.679400e-04
	119	79	2.750000	53.750000	9.968555e+04	1.666898e-04
	103	86	-1.250000	52.000000	9.968555e+04	1.334865e-04
	286	120	44.500000	43.500000	9.989784e+04	2.932758e-05
2022	2	18	4	21
	148	28	10.000000	66.500000	9.879420e+04	1.525716e-04
	288	37	45.000000	64.250000	9.811811e+04	1.193831e-04
	0	45	-27.000000	62.250000	9.792337e+04	7.008876e-05
	129	78	5.250000	54.000000	9.965483e+04	1.516855e-04
2022	2	19	4	0
	145	30	9.250000	66.000000	9.891862e+04	1.302553e-04
	288	39	45.000000	63.750000	9.849824e+04	1.388194e-04
	0	40	-27.000000	63.500000	9.762675e+04	1.436651e-04
	143	77	8.750000	54.250000	9.965934e+04	1.690859e-04
2022	2	19	4	3
	147	33	9.750000	65.250000	9.902150e+04	1.112512e-04
	0	36	-27.000000	64.500000	9.729205e+04	1.187873e-04
	286	43	44.500000	62.750000	9.874526e+04	8.943094e-05
	160	76	13.000000	54.500000	9.955312e+04	1.712845e-04
2022	2	19	4	6
	286	44	44.500000	62.500000	9.887854e+04	8.307867e-05
	176	76	17.000000	54.500000	9.942050e+04	1.608024e-04
	116	124	2.000000	42.500000	1.015154e+05	3.581130e-05
	107	133	-0.250000	40.250000	1.015154e+05	-1.233862e-05
2022	2	19	7	9
	0	42	-27.000000	63.000000	9.698257e+04	5.041383e-05
	286	44	44.500000	62.500000	9.895386e+04	1.060147e-04
	6	51	-25.500000	60.750000	9.684295e+04	9.210660e-05
	189	75	20.250000	54.750000	9.942618e+04	1.484483e-04
	115	125	1.750000	42.250000	1.017006e+05	-1.244819e-05
	107	133	-0.250000	40.250000	1.017006e+05	9.360339e-06
	276	148	42.000000	36.500000	1.008433e+05	5.681558e-05
2022	2	19	4	12
	12	44	-24.000000	62.500000	9.638616e+04	2.090188e-04
	202	75	23.500000	54.750000	9.932898e+04	1.614135e-04
	285	133	44.250000	40.250000	1.007289e+05	-3.890148e-05
	282	148	43.500000	36.500000	1.007289e+05	5.901697e-05
2022	2	19	6	15
	35	36	-18.250000	64.500000	9.569922e+04	-3.300178e-05
	11	40	-24.250000	63.500000	9.569922e+04	2.921957e-04
	210	61	25.500000	58.250000	9.938259e+04	7.540983e-05
	214	75	26.500000	54.750000	9.927136e+04	1.835588e-04
	286	150	44.500000	36.000000	1.010075e+05	4.607220e-05
	287	158	44.750000	34.000000	1.010075e+05	5.383449e-05
2022	2	19	8	18
	6	7	-25.500000	71.750000	9.860930e+04	-1.290436e-05
	8	37	-25.000000	64.250000	9.515358e+04	2.959766e-04
	288	39	45.000000	63.750000	9.917015e+04	1.074089e-04
	220	62	28.000000	58.000000	9.924864e+04	4.732866e-05
	226	75	29.500000	54.750000	9.918284e+04	2.222055e-04
	110	125	0.500000	42.250000	1.018212e+05	3.318192e-05
	278	145	42.500000	37.250000	1.013509e+05	1.447633e-04
	285	153	44.250000	35.250000	1.013198e+05	5.429973e-05
2022	2	19	7	21
	27	31	-20.250000	65.750000	9.472267e+04	1.693276e-04
	3	35	-26.250000	64.750000	9.472267e+04	2.878518e-04
	4	35	-26.000000	64.750000	9.472267e+04	2.965719e-04
	288	37	45.000000	64.250000	9.922960e+04	1.538198e-04
	230	63	30.500000	57.750000	9.902551e+04	2.759110e-05
	237	75	32.250000	54.750000	9.900497e+04	2.338556e-04
	287	151	44.750000	35.750000	1.015009e+05	5.247441e-05
2022	2	20	5	0
	39	32	-17.250000	65.500000	9.489370e+04	2.233925e-04
	0	33	-27.000000	65.250000	9.449336e+04	2.289551e-04
	288	36	45.000000	64.500000	9.930944e+04	1.009681e-04
	237	65	32.250000	57.250000	9.879620e+04	2.190365e-05
	247	75	34.750000	54.750000	9.879620e+04	2.441602e-04
