2022	2	16	7	0
	288	11	45.000000	70.750000	9.878117e+04	7.635684e-05
	55	39	-13.250000	63.750000	9.766396e+04	2.365785e-04
	185	43	19.250000	62.750000	9.903470e+04	1.399824e-04
	118	53	2.500000	60.250000	9.805239e+04	1.696322e-04
	65	67	-10.750000	56.750000	9.724127e+04	3.114473e-04
	280	121	43.000000	43.250000	1.020545e+05	3.037767e-05
	173	122	16.250000	43.000000	1.014622e+05	3.897426e-05
2022	2	16	6	3
	51	38	-14.250000	64.000000	9.752534e+04	2.833796e-04
	188	42	20.000000	63.000000	9.896274e+04	1.071153e-04
	121	52	3.250000	60.500000	9.795145e+04	1.531191e-04
	75	66	-8.250000	57.000000	9.723553e+04	2.880382e-04
	280	121	43.000000	43.250000	1.021588e+05	3.592946e-05
	174	123	16.500000	42.750000	1.014257e+05	4.656177e-05
2022	2	16	6	6
	45	38	-15.750000	64.000000	9.753123e+04	2.333777e-04
	122	50	3.500000	61.000000	9.785872e+04	1.562095e-04
	85	66	-5.750000	57.000000	9.753743e+04	2.969456e-04
	100	67	-2.000000	56.750000	9.753743e+04	2.269150e-04
	31	73	-19.250000	55.250000	9.768769e+04	1.808063e-04
	280	121	43.000000	43.250000	1.022697e+05	3.102123e-05
2022	2	16	6	9
	38	36	-17.500000	64.500000	9.757620e+04	2.312464e-04
	122	47	3.500000	61.750000	9.778057e+04	1.312215e-04
	47	62	-15.250000	58.000000	9.731228e+04	1.112688e-04
	109	66	0.250000	57.000000	9.757077e+04	2.186425e-04
	45	70	-15.750000	56.000000	9.731228e+04	2.035754e-04
	202	125	23.500000	42.250000	1.016031e+05	-7.347925e-05
2022	2	16	5	12
	31	34	-19.250000	65.000000	9.777669e+04	1.825794e-04
	124	46	4.000000	62.000000	9.759977e+04	1.420707e-04
	67	54	-10.250000	60.000000	9.694386e+04	9.310390e-05
	59	66	-12.250000	57.000000	9.678492e+04	2.982333e-04
	122	66	3.500000	57.000000	9.743928e+04	2.351024e-04
2022	2	16	6	15
	23	31	-21.250000	65.750000	9.791547e+04	1.975744e-04
	124	45	4.000000	62.250000	9.742362e+04	1.442002e-04
	69	65	-9.750000	57.250000	9.656583e+04	2.682070e-04
	133	66	6.250000	57.000000	9.726282e+04	2.208338e-04
	136	114	7.000000	45.000000	1.011189e+05	1.288073e-05
	186	137	19.500000	39.250000	1.011505e+05	1.514951e-04
2022	2	16	5	18
	19	30	-22.250000	66.000000	9.808712e+04	1.661349e-04
	0	34	-27.000000	65.000000	9.808712e+04	1.120272e-05
	82	64	-6.500000	57.500000	9.669731e+04	3.348515e-04
	143	65	8.750000	57.250000	9.710001e+04	2.292558e-04
	186	135	19.500000	39.750000	1.011572e+05	1.220253e-04
2022	2	16	8	21
	288	8	45.000000	71.500000	9.892895e+04	1.124468e-04
	0	33	-27.000000	65.250000	9.835181e+04	2.007307e-07
	125	41	4.250000	63.250000	9.710993e+04	1.334886e-04
	153	65	11.250000	57.250000	9.680570e+04	1.846861e-04
	98	66	-2.500000	57.000000	9.677841e+04	2.278101e-04
	137	117	7.250000	44.250000	1.012451e+05	5.766473e-05
	281	121	43.250000	43.250000	1.021635e+05	-1.975095e-05
	186	135	19.500000	39.750000	1.012646e+05	8.917905e-05
2022	2	17	6	0
	286	9	44.500000	71.250000	9.895825e+04	1.885774e-04
	124	40	4.000000	63.500000	9.711830e+04	1.253892e-04
	185	61	19.250000	58.250000	9.650644e+04	2.431905e-04
	158	65	12.500000	57.250000	9.657311e+04	1.941029e-04
	111	66	0.750000	57.000000	9.698371e+04	2.600814e-04
	137	117	7.250000	44.250000	1.011528e+05	7.540591e-05
2022	2	17	4	3
	285	10	44.250000	71.000000	9.899733e+04	1.829729e-04
	124	40	4.000000	63.500000	9.714792e+04	1.082702e-04
	191	58	20.750000	59.000000	9.606266e+04	2.478695e-04
	150	109	10.500000	46.250000	1.001696e+05	1.572396e-05
2022	2	17	4	6
	286	10	44.500000	71.000000	9.905655e+04	1.433677e-04
	124	40	4.000000	63.500000	9.719878e+04	1.194865e-04
	194	57	21.500000	59.250000	9.575486e+04	2.686111e-04
	201	66	23.250000	57.000000	9.575486e+04	1.497244e-04
2022	2	17	4	9
	125	40	4.250000	63.500000	9.726422e+04	1.201594e-04
	197	57	22.250000	59.250000	9.565237e+04	2.877943e-04
	211	61	25.750000	58.250000	9.565237e+04	2.292800e-04
	278	120	42.500000	43.500000	1.017048e+05	-1.710632e-05
2022	2	17	6	12
	127	40	4.750000	63.500000	9.738966e+04	1.285667e-04
	126	41	4.500000	63.250000	9.738966e+04	1.250550e-04
	0	42	-27.000000	63.000000	9.907392e+04	3.377231e-05
	216	54	27.000000	60.000000	9.560151e+04	2.810117e-04
	0	118	-27.000000	44.000000	1.016217e+05	5.635637e-06
	273	119	41.250000	43.750000	1.013967e+05	-3.868287e-05
2022	2	17	3	15
	130	41	5.500000	63.250000	9.745401e+04	1.310875e-04
	219	50	27.750000	61.000000	9.556429e+04	2.305315e-04
	23	118	-21.250000	44.000000	1.011663e+05	1.113413e-04
2022	2	17	3	18
	138	40	7.500000	63.500000	9.745680e+04	6.444191e-05
	221	46	28.250000	62.000000	9.561391e+04	1.983705e-04
	33	114	-18.750000	45.000000	1.007388e+05	1.444612e-04
2022	2	17	4	21
	145	40	9.250000	63.500000	9.744982e+04	6.118327e-05
	220	42	28.000000	63.000000	9.565174e+04	1.783011e-04
	44	66	-16.000000	57.000000	9.911688e+04	1.733049e-04
	44	110	-16.000000	46.000000	1.004667e+05	1.947495e-04
2022	2	18	4	0
	220	39	28.000000	63.750000	9.566788e+04	1.734699e-04
	46	65	-15.500000	57.250000	9.892181e+04	2.046475e-04
	55	105	-13.250000	47.250000	1.001037e+05	2.123814e-04
	147	111	9.750000	45.750000	1.012420e+05	3.302483e-05
2022	2	18	5	3
	222	37	28.500000	64.250000	9.566399e+04	1.892600e-04
	48	65	-15.000000	57.250000	9.876830e+04	2.349750e-04
	63	102	-11.250000	48.000000	9.970797e+04	2.243553e-04
	146	111	9.500000	45.750000	1.012567e+05	7.917750e-06
	138	117	7.500000	44.250000	1.012567e+05	9.099022e-05
2022	2	18	4	6
	223	35	28.750000	64.750000	9.569237e+04	2.024866e-04
	51	66	-14.250000	57.000000	9.865774e+04	2.310057e-04
	74	98	-8.500000	49.000000	9.929442e+04	2.645267e-04
	138	117	7.500000	44.250000	1.012179e+05	9.263647e-05
2022	2	18	4	9
	6	7	-25.500000	71.750000	1.001893e+05	-4.326261e-05
	223	32	28.750000	65.500000	9.577998e+04	1.599259e-04
	56	68	-13.000000	56.500000	9.870907e+04	2.469561e-04
	83	95	-6.250000	49.750000	9.906447e+04	3.222388e-04
2022	2	18	3	12
	6	7	-25.500000	71.750000	1.003149e+05	-4.628913e-05
	225	30	29.250000	66.000000	9.589906e+04	1.070389e-04
	92	93	-4.000000	50.250000	9.880288e+04	4.192830e-04
2022	2	18	3	15
	6	7	-25.500000	71.750000	1.004349e+05	-4.711592e-05
	231	28	30.750000	66.500000	9.606141e+04	8.679961e-05
	102	91	-1.500000	50.750000	9.849276e+04	4.805892e-04
2022	2	18	5	18
	6	7	-25.500000	71.750000	1.004848e+05	-4.010357e-05
	234	26	31.500000	67.000000	9.615569e+04	9.692569e-05
	113	90	1.250000	51.000000	9.846407e+04	4.666610e-04
	282	121	43.500000	43.250000	1.005363e+05	5.498137e-05
	255	136	36.750000	39.500000	1.012927e+05	-1.164428e-05
2022	2	18	5	21
	6	7	-25.500000	71.750000	1.004597e+05	-4.210866e-05
	242	15	33.500000	69.750000	9.614887e+04	1.487209e-04
	235	24	31.750000	67.500000	9.614887e+04	8.144977e-05
	152	89	11.000000	51.250000	9.896616e+04	1.845227e-04
	125	90	4.250000	51.000000	9.877233e+04	4.611187e-04
2022	2	19	3	0
	6	7	-25.500000	71.750000	1.004436e+05	-3.099774e-05
	241	14	33.250000	70.000000	9.612670e+04	1.608437e-04
	138	117	7.500000	44.250000	1.009515e+05	1.545343e-04
2022	2	19	6	3
	6	7	-25.500000	71.750000	1.004498e+05	-4.099817e-05
	237	14	32.250000	70.000000	9.610576e+04	1.791728e-04
	191	85	20.750000	52.250000	9.862627e+04	2.078792e-04
	138	118	7.500000	44.000000	1.009564e+05	1.436184e-04
	109	134	0.250000	40.000000	1.015665e+05	-5.473602e-06
	279	156	42.750000	34.500000	1.012350e+05	8.823995e-05
2022	2	19	6	6
	6	7	-25.500000	71.750000	1.003330e+05	-3.685836e-05
	237	15	32.250000	69.750000	9.613616e+04	1.248055e-04
	206	84	24.500000	52.500000	9.841182e+04	2.356345e-04
	137	120	7.250000	43.500000	1.010312e+05	1.386221e-04
	91	147	-4.250000	36.750000	1.015299e+05	6.021035e-05
	278	155	42.500000	34.750000	1.014290e+05	9.942790e-05
2022	2	19	6	9
	6	7	-25.500000	71.750000	1.002863e+05	-3.169319e-05
	236	16	32.000000	69.500000	9.633138e+04	1.118303e-04
	27	51	-20.250000	60.750000	9.846531e+04	1.228794e-04
	220	82	28.000000	53.000000	9.826622e+04	2.680602e-04
	282	141	43.500000	38.250000	1.012913e+05	1.191999e-05
	281	153	43.250000	35.250000	1.013049e+05	1.200228e-04
2022	2	19	5	12
	257	9	37.250000	71.250000	9.649434e+04	1.381490e-04
	230	80	30.500000	53.500000	9.819985e+04	2.871262e-04
	146	125	9.500000	42.250000	1.014124e+05	2.100248e-05
	282	151	43.500000	35.750000	1.012111e+05	9.113970e-05
	286	159	44.500000	33.750000	1.012111e+05	3.165837e-05
2022	2	19	7	15
	259	8	37.750000	71.500000	9.659513e+04	1.323555e-04
	0	53	-27.000000	60.250000	9.677888e+04	1.328805e-04
	240	79	33.000000	53.750000	9.822373e+04	3.143956e-04
	110	126	0.500000	42.000000	1.023562e+05	8.662118e-05
	285	154	44.250000	35.000000	1.013387e+05	6.569780e-05
	116	157	2.000000	34.250000	1.015377e+05	-8.284801e-06
	105	162	-0.750000	33.000000	1.014989e+05	-2.102443e-05
2022	2	19	5	18
	6	7	-25.500000	71.750000	9.985962e+04	-6.870187e-06
	261	7	38.250000	71.750000	9.665002e+04	1.353899e-04
	0	48	-27.000000	61.500000	9.579548e+04	1.076948e-04
	249	78	35.250000	54.000000	9.831506e+04	3.238748e-04
	152	126	11.000000	42.000000	1.014588e+05	6.769125e-05
2022	2	19	8	21
	6	7	-25.500000	71.750000	9.956097e+04	3.869338e-06
	264	7	39.000000	71.750000	9.674817e+04	1.496497e-04
	265	7	39.250000	71.750000	9.674817e+04	1.444524e-04
	0	45	-27.000000	62.250000	9.505647e+04	1.552744e-04
	260	76	38.000000	54.500000	9.839600e+04	1.966719e-04
	168	124	15.000000	42.500000	1.015682e+05	3.074147e-05
	154	126	11.500000	42.000000	1.015682e+05	7.648161e-05
	286	152	44.500000	35.500000	1.017748e+05	9.314044e-05
2022	2	20	6	0
	271	6	40.750000	72.000000	9.684183e+04	1.656095e-04
	27	39	-20.250000	63.750000	9.466509e+04	8.604148e-05
	5	49	-25.750000	61.250000	9.460183e+04	2.380798e-04
	288	74	45.000000	55.000000	9.910370e+04	7.698068e-05
	269	76	40.250000	54.500000	9.843135e+04	1.844757e-04
	169	123	15.250000	42.750000	1.014667e+05	4.924029e-05
