2022	2	10	8	0
	161	9	13.250000	71.250000	9.668916e+04	6.511185e-05
	162	9	13.500000	71.250000	9.668916e+04	4.973987e-05
	163	9	13.750000	71.250000	9.670034e+04	3.535536e-05
	149	22	10.250000	68.000000	9.647139e+04	3.620463e-04
	59	56	-12.250000	59.500000	9.859540e+04	4.921347e-04
	152	106	11.000000	47.000000	1.022195e+05	-4.245687e-05
	139	110	7.750000	46.000000	1.022195e+05	-7.852704e-05
	248	150	35.000000	36.000000	1.007864e+05	1.041270e-04
2022	2	10	6	6
	8	6	-25.000000	72.000000	1.002531e+05	-8.901983e-06
	10	14	-24.500000	70.000000	1.002531e+05	3.913734e-05
	166	23	14.500000	67.750000	9.678129e+04	3.640430e-04
	79	59	-7.250000	58.750000	9.904270e+04	4.884808e-04
	158	106	12.500000	47.000000	1.021895e+05	-3.872261e-05
	250	152	35.500000	35.500000	1.010426e+05	1.064349e-04
2022	2	10	9	12
	213	1	26.250000	73.250000	9.737855e+04	-1.655742e-05
	183	4	18.750000	72.500000	9.737855e+04	9.015846e-05
	8	6	-25.000000	72.000000	1.002156e+05	-2.212466e-05
	192	16	21.000000	69.500000	9.740207e+04	-1.786269e-05
	18	21	-22.500000	68.250000	1.002080e+05	1.000477e-04
	19	21	-22.250000	68.250000	1.002080e+05	9.495740e-05
	190	28	20.500000	66.500000	9.764610e+04	1.400423e-04
	96	64	-3.000000	57.500000	9.990595e+04	3.966283e-04
	137	117	7.250000	44.250000	1.022565e+05	1.107909e-04
2022	2	10	9	18
	211	0	25.750000	73.500000	9.762219e+04	-6.774746e-06
	186	4	19.500000	72.500000	9.762219e+04	1.399589e-04
	8	6	-25.000000	72.000000	1.001053e+05	-2.813303e-05
	9	14	-24.750000	70.000000	9.985322e+04	3.933162e-06
	38	17	-17.500000	69.250000	9.985322e+04	1.348608e-04
	112	68	1.000000	56.500000	1.004271e+05	3.562370e-04
	137	117	7.250000	44.250000	1.022722e+05	9.644273e-05
	45	157	-15.750000	34.250000	1.022028e+05	5.351432e-05
	90	162	-4.500000	33.000000	1.021366e+05	-7.520257e-05
2022	2	11	4	0
	207	7	24.750000	71.750000	9.787054e+04	1.168046e-04
	52	14	-14.000000	70.000000	9.963604e+04	1.636309e-04
	0	71	-27.000000	55.750000	9.971503e+04	1.055751e-04
	124	74	4.000000	55.000000	1.009093e+05	3.559266e-04
2022	2	11	7	6
	221	0	28.250000	73.500000	9.815888e+04	-3.688960e-05
	214	8	26.500000	71.500000	9.815888e+04	1.632047e-04
	62	12	-11.500000	70.500000	9.960232e+04	1.124624e-04
	89	17	-4.750000	69.250000	9.960232e+04	1.231541e-04
	0	59	-27.000000	58.750000	9.908543e+04	9.587139e-05
	136	81	7.000000	53.250000	1.014962e+05	2.492826e-04
	188	123	20.000000	42.750000	1.020874e+05	1.623305e-06
2022	2	11	5	12
	229	4	30.250000	72.500000	9.863048e+04	3.211929e-05
	98	16	-2.500000	69.500000	9.975737e+04	8.641479e-05
	99	16	-2.250000	69.500000	9.975737e+04	8.620886e-05
	3	67	-26.250000	56.750000	9.888452e+04	1.179326e-04
	135	119	6.750000	43.750000	1.020188e+05	6.942867e-05
2022	2	11	6	18
	237	4	32.250000	72.500000	9.882238e+04	-1.036289e-06
	146	22	9.500000	68.000000	9.933673e+04	1.516621e-04
	30	52	-19.500000	60.500000	9.867812e+04	1.224698e-04
	13	53	-23.750000	60.250000	9.867812e+04	1.448426e-04
	22	62	-21.500000	58.000000	9.867812e+04	1.375200e-04
	134	123	6.500000	42.750000	1.020976e+05	4.892140e-05
2022	2	12	5	0
	250	0	35.500000	73.500000	9.892608e+04	1.820503e-05
	155	22	11.750000	68.000000	9.907897e+04	2.700019e-04
	23	51	-21.250000	60.750000	9.858129e+04	2.025678e-04
	36	57	-18.000000	59.250000	9.858129e+04	1.148241e-04
	241	90	33.250000	51.000000	1.011030e+05	1.314770e-04
2022	2	12	5	6
	258	0	37.500000	73.500000	9.901506e+04	3.788657e-05
	249	9	35.250000	71.250000	9.901506e+04	1.027928e-04
	248	17	35.000000	69.250000	9.905721e+04	1.558799e-04
	51	53	-14.250000	60.250000	9.843584e+04	1.492065e-04
	258	91	37.500000	50.750000	1.008856e+05	2.060083e-04
2022	2	12	5	12
	264	4	39.000000	72.500000	9.923637e+04	4.019707e-05
	262	5	38.500000	72.250000	9.923637e+04	5.137816e-05
	258	18	37.500000	69.000000	9.923989e+04	1.146274e-04
	64	49	-11.000000	61.250000	9.850190e+04	9.623421e-05
	277	91	42.250000	50.750000	1.005653e+05	1.912261e-04
2022	2	12	2	18
	85	47	-5.750000	61.750000	9.844427e+04	1.762487e-04
	288	94	45.000000	50.000000	1.006779e+05	9.564064e-05
2022	2	13	2	0
	286	1	44.500000	73.250000	9.948844e+04	3.192027e-05
	97	45	-2.750000	62.250000	9.849131e+04	1.733032e-04
2022	2	13	1	6
	106	45	-0.500000	62.250000	9.850994e+04	1.401505e-04
2022	2	13	4	12
	40	36	-17.000000	64.500000	1.002713e+05	3.875168e-05
	144	39	9.000000	63.750000	9.877240e+04	1.030411e-04
	125	43	4.250000	62.750000	9.877240e+04	2.213582e-04
	93	73	-3.750000	55.250000	9.874790e+04	1.459363e-04
2022	2	13	4	18
	232	0	31.000000	73.500000	9.969778e+04	-9.198621e-07
	1	17	-26.750000	69.250000	9.968700e+04	4.365822e-05
	162	41	13.500000	63.250000	9.903035e+04	8.156659e-06
	99	71	-2.250000	55.750000	9.852248e+04	1.655084e-04
2022	2	14	1	0
	117	67	2.250000	56.750000	9.851934e+04	9.924972e-05
2022	2	14	2	6
	0	50	-27.000000	61.000000	9.854640e+04	1.057068e-04
	126	62	4.500000	58.000000	9.849523e+04	1.436530e-04
2022	2	14	3	12
	0	42	-27.000000	63.000000	9.769373e+04	1.009569e-04
	150	58	10.500000	59.000000	9.869262e+04	1.687060e-04
	132	62	6.000000	58.000000	9.869262e+04	1.626367e-04
2022	2	14	5	18
	258	27	37.500000	66.750000	9.919167e+04	4.415248e-05
	259	27	37.750000	66.750000	9.919167e+04	4.052337e-05
	0	35	-27.000000	64.750000	9.717548e+04	1.048033e-04
	26	39	-20.500000	63.750000	9.717548e+04	1.371896e-04
	141	63	8.250000	57.750000	9.885669e+04	1.437737e-04
2022	2	15	6	0
	6	7	-25.500000	71.750000	9.914973e+04	1.692364e-05
	274	22	41.500000	68.000000	9.893784e+04	1.284593e-04
	1	34	-26.750000	65.000000	9.672895e+04	1.627745e-04
	17	41	-22.750000	63.250000	9.672895e+04	1.320908e-04
	152	62	11.000000	58.000000	9.905152e+04	1.213626e-04
	137	120	7.250000	43.500000	1.012192e+05	7.074120e-05
2022	2	15	5	6
	6	7	-25.500000	71.750000	9.867969e+04	2.548618e-05
	282	19	43.500000	68.750000	9.855227e+04	2.081328e-04
	36	38	-18.000000	64.000000	9.671661e+04	1.219118e-04
	161	61	13.250000	58.250000	9.924127e+04	1.299934e-04
	146	118	9.500000	44.000000	1.012780e+05	5.582635e-05
2022	2	15	6	12
	288	17	45.000000	69.250000	9.834430e+04	2.016566e-05
	0	27	-27.000000	66.750000	9.665349e+04	1.446491e-04
	0	39	-27.000000	63.750000	9.673856e+04	7.293930e-05
	176	60	17.000000	58.500000	9.949706e+04	9.354925e-05
	14	80	-23.500000	53.500000	9.899330e+04	1.739573e-04
	145	153	9.250000	35.250000	1.014329e+05	-2.153473e-06
2022	2	15	4	18
	219	54	27.750000	60.000000	9.970621e+04	9.943730e-05
	187	57	19.750000	59.250000	9.960546e+04	1.172995e-04
	150	128	10.500000	41.500000	1.014151e+05	7.511423e-05
	272	131	41.000000	40.750000	1.019657e+05	8.389066e-06
2022	2	16	8	0
	111	45	0.750000	62.250000	9.847936e+04	1.927123e-04
	288	47	45.000000	61.750000	1.003503e+05	-1.115939e-05
	195	55	21.750000	59.750000	9.979128e+04	6.171443e-05
	0	60	-27.000000	58.500000	9.572105e+04	1.508035e-04
	148	60	10.000000	58.500000	9.913502e+04	2.187894e-04
	10	66	-24.500000	57.000000	9.572105e+04	3.605422e-05
	281	121	43.250000	43.250000	1.018741e+05	-1.069519e-05
	272	131	41.000000	40.750000	1.019206e+05	5.612479e-06
2022	2	16	6	6
	116	43	2.000000	62.750000	9.864538e+04	1.868978e-04
	12	50	-24.000000	61.000000	9.438071e+04	4.753122e-04
	157	61	12.250000	58.250000	9.948393e+04	1.960105e-04
	175	61	16.750000	58.250000	9.948393e+04	7.894352e-05
	281	121	43.250000	43.250000	1.020421e+05	-3.271111e-05
	168	150	15.000000	36.000000	1.012841e+05	1.003811e-04
2022	2	16	5	12
	43	42	-16.250000	63.000000	9.427545e+04	1.973552e-04
	26	44	-20.500000	62.500000	9.427545e+04	5.128377e-04
	196	51	22.000000	60.750000	9.960997e+04	5.838551e-06
	183	59	18.750000	58.750000	9.960997e+04	8.201612e-05
	170	148	15.500000	36.500000	1.013243e+05	1.111869e-04
2022	2	16	7	18
	49	40	-14.750000	63.500000	9.438188e+04	4.368042e-04
	77	42	-7.750000	63.000000	9.444480e+04	2.634983e-04
	193	56	21.250000	59.500000	9.973110e+04	7.853481e-05
	194	56	21.500000	59.500000	9.973110e+04	8.046145e-05
	279	120	42.750000	43.500000	1.019394e+05	-2.944709e-05
	169	148	15.250000	36.500000	1.014745e+05	8.218510e-05
	179	150	17.750000	36.000000	1.014745e+05	9.902825e-05
2022	2	17	4	0
	0	33	-27.000000	65.250000	9.677717e+04	5.778901e-05
	74	35	-8.500000	64.750000	9.495797e+04	1.744531e-04
	95	37	-3.250000	64.250000	9.495797e+04	2.341849e-04
	150	57	10.500000	59.250000	9.746028e+04	2.607510e-04
2022	2	17	5	6
	106	34	-0.500000	65.000000	9.510106e+04	2.111496e-04
	172	57	16.000000	59.250000	9.748616e+04	2.825734e-04
	0	109	-27.000000	46.250000	1.010983e+05	3.631395e-05
	278	120	42.500000	43.500000	1.015928e+05	1.367046e-05
	157	162	12.250000	33.000000	1.015821e+05	9.501908e-05
2022	2	17	3	12
	118	32	2.500000	65.500000	9.541292e+04	2.162206e-04
	191	59	20.750000	58.750000	9.750184e+04	2.870210e-04
	7	102	-25.250000	48.000000	1.007686e+05	2.002337e-04
2022	2	17	4	18
	130	29	5.500000	66.250000	9.556659e+04	2.160726e-04
	206	60	24.500000	58.500000	9.756652e+04	2.883702e-04
	41	87	-16.750000	51.750000	1.007884e+05	1.408838e-04
	0	109	-27.000000	46.250000	1.010319e+05	6.273745e-05
2022	2	18	2	0
	142	29	8.500000	66.250000	9.586297e+04	2.090633e-04
	219	61	27.750000	58.250000	9.774450e+04	2.211665e-04
2022	2	18	5	6
	155	27	11.750000	66.750000	9.607211e+04	2.379494e-04
	24	40	-21.000000	63.500000	9.830040e+04	2.480978e-04
	233	62	31.250000	58.000000	9.783153e+04	1.397162e-04
	150	110	10.500000	46.000000	1.022728e+05	2.783337e-05
	134	118	6.500000	44.000000	1.022634e+05	9.953188e-05
2022	2	18	6	12
	7	6	-25.250000	72.000000	1.003458e+05	-1.563609e-05
	159	27	12.750000	66.750000	9.661860e+04	1.857581e-04
	52	40	-14.000000	63.500000	9.889020e+04	2.149703e-04
	246	61	34.500000	58.250000	9.792699e+04	6.630681e-05
	265	67	39.250000	56.750000	9.792699e+04	1.317785e-04
	286	122	44.500000	43.000000	9.984342e+04	6.260862e-05
2022	2	18	3	18
	181	32	18.250000	65.500000	9.720116e+04	1.758853e-04
	78	40	-7.500000	63.500000	9.922499e+04	2.023379e-04
	271	59	40.750000	58.750000	9.777214e+04	1.555345e-04
2022	2	19	5	0
	155	1	11.750000	73.250000	9.760534e+04	2.034258e-04
	192	1	21.000000	73.250000	9.760534e+04	5.529503e-05
	197	36	22.250000	64.500000	9.748087e+04	1.280486e-04
	273	52	41.250000	60.500000	9.770295e+04	1.828626e-04
	278	145	42.500000	37.250000	1.006859e+05	1.212490e-04
2022	2	19	8	6
	164	4	14.000000	72.500000	9.770354e+04	2.632405e-04
	195	6	21.750000	72.000000	9.770354e+04	8.813469e-05
	0	29	-27.000000	66.250000	9.885766e+04	1.291165e-04
	23	30	-21.250000	66.000000	9.885766e+04	1.767732e-04
	205	40	24.250000	63.500000	9.778390e+04	1.370678e-04
	288	40	45.000000	63.500000	9.810909e+04	6.254103e-06
	274	45	41.500000	62.250000	9.775116e+04	1.718036e-04
	278	145	42.500000	37.250000	1.010248e+05	7.967472e-05
2022	2	19	5	12
	160	2	13.000000	73.000000	9.795306e+04	2.191773e-04
	67	31	-10.250000	65.750000	9.921049e+04	2.985680e-04
	275	37	41.750000	64.250000	9.787446e+04	1.334658e-04
	0	42	-27.000000	63.000000	9.840017e+04	1.211535e-04
	264	99	39.000000	48.750000	9.911660e+04	2.255857e-04
2022	2	19	6	18
	166	5	14.500000	72.250000	9.820416e+04	2.200470e-04
	276	28	42.000000	66.500000	9.798502e+04	6.837488e-05
	90	31	-4.500000	65.750000	1.000216e+05	1.525648e-04
	0	37	-27.000000	64.250000	9.728406e+04	9.298149e-05
	277	96	42.250000	49.500000	9.909916e+04	3.020485e-04
	287	131	44.750000	40.750000	1.003811e+05	3.797055e-05
2022	2	20	6	0
	179	6	17.750000	72.000000	9.847112e+04	2.061635e-04
	0	10	-27.000000	71.000000	9.774098e+04	-1.502451e-05
	275	22	41.750000	68.000000	9.807087e+04	1.192764e-04
	0	29	-27.000000	66.250000	9.599430e+04	2.288124e-04
	285	94	44.250000	50.000000	9.920892e+04	2.499353e-04
	288	96	45.000000	49.500000	9.920892e+04	1.632270e-04
