2022	2	14	5	0
	5	6	-25.750000	72.000000	9.975729e+04	-3.458902e-05
	215	9	26.750000	71.250000	9.832424e+04	9.331321e-05
	1	17	-26.750000	69.250000	9.975729e+04	1.609292e-05
	221	20	28.250000	68.500000	9.832424e+04	1.062061e-04
	104	71	-1.000000	55.750000	9.841138e+04	1.406091e-04
2022	2	14	3	3
	58	5	-12.500000	72.250000	1.001317e+05	1.043463e-04
	213	9	26.250000	71.250000	9.798494e+04	2.477670e-04
	108	70	0.000000	56.000000	9.834016e+04	1.521863e-04
2022	2	14	3	6
	213	9	26.250000	71.250000	9.779440e+04	3.123697e-04
	108	70	0.000000	56.000000	9.839939e+04	1.632699e-04
	120	76	3.000000	54.500000	9.839939e+04	1.923777e-04
2022	2	14	5	9
	234	8	31.500000	71.500000	9.778652e+04	1.750243e-04
	235	8	31.750000	71.500000	9.778652e+04	1.815669e-04
	216	14	27.000000	70.000000	9.778652e+04	2.392245e-04
	0	54	-27.000000	60.000000	9.794556e+04	1.294580e-04
	124	71	4.000000	55.750000	9.835505e+04	1.964262e-04
2022	2	14	4	12
	226	7	29.500000	71.750000	9.774167e+04	1.674621e-04
	0	50	-27.000000	61.000000	9.753282e+04	1.749360e-04
	128	66	5.000000	57.000000	9.821365e+04	2.170535e-04
	113	73	1.250000	55.250000	9.821365e+04	2.122631e-04
2022	2	14	4	15
	242	13	33.500000	70.250000	9.775845e+04	2.101594e-04
	3	46	-26.250000	62.000000	9.714096e+04	2.152341e-04
	130	62	5.500000	58.000000	9.806745e+04	2.837624e-04
	131	62	5.750000	58.000000	9.806745e+04	2.778308e-04
2022	2	14	4	18
	247	12	34.750000	70.500000	9.775091e+04	1.966103e-04
	0	42	-27.000000	63.000000	9.688006e+04	1.242128e-04
	131	61	5.750000	58.250000	9.808697e+04	3.614838e-04
	136	121	7.000000	43.250000	1.010907e+05	1.510383e-04
2022	2	14	6	21
	6	7	-25.500000	71.750000	9.974976e+04	3.586533e-05
	250	13	35.500000	70.250000	9.782812e+04	2.212536e-04
	0	39	-27.000000	63.750000	9.675166e+04	1.817387e-04
	27	39	-20.250000	63.750000	9.675166e+04	3.867628e-05
	133	60	6.250000	58.500000	9.817342e+04	2.779529e-04
	139	120	7.750000	43.500000	1.011225e+05	1.511973e-04
2022	2	15	5	0
	6	7	-25.500000	71.750000	9.971484e+04	5.342091e-05
	258	14	37.500000	70.000000	9.794505e+04	2.175750e-04
	28	38	-20.000000	64.000000	9.720224e+04	3.562559e-06
	137	60	7.250000	58.500000	9.841086e+04	2.333293e-04
	145	118	9.250000	44.000000	1.011058e+05	1.348280e-04
2022	2	15	5	3
	267	13	39.750000	70.250000	9.804143e+04	2.401933e-04
	37	43	-17.750000	62.750000	9.739570e+04	1.983699e-04
	128	51	5.000000	60.750000	9.850194e+04	8.952148e-05
	145	58	9.250000	59.000000	9.850194e+04	2.696684e-04
	149	117	10.250000	44.250000	1.010508e+05	1.059430e-04
2022	2	15	8	6
	272	13	41.000000	70.250000	9.812052e+04	2.072803e-04
	0	35	-27.000000	64.750000	9.726267e+04	3.118741e-05
	20	40	-22.000000	63.500000	9.726267e+04	9.893913e-05
	125	48	4.250000	61.500000	9.873955e+04	1.392620e-04
	149	57	10.250000	59.250000	9.854816e+04	3.000198e-04
	0	89	-27.000000	51.250000	9.940138e+04	1.010061e-04
	157	115	12.250000	44.750000	1.011112e+05	9.152183e-05
	140	120	8.000000	43.500000	1.011135e+05	9.968699e-05
2022	2	15	6	9
	276	12	42.000000	70.500000	9.824617e+04	2.156983e-04
	24	35	-21.000000	64.750000	9.725377e+04	1.793790e-04
	125	47	4.250000	61.750000	9.869659e+04	1.808398e-04
	153	54	11.250000	60.000000	9.862057e+04	2.720335e-04
	1	85	-26.750000	52.250000	9.889516e+04	1.163017e-04
	159	113	12.750000	45.250000	1.011977e+05	1.051698e-04
2022	2	15	7	12
	279	12	42.750000	70.500000	9.844476e+04	2.395495e-04
	0	33	-27.000000	65.250000	9.737395e+04	4.027539e-05
	35	36	-18.250000	64.500000	9.755130e+04	1.051448e-04
	155	52	11.750000	60.500000	9.867210e+04	2.300873e-04
	9	83	-24.750000	52.750000	9.874280e+04	1.890619e-04
	160	111	13.000000	45.750000	1.012450e+05	9.305709e-05
	150	162	10.500000	33.000000	1.016947e+05	4.887074e-05
2022	2	15	7	15
	284	12	44.000000	70.500000	9.856596e+04	2.454548e-04
	0	40	-27.000000	63.500000	9.745920e+04	1.544309e-05
	67	47	-10.250000	61.750000	9.809364e+04	2.160899e-04
	68	47	-10.000000	61.750000	9.809364e+04	2.131660e-04
	160	50	13.000000	61.000000	9.868186e+04	2.126429e-04
	16	80	-23.000000	53.500000	9.842970e+04	2.404150e-04
	162	162	13.500000	33.000000	1.016036e+05	-2.064800e-05
2022	2	15	6	18
	288	12	45.000000	70.500000	9.869898e+04	9.754593e-05
	124	41	4.000000	63.250000	9.832715e+04	2.314320e-04
	67	46	-10.250000	62.000000	9.815870e+04	1.869629e-04
	119	58	2.750000	59.000000	9.813473e+04	1.808938e-04
	26	78	-20.500000	54.000000	9.831979e+04	2.299183e-04
	162	162	13.500000	33.000000	1.016103e+05	-2.898059e-05
2022	2	15	4	21
	121	40	3.250000	63.500000	9.825166e+04	2.040177e-04
	65	44	-10.750000	62.500000	9.818455e+04	1.907711e-04
	121	58	3.250000	59.000000	9.800548e+04	2.372240e-04
	162	162	13.500000	33.000000	1.017505e+05	-3.284170e-05
2022	2	16	4	0
	62	42	-11.500000	63.000000	9.821673e+04	1.812891e-04
	126	59	4.500000	58.750000	9.805119e+04	2.564480e-04
	0	74	-27.000000	55.000000	9.762047e+04	1.119070e-04
	167	162	14.750000	33.000000	1.016998e+05	-2.206610e-05
2022	2	16	7	3
	59	40	-12.250000	63.500000	9.821673e+04	1.815052e-04
	117	41	2.250000	63.250000	9.814089e+04	1.626828e-04
	150	57	10.500000	59.250000	9.813918e+04	1.553107e-04
	133	61	6.250000	58.250000	9.813918e+04	2.123932e-04
	6	70	-25.500000	56.000000	9.717195e+04	2.848703e-04
	280	121	43.000000	43.250000	1.021578e+05	1.102374e-05
	167	161	14.750000	33.250000	1.015254e+05	4.782403e-05
2022	2	16	7	6
	55	39	-13.250000	63.750000	9.809502e+04	1.704275e-04
	116	41	2.000000	63.250000	9.808834e+04	1.552233e-04
	145	62	9.250000	58.000000	9.814945e+04	1.968916e-04
	18	65	-22.500000	57.250000	9.665066e+04	3.487542e-04
	137	116	7.250000	44.500000	1.010068e+05	9.783098e-05
	280	121	43.000000	43.250000	1.022129e+05	6.741690e-06
	172	160	16.000000	33.500000	1.015478e+05	7.482531e-05
2022	2	16	6	9
	116	41	2.000000	63.250000	9.804673e+04	1.288899e-04
	25	61	-20.750000	58.250000	9.633412e+04	4.177469e-04
	153	62	11.250000	58.000000	9.814688e+04	1.961145e-04
	137	117	7.250000	44.250000	1.010748e+05	1.281582e-04
	279	120	42.750000	43.500000	1.021158e+05	1.574326e-05
	174	154	16.500000	35.000000	1.015976e+05	9.751014e-05
2022	2	16	6	12
	116	40	2.000000	63.500000	9.799024e+04	1.360549e-04
	163	53	13.750000	60.250000	9.813165e+04	1.063912e-04
	36	63	-18.000000	57.750000	9.625007e+04	3.261550e-04
	138	118	7.500000	44.000000	1.011441e+05	1.595395e-04
	278	120	42.500000	43.500000	1.018933e+05	6.547693e-07
	177	152	17.250000	35.500000	1.013963e+05	7.591625e-05
2022	2	16	5	15
	176	50	17.000000	61.000000	9.806625e+04	1.067287e-04
	53	63	-13.750000	57.750000	9.625658e+04	2.797646e-04
	136	119	7.000000	43.750000	1.011460e+05	1.360590e-04
	280	121	43.000000	43.250000	1.019696e+05	-1.266537e-05
	180	152	18.000000	35.500000	1.012215e+05	1.103796e-04
2022	2	16	5	18
	177	49	17.250000	61.250000	9.794351e+04	1.102669e-04
	181	59	18.250000	58.750000	9.794351e+04	1.323507e-04
	68	61	-10.000000	58.250000	9.624751e+04	2.658345e-04
	136	115	7.000000	44.750000	1.010108e+05	2.778547e-05
	181	149	18.250000	36.250000	1.012059e+05	1.458502e-04
2022	2	16	7	21
	177	49	17.250000	61.250000	9.778721e+04	9.096504e-05
	82	57	-6.500000	59.250000	9.627335e+04	2.302669e-04
	188	57	20.000000	59.250000	9.778721e+04	1.334369e-04
	120	67	3.000000	56.750000	9.644095e+04	3.096731e-04
	138	117	7.500000	44.250000	1.009312e+05	5.930530e-05
	278	120	42.500000	43.500000	1.018671e+05	-1.834825e-05
	185	151	19.250000	35.750000	1.011991e+05	1.213117e-04
2022	2	17	6	0
	287	6	44.750000	72.000000	9.894036e+04	1.426092e-04
	288	6	45.000000	72.000000	9.894036e+04	1.198261e-04
	92	56	-4.000000	59.500000	9.642811e+04	1.723084e-04
	108	58	0.000000	59.000000	9.642811e+04	1.698367e-04
	132	66	6.000000	57.000000	9.571972e+04	4.136156e-04
	179	148	17.750000	36.500000	1.011029e+05	1.560700e-04
2022	2	17	8	3
	285	7	44.250000	71.750000	9.891999e+04	1.732781e-04
	108	57	0.000000	59.250000	9.654110e+04	1.431086e-04
	92	58	-4.000000	59.000000	9.654110e+04	1.520650e-04
	140	66	8.000000	57.000000	9.576029e+04	4.382965e-04
	150	109	10.500000	46.250000	1.000165e+05	1.951645e-05
	138	117	7.500000	44.250000	1.007179e+05	7.454427e-05
	184	146	19.000000	37.000000	1.009498e+05	9.622522e-05
	176	152	17.000000	35.500000	1.009498e+05	1.758945e-04
2022	2	17	9	6
	288	8	45.000000	71.500000	9.894772e+04	1.179464e-04
	108	58	0.000000	59.000000	9.675731e+04	1.825662e-04
	149	67	10.250000	56.750000	9.604362e+04	4.151694e-04
	177	70	17.250000	56.000000	9.635056e+04	2.829396e-04
	0	103	-27.000000	47.750000	1.002536e+05	5.987856e-05
	1	114	-26.750000	45.000000	1.002536e+05	1.429393e-04
	280	121	43.000000	43.250000	1.015331e+05	-7.477227e-06
	181	147	18.250000	36.750000	1.009772e+05	1.210817e-04
	178	155	17.500000	34.750000	1.009772e+05	1.586282e-04
2022	2	17	9	9
	288	8	45.000000	71.500000	9.903041e+04	1.085952e-04
	111	61	0.750000	58.250000	9.722073e+04	1.893973e-04
	185	68	19.250000	56.500000	9.619306e+04	2.980967e-04
	160	69	13.000000	56.250000	9.617595e+04	3.833510e-04
	7	98	-25.250000	49.000000	9.982371e+04	2.185107e-04
	14	106	-23.500000	47.000000	9.982371e+04	1.732220e-04
	279	120	42.750000	43.500000	1.013561e+05	1.264585e-05
	181	148	18.250000	36.500000	1.011505e+05	7.300537e-05
	179	158	17.750000	34.000000	1.011505e+05	1.746794e-04
2022	2	17	5	12
	190	66	20.500000	57.000000	9.592601e+04	3.340241e-04
	14	71	-23.500000	55.750000	9.982902e+04	2.164731e-04
	175	71	16.750000	55.750000	9.592601e+04	3.213089e-04
	22	100	-21.500000	48.500000	9.953611e+04	2.112708e-04
	181	161	18.250000	33.250000	1.010512e+05	1.116276e-04
2022	2	17	3	15
	191	67	20.750000	56.750000	9.591933e+04	3.219039e-04
	16	68	-23.000000	56.500000	9.954604e+04	1.966216e-04
	31	93	-19.250000	50.250000	9.902852e+04	2.239954e-04
2022	2	17	4	18
	18	66	-22.500000	57.000000	9.917917e+04	1.956230e-04
	196	71	22.000000	55.750000	9.617612e+04	3.150676e-04
	41	86	-16.750000	52.000000	9.827802e+04	3.734778e-04
	158	107	12.500000	46.750000	1.003972e+05	-2.546174e-05
2022	2	17	7	21
	160	25	13.000000	67.250000	9.837594e+04	5.325396e-05
	31	44	-19.250000	62.500000	9.910385e+04	1.914021e-04
	218	61	27.500000	58.250000	9.659537e+04	1.356129e-04
	19	65	-22.250000	57.250000	9.887788e+04	2.579975e-04
	208	73	25.000000	55.250000	9.655188e+04	2.171366e-04
	48	80	-15.000000	53.500000	9.754086e+04	4.857646e-04
	154	110	11.500000	46.000000	1.008146e+05	9.544866e-05
2022	2	18	5	0
	160	25	13.000000	67.250000	9.846924e+04	4.807023e-05
	29	44	-19.750000	62.500000	9.880546e+04	2.366336e-04
	221	59	28.250000	58.750000	9.682014e+04	1.400894e-04
	20	65	-22.000000	57.250000	9.854028e+04	2.880704e-04
	53	75	-13.750000	54.750000	9.665614e+04	6.272497e-04
2022	2	18	5	3
	153	29	11.250000	66.250000	9.851204e+04	5.098885e-05
	27	44	-20.250000	62.500000	9.849954e+04	2.956515e-04
	229	54	30.250000	60.000000	9.693364e+04	1.489171e-04
	26	66	-20.500000	57.000000	9.829548e+04	3.361637e-04
	62	72	-11.500000	55.500000	9.629065e+04	6.618097e-04
2022	2	18	5	6
	154	28	11.500000	66.500000	9.847403e+04	7.099455e-05
	29	44	-19.750000	62.500000	9.836070e+04	3.067265e-04
	233	50	31.250000	61.000000	9.704526e+04	1.755489e-04
	33	67	-18.750000	56.750000	9.825439e+04	2.518478e-04
	71	68	-9.250000	56.500000	9.613862e+04	6.738895e-04
2022	2	18	5	9
	154	28	11.500000	66.500000	9.847660e+04	7.199003e-05
	28	43	-20.000000	62.750000	9.832441e+04	3.156865e-04
	235	48	31.750000	61.500000	9.710980e+04	2.007084e-04
	79	65	-7.250000	57.250000	9.598198e+04	6.332588e-04
	38	68	-17.500000	56.500000	9.851888e+04	2.682830e-04
2022	2	18	5	12
	156	28	12.000000	66.500000	9.845726e+04	7.448406e-05
	28	43	-20.000000	62.750000	9.831055e+04	2.814792e-04
	238	45	32.500000	62.250000	9.712606e+04	2.424423e-04
	87	63	-5.250000	57.750000	9.641476e+04	5.453465e-04
	47	70	-15.250000	56.000000	9.870942e+04	2.872683e-04
2022	2	18	4	15
	241	40	33.250000	63.500000	9.715602e+04	2.158340e-04
	31	42	-19.250000	63.000000	9.822050e+04	2.957546e-04
	98	63	-2.500000	57.750000	9.665460e+04	3.889708e-04
	56	71	-13.000000	55.750000	9.865259e+04	2.784423e-04
2022	2	18	5	18
	93	13	-3.750000	70.250000	9.867313e+04	2.720655e-04
	244	34	34.000000	65.000000	9.707437e+04	1.405566e-04
	35	41	-18.250000	63.250000	9.822323e+04	3.020648e-04
	121	54	3.250000	60.000000	9.685884e+04	1.901817e-04
	111	63	0.750000	57.750000	9.685884e+04	3.591968e-04
2022	2	18	6	21
	91	14	-4.250000	70.000000	9.863941e+04	2.854741e-04
	244	31	34.000000	65.750000	9.701427e+04	1.373815e-04
	38	40	-17.500000	63.500000	9.827630e+04	2.915948e-04
	151	55	10.750000	59.750000	9.729640e+04	2.105015e-04
	124	62	4.000000	58.000000	9.690780e+04	3.269816e-04
	223	148	28.750000	36.500000	1.009882e+05	1.624211e-04
2022	2	19	11	0
	91	14	-4.250000	70.000000	9.858154e+04	2.876497e-04
	244	28	34.000000	66.500000	9.694220e+04	1.218456e-04
	245	29	34.250000	66.250000	9.694220e+04	1.323797e-04
	39	39	-17.250000	63.750000	9.838519e+04	2.411842e-04
	0	40	-27.000000	63.500000	9.859969e+04	1.499357e-05
	0	52	-27.000000	60.500000	9.855107e+04	1.665022e-04
	156	53	12.000000	60.250000	9.706905e+04	2.190920e-04
	136	62	7.000000	58.000000	9.695042e+04	3.027901e-04
	282	121	43.500000	43.250000	1.011313e+05	3.864952e-05
	65	129	-10.750000	41.250000	1.012561e+05	1.638533e-04
	223	151	28.750000	35.750000	1.009199e+05	1.355890e-04
2022	2	19	9	3
	91	15	-4.250000	69.750000	9.854183e+04	2.804322e-04
	245	27	34.250000	66.750000	9.684257e+04	1.270316e-04
	40	39	-17.000000	63.750000	9.853857e+04	2.041094e-04
	17	40	-22.750000	63.500000	9.853429e+04	8.022971e-06
	2	50	-26.500000	61.000000	9.852145e+04	1.266288e-04
	180	53	18.000000	60.250000	9.715516e+04	1.707202e-04
	150	62	10.500000	58.000000	9.702335e+04	2.955359e-04
	68	129	-10.000000	41.250000	1.013535e+05	1.468646e-04
	225	159	29.250000	33.750000	1.008765e+05	1.164763e-04
2022	2	19	8	6
	91	15	-4.250000	69.750000	9.848961e+04	2.934384e-04
	253	18	36.250000	69.000000	9.670613e+04	1.388161e-04
	143	35	8.750000	64.750000	9.793067e+04	1.058593e-04
	41	39	-16.750000	63.750000	9.864934e+04	1.967051e-04
	2	48	-26.500000	61.500000	9.845384e+04	7.723836e-05
	186	52	19.500000	60.500000	9.688708e+04	1.746597e-04
	202	55	23.500000	59.750000	9.688708e+04	2.358800e-04
	223	159	28.750000	33.750000	1.010553e+05	1.262213e-04
2022	2	19	6	9
	92	14	-4.000000	70.000000	9.853738e+04	3.175680e-04
	249	17	35.250000	69.250000	9.661899e+04	1.472889e-04
	250	17	35.500000	69.250000	9.661899e+04	1.476877e-04
	195	53	21.750000	60.250000	9.671400e+04	1.504298e-04
	212	53	26.000000	60.250000	9.671400e+04	2.786340e-04
	115	125	1.750000	42.250000	1.016692e+05	-1.274073e-05
2022	2	19	4	12
	93	14	-3.750000	70.000000	9.854302e+04	3.543287e-04
	247	16	34.750000	69.500000	9.657055e+04	1.514423e-04
	220	51	28.000000	60.750000	9.668764e+04	2.946380e-04
	203	55	23.750000	59.750000	9.668764e+04	1.232804e-04
2022	2	19	5	15
	93	14	-3.750000	70.000000	9.853173e+04	3.436293e-04
	94	14	-3.500000	70.000000	9.853173e+04	3.408149e-04
	245	16	34.250000	69.500000	9.658030e+04	2.067921e-04
	229	50	30.250000	61.000000	9.683024e+04	2.886787e-04
	249	157	35.250000	34.250000	1.011431e+05	1.030399e-04
2022	2	19	5	18
	98	13	-2.500000	70.250000	9.851563e+04	2.916675e-04
	241	18	33.250000	69.000000	9.665717e+04	2.452567e-04
	0	47	-27.000000	61.750000	9.585975e+04	9.725412e-05
	238	49	32.500000	61.250000	9.699168e+04	2.932503e-04
	152	109	11.000000	46.250000	1.017544e+05	7.922675e-05
2022	2	19	9	21
	98	12	-2.500000	70.500000	9.846992e+04	3.128736e-04
	99	12	-2.250000	70.500000	9.846992e+04	3.028737e-04
	100	12	-2.000000	70.500000	9.846992e+04	2.870423e-04
	269	16	40.250000	69.500000	9.677444e+04	1.082176e-04
	239	20	32.750000	68.500000	9.677444e+04	2.921082e-04
	0	41	-27.000000	63.250000	9.514691e+04	1.766549e-04
	252	47	36.000000	61.750000	9.712161e+04	2.181018e-04
	283	162	43.750000	33.000000	1.013270e+05	9.554689e-05
	284	162	44.000000	33.000000	1.013270e+05	8.752293e-05
2022	2	20	6	0
	98	13	-2.500000	70.250000	9.842541e+04	2.942682e-04
	270	15	40.500000	69.750000	9.689564e+04	9.348342e-05
	271	15	40.750000	69.750000	9.689564e+04	1.009093e-04
	27	38	-20.250000	64.000000	9.487951e+04	9.901603e-05
	0	40	-27.000000	63.500000	9.484647e+04	1.609732e-04
	283	162	43.750000	33.000000	1.012314e+05	6.759623e-05
