2022	2	10	7	0
	8	6	-25.000000	72.000000	1.002134e+05	-2.311717e-05
	148	22	10.000000	68.000000	9.653941e+04	4.148780e-04
	59	55	-12.250000	59.750000	9.857305e+04	4.324373e-04
	152	106	11.000000	47.000000	1.022353e+05	-3.596363e-05
	139	110	7.750000	46.000000	1.022353e+05	-7.448922e-05
	249	150	35.250000	36.000000	1.007503e+05	1.080065e-04
	278	162	42.500000	33.000000	1.008617e+05	9.308862e-05
2022	2	10	6	6
	175	5	16.750000	72.250000	9.718440e+04	1.403307e-04
	8	6	-25.000000	72.000000	1.003244e+05	-1.953546e-05
	166	22	14.500000	68.000000	9.678384e+04	3.454811e-04
	76	59	-8.000000	58.750000	9.908986e+04	4.808467e-04
	158	106	12.500000	47.000000	1.021245e+05	-4.433346e-05
	282	162	43.500000	33.000000	1.010784e+05	1.376020e-04
2022	2	10	10	12
	211	0	25.750000	73.500000	9.739445e+04	1.244451e-05
	181	4	18.250000	72.500000	9.739445e+04	1.065077e-04
	21	20	-21.750000	68.500000	1.001915e+05	6.557834e-05
	187	27	19.750000	66.750000	9.753826e+04	1.545155e-04
	93	64	-3.750000	57.500000	9.998573e+04	3.445047e-04
	137	117	7.250000	44.250000	1.022282e+05	1.222058e-04
	284	139	44.000000	38.750000	1.009641e+05	2.583042e-05
	271	154	40.750000	35.000000	1.010186e+05	5.032527e-05
	272	154	41.000000	35.000000	1.010186e+05	4.606177e-05
	270	155	40.500000	34.750000	1.010186e+05	4.365015e-05
2022	2	10	8	18
	192	5	21.000000	72.250000	9.760469e+04	1.374741e-04
	8	6	-25.000000	72.000000	9.990523e+04	-5.057317e-05
	9	14	-24.750000	70.000000	9.973915e+04	-8.573268e-06
	44	15	-16.000000	69.750000	9.973602e+04	1.378849e-04
	207	30	24.750000	66.000000	9.801130e+04	1.446250e-04
	111	69	0.750000	56.250000	1.003675e+05	3.100900e-04
	138	117	7.500000	44.250000	1.022292e+05	1.085385e-04
	87	156	-5.250000	34.500000	1.021220e+05	5.040491e-06
2022	2	11	5	0
	198	6	22.500000	72.000000	9.785362e+04	1.741735e-04
	54	11	-13.500000	70.750000	9.915884e+04	2.001271e-04
	0	70	-27.000000	56.000000	9.964204e+04	1.222839e-04
	125	74	4.250000	55.000000	1.007114e+05	2.982137e-04
	135	119	6.750000	43.750000	1.022349e+05	5.336179e-05
2022	2	11	6	6
	209	8	25.250000	71.500000	9.812345e+04	1.664839e-04
	58	12	-12.500000	70.500000	9.894547e+04	3.103488e-04
	59	12	-12.250000	70.500000	9.894547e+04	3.041866e-04
	60	12	-12.000000	70.500000	9.894547e+04	2.891597e-04
	138	80	7.500000	53.500000	1.012898e+05	2.433670e-04
	138	117	7.500000	44.250000	1.021018e+05	8.235010e-05
2022	2	11	6	12
	231	4	30.750000	72.500000	9.851912e+04	5.534862e-05
	79	16	-7.250000	69.500000	9.894039e+04	2.095069e-04
	12	59	-24.000000	58.750000	9.904375e+04	1.283048e-04
	4	69	-26.000000	56.250000	9.904375e+04	1.260338e-04
	134	119	6.500000	43.750000	1.021669e+05	1.032498e-04
	165	126	14.250000	42.000000	1.021665e+05	7.605418e-06
2022	2	11	5	18
	236	4	32.000000	72.500000	9.866488e+04	3.635951e-05
	108	11	0.000000	70.750000	9.878525e+04	9.934231e-05
	106	19	-0.500000	68.750000	9.878525e+04	2.193468e-04
	32	56	-19.000000	59.500000	9.884289e+04	1.375964e-04
	27	65	-20.250000	57.250000	9.884289e+04	7.646899e-05
2022	2	12	4	0
	237	7	32.250000	71.750000	9.873952e+04	1.201785e-04
	140	14	8.000000	70.000000	9.858516e+04	1.312848e-04
	58	51	-12.500000	60.750000	9.862972e+04	2.393304e-04
	32	57	-19.000000	59.250000	9.870788e+04	1.511297e-04
2022	2	12	4	6
	163	13	13.750000	70.250000	9.861584e+04	6.987568e-05
	244	15	34.000000	69.750000	9.865258e+04	1.162490e-04
	156	21	12.000000	68.250000	9.861584e+04	2.065358e-04
	53	54	-13.750000	60.000000	9.836555e+04	2.572318e-04
2022	2	12	2	12
	250	15	35.500000	69.750000	9.857794e+04	1.068787e-04
	73	55	-8.750000	59.750000	9.852577e+04	1.586227e-04
2022	2	12	5	18
	251	15	35.750000	69.750000	9.843784e+04	1.071128e-04
	104	49	-1.000000	61.250000	9.841224e+04	1.123727e-04
	105	49	-0.750000	61.250000	9.841224e+04	1.176525e-04
	89	55	-4.750000	59.750000	9.841224e+04	1.393854e-04
	0	112	-27.000000	45.500000	1.009822e+05	7.626486e-05
2022	2	13	5	0
	153	0	11.250000	73.500000	9.884523e+04	4.875591e-05
	272	13	41.000000	70.250000	9.851130e+04	9.759895e-05
	122	46	3.500000	62.000000	9.809278e+04	2.598896e-04
	32	106	-19.000000	47.000000	1.005229e+05	1.341743e-04
	287	124	44.750000	42.500000	1.021980e+05	-3.419001e-05
2022	2	13	6	6
	161	0	13.250000	73.500000	9.872233e+04	-6.289999e-06
	281	0	43.250000	73.500000	9.866762e+04	1.917940e-06
	282	10	43.500000	71.000000	9.866762e+04	8.318244e-05
	127	47	4.750000	61.750000	9.794330e+04	2.543672e-04
	58	111	-12.500000	45.750000	9.927568e+04	2.738256e-04
	286	129	44.500000	41.250000	1.019893e+05	3.218987e-06
2022	2	13	7	12
	178	7	17.500000	71.750000	9.875457e+04	1.776249e-04
	285	8	44.250000	71.500000	9.894391e+04	1.087828e-04
	10	14	-24.500000	70.000000	9.967506e+04	5.061375e-05
	152	43	11.000000	62.750000	9.789191e+04	9.584647e-05
	3	47	-26.250000	61.750000	1.004762e+05	1.245770e-04
	79	106	-7.250000	47.000000	9.865531e+04	3.400421e-04
	267	119	39.750000	43.750000	1.027472e+05	8.969729e-05
2022	2	13	6	18
	189	7	20.250000	71.750000	9.882413e+04	1.955652e-04
	285	7	44.250000	71.750000	9.916313e+04	9.712285e-05
	4	40	-26.000000	63.500000	1.000744e+05	1.697771e-04
	161	45	13.250000	62.250000	9.788098e+04	1.330828e-04
	97	99	-2.750000	48.750000	9.822525e+04	1.869706e-04
	94	108	-3.500000	46.500000	9.822525e+04	4.178814e-04
2022	2	14	5	0
	194	7	21.500000	71.750000	9.902753e+04	1.757241e-04
	6	14	-25.500000	70.000000	9.997049e+04	4.352096e-05
	7	33	-25.250000	65.250000	9.974404e+04	1.817529e-04
	188	44	20.000000	62.500000	9.802673e+04	1.085169e-04
	113	102	1.250000	48.000000	9.847457e+04	3.120531e-04
2022	2	14	6	6
	201	3	23.250000	72.750000	9.909963e+04	1.267339e-04
	202	3	23.500000	72.750000	9.909963e+04	1.417585e-04
	206	39	24.500000	63.750000	9.810567e+04	4.603083e-05
	0	53	-27.000000	60.250000	9.880596e+04	5.766300e-05
	123	94	3.750000	50.000000	9.851326e+04	3.220519e-04
	138	119	7.500000	43.750000	1.004078e+05	2.335672e-04
2022	2	14	3	12
	208	1	25.000000	73.250000	9.918639e+04	1.111472e-04
	224	36	29.000000	64.500000	9.834777e+04	1.214807e-04
	132	91	6.000000	50.750000	9.888548e+04	3.240750e-04
2022	2	14	5	18
	288	25	45.000000	67.250000	9.899491e+04	5.444629e-05
	248	34	35.000000	65.000000	9.863519e+04	6.538320e-05
	0	35	-27.000000	64.750000	9.730007e+04	7.223421e-05
	23	35	-21.250000	64.750000	9.730007e+04	6.671633e-05
	143	91	8.750000	50.750000	9.926318e+04	3.206441e-04
2022	2	15	6	0
	273	21	41.250000	68.250000	9.877821e+04	-6.061449e-06
	270	29	40.500000	66.250000	9.877821e+04	7.419418e-05
	0	32	-27.000000	65.500000	9.713888e+04	3.828307e-05
	24	32	-21.000000	65.500000	9.713888e+04	2.545066e-05
	163	87	13.750000	51.750000	9.961469e+04	1.020236e-04
	280	121	43.000000	43.250000	1.019441e+05	2.557360e-05
2022	2	15	12	6
	184	6	19.000000	72.000000	9.956525e+04	1.373837e-04
	6	7	-25.500000	71.750000	9.817094e+04	3.140868e-05
	288	19	45.000000	68.750000	9.885773e+04	-6.879093e-05
	22	26	-21.500000	67.000000	9.690421e+04	2.225948e-04
	288	27	45.000000	66.750000	9.885773e+04	1.231566e-04
	42	30	-16.500000	66.000000	9.696283e+04	2.174118e-04
	0	31	-27.000000	65.750000	9.690421e+04	4.628780e-05
	24	38	-21.000000	64.000000	9.690968e+04	3.528489e-05
	191	75	20.750000	54.750000	9.991383e+04	6.589776e-05
	2	84	-26.500000	52.500000	9.873386e+04	1.332617e-04
	147	119	9.750000	43.750000	1.008496e+05	9.461593e-05
	280	121	43.000000	43.250000	1.021065e+05	1.219811e-05
2022	2	15	6	12
	6	7	-25.500000	71.750000	9.771372e+04	-3.858286e-06
	202	7	23.500000	71.750000	9.970124e+04	1.211886e-04
	288	14	45.000000	70.000000	9.926161e+04	-1.023897e-04
	1	29	-26.750000	66.250000	9.663496e+04	8.395545e-05
	214	69	26.500000	56.250000	1.001503e+05	1.145803e-04
	185	120	19.250000	43.500000	1.010133e+05	-3.518928e-05
2022	2	15	5	18
	288	14	45.000000	70.000000	9.959866e+04	-8.519859e-05
	0	38	-27.000000	64.000000	9.658494e+04	4.617574e-05
	176	124	17.000000	42.500000	1.010737e+05	1.013341e-04
	277	128	42.250000	41.500000	1.021415e+05	1.390914e-05
	178	133	17.500000	40.250000	1.010737e+05	1.064827e-04
2022	2	16	5	0
	248	58	35.000000	59.000000	1.004480e+05	1.120671e-04
	280	121	43.000000	43.250000	1.020553e+05	-6.708133e-06
	179	125	17.750000	42.250000	1.011184e+05	9.149235e-05
	191	125	20.750000	42.250000	1.011184e+05	4.721097e-05
	273	130	41.250000	41.000000	1.020553e+05	1.752401e-05
2022	2	16	5	6
	116	39	2.000000	63.750000	9.669748e+04	1.893022e-04
	266	56	39.500000	59.500000	1.005840e+05	1.077457e-04
	140	110	8.000000	46.000000	1.022470e+05	-2.995273e-05
	281	121	43.250000	43.250000	1.021411e+05	-2.269594e-06
	180	126	18.000000	42.000000	1.012654e+05	1.473190e-04
2022	2	16	9	12
	124	31	4.000000	65.750000	9.610037e+04	2.637371e-04
	99	36	-2.250000	64.500000	9.610037e+04	1.314898e-04
	19	42	-22.250000	63.000000	9.666954e+04	2.277242e-04
	279	56	42.750000	59.500000	1.007071e+05	8.291776e-05
	144	59	9.000000	58.750000	9.749253e+04	3.287345e-04
	210	111	25.500000	45.750000	1.016397e+05	-1.064331e-05
	136	116	7.000000	44.500000	1.020930e+05	7.506356e-05
	279	120	42.750000	43.500000	1.019375e+05	1.376400e-05
	193	129	21.250000	41.250000	1.015125e+05	2.804991e-06
2022	2	16	9	18
	126	28	4.500000	66.500000	9.568418e+04	3.750456e-04
	48	39	-15.000000	63.750000	9.681862e+04	2.195512e-04
	162	52	13.500000	60.500000	9.728777e+04	3.418915e-04
	136	116	7.000000	44.500000	1.019377e+05	7.576145e-05
	281	121	43.250000	43.250000	1.022175e+05	4.938538e-06
	178	126	17.500000	42.000000	1.017409e+05	1.316429e-04
	209	134	25.250000	40.000000	1.016655e+05	7.583830e-05
	196	135	22.000000	39.750000	1.016655e+05	2.961621e-05
	204	143	24.000000	37.750000	1.016655e+05	4.176021e-05
2022	2	17	4	0
	132	25	6.000000	67.250000	9.554448e+04	2.427383e-04
	180	48	18.000000	61.500000	9.714200e+04	3.034737e-04
	137	117	7.250000	44.250000	1.016606e+05	1.035395e-04
	283	122	43.750000	43.000000	1.021661e+05	-3.122045e-05
2022	2	17	2	6
	135	23	6.750000	67.750000	9.558336e+04	2.712900e-04
	137	113	7.250000	45.250000	1.015772e+05	6.937174e-06
2022	2	17	2	12
	147	20	9.750000	68.500000	9.566171e+04	2.395796e-04
	0	107	-27.000000	46.750000	1.000549e+05	7.777680e-05
2022	2	17	4	18
	129	18	5.250000	69.000000	9.580005e+04	2.271536e-04
	160	18	13.000000	69.000000	9.580005e+04	2.568903e-04
	11	31	-24.250000	65.750000	9.783896e+04	3.000342e-04
	0	106	-27.000000	47.000000	9.941988e+04	4.554924e-05
2022	2	18	3	0
	176	15	17.000000	69.750000	9.607653e+04	2.051250e-04
	5	102	-25.750000	48.000000	9.880811e+04	2.519670e-04
	0	112	-27.000000	45.500000	9.880811e+04	3.517210e-05
2022	2	18	3	6
	194	12	21.500000	70.500000	9.624730e+04	1.382871e-04
	21	93	-21.750000	50.250000	9.824831e+04	2.206507e-04
	9	107	-24.750000	46.750000	9.809669e+04	4.490794e-04
2022	2	18	3	12
	216	7	27.000000	71.750000	9.650620e+04	1.607941e-04
	26	96	-20.500000	49.500000	9.779695e+04	4.373156e-04
	243	132	33.750000	40.500000	1.008349e+05	2.113308e-05
2022	2	18	6	18
	227	3	29.750000	72.750000	9.659705e+04	1.585900e-04
	59	31	-12.250000	65.750000	9.883077e+04	2.186117e-04
	44	77	-16.000000	54.250000	9.705446e+04	3.482632e-04
	279	119	42.750000	43.750000	1.008902e+05	3.441333e-05
	232	150	31.000000	36.000000	1.008638e+05	1.042299e-04
	264	160	39.000000	33.500000	1.008349e+05	1.205077e-04
2022	2	19	5	0
	232	0	31.000000	73.500000	9.667853e+04	6.499877e-05
	60	62	-12.000000	58.000000	9.635438e+04	2.993075e-04
	224	150	29.000000	36.000000	1.007562e+05	1.467405e-04
	234	150	31.500000	36.000000	1.007562e+05	8.688121e-05
	267	155	39.750000	34.750000	1.008443e+05	1.103329e-04
2022	2	19	6	6
	243	0	33.750000	73.500000	9.684559e+04	4.324095e-05
	244	0	34.000000	73.500000	9.684559e+04	5.430809e-05
	288	0	45.000000	73.500000	9.768402e+04	4.414812e-05
	0	50	-27.000000	61.000000	9.742591e+04	9.365479e-05
	80	54	-7.000000	60.000000	9.576585e+04	1.933035e-04
	222	153	28.500000	35.250000	1.007841e+05	1.543207e-04
2022	2	19	7	12
	221	0	28.250000	73.500000	9.694173e+04	7.700713e-05
	103	49	-1.250000	61.250000	9.568066e+04	1.462689e-04
	8	50	-25.000000	61.000000	9.788957e+04	2.348783e-04
	284	140	44.000000	38.500000	1.010952e+05	1.613977e-05
	272	154	41.000000	35.000000	1.009484e+05	9.961177e-05
	229	162	30.250000	33.000000	1.008922e+05	3.332892e-05
	268	162	40.000000	33.000000	1.008683e+05	-3.362985e-05
2022	2	19	8	18
	209	0	25.250000	73.500000	9.679284e+04	7.916985e-05
	182	3	18.500000	72.750000	9.679284e+04	7.140786e-05
	135	37	6.750000	64.250000	9.594777e+04	3.765997e-04
	120	48	3.000000	61.500000	9.594131e+04	2.223180e-04
	14	49	-23.500000	61.250000	9.818950e+04	1.646583e-04
	272	151	41.000000	35.750000	1.011376e+05	6.198637e-05
	233	161	31.250000	33.250000	1.010526e+05	1.102715e-04
	268	162	40.000000	33.000000	1.011376e+05	5.073364e-05
2022	2	20	4	0
	211	24	25.750000	67.500000	9.590165e+04	3.373803e-04
	281	153	43.250000	35.250000	1.010610e+05	9.816986e-05
	230	162	30.500000	33.000000	1.010899e+05	6.609989e-05
	278	162	42.500000	33.000000	1.010610e+05	-5.216592e-05
