2022	2	14	6	0
	5	6	-25.750000	72.000000	9.975804e+04	-3.569305e-05
	223	10	28.750000	71.000000	9.839536e+04	1.500282e-04
	193	12	21.250000	70.500000	9.839536e+04	1.097302e-04
	1	17	-26.750000	69.250000	9.975804e+04	9.474557e-06
	114	63	1.500000	57.750000	9.855770e+04	8.417343e-05
	105	71	-0.750000	55.750000	9.855770e+04	1.118518e-04
2022	2	14	7	3
	56	5	-13.000000	72.250000	1.001544e+05	1.039512e-04
	57	5	-12.750000	72.250000	1.001544e+05	1.027185e-04
	213	9	26.250000	71.250000	9.811210e+04	2.142228e-04
	232	20	31.000000	68.500000	9.816571e+04	5.414847e-05
	117	61	2.250000	58.250000	9.849557e+04	8.812681e-05
	108	71	0.000000	55.750000	9.849557e+04	1.235811e-04
	109	71	0.250000	55.750000	9.849557e+04	1.068544e-04
2022	2	14	4	6
	63	3	-11.250000	72.750000	1.001064e+05	1.218430e-04
	220	8	28.000000	71.500000	9.796746e+04	2.027216e-04
	119	60	2.750000	58.500000	9.855520e+04	7.772892e-05
	112	70	1.000000	56.000000	9.855520e+04	1.115344e-04
2022	2	14	3	9
	220	8	28.000000	71.500000	9.799853e+04	2.764496e-04
	0	51	-27.000000	60.750000	9.808721e+04	1.103326e-04
	124	69	4.000000	56.250000	9.859728e+04	1.149180e-04
2022	2	14	3	12
	236	6	32.000000	72.000000	9.801556e+04	1.503201e-04
	0	47	-27.000000	61.750000	9.774183e+04	1.323124e-04
	127	66	4.750000	57.000000	9.850676e+04	1.444150e-04
2022	2	14	3	15
	237	6	32.250000	72.000000	9.802291e+04	1.203342e-04
	0	44	-27.000000	62.500000	9.743117e+04	9.798793e-05
	132	63	6.000000	57.750000	9.837966e+04	2.244928e-04
2022	2	14	6	18
	237	6	32.250000	72.000000	9.810892e+04	6.591231e-05
	288	11	45.000000	70.750000	9.899829e+04	1.044977e-04
	288	12	45.000000	70.500000	9.899829e+04	8.836987e-05
	255	13	36.750000	70.250000	9.810892e+04	1.574176e-04
	0	39	-27.000000	63.750000	9.722006e+04	1.233865e-04
	134	61	6.500000	58.250000	9.844329e+04	2.681067e-04
2022	2	14	5	21
	262	12	38.500000	70.500000	9.803644e+04	1.692746e-04
	0	37	-27.000000	64.250000	9.711668e+04	1.342884e-04
	25	44	-20.750000	62.500000	9.724779e+04	2.288433e-04
	137	60	7.250000	58.500000	9.852346e+04	2.598031e-04
	138	121	7.500000	43.250000	1.011042e+05	1.150158e-04
2022	2	15	7	0
	244	5	34.000000	72.250000	9.804680e+04	8.100010e-05
	6	7	-25.500000	71.750000	9.966284e+04	4.214459e-05
	266	11	39.500000	70.750000	9.804680e+04	2.131715e-04
	0	37	-27.000000	64.250000	9.742533e+04	7.005953e-05
	128	53	5.000000	60.250000	9.859778e+04	6.178741e-05
	141	59	8.250000	58.750000	9.859778e+04	2.517411e-04
	151	116	10.750000	44.500000	1.010853e+05	6.820215e-05
2022	2	15	9	3
	6	7	-25.500000	71.750000	9.959170e+04	5.000590e-05
	269	10	40.250000	71.000000	9.807068e+04	2.251569e-04
	25	34	-20.750000	65.000000	9.733798e+04	-7.293985e-05
	6	35	-25.500000	64.750000	9.733798e+04	1.918228e-04
	29	42	-19.750000	63.000000	9.734616e+04	1.752908e-04
	126	51	4.500000	60.750000	9.857290e+04	1.205376e-04
	146	58	9.500000	59.000000	9.856755e+04	2.581973e-04
	171	103	15.750000	47.750000	1.010045e+05	6.303489e-05
	146	118	9.500000	44.000000	1.010041e+05	8.841807e-05
2022	2	15	7	6
	273	9	41.250000	71.250000	9.812797e+04	2.063568e-04
	0	32	-27.000000	65.500000	9.733280e+04	8.061685e-05
	24	35	-21.000000	64.750000	9.733280e+04	9.133510e-05
	125	49	4.250000	61.250000	9.874392e+04	1.664686e-04
	151	55	10.750000	59.750000	9.861081e+04	2.588369e-04
	0	86	-27.000000	52.000000	9.918818e+04	9.790964e-05
	146	117	9.500000	44.250000	1.010649e+05	9.166184e-05
2022	2	15	6	9
	275	8	41.750000	71.500000	9.828429e+04	2.152671e-04
	125	48	4.250000	61.500000	9.871904e+04	1.989353e-04
	67	51	-10.250000	60.750000	9.807084e+04	2.354876e-04
	155	53	11.750000	60.250000	9.869783e+04	2.058863e-04
	1	83	-26.750000	52.750000	9.869265e+04	1.292795e-04
	146	117	9.500000	44.250000	1.011196e+05	1.035524e-04
2022	2	15	9	12
	275	7	41.750000	71.750000	9.840989e+04	2.294755e-04
	35	35	-18.250000	64.750000	9.775184e+04	1.476401e-04
	0	36	-27.000000	64.500000	9.758800e+04	-3.782001e-05
	125	47	4.250000	61.750000	9.872923e+04	2.079614e-04
	65	49	-10.750000	61.250000	9.805949e+04	2.529854e-04
	163	50	13.750000	61.000000	9.875445e+04	1.726246e-04
	14	79	-23.500000	53.750000	9.846584e+04	2.108770e-04
	159	113	12.750000	45.250000	1.010751e+05	9.320407e-05
	146	117	9.500000	44.250000	1.010751e+05	1.106728e-04
2022	2	15	7	15
	277	7	42.250000	71.750000	9.851561e+04	2.130238e-04
	0	36	-27.000000	64.500000	9.759418e+04	-2.083340e-05
	63	47	-11.250000	61.750000	9.803878e+04	2.621062e-04
	169	48	15.250000	61.500000	9.877064e+04	1.101523e-04
	26	76	-20.500000	54.500000	9.827912e+04	2.411439e-04
	160	111	13.000000	45.750000	1.010663e+05	8.111553e-05
	165	162	14.250000	33.000000	1.016356e+05	-7.896289e-06
2022	2	15	6	18
	280	7	43.000000	71.750000	9.860680e+04	2.458528e-04
	0	37	-27.000000	64.250000	9.754073e+04	-2.912191e-07
	60	45	-12.000000	62.250000	9.799001e+04	2.715209e-04
	179	45	17.750000	62.250000	9.880605e+04	1.085392e-04
	110	57	0.500000	59.250000	9.852430e+04	1.494956e-04
	161	112	13.250000	45.500000	1.012358e+05	7.326498e-05
2022	2	15	6	21
	282	7	43.500000	71.750000	9.870400e+04	2.644827e-04
	57	43	-12.750000	62.750000	9.792404e+04	2.726832e-04
	183	43	18.750000	62.750000	9.882492e+04	1.416069e-04
	115	58	1.750000	59.000000	9.852730e+04	1.423365e-04
	116	58	2.000000	59.000000	9.852730e+04	1.442173e-04
	0	71	-27.000000	55.750000	9.732796e+04	1.138679e-04
2022	2	16	5	0
	285	7	44.250000	71.750000	9.878634e+04	2.168369e-04
	53	40	-13.750000	63.500000	9.784020e+04	2.916937e-04
	185	42	19.250000	63.000000	9.887887e+04	1.838383e-04
	123	58	3.750000	59.000000	9.851711e+04	1.473128e-04
	4	67	-26.000000	56.750000	9.658006e+04	2.042992e-04
2022	2	16	4	3
	286	6	44.500000	72.000000	9.885833e+04	1.956922e-04
	196	37	22.000000	64.250000	9.891862e+04	1.691642e-04
	47	38	-15.250000	64.000000	9.772512e+04	2.737683e-04
	12	63	-24.000000	57.750000	9.615834e+04	3.141308e-04
2022	2	16	5	6
	282	6	43.500000	72.000000	9.889473e+04	2.150237e-04
	196	35	22.000000	64.750000	9.893516e+04	1.892130e-04
	130	37	5.500000	64.250000	9.844012e+04	1.733793e-04
	19	61	-22.250000	58.250000	9.589379e+04	4.125782e-04
	178	125	17.500000	42.250000	1.013816e+05	6.380519e-05
2022	2	16	7	9
	282	5	43.500000	72.250000	9.893649e+04	2.485155e-04
	282	6	43.500000	72.000000	9.893649e+04	2.478183e-04
	196	35	22.000000	64.750000	9.900981e+04	1.683207e-04
	37	57	-17.750000	59.250000	9.601939e+04	1.924876e-04
	137	116	7.250000	44.500000	1.012963e+05	8.277580e-05
	178	125	17.500000	42.250000	1.014397e+05	5.073918e-05
	187	136	19.750000	39.500000	1.014317e+05	1.517109e-04
2022	2	16	4	12
	282	5	43.500000	72.250000	9.895320e+04	2.041926e-04
	197	34	22.250000	65.000000	9.903085e+04	1.557172e-04
	35	57	-18.250000	59.250000	9.614064e+04	3.184902e-04
	137	116	7.250000	44.500000	1.012517e+05	8.789203e-05
2022	2	16	4	15
	283	4	43.750000	72.500000	9.893398e+04	1.631786e-04
	0	35	-27.000000	64.750000	9.802341e+04	-2.616620e-05
	75	56	-8.250000	59.500000	9.624219e+04	1.724096e-04
	136	120	7.000000	43.500000	1.012435e+05	1.561379e-04
2022	2	16	5	18
	281	3	43.250000	72.750000	9.889223e+04	1.914303e-04
	80	56	-7.000000	59.500000	9.633421e+04	1.953196e-04
	108	57	0.000000	59.250000	9.635025e+04	1.972275e-04
	277	150	42.250000	36.000000	1.016266e+05	2.427042e-05
	276	159	42.000000	33.750000	1.016266e+05	-2.402977e-05
2022	2	16	3	21
	276	3	42.000000	72.750000	9.885398e+04	2.037582e-04
	118	57	2.500000	59.250000	9.616570e+04	1.895107e-04
	137	117	7.250000	44.250000	1.011306e+05	6.909920e-05
2022	2	17	7	0
	275	3	41.750000	72.750000	9.884045e+04	1.652582e-04
	118	57	2.500000	59.250000	9.611843e+04	2.149381e-04
	147	61	9.750000	58.250000	9.628144e+04	2.640511e-04
	138	117	7.500000	44.250000	1.009084e+05	6.502123e-05
	206	136	24.500000	39.500000	1.010900e+05	9.574735e-05
	275	149	41.750000	36.250000	1.015299e+05	4.309204e-05
	287	153	44.750000	35.250000	1.015299e+05	3.149168e-05
2022	2	17	4	3
	272	2	41.000000	73.000000	9.883210e+04	1.182227e-04
	121	58	3.250000	59.000000	9.627726e+04	2.833695e-04
	151	60	10.750000	58.500000	9.605179e+04	3.081658e-04
	138	117	7.500000	44.250000	1.008500e+05	8.152108e-05
2022	2	17	4	6
	271	1	40.750000	73.250000	9.881991e+04	1.285479e-04
	153	60	11.250000	58.500000	9.614064e+04	3.048228e-04
	183	63	18.750000	57.750000	9.647802e+04	2.065335e-04
	209	143	25.250000	37.750000	1.009990e+05	8.862375e-05
2022	2	17	6	9
	267	1	39.750000	73.250000	9.886834e+04	1.103547e-04
	155	62	11.750000	58.000000	9.644879e+04	2.593874e-04
	192	62	21.000000	58.000000	9.651977e+04	1.891085e-04
	19	74	-22.250000	55.000000	9.938192e+04	1.507303e-04
	8	104	-25.000000	47.500000	9.954493e+04	3.815329e-04
	279	120	42.750000	43.500000	1.014250e+05	-1.084482e-05
2022	2	17	6	12
	262	1	38.500000	73.250000	9.891110e+04	1.317215e-04
	136	41	7.000000	63.250000	9.768504e+04	8.158184e-05
	196	60	22.000000	58.500000	9.644678e+04	2.124984e-04
	22	71	-21.500000	55.750000	9.933549e+04	1.533913e-04
	18	99	-22.500000	48.750000	9.906509e+04	4.335448e-04
	218	154	27.500000	35.000000	1.008243e+05	1.138864e-04
2022	2	17	7	15
	258	2	37.500000	73.000000	9.893398e+04	1.071831e-04
	259	2	37.750000	73.000000	9.893398e+04	1.134827e-04
	22	42	-21.500000	63.000000	9.917599e+04	1.460967e-04
	198	58	22.500000	59.000000	9.646348e+04	2.393654e-04
	25	68	-20.750000	56.500000	9.917148e+04	1.566814e-04
	28	96	-20.000000	49.500000	9.837181e+04	4.651425e-04
	216	153	27.000000	35.250000	1.007199e+05	1.295973e-04
2022	2	17	5	18
	0	49	-27.000000	61.250000	9.903787e+04	6.028527e-05
	196	58	22.000000	59.000000	9.645246e+04	2.820287e-04
	28	65	-20.000000	57.250000	9.898893e+04	2.157971e-04
	39	90	-17.250000	51.000000	9.776337e+04	5.009964e-04
	217	152	27.250000	35.500000	1.008121e+05	1.134381e-04
2022	2	17	3	21
	1	47	-26.750000	61.750000	9.904956e+04	6.326771e-05
	197	59	22.250000	58.750000	9.660211e+04	3.280069e-04
	49	85	-14.750000	52.250000	9.729923e+04	4.960485e-04
2022	2	18	3	0
	199	62	22.750000	58.000000	9.688938e+04	3.213077e-04
	59	81	-12.250000	53.250000	9.688320e+04	4.759587e-04
	116	124	2.000000	42.500000	1.015653e+05	-1.546935e-05
2022	2	18	7	3
	288	25	45.000000	67.250000	9.856371e+04	-2.798492e-05
	288	33	45.000000	65.250000	9.856371e+04	1.042520e-04
	0	42	-27.000000	63.000000	9.909599e+04	4.032763e-05
	216	52	27.000000	60.500000	9.732295e+04	1.123027e-04
	204	64	24.000000	57.500000	9.725230e+04	2.436887e-04
	67	79	-10.250000	53.750000	9.667192e+04	4.220369e-04
	156	109	12.000000	46.250000	1.009903e+05	4.787965e-05
2022	2	18	5	6
	146	27	9.500000	66.750000	9.852780e+04	4.472782e-05
	224	47	29.000000	61.750000	9.755126e+04	1.282610e-04
	76	77	-8.000000	54.250000	9.673054e+04	4.071774e-04
	151	111	10.750000	45.750000	1.009864e+05	4.672392e-05
	138	117	7.500000	44.250000	1.010411e+05	9.770157e-05
2022	2	18	3	9
	143	25	8.750000	67.250000	9.851027e+04	7.905436e-05
	225	46	29.250000	62.000000	9.770208e+04	1.339489e-04
	87	76	-5.250000	54.500000	9.696052e+04	3.550104e-04
2022	2	18	4	12
	144	27	9.000000	66.750000	9.844780e+04	4.815315e-05
	228	44	30.000000	62.500000	9.784220e+04	1.333179e-04
	229	44	30.250000	62.500000	9.784220e+04	1.183033e-04
	95	75	-3.250000	54.750000	9.711452e+04	3.415125e-04
2022	2	18	3	15
	142	26	8.500000	67.000000	9.834108e+04	1.148338e-04
	230	43	30.500000	62.750000	9.796195e+04	1.185681e-04
	108	74	0.000000	55.000000	9.723259e+04	2.967191e-04
2022	2	18	4	18
	144	28	9.000000	66.500000	9.826943e+04	1.054594e-04
	230	43	30.500000	62.750000	9.800554e+04	1.403757e-04
	145	64	9.250000	57.500000	9.753740e+04	2.164544e-04
	118	74	2.500000	55.000000	9.739744e+04	2.186225e-04
2022	2	18	7	21
	144	29	9.000000	66.250000	9.822300e+04	1.071988e-04
	254	30	36.500000	66.000000	9.810776e+04	1.556057e-04
	231	42	30.750000	63.000000	9.801506e+04	1.294636e-04
	150	63	10.500000	57.750000	9.756195e+04	2.079694e-04
	149	64	10.250000	57.500000	9.756195e+04	2.120068e-04
	282	121	43.500000	43.250000	1.006780e+05	3.365857e-05
	273	129	41.250000	41.250000	1.006780e+05	-2.244476e-06
2022	2	19	6	0
	254	29	36.500000	66.250000	9.810124e+04	1.613478e-04
	145	30	9.250000	66.000000	9.823152e+04	1.217505e-04
	233	41	31.250000	63.250000	9.804178e+04	1.386640e-04
	154	64	11.500000	57.500000	9.763761e+04	2.215840e-04
	137	117	7.250000	44.250000	1.008067e+05	1.474587e-04
	282	121	43.500000	43.250000	1.008670e+05	5.209605e-05
2022	2	19	5	3
	147	30	9.750000	66.000000	9.824438e+04	1.186590e-04
	234	41	31.500000	63.250000	9.798299e+04	1.354462e-04
	196	62	22.000000	58.000000	9.749598e+04	2.023160e-04
	138	117	7.500000	44.250000	1.007144e+05	1.412949e-04
	236	157	32.000000	34.250000	1.006694e+05	1.600164e-04
2022	2	19	7	6
	160	25	13.000000	67.250000	9.834275e+04	-9.414824e-06
	148	32	10.000000	65.500000	9.834275e+04	1.228353e-04
	0	47	-27.000000	61.750000	9.667927e+04	1.443247e-04
	205	61	24.250000	58.250000	9.751452e+04	2.285110e-04
	138	118	7.500000	44.000000	1.008163e+05	1.207493e-04
	249	157	35.250000	34.250000	1.009034e+05	3.688153e-05
	236	159	32.000000	33.750000	1.009034e+05	1.735741e-04
2022	2	19	8	9
	151	23	10.750000	67.750000	9.858542e+04	7.863565e-05
	149	35	10.250000	64.750000	9.855870e+04	1.360790e-04
	0	41	-27.000000	63.250000	9.608870e+04	1.857517e-04
	214	60	26.500000	58.500000	9.764145e+04	2.319043e-04
	144	111	9.000000	45.750000	1.009661e+05	5.264592e-06
	142	119	8.500000	43.750000	1.009661e+05	7.306183e-05
	286	149	44.500000	36.250000	1.004174e+05	-5.100100e-05
	284	162	44.000000	33.000000	1.002755e+05	3.207384e-05
2022	2	19	7	12
	288	20	45.000000	68.500000	9.852112e+04	-5.178438e-05
	154	24	11.500000	67.500000	9.880488e+04	8.925724e-05
	3	38	-26.250000	64.000000	9.580795e+04	3.537572e-04
	224	59	29.000000	58.750000	9.779009e+04	2.172241e-04
	143	119	8.750000	43.750000	1.010279e+05	6.508927e-05
	281	147	43.250000	36.750000	1.004959e+05	-4.802786e-05
	284	162	44.000000	33.000000	1.001961e+05	9.624474e-05
2022	2	19	9	15
	288	21	45.000000	68.250000	9.859695e+04	-7.258949e-05
	158	25	12.500000	67.250000	9.889090e+04	8.831402e-05
	0	33	-27.000000	65.250000	9.581162e+04	2.037522e-04
	35	36	-18.250000	64.500000	9.593421e+04	3.524351e-05
	235	58	31.750000	59.000000	9.797214e+04	1.629687e-04
	136	120	7.000000	43.500000	1.009804e+05	1.494540e-04
	277	145	42.250000	37.250000	1.007842e+05	2.161109e-05
	148	152	10.000000	35.500000	1.010548e+05	2.617331e-05
	283	162	43.750000	33.000000	1.004837e+05	6.323765e-05
2022	2	19	8	18
	288	21	45.000000	68.250000	9.862985e+04	-1.130224e-04
	161	24	13.250000	67.500000	9.899645e+04	1.066492e-04
	0	31	-27.000000	65.750000	9.596678e+04	2.122739e-04
	30	34	-19.500000	65.000000	9.602356e+04	1.731336e-04
	255	47	36.750000	61.750000	9.805581e+04	2.486747e-05
	145	119	9.250000	43.750000	1.010775e+05	8.345081e-05
	271	146	40.750000	37.000000	1.010830e+05	2.627508e-05
	283	162	43.750000	33.000000	1.007914e+05	7.721314e-05
2022	2	19	8	21
	0	29	-27.000000	66.250000	9.643409e+04	1.940873e-04
	21	29	-21.750000	66.250000	9.643409e+04	2.928780e-04
	45	34	-15.750000	65.000000	9.665238e+04	2.705006e-04
	288	36	45.000000	64.500000	9.865808e+04	-5.477068e-05
	151	125	10.750000	42.250000	1.011658e+05	3.640864e-05
	286	152	44.500000	35.500000	1.009701e+05	-3.222063e-05
	268	154	40.000000	35.000000	1.011187e+05	6.134599e-05
	285	162	44.250000	33.000000	1.009701e+05	9.762619e-05
2022	2	20	9	0
	6	7	-25.500000	71.750000	9.886267e+04	-5.333017e-05
	4	28	-26.000000	66.500000	9.664236e+04	2.794258e-04
	42	30	-16.500000	66.000000	9.657605e+04	2.931122e-04
	0	40	-27.000000	63.500000	9.663267e+04	6.004089e-05
	261	42	38.250000	63.000000	9.819845e+04	6.929495e-05
	152	125	11.000000	42.250000	1.012007e+05	6.029321e-05
	263	155	38.750000	34.750000	1.013270e+05	1.218239e-05
	286	161	44.500000	33.250000	1.010476e+05	1.283769e-04
	158	162	12.500000	33.000000	1.012532e+05	6.341788e-05
