2022	2	16	6	0
	288	11	45.000000	70.750000	9.873948e+04	8.024733e-05
	53	39	-13.750000	63.750000	9.729136e+04	3.536424e-04
	120	53	3.000000	60.250000	9.799193e+04	1.546491e-04
	65	68	-10.750000	56.500000	9.719998e+04	3.382622e-04
	171	121	15.750000	43.250000	1.014589e+05	1.989508e-05
	280	121	43.000000	43.250000	1.021225e+05	3.343736e-05
2022	2	16	5	3
	47	37	-15.250000	64.250000	9.739034e+04	3.528577e-04
	123	53	3.750000	60.250000	9.793993e+04	1.733372e-04
	77	68	-7.750000	56.500000	9.736723e+04	2.922870e-04
	91	71	-4.250000	55.750000	9.736723e+04	2.008859e-04
	280	121	43.000000	43.250000	1.020875e+05	3.118984e-05
2022	2	16	4	6
	40	33	-17.000000	65.250000	9.767175e+04	2.702325e-04
	122	34	3.500000	65.000000	9.783488e+04	1.852240e-04
	39	64	-17.250000	57.500000	9.753096e+04	1.245804e-04
	99	68	-2.250000	56.500000	9.762325e+04	2.141532e-04
2022	2	16	6	9
	117	34	2.250000	65.000000	9.772906e+04	2.143308e-04
	44	63	-16.000000	57.750000	9.719908e+04	1.623643e-04
	114	68	1.500000	56.500000	9.767707e+04	1.824797e-04
	137	116	7.250000	44.500000	1.010566e+05	7.470331e-05
	202	125	23.500000	42.250000	1.015703e+05	-7.848204e-05
	183	130	18.750000	41.000000	1.014028e+05	1.328250e-04
2022	2	16	6	12
	114	35	1.500000	64.750000	9.759391e+04	1.774689e-04
	58	53	-12.500000	60.250000	9.702256e+04	4.082805e-05
	49	62	-14.750000	58.000000	9.702256e+04	1.329430e-04
	66	67	-10.500000	56.750000	9.702256e+04	2.325523e-04
	183	128	18.750000	41.500000	1.011708e+05	1.441737e-04
	184	139	19.000000	38.750000	1.011708e+05	1.549675e-04
2022	2	16	4	15
	78	65	-7.500000	57.250000	9.672975e+04	2.603038e-04
	136	119	7.000000	43.750000	1.011731e+05	1.323729e-04
	280	121	43.000000	43.250000	1.020169e+05	-1.846305e-06
	186	136	19.500000	39.500000	1.009748e+05	1.733604e-04
2022	2	16	4	18
	72	61	-9.000000	58.250000	9.685138e+04	2.566356e-04
	104	66	-1.000000	57.000000	9.682158e+04	2.261785e-04
	281	121	43.250000	43.250000	1.021522e+05	-2.973006e-05
	186	135	19.500000	39.750000	1.010697e+05	1.326093e-04
2022	2	16	5	21
	77	62	-7.750000	58.000000	9.705176e+04	2.398380e-04
	114	65	1.500000	57.250000	9.664765e+04	2.313637e-04
	137	117	7.250000	44.250000	1.010221e+05	8.243108e-05
	278	120	42.500000	43.500000	1.021224e+05	-4.080978e-05
	186	134	19.500000	40.000000	1.011497e+05	1.040103e-04
2022	2	17	3	0
	120	64	3.000000	57.500000	9.653819e+04	2.626214e-04
	138	117	7.500000	44.250000	1.008479e+05	7.566467e-05
	278	120	42.500000	43.500000	1.019608e+05	-3.918691e-05
2022	2	17	6	3
	287	11	44.750000	70.750000	9.919193e+04	1.273877e-04
	197	59	22.250000	58.750000	9.672914e+04	1.802272e-04
	181	65	18.250000	57.250000	9.672914e+04	7.997535e-05
	126	66	4.500000	57.000000	9.667198e+04	2.913601e-04
	138	117	7.500000	44.250000	1.006717e+05	8.376830e-05
	279	121	42.750000	43.250000	1.017590e+05	-2.790782e-05
2022	2	17	6	6
	285	11	44.250000	70.750000	9.925897e+04	1.332566e-04
	125	39	4.250000	63.750000	9.731964e+04	9.815266e-05
	201	56	23.250000	59.500000	9.653120e+04	1.701698e-04
	191	63	20.750000	57.750000	9.653120e+04	6.104231e-05
	0	114	-27.000000	45.000000	1.004167e+05	1.220013e-04
	279	121	42.750000	43.250000	1.016968e+05	-1.443083e-05
2022	2	17	4	9
	204	53	24.000000	60.250000	9.647145e+04	1.671268e-04
	203	67	23.750000	56.750000	9.641732e+04	1.658260e-04
	0	110	-27.000000	46.000000	9.962796e+04	1.275949e-04
	278	120	42.500000	43.500000	1.015506e+05	-2.546087e-05
2022	2	17	3	12
	210	64	25.500000	57.500000	9.639300e+04	1.604301e-04
	2	106	-26.500000	47.000000	9.883860e+04	3.936146e-04
	273	119	41.250000	43.750000	1.012441e+05	-4.701097e-05
2022	2	17	2	15
	213	53	26.250000	60.250000	9.643906e+04	4.625473e-05
	10	103	-24.500000	47.750000	9.862256e+04	4.585341e-04
2022	2	17	3	18
	49	46	-14.750000	62.000000	9.899474e+04	1.519695e-04
	213	46	26.250000	62.000000	9.643648e+04	1.135919e-04
	25	94	-20.750000	50.000000	9.843085e+04	3.560605e-04
2022	2	17	3	21
	216	43	27.000000	62.750000	9.643161e+04	9.605120e-05
	51	45	-14.250000	62.250000	9.891994e+04	1.750876e-04
	33	90	-18.750000	51.000000	9.809334e+04	3.736635e-04
2022	2	18	3	0
	217	41	27.250000	63.250000	9.641215e+04	1.077800e-04
	50	44	-14.500000	62.500000	9.870634e+04	1.970402e-04
	45	83	-15.750000	52.750000	9.769136e+04	3.542050e-04
2022	2	18	3	3
	219	39	27.750000	63.750000	9.641428e+04	1.343233e-04
	46	43	-15.500000	62.750000	9.834084e+04	2.124584e-04
	55	78	-13.250000	54.000000	9.715605e+04	3.658285e-04
2022	2	18	5	6
	220	37	28.000000	64.250000	9.647297e+04	1.313685e-04
	39	43	-17.250000	62.750000	9.797019e+04	2.475886e-04
	66	73	-10.500000	55.250000	9.677825e+04	4.173285e-04
	137	117	7.250000	44.250000	1.014817e+05	9.905050e-05
	144	124	9.000000	42.500000	1.014817e+05	9.775911e-05
2022	2	18	6	9
	222	36	28.500000	64.500000	9.655066e+04	1.216749e-04
	33	44	-18.750000	62.500000	9.774016e+04	3.455009e-04
	72	71	-9.000000	55.750000	9.650566e+04	4.635616e-04
	141	107	8.250000	46.750000	1.013771e+05	-8.869944e-05
	287	143	44.750000	37.750000	1.011171e+05	2.027883e-05
	265	162	39.250000	33.000000	1.007699e+05	-2.605506e-07
2022	2	18	7	12
	225	34	29.250000	65.000000	9.668216e+04	1.154451e-04
	32	47	-19.000000	61.750000	9.771629e+04	3.316200e-04
	93	69	-3.750000	56.250000	9.633811e+04	2.076807e-04
	117	124	2.250000	42.500000	1.013649e+05	3.987372e-05
	287	142	44.750000	38.000000	1.008725e+05	1.755432e-05
	257	162	37.250000	33.000000	1.004457e+05	-1.664694e-05
	268	162	40.000000	33.000000	1.004457e+05	2.349865e-06
2022	2	18	4	15
	229	32	30.250000	65.500000	9.682401e+04	1.124851e-04
	37	49	-17.750000	61.250000	9.764955e+04	2.692040e-04
	100	65	-2.000000	57.250000	9.590588e+04	1.980496e-04
	237	138	32.250000	39.000000	1.005266e+05	3.888555e-05
2022	2	18	5	18
	238	28	32.500000	66.500000	9.685168e+04	9.401777e-05
	42	48	-16.500000	61.500000	9.766977e+04	2.681417e-04
	0	59	-27.000000	58.750000	9.833659e+04	5.594048e-05
	109	61	0.250000	58.250000	9.578228e+04	2.341252e-04
	223	149	28.750000	36.250000	1.004754e+05	1.845640e-04
2022	2	18	6	21
	6	7	-25.500000	71.750000	1.003191e+05	-2.589122e-05
	239	26	32.750000	67.000000	9.690520e+04	9.219209e-05
	47	47	-15.250000	61.750000	9.771112e+04	2.824361e-04
	0	56	-27.000000	59.500000	9.804331e+04	6.537615e-05
	123	62	3.750000	58.000000	9.581664e+04	2.264874e-04
	221	152	28.250000	35.500000	1.004109e+05	2.275339e-04
2022	2	19	8	0
	6	7	-25.500000	71.750000	1.003355e+05	-1.377145e-05
	240	25	33.000000	67.250000	9.698319e+04	1.197428e-04
	48	45	-15.000000	62.250000	9.763070e+04	3.198194e-04
	27	47	-20.250000	61.750000	9.763070e+04	1.314329e-04
	17	60	-22.750000	58.500000	9.800333e+04	1.948829e-04
	132	62	6.000000	58.000000	9.593872e+04	2.170022e-04
	138	111	7.500000	45.750000	1.012632e+05	-2.731586e-05
	221	157	28.250000	34.250000	1.003621e+05	2.433788e-04
2022	2	19	8	3
	6	7	-25.500000	71.750000	1.002852e+05	-1.003707e-06
	248	17	35.000000	69.250000	9.695172e+04	1.688078e-04
	47	43	-15.250000	62.750000	9.758372e+04	3.018018e-04
	23	59	-21.250000	58.750000	9.799482e+04	1.872268e-04
	24	59	-21.000000	58.750000	9.799482e+04	1.842109e-04
	140	62	8.000000	58.000000	9.611645e+04	1.833463e-04
	137	117	7.250000	44.250000	1.014943e+05	1.068281e-04
	223	162	28.750000	33.000000	1.003633e+05	1.116021e-04
2022	2	19	8	6
	248	17	35.000000	69.250000	9.697088e+04	1.553605e-04
	42	43	-16.500000	62.750000	9.774746e+04	2.578992e-04
	29	58	-19.750000	59.000000	9.806627e+04	1.839286e-04
	51	63	-14.250000	57.750000	9.804818e+04	1.877218e-04
	148	63	10.000000	57.750000	9.646111e+04	2.566419e-04
	136	117	7.000000	44.250000	1.014904e+05	9.968545e-05
	263	162	38.750000	33.000000	1.001719e+05	5.304909e-05
	274	162	41.500000	33.000000	1.001719e+05	1.218447e-04
2022	2	19	7	9
	254	15	36.500000	69.750000	9.702743e+04	9.742039e-05
	39	43	-17.250000	62.750000	9.795407e+04	3.096280e-04
	36	59	-18.000000	58.750000	9.817255e+04	2.008395e-04
	60	62	-12.000000	58.000000	9.813864e+04	2.276905e-04
	164	62	14.000000	58.000000	9.688817e+04	1.066667e-04
	274	161	41.500000	33.250000	9.995589e+04	1.618437e-04
	263	162	38.750000	33.000000	9.995589e+04	6.278998e-05
2022	2	19	7	12
	256	14	37.000000	70.000000	9.710664e+04	1.515292e-04
	257	14	37.250000	70.000000	9.710664e+04	1.407877e-04
	151	25	10.750000	67.250000	9.800667e+04	1.416080e-04
	37	43	-17.750000	62.750000	9.818562e+04	2.617915e-04
	184	54	19.000000	60.000000	9.713994e+04	1.251181e-04
	64	63	-11.000000	57.750000	9.844392e+04	2.532285e-04
	275	159	41.750000	33.750000	9.986665e+04	1.847539e-04
2022	2	19	7	15
	258	14	37.500000	70.000000	9.717551e+04	1.596190e-04
	151	25	10.750000	67.250000	9.810261e+04	1.407170e-04
	37	43	-17.750000	62.750000	9.837262e+04	2.002665e-04
	191	53	20.750000	60.250000	9.738380e+04	9.674617e-05
	73	64	-8.750000	57.500000	9.882431e+04	2.184342e-04
	274	142	41.500000	38.000000	1.002350e+05	5.128576e-06
	274	157	41.500000	34.250000	9.999055e+04	1.920349e-04
2022	2	19	7	18
	260	14	38.000000	70.000000	9.725411e+04	1.421618e-04
	153	26	11.250000	67.000000	9.817330e+04	1.208189e-04
	206	60	24.500000	58.500000	9.761838e+04	1.182468e-04
	79	65	-7.250000	57.250000	9.921595e+04	1.696532e-04
	90	142	-4.500000	38.000000	1.018689e+05	5.891674e-05
	267	145	39.750000	37.250000	1.002823e+05	4.496576e-05
	276	156	42.000000	34.500000	1.002598e+05	2.183681e-04
2022	2	19	8	21
	262	15	38.500000	69.750000	9.735537e+04	1.578155e-04
	153	26	11.250000	67.000000	9.821466e+04	1.628167e-04
	203	53	23.750000	60.250000	9.773271e+04	8.992561e-05
	216	59	27.000000	58.750000	9.773271e+04	1.334198e-04
	274	142	41.500000	38.000000	1.004897e+05	-4.245355e-05
	80	145	-7.000000	37.250000	1.021260e+05	2.498621e-05
	264	149	39.000000	36.250000	1.004682e+05	1.004251e-04
	278	154	42.500000	35.000000	1.004669e+05	2.206389e-04
2022	2	20	8	0
	275	8	41.750000	71.500000	9.747745e+04	1.211966e-05
	267	16	39.750000	69.500000	9.747745e+04	1.373342e-04
	155	28	11.750000	66.500000	9.830846e+04	1.696916e-04
	0	51	-27.000000	60.750000	9.590953e+04	9.934769e-05
	225	58	29.250000	59.000000	9.787532e+04	1.116720e-04
	278	152	42.500000	35.500000	1.006177e+05	2.168277e-04
	264	154	39.000000	35.000000	1.006177e+05	4.047104e-05
	86	162	-5.500000	33.000000	1.020678e+05	4.698577e-05
