2022	2	10	3	0
	171	9	15.750000	71.250000	9.682243e+04	1.414400e-04
	148	22	10.000000	68.000000	9.647557e+04	4.299812e-04
	59	56	-12.250000	59.500000	9.850657e+04	4.755119e-04
2022	2	10	7	6
	175	5	16.750000	72.250000	9.713895e+04	1.284371e-04
	8	6	-25.000000	72.000000	1.003410e+05	-3.103151e-06
	172	14	16.000000	70.000000	9.681927e+04	-2.509189e-05
	166	23	14.500000	67.750000	9.681927e+04	3.444001e-04
	3	24	-26.250000	67.500000	1.003418e+05	1.147860e-04
	78	59	-7.500000	58.750000	9.897270e+04	5.055063e-04
	158	106	12.500000	47.000000	1.022004e+05	-3.730779e-05
2022	2	10	8	12
	212	0	26.000000	73.500000	9.731090e+04	-9.394558e-06
	177	5	17.250000	72.250000	9.731090e+04	1.709204e-04
	15	20	-23.250000	68.500000	1.001699e+05	1.257108e-04
	190	28	20.500000	66.500000	9.753954e+04	1.744557e-04
	94	62	-3.500000	58.000000	9.981351e+04	3.870091e-04
	137	117	7.250000	44.250000	1.022502e+05	1.186773e-04
	269	156	40.250000	34.500000	1.010454e+05	4.156819e-05
	85	160	-5.750000	33.500000	1.023631e+05	-9.109050e-06
2022	2	10	7	18
	200	0	23.000000	73.500000	9.755724e+04	9.374240e-06
	203	0	23.750000	73.500000	9.755724e+04	3.010079e-06
	183	7	18.750000	71.750000	9.755724e+04	1.171864e-04
	39	17	-17.250000	69.250000	9.981667e+04	1.275018e-04
	209	30	25.250000	66.000000	9.814264e+04	1.740951e-04
	110	67	0.500000	56.750000	1.004250e+05	4.054148e-04
	87	156	-5.250000	34.500000	1.020668e+05	-6.676868e-07
2022	2	11	5	0
	200	7	23.000000	71.750000	9.778567e+04	1.422512e-04
	56	13	-13.000000	70.250000	9.948351e+04	2.489743e-04
	0	69	-27.000000	56.250000	9.975451e+04	1.156674e-04
	125	73	4.250000	55.250000	1.007481e+05	3.243398e-04
	137	117	7.250000	44.250000	1.021806e+05	8.389251e-05
2022	2	11	4	6
	202	0	23.500000	73.500000	9.801030e+04	-4.955028e-05
	208	8	25.000000	71.500000	9.801030e+04	1.287020e-04
	63	12	-11.250000	70.500000	9.927426e+04	2.021305e-04
	139	77	7.750000	54.250000	1.010033e+05	2.190937e-04
2022	2	11	6	12
	202	0	23.500000	73.500000	9.843198e+04	4.283726e-05
	234	0	31.500000	73.500000	9.843198e+04	1.155193e-05
	213	9	26.250000	71.250000	9.843198e+04	1.361004e-04
	74	16	-8.500000	69.500000	9.947087e+04	2.846067e-04
	23	58	-21.250000	59.000000	9.899799e+04	1.163800e-04
	135	119	6.750000	43.750000	1.020331e+05	1.190320e-04
2022	2	11	5	18
	214	0	26.500000	73.500000	9.858855e+04	4.064303e-05
	231	9	30.750000	71.250000	9.858855e+04	7.483627e-05
	132	18	6.000000	69.000000	9.929385e+04	1.065557e-04
	23	53	-21.250000	60.250000	9.869370e+04	1.770802e-04
	136	123	7.000000	42.750000	1.020729e+05	5.468963e-05
2022	2	12	5	0
	225	0	29.250000	73.500000	9.871351e+04	-1.553020e-05
	226	0	29.500000	73.500000	9.871351e+04	1.092770e-06
	155	19	11.750000	68.750000	9.918596e+04	1.353620e-04
	17	54	-22.750000	60.000000	9.842797e+04	2.452827e-04
	18	54	-22.500000	60.000000	9.842797e+04	2.351726e-04
2022	2	12	6	6
	167	0	14.750000	73.500000	9.870255e+04	1.130099e-04
	234	0	31.500000	73.500000	9.876513e+04	-8.169084e-06
	164	18	14.000000	69.000000	9.918406e+04	1.841129e-04
	39	54	-17.250000	60.000000	9.825348e+04	1.574665e-04
	22	58	-21.500000	59.000000	9.825348e+04	1.859887e-04
	244	95	34.000000	49.750000	1.015537e+05	1.425242e-04
2022	2	12	3	12
	188	0	20.000000	73.500000	9.873437e+04	7.380789e-05
	51	52	-14.250000	60.500000	9.814075e+04	1.145280e-04
	261	97	38.250000	49.250000	1.014026e+05	1.609725e-04
2022	2	12	2	18
	193	0	21.250000	73.500000	9.869075e+04	6.354460e-05
	57	53	-12.750000	60.250000	9.804128e+04	1.859809e-04
2022	2	13	0	0
2022	2	13	2	6
	137	30	7.250000	66.000000	9.788619e+04	1.844606e-04
	60	105	-12.000000	47.250000	9.960405e+04	1.897044e-04
2022	2	13	2	12
	143	30	8.750000	66.000000	9.771402e+04	2.440076e-04
	84	99	-6.000000	48.750000	9.889600e+04	2.247721e-04
2022	2	13	2	18
	154	28	11.500000	66.500000	9.755661e+04	2.630528e-04
	97	96	-2.750000	49.500000	9.828215e+04	4.231328e-04
2022	2	14	4	0
	180	21	18.000000	68.250000	9.796795e+04	6.570487e-05
	7	36	-25.250000	64.500000	1.000856e+05	9.988568e-05
	119	78	2.750000	54.000000	9.783392e+04	2.213403e-04
	113	88	1.250000	51.500000	9.783392e+04	4.262652e-04
2022	2	14	3	6
	184	22	19.000000	68.000000	9.817173e+04	-1.159557e-05
	208	23	25.000000	67.750000	9.817173e+04	-1.087384e-05
	128	73	5.000000	55.250000	9.771971e+04	2.816152e-04
2022	2	14	3	12
	217	4	27.250000	72.500000	9.814791e+04	1.611619e-04
	136	55	7.000000	59.750000	9.765459e+04	-1.866328e-05
	142	66	8.500000	57.000000	9.765459e+04	1.686140e-04
2022	2	14	3	18
	220	0	28.000000	73.500000	9.779937e+04	1.444293e-04
	162	58	13.500000	59.000000	9.776417e+04	1.109304e-04
	136	120	7.000000	43.500000	1.008745e+05	1.500910e-04
2022	2	15	3	0
	231	0	30.750000	73.500000	9.764511e+04	9.563294e-05
	188	45	20.000000	62.250000	9.774627e+04	1.878757e-04
	145	118	9.250000	44.000000	1.010518e+05	1.390869e-04
2022	2	15	9	6
	230	0	30.500000	73.500000	9.813484e+04	3.334561e-05
	6	39	-25.500000	63.750000	9.753385e+04	2.910025e-04
	7	39	-25.250000	63.750000	9.753385e+04	3.002638e-04
	27	39	-20.250000	63.750000	9.753385e+04	4.794215e-05
	196	42	22.000000	63.000000	9.785942e+04	1.947280e-04
	0	84	-27.000000	52.500000	9.895269e+04	1.033336e-04
	157	114	12.250000	45.000000	1.011200e+05	1.112761e-04
	145	117	9.250000	44.250000	1.011200e+05	1.044338e-04
	280	121	43.000000	43.250000	1.020982e+05	2.065606e-05
2022	2	15	4	12
	0	32	-27.000000	65.500000	9.762615e+04	1.137181e-04
	211	34	25.750000	65.000000	9.803686e+04	1.680314e-04
	160	111	13.000000	45.750000	1.014043e+05	8.649257e-05
	151	118	10.750000	44.000000	1.014043e+05	1.237774e-04
2022	2	15	6	18
	6	7	-25.500000	71.750000	9.922642e+04	4.422521e-05
	0	26	-27.000000	67.000000	9.784256e+04	1.095958e-04
	222	31	28.500000	65.750000	9.826655e+04	2.222250e-04
	0	68	-27.000000	56.500000	9.695118e+04	1.027800e-04
	126	68	4.500000	56.500000	9.950522e+04	2.018055e-04
	148	156	10.000000	34.500000	1.016464e+05	2.110670e-05
2022	2	16	4	0
	0	55	-27.000000	59.750000	9.465824e+04	1.878352e-04
	0	69	-27.000000	56.250000	9.473769e+04	8.996786e-05
	141	69	8.250000	56.250000	9.982005e+04	1.631307e-04
	280	121	43.000000	43.250000	1.020580e+05	4.474703e-07
2022	2	16	5	6
	27	39	-20.250000	63.750000	9.333170e+04	1.809677e-05
	1	47	-26.750000	61.750000	9.311466e+04	3.678547e-04
	170	70	15.500000	56.000000	1.001283e+05	1.307485e-04
	148	73	10.000000	55.250000	1.001311e+05	1.136070e-04
	280	121	43.000000	43.250000	1.022259e+05	-1.753829e-05
2022	2	16	6	12
	272	19	41.000000	68.750000	9.898345e+04	1.492517e-04
	0	41	-27.000000	63.250000	9.416935e+04	1.869856e-04
	20	47	-22.000000	61.750000	9.338481e+04	3.589602e-04
	181	68	18.250000	56.500000	1.002645e+05	1.211531e-04
	278	121	42.500000	43.250000	1.021294e+05	-1.301759e-05
	168	145	15.000000	37.250000	1.015501e+05	4.262059e-05
2022	2	16	5	18
	288	14	45.000000	70.000000	9.919228e+04	-5.697251e-06
	13	38	-23.750000	64.000000	9.367604e+04	1.568554e-04
	46	43	-15.500000	62.750000	9.331211e+04	4.842059e-04
	280	121	43.000000	43.250000	1.023208e+05	-1.603034e-05
	176	143	17.000000	37.750000	1.015419e+05	6.809526e-05
2022	2	17	7	0
	288	16	45.000000	69.500000	9.936445e+04	-1.022611e-04
	0	31	-27.000000	65.750000	9.404502e+04	2.332796e-04
	26	33	-20.500000	65.250000	9.404502e+04	9.319760e-05
	59	34	-12.250000	65.000000	9.402416e+04	3.112362e-04
	144	61	9.000000	58.250000	9.806404e+04	2.772835e-04
	136	116	7.000000	44.500000	1.017193e+05	8.355756e-05
	181	142	18.250000	38.000000	1.016812e+05	8.938974e-05
2022	2	17	7	6
	23	28	-21.250000	66.500000	9.455414e+04	2.807980e-04
	60	28	-12.000000	66.500000	9.424332e+04	4.264187e-04
	0	30	-27.000000	66.000000	9.483315e+04	2.563729e-04
	160	58	13.000000	59.000000	9.781412e+04	3.617929e-04
	174	62	16.500000	58.000000	9.781412e+04	1.927286e-04
	137	117	7.250000	44.250000	1.016018e+05	1.083111e-04
	280	121	43.000000	43.250000	1.022304e+05	-2.455035e-05
2022	2	17	4	12
	50	24	-14.500000	67.500000	9.455667e+04	4.251416e-04
	0	32	-27.000000	65.500000	9.517705e+04	2.083549e-04
	0	45	-27.000000	62.250000	9.515072e+04	4.465507e-05
	181	55	18.250000	59.750000	9.785921e+04	2.229018e-04
2022	2	17	5	18
	22	26	-21.500000	67.000000	9.485338e+04	5.745671e-04
	0	50	-27.000000	61.000000	9.479205e+04	1.290293e-04
	187	53	19.750000	60.250000	9.776038e+04	3.016858e-04
	137	117	7.250000	44.250000	1.018108e+05	5.637261e-05
	178	162	17.500000	33.000000	1.017933e+05	8.475992e-06
2022	2	18	3	0
	19	51	-22.250000	60.750000	9.431665e+04	4.379647e-04
	199	52	22.750000	60.500000	9.785837e+04	2.052207e-04
	150	109	10.500000	46.250000	1.017585e+05	1.733315e-07
2022	2	18	5	6
	40	45	-17.000000	62.250000	9.435501e+04	3.782843e-04
	4	46	-26.000000	62.000000	9.486897e+04	1.818677e-04
	212	49	26.000000	61.250000	9.784784e+04	2.053351e-04
	151	106	10.750000	47.000000	1.012473e+05	-1.589097e-05
	137	117	7.250000	44.250000	1.015975e+05	1.226472e-04
2022	2	18	6	12
	74	15	-8.500000	69.750000	9.658557e+04	2.737495e-04
	15	38	-23.250000	64.000000	9.503018e+04	1.897364e-04
	50	40	-14.500000	63.500000	9.465761e+04	4.354950e-04
	288	44	45.000000	62.500000	9.977790e+04	6.666758e-05
	220	45	28.000000	62.250000	9.800862e+04	1.587041e-04
	139	118	7.750000	44.000000	1.014880e+05	1.560048e-04
2022	2	18	6	18
	50	15	-14.500000	69.750000	9.623723e+04	3.615773e-04
	51	36	-14.250000	64.500000	9.502112e+04	2.908829e-04
	288	37	45.000000	64.250000	9.941123e+04	1.021478e-04
	229	40	30.250000	63.500000	9.820565e+04	1.177016e-04
	230	40	30.500000	63.500000	9.820565e+04	1.231653e-04
	53	61	-13.750000	58.250000	9.616074e+04	2.371643e-04
2022	2	19	3	0
	241	35	33.250000	64.750000	9.835759e+04	9.818852e-05
	36	38	-18.000000	64.000000	9.568112e+04	1.000659e-04
	72	53	-9.000000	60.250000	9.606127e+04	1.978196e-04
2022	2	19	5	6
	249	30	35.250000	66.000000	9.831123e+04	8.978835e-05
	250	30	35.500000	66.000000	9.831123e+04	1.004155e-04
	33	42	-18.750000	63.000000	9.622522e+04	1.584246e-04
	79	50	-7.250000	61.000000	9.609394e+04	2.549685e-04
	117	124	2.250000	42.500000	1.026720e+05	-1.815393e-05
2022	2	19	10	12
	173	14	16.250000	70.000000	9.783098e+04	1.773293e-04
	288	17	45.000000	69.250000	9.882772e+04	-5.773053e-05
	252	26	36.000000	67.000000	9.841069e+04	6.442185e-05
	0	36	-27.000000	64.500000	9.756904e+04	9.773476e-05
	47	41	-15.250000	63.250000	9.676279e+04	9.889001e-05
	97	45	-2.750000	62.250000	9.636388e+04	1.433700e-04
	145	63	9.250000	57.750000	9.711028e+04	2.093760e-04
	0	77	-27.000000	54.250000	9.728055e+04	1.437889e-04
	137	116	7.250000	44.500000	1.013738e+05	1.329311e-04
	116	125	2.000000	42.250000	1.027972e+05	-2.085318e-05
2022	2	19	7	18
	176	13	17.000000	70.250000	9.780527e+04	1.938617e-04
	32	24	-19.000000	67.500000	9.697057e+04	2.983832e-04
	46	42	-15.500000	63.000000	9.688607e+04	1.188640e-04
	92	44	-4.000000	62.500000	9.670316e+04	1.575600e-04
	114	47	1.500000	61.750000	9.670316e+04	1.607534e-04
	160	61	13.000000	58.250000	9.742405e+04	2.140279e-04
	25	72	-20.750000	55.500000	9.663783e+04	2.535473e-04
2022	2	20	6	0
	176	13	17.000000	70.250000	9.781053e+04	1.549927e-04
	177	13	17.250000	70.250000	9.781053e+04	1.513982e-04
	23	29	-21.250000	66.250000	9.699944e+04	1.272700e-04
	0	45	-27.000000	62.250000	9.746430e+04	-2.307036e-05
	187	59	19.750000	58.750000	9.754755e+04	2.000518e-04
	60	68	-12.000000	56.500000	9.616727e+04	2.526509e-04
