2022	2	10	7	0
	8	6	-25.000000	72.000000	1.002141e+05	-8.182940e-06
	172	10	16.000000	71.000000	9.678450e+04	1.246451e-04
	148	22	10.000000	68.000000	9.650086e+04	4.534100e-04
	59	56	-12.250000	59.500000	9.865029e+04	4.791804e-04
	152	106	11.000000	47.000000	1.022285e+05	-3.676172e-05
	139	110	7.750000	46.000000	1.022285e+05	-7.311385e-05
	249	151	35.250000	35.750000	1.007306e+05	1.110666e-04
2022	2	10	6	6
	9	6	-24.750000	72.000000	1.003161e+05	-2.597454e-05
	180	6	18.000000	72.000000	9.721607e+04	1.429150e-04
	166	23	14.500000	67.750000	9.683718e+04	3.578876e-04
	76	59	-8.000000	58.750000	9.908860e+04	4.961625e-04
	158	106	12.500000	47.000000	1.021728e+05	-3.259084e-05
	250	152	35.500000	35.500000	1.009618e+05	8.739820e-05
2022	2	10	4	12
	215	0	26.750000	73.500000	9.738276e+04	-5.144966e-06
	180	4	18.000000	72.500000	9.738276e+04	1.002402e-04
	190	28	20.500000	66.500000	9.765228e+04	1.981974e-04
	91	63	-4.250000	57.750000	9.999916e+04	3.883567e-04
2022	2	10	6	18
	215	0	26.750000	73.500000	9.760528e+04	3.679287e-05
	191	7	20.750000	71.750000	9.760528e+04	1.333352e-04
	39	17	-17.250000	69.250000	9.979897e+04	1.083133e-04
	209	30	25.250000	66.000000	9.812684e+04	1.624301e-04
	108	68	0.000000	56.500000	1.005652e+05	3.140108e-04
	89	157	-4.750000	34.250000	1.021644e+05	-1.895563e-05
2022	2	11	5	0
	215	0	26.750000	73.500000	9.781812e+04	5.710049e-06
	199	8	22.750000	71.500000	9.781812e+04	1.471227e-04
	57	12	-12.750000	70.500000	9.935981e+04	1.913032e-04
	0	71	-27.000000	55.750000	9.988537e+04	1.516731e-04
	121	73	3.250000	55.250000	1.009620e+05	3.186408e-04
2022	2	11	5	6
	220	0	28.000000	73.500000	9.811652e+04	-9.407669e-06
	213	9	26.250000	71.250000	9.811652e+04	1.593857e-04
	62	12	-11.500000	70.500000	9.900495e+04	2.243612e-04
	18	71	-22.500000	55.750000	9.935096e+04	1.302246e-04
	188	123	20.000000	42.750000	1.021292e+05	-1.852228e-06
2022	2	11	6	12
	88	10	-5.000000	71.000000	9.903677e+04	1.365041e-04
	219	10	27.750000	71.000000	9.856979e+04	1.101003e-04
	0	58	-27.000000	59.000000	9.910441e+04	9.115924e-05
	28	61	-20.000000	58.250000	9.910778e+04	2.207154e-04
	1	70	-26.750000	56.000000	9.910588e+04	1.164754e-04
	135	119	6.750000	43.750000	1.020753e+05	7.457008e-05
2022	2	11	6	18
	233	11	31.250000	70.750000	9.875629e+04	8.515133e-05
	125	12	4.250000	70.500000	9.897650e+04	1.152731e-04
	99	20	-2.250000	68.500000	9.897671e+04	1.805269e-04
	26	56	-20.500000	59.500000	9.848487e+04	2.307739e-04
	26	65	-20.500000	57.250000	9.848487e+04	9.065027e-05
	134	123	6.500000	42.750000	1.021709e+05	5.782157e-05
2022	2	12	6	0
	239	3	32.750000	72.750000	9.884037e+04	7.932017e-05
	155	13	11.750000	70.250000	9.873500e+04	1.093071e-04
	244	15	34.000000	69.750000	9.885343e+04	1.008909e-04
	23	59	-21.250000	58.750000	9.842080e+04	2.923646e-04
	40	59	-17.000000	58.750000	9.842080e+04	6.735123e-05
	219	91	27.750000	50.750000	1.014728e+05	9.808273e-05
2022	2	12	6	6
	164	0	14.000000	73.500000	9.849793e+04	1.108374e-04
	243	2	33.750000	73.000000	9.879738e+04	1.217788e-04
	166	13	14.500000	70.250000	9.867094e+04	1.468051e-04
	56	57	-13.000000	59.250000	9.846338e+04	1.202510e-04
	35	64	-18.250000	57.500000	9.846801e+04	1.986446e-04
	236	93	32.000000	50.250000	1.013303e+05	1.717813e-04
2022	2	12	5	12
	182	0	18.500000	73.500000	9.848339e+04	2.127479e-04
	244	0	34.000000	73.500000	9.884037e+04	1.034419e-04
	9	7	-24.750000	71.750000	1.007074e+05	-5.066896e-05
	66	53	-10.500000	60.250000	9.836454e+04	1.860811e-04
	249	96	35.250000	49.500000	1.012760e+05	1.843040e-04
2022	2	12	4	18
	197	0	22.250000	73.500000	9.855272e+04	8.585849e-05
	72	54	-9.000000	60.000000	9.833757e+04	1.846074e-04
	19	99	-22.250000	48.750000	1.000234e+05	1.458861e-04
	265	99	39.250000	48.750000	1.012817e+05	1.564294e-04
2022	2	13	3	0
	211	0	25.750000	73.500000	9.869939e+04	1.868881e-05
	32	98	-19.000000	49.000000	9.914002e+04	2.485258e-04
	280	103	43.000000	47.750000	1.012395e+05	1.432523e-04
2022	2	13	8	6
	191	0	20.750000	73.500000	9.859655e+04	9.989346e-06
	230	3	30.500000	72.750000	9.859655e+04	1.079433e-04
	231	3	30.750000	72.750000	9.859655e+04	1.322487e-04
	232	3	31.000000	72.750000	9.859887e+04	1.539743e-04
	145	31	9.250000	65.750000	9.780906e+04	1.865375e-04
	59	94	-12.250000	50.000000	9.828826e+04	2.151256e-04
	50	101	-14.500000	48.250000	9.828826e+04	3.993844e-04
	288	107	45.000000	46.750000	1.016797e+05	8.339839e-05
2022	2	13	3	12
	198	0	22.500000	73.500000	9.863702e+04	2.805949e-05
	150	29	10.500000	66.250000	9.757747e+04	2.832297e-04
	71	94	-9.250000	50.000000	9.798291e+04	3.420449e-04
2022	2	13	2	18
	155	29	11.750000	66.250000	9.761077e+04	2.778489e-04
	93	89	-3.750000	51.250000	9.745335e+04	2.682487e-04
2022	2	14	3	0
	166	30	14.500000	66.000000	9.820734e+04	1.618223e-04
	201	30	23.250000	66.000000	9.826445e+04	7.119135e-05
	109	82	0.250000	53.000000	9.735220e+04	2.560672e-04
2022	2	14	4	6
	199	0	22.750000	73.500000	9.842165e+04	1.002243e-04
	209	24	25.250000	67.500000	9.822862e+04	3.800403e-05
	96	46	-3.000000	62.000000	9.874891e+04	2.835251e-04
	125	74	4.250000	55.000000	9.719858e+04	2.693296e-04
2022	2	14	3	12
	220	8	28.000000	71.500000	9.842502e+04	5.334031e-05
	221	21	28.250000	68.250000	9.837698e+04	7.118974e-05
	139	68	7.750000	56.500000	9.733197e+04	2.801228e-04
2022	2	14	4	18
	229	1	30.250000	73.250000	9.833736e+04	6.308631e-05
	154	64	11.500000	57.500000	9.758716e+04	2.317542e-04
	136	120	7.000000	43.500000	1.008294e+05	1.539458e-04
	278	120	42.500000	43.500000	1.019166e+05	-4.715755e-06
2022	2	15	5	0
	242	6	33.500000	72.000000	9.818268e+04	1.259711e-04
	0	36	-27.000000	64.500000	9.707552e+04	1.280453e-04
	168	60	15.000000	58.500000	9.820649e+04	2.456794e-04
	280	121	43.000000	43.250000	1.019379e+05	7.283032e-07
	141	122	8.250000	43.000000	1.008324e+05	8.147699e-05
2022	2	15	8	6
	245	4	34.250000	72.500000	9.803180e+04	2.155180e-04
	0	31	-27.000000	65.750000	9.669747e+04	1.047473e-04
	25	34	-20.750000	65.000000	9.669747e+04	9.075271e-05
	187	55	19.750000	59.750000	9.872615e+04	1.694124e-04
	188	55	20.000000	59.750000	9.872615e+04	1.575426e-04
	146	119	9.500000	43.750000	1.008520e+05	1.065303e-04
	280	121	43.000000	43.250000	1.020068e+05	-4.166072e-06
	234	151	31.500000	35.750000	1.018669e+05	1.371036e-05
2022	2	15	7	12
	240	0	33.000000	73.500000	9.810598e+04	1.204927e-04
	31	30	-19.250000	66.000000	9.671559e+04	5.898599e-05
	0	31	-27.000000	65.750000	9.667491e+04	4.836021e-05
	23	39	-21.250000	63.750000	9.670716e+04	1.325414e-04
	198	53	22.500000	60.250000	9.932062e+04	1.866067e-04
	146	120	9.500000	43.500000	1.009342e+05	1.048772e-04
	146	134	9.500000	40.000000	1.009302e+05	1.262489e-04
2022	2	15	6	18
	249	0	35.250000	73.500000	9.819069e+04	9.431240e-05
	211	2	25.750000	73.000000	9.819069e+04	2.176666e-04
	0	28	-27.000000	66.500000	9.670884e+04	6.630047e-05
	224	47	29.000000	61.750000	9.991277e+04	2.004686e-04
	280	121	43.000000	43.250000	1.020555e+05	6.039375e-06
	150	135	10.500000	39.750000	1.009087e+05	1.759320e-04
2022	2	16	5	0
	237	5	32.250000	72.250000	9.833820e+04	2.023477e-04
	36	22	-18.000000	68.000000	9.659084e+04	2.702325e-04
	6	90	-25.500000	51.000000	9.776923e+04	3.612790e-04
	280	121	43.000000	43.250000	1.021379e+05	8.917733e-06
	153	134	11.250000	40.000000	1.009654e+05	1.541646e-04
2022	2	16	5	6
	262	5	38.500000	72.250000	9.847433e+04	2.354033e-04
	18	17	-22.500000	69.250000	9.627242e+04	4.159224e-04
	34	77	-18.500000	54.250000	9.693875e+04	3.451849e-04
	285	123	44.250000	42.750000	1.023612e+05	-2.341485e-05
	152	136	11.000000	39.500000	1.010105e+05	1.865087e-04
2022	2	16	5	12
	275	0	41.750000	73.500000	9.865050e+04	8.428826e-05
	60	60	-12.000000	58.500000	9.586952e+04	4.396068e-04
	221	61	28.250000	58.250000	1.006944e+05	1.034859e-04
	150	141	10.500000	38.250000	1.012260e+05	1.723944e-04
	168	142	15.000000	38.000000	1.012667e+05	1.167617e-04
2022	2	16	5	18
	274	0	41.500000	73.500000	9.883826e+04	3.918608e-05
	78	46	-7.500000	62.000000	9.386948e+04	7.796982e-04
	236	56	32.000000	59.500000	1.006834e+05	1.238145e-04
	161	137	13.250000	39.250000	1.013674e+05	1.179339e-04
	151	145	10.750000	37.250000	1.013674e+05	1.445778e-04
2022	2	17	4	0
	100	34	-2.000000	65.000000	9.289950e+04	5.558624e-04
	241	55	33.250000	59.750000	1.008105e+05	1.353174e-04
	156	139	12.000000	38.750000	1.015181e+05	1.611599e-04
	167	141	14.750000	38.250000	1.015181e+05	6.860653e-05
2022	2	17	5	6
	111	25	0.750000	67.250000	9.260090e+04	5.223088e-04
	24	42	-21.000000	63.000000	9.581072e+04	1.466813e-04
	257	52	37.250000	60.500000	1.009986e+05	4.595499e-05
	257	53	37.250000	60.250000	1.009986e+05	3.493029e-05
	149	143	10.250000	37.750000	1.014564e+05	1.604693e-04
2022	2	17	3	12
	117	17	2.250000	69.250000	9.286178e+04	4.904427e-04
	0	44	-27.000000	62.500000	9.569545e+04	1.491473e-04
	147	147	9.750000	36.750000	1.016353e+05	1.584797e-04
2022	2	17	4	18
	120	14	3.000000	70.000000	9.304785e+04	5.138445e-04
	0	43	-27.000000	62.750000	9.582505e+04	1.271966e-04
	1	93	-26.750000	50.250000	1.003403e+05	1.421319e-04
	145	154	9.250000	35.000000	1.016993e+05	1.197745e-04
2022	2	18	2	0
	128	12	5.000000	70.500000	9.323098e+04	4.114629e-04
	0	46	-27.000000	62.000000	9.614346e+04	1.019386e-04
2022	2	18	5	6
	288	8	45.000000	71.500000	9.777892e+04	1.090361e-04
	142	9	8.500000	71.250000	9.342338e+04	4.357432e-04
	31	43	-19.250000	62.750000	9.653626e+04	1.501257e-04
	9	49	-24.750000	61.250000	9.653626e+04	3.196007e-04
	59	78	-12.250000	54.000000	9.903613e+04	3.402252e-04
2022	2	18	6	12
	158	5	12.500000	72.250000	9.375527e+04	4.504284e-04
	288	6	45.000000	72.000000	9.724937e+04	1.096508e-04
	35	42	-18.250000	63.000000	9.702705e+04	1.074095e-04
	0	44	-27.000000	62.500000	9.778988e+04	7.073387e-05
	24	50	-21.000000	61.000000	9.702705e+04	2.599979e-04
	51	55	-14.250000	59.750000	9.708457e+04	2.603007e-04
2022	2	18	3	18
	173	1	16.250000	73.250000	9.399066e+04	3.168910e-04
	38	50	-17.500000	61.000000	9.739498e+04	1.487512e-04
	68	52	-10.000000	60.500000	9.715727e+04	2.784051e-04
2022	2	19	3	0
	179	0	17.750000	73.500000	9.467426e+04	8.278692e-05
	89	50	-4.750000	61.000000	9.744808e+04	2.519962e-04
	231	152	30.750000	35.500000	1.008497e+05	1.073423e-04
2022	2	19	5	6
	173	0	16.250000	73.500000	9.510709e+04	9.223261e-05
	143	120	8.750000	43.500000	1.018989e+05	1.034808e-04
	280	121	43.000000	43.250000	1.017109e+05	1.452970e-06
	224	149	29.000000	36.250000	1.007805e+05	1.089397e-04
	235	149	31.750000	36.250000	1.007805e+05	9.452964e-05
2022	2	19	4	12
	182	0	18.500000	73.500000	9.554183e+04	2.937586e-05
	244	143	34.000000	37.750000	1.007803e+05	3.726074e-05
	231	145	30.750000	37.250000	1.007803e+05	5.673824e-05
	246	153	34.500000	35.250000	1.008128e+05	6.902668e-05
2022	2	19	4	18
	191	0	20.750000	73.500000	9.608509e+04	4.139553e-05
	0	44	-27.000000	62.500000	9.534712e+04	9.853597e-05
	244	144	34.000000	37.500000	1.008916e+05	2.464590e-05
	232	150	31.000000	36.000000	1.008916e+05	1.175020e-04
2022	2	20	3	0
	194	0	21.500000	73.500000	9.662666e+04	2.488957e-05
	44	41	-16.000000	63.250000	9.532457e+04	1.381741e-04
	235	151	31.750000	35.750000	1.008522e+05	8.074259e-05
