2022	2	14	6	0
	5	6	-25.750000	72.000000	9.978559e+04	-3.339195e-05
	222	10	28.500000	71.000000	9.840531e+04	1.477096e-04
	193	12	21.250000	70.500000	9.840531e+04	1.321609e-04
	1	17	-26.750000	69.250000	9.978559e+04	-1.738017e-05
	218	25	27.500000	67.250000	9.851686e+04	9.299301e-05
	105	71	-0.750000	55.750000	9.852094e+04	9.081752e-05
2022	2	14	5	3
	56	5	-13.000000	72.250000	1.001607e+05	1.114326e-04
	213	9	26.250000	71.250000	9.811751e+04	2.144682e-04
	233	20	31.250000	68.500000	9.817062e+04	7.539355e-05
	115	62	1.750000	58.000000	9.843727e+04	1.001316e-04
	107	71	-0.250000	55.750000	9.843727e+04	1.036516e-04
2022	2	14	3	6
	60	4	-12.000000	72.500000	1.001569e+05	9.192424e-05
	219	8	27.750000	71.500000	9.800157e+04	2.291358e-04
	112	70	1.000000	56.000000	9.843383e+04	1.019077e-04
2022	2	14	3	9
	224	8	29.000000	71.500000	9.804262e+04	2.058874e-04
	0	51	-27.000000	60.750000	9.792668e+04	1.257383e-04
	121	70	3.250000	56.000000	9.842630e+04	1.429395e-04
2022	2	14	3	12
	226	9	29.500000	71.250000	9.803620e+04	2.142146e-04
	0	48	-27.000000	61.500000	9.752873e+04	1.402130e-04
	127	66	4.750000	57.000000	9.833982e+04	2.000247e-04
2022	2	14	4	15
	236	6	32.000000	72.000000	9.805343e+04	1.350552e-04
	245	14	34.250000	70.000000	9.805343e+04	1.956800e-04
	6	45	-25.500000	62.250000	9.716119e+04	2.680667e-04
	131	63	5.750000	57.750000	9.826619e+04	2.414441e-04
2022	2	14	5	18
	250	5	35.500000	72.250000	9.797212e+04	1.070498e-04
	252	13	36.000000	70.250000	9.797212e+04	1.720876e-04
	288	13	45.000000	70.250000	9.896870e+04	7.521914e-05
	0	41	-27.000000	63.250000	9.692430e+04	1.499023e-04
	133	61	6.250000	58.250000	9.829235e+04	2.700251e-04
2022	2	14	6	21
	259	12	37.750000	70.500000	9.795081e+04	1.753530e-04
	0	37	-27.000000	64.250000	9.691694e+04	1.301999e-04
	27	39	-20.250000	63.750000	9.691694e+04	3.428529e-05
	148	54	10.000000	60.000000	9.839012e+04	2.290990e-04
	135	60	6.750000	58.500000	9.839012e+04	2.569542e-04
	137	120	7.250000	43.500000	1.010064e+05	1.101187e-04
2022	2	15	7	0
	244	6	34.000000	72.000000	9.796788e+04	1.266835e-04
	6	7	-25.500000	71.750000	9.955951e+04	5.986980e-05
	264	11	39.000000	70.750000	9.796788e+04	1.787275e-04
	0	37	-27.000000	64.250000	9.717983e+04	1.115680e-04
	28	38	-20.000000	64.000000	9.718375e+04	1.047496e-06
	140	58	8.000000	59.000000	9.848490e+04	2.283044e-04
	146	116	9.500000	44.500000	1.009402e+05	1.405438e-04
2022	2	15	7	3
	243	9	33.750000	71.250000	9.803494e+04	2.021630e-04
	267	11	39.750000	70.750000	9.803494e+04	2.073030e-04
	0	35	-27.000000	64.750000	9.706217e+04	9.245063e-05
	28	38	-20.000000	64.000000	9.708081e+04	5.449361e-05
	126	52	4.500000	60.500000	9.849430e+04	7.111137e-05
	146	57	9.500000	59.250000	9.849430e+04	2.748494e-04
	146	116	9.500000	44.500000	1.008293e+05	1.166449e-04
2022	2	15	7	6
	277	11	42.250000	70.750000	9.810732e+04	2.198144e-04
	247	13	34.750000	70.250000	9.810732e+04	1.756888e-04
	24	35	-21.000000	64.750000	9.717967e+04	1.184134e-04
	125	51	4.250000	60.750000	9.860381e+04	8.829585e-05
	151	55	10.750000	59.750000	9.854099e+04	2.587401e-04
	0	87	-27.000000	51.750000	9.923708e+04	1.053756e-04
	155	115	11.750000	44.750000	1.008895e+05	8.317417e-05
2022	2	15	8	9
	6	7	-25.500000	71.750000	9.948227e+04	-4.820009e-06
	282	10	43.500000	71.000000	9.822201e+04	2.618875e-04
	0	31	-27.000000	65.750000	9.713424e+04	3.678154e-05
	0	43	-27.000000	62.750000	9.713063e+04	7.998869e-05
	124	49	4.000000	61.250000	9.862293e+04	1.450818e-04
	154	52	11.500000	60.500000	9.864721e+04	1.923830e-04
	2	84	-26.500000	52.500000	9.877239e+04	1.497634e-04
	158	113	12.500000	45.250000	1.009569e+05	8.218104e-05
2022	2	15	8	12
	2	6	-26.500000	72.000000	9.959335e+04	2.845689e-05
	282	9	43.500000	71.250000	9.831209e+04	2.574354e-04
	0	29	-27.000000	66.250000	9.711810e+04	6.858649e-05
	0	39	-27.000000	63.750000	9.711810e+04	6.943784e-05
	49	42	-14.750000	63.000000	9.775857e+04	2.657418e-04
	125	48	4.250000	61.500000	9.860068e+04	1.742938e-04
	15	81	-23.250000	53.250000	9.863671e+04	1.863387e-04
	154	109	11.500000	46.250000	1.009213e+05	2.096443e-05
2022	2	15	4	15
	282	9	43.500000	71.250000	9.842427e+04	2.565607e-04
	0	36	-27.000000	64.500000	9.719988e+04	2.684029e-05
	39	37	-17.250000	64.250000	9.769105e+04	2.125169e-04
	30	78	-19.500000	54.000000	9.830379e+04	2.422339e-04
2022	2	15	3	18
	286	9	44.500000	71.250000	9.856841e+04	2.186987e-04
	123	61	3.750000	58.250000	9.840030e+04	1.709330e-04
	43	75	-16.250000	54.750000	9.811625e+04	2.332589e-04
2022	2	15	5	21
	288	9	45.000000	71.250000	9.872241e+04	1.227273e-04
	184	44	19.000000	62.500000	9.888786e+04	1.308216e-04
	127	60	4.750000	58.500000	9.831820e+04	1.934296e-04
	0	72	-27.000000	55.500000	9.754848e+04	1.078899e-04
	51	74	-14.250000	55.000000	9.809212e+04	2.467520e-04
2022	2	16	5	0
	288	8	45.000000	71.500000	9.885543e+04	1.055130e-04
	187	43	19.750000	62.750000	9.894598e+04	1.461859e-04
	129	59	5.250000	58.750000	9.830144e+04	1.867142e-04
	3	68	-26.250000	56.500000	9.689861e+04	2.230583e-04
	62	73	-11.500000	55.250000	9.809761e+04	2.479866e-04
2022	2	16	3	3
	192	41	21.000000	63.250000	9.899956e+04	1.358184e-04
	11	64	-24.250000	57.500000	9.642311e+04	3.035836e-04
	74	72	-8.500000	55.500000	9.816905e+04	2.307094e-04
2022	2	16	6	6
	288	7	45.000000	71.750000	9.892013e+04	9.929825e-05
	121	38	3.250000	64.000000	9.828107e+04	1.463124e-04
	197	39	22.250000	63.750000	9.907790e+04	1.054563e-04
	148	59	10.000000	58.750000	9.829157e+04	1.922118e-04
	18	60	-22.500000	58.500000	9.609081e+04	3.797251e-04
	137	116	7.250000	44.500000	1.011826e+05	8.120964e-05
2022	2	16	5	9
	288	6	45.000000	72.000000	9.898248e+04	1.234454e-04
	118	39	2.500000	63.750000	9.821448e+04	1.415711e-04
	153	58	11.250000	59.000000	9.828076e+04	1.589291e-04
	26	60	-20.500000	58.500000	9.610977e+04	3.910051e-04
	137	116	7.250000	44.500000	1.011500e+05	9.853434e-05
2022	2	16	3	12
	286	6	44.500000	72.000000	9.900928e+04	1.568589e-04
	157	56	12.250000	59.500000	9.822483e+04	1.290375e-04
	38	60	-17.500000	58.500000	9.618779e+04	2.747252e-04
2022	2	16	3	15
	285	6	44.250000	72.000000	9.901711e+04	1.841036e-04
	159	56	12.750000	59.500000	9.814869e+04	1.087418e-04
	50	59	-14.500000	58.750000	9.621255e+04	3.096762e-04
2022	2	16	4	18
	283	7	43.750000	71.750000	9.898530e+04	2.305295e-04
	61	58	-11.750000	59.000000	9.630279e+04	3.253390e-04
	287	152	44.750000	35.500000	1.015541e+05	4.445103e-06
	287	153	44.750000	35.250000	1.015541e+05	9.035319e-06
2022	2	16	4	21
	283	7	43.750000	71.750000	9.902823e+04	2.155077e-04
	179	48	17.750000	61.500000	9.786636e+04	1.147626e-04
	71	59	-9.250000	58.750000	9.652980e+04	2.975294e-04
	150	109	10.500000	46.250000	1.004328e+05	2.249250e-05
2022	2	17	4	0
	285	8	44.250000	71.500000	9.908698e+04	1.436985e-04
	179	48	17.750000	61.500000	9.774259e+04	8.944787e-05
	103	57	-1.250000	59.250000	9.682294e+04	1.409910e-04
	80	59	-7.000000	58.750000	9.681948e+04	2.715726e-04
2022	2	17	3	3
	287	8	44.750000	71.500000	9.913195e+04	1.177961e-04
	109	57	0.250000	59.250000	9.711121e+04	1.344152e-04
	88	59	-5.000000	58.750000	9.711121e+04	2.246284e-04
2022	2	17	3	6
	188	48	20.000000	61.500000	9.751949e+04	1.014253e-04
	118	58	2.500000	59.000000	9.721226e+04	9.757083e-05
	280	121	43.000000	43.250000	1.012559e+05	-1.146270e-05
2022	2	17	5	9
	189	47	20.250000	61.750000	9.752420e+04	1.071491e-04
	124	59	4.000000	58.750000	9.748769e+04	1.087933e-04
	190	70	20.500000	56.000000	9.752043e+04	1.679865e-04
	1	74	-26.750000	55.000000	9.905362e+04	1.172675e-04
	281	121	43.250000	43.250000	1.011162e+05	-4.840565e-06
2022	2	17	2	12
	203	68	23.750000	56.500000	9.742627e+04	1.004870e-04
	3	72	-26.250000	55.500000	9.892530e+04	2.507077e-04
2022	2	17	3	15
	288	25	45.000000	67.250000	9.914417e+04	9.944611e-05
	208	68	25.000000	56.500000	9.742627e+04	1.124839e-04
	5	71	-25.750000	55.750000	9.873761e+04	3.568766e-04
2022	2	17	2	18
	219	63	27.750000	57.750000	9.744773e+04	7.574270e-05
	10	71	-24.500000	55.750000	9.861713e+04	3.566011e-04
2022	2	17	4	21
	33	52	-18.750000	60.500000	9.908338e+04	2.370077e-04
	228	54	30.000000	60.000000	9.744288e+04	4.616688e-05
	18	71	-22.500000	55.750000	9.854349e+04	3.360404e-04
	26	112	-20.500000	45.500000	1.005186e+05	1.105996e-04
2022	2	18	6	0
	159	23	12.750000	67.750000	9.848631e+04	5.962768e-05
	232	50	31.000000	61.000000	9.741437e+04	3.491432e-05
	33	54	-18.750000	60.000000	9.903325e+04	1.751477e-04
	25	70	-20.750000	56.000000	9.855462e+04	3.641475e-04
	42	104	-16.500000	47.500000	1.002526e+05	1.192722e-04
	29	109	-19.750000	46.250000	1.002526e+05	1.525830e-04
2022	2	18	6	3
	149	25	10.250000	67.250000	9.851404e+04	9.903224e-05
	234	46	31.500000	62.000000	9.741719e+04	6.461440e-05
	32	57	-19.000000	59.250000	9.871552e+04	1.261822e-04
	33	69	-18.750000	56.250000	9.866633e+04	3.244558e-04
	51	100	-14.250000	48.500000	1.000949e+05	1.387097e-04
	33	107	-18.750000	46.750000	1.000385e+05	1.260013e-04
2022	2	18	7	6
	149	26	10.250000	67.000000	9.856057e+04	1.124925e-04
	148	27	10.000000	66.750000	9.856057e+04	1.170800e-04
	148	28	10.000000	66.500000	9.856057e+04	1.194000e-04
	236	43	32.000000	62.750000	9.750994e+04	9.156235e-05
	237	43	32.250000	62.750000	9.750994e+04	9.682756e-05
	40	68	-17.000000	56.500000	9.867197e+04	3.059617e-04
	37	106	-17.750000	47.000000	9.983352e+04	1.989018e-04
2022	2	18	6	9
	7	6	-25.250000	72.000000	1.004102e+05	1.167089e-05
	153	27	11.250000	66.750000	9.861494e+04	1.105091e-04
	239	41	32.750000	63.250000	9.757934e+04	1.061651e-04
	45	68	-15.750000	56.500000	9.885480e+04	3.404787e-04
	60	97	-12.000000	49.250000	1.000267e+05	1.425924e-04
	260	162	38.000000	33.000000	1.005364e+05	6.083785e-05
2022	2	18	7	12
	7	6	-25.250000	72.000000	1.003468e+05	1.742179e-05
	155	30	11.750000	66.000000	9.874074e+04	1.398566e-04
	242	39	33.500000	63.750000	9.772802e+04	1.073347e-04
	53	61	-13.750000	58.250000	9.905675e+04	6.179643e-05
	50	69	-14.500000	56.250000	9.905675e+04	3.386016e-04
	71	92	-9.250000	50.500000	1.000402e+05	1.203671e-04
	261	162	38.250000	33.000000	1.001530e+05	1.052835e-04
2022	2	18	7	15
	155	30	11.750000	66.000000	9.882566e+04	1.387884e-04
	246	37	34.500000	64.250000	9.783863e+04	1.130649e-04
	67	60	-10.250000	58.500000	9.915420e+04	4.007888e-05
	56	70	-13.000000	56.000000	9.915420e+04	2.752198e-04
	276	118	42.000000	44.000000	1.004074e+05	1.048305e-05
	259	153	37.750000	35.250000	1.000756e+05	2.597854e-06
	262	162	38.500000	33.000000	1.000756e+05	1.134872e-04
2022	2	18	6	18
	155	30	11.750000	66.000000	9.893595e+04	1.301033e-04
	250	33	35.500000	65.250000	9.785258e+04	1.334634e-04
	86	57	-5.500000	59.250000	9.961277e+04	8.445523e-05
	64	71	-11.000000	55.750000	9.936978e+04	2.281028e-04
	277	118	42.250000	44.000000	1.005672e+05	2.491576e-05
	266	162	39.500000	33.000000	1.001246e+05	1.003337e-04
2022	2	18	6	21
	249	32	35.250000	65.500000	9.789613e+04	1.870229e-04
	0	47	-27.000000	61.750000	9.869656e+04	5.514609e-05
	88	56	-5.000000	59.500000	9.968970e+04	9.377302e-05
	71	73	-9.250000	55.250000	9.964802e+04	2.059511e-04
	102	83	-1.500000	52.750000	9.995698e+04	9.826248e-05
	266	159	39.500000	33.750000	1.000123e+05	2.291659e-04
2022	2	19	6	0
	288	24	45.000000	67.500000	9.855603e+04	-1.232474e-06
	249	32	35.250000	65.500000	9.787655e+04	1.800036e-04
	0	42	-27.000000	63.000000	9.829408e+04	1.269526e-04
	90	57	-4.500000	59.250000	9.976538e+04	1.023700e-04
	266	157	39.500000	34.250000	9.990684e+04	2.482981e-04
	276	162	42.000000	33.000000	9.990684e+04	2.861751e-05
2022	2	19	8	3
	158	25	12.500000	67.250000	9.917707e+04	8.720169e-05
	288	25	45.000000	67.250000	9.850213e+04	1.721281e-05
	247	32	34.750000	65.500000	9.791023e+04	2.115303e-04
	0	38	-27.000000	64.000000	9.802664e+04	1.495742e-04
	0	51	-27.000000	60.750000	9.802852e+04	1.370020e-04
	120	79	3.000000	53.750000	9.983572e+04	1.290275e-04
	266	155	39.500000	34.750000	9.993646e+04	2.245959e-04
	280	162	43.000000	33.000000	1.000334e+05	1.575106e-04
2022	2	19	9	6
	6	14	-25.500000	70.000000	9.886279e+04	-6.191635e-05
	274	26	41.500000	67.000000	9.805641e+04	5.437712e-05
	159	27	12.750000	66.750000	9.928894e+04	1.192811e-04
	245	32	34.250000	65.500000	9.801395e+04	2.418500e-04
	0	46	-27.000000	62.000000	9.753610e+04	2.966261e-05
	130	78	5.500000	54.000000	9.975394e+04	1.248012e-04
	60	128	-12.000000	41.500000	1.010753e+05	2.088530e-04
	266	155	39.500000	34.750000	1.001226e+05	1.926754e-04
	279	160	42.750000	33.500000	1.001226e+05	2.038133e-04
2022	2	19	4	9
	246	33	34.500000	65.250000	9.819192e+04	2.213414e-04
	137	78	7.250000	54.000000	9.980877e+04	1.431808e-04
	62	129	-11.500000	41.250000	1.012392e+05	2.085992e-04
	277	156	42.250000	34.500000	9.999443e+04	1.871132e-04
2022	2	19	8	12
	287	22	44.750000	68.000000	9.849007e+04	3.241927e-05
	263	27	38.750000	66.750000	9.839434e+04	5.575997e-05
	250	34	35.500000	65.000000	9.839434e+04	1.802183e-04
	146	78	9.500000	54.000000	9.983305e+04	1.661166e-04
	116	125	2.000000	42.250000	1.014805e+05	-2.010859e-05
	64	129	-11.000000	41.250000	1.014024e+05	2.036049e-04
	266	149	39.500000	36.250000	9.994210e+04	3.932305e-05
	279	154	42.750000	35.000000	9.994210e+04	1.272377e-04
2022	2	19	5	15
	253	34	36.250000	65.000000	9.858016e+04	1.606574e-04
	156	78	12.000000	54.000000	9.977775e+04	1.759789e-04
	176	79	17.000000	53.750000	9.977775e+04	9.133338e-05
	64	129	-11.000000	41.250000	1.014186e+05	2.032345e-04
	276	152	42.000000	35.500000	1.001455e+05	1.951501e-04
2022	2	19	8	18
	6	7	-25.500000	71.750000	9.853425e+04	2.539166e-05
	25	34	-20.750000	65.000000	9.468798e+04	2.355303e-05
	260	34	38.000000	65.000000	9.872962e+04	1.605190e-04
	0	37	-27.000000	64.250000	9.468798e+04	1.125106e-04
	180	80	18.000000	53.500000	9.976898e+04	8.776662e-05
	64	130	-11.000000	41.000000	1.015649e+05	2.088640e-04
	272	141	41.000000	38.250000	1.004107e+05	-2.090568e-06
	274	152	41.500000	35.500000	1.004107e+05	2.070432e-04
2022	2	19	7	21
	0	10	-27.000000	71.000000	9.661550e+04	-4.962100e-05
	0	31	-27.000000	65.750000	9.457894e+04	1.253991e-04
	25	34	-20.750000	65.000000	9.457894e+04	9.840146e-05
	264	34	39.000000	65.000000	9.885794e+04	1.365459e-04
	191	80	20.750000	53.500000	9.965022e+04	1.322973e-04
	63	131	-11.250000	40.750000	1.017532e+05	2.103937e-04
	274	153	41.500000	35.250000	1.006275e+05	1.858965e-04
2022	2	20	10	0
	0	10	-27.000000	71.000000	9.621098e+04	-3.307706e-05
	279	23	42.750000	67.750000	9.898264e+04	8.401484e-05
	0	26	-27.000000	67.000000	9.490700e+04	1.963748e-04
	33	29	-18.750000	66.250000	9.500916e+04	2.363617e-04
	266	33	39.500000	65.250000	9.898264e+04	1.161015e-04
	203	80	23.750000	53.500000	9.948697e+04	1.318530e-04
	62	132	-11.500000	40.500000	1.018405e+05	2.064464e-04
	275	153	41.750000	35.250000	1.007146e+05	1.717355e-04
	281	162	43.250000	33.000000	1.007146e+05	8.951807e-06
	282	162	43.500000	33.000000	1.007146e+05	3.721534e-06
