2022	2	14	7	0
	5	6	-25.750000	72.000000	9.978277e+04	-3.681932e-05
	217	9	27.250000	71.250000	9.836755e+04	1.150991e-04
	194	12	21.500000	70.500000	9.836755e+04	1.323902e-04
	1	17	-26.750000	69.250000	9.978277e+04	1.754563e-05
	218	25	27.500000	67.250000	9.849430e+04	1.344035e-04
	117	61	2.250000	58.250000	9.850370e+04	1.057691e-04
	102	71	-1.500000	55.750000	9.849994e+04	1.481948e-04
2022	2	14	6	3
	59	5	-12.250000	72.250000	1.001542e+05	1.020771e-04
	214	8	26.500000	71.500000	9.807411e+04	1.974833e-04
	1	17	-26.750000	69.250000	9.980564e+04	1.209513e-05
	234	20	31.500000	68.500000	9.816873e+04	7.887687e-05
	122	64	3.500000	57.500000	9.845576e+04	1.364361e-04
	104	72	-1.000000	55.500000	9.845325e+04	1.734542e-04
2022	2	14	4	6
	64	4	-11.000000	72.500000	1.001218e+05	9.942127e-05
	217	8	27.250000	71.500000	9.795426e+04	2.046734e-04
	127	63	4.750000	57.750000	9.841659e+04	8.270099e-05
	112	71	1.000000	55.750000	9.841659e+04	7.354917e-05
2022	2	14	4	9
	68	3	-10.000000	72.750000	1.002062e+05	8.776617e-05
	222	8	28.500000	71.500000	9.797400e+04	2.126049e-04
	0	52	-27.000000	60.500000	9.806988e+04	1.053961e-04
	124	72	4.000000	55.500000	9.844479e+04	1.378432e-04
2022	2	14	3	12
	236	6	32.000000	72.000000	9.794313e+04	1.836193e-04
	0	49	-27.000000	61.250000	9.762148e+04	1.421494e-04
	129	68	5.250000	56.500000	9.833152e+04	2.018628e-04
2022	2	14	7	15
	236	6	32.000000	72.000000	9.795770e+04	1.223768e-04
	6	7	-25.500000	71.750000	9.986705e+04	2.788698e-05
	288	13	45.000000	70.250000	9.918538e+04	2.081419e-05
	288	14	45.000000	70.000000	9.918538e+04	1.310617e-05
	4	45	-26.000000	62.250000	9.718218e+04	2.376328e-04
	133	64	6.250000	57.500000	9.822467e+04	2.455651e-04
	113	126	1.250000	42.000000	1.010960e+05	2.752564e-05
2022	2	14	6	18
	236	6	32.000000	72.000000	9.800408e+04	1.140130e-04
	254	12	36.500000	70.500000	9.800408e+04	1.432806e-04
	288	13	45.000000	70.250000	9.883538e+04	7.034207e-05
	0	40	-27.000000	63.500000	9.684487e+04	1.618874e-04
	135	62	6.750000	58.000000	9.823454e+04	2.898858e-04
	137	121	7.250000	43.250000	1.010885e+05	1.630098e-04
2022	2	14	6	21
	288	10	45.000000	71.000000	9.864799e+04	5.411443e-05
	259	11	37.750000	70.750000	9.801348e+04	1.293522e-04
	0	37	-27.000000	64.250000	9.700279e+04	1.196846e-04
	19	43	-22.250000	62.750000	9.700279e+04	2.226593e-04
	138	60	7.500000	58.500000	9.833669e+04	2.396741e-04
	142	120	8.500000	43.500000	1.010888e+05	1.517999e-04
2022	2	15	9	0
	245	5	34.250000	72.250000	9.804497e+04	1.122599e-04
	6	7	-25.500000	71.750000	9.961920e+04	5.525691e-05
	265	10	39.250000	71.000000	9.804497e+04	1.649601e-04
	0	36	-27.000000	64.500000	9.713393e+04	1.329889e-04
	28	38	-20.000000	64.000000	9.713784e+04	-3.385858e-06
	36	46	-18.000000	62.000000	9.735295e+04	2.318443e-04
	127	54	4.750000	60.000000	9.842756e+04	8.347473e-05
	143	59	8.750000	58.750000	9.842756e+04	2.565024e-04
	145	118	9.250000	44.000000	1.010360e+05	1.361228e-04
2022	2	15	8	3
	243	8	33.750000	71.500000	9.810998e+04	1.992246e-04
	269	9	40.250000	71.250000	9.810998e+04	1.956608e-04
	270	9	40.500000	71.250000	9.810998e+04	2.087332e-04
	30	41	-19.500000	63.250000	9.735185e+04	2.479388e-04
	128	54	5.000000	60.000000	9.844542e+04	6.604361e-05
	148	57	10.000000	59.250000	9.844542e+04	2.962079e-04
	149	109	10.250000	46.250000	1.010144e+05	-1.680552e-06
	154	117	11.500000	44.250000	1.010144e+05	8.928009e-05
2022	2	15	7	6
	272	9	41.000000	71.250000	9.818738e+04	2.031914e-04
	18	35	-22.500000	64.750000	9.721101e+04	2.239705e-04
	56	48	-13.000000	61.500000	9.764076e+04	2.789821e-04
	125	50	4.250000	61.000000	9.860288e+04	1.142385e-04
	152	54	11.000000	60.000000	9.845827e+04	3.058407e-04
	0	86	-27.000000	52.000000	9.913649e+04	9.442693e-05
	158	113	12.500000	45.250000	1.010285e+05	1.070279e-04
2022	2	15	6	9
	279	7	42.750000	71.750000	9.829204e+04	1.861990e-04
	52	44	-14.000000	62.500000	9.764295e+04	3.103842e-04
	124	49	4.000000	61.250000	9.853065e+04	1.607750e-04
	155	51	11.750000	60.750000	9.848020e+04	2.614913e-04
	0	82	-27.000000	53.000000	9.840484e+04	1.123525e-04
	161	111	13.250000	45.750000	1.011143e+05	1.087412e-04
2022	2	15	7	12
	2	6	-26.500000	72.000000	9.980611e+04	3.826951e-05
	277	7	42.250000	71.750000	9.839670e+04	2.237504e-04
	0	40	-27.000000	63.500000	9.725863e+04	4.053787e-05
	46	40	-15.500000	63.500000	9.774040e+04	3.064733e-04
	124	48	4.000000	61.500000	9.852563e+04	1.960754e-04
	162	49	13.500000	61.250000	9.858173e+04	2.251748e-04
	10	78	-24.500000	54.000000	9.800846e+04	2.662332e-04
2022	2	15	7	15
	285	8	44.250000	71.500000	9.850966e+04	1.859552e-04
	38	36	-17.500000	64.500000	9.766896e+04	2.249613e-04
	168	47	15.000000	61.750000	9.863609e+04	1.397364e-04
	92	56	-4.000000	59.500000	9.850433e+04	1.556290e-04
	117	62	2.250000	58.000000	9.847268e+04	1.756272e-04
	21	74	-21.750000	55.000000	9.756916e+04	2.694124e-04
	162	162	13.500000	33.000000	1.016127e+05	-3.370860e-06
2022	2	15	6	18
	287	7	44.750000	71.750000	9.858673e+04	1.486862e-04
	30	30	-19.500000	66.000000	9.753751e+04	2.346546e-04
	172	46	16.000000	62.000000	9.871662e+04	7.595104e-05
	122	61	3.500000	58.250000	9.835956e+04	1.949829e-04
	32	71	-19.000000	55.750000	9.717325e+04	3.135326e-04
	162	162	13.500000	33.000000	1.015752e+05	1.550355e-05
2022	2	15	5	21
	178	44	17.500000	62.500000	9.875469e+04	1.024799e-04
	179	44	17.750000	62.500000	9.875469e+04	9.940422e-05
	127	60	4.750000	58.500000	9.831789e+04	2.234623e-04
	42	69	-16.500000	56.250000	9.703726e+04	3.806340e-04
	164	162	14.000000	33.000000	1.017180e+05	1.117314e-05
2022	2	16	6	0
	288	6	45.000000	72.000000	9.876801e+04	1.012650e-04
	181	43	18.250000	62.750000	9.880859e+04	1.166522e-04
	130	59	5.500000	58.750000	9.837539e+04	1.793631e-04
	53	68	-13.750000	56.500000	9.715022e+04	3.565545e-04
	2	73	-26.500000	55.250000	9.768321e+04	1.422109e-04
	167	162	14.750000	33.000000	1.016504e+05	-6.044470e-05
2022	2	16	6	3
	125	39	4.250000	63.750000	9.824284e+04	1.909717e-04
	185	42	19.250000	63.000000	9.886170e+04	1.024082e-04
	65	67	-10.750000	56.750000	9.741546e+04	2.915927e-04
	10	70	-24.500000	56.000000	9.743254e+04	1.892624e-04
	280	121	43.000000	43.250000	1.020987e+05	1.432243e-05
	171	162	15.750000	33.000000	1.015625e+05	-3.929251e-05
2022	2	16	4	6
	27	66	-20.250000	57.000000	9.735076e+04	1.690060e-04
	79	68	-7.250000	56.500000	9.751480e+04	2.848590e-04
	96	69	-3.000000	56.250000	9.751480e+04	1.886744e-04
	280	121	43.000000	43.250000	1.020882e+05	1.703896e-05
2022	2	16	6	9
	32	64	-19.000000	57.500000	9.715131e+04	2.291745e-04
	90	68	-4.500000	56.500000	9.771549e+04	2.809976e-04
	105	68	-0.750000	56.500000	9.771549e+04	2.041697e-04
	106	68	-0.500000	56.500000	9.771549e+04	2.106840e-04
	137	116	7.250000	44.500000	1.012530e+05	9.133539e-05
	279	120	42.750000	43.500000	1.020636e+05	2.714407e-05
2022	2	16	2	12
	41	61	-16.750000	58.250000	9.691318e+04	3.399304e-04
	121	69	3.250000	56.250000	9.771032e+04	1.915899e-04
2022	2	16	7	15
	288	3	45.000000	72.750000	9.885323e+04	1.077680e-04
	114	40	1.500000	63.500000	9.777534e+04	1.609789e-04
	48	62	-15.000000	58.000000	9.688043e+04	3.269386e-04
	49	62	-14.750000	58.000000	9.688043e+04	3.294798e-04
	137	70	7.250000	56.000000	9.767601e+04	1.823709e-04
	183	149	18.750000	36.250000	1.013211e+05	9.161630e-05
	275	150	41.750000	36.000000	1.014071e+05	3.046184e-05
2022	2	16	5	18
	287	3	44.750000	72.750000	9.883130e+04	1.421398e-04
	62	63	-11.500000	57.750000	9.699684e+04	2.708033e-04
	152	70	11.000000	56.000000	9.771439e+04	1.685883e-04
	187	148	19.750000	36.500000	1.012498e+05	1.579019e-04
	269	162	40.250000	33.000000	1.016119e+05	-5.335377e-06
2022	2	16	8	21
	284	2	44.000000	73.000000	9.882519e+04	1.673123e-04
	93	55	-3.750000	59.750000	9.712437e+04	4.138596e-06
	77	64	-7.750000	57.500000	9.711873e+04	2.452396e-04
	94	64	-3.500000	57.500000	9.711873e+04	9.906033e-05
	157	69	12.250000	56.250000	9.757370e+04	1.668819e-04
	138	117	7.500000	44.250000	1.011334e+05	5.026429e-05
	186	144	19.500000	37.500000	1.011828e+05	1.749621e-04
	272	162	41.000000	33.000000	1.015513e+05	1.797315e-05
2022	2	17	9	0
	284	2	44.000000	73.000000	9.882770e+04	1.842842e-04
	17	40	-22.750000	63.500000	9.829408e+04	2.255802e-04
	46	56	-15.500000	59.500000	9.808993e+04	1.799200e-04
	96	65	-3.000000	57.250000	9.735327e+04	1.213946e-04
	164	69	14.000000	56.250000	9.736031e+04	1.839786e-04
	138	117	7.500000	44.250000	1.010928e+05	5.525770e-05
	185	145	19.250000	37.250000	1.010064e+05	2.188938e-04
	275	149	41.750000	36.250000	1.014866e+05	1.968963e-05
	287	154	44.750000	35.000000	1.014866e+05	6.901683e-06
2022	2	17	5	3
	284	2	44.000000	73.000000	9.883553e+04	1.638621e-04
	174	69	16.500000	56.250000	9.707674e+04	1.604825e-04
	138	117	7.500000	44.250000	1.007764e+05	1.012082e-04
	184	149	19.000000	36.250000	1.008509e+05	1.786345e-04
	274	149	41.500000	36.250000	1.014682e+05	1.470712e-05
2022	2	17	5	6
	284	1	44.000000	73.250000	9.880968e+04	1.557768e-04
	190	65	20.500000	57.250000	9.685850e+04	1.426302e-04
	193	144	21.250000	37.500000	1.008370e+05	2.488148e-05
	274	149	41.500000	36.250000	1.015419e+05	1.632618e-05
	186	152	19.500000	35.500000	1.008370e+05	1.976518e-04
2022	2	17	3	9
	284	0	44.000000	73.500000	9.887767e+04	1.207264e-04
	193	64	21.250000	57.500000	9.681588e+04	1.656554e-04
	189	155	20.250000	34.750000	1.009028e+05	1.986925e-04
2022	2	17	3	12
	283	0	43.750000	73.500000	9.890776e+04	1.044177e-04
	199	63	22.750000	57.750000	9.679473e+04	1.574200e-04
	191	156	20.750000	34.500000	1.007535e+05	2.153292e-04
2022	2	17	2	15
	206	62	24.500000	58.000000	9.689641e+04	1.062544e-04
	193	158	21.250000	34.000000	1.007582e+05	2.063616e-04
2022	2	17	2	18
	216	61	27.000000	58.250000	9.693151e+04	3.259441e-05
	194	161	21.500000	33.250000	1.009233e+05	1.246698e-04
2022	2	17	1	21
	230	64	30.500000	57.500000	9.693025e+04	1.032342e-04
2022	2	18	4	0
	154	25	11.500000	67.250000	9.831836e+04	5.684657e-05
	146	36	9.500000	64.500000	9.831836e+04	1.039986e-04
	27	44	-20.250000	62.500000	9.871145e+04	2.150917e-04
	237	60	32.250000	58.500000	9.688169e+04	1.112448e-04
2022	2	18	4	3
	148	23	10.000000	67.750000	9.824629e+04	9.556179e-05
	148	36	10.000000	64.500000	9.825255e+04	9.992829e-05
	27	44	-20.250000	62.500000	9.869641e+04	2.397906e-04
	243	56	33.750000	59.500000	9.681541e+04	1.569703e-04
2022	2	18	7	6
	144	22	9.000000	68.000000	9.817892e+04	1.192898e-04
	149	36	10.250000	64.500000	9.818629e+04	8.688966e-05
	28	45	-20.000000	62.250000	9.867463e+04	2.406128e-04
	59	51	-12.250000	60.750000	9.865818e+04	1.283514e-04
	247	51	34.750000	60.750000	9.681353e+04	1.326772e-04
	156	109	12.000000	46.250000	1.013141e+05	4.121821e-05
	138	117	7.500000	44.250000	1.014389e+05	6.869716e-05
2022	2	18	5	9
	143	24	8.750000	67.500000	9.816357e+04	9.142871e-05
	30	45	-19.500000	62.250000	9.874654e+04	2.230680e-04
	249	47	35.250000	61.750000	9.681024e+04	1.421549e-04
	63	50	-11.250000	61.000000	9.870518e+04	1.574854e-04
	129	56	5.250000	59.500000	9.849524e+04	1.472866e-04
2022	2	18	5	12
	142	26	8.500000	67.000000	9.815762e+04	1.175765e-04
	163	26	13.750000	67.000000	9.815762e+04	-3.158292e-05
	252	42	36.000000	63.000000	9.683719e+04	1.813253e-04
	29	44	-19.750000	62.500000	9.881062e+04	1.763723e-04
	65	50	-10.750000	61.000000	9.879997e+04	1.777029e-04
2022	2	18	7	15
	163	26	13.750000	67.000000	9.815542e+04	-3.077525e-05
	142	27	8.500000	66.750000	9.815542e+04	1.292058e-04
	255	37	36.750000	64.250000	9.683970e+04	1.753640e-04
	68	51	-10.000000	60.750000	9.889679e+04	1.804748e-04
	0	55	-27.000000	59.750000	9.811030e+04	1.098768e-04
	144	58	9.000000	59.000000	9.854318e+04	1.261664e-04
	277	118	42.250000	44.000000	1.002390e+05	1.657185e-05
2022	2	18	6	18
	144	27	9.000000	66.750000	9.811187e+04	1.199454e-04
	256	33	37.000000	65.250000	9.675902e+04	1.792528e-04
	21	41	-21.750000	63.250000	9.772724e+04	1.722707e-04
	0	49	-27.000000	61.250000	9.765705e+04	1.043545e-04
	72	51	-9.000000	60.750000	9.901116e+04	1.824815e-04
	282	121	43.500000	43.250000	1.003631e+05	3.904946e-05
2022	2	18	3	21
	163	26	13.750000	67.000000	9.807662e+04	4.890596e-06
	139	28	7.750000	66.500000	9.807662e+04	1.524741e-04
	257	31	37.250000	65.750000	9.671702e+04	2.143179e-04
2022	2	19	7	0
	6	7	-25.500000	71.750000	1.001210e+05	-2.079113e-05
	163	26	13.750000	67.000000	9.807082e+04	4.437254e-06
	141	30	8.250000	66.000000	9.807082e+04	1.891955e-04
	258	30	37.500000	66.000000	9.673661e+04	2.236731e-04
	2	45	-26.500000	62.250000	9.743458e+04	1.154632e-04
	106	133	-0.500000	40.250000	1.016189e+05	1.074638e-04
	260	162	38.000000	33.000000	1.006413e+05	-1.720596e-05
2022	2	19	11	3
	7	6	-25.250000	72.000000	1.001426e+05	-2.991760e-05
	288	15	45.000000	69.750000	9.718296e+04	4.281222e-05
	1	18	-26.750000	69.000000	9.887877e+04	-7.659932e-05
	145	30	9.250000	66.000000	9.805280e+04	1.943320e-04
	146	30	9.500000	66.000000	9.805280e+04	1.903074e-04
	258	30	37.500000	66.000000	9.686790e+04	2.107118e-04
	0	44	-27.000000	62.500000	9.738616e+04	1.230312e-04
	19	52	-22.250000	60.500000	9.740638e+04	1.822714e-04
	151	109	10.750000	46.250000	1.011156e+05	9.518609e-06
	108	139	0.000000	38.750000	1.015687e+05	7.700067e-05
	259	162	37.750000	33.000000	1.006980e+05	7.097149e-07
2022	2	19	12	6
	6	7	-25.500000	71.750000	1.000275e+05	-2.687604e-05
	288	13	45.000000	70.250000	9.709820e+04	8.359358e-05
	1	18	-26.750000	69.000000	9.887423e+04	-7.745880e-05
	273	20	41.250000	68.500000	9.695532e+04	1.151270e-04
	149	31	10.250000	65.750000	9.807771e+04	2.452532e-04
	8	42	-25.000000	63.000000	9.746027e+04	1.818626e-04
	30	49	-19.500000	61.250000	9.747108e+04	1.807286e-04
	150	109	10.500000	46.250000	1.011696e+05	4.334439e-05
	137	117	7.250000	44.250000	1.012711e+05	8.574939e-05
	120	142	3.000000	38.000000	1.016020e+05	-1.286005e-05
	244	162	34.000000	33.000000	1.009351e+05	7.722040e-05
	260	162	38.000000	33.000000	1.008660e+05	5.102167e-06
2022	2	19	5	9
	6	7	-25.500000	71.750000	1.001033e+05	9.037084e-06
	276	18	42.000000	69.000000	9.709319e+04	1.896004e-04
	151	31	10.750000	65.750000	9.820853e+04	2.065425e-04
	28	41	-20.000000	63.250000	9.772427e+04	9.034160e-05
	150	109	10.500000	46.250000	1.013448e+05	2.337981e-05
2022	2	19	5	12
	6	7	-25.500000	71.750000	1.000402e+05	5.665318e-06
	288	10	45.000000	71.000000	9.718391e+04	1.352975e-04
	152	32	11.000000	65.500000	9.838479e+04	1.921993e-04
	154	109	11.500000	46.250000	1.014530e+05	1.050109e-06
	137	117	7.250000	44.250000	1.014942e+05	7.967175e-05
2022	2	19	7	15
	6	7	-25.500000	71.750000	1.000245e+05	1.139315e-05
	288	10	45.000000	71.000000	9.730094e+04	1.332872e-04
	164	26	14.000000	67.000000	9.860601e+04	6.454947e-05
	154	33	11.500000	65.250000	9.860601e+04	1.795496e-04
	88	53	-5.000000	60.250000	9.854992e+04	1.812941e-04
	264	81	39.000000	53.250000	9.895962e+04	2.475433e-04
	134	119	6.500000	43.750000	1.013897e+05	9.213424e-05
2022	2	19	7	18
	6	7	-25.500000	71.750000	9.992518e+04	1.649669e-05
	288	10	45.000000	71.000000	9.741186e+04	1.381139e-04
	156	33	12.000000	65.250000	9.885448e+04	1.278709e-04
	94	53	-3.500000	60.250000	9.871364e+04	2.119439e-04
	125	59	4.250000	58.750000	9.888049e+04	1.894098e-04
	272	79	41.000000	53.750000	9.878085e+04	2.585223e-04
	280	162	43.000000	33.000000	1.011190e+05	8.808232e-05
2022	2	19	8	21
	6	7	-25.500000	71.750000	9.987034e+04	-1.228357e-06
	288	8	45.000000	71.500000	9.751338e+04	1.559246e-04
	100	53	-2.000000	60.250000	9.895366e+04	2.026483e-04
	130	60	5.500000	58.500000	9.899831e+04	2.137432e-04
	147	62	9.750000	58.000000	9.899831e+04	1.926203e-04
	148	62	10.000000	58.000000	9.899831e+04	1.967252e-04
	278	77	42.500000	54.250000	9.864126e+04	2.780909e-04
	282	121	43.500000	43.250000	1.012237e+05	-6.293385e-06
2022	2	20	6	0
	6	7	-25.500000	71.750000	9.979185e+04	4.569294e-06
	288	8	45.000000	71.500000	9.771549e+04	1.237683e-04
	0	50	-27.000000	61.000000	9.605572e+04	8.510365e-05
	160	62	13.000000	58.000000	9.904907e+04	1.777444e-04
	283	76	43.750000	54.500000	9.852924e+04	2.850197e-04
	280	119	43.000000	43.750000	1.012074e+05	-1.504651e-04
