2022	2	16	5	0
	288	11	45.000000	70.750000	9.879299e+04	7.796509e-05
	57	40	-12.750000	63.500000	9.729835e+04	3.866707e-04
	117	54	2.250000	60.000000	9.799664e+04	1.878567e-04
	66	68	-10.500000	56.500000	9.723359e+04	3.428679e-04
	171	122	15.750000	43.000000	1.014615e+05	1.803679e-05
2022	2	16	4	3
	50	39	-14.500000	63.750000	9.725198e+04	3.152762e-04
	121	53	3.250000	60.250000	9.794221e+04	1.858349e-04
	79	67	-7.250000	56.750000	9.720318e+04	3.284166e-04
	173	123	16.250000	42.750000	1.014040e+05	3.705514e-05
2022	2	16	2	6
	46	37	-15.500000	64.250000	9.750071e+04	2.705174e-04
	99	68	-2.250000	56.500000	9.750390e+04	2.327033e-04
2022	2	16	6	9
	118	34	2.500000	65.000000	9.778334e+04	1.975238e-04
	122	47	3.500000	61.750000	9.778516e+04	1.275396e-04
	109	67	0.250000	56.750000	9.750177e+04	2.531713e-04
	202	125	23.500000	42.250000	1.015758e+05	-7.688802e-05
	181	126	18.250000	42.000000	1.014516e+05	9.373195e-05
	181	138	18.250000	39.000000	1.014516e+05	1.385142e-04
2022	2	16	4	12
	114	34	1.500000	65.000000	9.762295e+04	1.834205e-04
	70	67	-9.500000	56.750000	9.732101e+04	1.896398e-04
	122	68	3.500000	56.500000	9.747410e+04	2.186713e-04
	183	136	18.750000	39.500000	1.011915e+05	1.632927e-04
2022	2	16	5	15
	84	66	-6.000000	57.000000	9.695795e+04	2.879409e-04
	133	68	6.250000	56.500000	9.739124e+04	2.174319e-04
	149	68	10.250000	56.500000	9.739124e+04	1.929115e-04
	185	136	19.250000	39.500000	1.010490e+05	1.462805e-04
	186	137	19.500000	39.250000	1.010490e+05	1.452868e-04
2022	2	16	3	18
	0	28	-27.000000	66.500000	9.802659e+04	1.176427e-04
	99	66	-2.250000	57.000000	9.697589e+04	2.980253e-04
	184	134	19.000000	40.000000	1.011118e+05	8.789594e-05
2022	2	16	4	21
	288	9	45.000000	71.250000	9.908201e+04	1.042112e-04
	112	67	1.000000	56.750000	9.694427e+04	2.946369e-04
	137	117	7.250000	44.250000	1.012704e+05	4.614738e-05
	183	134	18.750000	40.000000	1.012083e+05	8.123877e-05
2022	2	17	5	0
	129	41	5.250000	63.250000	9.725031e+04	8.338948e-05
	130	41	5.500000	63.250000	9.725031e+04	7.473037e-05
	188	61	20.000000	58.250000	9.667167e+04	2.205018e-04
	157	71	12.250000	55.750000	9.664202e+04	2.716644e-04
	137	117	7.250000	44.250000	1.012181e+05	5.591471e-05
2022	2	17	4	3
	129	40	5.250000	63.500000	9.727098e+04	8.389380e-05
	191	59	20.750000	58.750000	9.628398e+04	2.181754e-04
	175	70	16.750000	56.000000	9.634921e+04	2.484905e-04
	137	117	7.250000	44.250000	1.010578e+05	8.745518e-05
2022	2	17	3	6
	193	58	21.250000	59.000000	9.607738e+04	2.232162e-04
	198	66	22.500000	57.000000	9.607738e+04	1.208336e-04
	7	68	-25.250000	56.500000	9.922827e+04	2.714439e-04
2022	2	17	2	9
	207	61	24.750000	58.250000	9.596730e+04	1.413246e-04
	12	65	-24.000000	57.250000	9.895582e+04	3.652836e-04
2022	2	17	3	12
	12	52	-24.000000	60.500000	9.895476e+04	1.659610e-04
	211	58	25.750000	59.000000	9.587867e+04	1.588286e-04
	20	63	-22.000000	57.750000	9.895476e+04	3.079605e-04
2022	2	17	2	15
	215	55	26.750000	59.750000	9.588962e+04	2.233009e-04
	26	60	-20.500000	58.500000	9.899839e+04	2.883298e-04
2022	2	17	2	18
	218	53	27.500000	60.250000	9.593507e+04	2.120400e-04
	29	58	-19.750000	59.000000	9.892238e+04	2.486797e-04
2022	2	17	3	21
	221	51	28.250000	60.750000	9.599406e+04	1.957945e-04
	34	57	-18.500000	59.250000	9.878782e+04	3.012526e-04
	42	89	-16.500000	51.250000	9.993066e+04	1.815417e-04
2022	2	18	4	0
	6	7	-25.500000	71.750000	1.004612e+05	-1.047308e-05
	223	46	28.750000	62.000000	9.603207e+04	1.242654e-04
	39	56	-17.250000	59.500000	9.868991e+04	2.584103e-04
	47	87	-15.250000	51.750000	9.960698e+04	2.316145e-04
2022	2	18	4	3
	225	42	29.250000	63.000000	9.603754e+04	1.186950e-04
	45	56	-15.750000	59.500000	9.860705e+04	2.539771e-04
	53	86	-13.750000	52.000000	9.914206e+04	2.626688e-04
	154	110	11.500000	46.000000	1.013619e+05	3.325268e-05
2022	2	18	4	6
	226	38	29.500000	64.000000	9.607327e+04	1.337955e-04
	51	56	-14.250000	59.500000	9.845305e+04	2.533639e-04
	63	86	-11.250000	52.000000	9.859124e+04	3.111176e-04
	137	115	7.250000	44.750000	1.013874e+05	3.748728e-05
2022	2	18	4	9
	228	36	30.000000	64.500000	9.613074e+04	1.177404e-04
	0	45	-27.000000	62.250000	9.938151e+04	4.182879e-05
	57	57	-12.750000	59.250000	9.844742e+04	2.740585e-04
	73	84	-8.750000	52.500000	9.823397e+04	2.986269e-04
2022	2	18	5	12
	6	7	-25.500000	71.750000	1.004564e+05	-1.663334e-05
	231	34	30.750000	65.000000	9.622682e+04	1.199814e-04
	63	57	-11.250000	59.250000	9.848892e+04	2.818008e-04
	78	84	-7.500000	52.500000	9.820812e+04	3.952291e-04
	274	118	41.500000	44.000000	1.003261e+05	-8.081881e-05
2022	2	18	7	15
	6	7	-25.500000	71.750000	1.004173e+05	-9.806072e-07
	233	32	31.250000	65.500000	9.631151e+04	1.029645e-04
	29	49	-19.750000	61.250000	9.912974e+04	1.793520e-04
	69	59	-9.750000	58.750000	9.850002e+04	2.814497e-04
	111	79	0.750000	53.750000	9.838706e+04	2.136426e-04
	87	87	-5.250000	51.750000	9.834708e+04	4.854555e-04
	278	118	42.500000	44.000000	1.004915e+05	1.591639e-05
2022	2	18	6	18
	6	7	-25.500000	71.750000	1.004140e+05	-1.774047e-05
	235	30	31.750000	66.000000	9.633097e+04	1.188589e-04
	27	47	-20.250000	61.750000	9.901906e+04	1.553920e-04
	76	60	-8.000000	58.500000	9.852921e+04	2.521411e-04
	121	76	3.250000	54.500000	9.814153e+04	2.534800e-04
	280	119	43.000000	43.750000	1.004892e+05	1.075338e-05
2022	2	18	6	21
	6	7	-25.500000	71.750000	1.004313e+05	-1.131016e-05
	237	28	32.250000	66.500000	9.639710e+04	1.038365e-04
	0	62	-27.000000	58.000000	9.817133e+04	1.238680e-04
	126	76	4.500000	54.500000	9.797141e+04	2.884347e-04
	285	122	44.250000	43.000000	1.004778e+05	2.661880e-05
	272	154	41.000000	35.000000	1.013199e+05	9.676640e-05
2022	2	19	7	0
	6	7	-25.500000	71.750000	1.004079e+05	-3.825839e-05
	236	26	32.000000	67.000000	9.647130e+04	8.055928e-05
	0	56	-27.000000	59.500000	9.789006e+04	1.007374e-04
	146	72	9.500000	55.500000	9.774640e+04	2.108024e-04
	135	77	6.750000	54.250000	9.774640e+04	3.080752e-04
	282	121	43.500000	43.250000	1.008822e+05	-7.347203e-08
	275	154	41.750000	35.000000	1.013687e+05	1.031745e-04
2022	2	19	8	3
	6	7	-25.500000	71.750000	1.003982e+05	-1.934612e-05
	234	24	31.500000	67.500000	9.651979e+04	7.917664e-05
	0	52	-27.000000	60.500000	9.793598e+04	8.316820e-05
	26	60	-20.500000	58.500000	9.788702e+04	2.668923e-04
	159	70	12.750000	56.000000	9.765380e+04	2.117842e-04
	138	117	7.500000	44.250000	1.011589e+05	1.342526e-04
	286	123	44.500000	42.750000	1.011848e+05	1.286320e-05
	276	154	42.000000	35.000000	1.014077e+05	1.027716e-04
2022	2	19	10	6
	6	7	-25.500000	71.750000	1.003304e+05	-1.611323e-05
	248	17	35.000000	69.250000	9.661390e+04	9.160280e-05
	234	24	31.500000	67.500000	9.661390e+04	9.896144e-05
	0	49	-27.000000	61.250000	9.801139e+04	8.648798e-05
	42	60	-16.500000	58.500000	9.774928e+04	2.768293e-04
	180	69	18.000000	56.250000	9.755149e+04	2.078809e-04
	166	71	14.500000	55.750000	9.755149e+04	2.348873e-04
	137	118	7.250000	44.000000	1.012521e+05	1.211817e-04
	287	141	44.750000	38.250000	1.015542e+05	-1.594121e-05
	280	153	43.000000	35.250000	1.015805e+05	1.322906e-04
2022	2	19	4	9
	248	17	35.000000	69.250000	9.671424e+04	1.089271e-04
	48	59	-15.000000	58.750000	9.776342e+04	2.912273e-04
	186	69	19.500000	56.250000	9.771918e+04	1.973774e-04
	287	143	44.750000	37.750000	1.013125e+05	-3.358919e-05
2022	2	19	7	12
	248	17	35.000000	69.250000	9.682690e+04	1.153851e-04
	38	36	-17.500000	64.500000	9.861101e+04	-1.006531e-04
	54	59	-13.500000	58.750000	9.798873e+04	2.761423e-04
	207	67	24.750000	56.750000	9.770473e+04	2.304712e-04
	135	119	6.750000	43.750000	1.015706e+05	1.798277e-04
	285	133	44.250000	40.250000	1.012275e+05	-3.075787e-05
	94	145	-3.500000	37.250000	1.019389e+05	5.863739e-05
2022	2	19	8	15
	254	16	36.500000	69.500000	9.694153e+04	1.173172e-04
	38	36	-17.500000	64.500000	9.842766e+04	-7.707341e-05
	58	60	-12.500000	58.500000	9.829462e+04	2.646639e-04
	83	62	-6.250000	58.000000	9.830862e+04	1.554629e-04
	218	66	27.500000	57.000000	9.775598e+04	2.241138e-04
	94	144	-3.500000	37.500000	1.018814e+05	4.118645e-05
	287	155	44.750000	34.750000	1.015051e+05	4.854013e-05
	107	156	-0.250000	34.500000	1.017170e+05	-1.723954e-05
2022	2	19	5	18
	256	16	37.000000	69.500000	9.699763e+04	1.148835e-04
	63	60	-11.250000	58.500000	9.856175e+04	2.564212e-04
	227	66	29.750000	57.000000	9.782682e+04	1.849087e-04
	109	67	0.250000	56.750000	9.874586e+04	2.136763e-04
	277	150	42.250000	36.000000	1.018262e+05	7.772804e-05
2022	2	19	5	21
	259	16	37.750000	69.500000	9.709326e+04	1.374587e-04
	1	58	-26.750000	59.000000	9.712595e+04	1.375215e-04
	237	64	32.250000	57.500000	9.787669e+04	1.668370e-04
	117	69	2.250000	56.250000	9.882218e+04	1.879559e-04
	131	71	5.750000	55.750000	9.882218e+04	1.945641e-04
2022	2	20	4	0
	260	17	38.000000	69.250000	9.721322e+04	1.758256e-04
	8	55	-25.000000	59.750000	9.669341e+04	3.199140e-04
	245	63	34.250000	57.750000	9.793963e+04	1.307893e-04
	140	72	8.000000	55.500000	9.874586e+04	2.117528e-04
