2022	2	14	8	0
	4	6	-26.000000	72.000000	9.977942e+04	-2.073806e-05
	217	9	27.250000	71.250000	9.833673e+04	1.271148e-04
	201	15	23.250000	69.750000	9.833673e+04	2.314339e-05
	1	17	-26.750000	69.250000	9.977942e+04	4.467207e-06
	222	20	28.500000	68.500000	9.833673e+04	5.499348e-05
	114	62	1.500000	58.000000	9.854501e+04	9.399652e-05
	104	71	-1.000000	55.750000	9.854501e+04	1.181953e-04
	105	71	-0.750000	55.750000	9.854501e+04	9.521670e-05
2022	2	14	4	3
	58	5	-12.500000	72.250000	1.001403e+05	1.049652e-04
	213	9	26.250000	71.250000	9.804479e+04	2.371773e-04
	117	61	2.250000	58.250000	9.845933e+04	9.981031e-05
	107	71	-0.250000	55.750000	9.845933e+04	1.349756e-04
2022	2	14	3	6
	63	3	-11.250000	72.750000	1.001003e+05	1.031895e-04
	214	10	26.500000	71.000000	9.787911e+04	2.926764e-04
	117	70	2.250000	56.000000	9.845748e+04	5.428460e-05
2022	2	14	4	9
	68	2	-10.000000	73.000000	1.001669e+05	8.517088e-05
	224	8	29.000000	71.500000	9.786826e+04	2.477202e-04
	0	52	-27.000000	60.500000	9.805364e+04	1.486801e-04
	123	68	3.750000	56.500000	9.847386e+04	1.355621e-04
2022	2	14	4	12
	72	1	-9.000000	73.250000	1.001472e+05	4.524640e-05
	236	14	32.000000	70.000000	9.777857e+04	2.836388e-04
	0	47	-27.000000	61.750000	9.763577e+04	1.500579e-04
	131	64	5.750000	57.500000	9.836780e+04	1.925391e-04
2022	2	14	4	15
	244	12	34.000000	70.500000	9.771243e+04	2.130450e-04
	288	13	45.000000	70.250000	9.933800e+04	-1.700775e-05
	0	44	-27.000000	62.500000	9.730474e+04	1.237369e-04
	133	61	6.250000	58.250000	9.831670e+04	2.141475e-04
2022	2	14	4	18
	248	11	35.000000	70.750000	9.764780e+04	1.971288e-04
	0	40	-27.000000	63.500000	9.710316e+04	1.275775e-04
	149	56	10.250000	59.500000	9.844596e+04	2.313809e-04
	135	60	6.750000	58.500000	9.844596e+04	2.320358e-04
2022	2	14	6	21
	251	12	35.750000	70.500000	9.769923e+04	2.411903e-04
	288	12	45.000000	70.500000	9.881924e+04	3.020937e-05
	0	37	-27.000000	64.250000	9.718299e+04	1.488123e-04
	22	44	-21.500000	62.500000	9.721355e+04	2.279217e-04
	140	58	8.000000	59.000000	9.848488e+04	2.216166e-04
	139	121	7.750000	43.250000	1.011060e+05	1.324564e-04
2022	2	15	8	0
	238	4	32.500000	72.500000	9.782867e+04	1.222859e-04
	239	4	32.750000	72.500000	9.782867e+04	1.146576e-04
	6	7	-25.500000	71.750000	9.971027e+04	4.978985e-05
	257	12	37.250000	70.500000	9.782867e+04	2.544371e-04
	11	40	-24.250000	63.500000	9.724445e+04	2.556534e-04
	128	53	5.000000	60.250000	9.851244e+04	9.478635e-05
	144	56	9.000000	59.500000	9.851244e+04	2.610904e-04
	145	118	9.250000	44.000000	1.011057e+05	1.483674e-04
2022	2	15	6	3
	266	12	39.500000	70.500000	9.785239e+04	2.597886e-04
	7	36	-25.250000	64.500000	9.709764e+04	2.376262e-04
	34	44	-18.500000	62.500000	9.740762e+04	2.297901e-04
	128	53	5.000000	60.250000	9.844964e+04	1.110054e-04
	148	53	10.000000	60.250000	9.844964e+04	3.383612e-04
	146	118	9.500000	44.000000	1.010170e+05	1.007792e-04
2022	2	15	8	6
	6	7	-25.500000	71.750000	9.967220e+04	2.460371e-05
	271	11	40.750000	70.750000	9.791134e+04	2.501043e-04
	0	33	-27.000000	65.250000	9.710416e+04	7.580557e-05
	27	39	-20.250000	63.750000	9.724996e+04	1.728321e-04
	127	49	4.750000	61.250000	9.849824e+04	9.857783e-05
	151	51	10.750000	60.750000	9.849824e+04	2.888700e-04
	0	88	-27.000000	51.500000	9.930660e+04	1.078309e-04
	155	117	11.750000	44.250000	1.011037e+05	1.058363e-04
2022	2	15	8	9
	272	10	41.000000	71.000000	9.802692e+04	2.334491e-04
	17	34	-22.750000	65.000000	9.742800e+04	1.895422e-04
	140	43	8.000000	62.750000	9.860530e+04	1.179122e-04
	125	48	4.250000	61.500000	9.861782e+04	1.426836e-04
	153	49	11.250000	61.250000	9.860530e+04	2.168587e-04
	1	84	-26.750000	52.500000	9.876463e+04	1.315761e-04
	159	113	12.750000	45.250000	1.011658e+05	1.273125e-04
	154	158	11.500000	34.000000	1.017068e+05	9.230441e-05
2022	2	15	8	12
	272	10	41.000000	71.000000	9.816521e+04	2.502878e-04
	273	10	41.250000	71.000000	9.816521e+04	2.551289e-04
	0	30	-27.000000	66.000000	9.757548e+04	8.326245e-05
	57	47	-12.750000	61.750000	9.785439e+04	2.581711e-04
	125	48	4.250000	61.500000	9.858809e+04	1.781033e-04
	13	80	-23.750000	53.500000	9.855202e+04	2.133921e-04
	160	111	13.000000	45.750000	1.011591e+05	1.064463e-04
	155	162	11.750000	33.000000	1.016293e+05	3.114924e-05
2022	2	15	6	15
	278	10	42.500000	71.000000	9.827494e+04	2.730979e-04
	36	35	-18.000000	64.750000	9.783519e+04	8.168355e-05
	0	38	-27.000000	64.000000	9.770107e+04	-1.581710e-05
	54	44	-13.500000	62.500000	9.781498e+04	2.421800e-04
	28	77	-20.000000	54.250000	9.828412e+04	2.162151e-04
	146	155	9.500000	34.750000	1.015040e+05	1.164015e-05
2022	2	15	5	18
	278	9	42.500000	71.250000	9.837933e+04	2.735023e-04
	49	41	-14.750000	63.250000	9.760237e+04	2.922722e-04
	123	61	3.750000	58.250000	9.834692e+04	1.851464e-04
	37	76	-17.750000	54.500000	9.817974e+04	2.360095e-04
	161	162	13.250000	33.000000	1.014584e+05	-1.716059e-05
2022	2	15	5	21
	279	10	42.750000	71.000000	9.849306e+04	2.877127e-04
	40	38	-17.000000	64.000000	9.760988e+04	2.486738e-04
	128	60	5.000000	58.500000	9.826792e+04	1.645119e-04
	48	74	-15.000000	55.000000	9.817941e+04	2.214779e-04
	162	160	13.500000	33.500000	1.015705e+05	-2.173268e-06
2022	2	16	7	0
	282	10	43.500000	71.000000	9.855502e+04	2.802332e-04
	33	34	-18.750000	65.000000	9.781648e+04	2.288072e-04
	130	59	5.500000	58.750000	9.829798e+04	1.662753e-04
	0	71	-27.000000	55.750000	9.753022e+04	1.167458e-04
	60	73	-12.000000	55.250000	9.822316e+04	2.463161e-04
	165	148	14.250000	36.500000	1.015399e+05	6.977602e-05
	163	160	13.750000	33.500000	1.015154e+05	6.544755e-05
2022	2	16	6	3
	284	10	44.000000	71.000000	9.857958e+04	2.506140e-04
	285	10	44.250000	71.000000	9.857958e+04	2.304942e-04
	123	40	3.750000	63.500000	9.826258e+04	1.808610e-04
	0	69	-27.000000	56.250000	9.703067e+04	1.043912e-04
	75	73	-8.250000	55.250000	9.834909e+04	2.289071e-04
	166	159	14.500000	33.750000	1.013636e+05	8.573179e-05
2022	2	16	7	6
	284	10	44.000000	71.000000	9.861849e+04	2.516351e-04
	121	40	3.250000	63.500000	9.819895e+04	1.615840e-04
	149	59	10.250000	58.750000	9.829331e+04	1.657232e-04
	11	64	-24.250000	57.500000	9.657572e+04	2.575249e-04
	86	74	-5.500000	55.000000	9.858843e+04	1.451873e-04
	168	148	15.000000	36.500000	1.013870e+05	8.513251e-05
	169	157	15.250000	34.250000	1.013870e+05	1.210245e-04
2022	2	16	7	9
	283	10	43.750000	71.000000	9.867127e+04	2.670361e-04
	121	41	3.250000	63.250000	9.816721e+04	1.481329e-04
	153	58	11.250000	59.000000	9.825907e+04	1.402204e-04
	16	62	-23.000000	58.000000	9.625722e+04	3.711235e-04
	112	77	1.000000	54.250000	9.874977e+04	1.551948e-04
	137	116	7.250000	44.500000	1.010070e+05	8.326176e-05
	172	154	16.000000	35.000000	1.014317e+05	1.469672e-04
2022	2	16	8	12
	284	11	44.000000	70.750000	9.874259e+04	2.178033e-04
	121	40	3.250000	63.500000	9.814083e+04	1.629259e-04
	25	55	-20.750000	59.750000	9.598933e+04	3.313502e-04
	159	57	12.750000	59.250000	9.826993e+04	1.202858e-04
	25	63	-20.750000	57.750000	9.598933e+04	3.898250e-04
	137	116	7.250000	44.500000	1.009352e+05	9.345693e-05
	168	144	15.000000	37.500000	1.012036e+05	5.296987e-05
	175	151	16.750000	35.750000	1.012036e+05	1.266315e-04
2022	2	16	8	15
	286	11	44.500000	70.750000	9.878300e+04	1.728515e-04
	287	11	44.750000	70.750000	9.878300e+04	1.372888e-04
	119	40	2.750000	63.500000	9.800955e+04	1.465603e-04
	28	57	-20.000000	59.250000	9.607551e+04	3.033336e-04
	165	57	14.250000	59.250000	9.822968e+04	9.006132e-05
	40	63	-17.000000	57.750000	9.607551e+04	2.760266e-04
	136	120	7.000000	43.500000	1.012071e+05	1.509462e-04
	177	150	17.250000	36.000000	1.010337e+05	1.458953e-04
2022	2	16	5	18
	288	11	45.000000	70.750000	9.879486e+04	1.162683e-04
	176	48	17.000000	61.500000	9.816988e+04	8.524196e-05
	172	56	16.000000	59.500000	9.816988e+04	9.661789e-05
	56	61	-13.000000	58.250000	9.614799e+04	2.686728e-04
	178	147	17.500000	36.750000	1.010249e+05	1.648949e-04
2022	2	16	5	21
	288	12	45.000000	70.500000	9.886250e+04	1.014793e-04
	49	54	-14.750000	60.000000	9.626073e+04	2.317282e-04
	70	60	-9.500000	58.500000	9.625705e+04	2.954448e-04
	138	117	7.500000	44.250000	1.010073e+05	4.525592e-05
	180	146	18.000000	37.000000	1.010763e+05	1.589268e-04
2022	2	17	4	0
	83	58	-6.250000	59.000000	9.636645e+04	2.828582e-04
	118	63	2.500000	57.750000	9.662900e+04	2.852452e-04
	138	117	7.500000	44.250000	1.010214e+05	4.919371e-05
	179	144	17.750000	37.500000	1.010409e+05	1.784052e-04
2022	2	17	4	3
	92	55	-4.000000	59.750000	9.627476e+04	2.513831e-04
	127	62	4.750000	58.000000	9.646816e+04	3.004205e-04
	138	117	7.500000	44.250000	1.008291e+05	7.781741e-05
	178	144	17.500000	37.500000	1.009562e+05	1.533849e-04
2022	2	17	4	6
	93	55	-3.750000	59.750000	9.638498e+04	2.943075e-04
	130	61	5.500000	58.250000	9.662332e+04	2.200830e-04
	137	117	7.250000	44.250000	1.009293e+05	9.735167e-05
	176	146	17.000000	37.000000	1.010890e+05	1.369281e-04
2022	2	17	3	9
	100	56	-2.000000	59.500000	9.666524e+04	2.915522e-04
	142	62	8.500000	58.000000	9.681873e+04	2.493058e-04
	174	150	16.500000	36.000000	1.012518e+05	1.521619e-04
2022	2	17	5	12
	108	57	0.000000	59.250000	9.693163e+04	2.360239e-04
	149	63	10.250000	57.750000	9.686749e+04	2.405708e-04
	184	67	19.000000	56.750000	9.679735e+04	2.312930e-04
	0	68	-27.000000	56.500000	9.928673e+04	1.483950e-04
	173	152	16.250000	35.500000	1.012089e+05	1.417031e-04
2022	2	17	5	15
	116	59	2.000000	58.750000	9.722541e+04	2.317355e-04
	157	63	12.250000	57.750000	9.704938e+04	2.483401e-04
	4	66	-26.000000	57.000000	9.922075e+04	2.928106e-04
	191	66	20.750000	57.000000	9.669062e+04	2.857036e-04
	172	155	16.000000	34.750000	1.012610e+05	1.351837e-04
2022	2	17	4	18
	6	7	-25.500000	71.750000	1.005554e+05	7.142743e-06
	127	61	4.750000	58.250000	9.753289e+04	2.043953e-04
	9	64	-24.750000	57.500000	9.918267e+04	2.662551e-04
	198	66	22.500000	57.000000	9.676227e+04	2.629633e-04
2022	2	17	6	21
	6	7	-25.500000	71.750000	1.005427e+05	9.085729e-06
	143	48	8.750000	61.500000	9.806032e+04	-1.204842e-05
	14	63	-23.500000	57.750000	9.922793e+04	2.701710e-04
	136	63	7.000000	57.750000	9.791719e+04	1.879285e-04
	205	65	24.250000	57.250000	9.687484e+04	2.168331e-04
	89	157	-4.750000	34.250000	1.022349e+05	7.228653e-06
2022	2	18	4	0
	6	7	-25.500000	71.750000	1.005183e+05	1.225687e-06
	143	48	8.750000	61.500000	9.826993e+04	-4.283402e-05
	18	63	-22.500000	57.750000	9.928555e+04	2.531081e-04
	214	65	26.500000	57.250000	9.706574e+04	1.663752e-04
2022	2	18	4	3
	152	28	11.000000	66.500000	9.831335e+04	1.592380e-05
	232	60	31.000000	58.500000	9.718148e+04	6.029868e-05
	22	63	-21.500000	57.750000	9.922777e+04	2.306580e-04
	153	111	11.250000	45.750000	1.013741e+05	1.118818e-04
2022	2	18	3	6
	142	21	8.500000	68.250000	9.827327e+04	6.265072e-05
	239	57	32.750000	59.250000	9.726867e+04	6.742767e-05
	153	111	11.250000	45.750000	1.015466e+05	7.217048e-05
2022	2	18	3	9
	137	21	7.250000	68.250000	9.824488e+04	1.018376e-04
	244	54	34.000000	60.000000	9.729840e+04	9.876534e-05
	138	117	7.500000	44.250000	1.016949e+05	1.009530e-04
2022	2	18	5	12
	133	22	6.250000	68.000000	9.820012e+04	1.185664e-04
	134	22	6.500000	68.000000	9.820012e+04	1.185937e-04
	250	50	35.500000	61.000000	9.731409e+04	1.390705e-04
	122	51	3.500000	60.750000	9.840238e+04	1.242170e-04
	123	69	3.750000	56.250000	9.852380e+04	2.353769e-04
2022	2	18	6	15
	155	21	11.750000	68.250000	9.809891e+04	6.123247e-05
	135	24	6.750000	67.500000	9.809891e+04	1.142323e-04
	17	43	-22.750000	62.750000	9.943570e+04	1.299485e-04
	252	47	36.000000	61.750000	9.735669e+04	1.095349e-04
	125	53	4.250000	60.250000	9.831570e+04	1.323336e-04
	139	67	7.750000	56.750000	9.813114e+04	2.757671e-04
2022	2	18	5	18
	132	25	6.000000	67.250000	9.802892e+04	7.599288e-05
	255	43	36.750000	62.750000	9.730541e+04	9.164894e-05
	0	56	-27.000000	59.500000	9.878016e+04	9.505649e-05
	152	65	11.000000	57.250000	9.780445e+04	3.008570e-04
	153	65	11.250000	57.250000	9.780445e+04	2.917633e-04
2022	2	18	10	21
	134	26	6.500000	67.000000	9.799619e+04	8.527729e-05
	163	26	13.750000	67.000000	9.799619e+04	-4.017679e-05
	260	37	38.000000	64.250000	9.722942e+04	8.171971e-05
	0	50	-27.000000	61.000000	9.827277e+04	9.803229e-05
	164	64	14.000000	57.500000	9.776805e+04	2.770842e-04
	282	121	43.500000	43.250000	1.004398e+05	4.785131e-05
	274	127	41.500000	41.750000	1.004398e+05	-8.444138e-06
	47	136	-15.250000	39.500000	1.017993e+05	1.463001e-04
	255	137	36.750000	39.250000	1.010927e+05	-5.441762e-06
	243	146	33.750000	37.000000	1.011837e+05	6.789116e-05
2022	2	19	10	0
	163	26	13.750000	67.000000	9.801640e+04	-1.771049e-05
	135	28	6.750000	66.500000	9.801640e+04	1.107816e-04
	288	32	45.000000	65.500000	9.757715e+04	7.345272e-05
	263	33	38.750000	65.250000	9.712503e+04	9.140179e-05
	0	46	-27.000000	62.000000	9.811594e+04	1.153550e-04
	185	65	19.250000	57.250000	9.761823e+04	2.710795e-04
	282	121	43.500000	43.250000	1.004483e+05	3.662929e-05
	48	137	-15.000000	39.250000	1.018546e+05	1.756965e-04
	246	149	34.500000	36.250000	1.011757e+05	1.195186e-04
	260	153	38.000000	35.250000	1.011954e+05	-4.443904e-06
2022	2	19	10	3
	7	6	-25.250000	72.000000	1.004468e+05	1.071291e-05
	163	26	13.750000	67.000000	9.808087e+04	1.399761e-05
	135	28	6.750000	66.500000	9.808087e+04	1.010102e-04
	266	30	39.500000	66.000000	9.705021e+04	1.009439e-04
	1	43	-26.750000	62.750000	9.796095e+04	1.295226e-04
	18	46	-22.500000	62.000000	9.796095e+04	1.955471e-04
	192	64	21.000000	57.500000	9.756579e+04	1.848251e-04
	48	140	-15.000000	38.500000	1.018324e+05	1.426769e-04
	249	150	35.250000	36.000000	1.010506e+05	9.785532e-05
	255	157	36.750000	34.250000	1.010506e+05	-4.638271e-05
2022	2	19	7	6
	163	26	13.750000	67.000000	9.818976e+04	1.909981e-05
	270	28	40.500000	66.500000	9.701297e+04	1.011065e-04
	139	30	7.750000	66.000000	9.818976e+04	1.011888e-04
	0	39	-27.000000	63.750000	9.772830e+04	1.723816e-04
	210	65	25.500000	57.250000	9.778926e+04	2.289561e-04
	48	140	-15.000000	38.500000	1.018040e+05	1.654941e-04
	255	157	36.750000	34.250000	1.011505e+05	-1.307710e-05
2022	2	19	9	9
	273	23	41.250000	67.750000	9.703201e+04	6.733880e-05
	160	25	13.000000	67.250000	9.838484e+04	1.450088e-05
	145	31	9.250000	65.750000	9.838484e+04	4.401283e-05
	0	37	-27.000000	64.250000	9.778775e+04	1.042025e-04
	222	65	28.500000	57.250000	9.785757e+04	1.948552e-04
	191	98	20.750000	49.000000	1.004224e+05	-7.388657e-06
	137	117	7.250000	44.250000	1.016271e+05	1.169712e-04
	47	144	-15.250000	37.500000	1.019601e+05	1.241002e-04
	256	157	37.000000	34.250000	1.010374e+05	4.295475e-05
2022	2	19	7	12
	273	21	41.250000	68.250000	9.708679e+04	6.313447e-05
	146	32	9.500000	65.500000	9.860430e+04	9.463912e-05
	237	64	32.250000	57.500000	9.786675e+04	1.662007e-04
	157	107	12.250000	46.750000	1.013938e+05	1.812741e-05
	137	117	7.250000	44.250000	1.016204e+05	1.178258e-04
	44	142	-16.000000	38.000000	1.020562e+05	1.647375e-04
	262	162	38.500000	33.000000	1.008338e+05	1.420040e-05
2022	2	19	8	15
	278	20	42.500000	68.500000	9.715309e+04	8.546231e-05
	151	34	10.750000	65.000000	9.882275e+04	1.388626e-04
	0	54	-27.000000	60.000000	9.678282e+04	8.634064e-05
	252	64	36.000000	57.500000	9.783970e+04	1.293858e-04
	152	109	11.000000	46.250000	1.016969e+05	4.263790e-05
	135	120	6.750000	43.500000	1.015551e+05	9.104700e-05
	42	143	-16.500000	37.750000	1.019560e+05	1.568898e-04
	268	159	40.000000	33.750000	1.008485e+05	1.245318e-04
2022	2	19	7	18
	286	17	44.500000	69.250000	9.719502e+04	1.368527e-05
	261	63	38.250000	57.750000	9.792203e+04	1.424618e-04
	136	122	7.000000	43.000000	1.018488e+05	6.872217e-05
	148	126	10.000000	42.000000	1.018488e+05	5.490534e-05
	40	144	-17.000000	37.500000	1.020296e+05	1.449853e-04
	41	144	-16.750000	37.500000	1.020296e+05	1.325526e-04
	269	158	40.250000	34.000000	1.012278e+05	1.610034e-04
2022	2	19	8	21
	0	49	-27.000000	61.250000	9.554923e+04	7.256274e-05
	288	61	45.000000	58.250000	9.837999e+04	1.666237e-04
	271	62	40.750000	58.000000	9.799619e+04	1.429097e-04
	137	123	7.250000	42.750000	1.020754e+05	6.628717e-05
	149	125	10.250000	42.250000	1.020754e+05	5.473668e-05
	147	135	9.750000	39.750000	1.021627e+05	1.372182e-05
	35	145	-18.250000	37.250000	1.021659e+05	1.557629e-04
	276	162	42.000000	33.000000	1.013389e+05	4.957115e-06
2022	2	20	5	0
	288	16	45.000000	69.500000	9.742499e+04	-2.228825e-05
	27	39	-20.250000	63.750000	9.524494e+04	2.733300e-05
	0	47	-27.000000	61.750000	9.514322e+04	8.529925e-05
	282	59	43.500000	58.750000	9.803577e+04	1.895130e-04
	149	136	10.250000	39.500000	1.022195e+05	1.408824e-05
