2022	2	10	7	0
	7	6	-25.250000	72.000000	1.001406e+05	-1.278552e-05
	172	10	16.000000	71.000000	9.677345e+04	1.668022e-04
	9	14	-24.750000	70.000000	1.001406e+05	7.551583e-05
	146	22	9.500000	68.000000	9.646688e+04	4.620227e-04
	58	56	-12.500000	59.500000	9.865244e+04	4.337671e-04
	139	110	7.750000	46.000000	1.022763e+05	-7.506689e-05
	247	156	34.750000	34.500000	1.007929e+05	1.492997e-04
2022	2	10	6	6
	178	5	17.500000	72.250000	9.714745e+04	1.161912e-04
	8	6	-25.000000	72.000000	1.002533e+05	-2.133620e-05
	4	17	-26.000000	69.250000	1.002533e+05	4.229182e-05
	165	23	14.250000	67.750000	9.678913e+04	4.041313e-04
	75	59	-8.250000	58.750000	9.911130e+04	5.007210e-04
	158	106	12.500000	47.000000	1.021746e+05	-3.675755e-05
2022	2	10	9	12
	211	2	25.750000	73.000000	9.728073e+04	5.257469e-06
	178	4	17.500000	72.500000	9.728073e+04	2.020389e-04
	8	6	-25.000000	72.000000	1.001972e+05	-1.199569e-05
	188	28	20.000000	66.500000	9.757280e+04	1.976042e-04
	92	64	-4.000000	57.500000	9.998553e+04	3.407013e-04
	137	117	7.250000	44.250000	1.022085e+05	1.220079e-04
	284	139	44.000000	38.750000	1.007949e+05	1.947905e-05
	271	147	40.750000	36.750000	1.009003e+05	4.887945e-05
	268	155	40.000000	34.750000	1.009695e+05	4.239775e-05
2022	2	10	9	18
	212	0	26.000000	73.500000	9.753634e+04	1.101454e-05
	9	6	-24.750000	72.000000	9.999298e+04	-4.549031e-05
	187	6	19.750000	72.000000	9.753634e+04	1.688546e-04
	213	13	26.250000	70.250000	9.753634e+04	-1.331438e-05
	9	14	-24.750000	70.000000	9.977560e+04	-1.498776e-05
	40	16	-17.000000	69.500000	9.977560e+04	1.892588e-04
	208	30	25.000000	66.000000	9.808713e+04	1.838814e-04
	108	70	0.000000	56.000000	1.004387e+05	3.458772e-04
	87	156	-5.250000	34.500000	1.021084e+05	1.832782e-05
2022	2	11	5	0
	201	6	23.250000	72.000000	9.780585e+04	1.435602e-04
	47	12	-15.250000	70.500000	9.941141e+04	2.046475e-04
	0	69	-27.000000	56.250000	9.957194e+04	1.318857e-04
	122	77	3.500000	54.250000	1.010244e+05	2.848276e-04
	137	117	7.250000	44.250000	1.021983e+05	9.615110e-05
2022	2	11	6	6
	212	7	26.000000	71.750000	9.820102e+04	1.037712e-04
	53	13	-13.750000	70.250000	9.947981e+04	2.237727e-04
	89	17	-4.750000	69.250000	9.951196e+04	8.914816e-05
	0	59	-27.000000	58.750000	9.897430e+04	1.126246e-04
	133	83	6.250000	52.750000	1.017001e+05	2.168857e-04
	188	123	20.000000	42.750000	1.020817e+05	-4.191592e-06
2022	2	11	5	12
	240	2	33.000000	73.000000	9.860226e+04	4.478575e-05
	229	12	30.250000	70.500000	9.860226e+04	6.557658e-05
	101	16	-1.750000	69.500000	9.965348e+04	9.297085e-05
	20	56	-22.000000	59.500000	9.878788e+04	1.669922e-04
	135	119	6.750000	43.750000	1.020154e+05	8.683068e-05
2022	2	11	5	18
	247	0	34.750000	73.500000	9.879984e+04	3.844616e-05
	144	20	9.000000	68.500000	9.915384e+04	1.725613e-04
	16	53	-23.000000	60.250000	9.845348e+04	1.785234e-04
	18	61	-22.500000	58.250000	9.845348e+04	9.042647e-05
	134	123	6.500000	42.750000	1.021101e+05	7.105192e-05
2022	2	12	4	0
	256	7	37.000000	71.750000	9.895136e+04	1.347257e-05
	154	20	11.500000	68.500000	9.878612e+04	3.818362e-04
	11	57	-24.250000	59.250000	9.848093e+04	2.398596e-04
	32	57	-19.000000	59.250000	9.848093e+04	1.201435e-04
2022	2	12	4	6
	257	9	37.250000	71.250000	9.902565e+04	2.737155e-05
	168	22	15.000000	68.000000	9.917109e+04	2.498380e-04
	43	53	-16.250000	60.250000	9.838351e+04	1.497161e-04
	269	89	40.250000	51.250000	1.004763e+05	1.974269e-04
2022	2	12	3	12
	254	12	36.500000	70.500000	9.914777e+04	6.389608e-05
	61	52	-11.750000	60.500000	9.843722e+04	1.416671e-04
	287	89	44.750000	51.250000	1.000929e+05	1.788673e-04
2022	2	12	3	18
	258	15	37.500000	69.750000	9.927066e+04	7.511217e-05
	72	51	-9.000000	60.750000	9.835195e+04	1.686345e-04
	6	94	-25.500000	50.000000	9.967544e+04	1.860350e-04
2022	2	13	3	0
	278	8	42.500000	71.500000	9.945453e+04	5.058075e-05
	26	92	-20.500000	50.500000	9.911738e+04	2.186124e-04
	35	101	-18.250000	48.250000	9.911738e+04	1.148174e-04
2022	2	13	4	6
	39	36	-17.250000	64.500000	1.000681e+05	2.512580e-05
	110	46	0.500000	62.000000	9.828550e+04	1.807246e-04
	0	57	-27.000000	59.250000	9.989223e+04	1.134339e-04
	51	88	-14.250000	51.500000	9.838723e+04	1.494322e-04
2022	2	13	7	12
	166	33	14.500000	65.250000	9.840037e+04	8.902490e-05
	40	36	-17.000000	64.500000	1.002739e+05	6.862340e-06
	119	47	2.750000	61.750000	9.841506e+04	2.111943e-04
	2	56	-26.500000	59.500000	9.998102e+04	1.656095e-04
	67	87	-10.250000	51.750000	9.786034e+04	2.670277e-04
	64	95	-11.000000	49.750000	9.786034e+04	1.407034e-04
	278	121	42.500000	43.250000	1.024414e+05	3.353329e-06
2022	2	13	4	18
	6	14	-25.500000	70.000000	9.949059e+04	5.877587e-05
	213	28	26.250000	66.500000	9.850660e+04	1.320358e-04
	4	54	-26.000000	60.000000	9.985341e+04	1.763614e-04
	73	89	-8.750000	51.250000	9.768119e+04	3.007363e-04
2022	2	14	6	0
	1	17	-26.750000	69.250000	9.981382e+04	8.736194e-06
	226	26	29.500000	67.000000	9.851190e+04	9.425326e-05
	3	49	-26.250000	61.250000	9.958645e+04	1.466695e-04
	0	60	-27.000000	58.500000	9.969034e+04	-3.815475e-05
	96	80	-3.000000	53.500000	9.774548e+04	1.483144e-04
	94	88	-3.500000	51.500000	9.774548e+04	1.444265e-04
2022	2	14	5	6
	6	7	-25.500000	71.750000	1.000649e+05	-3.335478e-05
	252	12	36.000000	70.500000	9.849445e+04	1.680440e-04
	0	17	-27.000000	69.250000	9.979657e+04	3.152735e-05
	240	25	33.000000	67.250000	9.853816e+04	7.737333e-05
	108	84	0.000000	52.500000	9.779547e+04	1.404013e-04
2022	2	14	5	12
	7	6	-25.250000	72.000000	1.002535e+05	4.363319e-05
	258	7	37.500000	71.750000	9.833902e+04	2.112422e-04
	4	62	-26.000000	58.000000	9.802226e+04	2.010864e-04
	128	65	5.000000	57.250000	9.806479e+04	1.522343e-04
	123	78	3.750000	54.000000	9.804362e+04	9.942769e-05
2022	2	14	7	18
	261	6	38.250000	72.000000	9.828002e+04	2.447114e-04
	5	56	-25.750000	59.500000	9.782938e+04	1.908738e-04
	34	63	-18.500000	57.750000	9.783310e+04	2.039897e-04
	129	65	5.250000	57.250000	9.803519e+04	2.075059e-04
	151	116	10.750000	44.500000	1.007984e+05	8.892156e-05
	138	119	7.500000	43.750000	1.009805e+05	1.172347e-04
	280	121	43.000000	43.250000	1.017459e+05	6.620113e-06
2022	2	15	5	0
	270	5	40.500000	72.250000	9.830393e+04	2.369211e-04
	26	58	-20.500000	59.000000	9.773451e+04	2.764767e-04
	153	63	11.250000	57.750000	9.819377e+04	8.311745e-05
	136	66	7.000000	57.000000	9.819377e+04	1.468093e-04
	280	121	43.000000	43.250000	1.016891e+05	9.945324e-06
2022	2	15	9	6
	278	2	42.500000	73.000000	9.834588e+04	1.749021e-04
	116	51	2.000000	60.750000	9.813986e+04	2.056411e-04
	23	54	-21.250000	60.000000	9.791660e+04	2.551233e-04
	172	61	16.000000	58.250000	9.837488e+04	1.170809e-04
	151	64	10.750000	57.500000	9.837488e+04	1.208534e-04
	68	69	-10.000000	56.250000	9.801834e+04	1.760449e-04
	282	122	43.500000	43.000000	1.017346e+05	3.161077e-06
	273	130	41.250000	41.000000	1.017346e+05	1.964195e-05
	264	137	39.000000	39.250000	1.018263e+05	-9.408613e-06
2022	2	15	9	12
	279	0	42.750000	73.500000	9.847309e+04	9.691466e-05
	225	1	29.250000	73.250000	9.862166e+04	2.191693e-04
	4	43	-26.000000	62.750000	9.800618e+04	1.502625e-04
	189	51	20.250000	60.750000	9.841879e+04	1.387831e-04
	108	52	0.000000	60.500000	9.808066e+04	2.087301e-04
	79	71	-7.250000	55.750000	9.834430e+04	2.045448e-04
	122	76	3.500000	54.500000	9.808282e+04	1.625009e-04
	278	128	42.500000	41.500000	1.015683e+05	1.006196e-05
	265	162	39.250000	33.000000	1.015419e+05	3.862449e-05
2022	2	15	7	18
	283	0	43.750000	73.500000	9.872340e+04	-2.554127e-06
	239	6	32.750000	72.000000	9.879984e+04	1.935116e-04
	193	49	21.250000	61.250000	9.851248e+04	1.964414e-04
	110	52	0.500000	60.500000	9.814045e+04	2.281261e-04
	132	74	6.000000	55.000000	9.794248e+04	2.318266e-04
	280	121	43.000000	43.250000	1.015791e+05	1.563534e-05
	273	130	41.250000	41.000000	1.015791e+05	2.661563e-05
2022	2	16	6	0
	262	8	38.500000	71.500000	9.910366e+04	1.510806e-04
	203	45	23.750000	62.250000	9.885022e+04	1.251607e-04
	110	53	0.500000	60.250000	9.831040e+04	1.942346e-04
	10	68	-24.500000	56.500000	9.683873e+04	2.241598e-04
	143	72	8.750000	55.500000	9.819573e+04	2.046231e-04
	281	121	43.250000	43.250000	1.014262e+05	1.720628e-06
2022	2	16	6	6
	208	43	25.000000	62.750000	9.923793e+04	8.082467e-05
	113	53	1.250000	60.250000	9.836783e+04	2.258746e-04
	20	65	-22.000000	57.250000	9.637809e+04	3.174171e-04
	156	65	12.000000	57.250000	9.843251e+04	1.250502e-04
	53	75	-13.750000	54.750000	9.659841e+04	2.463460e-04
	281	121	43.250000	43.250000	1.014431e+05	-8.999853e-07
2022	2	16	6	12
	288	30	45.000000	66.000000	9.981166e+04	8.462811e-05
	0	43	-27.000000	62.750000	9.800206e+04	5.177288e-05
	164	62	14.000000	58.000000	9.860148e+04	8.557522e-05
	47	65	-15.250000	57.250000	9.596744e+04	2.227969e-04
	64	65	-11.000000	57.250000	9.596744e+04	3.423018e-04
	277	119	42.250000	43.750000	1.013094e+05	3.155860e-05
2022	2	16	4	18
	288	33	45.000000	65.250000	1.002241e+05	4.412798e-05
	0	37	-27.000000	64.250000	9.833391e+04	1.105845e-04
	173	60	16.250000	58.500000	9.862265e+04	7.676034e-05
	64	66	-11.000000	57.000000	9.634183e+04	3.922385e-04
2022	2	17	7	0
	180	50	18.000000	61.000000	9.848465e+04	5.804673e-05
	179	58	17.750000	59.000000	9.848465e+04	6.007491e-05
	76	70	-8.000000	56.000000	9.740030e+04	2.721248e-04
	123	72	3.750000	55.500000	9.719213e+04	2.692489e-04
	0	94	-27.000000	50.000000	9.942159e+04	2.520277e-05
	7	101	-25.250000	48.250000	9.899997e+04	2.567571e-04
	138	117	7.500000	44.250000	1.003041e+05	1.025379e-04
2022	2	17	5	6
	184	52	19.000000	60.500000	9.843310e+04	7.266123e-05
	39	65	-17.250000	57.250000	9.856678e+04	1.532943e-04
	130	73	5.500000	55.250000	9.772334e+04	2.605174e-04
	149	76	10.250000	54.500000	9.772334e+04	1.333521e-04
	24	92	-21.000000	50.500000	9.790210e+04	3.800258e-04
2022	2	17	4	12
	185	47	19.250000	61.750000	9.861441e+04	6.371884e-05
	39	61	-17.250000	58.250000	9.832921e+04	1.779456e-04
	179	75	17.750000	54.750000	9.834823e+04	1.612779e-04
	45	87	-15.750000	51.750000	9.790661e+04	4.229789e-04
2022	2	17	6	18
	200	31	23.000000	65.750000	9.884512e+04	1.678415e-05
	288	31	45.000000	65.750000	1.007192e+05	-2.943416e-05
	184	46	19.000000	62.000000	9.879141e+04	4.477343e-05
	35	59	-18.250000	58.750000	9.798560e+04	2.967171e-04
	186	72	19.500000	55.500000	9.871791e+04	1.741072e-04
	79	75	-7.250000	54.750000	9.781056e+04	2.243868e-04
2022	2	18	5	0
	201	30	23.250000	66.000000	9.885002e+04	2.868753e-05
	187	44	19.750000	62.500000	9.880513e+04	7.511504e-05
	44	59	-16.000000	58.750000	9.805793e+04	3.542787e-04
	111	70	0.750000	56.000000	9.779880e+04	1.756171e-04
	13	132	-23.750000	40.500000	1.009325e+05	1.384476e-04
2022	2	18	6	6
	152	28	11.000000	66.500000	9.888805e+04	8.126305e-05
	188	41	20.000000	63.250000	9.867674e+04	7.869098e-05
	53	57	-13.750000	59.250000	9.832255e+04	3.121679e-04
	145	72	9.250000	55.500000	9.782154e+04	1.703884e-04
	17	129	-22.750000	41.250000	1.006524e+05	1.362799e-04
	224	140	29.000000	38.500000	1.000073e+05	1.202824e-04
2022	2	18	6	12
	153	27	11.250000	66.750000	9.889570e+04	1.322496e-04
	209	42	25.250000	63.000000	9.859795e+04	1.696371e-04
	33	52	-18.750000	60.500000	9.903741e+04	2.070567e-04
	65	55	-10.750000	59.750000	9.860344e+04	3.336469e-04
	182	76	18.500000	54.500000	9.833803e+04	2.111223e-04
	230	149	30.500000	36.250000	9.965211e+04	1.373479e-04
2022	2	18	6	18
	229	11	30.250000	70.750000	9.895685e+04	1.324727e-04
	153	27	11.250000	66.750000	9.895175e+04	1.335905e-04
	211	35	25.750000	64.750000	9.847073e+04	2.169175e-04
	74	52	-8.500000	60.500000	9.869086e+04	3.909775e-04
	205	77	24.250000	54.250000	9.877162e+04	1.357836e-04
	237	151	32.250000	35.750000	9.984127e+04	1.659686e-04
2022	2	19	5	0
	213	32	26.250000	65.500000	9.847466e+04	2.140517e-04
	152	33	11.000000	65.250000	9.906681e+04	1.615728e-04
	81	52	-6.750000	60.500000	9.878141e+04	4.404701e-04
	218	79	27.500000	53.750000	9.916541e+04	1.266470e-04
	240	156	33.000000	34.500000	1.001043e+05	1.922975e-04
2022	2	19	7	6
	221	29	28.250000	66.250000	9.855894e+04	1.410373e-04
	84	54	-6.000000	60.000000	9.906368e+04	4.565672e-04
	137	117	7.250000	44.250000	1.012273e+05	1.062463e-04
	279	119	42.750000	43.750000	1.004030e+05	4.293868e-05
	247	152	34.750000	35.500000	1.005534e+05	1.172755e-04
	9	156	-24.750000	34.500000	1.009272e+05	1.213262e-04
	248	160	35.000000	33.500000	1.005534e+05	1.191727e-04
2022	2	19	5	12
	229	14	30.250000	70.000000	9.855052e+04	7.914355e-05
	244	21	34.000000	68.250000	9.855052e+04	1.083692e-04
	84	59	-6.000000	58.750000	9.971288e+04	3.592493e-04
	123	92	3.750000	50.500000	1.002272e+05	1.817957e-04
	266	156	39.500000	34.500000	1.006843e+05	5.892913e-05
2022	2	19	4	18
	7	6	-25.250000	72.000000	9.977755e+04	7.372397e-05
	250	17	35.500000	69.250000	9.863970e+04	1.489521e-04
	82	67	-6.500000	56.750000	1.005565e+05	2.843531e-04
	143	87	8.750000	51.750000	9.989830e+04	1.830715e-04
2022	2	20	6	0
	2	6	-26.500000	72.000000	9.878534e+04	-4.788168e-06
	3	14	-26.250000	70.000000	9.792660e+04	6.295213e-05
	265	14	39.250000	70.000000	9.883297e+04	8.349474e-05
	0	28	-27.000000	66.500000	9.790327e+04	1.058659e-04
	158	86	12.500000	52.000000	9.989673e+04	1.202552e-04
	286	162	44.500000	33.000000	1.007743e+05	8.697685e-05
