2022	2	16	5	0
	55	39	-13.250000	63.750000	9.743245e+04	3.306251e-04
	185	43	19.250000	62.750000	9.905312e+04	1.513017e-04
	118	53	2.500000	60.250000	9.802690e+04	1.607417e-04
	65	67	-10.750000	56.750000	9.724970e+04	3.343271e-04
	280	121	43.000000	43.250000	1.021322e+05	1.989859e-05
2022	2	16	8	3
	50	37	-14.500000	64.250000	9.728194e+04	3.933897e-04
	189	42	20.250000	63.000000	9.902895e+04	1.145899e-04
	121	52	3.250000	60.500000	9.795468e+04	1.596771e-04
	74	67	-8.500000	56.750000	9.736844e+04	2.641450e-04
	89	70	-4.750000	56.000000	9.736844e+04	2.147620e-04
	189	106	20.250000	47.000000	1.014096e+05	1.645858e-05
	280	121	43.000000	43.250000	1.021839e+05	2.590342e-05
	174	122	16.500000	43.000000	1.014096e+05	5.116420e-05
2022	2	16	4	6
	44	37	-16.000000	64.250000	9.757642e+04	2.790378e-04
	84	66	-6.000000	57.000000	9.765427e+04	2.702086e-04
	101	68	-1.750000	56.500000	9.765427e+04	2.191409e-04
	280	121	43.000000	43.250000	1.022866e+05	2.762482e-05
2022	2	16	6	9
	36	33	-18.000000	65.250000	9.762751e+04	2.724243e-04
	48	62	-15.000000	58.000000	9.752123e+04	1.004372e-04
	115	67	1.750000	56.750000	9.764834e+04	2.214318e-04
	53	71	-13.750000	55.750000	9.752123e+04	1.850805e-04
	137	116	7.250000	44.500000	1.012112e+05	7.690543e-05
	181	137	18.250000	39.250000	1.014820e+05	1.618965e-04
2022	2	16	6	12
	25	30	-20.750000	66.000000	9.769592e+04	2.098085e-04
	53	61	-13.750000	58.250000	9.703807e+04	1.485220e-04
	126	67	4.500000	56.750000	9.760242e+04	2.186385e-04
	67	68	-10.250000	56.500000	9.703807e+04	2.838931e-04
	137	117	7.250000	44.250000	1.012564e+05	1.026922e-04
	183	135	18.750000	39.750000	1.012184e+05	1.716600e-04
2022	2	16	5	15
	16	28	-23.000000	66.500000	9.783305e+04	2.173025e-04
	62	61	-11.500000	58.250000	9.668855e+04	1.997192e-04
	82	66	-6.500000	57.000000	9.668855e+04	3.372603e-04
	137	67	7.250000	56.750000	9.746954e+04	2.031557e-04
	184	134	19.000000	40.000000	1.010499e+05	1.587993e-04
2022	2	16	4	18
	5	27	-25.750000	66.750000	9.795012e+04	2.390418e-04
	72	61	-9.000000	58.250000	9.721291e+04	2.559738e-04
	100	67	-2.000000	56.750000	9.679619e+04	3.033712e-04
	185	135	19.250000	39.750000	1.010831e+05	1.344072e-04
2022	2	16	5	21
	79	62	-7.250000	58.000000	9.739763e+04	2.462667e-04
	116	67	2.000000	56.750000	9.673674e+04	2.634435e-04
	141	67	8.250000	56.750000	9.679984e+04	1.675507e-04
	137	117	7.250000	44.250000	1.010513e+05	4.941548e-05
	184	134	19.000000	40.000000	1.011211e+05	1.315297e-04
2022	2	17	5	0
	288	9	45.000000	71.250000	9.904567e+04	1.117597e-04
	161	66	13.250000	57.000000	9.675134e+04	1.882058e-04
	130	68	5.500000	56.500000	9.675164e+04	3.197266e-04
	137	117	7.250000	44.250000	1.009870e+05	7.315022e-05
	183	134	18.750000	40.000000	1.011189e+05	1.377036e-04
2022	2	17	2	3
	127	41	4.750000	63.250000	9.728847e+04	1.186707e-04
	177	65	17.250000	57.250000	9.645563e+04	1.740644e-04
2022	2	17	3	6
	128	40	5.000000	63.500000	9.732663e+04	1.228756e-04
	191	65	20.750000	57.250000	9.603998e+04	2.249099e-04
	0	104	-27.000000	47.500000	9.989888e+04	9.753335e-05
2022	2	17	5	9
	6	7	-25.500000	71.750000	1.003427e+05	6.705337e-06
	129	40	5.250000	63.500000	9.741451e+04	1.205597e-04
	198	62	22.500000	58.000000	9.581877e+04	2.432198e-04
	6	100	-25.500000	48.500000	9.925183e+04	3.571506e-04
	278	120	42.500000	43.500000	1.015953e+05	-5.400508e-06
2022	2	17	3	12
	131	40	5.750000	63.500000	9.757277e+04	1.037129e-04
	204	58	24.000000	59.000000	9.575430e+04	2.344132e-04
	14	95	-23.500000	49.750000	9.855293e+04	4.191359e-04
2022	2	17	3	15
	18	52	-22.500000	60.500000	9.940766e+04	1.149614e-04
	208	54	25.000000	60.000000	9.580037e+04	2.097960e-04
	25	89	-20.750000	51.250000	9.807084e+04	4.222311e-04
2022	2	17	4	18
	211	49	25.750000	61.250000	9.595575e+04	2.165704e-04
	17	54	-22.750000	60.000000	9.913583e+04	2.223487e-04
	34	57	-18.500000	59.250000	9.913583e+04	1.422322e-04
	32	88	-19.000000	51.500000	9.737756e+04	5.879411e-04
2022	2	17	3	21
	212	46	26.000000	62.000000	9.604955e+04	2.002828e-04
	34	55	-18.500000	59.750000	9.880348e+04	1.330070e-04
	44	82	-16.000000	53.000000	9.665555e+04	5.006504e-04
2022	2	18	2	0
	212	43	26.000000	62.750000	9.612648e+04	1.470630e-04
	54	77	-13.500000	54.250000	9.583062e+04	4.615831e-04
2022	2	18	3	3
	215	43	26.750000	62.750000	9.622059e+04	1.535580e-04
	24	50	-21.000000	61.000000	9.803662e+04	3.004107e-04
	64	74	-11.000000	55.000000	9.544234e+04	4.735199e-04
2022	2	18	6	6
	218	42	27.500000	63.000000	9.632716e+04	1.314594e-04
	20	49	-22.000000	61.250000	9.787243e+04	3.012181e-04
	75	71	-8.250000	55.750000	9.544234e+04	4.218360e-04
	141	107	8.250000	46.750000	1.013294e+05	-8.491400e-05
	134	119	6.500000	43.750000	1.015154e+05	7.835015e-05
	250	161	35.500000	33.250000	1.009002e+05	8.124178e-06
2022	2	18	7	9
	141	23	8.250000	67.750000	9.796852e+04	1.057116e-04
	223	41	28.750000	63.250000	9.649547e+04	1.233001e-04
	21	48	-21.750000	61.500000	9.780249e+04	2.920871e-04
	84	69	-6.000000	56.250000	9.581588e+04	2.970653e-04
	140	107	8.000000	46.750000	1.010008e+05	-1.034420e-04
	287	143	44.750000	37.750000	1.012433e+05	7.367743e-06
	259	162	37.750000	33.000000	1.007541e+05	-2.401489e-05
2022	2	18	5	12
	6	7	-25.500000	71.750000	1.003028e+05	-4.620349e-05
	227	37	29.750000	64.250000	9.663519e+04	1.377138e-04
	21	48	-21.750000	61.500000	9.775962e+04	3.390592e-04
	105	63	-0.750000	57.750000	9.589980e+04	2.596782e-04
	257	162	37.250000	33.000000	1.004471e+05	-7.581497e-06
2022	2	18	8	15
	6	7	-25.500000	71.750000	1.002831e+05	-5.963867e-05
	230	34	30.500000	65.000000	9.673902e+04	1.369546e-04
	0	44	-27.000000	62.500000	9.835529e+04	9.000455e-05
	19	46	-22.250000	62.000000	9.768528e+04	3.428798e-04
	119	61	2.750000	58.250000	9.587730e+04	2.043831e-04
	104	131	-1.000000	40.750000	1.014064e+05	2.176151e-05
	233	137	31.250000	39.250000	1.005960e+05	3.154313e-06
	225	142	29.250000	38.000000	1.005960e+05	2.762468e-05
2022	2	18	6	18
	6	7	-25.500000	71.750000	1.002533e+05	-6.258288e-05
	232	31	31.000000	65.750000	9.676016e+04	6.548571e-05
	16	44	-23.000000	62.500000	9.759786e+04	2.945948e-04
	0	57	-27.000000	59.250000	9.806202e+04	7.785689e-05
	129	60	5.250000	58.500000	9.597536e+04	1.771099e-04
	219	147	27.750000	36.750000	1.007025e+05	1.927942e-04
2022	2	18	4	21
	6	7	-25.500000	71.750000	1.003057e+05	-4.777731e-05
	232	29	31.000000	66.250000	9.679102e+04	4.950581e-05
	13	43	-23.750000	62.750000	9.751180e+04	2.532102e-04
	138	62	7.500000	58.000000	9.618288e+04	1.627460e-04
2022	2	19	6	0
	6	7	-25.500000	71.750000	1.002820e+05	-8.035818e-06
	230	26	30.500000	67.000000	9.685928e+04	8.138760e-05
	8	41	-25.000000	63.250000	9.740782e+04	2.980943e-04
	11	51	-24.250000	60.750000	9.740782e+04	1.240306e-04
	152	60	11.000000	58.500000	9.634237e+04	2.260929e-04
	137	117	7.250000	44.250000	1.015255e+05	1.258196e-04
2022	2	19	7	3
	2	6	-26.500000	72.000000	1.002718e+05	3.890126e-05
	231	24	30.750000	67.500000	9.684636e+04	4.678916e-05
	0	40	-27.000000	63.500000	9.744902e+04	1.963138e-04
	13	50	-23.750000	61.000000	9.739824e+04	2.217986e-04
	189	51	20.250000	60.750000	9.662728e+04	1.354723e-04
	163	59	13.750000	58.750000	9.657361e+04	1.956277e-04
	137	117	7.250000	44.250000	1.014239e+05	1.155812e-04
2022	2	19	9	6
	241	15	33.250000	69.750000	9.690230e+04	6.202458e-05
	14	50	-23.500000	61.000000	9.757202e+04	2.444621e-04
	193	51	21.250000	60.750000	9.686749e+04	1.124831e-04
	38	53	-17.500000	60.250000	9.758889e+04	2.027583e-04
	182	57	18.500000	59.250000	9.686749e+04	8.516030e-05
	150	109	10.500000	46.250000	1.015717e+05	1.696211e-05
	137	117	7.250000	44.250000	1.014615e+05	9.262491e-05
	118	143	2.500000	37.750000	1.015313e+05	1.616102e-05
	97	146	-2.750000	37.000000	1.015355e+05	7.762513e-05
2022	2	19	8	9
	6	7	-25.500000	71.750000	1.002665e+05	-1.483272e-05
	241	14	33.250000	70.000000	9.696252e+04	6.409881e-05
	201	49	23.250000	61.250000	9.701025e+04	1.029509e-04
	18	51	-22.500000	60.750000	9.792093e+04	1.946302e-04
	39	52	-17.250000	60.500000	9.792093e+04	1.923003e-04
	137	117	7.250000	44.250000	1.016786e+05	9.661917e-05
	118	143	2.500000	37.750000	1.017248e+05	2.266192e-05
	95	146	-3.250000	37.000000	1.017704e+05	8.708949e-05
2022	2	19	7	12
	239	14	32.750000	70.000000	9.701390e+04	9.852257e-05
	157	23	12.250000	67.750000	9.746666e+04	9.380012e-05
	212	48	26.000000	61.500000	9.716046e+04	1.375275e-04
	40	52	-17.000000	60.500000	9.810276e+04	1.979863e-04
	76	58	-8.000000	59.000000	9.819793e+04	1.957769e-04
	135	118	6.750000	44.000000	1.016649e+05	1.157567e-04
	268	162	40.000000	33.000000	1.004812e+05	8.509336e-05
2022	2	19	7	15
	6	7	-25.500000	71.750000	1.002150e+05	-1.177674e-05
	240	13	33.000000	70.250000	9.707395e+04	1.138818e-04
	157	23	12.250000	67.750000	9.752412e+04	9.276971e-05
	222	47	28.500000	61.750000	9.730534e+04	1.329235e-04
	84	58	-6.000000	59.000000	9.841823e+04	2.128190e-04
	135	118	6.750000	44.000000	1.016562e+05	1.093046e-04
	266	162	39.500000	33.000000	1.006124e+05	1.165586e-04
2022	2	19	8	18
	236	14	32.000000	70.000000	9.712291e+04	1.298733e-04
	158	22	12.500000	68.000000	9.753340e+04	1.015336e-04
	157	23	12.250000	67.750000	9.753340e+04	9.462459e-05
	229	45	30.250000	62.250000	9.736053e+04	1.352438e-04
	0	56	-27.000000	59.500000	9.652922e+04	1.151110e-04
	122	65	3.500000	57.250000	9.856099e+04	2.132041e-04
	88	140	-5.000000	38.500000	1.019734e+05	4.028435e-05
	269	162	40.250000	33.000000	1.008638e+05	9.619307e-05
2022	2	19	8	21
	235	15	31.750000	69.750000	9.714845e+04	1.388351e-04
	154	23	11.500000	67.750000	9.759543e+04	1.189969e-04
	238	43	32.500000	62.750000	9.738912e+04	1.081254e-04
	239	43	32.750000	62.750000	9.738912e+04	9.785678e-05
	0	53	-27.000000	60.250000	9.572162e+04	1.570566e-04
	130	65	5.500000	57.250000	9.866012e+04	2.159215e-04
	146	139	9.500000	38.750000	1.018869e+05	1.029275e-04
	272	161	41.000000	33.250000	1.009508e+05	6.750869e-05
2022	2	20	9	0
	233	16	31.250000	69.500000	9.720485e+04	1.307477e-04
	153	26	11.250000	67.000000	9.767707e+04	1.427019e-04
	245	42	34.250000	63.000000	9.739034e+04	1.056183e-04
	1	51	-26.750000	60.750000	9.544887e+04	1.178186e-04
	10	58	-24.500000	59.000000	9.544887e+04	2.891473e-04
	155	66	11.750000	57.000000	9.879238e+04	1.717684e-04
	147	139	9.750000	38.750000	1.018831e+05	9.784955e-05
	69	151	-9.750000	35.750000	1.022513e+05	1.038213e-04
	277	160	42.250000	33.500000	1.009829e+05	5.042904e-05
