2022	2	16	6	0
	53	38	-13.750000	64.000000	9.769368e+04	2.703783e-04
	185	43	19.250000	62.750000	9.908877e+04	1.482141e-04
	121	51	3.250000	60.750000	9.808861e+04	1.366618e-04
	64	68	-11.000000	56.500000	9.713596e+04	3.488906e-04
	280	121	43.000000	43.250000	1.021211e+05	3.154770e-05
	172	123	16.000000	42.750000	1.015139e+05	3.579752e-05
2022	2	16	4	3
	190	41	20.500000	63.250000	9.901798e+04	1.498080e-04
	120	50	3.000000	61.000000	9.794910e+04	1.122084e-04
	75	67	-8.250000	56.750000	9.714838e+04	3.054028e-04
	280	121	43.000000	43.250000	1.021641e+05	2.910535e-05
2022	2	16	2	6
	99	67	-2.250000	56.750000	9.737802e+04	2.411679e-04
	179	137	17.750000	39.250000	1.014827e+05	1.065764e-04
2022	2	16	5	9
	111	66	0.750000	57.000000	9.734561e+04	2.568329e-04
	48	67	-15.000000	56.750000	9.764523e+04	1.772396e-04
	202	125	23.500000	42.250000	1.015966e+05	-6.787203e-05
	182	127	18.500000	41.750000	1.014190e+05	9.490150e-05
	181	135	18.250000	39.750000	1.014190e+05	1.519262e-04
2022	2	16	4	12
	71	58	-9.250000	59.000000	9.735049e+04	7.424778e-05
	121	66	3.250000	57.000000	9.718676e+04	2.388989e-04
	65	68	-10.750000	56.500000	9.735049e+04	2.323402e-04
	183	134	18.750000	40.000000	1.011896e+05	1.526779e-04
2022	2	16	5	15
	124	44	4.000000	62.500000	9.741403e+04	1.147560e-04
	76	58	-8.000000	59.000000	9.706518e+04	4.420337e-05
	78	66	-7.500000	57.000000	9.706518e+04	2.579388e-04
	132	66	6.000000	57.000000	9.708752e+04	2.558175e-04
	185	132	19.250000	40.500000	1.011073e+05	9.814314e-05
2022	2	16	6	18
	125	42	4.250000	63.000000	9.731259e+04	1.465225e-04
	90	66	-4.500000	57.000000	9.725612e+04	2.895049e-04
	155	66	11.750000	57.000000	9.693511e+04	2.195493e-04
	136	116	7.000000	44.500000	1.012666e+05	3.638440e-05
	279	120	42.750000	43.500000	1.022075e+05	-2.618736e-05
	183	131	18.750000	40.750000	1.011959e+05	9.136758e-05
2022	2	16	5	21
	125	41	4.250000	63.250000	9.724039e+04	1.464142e-04
	164	65	14.000000	57.250000	9.671161e+04	2.826649e-04
	119	68	2.750000	56.500000	9.715467e+04	1.996446e-04
	138	117	7.500000	44.250000	1.011311e+05	2.524455e-05
	182	130	18.500000	41.000000	1.012281e+05	9.708923e-05
2022	2	17	7	0
	288	10	45.000000	71.000000	9.901185e+04	1.065969e-04
	123	39	3.750000	63.750000	9.724762e+04	1.524300e-04
	181	62	18.250000	58.000000	9.650290e+04	2.333948e-04
	182	62	18.500000	58.000000	9.650290e+04	2.332923e-04
	129	68	5.250000	56.500000	9.712794e+04	2.397614e-04
	150	109	10.500000	46.250000	1.003256e+05	1.513921e-05
	137	117	7.250000	44.250000	1.011405e+05	5.987869e-05
2022	2	17	6	3
	287	11	44.750000	70.750000	9.907413e+04	1.308771e-04
	121	39	3.250000	63.750000	9.721538e+04	1.267415e-04
	144	42	9.000000	63.000000	9.721538e+04	6.248966e-05
	190	58	20.500000	59.000000	9.623458e+04	2.553605e-04
	136	70	7.000000	56.000000	9.720642e+04	2.531322e-04
	137	117	7.250000	44.250000	1.009769e+05	1.196961e-04
2022	2	17	6	6
	285	11	44.250000	70.750000	9.911896e+04	1.421605e-04
	121	39	3.250000	63.750000	9.721114e+04	1.628217e-04
	193	57	21.250000	59.250000	9.609805e+04	2.238278e-04
	0	117	-27.000000	44.250000	1.009843e+05	8.775347e-05
	138	117	7.500000	44.250000	1.007284e+05	7.173731e-05
	279	121	42.750000	43.250000	1.016831e+05	-2.632969e-05
2022	2	17	4	9
	121	39	3.250000	63.750000	9.728962e+04	1.579502e-04
	197	55	22.250000	59.750000	9.609004e+04	2.440746e-04
	5	113	-25.750000	45.250000	1.002201e+05	2.388169e-04
	278	120	42.500000	43.500000	1.015851e+05	-2.312812e-05
2022	2	17	4	12
	123	40	3.750000	63.500000	9.739264e+04	1.519926e-04
	202	55	23.500000	59.750000	9.610246e+04	1.827856e-04
	12	108	-24.000000	46.500000	9.954315e+04	2.715901e-04
	279	120	42.750000	43.500000	1.013936e+05	-1.393346e-05
2022	2	17	3	15
	123	40	3.750000	63.500000	9.749503e+04	1.411475e-04
	209	52	25.250000	60.500000	9.608894e+04	2.913972e-05
	20	103	-22.000000	47.750000	9.889625e+04	3.550244e-04
2022	2	17	3	18
	125	40	4.250000	63.500000	9.764602e+04	1.400287e-04
	213	47	26.250000	61.750000	9.607981e+04	3.306332e-05
	28	100	-20.000000	48.500000	9.830691e+04	4.635653e-04
2022	2	17	4	21
	218	44	27.500000	62.500000	9.600636e+04	8.731195e-05
	219	44	27.750000	62.500000	9.600636e+04	8.880703e-05
	36	98	-18.000000	49.000000	9.818707e+04	5.447771e-04
	158	108	12.500000	46.500000	1.009230e+05	-2.141385e-05
2022	2	18	2	0
	218	42	27.500000	63.000000	9.597727e+04	1.021011e-04
	46	95	-15.500000	49.750000	9.800179e+04	6.206689e-04
2022	2	18	2	3
	219	39	27.750000	63.750000	9.599771e+04	1.460356e-04
	58	93	-12.500000	50.250000	9.794234e+04	5.941131e-04
2022	2	18	4	6
	219	38	27.750000	64.000000	9.604411e+04	1.326553e-04
	79	83	-7.250000	52.750000	9.788666e+04	2.644106e-04
	71	90	-9.250000	51.000000	9.788666e+04	4.877533e-04
	137	117	7.250000	44.250000	1.013369e+05	1.005363e-04
2022	2	18	4	9
	146	27	9.500000	66.750000	9.794957e+04	5.149009e-05
	218	37	27.500000	64.250000	9.617938e+04	1.479950e-04
	89	79	-4.750000	53.750000	9.776194e+04	3.131999e-04
	103	79	-1.250000	53.750000	9.776194e+04	1.659896e-04
2022	2	18	3	12
	146	26	9.500000	67.000000	9.795382e+04	3.637410e-05
	220	37	28.000000	64.250000	9.633712e+04	1.243836e-04
	107	75	-0.250000	54.750000	9.761755e+04	2.188296e-04
2022	2	18	5	15
	137	29	7.250000	66.250000	9.789280e+04	4.415040e-05
	234	33	31.500000	65.250000	9.643952e+04	6.818489e-05
	232	34	31.000000	65.000000	9.643952e+04	5.574991e-05
	233	34	31.250000	65.000000	9.643952e+04	5.391013e-05
	116	72	2.000000	55.500000	9.703970e+04	2.730334e-04
2022	2	18	8	18
	117	25	2.250000	67.250000	9.782799e+04	1.235068e-04
	141	25	8.250000	67.250000	9.782799e+04	3.402162e-05
	235	32	31.750000	65.500000	9.648418e+04	5.873150e-05
	0	59	-27.000000	58.750000	9.830330e+04	1.301827e-04
	131	70	5.750000	56.000000	9.690051e+04	1.983753e-04
	278	118	42.500000	44.000000	1.007426e+05	3.527445e-05
	109	128	0.250000	41.500000	1.013558e+05	4.085695e-05
	250	132	35.500000	40.500000	1.011232e+05	-8.187222e-06
2022	2	18	6	21
	115	26	1.750000	67.000000	9.777641e+04	1.119138e-04
	238	31	32.500000	65.750000	9.651595e+04	6.062073e-05
	0	55	-27.000000	59.750000	9.789138e+04	1.148855e-04
	150	70	10.500000	56.000000	9.682423e+04	2.882551e-04
	282	121	43.500000	43.250000	1.007706e+05	4.991994e-05
	243	145	33.750000	37.250000	1.013165e+05	1.593030e-05
2022	2	19	8	0
	288	12	45.000000	70.500000	9.716254e+04	8.860770e-05
	115	27	1.750000	66.750000	9.776492e+04	1.271669e-04
	241	29	33.250000	66.250000	9.657572e+04	1.213012e-04
	1	53	-26.750000	60.250000	9.779120e+04	1.359138e-04
	16	57	-23.000000	59.250000	9.779120e+04	1.436482e-04
	165	70	14.250000	56.000000	9.673080e+04	3.211313e-04
	137	117	7.250000	44.250000	1.013722e+05	1.094521e-04
	282	121	43.500000	43.250000	1.009947e+05	5.804584e-05
2022	2	19	9	3
	257	17	37.250000	69.250000	9.664036e+04	2.030738e-04
	116	27	2.000000	66.750000	9.773064e+04	1.192048e-04
	243	29	33.750000	66.250000	9.660136e+04	1.282649e-04
	18	55	-22.500000	59.750000	9.792960e+04	1.555015e-04
	32	59	-19.000000	58.750000	9.800415e+04	1.634241e-04
	176	68	17.000000	56.500000	9.673835e+04	3.142919e-04
	137	117	7.250000	44.250000	1.012635e+05	1.059010e-04
	282	121	43.500000	43.250000	1.013313e+05	4.647299e-05
	237	152	32.250000	35.500000	1.012490e+05	1.243669e-04
2022	2	19	9	6
	255	17	36.750000	69.250000	9.668000e+04	2.137638e-04
	116	27	2.000000	66.750000	9.768738e+04	1.243203e-04
	245	29	34.250000	66.250000	9.665971e+04	1.236240e-04
	121	44	3.250000	62.500000	9.798308e+04	1.502428e-04
	19	54	-22.250000	60.000000	9.806927e+04	1.164129e-04
	35	57	-18.250000	59.250000	9.806927e+04	1.793963e-04
	184	69	19.000000	56.250000	9.691828e+04	3.066820e-04
	151	109	10.750000	46.250000	1.014739e+05	3.331584e-05
	137	117	7.250000	44.250000	1.013764e+05	9.969119e-05
2022	2	19	10	9
	253	18	36.250000	69.000000	9.685726e+04	2.329063e-04
	116	27	2.000000	66.750000	9.773693e+04	1.422267e-04
	247	29	34.750000	66.250000	9.685726e+04	1.518501e-04
	3	57	-26.250000	59.250000	9.823803e+04	1.105452e-04
	36	57	-18.000000	59.250000	9.827703e+04	1.940564e-04
	54	63	-13.500000	57.750000	9.827703e+04	1.781775e-04
	85	68	-5.750000	56.500000	9.831588e+04	2.404556e-04
	193	70	21.250000	56.000000	9.731337e+04	3.446557e-04
	138	117	7.500000	44.250000	1.015370e+05	9.607671e-05
	266	162	39.500000	33.000000	1.013657e+05	-2.957674e-05
2022	2	19	10	12
	254	18	36.500000	69.000000	9.704143e+04	2.122806e-04
	114	27	1.500000	66.750000	9.781305e+04	1.247294e-04
	131	40	5.750000	63.500000	9.791198e+04	2.587736e-04
	36	56	-18.000000	59.500000	9.835080e+04	1.737355e-04
	228	64	30.000000	57.500000	9.776130e+04	1.465355e-04
	99	67	-2.250000	56.750000	9.818943e+04	2.054386e-04
	202	72	23.500000	55.500000	9.780441e+04	2.947362e-04
	153	108	11.250000	46.500000	1.015774e+05	2.448351e-07
	138	117	7.500000	44.250000	1.015101e+05	9.382228e-05
	266	162	39.500000	33.000000	1.012073e+05	-7.350082e-06
2022	2	19	8	15
	288	2	45.000000	73.000000	9.720123e+04	1.376022e-04
	271	22	40.750000	68.000000	9.724306e+04	6.215580e-05
	114	27	1.500000	66.750000	9.784907e+04	1.456856e-04
	236	63	32.000000	57.750000	9.793117e+04	1.399526e-04
	109	64	0.250000	57.500000	9.794580e+04	2.509588e-04
	136	120	7.000000	43.500000	1.014807e+05	9.973250e-05
	97	144	-2.750000	37.500000	1.017824e+05	6.876980e-05
	266	162	39.500000	33.000000	1.013017e+05	-7.709750e-06
2022	2	19	9	18
	288	0	45.000000	73.500000	9.717968e+04	1.068366e-04
	276	21	42.000000	68.250000	9.733649e+04	9.952012e-05
	112	28	1.000000	66.500000	9.786605e+04	1.534354e-04
	0	51	-27.000000	60.750000	9.709805e+04	5.844278e-05
	0	62	-27.000000	58.000000	9.709805e+04	1.031353e-04
	247	62	34.750000	58.000000	9.808609e+04	1.428435e-04
	117	64	2.250000	57.500000	9.793620e+04	2.556205e-04
	136	120	7.000000	43.500000	1.016871e+05	1.215497e-04
	265	162	39.250000	33.000000	1.015090e+05	-2.128143e-05
2022	2	19	7	21
	286	0	44.500000	73.500000	9.714587e+04	1.370789e-04
	277	12	42.250000	70.500000	9.718094e+04	4.555432e-05
	110	29	0.500000	66.250000	9.789264e+04	1.352705e-04
	142	33	8.500000	65.250000	9.792063e+04	1.723629e-04
	0	59	-27.000000	58.750000	9.665830e+04	1.494075e-04
	258	60	37.500000	58.500000	9.820688e+04	9.768485e-05
	127	61	4.750000	58.250000	9.794014e+04	1.998241e-04
2022	2	20	7	0
	283	0	43.750000	73.500000	9.715074e+04	1.999009e-04
	288	17	45.000000	69.250000	9.738949e+04	1.741818e-05
	110	30	0.500000	66.000000	9.794281e+04	1.174786e-04
	142	32	8.500000	65.500000	9.790821e+04	1.512368e-04
	3	57	-26.250000	59.250000	9.642552e+04	1.799997e-04
	142	62	8.500000	58.000000	9.798213e+04	5.385705e-05
	282	162	43.500000	33.000000	1.014115e+05	1.710125e-04
