2022	2	10	6	0
	148	22	10.000000	68.000000	9.657040e+04	4.141145e-04
	60	55	-12.000000	59.750000	9.866104e+04	4.125497e-04
	152	106	11.000000	47.000000	1.022443e+05	-4.129451e-05
	139	110	7.750000	46.000000	1.022443e+05	-7.390508e-05
	247	151	34.750000	35.750000	1.007786e+05	1.027876e-04
	277	162	42.250000	33.000000	1.008570e+05	9.140839e-05
2022	2	10	6	6
	175	4	16.750000	72.500000	9.720300e+04	1.492819e-04
	8	6	-25.000000	72.000000	1.003582e+05	-1.410415e-05
	166	22	14.500000	68.000000	9.678934e+04	3.610837e-04
	76	59	-8.000000	58.750000	9.918723e+04	4.633209e-04
	152	106	11.000000	47.000000	1.021450e+05	-4.989206e-05
	250	152	35.500000	35.500000	1.010189e+05	1.129527e-04
2022	2	10	11	12
	212	0	26.000000	73.500000	9.733702e+04	-3.162065e-05
	175	4	16.750000	72.500000	9.733702e+04	2.862959e-04
	203	8	23.750000	71.500000	9.733702e+04	-4.830876e-05
	192	16	21.000000	69.500000	9.735325e+04	9.858422e-06
	17	20	-22.750000	68.500000	1.001540e+05	1.297019e-04
	189	27	20.250000	66.750000	9.764195e+04	1.374549e-04
	92	63	-4.000000	57.750000	1.000440e+05	3.886267e-04
	137	117	7.250000	44.250000	1.022717e+05	1.208637e-04
	284	139	44.000000	38.750000	1.009363e+05	2.868505e-05
	271	147	40.750000	36.750000	1.010096e+05	7.292495e-05
	281	153	43.250000	35.250000	1.010096e+05	9.553502e-05
2022	2	10	7	18
	218	0	27.500000	73.500000	9.753385e+04	3.371620e-05
	185	6	19.250000	72.000000	9.753385e+04	1.121675e-04
	42	9	-16.500000	71.250000	9.975240e+04	1.506979e-05
	37	17	-17.750000	69.250000	9.975240e+04	1.444062e-04
	110	69	0.500000	56.250000	1.005003e+05	2.822884e-04
	137	117	7.250000	44.250000	1.022826e+05	1.050591e-04
	87	156	-5.250000	34.500000	1.020898e+05	-2.048902e-06
2022	2	11	4	0
	201	6	23.250000	72.000000	9.768958e+04	2.049582e-04
	54	14	-13.500000	70.000000	9.948183e+04	2.201246e-04
	0	72	-27.000000	55.500000	9.973217e+04	1.538571e-04
	137	117	7.250000	44.250000	1.021555e+05	9.880616e-05
2022	2	11	4	6
	209	6	25.250000	72.000000	9.790789e+04	2.388936e-04
	74	14	-8.500000	70.000000	9.936740e+04	1.914801e-04
	94	18	-3.500000	69.000000	9.936740e+04	1.481334e-04
	188	123	20.000000	42.750000	1.021503e+05	-1.746324e-05
2022	2	11	6	12
	226	7	29.500000	71.750000	9.814264e+04	2.443086e-04
	83	14	-6.250000	70.000000	9.944705e+04	1.408025e-04
	112	18	1.000000	69.000000	9.944705e+04	1.440435e-04
	11	57	-24.250000	59.250000	9.893688e+04	1.409841e-04
	1	66	-26.750000	57.000000	9.893688e+04	8.517934e-05
	135	119	6.750000	43.750000	1.019939e+05	1.097839e-04
2022	2	11	5	18
	211	0	25.750000	73.500000	9.820966e+04	2.512335e-05
	234	7	31.500000	71.750000	9.820966e+04	2.266019e-04
	134	18	6.500000	69.000000	9.905552e+04	2.039572e-04
	5	56	-25.750000	59.500000	9.871814e+04	1.864380e-04
	18	62	-22.500000	58.000000	9.871814e+04	1.071322e-04
2022	2	12	5	0
	241	6	33.250000	72.000000	9.826529e+04	2.832031e-04
	161	18	13.250000	69.000000	9.902791e+04	1.492263e-04
	49	48	-14.750000	61.500000	9.864839e+04	1.643297e-04
	37	56	-17.750000	59.500000	9.864839e+04	7.593224e-05
	225	87	29.250000	51.750000	1.008800e+05	2.269004e-04
2022	2	12	4	6
	247	6	34.750000	72.000000	9.826128e+04	2.768393e-04
	162	18	13.500000	69.000000	9.920240e+04	1.948481e-04
	52	51	-14.000000	60.750000	9.841174e+04	1.482122e-04
	241	89	33.250000	51.250000	1.007209e+05	2.827176e-04
2022	2	12	7	12
	173	0	16.250000	73.500000	9.869559e+04	9.194181e-05
	210	0	25.500000	73.500000	9.840247e+04	6.986499e-05
	211	0	25.750000	73.500000	9.839636e+04	7.485004e-05
	252	5	36.000000	72.250000	9.836391e+04	2.726532e-04
	53	53	-13.750000	60.250000	9.845831e+04	1.822348e-04
	280	88	43.000000	51.500000	1.008004e+05	9.028196e-05
	261	91	38.250000	50.750000	1.008001e+05	1.761271e-04
2022	2	12	3	18
	188	0	20.000000	73.500000	9.849562e+04	1.584500e-04
	258	3	37.500000	72.750000	9.847644e+04	2.360619e-04
	72	54	-9.000000	60.000000	9.837887e+04	7.458281e-05
2022	2	13	6	0
	200	0	23.000000	73.500000	9.861868e+04	3.123398e-05
	263	2	38.750000	73.000000	9.867495e+04	1.938030e-04
	95	45	-3.250000	62.250000	9.826234e+04	1.507352e-04
	22	110	-21.500000	46.000000	1.000841e+05	1.589978e-04
	0	115	-27.000000	44.750000	1.011226e+05	9.879072e-05
	280	120	43.000000	43.500000	1.019769e+05	-1.013445e-04
2022	2	13	4	6
	270	0	40.500000	73.500000	9.884100e+04	1.148165e-04
	133	35	6.250000	64.750000	9.789335e+04	3.094613e-04
	43	110	-16.250000	46.000000	9.934927e+04	2.099158e-04
	286	129	44.500000	41.250000	1.019505e+05	-2.215756e-05
2022	2	13	5	12
	149	30	10.250000	66.000000	9.755534e+04	3.189091e-04
	75	104	-8.250000	47.500000	9.891918e+04	2.531427e-04
	64	113	-11.000000	45.250000	9.891918e+04	2.601066e-04
	269	120	40.250000	43.500000	1.026242e+05	9.750696e-05
	228	144	30.000000	37.500000	1.018529e+05	4.089849e-05
2022	2	13	3	18
	156	29	12.000000	66.250000	9.764216e+04	2.825385e-04
	92	99	-4.000000	48.750000	9.844356e+04	2.140260e-04
	263	121	38.750000	43.250000	1.026381e+05	9.900402e-05
2022	2	14	3	0
	1	17	-26.750000	69.250000	9.969592e+04	2.112600e-05
	170	28	15.500000	66.500000	9.795194e+04	9.362334e-05
	102	95	-1.500000	49.750000	9.829310e+04	3.318801e-04
2022	2	14	5	6
	216	3	27.000000	72.750000	9.809860e+04	1.314713e-04
	192	31	21.000000	65.750000	9.807310e+04	1.109470e-04
	0	57	-27.000000	59.250000	9.914824e+04	3.406194e-05
	0	65	-27.000000	57.250000	9.914824e+04	9.862494e-05
	116	89	2.000000	51.250000	9.817699e+04	2.638435e-04
2022	2	14	4	12
	218	0	27.500000	73.500000	9.791084e+04	3.733662e-05
	111	47	0.750000	61.750000	9.888525e+04	2.807206e-04
	127	88	4.750000	51.500000	9.853523e+04	3.545458e-04
	135	116	6.750000	44.500000	1.004946e+05	7.491179e-05
2022	2	14	7	18
	213	0	26.250000	73.500000	9.779452e+04	3.407523e-05
	191	9	20.750000	71.250000	9.779452e+04	1.590477e-04
	112	51	1.000000	60.750000	9.889262e+04	2.772113e-04
	36	58	-18.000000	59.000000	9.835738e+04	2.493726e-04
	149	61	10.250000	58.250000	9.883952e+04	5.740656e-05
	157	71	12.250000	55.750000	9.883952e+04	1.884318e-04
	138	120	7.500000	43.500000	1.008503e+05	1.057700e-04
2022	2	15	6	0
	215	0	26.750000	73.500000	9.766913e+04	1.245934e-04
	40	56	-17.000000	59.500000	9.846653e+04	2.620290e-04
	121	56	3.250000	59.500000	9.906248e+04	1.926442e-04
	156	58	12.000000	59.000000	9.879443e+04	9.232415e-05
	63	60	-11.250000	58.500000	9.848402e+04	2.284569e-04
	172	64	16.000000	57.500000	9.879443e+04	1.739940e-04
2022	2	15	8	6
	229	0	30.250000	73.500000	9.798776e+04	1.472140e-04
	6	14	-25.500000	70.000000	9.897860e+04	-4.317944e-05
	0	32	-27.000000	65.500000	9.845852e+04	1.627224e-04
	11	40	-24.250000	63.500000	9.845852e+04	2.714616e-04
	188	56	20.000000	59.500000	9.857443e+04	1.763500e-04
	63	58	-11.250000	59.000000	9.862732e+04	1.913267e-04
	159	113	12.750000	45.250000	1.012290e+05	8.109127e-05
	234	151	31.500000	35.750000	1.019712e+05	1.486502e-06
2022	2	15	7	12
	203	0	23.750000	73.500000	9.835885e+04	-2.822803e-05
	243	0	33.750000	73.500000	9.835885e+04	1.213493e-04
	244	0	34.000000	73.500000	9.835885e+04	9.685230e-05
	198	52	22.500000	60.500000	9.836580e+04	2.590943e-04
	0	67	-27.000000	56.750000	9.720891e+04	1.364729e-04
	120	67	3.000000	56.750000	9.914529e+04	1.169923e-04
	278	128	42.500000	41.500000	1.019672e+05	1.423199e-05
2022	2	15	7	18
	6	7	-25.500000	71.750000	9.918512e+04	2.494365e-05
	213	47	26.250000	61.750000	9.845220e+04	2.529130e-04
	129	58	5.250000	59.000000	9.925339e+04	5.181237e-05
	16	60	-23.000000	58.500000	9.599953e+04	4.541601e-04
	131	67	5.750000	56.750000	9.925339e+04	1.197491e-04
	169	120	15.250000	43.500000	1.014989e+05	9.145297e-05
	279	120	42.750000	43.500000	1.022586e+05	4.515157e-07
2022	2	16	5	0
	6	7	-25.500000	71.750000	9.889727e+04	-3.091130e-06
	234	39	31.500000	63.750000	9.849330e+04	1.176525e-04
	37	55	-17.750000	59.750000	9.525355e+04	4.327592e-04
	147	67	9.750000	56.750000	9.939859e+04	1.223340e-04
	281	121	43.250000	43.250000	1.021764e+05	-1.609208e-05
2022	2	16	4	6
	288	27	45.000000	66.750000	9.878979e+04	1.097621e-04
	257	32	37.250000	65.500000	9.847264e+04	1.591038e-04
	53	51	-13.750000	60.750000	9.502491e+04	3.577705e-04
	281	121	43.250000	43.250000	1.023096e+05	-3.136166e-05
2022	2	16	7	12
	188	0	20.000000	73.500000	9.804170e+04	2.746800e-05
	284	25	44.000000	67.250000	9.854177e+04	1.082827e-04
	268	30	40.000000	66.000000	9.854177e+04	1.658214e-04
	0	33	-27.000000	65.250000	9.697352e+04	1.165787e-04
	65	50	-10.750000	61.000000	9.519286e+04	4.030023e-04
	279	120	42.750000	43.500000	1.021227e+05	-8.253596e-06
	282	129	43.500000	41.250000	1.020439e+05	1.201715e-05
2022	2	16	8	18
	197	0	22.250000	73.500000	9.802358e+04	3.789598e-05
	288	19	45.000000	68.750000	9.849983e+04	-3.796725e-07
	0	32	-27.000000	65.500000	9.762573e+04	1.224672e-04
	80	48	-7.000000	61.500000	9.558229e+04	3.864505e-04
	143	64	8.750000	57.500000	9.668756e+04	2.859633e-04
	137	117	7.250000	44.250000	1.013693e+05	1.349228e-04
	281	121	43.250000	43.250000	1.022160e+05	-2.566974e-05
	186	154	19.500000	35.000000	1.017219e+05	1.270472e-04
2022	2	17	9	0
	288	16	45.000000	69.500000	9.851352e+04	3.674012e-05
	0	33	-27.000000	65.250000	9.839404e+04	2.587707e-05
	0	34	-27.000000	65.000000	9.839404e+04	3.517450e-06
	83	47	-6.250000	61.750000	9.598562e+04	3.933738e-04
	158	63	12.500000	57.750000	9.653520e+04	3.789788e-04
	178	65	17.500000	57.250000	9.653520e+04	1.957328e-04
	0	112	-27.000000	45.500000	1.015605e+05	9.557819e-05
	186	148	19.500000	36.500000	1.015819e+05	1.362414e-04
	189	149	20.250000	36.250000	1.015819e+05	1.410510e-04
2022	2	17	7	6
	174	2	16.500000	73.000000	9.825264e+04	5.055593e-05
	288	12	45.000000	70.500000	9.844799e+04	1.029571e-04
	95	50	-3.250000	61.000000	9.617844e+04	3.750909e-04
	189	62	20.250000	58.000000	9.654173e+04	1.835087e-04
	155	109	11.750000	46.250000	1.007051e+05	8.279311e-05
	3	111	-26.250000	45.750000	1.012614e+05	1.235277e-04
	189	145	20.250000	37.250000	1.014081e+05	1.084850e-04
2022	2	17	3	12
	178	4	17.500000	72.500000	9.836602e+04	7.992514e-05
	116	51	2.000000	60.750000	9.622227e+04	3.550584e-04
	193	61	21.250000	58.250000	9.651498e+04	2.472892e-04
2022	2	17	4	18
	139	11	7.750000	70.750000	9.817425e+04	1.823555e-04
	126	51	4.500000	60.750000	9.665848e+04	2.318123e-04
	212	62	26.000000	58.000000	9.672086e+04	1.248325e-04
	0	118	-27.000000	44.000000	1.011700e+05	3.519527e-05
2022	2	18	4	0
	138	13	7.500000	70.250000	9.813970e+04	1.977198e-04
	151	58	10.750000	59.000000	9.728140e+04	2.346146e-04
	224	58	29.000000	59.000000	9.676743e+04	1.063773e-04
	5	117	-25.750000	44.250000	1.011072e+05	1.948973e-04
2022	2	18	6	6
	142	15	8.500000	69.750000	9.818963e+04	2.018072e-04
	145	42	9.250000	63.000000	9.825033e+04	8.945524e-05
	231	54	30.750000	60.000000	9.687870e+04	1.282320e-04
	231	55	30.750000	59.750000	9.687870e+04	1.356979e-04
	166	60	14.500000	58.500000	9.754206e+04	1.831323e-04
	20	108	-22.000000	46.500000	1.004765e+05	2.124900e-04
2022	2	18	7	12
	158	1	12.500000	73.250000	9.855630e+04	1.614579e-04
	146	17	9.500000	69.250000	9.845916e+04	2.235098e-04
	244	49	34.000000	61.250000	9.732102e+04	8.861227e-05
	38	97	-17.500000	49.250000	9.997388e+04	2.355182e-04
	156	109	12.000000	46.250000	1.005568e+05	7.782038e-05
	286	141	44.500000	38.250000	1.008033e+05	3.736118e-05
	0	149	-27.000000	36.250000	1.018274e+05	1.049637e-04
2022	2	18	5	18
	263	31	38.750000	65.750000	9.766197e+04	1.772775e-04
	0	62	-27.000000	58.000000	9.815381e+04	8.450016e-05
	56	86	-13.000000	52.000000	9.905109e+04	2.953084e-04
	279	119	42.750000	43.750000	1.001222e+05	4.432382e-05
	162	120	13.500000	43.500000	1.011946e+05	-6.156512e-05
2022	2	19	6	0
	278	22	42.500000	68.000000	9.798438e+04	1.599131e-04
	268	29	40.000000	66.250000	9.798438e+04	1.963762e-04
	0	52	-27.000000	60.500000	9.756967e+04	1.137934e-04
	69	79	-9.750000	53.750000	9.859761e+04	3.565477e-04
	231	113	30.750000	45.250000	9.981604e+04	2.322437e-04
	267	157	39.750000	34.250000	1.008606e+05	7.936669e-05
2022	2	19	4	6
	164	0	14.000000	73.500000	9.862542e+04	6.359074e-05
	84	71	-6.000000	55.750000	9.823662e+04	2.583148e-04
	141	107	8.250000	46.750000	1.015419e+05	-4.968615e-05
	240	116	33.000000	44.500000	9.999010e+04	2.673347e-04
2022	2	19	5	12
	103	62	-1.250000	58.000000	9.781412e+04	3.160587e-04
	245	117	34.250000	44.250000	1.002952e+05	2.586331e-04
	196	143	22.000000	37.750000	1.019669e+05	2.749428e-05
	257	147	37.250000	36.750000	1.006864e+05	7.791703e-05
	258	157	37.500000	34.250000	1.006864e+05	-4.897896e-05
2022	2	19	6	18
	172	1	16.000000	73.250000	9.845009e+04	1.836903e-04
	113	58	1.250000	59.000000	9.720616e+04	3.902811e-04
	252	120	36.000000	43.500000	1.008400e+05	2.318699e-04
	264	147	39.000000	36.750000	1.006528e+05	1.383483e-04
	254	152	36.500000	35.500000	1.006528e+05	1.411465e-04
	264	157	39.000000	34.250000	1.006528e+05	4.337900e-06
2022	2	20	7	0
	212	0	26.000000	73.500000	9.831923e+04	5.716971e-05
	184	3	19.000000	72.750000	9.831923e+04	1.904074e-04
	126	58	4.500000	59.000000	9.708457e+04	2.748964e-04
	0	64	-27.000000	57.500000	9.663635e+04	1.391713e-04
	137	71	7.250000	55.750000	9.716992e+04	2.806213e-04
	260	119	38.000000	43.750000	1.011070e+05	1.760414e-04
	265	155	39.250000	34.750000	1.004191e+05	1.431070e-04
