2022	2	16	5	0
	288	11	45.000000	70.750000	9.880109e+04	9.325558e-05
	53	38	-13.750000	64.000000	9.746484e+04	3.304024e-04
	118	53	2.500000	60.250000	9.800399e+04	1.490647e-04
	65	67	-10.750000	56.750000	9.726226e+04	2.884139e-04
	172	123	16.000000	42.750000	1.014783e+05	3.377111e-05
2022	2	16	6	3
	46	37	-15.500000	64.250000	9.770516e+04	2.707802e-04
	121	51	3.250000	60.750000	9.795241e+04	1.406607e-04
	76	67	-8.000000	56.750000	9.727814e+04	2.819317e-04
	92	71	-4.000000	55.750000	9.727814e+04	1.974782e-04
	280	121	43.000000	43.250000	1.021572e+05	3.457126e-05
	173	123	16.250000	42.750000	1.014201e+05	4.011067e-05
2022	2	16	3	6
	120	34	3.000000	65.000000	9.786087e+04	1.789366e-04
	124	48	4.000000	61.500000	9.786873e+04	1.230986e-04
	99	67	-2.250000	56.750000	9.768330e+04	2.029631e-04
2022	2	16	5	9
	116	35	2.000000	64.750000	9.775549e+04	2.024577e-04
	58	54	-12.500000	60.000000	9.755967e+04	7.471008e-05
	111	66	0.750000	57.000000	9.766820e+04	2.152092e-04
	53	70	-13.750000	56.000000	9.754725e+04	2.045271e-04
	202	125	23.500000	42.250000	1.016462e+05	-1.011868e-04
2022	2	16	6	12
	112	35	1.000000	64.750000	9.755559e+04	1.806649e-04
	64	55	-11.000000	59.750000	9.709773e+04	3.439921e-05
	67	67	-10.250000	56.750000	9.708437e+04	2.270925e-04
	125	67	4.250000	56.750000	9.761252e+04	2.037903e-04
	137	117	7.250000	44.250000	1.013044e+05	9.526745e-05
	182	136	18.500000	39.500000	1.011954e+05	1.659862e-04
2022	2	16	4	15
	108	35	0.000000	64.750000	9.738792e+04	1.570727e-04
	80	64	-7.000000	57.500000	9.663219e+04	3.351783e-04
	135	120	6.750000	43.500000	1.013319e+05	1.394511e-04
	184	136	19.000000	39.500000	1.010391e+05	1.818334e-04
2022	2	16	4	18
	114	60	1.500000	58.500000	9.687865e+04	3.654559e-05
	98	66	-2.500000	57.000000	9.687865e+04	2.240373e-04
	280	121	43.000000	43.250000	1.021419e+05	-2.094710e-05
	185	134	19.250000	40.000000	1.010221e+05	1.528195e-04
2022	2	16	5	21
	114	66	1.500000	57.000000	9.673300e+04	2.221395e-04
	137	67	7.250000	56.750000	9.676650e+04	1.756712e-04
	137	117	7.250000	44.250000	1.012537e+05	4.423177e-05
	278	120	42.500000	43.500000	1.021452e+05	-4.683665e-05
	185	134	19.250000	40.000000	1.011369e+05	1.278145e-04
2022	2	17	7	0
	189	62	20.250000	58.000000	9.672325e+04	1.977116e-04
	122	66	3.500000	57.000000	9.679120e+04	2.235443e-04
	123	66	3.750000	57.000000	9.679120e+04	2.192023e-04
	162	67	13.500000	56.750000	9.673584e+04	1.497107e-04
	138	117	7.500000	44.250000	1.010512e+05	5.224766e-05
	279	121	42.750000	43.250000	1.020089e+05	-4.757112e-05
	185	135	19.250000	39.750000	1.012130e+05	9.130099e-05
2022	2	17	4	3
	288	10	45.000000	71.000000	9.903088e+04	1.210793e-04
	194	59	21.500000	58.750000	9.637488e+04	2.355289e-04
	180	70	18.000000	56.000000	9.639768e+04	1.937097e-04
	138	117	7.500000	44.250000	1.009648e+05	7.882537e-05
2022	2	17	4	6
	286	10	44.500000	71.000000	9.906848e+04	1.713375e-04
	198	56	22.500000	59.500000	9.609538e+04	2.409764e-04
	191	67	20.750000	56.750000	9.609538e+04	2.491223e-04
	22	78	-21.500000	54.000000	9.970169e+04	1.655445e-04
2022	2	17	3	9
	288	25	45.000000	67.250000	9.933523e+04	1.655960e-05
	200	64	23.000000	57.500000	9.600353e+04	2.443725e-04
	29	77	-19.750000	54.250000	9.964444e+04	1.959173e-04
2022	2	17	3	12
	207	59	24.750000	58.750000	9.591466e+04	1.544344e-04
	36	76	-18.000000	54.500000	9.965434e+04	2.032585e-04
	278	120	42.500000	43.500000	1.013539e+05	-9.846350e-06
2022	2	17	1	15
	214	56	26.500000	59.500000	9.597695e+04	1.451986e-04
2022	2	17	2	18
	217	52	27.250000	60.500000	9.600526e+04	1.636356e-04
	32	111	-19.000000	45.750000	1.003522e+05	1.040457e-04
2022	2	17	2	21
	222	49	28.500000	61.250000	9.601674e+04	1.577348e-04
	42	106	-16.500000	47.000000	9.987989e+04	1.828541e-04
2022	2	18	2	0
	220	42	28.000000	63.000000	9.593338e+04	1.301398e-04
	49	101	-14.750000	48.250000	9.929795e+04	2.464968e-04
2022	2	18	2	3
	220	40	28.000000	63.500000	9.586575e+04	1.635499e-04
	56	97	-13.000000	49.250000	9.871522e+04	3.098199e-04
2022	2	18	3	6
	221	38	28.250000	64.000000	9.582675e+04	1.593878e-04
	10	39	-24.500000	63.750000	9.929009e+04	9.730028e-05
	63	95	-11.250000	49.750000	9.823630e+04	4.049222e-04
2022	2	18	3	9
	222	36	28.500000	64.500000	9.587188e+04	1.579614e-04
	2	37	-26.500000	64.250000	9.940915e+04	5.506559e-05
	70	95	-9.500000	49.750000	9.809443e+04	5.300588e-04
2022	2	18	3	12
	224	35	29.000000	64.750000	9.598245e+04	1.411865e-04
	80	95	-7.000000	49.750000	9.795917e+04	5.360274e-04
	274	117	41.500000	44.250000	1.000554e+05	-1.225571e-04
2022	2	18	4	15
	228	33	30.000000	65.250000	9.610215e+04	1.549268e-04
	95	93	-3.250000	50.250000	9.802963e+04	4.162958e-04
	276	117	42.000000	44.250000	1.003075e+05	-8.403146e-05
	255	137	36.750000	39.250000	1.011418e+05	9.091809e-06
2022	2	18	3	18
	229	32	30.250000	65.500000	9.620862e+04	1.999319e-04
	110	89	0.500000	51.250000	9.803136e+04	2.972189e-04
	285	122	44.250000	43.000000	1.005205e+05	9.360189e-06
2022	2	18	6	21
	228	31	30.000000	65.750000	9.636544e+04	1.821869e-04
	123	84	3.750000	52.500000	9.800179e+04	3.443369e-04
	128	121	5.000000	43.250000	1.011065e+05	1.409963e-04
	109	126	0.250000	42.000000	1.012388e+05	5.515407e-05
	108	137	0.000000	39.250000	1.012388e+05	6.296070e-05
	275	153	41.750000	35.250000	1.012681e+05	1.087169e-04
2022	2	19	5	0
	228	31	30.000000	65.750000	9.653027e+04	1.365821e-04
	136	81	7.000000	53.250000	9.808766e+04	3.169476e-04
	108	138	0.000000	39.000000	1.013061e+05	6.531589e-05
	267	148	39.750000	36.500000	1.013275e+05	6.962188e-05
	276	153	42.000000	35.250000	1.013275e+05	1.114650e-04
2022	2	19	7	3
	234	20	31.500000	68.500000	9.669762e+04	1.294326e-04
	228	31	30.000000	65.750000	9.669762e+04	1.047250e-04
	170	75	15.500000	54.750000	9.824637e+04	1.832746e-04
	137	117	7.250000	44.250000	1.011487e+05	1.558873e-04
	114	136	1.500000	39.500000	1.012956e+05	1.168900e-04
	105	141	-0.750000	38.250000	1.012956e+05	2.049034e-05
	267	147	39.750000	36.750000	1.013826e+05	1.121029e-04
2022	2	19	8	6
	245	16	34.250000	69.500000	9.701344e+04	1.647846e-04
	229	32	30.250000	65.500000	9.691167e+04	9.553158e-05
	0	40	-27.000000	63.500000	9.819163e+04	1.014351e-04
	180	73	18.000000	55.250000	9.820327e+04	1.961988e-04
	137	117	7.250000	44.250000	1.012033e+05	1.153015e-04
	114	139	1.500000	38.750000	1.013610e+05	1.376422e-04
	281	140	43.250000	38.500000	1.015074e+05	5.097408e-07
	273	148	41.250000	36.500000	1.015074e+05	9.019363e-05
2022	2	19	6	9
	245	16	34.250000	69.500000	9.716097e+04	1.978029e-04
	191	72	20.750000	55.500000	9.827546e+04	1.918923e-04
	136	117	7.000000	44.250000	1.013237e+05	9.496071e-05
	113	141	1.250000	38.250000	1.014801e+05	1.662274e-04
	287	142	44.750000	38.000000	1.013808e+05	4.439576e-06
	271	147	40.750000	36.750000	1.014263e+05	1.800810e-04
2022	2	19	7	12
	245	16	34.250000	69.500000	9.728019e+04	1.977293e-04
	0	53	-27.000000	60.250000	9.744455e+04	9.600548e-05
	212	73	26.000000	55.250000	9.845146e+04	1.676938e-04
	136	118	7.000000	44.000000	1.013094e+05	9.333398e-05
	146	126	9.500000	42.000000	1.013094e+05	3.305696e-05
	287	141	44.750000	38.250000	1.013481e+05	-3.255347e-05
	273	147	41.250000	36.750000	1.013686e+05	1.586286e-04
2022	2	19	7	15
	69	15	-9.750000	69.750000	9.926098e+04	2.704329e-04
	247	16	34.750000	69.500000	9.747207e+04	1.746589e-04
	0	49	-27.000000	61.250000	9.628255e+04	1.200688e-04
	231	73	30.750000	55.250000	9.851641e+04	1.764176e-04
	135	119	6.750000	43.750000	1.013297e+05	1.261351e-04
	146	126	9.500000	42.000000	1.013297e+05	1.483549e-05
	280	149	43.000000	36.250000	1.015776e+05	8.503698e-05
2022	2	19	7	18
	278	3	42.500000	72.750000	9.746672e+04	1.621628e-04
	67	15	-10.250000	69.750000	9.908546e+04	2.911921e-04
	272	17	41.000000	69.250000	9.750573e+04	2.637001e-05
	0	45	-27.000000	62.250000	9.515452e+04	1.631534e-04
	245	72	34.250000	55.500000	9.854677e+04	1.788760e-04
	136	122	7.000000	43.000000	1.014818e+05	1.005007e-04
	276	150	42.000000	36.000000	1.018528e+05	1.718668e-04
2022	2	19	5	21
	278	2	42.500000	73.000000	9.747631e+04	1.457772e-04
	67	15	-10.250000	69.750000	9.890081e+04	2.639278e-04
	27	39	-20.250000	63.750000	9.455387e+04	1.263146e-04
	0	44	-27.000000	62.500000	9.450118e+04	6.084148e-05
	258	72	37.500000	55.500000	9.850336e+04	1.694774e-04
2022	2	20	7	0
	279	1	42.750000	73.250000	9.747631e+04	1.810752e-04
	287	13	44.750000	70.250000	9.748277e+04	2.510151e-05
	278	23	42.500000	67.750000	9.770233e+04	6.755193e-05
	27	38	-20.250000	64.000000	9.425629e+04	8.503718e-05
	0	42	-27.000000	63.000000	9.424056e+04	8.826155e-05
	267	71	39.750000	55.750000	9.848307e+04	1.547460e-04
	287	155	44.750000	34.750000	1.019321e+05	7.138361e-05
