2022	2	10	6	0
	7	6	-25.250000	72.000000	1.001410e+05	5.545790e-06
	160	10	13.000000	71.000000	9.661330e+04	6.613505e-05
	148	22	10.000000	68.000000	9.659116e+04	4.380003e-04
	59	56	-12.250000	59.500000	9.852189e+04	4.825043e-04
	152	106	11.000000	47.000000	1.022354e+05	-4.164857e-05
	139	110	7.750000	46.000000	1.022354e+05	-7.160460e-05
2022	2	10	6	6
	175	5	16.750000	72.250000	9.724800e+04	1.287239e-04
	8	6	-25.000000	72.000000	1.003009e+05	-2.578445e-05
	10	15	-24.500000	69.750000	1.003009e+05	3.480886e-05
	164	22	14.000000	68.000000	9.684617e+04	3.582384e-04
	78	59	-7.500000	58.750000	9.898959e+04	5.313377e-04
	158	106	12.500000	47.000000	1.021834e+05	-3.112796e-05
2022	2	10	12	12
	211	0	25.750000	73.500000	9.742912e+04	-2.228421e-05
	212	0	26.000000	73.500000	9.742912e+04	-2.226777e-05
	183	4	18.750000	72.500000	9.742912e+04	1.105115e-04
	206	8	24.500000	71.500000	9.742912e+04	4.614438e-05
	10	14	-24.500000	70.000000	1.002343e+05	2.061772e-05
	189	27	20.250000	66.750000	9.762474e+04	1.372437e-04
	94	62	-3.500000	58.000000	9.983264e+04	3.846857e-04
	137	117	7.250000	44.250000	1.022603e+05	1.248926e-04
	284	139	44.000000	38.750000	1.008725e+05	3.290292e-05
	271	147	40.750000	36.750000	1.009938e+05	5.056502e-05
	268	159	40.000000	33.750000	1.010734e+05	2.751921e-05
	85	160	-5.750000	33.500000	1.023718e+05	1.722984e-05
2022	2	10	6	18
	190	5	20.500000	72.250000	9.761043e+04	1.799382e-04
	7	6	-25.250000	72.000000	1.000375e+05	-2.194023e-05
	10	14	-24.500000	70.000000	9.984538e+04	6.444449e-06
	43	15	-16.250000	69.750000	9.984538e+04	1.480916e-04
	111	68	0.750000	56.500000	1.004571e+05	3.240693e-04
	83	162	-6.250000	33.000000	1.021189e+05	-5.503347e-05
2022	2	11	5	0
	202	7	23.500000	71.750000	9.787897e+04	1.322510e-04
	55	11	-13.250000	70.750000	9.947177e+04	1.886532e-04
	40	23	-17.000000	67.750000	9.953529e+04	6.460994e-05
	0	68	-27.000000	56.500000	9.944100e+04	1.300280e-04
	125	73	4.250000	55.250000	1.009078e+05	3.187750e-04
2022	2	11	4	6
	222	8	28.500000	71.500000	9.812477e+04	1.899761e-04
	60	11	-12.000000	70.750000	9.941807e+04	1.959502e-04
	72	22	-9.000000	68.000000	9.941807e+04	5.946330e-05
	188	123	20.000000	42.750000	1.020611e+05	-1.262481e-06
2022	2	11	5	12
	235	8	31.750000	71.500000	9.846524e+04	1.994999e-04
	100	12	-2.000000	70.500000	9.954979e+04	5.247546e-05
	7	56	-25.250000	59.500000	9.871614e+04	1.811386e-04
	3	67	-26.250000	56.750000	9.871614e+04	1.361018e-04
	135	119	6.750000	43.750000	1.019900e+05	9.663150e-05
2022	2	11	8	18
	242	1	33.500000	73.250000	9.867184e+04	2.194423e-05
	246	10	34.500000	71.000000	9.867184e+04	1.425528e-04
	125	17	4.250000	69.250000	9.915070e+04	2.443488e-04
	141	25	8.250000	67.250000	9.915070e+04	1.808468e-04
	30	53	-19.500000	60.250000	9.859540e+04	1.003140e-04
	4	58	-26.000000	59.000000	9.859540e+04	1.904899e-04
	24	63	-21.000000	57.750000	9.859540e+04	1.656906e-04
	135	123	6.750000	42.750000	1.020890e+05	7.274231e-05
2022	2	12	4	0
	253	0	36.250000	73.500000	9.878691e+04	-7.305122e-06
	256	11	37.000000	70.750000	9.878691e+04	1.625114e-04
	153	19	11.250000	68.750000	9.853640e+04	3.094450e-04
	45	58	-15.750000	59.000000	9.848740e+04	9.398044e-05
2022	2	12	4	6
	261	0	38.250000	73.500000	9.886335e+04	3.070640e-05
	263	10	38.750000	71.000000	9.886335e+04	1.783026e-04
	161	19	13.250000	68.750000	9.851680e+04	3.140607e-04
	64	52	-11.000000	60.500000	9.827511e+04	1.373030e-04
2022	2	12	5	12
	267	0	39.750000	73.500000	9.902134e+04	4.174093e-05
	272	8	41.000000	71.500000	9.902134e+04	1.698378e-04
	172	20	16.000000	68.500000	9.915678e+04	2.736069e-04
	70	51	-9.500000	60.750000	9.827707e+04	1.582007e-04
	280	120	43.000000	43.500000	1.014854e+05	-7.750068e-05
2022	2	12	3	18
	278	5	42.500000	72.250000	9.912228e+04	1.895761e-04
	90	49	-4.500000	61.250000	9.819141e+04	1.325069e-04
	91	49	-4.250000	61.250000	9.819141e+04	1.275640e-04
2022	2	13	3	0
	281	1	43.250000	73.250000	9.924284e+04	1.688113e-04
	121	39	3.250000	63.750000	9.819220e+04	1.338427e-04
	106	46	-0.500000	62.000000	9.819220e+04	1.108377e-04
2022	2	13	4	6
	137	39	7.250000	63.750000	9.817319e+04	1.436046e-04
	121	44	3.250000	62.500000	9.817319e+04	2.272839e-04
	0	64	-27.000000	57.500000	1.001045e+05	1.022816e-04
	62	105	-11.500000	47.250000	1.000090e+05	1.378402e-04
2022	2	13	3	12
	164	37	14.000000	64.250000	9.835705e+04	4.267737e-05
	5	67	-25.750000	56.750000	1.002113e+05	1.811071e-04
	81	100	-6.750000	48.500000	9.935927e+04	2.204837e-04
2022	2	13	5	18
	1	17	-26.750000	69.250000	9.959801e+04	4.816225e-05
	211	26	25.750000	67.000000	9.835705e+04	1.491934e-04
	179	38	17.750000	64.000000	9.846446e+04	9.271871e-05
	16	63	-23.000000	57.750000	1.002625e+05	8.216648e-05
	90	100	-4.500000	48.500000	9.902310e+04	2.733227e-04
2022	2	14	3	0
	6	14	-25.500000	70.000000	9.976638e+04	3.904006e-05
	0	58	-27.000000	59.000000	9.992574e+04	4.601376e-05
	103	95	-1.250000	49.750000	9.924127e+04	1.961885e-04
2022	2	14	4	6
	221	5	28.250000	72.250000	9.834137e+04	2.074724e-04
	223	6	28.750000	72.000000	9.834137e+04	1.918875e-04
	131	60	5.750000	58.500000	9.933986e+04	1.626561e-04
	125	85	4.250000	52.250000	9.926361e+04	1.293904e-04
2022	2	14	5	12
	228	6	30.000000	72.000000	9.818162e+04	2.072281e-04
	0	47	-27.000000	61.750000	9.772804e+04	1.016690e-04
	138	80	7.500000	53.500000	9.937553e+04	1.248188e-04
	278	120	42.500000	43.500000	1.014549e+05	2.823129e-05
	272	135	41.000000	39.750000	1.012584e+05	-2.924104e-05
2022	2	14	5	18
	236	3	32.000000	72.750000	9.815574e+04	1.522403e-04
	6	7	-25.500000	71.750000	9.959017e+04	7.801222e-06
	0	38	-27.000000	64.000000	9.685421e+04	1.045277e-04
	153	75	11.250000	54.750000	9.943493e+04	1.376793e-04
	280	121	43.000000	43.250000	1.015346e+05	3.525745e-06
2022	2	15	6	0
	232	0	31.000000	73.500000	9.838038e+04	1.299925e-04
	288	16	45.000000	69.500000	9.941866e+04	-6.838226e-05
	0	35	-27.000000	64.750000	9.696711e+04	9.676969e-05
	35	35	-18.250000	64.750000	9.713157e+04	5.608144e-05
	162	72	13.500000	55.500000	9.958429e+04	1.791541e-04
	281	121	43.250000	43.250000	1.017157e+05	-9.685743e-06
2022	2	15	5	6
	243	2	33.750000	73.000000	9.863186e+04	1.581273e-04
	0	30	-27.000000	66.000000	9.712510e+04	8.254062e-05
	24	30	-21.000000	66.000000	9.712510e+04	1.413906e-04
	170	72	15.500000	55.500000	9.974874e+04	1.518351e-04
	280	121	43.000000	43.250000	1.019492e+05	-2.950417e-05
2022	2	15	9	12
	235	0	31.750000	73.500000	9.895391e+04	1.508580e-04
	6	7	-25.500000	71.750000	9.883042e+04	-1.260019e-05
	21	27	-21.750000	66.750000	9.716019e+04	1.997189e-04
	48	28	-15.000000	66.500000	9.724545e+04	2.705064e-04
	0	37	-27.000000	64.250000	9.715195e+04	2.573444e-05
	178	71	17.500000	55.750000	9.994299e+04	1.793202e-04
	0	79	-27.000000	53.750000	9.784878e+04	1.354438e-04
	188	119	20.000000	43.750000	1.007084e+05	4.539273e-05
	278	120	42.500000	43.500000	1.015679e+05	-2.821095e-05
2022	2	15	10	18
	240	2	33.000000	73.000000	9.924616e+04	1.517825e-04
	259	9	37.750000	71.250000	9.924616e+04	1.128045e-04
	2	10	-26.500000	71.000000	9.780723e+04	-1.321285e-05
	31	24	-19.250000	67.500000	9.699298e+04	3.064128e-04
	288	25	45.000000	67.250000	9.936044e+04	1.161751e-04
	0	39	-27.000000	63.750000	9.686224e+04	4.679182e-05
	187	72	19.750000	55.500000	1.002278e+05	1.429236e-04
	0	73	-27.000000	55.250000	9.657940e+04	1.156819e-04
	203	108	23.750000	46.500000	1.010513e+05	-2.509988e-05
	278	120	42.500000	43.500000	1.019069e+05	-2.431539e-05
2022	2	16	6	0
	241	1	33.250000	73.250000	9.954332e+04	1.354560e-04
	269	14	40.250000	70.000000	9.959350e+04	1.166098e-04
	207	64	24.750000	57.500000	1.003631e+05	8.755648e-05
	3	65	-26.250000	57.250000	9.491759e+04	3.298835e-04
	213	107	26.250000	46.750000	1.011373e+05	4.597906e-05
	281	121	43.250000	43.250000	1.018312e+05	-1.205011e-05
2022	2	16	7	6
	246	3	34.500000	72.750000	9.979383e+04	1.083190e-04
	247	3	34.750000	72.750000	9.979383e+04	9.991060e-05
	24	49	-21.000000	61.250000	9.366409e+04	4.401158e-04
	21	57	-21.750000	59.250000	9.366409e+04	5.606909e-04
	218	63	27.500000	57.750000	1.004632e+05	5.700008e-05
	280	121	43.000000	43.250000	1.016132e+05	-2.656157e-06
	203	134	23.750000	40.000000	1.010430e+05	1.052978e-04
2022	2	16	7	12
	238	5	32.500000	72.250000	1.000737e+05	1.458087e-04
	256	11	37.000000	70.750000	1.000737e+05	1.118653e-04
	28	43	-20.000000	62.750000	9.365801e+04	4.048573e-04
	40	51	-17.000000	60.750000	9.365801e+04	2.785687e-04
	57	54	-12.750000	60.000000	9.382030e+04	3.498910e-04
	223	62	28.750000	58.000000	1.006265e+05	6.848444e-05
	207	133	24.750000	40.250000	1.009007e+05	1.110515e-04
2022	2	16	3	18
	55	35	-13.250000	64.750000	9.353197e+04	7.990056e-05
	36	38	-18.000000	64.000000	9.353197e+04	2.180178e-04
	209	134	25.250000	40.000000	1.009062e+05	1.460473e-04
2022	2	17	2	0
	52	30	-14.000000	66.000000	9.335850e+04	8.495212e-05
	223	123	28.750000	42.750000	1.009899e+05	7.180900e-05
2022	2	17	3	6
	54	29	-13.500000	66.250000	9.328793e+04	2.023687e-04
	137	117	7.250000	44.250000	1.020701e+05	3.899033e-05
	224	124	29.000000	42.500000	1.010007e+05	1.040974e-04
2022	2	17	7	12
	58	21	-12.500000	68.250000	9.334477e+04	9.476592e-05
	15	108	-23.250000	46.500000	9.959605e+04	2.987749e-04
	137	117	7.250000	44.250000	1.021023e+05	6.670154e-05
	279	128	42.750000	41.500000	1.010093e+05	-6.386922e-06
	236	138	32.000000	39.000000	1.009436e+05	1.382131e-05
	228	143	30.000000	37.750000	1.009436e+05	1.731246e-05
	85	162	-5.750000	33.000000	1.025018e+05	1.445841e-04
2022	2	17	4	18
	12	16	-24.000000	69.500000	9.364919e+04	-3.147458e-04
	57	22	-12.750000	68.000000	9.338613e+04	9.771979e-05
	47	94	-15.250000	50.000000	9.863813e+04	3.146624e-04
	229	150	30.250000	36.000000	1.009699e+05	6.981214e-05
2022	2	18	2	0
	57	23	-12.750000	67.750000	9.366605e+04	1.963836e-04
	81	82	-6.750000	53.000000	9.752771e+04	4.723973e-04
2022	2	18	3	6
	65	25	-10.750000	67.250000	9.404161e+04	1.682443e-04
	113	72	1.250000	55.500000	9.620030e+04	4.945113e-04
	138	117	7.500000	44.250000	1.017099e+05	9.197012e-05
2022	2	18	3	12
	75	22	-8.250000	68.000000	9.468179e+04	1.927969e-04
	144	67	9.000000	56.750000	9.613327e+04	4.485046e-04
	138	117	7.500000	44.250000	1.016030e+05	9.188879e-05
2022	2	18	3	18
	84	22	-6.000000	68.000000	9.532589e+04	1.765767e-04
	163	64	13.750000	57.500000	9.637848e+04	4.708877e-04
	271	162	40.750000	33.000000	1.002956e+05	1.024664e-04
2022	2	19	7	0
	99	21	-2.250000	68.250000	9.588374e+04	2.077960e-04
	0	48	-27.000000	61.500000	9.797815e+04	4.714104e-07
	185	64	19.250000	57.500000	9.684264e+04	4.047829e-04
	150	110	10.500000	46.000000	1.016348e+05	6.779515e-05
	15	113	-23.250000	45.250000	1.010085e+05	1.444027e-04
	270	157	40.500000	34.250000	1.001178e+05	1.267760e-04
	281	160	43.250000	33.500000	1.001178e+05	1.252687e-04
2022	2	19	5	6
	115	19	1.750000	68.750000	9.630988e+04	2.446026e-04
	6	47	-25.500000	61.750000	9.659077e+04	3.460389e-04
	198	63	22.500000	57.750000	9.722762e+04	3.693544e-04
	274	146	41.500000	37.000000	1.003033e+05	-1.391398e-05
	280	153	43.000000	35.250000	1.003033e+05	1.753105e-04
2022	2	19	9	12
	137	15	7.250000	69.750000	9.691673e+04	1.493298e-04
	36	35	-18.000000	64.750000	9.555797e+04	1.530473e-04
	37	35	-17.750000	64.750000	9.555797e+04	1.512333e-04
	15	38	-23.250000	64.000000	9.555797e+04	6.230703e-04
	206	64	24.500000	57.500000	9.780723e+04	3.421308e-04
	284	140	44.000000	38.500000	1.002327e+05	-4.538173e-05
	270	142	40.500000	38.000000	1.002327e+05	1.253677e-05
	198	143	22.500000	37.750000	1.013147e+05	2.428964e-05
	280	149	43.000000	36.250000	1.002327e+05	1.207847e-04
2022	2	19	6	18
	148	7	10.000000	71.750000	9.735384e+04	1.289604e-04
	15	33	-23.250000	65.250000	9.585395e+04	3.555962e-04
	32	40	-19.000000	63.500000	9.585395e+04	9.755012e-05
	216	68	27.000000	56.500000	9.833451e+04	2.589486e-04
	284	141	44.000000	38.250000	1.007792e+05	-3.404305e-05
	272	143	41.000000	37.750000	1.007792e+05	3.807014e-05
2022	2	20	5	0
	177	5	17.250000	72.250000	9.773509e+04	1.162090e-04
	179	6	17.750000	72.000000	9.773509e+04	1.315967e-04
	40	24	-17.000000	67.500000	9.609270e+04	1.307821e-04
	17	28	-22.750000	66.500000	9.609270e+04	2.800604e-04
	224	73	29.000000	55.250000	9.881376e+04	2.197012e-04
