2022	2	16	7	0
	288	11	45.000000	70.750000	9.875806e+04	1.022420e-04
	53	38	-13.750000	64.000000	9.769249e+04	2.724449e-04
	184	43	19.000000	62.750000	9.895375e+04	1.565147e-04
	120	53	3.000000	60.250000	9.800059e+04	1.788906e-04
	65	67	-10.750000	56.750000	9.726173e+04	3.070325e-04
	171	120	15.750000	43.500000	1.014246e+05	3.066140e-05
	280	121	43.000000	43.250000	1.021449e+05	3.701019e-05
2022	2	16	3	3
	124	52	4.000000	60.500000	9.796524e+04	1.766087e-04
	73	66	-8.750000	57.000000	9.722158e+04	2.546123e-04
	280	121	43.000000	43.250000	1.021215e+05	3.401698e-05
2022	2	16	2	6
	83	65	-6.250000	57.250000	9.742842e+04	2.602443e-04
	99	68	-2.250000	56.500000	9.742842e+04	2.013754e-04
2022	2	16	5	9
	59	55	-12.250000	59.750000	9.759372e+04	7.070814e-05
	49	62	-14.750000	58.000000	9.756131e+04	6.187048e-05
	94	65	-3.500000	57.250000	9.760255e+04	1.862969e-04
	47	71	-15.250000	55.750000	9.756131e+04	1.998465e-04
	182	134	18.500000	40.000000	1.014665e+05	1.557543e-04
2022	2	16	4	12
	108	64	0.000000	57.500000	9.748455e+04	2.170581e-04
	63	68	-11.250000	56.500000	9.696805e+04	2.690208e-04
	184	128	19.000000	41.500000	1.012223e+05	1.061154e-04
	184	139	19.000000	38.750000	1.012223e+05	1.535653e-04
2022	2	16	3	15
	76	67	-8.000000	56.750000	9.659823e+04	3.498168e-04
	183	127	18.750000	41.750000	1.010328e+05	1.146858e-04
	186	138	19.500000	39.000000	1.010328e+05	1.749670e-04
2022	2	16	4	18
	120	63	3.000000	57.750000	9.700898e+04	1.506059e-04
	92	66	-4.000000	57.000000	9.688866e+04	2.980657e-04
	279	120	42.750000	43.500000	1.021861e+05	-8.007606e-06
	187	137	19.750000	39.250000	1.010686e+05	1.364910e-04
2022	2	16	5	21
	123	63	3.750000	57.750000	9.676492e+04	2.025556e-04
	110	67	0.500000	56.750000	9.676492e+04	2.294905e-04
	137	117	7.250000	44.250000	1.011406e+05	5.415957e-05
	281	121	43.250000	43.250000	1.020788e+05	-4.638845e-05
	186	136	19.500000	39.500000	1.011249e+05	9.599563e-05
2022	2	17	4	0
	288	10	45.000000	71.000000	9.902152e+04	7.754075e-05
	126	65	4.500000	57.250000	9.672368e+04	2.043296e-04
	145	65	9.250000	57.250000	9.672368e+04	1.773389e-04
	185	136	19.250000	39.500000	1.011457e+05	9.981006e-05
2022	2	17	3	3
	288	10	45.000000	71.000000	9.904539e+04	1.074078e-04
	171	70	15.750000	56.000000	9.651094e+04	1.621643e-04
	138	117	7.500000	44.250000	1.008509e+05	7.425380e-05
2022	2	17	5	6
	130	40	5.500000	63.500000	9.741307e+04	9.921153e-05
	198	57	22.500000	59.250000	9.626951e+04	1.716826e-04
	188	67	20.000000	56.750000	9.626951e+04	1.872203e-04
	0	109	-27.000000	46.250000	9.995948e+04	1.578806e-04
	279	121	42.750000	43.250000	1.016637e+05	-2.820662e-05
2022	2	17	5	9
	129	39	5.250000	63.750000	9.756752e+04	9.104759e-05
	200	56	23.000000	59.500000	9.623865e+04	1.656302e-04
	194	65	21.500000	57.250000	9.623865e+04	1.857830e-04
	3	105	-26.250000	47.250000	9.927116e+04	2.475389e-04
	278	120	42.500000	43.500000	1.015732e+05	-3.481224e-05
2022	2	17	2	12
	204	61	24.000000	58.250000	9.623709e+04	1.421937e-04
	11	100	-24.250000	48.500000	9.864038e+04	4.324427e-04
2022	2	17	3	15
	209	59	25.250000	58.750000	9.631168e+04	9.459379e-05
	0	91	-27.000000	50.750000	1.000896e+05	5.203738e-05
	18	96	-22.500000	49.500000	9.804727e+04	5.209436e-04
2022	2	17	4	18
	288	29	45.000000	66.250000	9.886289e+04	1.115232e-04
	21	50	-21.750000	61.000000	9.930093e+04	1.126648e-04
	216	54	27.000000	60.000000	9.641914e+04	1.493682e-04
	27	91	-20.250000	50.750000	9.741462e+04	5.737711e-04
2022	2	17	5	21
	288	26	45.000000	67.000000	9.877031e+04	1.138631e-04
	18	47	-22.500000	61.750000	9.909780e+04	1.201370e-04
	220	51	28.000000	60.750000	9.647977e+04	1.699652e-04
	35	55	-18.250000	59.750000	9.909780e+04	1.895582e-04
	36	86	-18.000000	52.000000	9.697937e+04	6.144278e-04
2022	2	18	5	0
	150	23	10.500000	67.750000	9.837895e+04	6.046380e-05
	13	45	-23.750000	62.250000	9.881668e+04	1.705861e-04
	222	45	28.500000	62.250000	9.652737e+04	1.351631e-04
	34	52	-18.500000	60.500000	9.879404e+04	1.559919e-04
	49	81	-14.750000	53.250000	9.659033e+04	4.860535e-04
2022	2	18	5	3
	140	21	8.000000	68.250000	9.840050e+04	6.722241e-05
	5	42	-25.750000	63.000000	9.859013e+04	1.785146e-04
	223	44	28.750000	62.500000	9.656040e+04	1.172965e-04
	31	50	-19.250000	61.000000	9.841291e+04	2.215260e-04
	60	77	-12.000000	54.250000	9.626268e+04	3.308771e-04
2022	2	18	5	6
	135	21	6.750000	68.250000	9.835569e+04	7.910433e-05
	228	43	30.000000	62.750000	9.663266e+04	1.262062e-04
	31	48	-19.250000	61.500000	9.810620e+04	2.995886e-04
	70	73	-9.500000	55.250000	9.603924e+04	3.085390e-04
	134	119	6.500000	43.750000	1.014927e+05	1.233985e-04
2022	2	18	6	9
	137	21	7.250000	68.250000	9.829893e+04	1.061202e-04
	231	41	30.750000	63.250000	9.675670e+04	1.265328e-04
	31	47	-19.250000	61.750000	9.800292e+04	3.167141e-04
	82	71	-6.500000	55.750000	9.618469e+04	2.092118e-04
	141	107	8.250000	46.750000	1.014583e+05	-7.188573e-05
	287	143	44.750000	37.750000	1.012513e+05	1.040857e-05
2022	2	18	6	12
	126	23	4.500000	67.750000	9.821815e+04	9.786530e-05
	236	39	32.000000	63.750000	9.691967e+04	1.027312e-04
	32	46	-19.000000	62.000000	9.807518e+04	2.929919e-04
	101	66	-1.750000	57.000000	9.638781e+04	2.273097e-04
	102	66	-1.500000	57.000000	9.638781e+04	2.254848e-04
	231	134	30.750000	40.000000	1.004769e+05	4.716825e-05
2022	2	18	4	15
	244	33	34.000000	65.250000	9.701162e+04	8.760589e-05
	34	45	-18.500000	62.250000	9.814698e+04	3.033419e-04
	114	63	1.500000	57.750000	9.622702e+04	2.534377e-04
	232	136	31.000000	39.500000	1.006042e+05	3.595898e-05
2022	2	18	5	18
	6	7	-25.500000	71.750000	1.003284e+05	-3.100676e-05
	247	29	34.750000	66.250000	9.700604e+04	1.010192e-04
	35	43	-18.250000	62.750000	9.812883e+04	2.884285e-04
	125	61	4.250000	58.250000	9.619166e+04	2.931909e-04
	217	146	27.250000	37.000000	1.006924e+05	1.969054e-04
2022	2	18	7	21
	6	7	-25.500000	71.750000	1.003183e+05	-1.353696e-05
	248	27	35.000000	66.750000	9.702202e+04	1.399672e-04
	33	42	-18.750000	63.000000	9.813364e+04	2.643563e-04
	132	60	6.000000	58.500000	9.635153e+04	2.359968e-04
	107	130	-0.250000	41.000000	1.014594e+05	8.468021e-05
	108	130	0.000000	41.000000	1.014594e+05	9.006987e-05
	217	149	27.250000	36.250000	1.007573e+05	1.361980e-04
2022	2	19	5	0
	6	7	-25.500000	71.750000	1.003259e+05	-1.228997e-05
	251	25	35.750000	67.250000	9.704527e+04	1.533920e-04
	29	42	-19.750000	63.000000	9.826156e+04	2.034178e-04
	2	54	-26.500000	60.000000	9.809751e+04	1.175165e-04
	149	60	10.250000	58.500000	9.660645e+04	2.277989e-04
2022	2	19	8	3
	6	7	-25.500000	71.750000	1.002462e+05	-1.882382e-05
	251	24	35.750000	67.500000	9.705241e+04	1.392998e-04
	26	41	-20.500000	63.250000	9.816822e+04	1.588607e-04
	6	42	-25.500000	63.000000	9.800990e+04	3.605508e-06
	7	52	-25.250000	60.500000	9.800990e+04	1.389799e-04
	158	61	12.500000	58.250000	9.685393e+04	2.166566e-04
	135	114	6.750000	45.000000	1.015719e+05	4.213377e-06
	116	142	2.000000	38.000000	1.013556e+05	-2.144689e-05
2022	2	19	6	6
	6	7	-25.500000	71.750000	1.001314e+05	-1.845964e-05
	251	23	35.750000	67.750000	9.712234e+04	9.320926e-05
	126	25	4.500000	67.250000	9.803595e+04	9.986066e-05
	10	49	-24.500000	61.250000	9.794570e+04	1.485382e-04
	184	57	19.000000	59.250000	9.710559e+04	1.608505e-04
	136	117	7.000000	44.250000	1.016096e+05	6.472196e-05
2022	2	19	8	9
	6	7	-25.500000	71.750000	1.001441e+05	-1.544741e-05
	259	19	37.750000	68.750000	9.722917e+04	9.307639e-05
	147	24	9.750000	67.500000	9.818466e+04	5.442418e-05
	127	28	4.750000	66.500000	9.818466e+04	5.541281e-05
	11	47	-24.250000	61.750000	9.787329e+04	1.599501e-04
	56	54	-13.000000	60.000000	9.840205e+04	1.806856e-04
	193	56	21.250000	59.500000	9.728438e+04	1.468660e-04
	267	162	39.750000	33.000000	1.006619e+05	7.077544e-05
2022	2	19	10	12
	6	7	-25.500000	71.750000	1.001164e+05	-1.455053e-05
	259	19	37.750000	68.750000	9.736718e+04	1.313278e-04
	149	24	10.250000	67.500000	9.833475e+04	5.939237e-05
	133	31	6.250000	65.750000	9.833475e+04	8.621324e-05
	9	44	-24.750000	62.500000	9.765853e+04	1.471942e-04
	63	53	-11.250000	60.250000	9.844500e+04	2.407154e-04
	208	53	25.000000	60.250000	9.753650e+04	1.360555e-04
	136	117	7.000000	44.250000	1.017876e+05	9.519028e-05
	123	138	3.750000	39.000000	1.015512e+05	2.218890e-05
	270	162	40.500000	33.000000	1.005037e+05	6.938010e-05
2022	2	19	11	15
	6	7	-25.500000	71.750000	9.993931e+04	-3.772550e-06
	257	20	37.250000	68.500000	9.747572e+04	1.501860e-04
	152	24	11.000000	67.500000	9.840546e+04	6.599366e-05
	138	31	7.500000	65.750000	9.840546e+04	7.320286e-05
	3	42	-26.250000	63.000000	9.660723e+04	1.097387e-04
	71	52	-9.250000	60.500000	9.850641e+04	2.579433e-04
	219	52	27.750000	60.500000	9.777064e+04	1.250741e-04
	0	54	-27.000000	60.000000	9.660567e+04	1.081173e-04
	125	138	4.250000	39.000000	1.015098e+05	6.683065e-05
	266	160	39.500000	33.500000	1.006566e+05	9.723940e-05
	279	161	42.750000	33.250000	1.006566e+05	1.200083e-04
2022	2	19	6	18
	6	7	-25.500000	71.750000	9.977495e+04	-3.239346e-06
	266	20	39.500000	68.500000	9.760954e+04	8.519522e-05
	156	25	12.000000	67.250000	9.849772e+04	9.478374e-05
	0	50	-27.000000	61.000000	9.564802e+04	1.380422e-04
	236	50	32.000000	61.000000	9.796757e+04	9.474496e-05
	274	156	41.500000	34.500000	1.009078e+05	1.476887e-04
2022	2	19	5	21
	266	20	39.500000	68.500000	9.772893e+04	8.571899e-05
	158	25	12.500000	67.250000	9.854145e+04	1.124640e-04
	0	47	-27.000000	61.750000	9.497382e+04	1.155367e-04
	129	138	5.250000	39.000000	1.018473e+05	7.736441e-05
	270	160	40.500000	33.500000	1.010021e+05	4.635250e-05
2022	2	20	8	0
	6	7	-25.500000	71.750000	9.951926e+04	-2.531899e-05
	269	21	40.250000	68.250000	9.787004e+04	8.280690e-05
	158	25	12.500000	67.250000	9.867170e+04	1.405707e-04
	27	39	-20.250000	63.750000	9.473456e+04	4.643177e-05
	0	44	-27.000000	62.500000	9.470231e+04	1.518881e-04
	129	139	5.250000	38.750000	1.018797e+05	7.997266e-05
	263	156	38.750000	34.500000	1.010137e+05	2.216562e-05
	274	157	41.500000	34.250000	1.010137e+05	8.066518e-05
